96#1#2
key,lat,lon,ts,bike,childCheckBox,trailerCheckBox,pLoc,incident,i1,i2,i3,i4,i5,i6,i7,i8,i9,scary,desc,i10
,,,,1,0,0,0,-5,0,0,0,0,0,0,0,0,0,0,,0

=========================
96#1
lat,lon,X,Y,Z,timeStamp,acc,a,b,c,obsDistanceLeft1,obsDistanceLeft2,obsDistanceRight1,obsDistanceRight2,obsClosePassEvent,XL,YL,ZL,RX,RY,RZ,RC
52.47730586,13.42232236,-1.4959925,1.889931,-9.283753,1690118459000,5.4756503,-1.5238786,0.30573782,-0.35376707,,,,,,-0.24810226,-0.2564365,0.21295612,0.7497968,-0.41597977,-0.09448909,0.06395697
,,-1.2614163,2.4457839,-9.149438,1690118459670,,-1.5550326,-0.5054906,-0.5577959,,,,,,-0.27540013,-0.37156406,0.1202998,0.8709593,-0.45541197,-0.10814426,0.101931065
,,-1.1270195,3.4955945,-8.466525,1690118459921,,-0.17142393,-0.21716243,-0.16439898,,,,,,-0.22478157,-0.365243,0.08641332,0.8715631,-0.41021106,-0.12290153,0.16633812
,,-1.0089735,4.593501,-7.701938,1690118460171,,0.08513928,0.04856375,-0.18455753,,,,,,-0.109463245,-0.26514217,0.033842064,0.8663599,-0.36727044,-0.13981386,0.23243716
,,-0.9255438,5.781936,-6.845706,1690118460422,,0.1107956,-0.6478221,-0.18577924,,,,,,0.07188926,-0.10191056,0.06714309,0.85660774,-0.33038887,-0.16267385,0.29683682
,,-0.8877372,6.831827,-5.8400817,1690118460672,,0.14011711,-0.13286309,0.019471316,,,,,,0.27173945,-0.11703623,0.14263338,0.8415826,-0.30158737,-0.19363926,0.36017305
,,-0.9370294,8.202276,-5.0469418,1690118460924,,0.2616792,-0.46883872,0.07261655,,,,,,0.40801638,0.10299576,0.042601325,0.82263124,-0.28152636,-0.22949195,0.422703
,,-1.0593824,8.924351,-4.368736,1690118461176,,0.303218,-0.23365578,-0.099036455,,,,,,0.59530705,0.27440152,0.09992186,0.80534375,-0.27755985,-0.25936562,0.45252562
,,-1.1270195,9.074062,-4.3071604,1690118461426,,0.565279,0.30146176,0.41592255,,,,,,0.66094935,0.49311402,0.108800285,0.79846257,-0.29107183,-0.27533343,0.44650498
,,-1.034816,8.957533,-4.5127835,1690118461678,,2.2983024,-0.38637197,0.22716534,,,,,,0.8061421,0.6004246,0.2932984,0.79865825,-0.31549004,-0.2793423,0.42293283
,,-0.980499,8.090692,-5.263971,1690118461929,,1.3490185,-0.5855139,0.30535603,,,,,,0.8633128,0.5664925,0.2661992,0.8038035,-0.3549864,-0.26578742,0.3663214
52.47731036,13.42244407,-1.032822,5.663013,-6.844989,1690118462000,5.5877104,-2.5641813,0.5195405,0.53870636,,,,,,0.8150224,0.43369567,0.40992656,0.5351347,-0.2644576,-0.17791758,0.22801325
,,-1.0762917,6.894998,-6.180821,1690118462183,,-0.5813142,0.07971785,0.41897687,,,,,,0.85123664,0.6881111,0.30690295,0.5887491,-0.25406167,-0.20783798,0.293261
,,-0.8798409,5.4952774,-7.2293563,1690118462687,,-1.6625448,-0.7626647,0.51854783,,,,,,0.9888228,0.543158,0.3254359,0.5234835,-0.30502737,-0.18059012,0.19837786
,,-0.80949193,5.6599827,-7.0809207,1690118462937,,0.7754165,-0.32223117,0.018249584,,,,,,1.0135341,0.55477345,0.32947809,0.49566543,-0.339212,-0.20267731,0.18745703
,,-0.98456687,5.616194,-6.6679196,1690118463189,,-0.41332638,1.5219696,0.53931725,,,,,,0.7886666,0.25109175,0.29375377,0.4589346,-0.37150183,-0.23418798,0.18336007
,,-0.97076815,6.61735,-5.856832,1690118463438,,-0.21601705,1.3661991,0.56497353,,,,,,0.7588779,0.40156487,0.31883448,0.412411,-0.3926711,-0.28147078,0.21201696
,,-0.81156564,7.9330044,-4.870829,1690118463691,,-0.28199047,0.205556,0.24365869,,,,,,0.70775855,0.33013582,0.31474227,0.58034104,-0.5578745,-0.37247416,0.25376052
,,-0.86380905,8.973484,-4.0378885,1690118463942,,-0.52450377,-0.47922343,0.0066431547,,,,,,0.5378733,0.26221183,0.28812647,0.58072704,-0.6124908,-0.4371842,0.28689522
,,-1.048535,9.266286,-3.4032323,1690118464194,,0.03199404,-0.37965247,0.040240716,,,,,,0.18511567,0.18213525,0.30895633,0.53256017,-0.631033,-0.47567335,0.28894892
,,-1.1897112,9.133564,-3.2312677,1690118464445,,0.08147409,0.5201514,0.06467531,,,,,,-0.0934379,-5.3804717E-4,0.20878233,0.498787,-0.6505669,-0.49295387,0.28006983
,,-1.151825,9.392306,-3.2315066,1690118464697,,0.023441937,0.4981602,0.0035888306,,,,,,-0.17241177,0.15818296,0.0045271716,0.4748599,-0.6612838,-0.5048692,0.2800322
,,-1.268834,9.322757,-3.0981462,1690118464949,,0.11140647,0.25442517,0.09277509,,,,,,-0.43732774,-0.04568229,-0.09634879,0.4587035,-0.66636884,-0.5125943,0.28416416
52.47729948,13.42255256,-1.3333603,9.449258,-3.19075,1690118465000,4.9610734,-0.12988512,-0.2037234,-0.030008731,,,,,,-0.66684645,0.05395479,0.039601095,0.46266502,-0.65192384,-0.51120645,0.31002662
,,-1.4042678,9.205987,-3.0894535,1690118465200,,-0.22762349,0.6038398,-0.22853978,,,,,,-0.7127168,-0.17708182,0.25871012,0.4536366,-0.6644546,-0.5140613,0.2941837
,,-1.4159927,9.340702,-3.267878,1690118465702,,0.41867146,0.4187478,-0.0721584,,,,,,-0.6852821,-0.042246643,0.03458058,0.48463866,-0.6361563,-0.5012018,0.32298863
,,-1.3643078,9.277373,-3.2863023,1690118465952,,-0.033368487,-0.4395172,0.042684175,,,,,,-0.4387338,-0.116911955,0.15693106,0.5099162,-0.6198065,-0.49165404,0.33126804
,,-1.3544174,9.261739,-3.2792833,1690118466203,,0.11323906,-0.399811,0.24426955,,,,,,-0.2292547,-0.078224674,0.23279668,0.5267398,-0.6091753,-0.488292,0.3312152
,,-1.3509079,9.28144,-3.343012,1690118466454,,-9.926553E-4,-0.16279547,0.17340924,,,,,,-0.063400485,0.0075332164,0.27180317,0.5353177,-0.6067293,-0.4873679,0.32405224
,,-1.3383057,9.429077,-3.3113468,1690118466706,,-0.17508912,-0.14508039,0.010308343,,,,,,0.1168753,0.15578888,-0.09925214,0.5359119,-0.6091314,-0.48995537,0.3138468
,,-1.4182258,9.342936,-3.2346976,1690118466963,,-0.16348268,-0.28802276,0.026801692,,,,,,0.166236,0.11638835,0.017494861,0.5269564,-0.6192408,-0.4947159,0.30037698
,,-1.3556138,9.295078,-3.1743987,1690118467215,,0.12179117,0.16768238,0.2540434,,,,,,0.18022388,0.07443034,0.027564669,0.5091913,-0.63271415,-0.5033963,0.28879339
,,-1.320519,9.323474,-3.1730423,1690118467467,,-0.092011504,0.08704823,-0.015347977,,,,,,0.04113625,0.08507161,-0.0496758,0.4891918,-0.6470434,-0.50957644,0.28339705
,,-1.3115062,9.448458,-3.2142787,1690118467716,,-0.027259842,0.23793183,-0.18761185,,,,,,-0.18257253,0.12834366,-0.12867007,0.47513035,-0.6562569,-0.5110244,0.2855577
,,-1.371885,9.23175,-3.0849864,1690118467967,,0.055206906,0.59589857,0.013362667,,,,,,-0.38121024,-0.11993866,-0.13213348,0.47067362,-0.65470135,-0.5115528,0.29516935
52.47726878,13.42260751,-1.2835897,9.349555,-3.0578678,1690118468000,4.5422916,-0.20807582,-0.3839285,-0.2609156,,,,,,-0.47604758,-0.11004197,-0.28986746,0.4882163,-0.6317522,-0.50172657,0.32697356
,,-1.335833,9.391588,-3.0895333,1690118468219,,0.04848739,0.059559315,-0.20838125,,,,,,-0.48264435,-0.016932106,-0.24764906,0.47536343,-0.64571255,-0.50880563,0.30997652
,,-1.2780863,9.517213,-3.1990442,1690118468720,,-0.23861906,-0.2244928,-0.39225155,,,,,,-0.43781096,0.08875411,-0.42820466,0.51081586,-0.6128551,-0.48911765,0.3442405
,,-1.4423937,9.458589,-3.057549,1690118468970,,0.2861138,0.059559315,-0.0019089525,,,,,,-0.42532668,0.030646801,-0.26790187,0.5356081,-0.5905076,-0.4808831,0.35704702
,,-1.437608,9.455159,-2.8610983,1690118469220,,-0.00160352,-0.2611447,0.26381722,,,,,,-0.21599565,0.05801522,-0.1376957,0.55665696,-0.5713955,-0.47589013,0.36504498
,,-1.4656835,9.572488,-2.7148967,1690118469472,,0.07231112,0.23121232,-0.15340342,,,,,,-0.08725359,0.21119319,0.06578735,0.57092535,-0.56018996,-0.4730006,0.3667261
,,-1.6225728,9.436095,-2.5415764,1690118469724,,0.04176788,-0.35766134,-0.21571162,,,,,,0.0172422,0.10365876,0.22262825,0.5821025,-0.55191237,-0.4733281,0.36249435
,,-1.7750756,9.544332,-2.429433,1690118469974,,0.15966478,-0.65881765,0.1758527,,,,,,0.040737193,0.26097128,0.30288973,0.58600086,-0.54843867,-0.47956026,0.353196
,,-1.7233107,9.547603,-2.2368104,1690118470227,,-0.15431972,-0.594066,0.37071857,,,,,,0.22322033,0.1947627,0.4765928,0.5770339,-0.5570497,-0.48926565,0.33983248
,,-1.6524036,9.684073,-2.1568902,1690118470478,,0.08513928,0.07971785,0.1844048,,,,,,0.17607257,0.31214008,0.5731706,0.55614,-0.57592803,-0.49975148,0.32444206
,,-1.7253848,9.589796,-2.179223,1690118470730,,-0.09812015,0.55985755,0.031077746,,,,,,0.04029562,0.19928278,0.58121675,0.5341827,-0.5956086,-0.50820416,0.31062877
,,-1.645624,9.456037,-2.2338593,1690118470981,,0.17127122,0.20861033,-0.19799654,,,,,,0.051326636,0.054471746,0.44701716,0.51669025,-0.6088575,-0.51592433,0.3017675
52.47722823,13.42267727,-1.3986846,9.654082,-2.089971,1690118471000,4.2325635,-0.36934412,-0.51465356,0.047571093,,,,,,0.09074295,0.25092357,0.2751781,0.47428226,-0.62654364,-0.5448049,0.2868648
,,-1.4045072,9.674102,-2.3140986,1690118471232,,-1.4530182,-0.78954273,0.37438375,,,,,,0.18045327,0.26336578,0.38054425,0.4998249,-0.6195523,-0.52583444,0.29380026
,,-1.4644871,9.362716,-1.8252453,1690118471735,,0.72043866,-0.48411033,-0.7777072,,,,,,0.003518335,-0.10401419,0.11586926,0.44894344,-0.6255947,-0.5687977,0.28087693
,,-1.8608981,9.285029,-1.7787448,1690118471987,,1.8926882,-0.05894845,-0.06421716,,,,,,-0.20250897,-0.07100387,0.040277433,0.44909996,-0.62318677,-0.57521176,0.27173725
,,-2.0692334,8.993184,-2.4592633,1690118472239,,1.4473678,-0.0772744,-0.28107417,,,,,,-0.20064898,0.02310869,-0.106081136,0.46143192,-0.6325687,-0.558437,0.24785565
,,-2.477369,8.310034,-3.5654652,1690118472489,,-0.15187626,-0.023518294,-0.44234246,,,,,,-0.26885802,0.077934526,-0.2141641,0.48237032,-0.6503538,-0.51888096,0.20223038
,,-2.980181,7.1874814,-4.467081,1690118472740,,-1.4462987,-0.20127994,0.20822853,,,,,,-0.40041178,-0.26845074,-0.2510204,0.5055163,-0.66642404,-0.48021108,0.15739065
,,-3.1822145,6.594619,-5.1625943,1690118472990,,-1.4896702,0.13530655,0.14592032,,,,,,-0.31544247,-0.55063665,-0.14395662,0.5358585,-0.6750571,-0.44912517,0.13431147
,,-3.2600605,6.637849,-5.4557953,1690118473240,,-1.0620648,-0.5366447,0.3804924,,,,,,-0.27953142,-0.36003867,-0.0134124,0.56343293,-0.6731428,-0.4290325,0.13438018
,,-2.9140592,7.0674405,-5.2843885,1690118473492,,-0.39866564,0.4865538,0.27175847,,,,,,0.01117874,-0.08459495,-0.17325966,0.5646957,-0.65921193,-0.4340765,0.15185118
,,-2.74066,7.4120874,-4.350709,1690118473742,,0.22441645,-0.3008509,-0.2596939,,,,,,0.10346201,-0.17853709,-0.23768012,0.5559393,-0.62877905,-0.4627444,0.18867712
,,-2.4520051,8.140143,-3.1988053,1690118473993,,1.161483,-0.057115857,-0.32322383,,,,,,0.31652412,-0.20920478,-0.24587008,0.5435597,-0.59687656,-0.50981605,0.23411427
52.47718384,13.42272203,-2.5743587,8.6376095,-3.2446675,1690118474000,4.218301,-0.58681196,0.10293072,-0.1589012,,,,,,0.037950166,0.1487536,-0.30465898,0.5450295,-0.5907961,-0.5124981,0.25078845
,,-2.353261,8.8003235,-2.8389246,1690118474244,,1.8163301,-0.53420126,0.23021966,,,,,,0.29276624,-0.0650355,-0.31002384,0.54089063,-0.58164376,-0.5316185,0.26393074
,,-2.73053,8.037172,-3.802514,1690118474748,,-2.2734096,0.70951945,-0.029397868,,,,,,-0.1437914,-0.036801856,-0.13697453,0.5578143,-0.607323,-0.48127016,0.2284274
,,-2.8078978,7.3049693,-4.250929,1690118475002,,-1.6411645,-0.22204934,0.5295434,,,,,,-0.2501189,-0.709325,-0.08305219,0.5758894,-0.6111622,-0.45866153,0.22802912
,,-2.8937995,7.764231,-4.262813,1690118475252,,-0.66805696,0.7993166,0.05978839,,,,,,-0.4842412,-0.26837164,0.06941304,0.5851392,-0.6064484,-0.44618005,0.23974125
,,-2.8435504,7.965467,-4.139424,1690118475507,,1.0503056,-0.059559315,-0.3501019,,,,,,-0.74345607,-0.03894701,0.07498633,0.59265363,-0.5869545,-0.4319721,0.2736581
,,-2.6811576,8.129695,-3.5222352,1690118475760,,1.5200607,1.3820815,-0.07704532,,,,,,-0.73009044,-0.1313938,0.14859895,0.6011206,-0.5540263,-0.43109137,0.3134528
,,-2.3696125,8.511669,-3.3599217,1690118476012,,1.938503,-0.035124727,0.038408123,,,,,,-0.49376997,-0.0912735,0.01655992,0.625609,-0.51155365,-0.4321915,0.3513881
,,-2.328376,8.308358,-3.6256845,1690118476262,,-1.4298054,0.4486802,-0.48571387,,,,,,-0.4463928,-0.028499221,-0.036270816,0.65759385,-0.47914758,-0.41844493,0.35344478
,,-2.289692,7.975596,-3.9454455,1690118476513,,-1.8122067,0.7980948,0.20761767,,,,,,-0.30634487,-4.1255952E-4,0.09043233,0.6927788,-0.45108223,-0.3920316,0.3496462
,,-2.4694726,7.9566927,-4.1867213,1690118476765,,-1.2502111,0.1310305,-0.34765843,,,,,,-0.20042379,0.03689982,-0.023361038,0.721411,-0.42437622,-0.3675329,0.3590774
52.47716193,13.42284738,-2.1938195,7.1137023,-4.4169908,1690118477000,4.1443524,-1.0620648,1.493259,-0.65553427,,,,,,-0.029459676,-0.18831976,0.42720172,0.77615553,-0.37224796,-0.30615383,0.3429557
,,-2.2790837,8.309476,-4.0593433,1690118477016,,2.0191371,0.97158045,-0.37820166,,,,,,0.08923197,0.20129672,-0.0029019653,0.7346879,-0.4058715,-0.3510679,0.37120983
,,-2.304049,8.0703535,-4.33396,1690118477268,,5.6324024,-1.2898409,-0.851011,,,,,,-0.018647773,0.10161083,0.10110774,0.75421154,-0.38895065,-0.3293756,0.3713483
,,-1.7241882,7.2263246,-4.647738,1690118477772,,-2.0712135,0.041233372,-0.5736784,,,,,,0.1844402,-0.022218164,0.26959285,0.7940197,-0.33964002,-0.27882105,0.35216585
,,-1.4913666,7.794699,-4.6909695,1690118478021,,0.5952114,-0.1065959,0.31512988,,,,,,0.1362236,0.44313243,0.20966196,0.80275524,-0.31439748,-0.2570692,0.37007627
,,-0.9312866,7.101738,-5.535636,1690118478272,,1.9727114,-0.12125666,0.109268434,,,,,,0.37135977,0.12483137,0.17459615,0.82987815,-0.3014873,-0.22217754,0.35144472
,,-1.0018749,5.7726054,-6.915258,1690118478525,,1.9995894,-0.14446951,-0.41241008,,,,,,0.28630918,-0.074342966,0.31064415,0.8770101,-0.29824296,-0.17790484,0.2830609
,,-0.7525427,4.566223,-7.5992866,1690118478775,,-2.3540437,0.7492257,0.4825068,,,,,,0.4787714,-0.056958508,0.5555801,0.9046278,-0.2990431,-0.13987142,0.21742263
,,-0.4426722,5.5932236,-7.544411,1690118479025,,-2.3222787,-0.97463477,-0.06971494,,,,,,0.4766075,0.40214399,0.38137582,0.9003971,-0.29534042,-0.12882149,0.24804974
,,-0.47776687,6.34465,-7.077491,1690118479276,,0.9024764,0.2196059,-0.06666062,,,,,,0.3010779,0.5796171,0.30849227,0.8824624,-0.29880744,-0.14346884,0.288369
,,-0.2799602,5.968099,-7.3933425,1690118479530,,2.168188,-0.7712168,0.08422298,,,,,,0.4306568,0.4924749,0.31445375,0.8870592,-0.30912027,-0.13553484,0.27230406
,,-0.4143571,4.944848,-7.6106105,1690118479779,,0.09430225,0.5861248,-0.06360629,,,,,,0.31795758,0.37884998,0.53251666,0.8970521,-0.32062343,-0.12336106,0.22384454
52.47718513,13.42295096,-0.14412768,6.0022354,-7.334082,1690118480000,4.673939,1.3441316,0.5213731,-0.19982915,,,,,,0.23278117,0.46897286,0.13223687,0.8800034,-0.31896457,-0.12896423,0.2831981
,,-0.31601208,4.541497,-7.5693755,1690118480032,,-2.4994297,0.65881765,0.17463097,,,,,,0.21543437,0.1404696,0.61233866,0.89792955,-0.32542345,-0.112175375,0.21453927
,,-0.16630118,5.8609796,-7.3978896,1690118480284,,-1.2575415,-0.28924447,0.18990259,,,,,,0.17651576,0.507803,0.28161284,0.8865341,-0.3230077,-0.11988355,0.2655237
,,-0.062213395,5.5113883,-7.6569533,1690118480785,,2.0509021,-0.6850849,0.42080948,,,,,,0.34354392,0.485057,0.33185166,0.894074,-0.32111737,-0.11518855,0.25096217
,,-0.3609972,4.539025,-7.8455076,1690118481037,,-0.96554816,0.41202828,0.30108,,,,,,0.18462317,0.32198417,0.44047034,0.89982086,-0.33290416,-0.10662351,0.20581974
,,-0.14867406,4.7591643,-7.7436533,1690118481288,,-2.4047456,-0.2678642,-0.061162837,,,,,,0.17869431,0.19184299,0.47157744,0.8936663,-0.34310424,-0.10260844,0.22118586
,,-0.13120644,6.051289,-7.372287,1690118481540,,0.37102398,0.38148504,-0.18028148,,,,,,0.074648924,0.59024537,0.2762949,0.8736288,-0.3500756,-0.12128357,0.27184066
,,-0.08749754,6.0701127,-7.344371,1690118481790,,1.6025274,0.85490525,0.16058108,,,,,,0.022566607,0.5251378,0.15823713,0.8665087,-0.3562683,-0.12486032,0.28139508
,,-0.07417749,5.2432327,-7.689017,1690118482041,,1.500513,-0.31917685,-0.35743225,,,,,,-0.05124627,0.33980262,0.30699384,0.87813157,-0.36208293,-0.107025236,0.24762367
,,-0.2167897,4.419943,-7.7793856,1690118482291,,-2.3601525,0.61055934,0.12698352,,,,,,-0.18208425,0.028567918,0.41482925,0.8840732,-0.36243486,-0.09772176,0.21954565
,,0.09467603,5.3742805,-7.6126857,1690118482542,,-1.6228386,-0.67592186,0.15752676,,,,,,-0.09730641,0.18392752,0.28516585,0.879342,-0.35180062,-0.10288249,0.26122865
,,0.060458656,6.302057,-7.321877,1690118482792,,1.1963023,0.43890634,-0.06788235,,,,,,-0.06734659,0.46240836,0.08521013,0.8688377,-0.34034958,-0.12046228,0.3009229
52.47721265,13.42306441,-0.039641097,4.666722,-7.7285776,1690118483000,7.183235,-2.7535493,-0.5995638,-0.2853502,,,,,,0.12113193,0.047108952,0.49947566,0.89543986,-0.3410716,-0.09501215,0.22673693
,,0.15545373,5.864968,-7.546723,1690118483043,,2.1443644,-0.54580766,0.19540037,,,,,,0.10235806,0.35391352,0.19266544,0.8806408,-0.33320674,-0.11063901,0.2838576
,,-0.029032905,4.7252665,-7.8210993,1690118483296,,-0.36384633,0.13286309,0.15569416,,,,,,0.136553,0.12602077,0.44456482,0.89618075,-0.33635062,-0.096162744,0.23158926
,,0.05583254,6.0380487,-7.35115,1690118483797,,0.05337431,-0.092546016,0.17157665,,,,,,0.108540654,0.4738003,0.27733722,0.87749785,-0.34365216,-0.11370306,0.28063405
,,0.03453642,6.2530046,-7.207422,1690118484047,,1.4076616,0.040622506,0.16852233,,,,,,0.08760418,0.42833957,0.16366443,0.8674803,-0.34833887,-0.1219044,0.29897153
,,0.17834505,5.6598234,-7.5192065,1690118484297,,1.694768,-0.58245957,-0.036728244,,,,,,0.117821425,0.36583078,0.3035773,0.87659436,-0.3567381,-0.10567824,0.27107924
,,-0.0023928403,4.768896,-7.8176703,1690118484548,,-1.4157555,0.928209,0.37194028,,,,,,0.065566696,0.1813495,0.26934335,0.8817756,-0.36687106,-0.09968284,0.22813828
,,0.25092733,5.1653867,-7.6832733,1690118484799,,-1.9429318,0.4743365,-0.2994001,,,,,,0.13125919,0.16485852,0.23603612,0.87486464,-0.37425995,-0.09781447,0.24824102
,,0.5130212,5.9721675,-7.416155,1690118485050,,0.199371,-0.3234529,-0.15095995,,,,,,0.20251237,0.39467946,0.12646917,0.8596305,-0.38097396,-0.10296747,0.28520527
,,0.8327821,5.703851,-7.578229,1690118485300,,1.1303289,-0.046731155,0.23449571,,,,,,0.29655713,0.23250577,0.059592646,0.85654485,-0.39493066,-0.092340566,0.2817852
,,1.0602598,5.0924845,-7.8661647,1690118485551,,1.4895175,-0.6013964,-0.24075708,,,,,,0.30842555,0.23563713,0.22036521,0.85969263,-0.41501993,-0.07208464,0.25346908
,,0.948834,4.425206,-7.9246297,1690118485802,,-1.7242422,0.80664694,-0.4539489,,,,,,0.15533066,0.022773456,0.31420118,0.85775954,-0.43048474,-0.060792156,0.23140834
52.47723034,13.4232144,1.4569097,5.642355,-8.056554,1690118486000,4.2644844,1.9440008,0.09071342,0.38476846,,,,,,-0.1004705,0.5613819,-0.19289301,0.83923215,-0.42767048,-0.062095184,0.30333874
,,1.4607385,5.0833125,-7.6189065,1690118486054,,-1.675373,-0.094378605,-0.08193224,,,,,,0.29022753,0.10799399,0.40686697,0.8491067,-0.43276197,-0.052800197,0.27206543
,,1.5620347,5.7225156,-7.7496347,1690118486304,,0.07903063,-0.90316355,0.13125958,,,,,,0.10442089,0.46612975,-0.017235946,0.8367766,-0.42711782,-0.06328241,0.30937448
,,1.265564,4.840042,-8.243912,1690118486806,,0.38079783,0.12980877,0.023136504,,,,,,-0.17294477,0.3986486,-0.04464998,0.8492232,-0.43214622,-0.048330702,0.2678439
,,1.1558927,4.448098,-8.227482,1690118487057,,-2.2123232,-1.5861104,0.009697478,,,,,,-0.22344302,0.259668,0.0011920134,0.8525053,-0.43343294,-0.043409765,0.2505177
,,1.1112267,5.2983475,-8.047621,1690118487306,,-1.9111668,0.37843072,-0.35071275,,,,,,-0.26441738,0.3899489,-0.24990982,0.84662175,-0.42559224,-0.060624782,0.2833338
,,1.0976675,5.8710303,-7.676335,1690118487556,,-0.03214676,-0.31612253,0.44585493,,,,,,-0.20601597,0.413707,-0.40082943,0.83696526,-0.41754293,-0.07947801,0.31003362
,,1.015195,5.9150567,-7.15741,1690118487809,,-0.39438957,-0.21288638,-0.042226028,,,,,,-0.13841994,0.14255029,-0.0078203995,0.83511525,-0.41864628,-0.08572854,0.31065792
,,1.0349755,6.1044097,-6.5856853,1690118488059,,-0.09445497,0.00641408,0.16852233,,,,,,0.019631185,0.023485566,0.20550169,0.82597536,-0.41684777,-0.09928367,0.32675868
,,1.0685548,7.08108,-5.968178,1690118488310,,-0.03886627,-0.09926552,-0.0074067353,,,,,,-0.019417293,0.1178518,0.20538773,0.8078525,-0.41134232,-0.12365125,0.3754926
,,1.0860225,8.187283,-5.475735,1690118488561,,0.46998408,0.1084285,0.1721875,,,,,,-0.083768986,0.238983,0.022519175,0.79031444,-0.40117273,-0.15021515,0.43147257
,,1.2910076,8.486625,-5.220342,1690118488811,,1.8499277,-0.04978548,0.21800236,,,,,,0.034709785,0.3157268,0.18656828,0.7820978,-0.40116116,-0.15414247,0.44983283
52.47726156,13.42339711,0.82400835,5.865048,-6.881518,1690118489000,4.427201,-1.8128176,-0.00641408,-0.4954877,,,,,,-0.20937277,-0.051327173,0.30800065,0.8201312,-0.43253338,-0.106377795,0.32051617
,,1.0982257,7.870074,-5.799963,1690118489061,,1.7680718,-0.46517354,-0.20715952,,,,,,-0.12793492,0.3069354,0.15284917,0.7897044,-0.41641986,-0.1436747,0.41679823
,,0.86029935,6.6739025,-6.3305306,1690118489313,,-1.0199151,0.67470014,-0.0184023,,,,,,-0.18243244,0.1309043,0.272078,0.8046594,-0.42748865,-0.12659416,0.35877323
,,0.88016,5.835855,-7.2360544,1690118489814,,-0.027259842,-0.03451386,0.08666644,,,,,,-0.11515338,0.056931637,0.1632522,0.828867,-0.428003,-0.0988491,0.31100422
,,0.9050452,5.6619763,-7.516573,1690118490065,,1.5347214,-0.3112356,-0.10270164,,,,,,-0.014272264,0.09558358,0.15165478,0.8389931,-0.4244275,-0.09073206,0.29785115
,,0.7957729,5.013602,-7.995856,1690118490315,,1.7692934,-0.87017685,0.039629854,,,,,,0.07565942,0.032996155,0.08108184,0.8540553,-0.422716,-0.08192475,0.262116
,,0.523071,4.3089957,-7.934121,1690118490566,,-1.7059163,1.1432334,0.101327196,,,,,,-0.04440705,-0.19465427,0.3653375,0.86085826,-0.42129695,-0.07842277,0.23266497
,,0.84474605,5.1537414,-7.814639,1690118490815,,-1.5110503,-0.09376775,-0.4710531,,,,,,0.049381234,0.03134618,0.17901799,0.856209,-0.41513386,-0.08053116,0.2647902
,,0.862134,5.9289365,-7.4219766,1690118491067,,0.52312934,-0.12186752,0.07689261,,,,,,0.05718129,0.23852351,0.13714886,0.8474764,-0.4039274,-0.093353026,0.2986675
,,0.8482556,5.685745,-7.6160355,1690118491316,,1.7918955,-0.36621344,0.07078396,,,,,,0.099251114,0.18043156,0.13660246,0.85233617,-0.40300745,-0.09148903,0.28912008
,,0.6155935,4.9054456,-7.8786874,1690118491567,,0.610483,-0.08093958,0.050625417,,,,,,0.10069377,0.06738671,0.31775597,0.86285394,-0.4083059,-0.085474685,0.24920802
,,0.4700301,4.513661,-7.9234333,1690118491817,,-0.84887296,0.64660037,0.034742933,,,,,,0.0012364537,-0.025749596,0.40768564,0.864652,-0.41236034,-0.083019406,0.23036733
52.47729061,13.4236534,0.24342981,3.6199417,-8.908158,1690118492000,6.980664,0.019776747,3.054324E-4,-0.117362395,,,,,,0.1484197,0.16381262,0.17916663,0.87895334,-0.42968282,-0.07475511,0.16855434
,,0.65116674,4.9939013,-8.075138,1690118492069,,0.29955283,-0.13408482,-0.031841327,,,,,,0.13165317,0.25435427,0.18960762,0.8635607,-0.4111831,-0.083624475,0.24347544
,,0.4015954,4.48407,-8.310113,1690118492320,,-0.16287182,0.13652828,-0.054443322,,,,,,0.12875651,0.22672176,0.2223228,0.8681393,-0.41576096,-0.084095836,0.21732041
,,0.025603196,2.9589648,-9.120243,1690118492821,,0.055817768,0.024740024,0.031077746,,,,,,0.05762505,0.09022892,0.28420964,0.88491744,-0.4398293,-0.068236805,0.13272949
,,0.06476572,2.9460428,-9.261419,1690118493071,,0.027107125,-0.12370012,-0.06482802,,,,,,0.055158447,0.13427414,0.14820817,0.88364583,-0.44434845,-0.066298895,0.12965198
,,0.14580268,3.1381068,-9.285427,1690118493322,,-0.043753188,-0.024740024,-0.034284785,,,,,,0.07322738,0.21988627,0.06989959,0.8814343,-0.4471781,-0.06511079,0.13690297
,,0.09810572,3.0592237,-9.289895,1690118493574,,0.043600474,-0.050396346,-0.02328922,,,,,,0.031863365,0.15500888,0.07000478,0.8804165,-0.44989768,-0.06490417,0.13484995
,,0.09435696,3.0706291,-9.3118305,1690118493824,,-0.0064904382,0.003970621,0.18379395,,,,,,0.0103857815,0.14959215,0.031532254,0.8793461,-0.4517709,-0.064669475,0.13566059
,,0.0794417,3.0001209,-9.323713,1690118494077,,0.0026725335,0.24159703,-0.18272492,,,,,,-0.0340088,0.087825544,0.034364257,0.87689203,-0.45649222,-0.06404362,0.13568135
,,0.07066801,2.9898314,-9.346365,1690118494327,,0.06314815,0.11026109,-0.28168502,,,,,,-0.07194094,0.069868356,-0.0020397187,0.87470406,-0.4603211,-0.06341474,0.1371544
,,-0.040518466,2.9581666,-9.3295355,1690118494578,,-9.926553E-4,0.051007207,-0.045891218,,,,,,-0.17097513,0.037869733,-1.7897288E-4,0.87528557,-0.4590357,-0.06318173,0.13771707
,,-0.09204391,2.8802412,-9.366942,1690118494827,,0.055206906,0.24709481,-0.13202316,,,,,,-0.20093295,-0.016842587,-0.027511215,0.8767196,-0.45651597,-0.063365415,0.13656561
52.47732679,13.42379628,-0.2943172,2.584727,-9.449576,1690118495000,6.4618907,-0.9502765,0.53420126,-0.30184355,,,,,,-0.40957198,-0.08256226,-0.06259391,0.89716566,-0.41534254,-0.0536712,0.1300453
,,-0.17651056,2.8169906,-9.388638,1690118495079,,-0.0730747,0.14691298,-0.40813404,,,,,,-0.29626635,-0.062443145,-0.052956138,0.87981826,-0.45077384,-0.061390597,0.13564071
,,-0.1977269,2.7799819,-9.444153,1690118495330,,0.39973465,-0.027183482,-0.2767981,,,,,,-0.35246652,-0.068620086,-0.087648325,0.885846,-0.43799448,-0.05797299,0.13674505
,,-0.18488543,2.6871397,-9.3060055,1690118495832,,-1.526322,0.6062833,-0.7972549,,,,,,-0.49188498,-0.16576304,-0.0069095134,0.90772235,-0.38382462,-0.04176188,0.14202096
,,0.13447666,3.499423,-8.967981,1690118496083,,-0.4634173,0.182954,-0.439899,,,,,,-0.4806626,-0.05935084,-0.108982004,0.9099519,-0.34107158,-0.0280504,0.18574871
,,0.3365904,4.433661,-8.465727,1690118496336,,0.93240875,0.23915356,-0.41057748,,,,,,-0.5022084,0.06687789,-0.14777736,0.9102793,-0.28895465,-0.015360311,0.23752932
,,0.57260245,5.101498,-8.101061,1690118496587,,1.545106,-0.07849612,-0.19677481,,,,,,-0.3879133,0.15677844,-0.08370827,0.91642857,-0.2307594,-0.0024945359,0.2735559
,,0.6651249,5.2852674,-7.9442515,1690118496840,,1.3978877,-0.45112363,-0.5791762,,,,,,-0.2620258,0.25517347,0.04104845,0.927679,-0.1749765,0.00525807,0.2807813
,,0.62676007,5.1743197,-7.905248,1690118497090,,-1.3131303,0.83963364,-0.21448989,,,,,,-0.21739647,0.23879415,0.1233205,0.93819773,-0.11911582,0.006799692,0.27522358
,,0.7024531,5.2489758,-7.8388867,1690118497343,,-1.6399429,0.011911863,-0.5089267,,,,,,-0.08561993,0.2770155,0.18766108,0.94478816,-0.066935405,0.0151024,0.2751074
,,0.63377887,5.2995434,-7.6495337,1690118497595,,-0.270384,0.07422007,-0.062995434,,,,,,0.033581242,0.301795,0.34511796,0.9472753,-0.02415127,0.024179569,0.274641
,,0.67677003,5.3079987,-7.70082,1690118497847,,1.5695407,-0.22632541,-0.20349433,,,,,,0.19170529,0.3376659,0.4089056,0.95023835,0.0117478585,0.034592338,0.26872885
52.47734389,13.4237952,0.7197611,4.989354,-7.749553,1690118498000,5.449074,-2.285627,0.95691967,-0.030619597,,,,,,0.41979188,0.34132254,0.4895107,0.9530782,0.08833636,0.039572768,0.24759626
,,0.6921638,5.1818967,-7.843433,1690118498098,,1.7796782,-0.8659008,0.045127634,,,,,,0.2893818,0.44441363,0.41505057,0.95389557,0.041232213,0.040027287,0.2550321
,,0.6033901,4.8701916,-7.868876,1690118498350,,0.18287764,0.2196059,-0.34521496,,,,,,0.33859286,0.37054718,0.45260555,0.95520335,0.0670809,0.035603784,0.24079876
,,0.80151576,5.513382,-7.6107697,1690118498854,,-0.8763619,-0.15485422,-0.21143557,,,,,,0.538586,0.5276462,0.4058407,0.94595456,0.10435076,0.044798438,0.26664713
,,0.7741578,5.6210585,-7.5909095,1690118499105,,0.48769918,0.27091852,0.1098793,,,,,,0.527159,0.546204,0.403074,0.94331783,0.11367036,0.047942087,0.2699581
,,0.74919283,5.468318,-7.5633135,1690118499356,,1.1871394,0.4499019,-0.061773703,,,,,,0.43703255,0.6344115,0.45268977,0.9462804,0.12035451,0.05219984,0.25956574
,,0.6517251,4.979305,-7.7112703,1690118499606,,0.116293386,-0.016798781,0.20517421,,,,,,0.3755356,0.5300426,0.3233587,0.9493077,0.12655702,0.05130817,0.2422746
,,0.72047895,5.002355,-7.6063848,1690118499858,,-2.1158066,1.4022402,-0.30734134,,,,,,0.194301,0.3730551,0.4393919,0.9476974,0.13669959,0.062654324,0.2428347
,,1.310868,5.8498135,-7.1296544,1690118500109,,-2.7113998,0.62583095,-0.6152172,,,,,,0.5433336,0.5067688,0.26748008,0.9355493,0.15082394,0.086832166,0.27764037
,,1.1258231,6.241598,-6.691848,1690118500359,,-0.30581418,0.341168,0.055512335,,,,,,0.10016521,0.51822644,0.45904744,0.9196266,0.16599466,0.09837071,0.30306673
,,1.0210174,6.3869224,-6.308517,1690118500608,,-0.26549712,1.0913099,0.14347686,,,,,,-0.0036017895,0.42668343,0.5329645,0.9068112,0.18368867,0.11111204,0.31664357
,,0.8543972,6.6173506,-5.71789,1690118500861,,0.73326683,1.0919209,-0.10331251,,,,,,-0.019841278,0.21468325,0.6479288,0.8874406,0.19918038,0.12114834,0.3464478
52.47742477,13.4237736,0.7577272,9.077652,-3.9855652,1690118501000,5.6680818,0.8200096,0.7199041,-0.32200208,,,,,,0.10323188,0.24636883,0.61844385,0.81424844,0.22854939,0.15687922,0.50929254
,,0.9065608,7.636933,-4.828716,1690118501112,,0.28672466,0.5708531,-0.02328922,,,,,,0.07283023,0.15240216,0.8118234,0.8602194,0.2151077,0.13904476,0.4043169
,,1.2488141,8.753504,-4.2364926,1690118501364,,-0.22823435,-1.1499529,0.40248352,,,,,,0.36434302,0.2988,0.5019105,0.83191466,0.22609593,0.15854244,0.47314852
,,0.42823565,9.223535,-3.8534014,1690118501867,,-0.519006,-0.67592186,-0.30489787,,,,,,0.3923007,0.29117778,0.4359547,0.8090243,0.23521306,0.15473741,0.51531804
,,0.30939198,9.179825,-3.8818765,1690118502119,,-0.005268709,-0.27947062,-0.43684468,,,,,,0.42806965,0.27078617,0.3217764,0.8041376,0.24515295,0.1520785,0.51875055
,,-0.019541275,9.144891,-3.9056444,1690118502370,,0.29710937,0.2715294,0.15263984,,,,,,0.30315292,0.20343573,0.26901847,0.80013376,0.25978705,0.14627399,0.5189974
,,-0.404068,9.055797,-3.9669802,1690118502620,,0.70272356,0.4828886,0.36094472,,,,,,0.034474175,0.13524424,0.13578072,0.79585785,0.27320895,0.1415923,0.5196965
,,-1.0909675,9.130931,-3.8574688,1690118502872,,1.0148755,2.2996004,0.34017533,,,,,,-0.23376308,0.19370237,0.22815844,0.7910935,0.28752214,0.13653676,0.52074283
,,-1.2720244,8.98784,-3.5803006,1690118503121,,-1.6075671,-0.7192933,-0.24930918,,,,,,-0.16249016,0.07946526,0.28521436,0.7868559,0.3044642,0.1363725,0.5183868
,,-1.0515659,9.055637,-3.566981,1690118503374,,0.78091425,0.3423897,-0.044669487,,,,,,-0.21135785,0.16123936,0.3427206,0.7814559,0.3109463,0.13597272,0.5230988
,,-1.3951751,8.97141,-3.432664,1690118503625,,-0.41149378,0.6997456,0.13492475,,,,,,-0.36901262,-0.05322458,0.3728615,0.7794939,0.30973288,0.13470268,0.52703303
,,-1.3127025,9.223376,-3.576951,1690118503876,,0.32154396,-0.20433427,-0.40202537,,,,,,-0.24191436,0.14366798,0.21531264,0.77641565,0.30773667,0.13921997,0.5314153
52.4774886,13.42374265,-1.5826927,9.7603245,-2.2046669,1690118504000,5.120587,-0.16287182,0.80664694,0.29252788,,,,,,-0.19847275,0.16150445,0.23684804,0.72865695,0.2980247,0.14415088,0.5947594
,,-1.2539986,9.383058,-3.283591,1690118504127,,-0.3229184,-0.6514873,-0.3501019,,,,,,-0.06815042,0.09944285,0.27101377,0.7667472,0.30311936,0.14076678,0.5463818
,,-1.3863218,9.527583,-2.6651258,1690118504378,,-0.07002038,0.107817635,-0.08926262,,,,,,-0.068899624,0.08136587,0.3009132,0.74940985,0.29907084,0.14188875,0.569567
,,-1.8547567,9.452046,-1.6924433,1690118504883,,0.28672466,0.10109812,0.10682498,,,,,,0.047005534,-0.25690016,0.13910729,0.7097101,0.3007475,0.14372963,0.6157804
,,-1.7852849,9.800842,-1.4128817,1690118505133,,1.0606903,0.95936316,0.065286174,,,,,,0.22859904,0.03374831,0.06007997,0.6910209,0.30622548,0.1426863,0.6358074
,,-1.8004396,9.251051,-1.291247,1690118505384,,1.2696061,0.05589413,-0.27557638,,,,,,0.40379497,-0.45129326,0.098414674,0.68426234,0.31741205,0.13619937,0.63936144
,,-2.2322645,8.930892,-1.7940587,1690118505634,,1.644677,-0.40347618,-0.5926152,,,,,,0.27705908,-0.19576849,0.48644105,0.69872564,0.33603707,0.11764703,0.60783803
,,-2.4370103,8.170134,-3.339184,1690118505886,,-0.42920887,-0.10231985,-0.08743002,,,,,,0.38255638,-0.19392093,0.2834383,0.7288258,0.35478687,0.087652236,0.54983157
,,-2.5673392,7.5057263,-4.2985463,1690118506138,,-1.4896702,0.38637197,-0.44967285,,,,,,0.39675668,-0.40961736,0.31887105,0.7535463,0.37410727,0.06802016,0.5048543
,,-2.5246673,7.437531,-4.727659,1690118506390,,-1.0223585,-1.8475605,-0.4380664,,,,,,0.39502618,-0.32690856,0.342169,0.76082706,0.39545932,0.068908624,0.48266438
,,-2.7522247,7.773404,-4.5939,1690118506641,,0.18409938,-1.2421936,-0.4796052,,,,,,0.239993,0.17418438,0.4414625,0.75629264,0.4034861,0.07458406,0.48149407
,,-2.7329228,8.179785,-4.077848,1690118506895,,0.49686214,-1.2348632,-0.15584688,,,,,,0.12427654,0.39762053,0.3733176,0.740425,0.3985662,0.087921076,0.49863875
52.47754544,13.42372585,-2.3238297,9.010892,-2.9485157,1690118507000,4.6121926,0.60742867,0.036346454,-0.023900084,,,,,,0.16964693,0.4811524,0.2370643,0.7055085,0.39404717,0.13145703,0.55185443
,,-2.5261028,8.546046,-3.5195231,1690118507145,,0.8755983,1.5060871,0.3249037,,,,,,0.19901219,0.35925952,-0.03334651,0.7186079,0.39146587,0.108744025,0.53174007
,,-2.1915863,8.992946,-2.5368707,1690118507396,,2.440023,-0.59650946,-0.21204643,,,,,,0.27144954,0.26701128,0.3817353,0.7008596,0.3937028,0.13558145,0.5617745
,,-2.4798417,8.486943,-3.7978876,1690118507902,,0.70028013,-0.23915356,-0.14057526,,,,,,0.06339724,0.5844475,0.19641736,0.7305737,0.3907874,0.10297752,0.51356673
,,-2.398805,7.137312,-4.9269814,1690118508153,,-0.008323032,0.10537417,0.07994693,,,,,,0.21666117,-0.007253949,0.2812621,0.7676497,0.39922562,0.06975084,0.45254627
,,-2.6065018,6.4376507,-6.3813396,1690118508404,,0.35453063,0.26847506,0.021914775,,,,,,0.17999811,0.17342982,0.28939036,0.80675614,0.41228572,0.0360954,0.38772586
,,-2.635694,5.5086756,-7.3291364,1690118508656,,-0.13416117,-0.1707367,-0.1796706,,,,,,0.16206776,-0.007787132,0.42666233,0.83767164,0.42184696,0.009374478,0.33074915
,,-2.7892337,5.031867,-8.235298,1690118508909,,-0.24778202,0.14630212,0.025579963,,,,,,0.003299264,0.12929022,0.0035982132,0.8543099,0.42488426,-0.010489995,0.2969229
,,-2.6529224,4.903931,-8.167981,1690118509159,,0.12484549,-0.08155045,-0.21937682,,,,,,0.09432044,0.12572221,0.15084893,0.85519,0.42806813,-0.01187905,0.29080647
,,-2.7182462,4.874579,-8.031192,1690118509409,,0.041157015,-0.10354158,-0.6671407,,,,,,0.019953756,0.11067128,0.18224397,0.851803,0.4338197,-0.008020925,0.29202405
,,-2.8223343,5.156134,-8.178907,1690118509660,,-0.20013458,0.28619015,0.1844048,,,,,,-0.0013423244,0.25989065,-0.037917614,0.8432111,0.4452856,-0.0051276456,0.29876098
,,-2.8130028,5.1548586,-7.7860045,1690118509912,,0.10651954,0.0033597562,-0.11186461,,,,,,0.08826869,0.15179795,0.21376678,0.83278024,0.45880708,-0.0031387503,0.3070385
52.47759772,13.42372905,-2.9846475,5.4168715,-7.6362147,1690118510000,4.530586,-1.8684063,0.3271181,0.18745913,,,,,,0.08675501,0.07695591,0.11225451,0.8174306,0.47251546,0.002489552,0.3273088
,,-2.9410982,5.438089,-7.921678,1690118510162,,0.23968807,-0.010079269,0.34628397,,,,,,0.098403975,0.33084875,-0.0054133413,0.8234775,0.4706263,-0.0023472845,0.31522095
,,-3.0135207,5.439683,-7.7779493,1690118510415,,0.08086322,-0.20433427,-0.155236,,,,,,0.118409656,0.30302858,0.13641869,0.82049525,0.47397408,-0.004020235,0.3185315
,,-2.8059835,5.834977,-7.1797433,1690118510920,,-1.3009129,-0.2367101,-0.07887791,,,,,,0.12354592,-0.058578238,0.067900814,0.80205655,0.4686633,0.027483512,0.3566186
,,-2.5722845,6.4086976,-6.1404614,1690118511170,,-1.1805725,-0.14935644,0.3749946,,,,,,0.11683063,-0.12263012,0.15411708,0.77776146,0.45639575,0.062481977,0.40038872
,,-2.4763322,7.3827357,-5.0659237,1690118511420,,-0.16287182,0.9440915,-0.08620829,,,,,,0.011175243,0.0831069,-0.11232631,0.74494404,0.43550548,0.10195061,0.45511645
,,-2.1339989,7.9598036,-3.595535,1690118511671,,0.11934771,-0.47800168,-0.15462515,,,,,,0.1304151,-0.04482406,-0.004730272,0.70585346,0.4173047,0.14697728,0.51310945
,,-1.921596,8.758209,-2.04363,1690118511922,,0.3514763,0.04734202,-0.0037415468,,,,,,0.19317111,-0.048393503,0.104032464,0.6629787,0.40313095,0.19231243,0.5745894
,,-1.7874386,9.722278,-0.7821341,1690118512172,,-0.16042836,-0.38515025,0.13309216,,,,,,0.2992516,0.29864225,0.06886771,0.62443364,0.39001304,0.2285256,0.6279374
,,-1.7158134,10.044353,0.13623138,1690118512424,,-0.15737404,0.29290965,0.044516772,,,,,,0.29230052,0.3892899,0.160271,0.60293114,0.3731292,0.24274233,0.65954155
,,-1.6465014,10.1746025,0.5560123,1690118512675,,0.022831071,-0.18906265,-0.0025198173,,,,,,0.29016444,0.3937357,0.19546472,0.59482473,0.35957053,0.2494628,0.67351824
,,-1.5704095,9.876615,0.6433503,1690118512926,,-0.30642503,0.3601048,0.15997021,,,,,,0.27587163,0.1271178,0.28682894,0.59735966,0.35279244,0.25008246,0.67461026
52.47765985,13.42372714,-1.4149559,9.806745,0.21312076,1690118513000,4.34486,0.37957612,-0.9422589,-0.24320054,,,,,,0.11744551,-0.03201995,0.1634359,0.6142902,0.34314474,0.24664204,0.66603506
,,-1.6064614,9.973842,0.62006,1690118513182,,0.28122687,-0.02535089,-0.14607304,,,,,,0.15933774,0.14488497,0.32887506,0.60412484,0.34562114,0.24683465,0.673668
,,-1.4796418,9.855398,0.45192447,1690118513434,,-0.06696605,0.5513055,-0.054443322,,,,,,0.16140729,0.03222122,0.22074483,0.61052483,0.3429126,0.24642353,0.66962224
,,-1.5019748,9.860343,0.12618154,1690118513936,,0.013668099,-0.34361145,0.007864884,,,,,,0.05762851,0.049642548,0.14531559,0.61690927,0.34168747,0.24208954,0.6657799
,,-1.4153546,9.676576,0.09116654,1690118514186,,-0.2202931,-0.61422455,-0.10270164,,,,,,0.21113056,-0.11454337,0.07182875,0.6187117,0.33594048,0.23088013,0.6701421
,,-1.479562,9.692368,-0.09379865,1690118514436,,0.3362047,0.19639303,0.08972076,,,,,,0.27172104,-0.09360714,-0.044066343,0.6241255,0.32800776,0.21166274,0.6738344
,,-1.640998,9.618588,-0.56342995,1690118514687,,1.9042946,0.28985533,0.11232276,,,,,,0.2057126,-0.056015365,-0.12390023,0.6411844,0.32272774,0.1888471,0.66495454
,,-1.8299509,9.359605,-1.6024731,1690118514937,,1.7998368,-0.3271181,-0.013515383,,,,,,0.08812199,0.02596124,-0.07926943,0.67619336,0.3191993,0.15685295,0.6304402
,,-2.1008985,8.387402,-2.8550363,1690118515187,,-0.78473216,0.1517999,0.21616977,,,,,,-0.12085194,-0.17483386,-0.06989963,0.7227545,0.31438607,0.11452702,0.57205325
,,-2.2041087,7.8304334,-4.1516266,1690118515439,,0.1419497,0.3271181,-0.25358525,,,,,,-0.22944884,-0.12266528,-0.08051071,0.7647003,0.31981567,0.083656,0.5121056
,,-2.508476,7.0237327,-5.521917,1690118515688,,-0.033979353,0.5659662,-0.54313517,,,,,,-0.490287,-0.15645052,0.08048796,0.8048679,0.33757892,0.056955017,0.44382033
,,-2.5394232,6.358846,-6.7326846,1690118515939,,0.14072797,0.23121232,-0.094760396,,,,,,-0.5869932,-0.05995604,0.17365713,0.83576375,0.36755225,0.041696135,0.3765545
52.47770384,13.42371924,-2.584887,5.309274,-8.077372,1690118516000,4.261883,-0.020540329,0.13591741,-0.30856308,,,,,,-0.62806684,0.2068099,0.21797606,0.8256604,0.47745436,0.039640967,0.28187266
,,-2.5413373,5.5141807,-7.562676,1690118516192,,-0.16592614,0.26419902,-0.5767327,,,,,,-0.6194985,-0.16307026,0.31467783,0.85296637,0.3995986,0.030858228,0.3201398
,,-2.6214967,5.149354,-8.030951,1690118516443,,-0.1494328,0.051618073,-0.1882227,,,,,,-0.68271077,-0.051918473,0.17938443,0.8473357,0.43508238,0.029098637,0.28972757
,,-2.5368712,4.960082,-8.12419,1690118516945,,-0.12255475,-0.10109812,-0.31344998,,,,,,-0.4297124,0.10318393,0.3040047,0.79958236,0.524344,0.046307463,0.27199563
,,-2.4770503,5.0041895,-8.136315,1690118517196,,-0.07918335,0.21838416,-0.05261073,,,,,,-0.28319457,0.28994167,0.24770854,0.7701477,0.5688257,0.053030424,0.2679624
,,-2.6429527,4.8815975,-8.063494,1690118517447,,-0.6289616,0.13713914,0.37621635,,,,,,-0.20970756,0.32479966,0.39695516,0.7455209,0.6030173,0.052706018,0.26639593
,,-2.7140193,5.1345987,-7.6444306,1690118517698,,-2.3552656,-0.6655372,-0.3030653,,,,,,-0.10008025,0.29705086,0.4250262,0.7183349,0.624466,0.06587345,0.28510505
,,-2.615754,5.559644,-6.3186483,1690118517948,,-0.074907295,-1.0668753,1.448284,,,,,,0.11150176,0.06358644,0.7035297,0.67888796,0.62524253,0.09678879,0.3361158
,,-2.8211377,6.6196647,-4.4741006,1690118518200,,-1.1231513,0.2556469,0.06772963,,,,,,-0.14405347,0.3172839,1.2830999,0.6507629,0.6006565,0.13318141,0.39503273
,,-2.4985054,7.567143,-3.3841689,1690118518452,,0.038713556,-0.6551525,0.07322741,,,,,,0.020181188,0.37788188,0.8990552,0.62487394,0.5621837,0.17642036,0.45861846
,,-2.3268607,8.419227,-1.9868401,1690118518703,,0.07841977,0.085215636,-0.0184023,,,,,,-0.032385357,0.31332764,0.8068598,0.6069625,0.5117547,0.21658887,0.5246311
,,-1.9858834,9.322516,-0.7267002,1690118518955,,0.11995857,-0.23304491,-0.0037415468,,,,,,0.0017834584,0.26506332,0.58559453,0.58999306,0.4598756,0.25838938,0.5895327
52.47774096,13.42371474,-1.0967901,9.942977,0.11692927,1690118519000,4.2649074,0.049098257,0.11636974,-0.07399099,,,,,,0.19963075,0.099252574,-0.41974556,0.5900657,0.35204378,0.2884959,0.6655743
,,-1.7266608,9.938908,0.19716862,1690118519207,,-0.115835235,0.062002774,0.021303909,,,,,,-0.025077425,0.34584725,0.41644096,0.5798687,0.41246548,0.28357974,0.63661724
,,-1.5322838,10.211768,0.4489733,1690118519458,,-0.014431681,-0.2849684,0.06345358,,,,,,-0.090696126,0.43609616,0.20606934,0.587662,0.37449506,0.29015985,0.65379643
,,-1.1708878,9.894241,0.37982067,1690118519961,,-0.0058795735,-0.16951497,0.03718639,,,,,,0.012741466,0.033713754,-0.20558004,0.59735644,0.33647382,0.279844,0.671543
,,-1.0648061,9.899347,0.4290331,1690118520210,,0.02527453,0.02046397,-0.030008731,,,,,,0.031129815,0.021851,-0.17406121,0.6027893,0.3254371,0.27384043,0.6746677
,,-1.0127224,9.900705,0.44179478,1690118520462,,-0.01687514,-0.24281874,0.0353538,,,,,,-0.0031838417,0.017501067,-0.17549996,0.6071576,0.31736767,0.26965436,0.67644566
,,-0.9316056,9.915618,0.50935215,1690118520715,,0.010613776,-0.051618073,0.0072540194,,,,,,-7.487337E-4,0.026673475,-0.12591128,0.61104643,0.30867392,0.26528665,0.6786881
,,-0.8315856,9.8657675,0.55728835,1690118520968,,-0.052305296,0.05650499,0.12331833,,,,,,0.006975814,-0.05761725,-0.1917878,0.6144656,0.3014245,0.26040605,0.68080926
,,-0.752782,9.9845295,0.59908307,1690118521221,,-0.028481571,-0.24342962,-0.011682789,,,,,,0.0387799,0.04123847,-0.19628912,0.61752534,0.2978136,0.25854525,0.68036556
,,-0.73164546,9.9369135,0.6733404,1690118521476,,0.20120358,0.18112141,-0.27068946,,,,,,0.037642073,0.07462813,-0.22988877,0.62131006,0.29145592,0.25549647,0.6808334
,,-0.83980095,10.060701,0.16183469,1690118521730,,-0.771904,-0.80176,0.67309666,,,,,,0.04706761,0.062140178,-0.49657682,0.6257226,0.29278755,0.2522807,0.6772476
,,-1.2034303,10.236894,0.18799616,1690118521983,,0.07536544,0.74189526,1.2308161,,,,,,-0.18181947,0.28972116,-0.26703805,0.6297653,0.28977743,0.24521494,0.677309
52.47773427,13.42370933,0.22668011,8.87179,0.73914284,1690118522000,4.1689377,1.2286781,0.74128443,-1.3592505,,,,,,0.2827026,-0.37054798,-0.7279776,0.585997,0.25960502,0.31995928,0.6716982
,,-0.7506284,10.4284,0.092761755,1690118522237,,-0.21051927,1.6245949,0.8899536,,,,,,-0.20042491,0.60088825,-0.19900486,0.63865715,0.2864033,0.2638543,0.659443
,,-0.120279245,10.389955,-0.18480568,1690118522489,,-4.3381324,-3.7088654,-1.0617594,,,,,,0.30610052,0.6985373,-0.6044767,0.62795144,0.28917652,0.29695278,0.64654315
,,-0.19150563,8.839886,1.5282958,1690118522992,,-1.1231513,-0.7956514,-0.27374378,,,,,,0.1406656,-0.086040705,-0.7310188,0.5321291,0.25815716,0.34626517,0.69367385
,,-0.17555347,7.995857,3.2195427,1690118523245,,-1.2728131,0.5836813,1.1110867,,,,,,0.20511939,-0.07304176,-0.4688853,0.4612134,0.24667527,0.38723907,0.7190377
,,0.03836491,6.417231,4.678447,1690118523495,,0.20486878,-0.3827068,-0.2474766,,,,,,0.29092342,-0.49337223,-0.72048885,0.36942235,0.21876097,0.4425851,0.74251884
,,-0.3952943,4.8983474,6.344489,1690118523746,,0.6324741,-0.28069237,-0.24014622,,,,,,0.30337045,-0.7811563,-0.7045958,0.26628512,0.18682024,0.4688765,0.78774875
,,-1.0385647,3.7228327,8.1013,1690118524000,,0.07231112,-0.16768238,0.066507906,,,,,,-0.2214496,-0.7820824,-0.2057197,0.18736735,0.14942068,0.47700262,0.8293686
,,-1.3172491,3.8392034,8.629077,1690118524251,,-0.093233235,0.047952887,0.04085158,,,,,,-0.2015319,0.1826181,-0.076454386,0.14084038,0.14266746,0.4939911,0.83432657
,,-0.79976106,2.6057043,9.352346,1690118524502,,-0.38705918,-0.014355322,0.03901899,,,,,,-0.065077715,-0.14344645,0.025884723,0.10368807,0.109221935,0.50986564,0.84204215
,,-0.5964508,1.9961723,9.752747,1690118524752,,0.008170316,0.052839804,-0.28290674,,,,,,-0.12878281,-0.14222328,0.07004146,0.079371676,0.07951305,0.51296353,0.85005146
52.47774184,13.42372886,-0.6190232,2.267997,9.731929,1690118525000,4.11024,-0.03459022,-0.03451386,0.022525638,,,,,,7.860919E-4,0.008061183,0.037306406,0.08395844,0.08300452,0.477827,0.87008625
,,-0.4807181,2.111985,9.846386,1690118525003,,0.0796415,0.032070402,-0.08071051,,,,,,-0.040772893,0.049367733,0.15548515,0.0772695,0.07336736,0.50036275,0.85894907
,,-0.4943571,2.1949363,9.753065,1690118525253,,0.07903063,-0.051007207,-0.028787002,,,,,,-0.012538042,0.027633663,0.053020254,0.082201056,0.07641747,0.4908159,0.86373407
,,-0.54636115,2.2329025,9.729457,1690118525504,,-0.08773545,9.162972E-4,0.011530072,,,,,,-0.0058742603,0.0023259043,0.038634427,0.084381655,0.07962263,0.48398256,0.8669672
,,-0.6985446,2.3369906,9.721401,1690118526086,,0.042989608,-0.029626941,0.06589704,,,,,,-0.008671725,0.026733696,0.03343878,0.0847391,0.085412115,0.47198913,0.873066
,,-0.61982083,2.3893137,9.66748,1690118526336,,0.7644209,0.12858704,-0.32933247,,,,,,0.06494972,-0.08390764,0.016282177,0.091837965,0.08865777,0.46741083,0.8745741
,,-0.53056866,2.55713,9.550234,1690118526587,,-0.11522437,1.7046182,0.016416991,,,,,,0.08795246,-0.12324912,-0.09440781,0.10331688,0.089586996,0.46555486,0.87401515
,,-0.6009176,2.560719,9.585248,1690118526837,,0.6624065,-1.3533709,-0.6323214,,,,,,0.113409415,-0.09971825,-0.012034034,0.1003445,0.09709932,0.46322495,0.8744429
,,-0.5174878,2.637449,9.531649,1690118527088,,-1.3455061,1.1010838,-0.028176138,,,,,,0.15176605,-0.14295603,-0.0534613,0.10732004,0.09477016,0.4513448,0.879248
