96#1#2
key,lat,lon,ts,bike,childCheckBox,trailerCheckBox,pLoc,incident,i1,i2,i3,i4,i5,i6,i7,i8,i9,scary,desc,i10
,,,,1,0,0,0,-5,0,0,0,0,0,0,0,0,0,0,,0

=========================
96#1
lat,lon,X,Y,Z,timeStamp,acc,a,b,c,obsDistanceLeft1,obsDistanceLeft2,obsDistanceRight1,obsDistanceRight2,obsClosePassEvent,XL,YL,ZL,RX,RY,RZ,RC
52.52567643,13.37374233,2.3960927,4.6928835,-7.6398044,1690829676000,4.20809,-2.102291,-0.45257443,-0.3916407,,,,,,0.083243996,0.13659081,0.48256126,0.91140467,0.27940997,0.18307707,0.20351404
,,2.468436,5.613481,-7.34812,1690829677055,,1.949575,0.19310963,-0.075212725,,,,,,-0.03489306,0.3065922,0.19533195,0.8993292,0.26905876,0.20040677,0.24401215
,,2.5489142,6.081597,-7.14784,1690829677306,,2.5121815,-0.43913543,0.06406444,,,,,,0.1060526,0.38033,0.06728727,0.89510286,0.26421672,0.20829166,0.26434416
,,2.3551755,4.891966,-7.44128,1690829677558,,-2.9544475,1.0623702,0.075670876,,,,,,-0.08992779,0.079411596,0.23017813,0.9089053,0.26529887,0.18934982,0.22043845
,,2.2302704,4.944928,-7.499984,1690829677807,,-1.1383466,0.11980586,0.09521855,,,,,,-0.20623033,0.14353895,0.21675675,0.9098503,0.26340732,0.19082865,0.21746224
,,2.3503902,5.9057255,-7.2879796,1690829678059,,1.7174463,-0.4709004,0.19173518,,,,,,-0.17253828,0.28046188,-0.10442264,0.8970271,0.25381175,0.21295194,0.2617335
,,2.2834706,5.7885566,-7.3643107,1690829678312,,1.4847069,-0.11476622,0.07506001,,,,,,-0.020816687,0.32603082,7.9331396E-4,0.8995028,0.2545121,0.20656702,0.25499097
,,2.2380865,4.7333226,-7.645068,1690829678564,,-2.3515239,0.22853978,-0.8357394,,,,,,-0.048855297,-0.019486705,0.20856382,0.9126651,0.25975427,0.19346018,0.21096192
,,2.1734006,5.132126,-7.576394,1690829678814,,0.7241802,-0.39332056,0.10438152,,,,,,-0.17757602,0.20864153,-0.01738836,0.90641344,0.2566077,0.2001466,0.22744995
52.52584303,13.37376134,2.2445474,5.4306707,-7.4388876,1690829679000,3.971127,1.3252711,-0.38660106,0.14469859,,,,,,-0.077128924,0.25556687,-0.016588751,0.903601,0.25387627,0.1976098,0.24551031
,,2.4063025,6.097949,-7.4138412,1690829679066,,2.8732026,-1.2198206,-0.14301872,,,,,,0.041252144,0.46407238,-0.2162125,0.896815,0.25019068,0.21527405,0.26625562
,,2.2963917,5.185645,-7.478288,1690829679319,,-1.4847069,0.33727372,0.13675736,,,,,,0.018604605,0.26332578,0.11282344,0.9065162,0.2549392,0.1941353,0.2329943
,,2.3093927,4.750311,-7.7362347,1690829679569,,-1.6355904,-0.7115811,-0.30367616,,,,,,-0.00788405,0.17159113,0.09590375,0.9140523,0.2594144,0.18662055,0.21052058
,,2.282673,5.897351,-7.49791,1690829680074,,2.2488987,-0.5344303,-0.059941106,,,,,,0.14107819,0.60063684,-0.136908,0.902085,0.2508174,0.19557634,0.26142335
,,2.0465016,4.8639708,-7.660462,1690829680324,,-3.0356925,0.80519617,-0.08681916,,,,,,0.11584809,0.28604326,0.30438244,0.9160684,0.25452632,0.17298749,0.21848637
,,1.896232,4.91438,-7.6005607,1690829680576,,-0.25870124,0.014737112,0.08849903,,,,,,-0.09956773,0.20861724,0.27778542,0.9138742,0.25609395,0.17357008,0.22286242
,,2.0533607,5.8271613,-7.497431,1690829680828,,2.635576,-0.5778017,0.116598815,,,,,,-0.029621769,0.31511128,-0.050727796,0.9021439,0.24973129,0.19020438,0.26658255
,,1.8335402,5.4652867,-7.4925666,1690829681079,,-0.24953826,0.52297664,0.10438152,,,,,,0.076842,0.4120762,0.19021696,0.90829885,0.25159326,0.17248906,0.24761167
,,1.841277,4.8838296,-7.75458,1690829681329,,-2.0387611,-0.6095667,-0.2474766,,,,,,0.143908,0.33662856,0.26064414,0.91844636,0.2550814,0.1598499,0.21727559
,,1.9230319,5.343332,-7.3627157,1690829681581,,1.2409718,-0.0072540194,-0.15218168,,,,,,0.13156961,0.19210657,0.18193892,0.90919787,0.2506066,0.16733499,0.24585779
,,2.2230916,6.013084,-7.4348993,1690829681832,,2.7785184,-0.65293807,-0.0067958706,,,,,,0.38963997,0.49409997,-0.038523134,0.90453947,0.24629886,0.17203055,0.27188545
52.52600844,13.37378385,2.4841487,5.4896927,-7.619545,1690829682000,4.190423,0.9355394,-0.21006113,0.89422965,,,,,,1.1411648,0.6287323,0.31477925,0.92718786,0.20581056,0.1171811,0.24468534
,,2.107598,4.9273014,-7.712386,1690829682082,,-2.8334963,0.8571196,0.21983497,,,,,,0.55317825,0.41826007,0.2792134,0.91952705,0.2453545,0.14226446,0.22486706
,,2.2221346,5.0116873,-7.6757755,1690829682336,,-0.8133665,-0.8056543,0.0041996953,,,,,,0.7228383,0.6101442,0.37935442,0.9267391,0.23887879,0.13033241,0.21497107
,,2.4350958,5.791189,-7.3714886,1690829682589,,2.2867723,-0.9711986,0.18807,,,,,,0.9210392,0.60479397,0.33978075,0.91961277,0.22261146,0.13545266,0.25647148
,,2.2907286,4.651567,-7.967541,1690829683090,,-2.490801,0.20105088,-0.3861429,,,,,,1.1451396,0.6041534,0.6689866,0.945178,0.1857674,0.09408453,0.20050043
,,2.2267604,5.070152,-7.690054,1690829683342,,0.16523892,-0.2070068,0.4428006,,,,,,1.0754724,0.662728,0.6691209,0.94365764,0.15571648,0.087868094,0.22240295
,,2.5568109,5.996732,-7.506365,1690829683594,,2.1823144,-0.8917862,0.2711476,,,,,,1.1900405,0.75162333,0.4430763,0.9382619,0.11726991,0.0986079,0.26835135
,,2.278685,5.0016375,-7.6238527,1690829683845,,-1.7602068,0.5095376,0.30718863,,,,,,0.9423107,0.47423464,0.6376058,0.94981384,0.08205168,0.09034237,0.23679414
,,2.3314867,4.5688553,-7.7963758,1690829684095,,-2.0845761,-0.24365869,-0.051389,,,,,,0.5969786,0.37109748,0.54168063,0.9568017,0.04502232,0.09314559,0.22025204
,,2.3026128,5.5450473,-7.2249684,1690829684347,,1.3649774,0.5651263,0.009697478,,,,,,0.13160923,0.47773615,0.40498587,0.93930113,0.007016051,0.11223284,0.2771664
,,2.4842284,6.0721865,-7.263015,1690829684599,,2.8554873,-0.32612544,-0.46005753,,,,,,-0.05574888,0.57225823,0.025245031,0.9311031,-0.018031431,0.12930816,0.30881685
,,2.3286946,4.8536015,-7.5392256,1690829684852,,-3.0411904,0.9273691,0.00481056,,,,,,-0.42155132,0.07898191,0.13490953,0.942373,-0.028629819,0.13493298,0.26507184
52.52613894,13.37392423,2.2058635,4.6636114,-7.676095,1690829685000,4.468668,-2.7931793,0.35193446,-0.53946996,,,,,,-0.7405861,-0.14549279,0.045373328,0.9406381,-0.03164337,0.149035,0.26959088
,,2.2078574,4.9139805,-7.4874616,1690829685102,,-1.0992512,0.23648103,0.24182609,,,,,,-0.7225903,0.03515346,0.0075167497,0.93854886,-0.03577849,0.14398463,0.27091324
,,2.4437897,5.9815774,-7.2491364,1690829685354,,1.886045,-0.20028728,0.083612114,,,,,,-0.7346409,0.1877292,-0.35090464,0.9209033,-0.04360913,0.15467049,0.32693654
,,2.280041,5.7905507,-7.3242702,1690829685605,,1.5091414,-0.010919208,-0.04894554,,,,,,-0.7256479,0.23816514,-0.25421324,0.92380136,-0.040555514,0.1521809,0.31831607
,,2.1839294,5.1380286,-7.465368,1690829686108,,0.43707374,0.04344776,0.18318307,,,,,,-0.72377187,-0.0559484,-0.019386275,0.9340177,-0.029090278,0.14529404,0.28875667
,,2.4665215,6.140222,-7.293164,1690829686360,,2.3154829,-0.49716756,0.22655447,,,,,,-0.4247606,0.2373267,-0.28158405,0.92213607,-0.034945603,0.14588979,0.3318462
,,2.3099513,5.3823366,-7.4583483,1690829686612,,-1.380249,0.37270388,0.009086614,,,,,,-0.4227087,0.1839959,0.046780825,0.9337309,-0.03379203,0.1380414,0.29355103
,,2.2470999,4.921638,-7.6757755,1690829686864,,-1.8774929,-0.27725625,-0.31467173,,,,,,-0.46083006,0.059857752,0.16054395,0.9434973,-0.030553775,0.13947453,0.26652366
,,2.2933612,5.6815186,-7.397171,1690829687114,,1.3881903,0.36048657,0.24365869,,,,,,-0.53028125,0.16389309,-0.09054659,0.92904395,-0.032752056,0.14301416,0.30650312
,,2.512304,6.302217,-7.342376,1690829687367,,2.7345362,-0.3407862,-0.31894776,,,,,,-0.33649582,0.3893863,-0.29420498,0.9226387,-0.034882132,0.14508255,0.3310588
,,2.3368306,5.1574097,-7.527342,1690829687621,,-2.7870705,0.9658536,-0.02451095,,,,,,-0.3994384,0.13567692,0.08251782,0.9380776,-0.030462284,0.14225407,0.2801692
,,2.2942386,5.0899324,-7.542258,1690829687878,,-1.1914917,0.18577924,0.11537708,,,,,,-0.51470596,0.08788867,0.072836496,0.93911004,-0.026360027,0.14456303,0.27664864
,,2.5533814,6.091728,-7.3545003,1690829688129,,1.994779,-0.68959,-0.11369721,,,,,,-0.36447433,0.23908488,-0.2918487,0.9238446,-0.027233366,0.14936607,0.32517573
,,2.4841487,5.811608,-7.3683786,1690829688380,,1.5989386,-0.02008218,-0.083764836,,,,,,-0.3393031,0.20218372,-0.14544803,0.92792004,-0.02255404,0.14356755,0.31337115
,,2.3765516,4.7148185,-7.6149187,1690829688630,,-2.730871,0.43623382,-0.3830886,,,,,,-0.37464717,-0.057127606,0.24695954,0.9443911,-0.01461197,0.14059986,0.2629347
52.52630023,13.3741653,2.2708685,5.098387,-7.554779,1690829689000,4.142766,-0.34361145,-0.04085158,0.31451902,,,,,,-0.4957121,0.05242184,0.09639638,0.93888646,-0.010041053,0.13910165,0.2785299
,,2.4848664,5.996413,-7.386724,1690829689134,,1.9562944,-0.23510659,0.25098908,,,,,,-0.33603218,0.2365272,-0.1735677,0.9260404,-0.013083019,0.14153412,0.32390487
,,2.300858,5.2882175,-7.5199237,1690829689385,,-0.19761476,0.4246274,-0.015958842,,,,,,-0.36406454,0.1755219,0.15238012,0.93613714,-0.010669692,0.13481984,0.29057467
,,2.1395822,4.4771304,-7.7792263,1690829689635,,-2.089463,-0.22288929,-0.63354313,,,,,,-0.5372339,-0.05731012,0.32230777,0.9480967,-0.004878563,0.13491406,0.254589
,,2.1521842,5.233661,-7.5787063,1690829689888,,0.8976658,0.12896882,0.15691589,,,,,,-0.53503406,0.06716298,0.018755134,0.93502873,-0.0044813706,0.13768145,0.29299992
,,2.373999,6.0112486,-7.5070825,1690829690140,,2.4675882,-0.39209884,-0.04894554,,,,,,-0.29274985,0.2614395,-0.24215858,0.92697686,-0.005626804,0.13843235,0.32436278
,,2.2224536,4.9278584,-7.620901,1690829690391,,-2.2629485,0.73922276,0.11110103,,,,,,-0.20777082,0.012924517,0.098824546,0.9415155,3.2602783E-4,0.1324499,0.27336818
,,2.2832313,4.637051,-7.775956,1690829690643,,-1.9398011,-0.54114985,-0.27374378,,,,,,-0.21360086,-0.057978995,0.072975144,0.94818115,0.0068754614,0.13454562,0.25232542
,,2.372803,5.5948987,-7.43426,1690829690893,,1.1896591,0.16623157,0.18257222,,,,,,-0.18447275,0.08257978,-0.21563,0.9326595,0.0071025374,0.1395884,0.29964092
,,2.4925241,5.949196,-7.317411,1690829691145,,2.7113233,-0.42875072,-0.2438114,,,,,,0.049011722,0.2100043,-0.23868671,0.92905504,0.0070206737,0.13808751,0.31464517
,,2.4177885,4.852644,-7.553581,1690829691399,,-2.8762567,0.769766,0.1514181,,,,,,0.080357,0.008234787,0.16694981,0.94569296,0.01029654,0.13194409,0.25940174
,,2.36363,4.8441095,-7.5613184,1690829691651,,-1.380249,-0.23510659,-0.07887791,,,,,,-0.013378231,-0.041636087,0.09887969,0.94557816,0.01083842,0.13369921,0.25870714
52.52643237,13.3742976,2.5644677,6.005347,-7.1227145,1690829692000,4.651943,1.664301,-0.3768272,-0.012293654,,,,,,0.014522966,0.20916668,-0.055829905,0.92764515,0.004750273,0.14167064,0.31647167
,,2.5797818,5.9230328,-7.1369925,1690829692153,,2.4480405,-0.65721416,-0.1589012,,,,,,0.119968034,0.23546742,0.057761144,0.92861724,0.0052126427,0.13819319,0.31510594
,,2.5421348,4.7789454,-7.4819574,1690829692404,,-2.925126,0.611552,0.14530946,,,,,,0.112842314,-0.016001249,0.3262152,0.945304,0.012383266,0.1330652,0.26005128
,,2.5715666,5.11402,-7.34445,1690829692655,,-0.88667023,0.16806418,0.20822853,,,,,,0.065969035,0.063789554,0.2444419,0.9413532,0.01592383,0.13544053,0.27020925
,,2.7106693,6.134239,-7.0380096,1690829692906,,1.8683299,-0.25587597,0.11843141,,,,,,0.104741104,0.24341853,-0.03782579,0.9257441,0.015415344,0.14197533,0.32305384
,,2.7004597,5.709354,-7.2225766,1690829693157,,1.5299108,0.016569708,0.06772963,,,,,,0.14953436,0.2181624,0.09584678,0.93243027,0.02059685,0.13705519,0.30143645
,,2.5576084,4.5950165,-7.646264,1690829693410,,-2.717432,0.4728857,-0.10025818,,,,,,0.055938233,-0.100804694,0.27948847,0.9487273,0.027332615,0.13197927,0.2509236
,,2.4239295,5.1671414,-7.4786863,1690829693663,,-0.24404047,0.24625486,0.05978839,,,,,,-0.15147664,0.040109348,0.10560487,0.93994594,0.027059397,0.13599692,0.27498177
,,2.5987647,6.1549783,-7.2323055,1690829693922,,2.0522003,-0.5301543,0.2766454,,,,,,-0.03170613,0.2448589,-0.1723921,0.92565525,0.022291232,0.14452705,0.3231704
,,2.4051852,5.3697333,-7.402277,1690829694173,,-0.06017018,0.42645997,-0.10453424,,,,,,-0.16878207,0.06029473,0.058793783,0.9353651,0.024042554,0.14104967,0.28953585
,,2.425046,4.703013,-7.729057,1690829694425,,-1.9062035,-0.25526512,-1.004949,,,,,,-0.26129466,-0.10160843,0.073399134,0.9460326,0.029954026,0.14518572,0.2533427
,,2.3439293,5.4051466,-7.428996,1690829694675,,1.0473276,0.075212725,-0.020234896,,,,,,-0.3962895,-0.015702438,-0.15457186,0.9319442,0.03286246,0.15515204,0.29083169
52.52654769,13.37440385,2.5867212,6.2388067,-7.223612,1690829695000,4.913056,2.3460262,-0.6975312,0.0072540194,,,,,,-0.17839774,0.19177148,-0.3750515,0.9216383,0.03808302,0.16239333,0.32537508
,,2.4278376,5.131408,-7.418069,1690829695182,,-1.4132357,0.42096218,0.008475749,,,,,,-0.11507439,-0.023863299,-0.03268307,0.9355357,0.05128687,0.15315762,0.27554768
,,2.3265412,4.7984867,-7.647621,1690829695433,,-1.6771293,-0.6663771,-0.6262128,,,,,,-0.15107505,-0.03792079,0.086370975,0.94376445,0.062151734,0.15246929,0.24926764
,,2.3792634,5.703372,-7.348439,1690829695686,,1.244637,0.23403756,0.17035492,,,,,,-0.058263358,0.1027307,-0.17910641,0.9287307,0.06690539,0.15691167,0.2946542
,,2.4063022,6.0804806,-7.2534437,1690829695936,,2.7418666,-0.38965538,-0.25725043,,,,,,0.13787764,0.23497221,-0.16701657,0.92449737,0.07006438,0.15221931,0.31324068
,,2.3219156,4.994059,-7.587562,1690829696187,,-2.3429718,0.67508197,0.021914775,,,,,,0.24987625,0.11750695,0.13487096,0.942049,0.07743205,0.13645458,0.25499174
,,2.1741986,4.8047085,-7.695717,1690829696439,,-1.6832379,-0.6059015,-0.36293003,,,,,,0.1026258,0.092538685,0.18666619,0.9463708,0.08043753,0.13384812,0.24186656
,,2.342733,5.9499927,-7.3774705,1690829696692,,1.1682789,0.10025818,0.27236933,,,,,,0.16449216,0.28627554,-0.04302999,0.9309141,0.07617329,0.1404848,0.2956519
,,2.3862824,5.964509,-7.3300924,1690829696942,,2.4938555,-0.36033386,0.12515092,,,,,,0.25436947,0.31281295,7.4127514E-4,0.930671,0.07373424,0.13481757,0.3014258
,,2.3379471,4.794498,-7.723633,1690829697193,,-2.762636,0.88277596,0.037797257,,,,,,0.19696482,0.17900506,0.32695663,0.9478074,0.07409538,0.1265699,0.24431838
,,2.3130617,4.9039307,-7.6561556,1690829697445,,-1.4040726,-0.06467531,-0.36903867,,,,,,0.10568805,0.23294573,0.33886287,0.9471712,0.07121363,0.13232788,0.24348713
,,2.4858236,6.049135,-7.259745,1690829697695,,1.6258166,0.14485131,0.1673006,,,,,,0.10377853,0.3753341,0.07943463,0.9296811,0.06370504,0.1464611,0.30248404
52.52670328,13.37449532,2.6167111,5.9296527,-7.327063,1690829698000,8.143305,2.4474297,-0.37438375,-0.04894554,,,,,,0.2284811,0.3843123,0.08660304,0.9301769,0.059814192,0.14744887,0.3022085
,,2.5146177,4.731886,-7.7185287,1690829698196,,-2.6325219,0.7422771,0.028634287,,,,,,0.13314302,0.1148916,0.24276365,0.945732,0.060473107,0.14516805,0.2473214
,,2.5269003,4.93089,-7.666843,1690829698448,,-1.4217877,-0.27725625,-0.25358525,,,,,,0.05818046,0.12078209,0.17599495,0.94261247,0.060536135,0.15329489,0.25296324
,,2.59709,6.073861,-7.2382083,1690829698700,,1.3423754,0.07765619,0.20028728,,,,,,0.08472027,0.27416152,-0.07549575,0.92578036,0.05761399,0.16269428,0.3093428
,,2.6648066,5.888896,-7.2985864,1690829698954,,2.526842,-0.3420079,-0.27252206,,,,,,0.15909597,0.23355277,-0.025829999,0.92841333,0.05834469,0.15905799,0.3030166
,,2.5559337,4.630591,-7.6736217,1690829699205,,-2.8396049,1.0568724,-0.011682789,,,,,,0.097378954,-0.056410007,0.24155696,0.9453023,0.06379144,0.1517392,0.24533273
,,2.556891,4.875935,-7.631909,1690829699457,,-1.4156791,-0.3737729,-0.31528258,,,,,,-0.023252511,-0.05011492,0.09771336,0.94234335,0.065431744,0.15765506,0.2507774
,,2.601796,6.043153,-7.1547003,1690829699708,,1.2788454,0.29634577,0.2314414,,,,,,-0.029486986,0.20382492,-0.060708832,0.9251786,0.06261739,0.16679396,0.3067136
,,2.6936007,5.858666,-7.2487383,1690829699958,,2.6331327,-0.2937496,-0.3513236,,,,,,0.0027554035,0.18184449,-0.068896554,0.9266698,0.06215937,0.16578442,0.30303967
,,2.6078577,4.6960735,-7.617073,1690829700210,,-2.386954,0.86445004,0.108657576,,,,,,-0.106747285,-0.020891488,0.17500995,0.94255924,0.07086835,0.16000344,0.24674597
,,2.5989249,4.720162,-7.4958367,1690829700461,,-1.6410882,-0.54298246,-0.28962627,,,,,,-0.18324797,-0.09767302,0.17596507,0.9399944,0.07628623,0.1678523,0.2487893
,,2.684109,6.042436,-7.0745397,1690829700713,,1.0045671,0.37026042,0.1740201,,,,,,-0.2059891,0.2685882,-0.032038227,0.922131,0.07508082,0.1788292,0.30632558
52.52684645,13.37457839,2.6379273,5.9735227,-7.022695,1690829701000,7.694575,2.4920228,-0.6095667,-0.35559967,,,,,,-0.12314936,0.28665236,0.15228412,0.92263216,0.0782912,0.174611,0.3064523
,,2.5922246,4.8670015,-7.423013,1690829701224,,-2.1358888,0.8571196,0.25159994,,,,,,-0.06660613,0.16652176,0.42475098,0.9394991,0.090406604,0.16171558,0.24775971
,,2.357569,4.781338,-7.4668813,1690829701475,,-1.5372412,-0.3835467,-0.74960744,,,,,,-0.2759655,0.13338146,0.42319095,0.9405114,0.09759166,0.16423832,0.2396604
,,2.44698,6.0587854,-7.1654663,1690829701725,,0.79259706,0.18272492,0.26137376,,,,,,-0.14431521,0.42892057,0.07126789,0.92369485,0.09849425,0.17384444,0.2944946
,,2.5336804,6.1641498,-7.2115684,1690829701976,,2.00272,-0.5112175,-0.019013166,,,,,,-0.031253632,0.4658355,0.00958929,0.92116165,0.10131623,0.17165886,0.30315435
,,2.4188247,5.0951967,-7.5558157,1690829702233,,-0.76022124,0.530307,0.081779525,,,,,,0.018276008,0.28543007,0.3053345,0.9375028,0.11161455,0.15948227,0.24927205
,,2.3137796,4.7285366,-7.5917096,1690829702485,,-1.6911792,-0.021914775,-1.0165553,,,,,,-0.10954651,0.110514745,0.33786574,0.9408472,0.11651766,0.16326551,0.23118347
,,2.299423,5.952385,-7.2790465,1690829702736,,0.31551164,0.28107417,0.08239039,,,,,,-0.1332715,0.31290704,0.06386792,0.92341393,0.116636515,0.18132973,0.28571478
,,2.4679573,6.3858047,-7.0176706,1690829702987,,1.9489641,-0.37621635,-0.067271486,,,,,,0.004153299,0.40846136,0.022832029,0.9144138,0.12298206,0.18571903,0.30812392
,,2.4257638,5.5020556,-7.331689,1690829703237,,1.30328,0.14362958,0.24793474,,,,,,0.04159486,0.3036633,0.3376895,0.926898,0.13659157,0.17673485,0.2654714
,,2.0623739,4.7439303,-7.5081196,1690829703487,,-2.6160283,0.70073825,-0.16562071,,,,,,-0.1824096,0.19146632,0.59786636,0.93526775,0.14934993,0.16691399,0.22839974
,,2.1744378,5.632943,-7.289335,1690829703740,,-0.883005,0.083764836,0.20517421,,,,,,-0.06790276,0.2932157,0.35789153,0.9219749,0.15409717,0.1800347,0.2697414
52.52698866,13.37462442,2.1016958,6.454399,-7.0603423,1690829704000,9.312464,1.597106,-0.023747368,0.6132319,,,,,,-0.051599775,0.635795,0.24097013,0.9093377,0.16010284,0.18222459,0.3056351
,,2.182015,5.822854,-7.338628,1690829704241,,2.7608035,-0.6737075,-0.55657417,,,,,,0.039798457,0.4442019,0.3459363,0.9189856,0.1659744,0.17122558,0.28172025
,,1.8388842,4.6723046,-7.5712104,1690829704502,,-2.5610507,1.2242494,0.7225767,,,,,,-0.0036263028,0.11314351,0.6385367,0.9323967,0.17742753,0.14844994,0.234516
,,1.9198414,5.161318,-7.318208,1690829704752,,-1.4694352,-0.04329504,-0.1344666,,,,,,-0.020006618,0.06866505,0.45844486,0.92456836,0.17599548,0.16090408,0.25805718
,,2.038924,6.2927246,-6.9210005,1690829705002,,0.5842922,-0.027412556,0.18745913,,,,,,0.06936369,0.25962847,0.11518434,0.9072906,0.17619322,0.1766025,0.30866575
,,2.254039,6.001917,-6.985687,1690829705252,,2.2488987,-0.18196134,-0.36964956,,,,,,0.19434814,0.16432028,0.16365878,0.9101422,0.1788034,0.17667323,0.29937938
,,2.2406394,4.9012194,-7.334001,1690829705503,,-1.6123776,0.57428926,-0.031230463,,,,,,0.23448175,-0.042836197,0.3150839,0.924506,0.19098923,0.16283904,0.24610631
,,2.2675185,4.770651,-7.233503,1690829705753,,-1.5390738,-0.26564983,-0.99945116,,,,,,0.17440158,-0.17904703,0.34925768,0.9231145,0.19940533,0.17253001,0.23746185
,,2.4342184,6.088298,-6.900581,1690829706005,,0.64476776,-0.18012875,0.35300347,,,,,,0.22096173,0.2021288,0.09141002,0.905058,0.20005359,0.19737262,0.28879708
,,2.4897316,6.2707906,-6.893243,1690829706256,,2.0772457,-0.7885501,-0.02328922,,,,,,0.345591,0.28826565,0.13620993,0.9020868,0.20180883,0.1980979,0.29609647
,,2.351746,5.3194036,-7.277451,1690829706507,,0.40775225,0.48204866,-0.530307,,,,,,0.3609591,0.23605825,0.44529337,0.9176006,0.20921136,0.179136,0.24921826
,,2.0346172,4.67063,-7.366863,1690829706757,,-2.0998478,-0.13614649,-0.5626828,,,,,,0.13657121,0.04435795,0.617809,0.9220005,0.22250478,0.17227937,0.22074278
52.52714194,13.37460566,1.9817356,5.686623,-7.0949583,1690829707000,9.240263,-0.49449503,-0.057344932,0.59124076,,,,,,0.07380259,0.20861676,0.40550974,0.9067555,0.22645447,0.1901942,0.26478747
,,2.125624,6.2162337,-6.8912497,1690829707257,,1.5714496,-0.0891099,0.26992586,,,,,,0.14107844,0.39785078,0.28587478,0.89775795,0.22505137,0.19314075,0.29264113
,,2.172284,5.495197,-7.243074,1690829707510,,2.1187844,-0.6138427,-0.13568833,,,,,,0.18145937,0.25895187,0.38443026,0.9104628,0.22742255,0.18020226,0.25920072
,,1.8931215,4.447699,-7.491449,1690829707761,,-2.8732026,1.1918736,0.20456335,,,,,,-0.018677453,-0.050931707,0.44312832,0.9212605,0.23792893,0.16321534,0.21483788
,,2.1853647,5.107481,-7.329216,1690829708012,,-1.0943643,-0.31024295,0.087888174,,,,,,0.0013083537,-0.03670947,0.14510855,0.91071075,0.23754682,0.18369056,0.24400164
,,2.2741387,6.2208614,-7.023573,1690829708263,,1.443168,-0.054901473,0.22105668,,,,,,0.038394768,0.3111826,-0.07145022,0.89752674,0.22852717,0.19838074,0.2882063
,,2.4520848,5.721639,-7.151748,1690829708513,,2.739423,-0.96203566,-0.6653081,,,,,,0.12703295,0.16433696,0.07306221,0.90543276,0.22292909,0.1941858,0.27163735
,,2.067399,4.6313086,-7.536594,1690829708765,,-2.7418666,1.1094068,0.12820524,,,,,,0.0013421655,-0.05083568,0.26250035,0.9180793,0.23613332,0.17465968,0.2209778
,,2.1454847,4.786284,-7.472705,1690829709015,,-1.4327834,-0.41286823,-0.49609855,,,,,,-0.08446919,-0.15563212,0.09097258,0.91107064,0.24384373,0.18849257,0.2296194
,,2.272065,6.0107713,-7.0504513,1690829709265,,0.9428698,0.084375694,0.38721192,,,,,,-0.0383681,0.1705443,-0.02953685,0.8926931,0.2439599,0.21251631,0.2812866
,,2.292723,5.9051676,-6.9855256,1690829709518,,2.4523168,-0.5460368,-0.3739256,,,,,,0.113913015,0.14097044,0.11159654,0.89376915,0.24707477,0.20957445,0.27777013
,,2.1380665,4.7763925,-7.4982295,1690829709768,,-1.2110394,0.7972549,0.034742933,,,,,,0.07716242,0.022798864,0.29976887,0.90769583,0.26291218,0.18594263,0.22439845
52.52727381,13.37466378,2.1095123,4.55737,-7.602078,1690829710000,8.15433,-1.6203188,-0.30902123,-0.9695188,,,,,,-0.027589174,-0.079110004,0.25230965,0.9068422,0.27467918,0.18716055,0.21253754
,,2.2540388,5.7683783,-7.2667627,1690829710268,,0.47189304,-0.10560325,0.35911214,,,,,,-0.06434326,0.22585392,0.030992253,0.8908544,0.27196848,0.20986627,0.26236537
,,2.4631715,5.9976897,-7.0813203,1690829710518,,1.8512257,-0.47456557,0.009697478,,,,,,0.18520305,0.32274258,0.10397016,0.88868296,0.2669783,0.21083775,0.27387825
,,2.4015167,5.089295,-7.4597034,1690829710768,,0.24159703,0.6323214,0.027412556,,,,,,0.20615844,0.2564654,0.31019363,0.90443116,0.2723697,0.18907359,0.22789969
,,2.3094726,4.5111084,-7.713582,1690829711019,,-1.9862268,0.020234896,-0.8766673,,,,,,-0.004509763,0.07828493,0.2673998,0.90916187,0.27985573,0.18369128,0.2013367
,,2.492125,5.5402613,-7.2798433,1690829711269,,-0.30207264,0.0074067353,0.2766454,,,,,,0.023037013,0.17279841,0.045082472,0.8945477,0.2745059,0.20981163,0.24743761
,,2.5309687,6.2009206,-7.0230145,1690829711521,,1.5934408,-0.1844048,0.065286174,,,,,,0.121743746,0.35004383,-0.03450861,0.88591295,0.26867753,0.2188228,0.27557516
,,2.619104,5.6403623,-7.395258,1690829711771,,2.2879941,0.09231694,-0.24625486,,,,,,0.25676885,0.35298714,0.055798452,0.89659417,0.27349082,0.2087303,0.2422761
,,2.1705291,4.591109,-7.8093767,1690829712022,,-2.6526804,0.7948114,0.14042254,,,,,,-0.16235155,0.08699463,0.18399072,0.90453315,0.28627712,0.194238,0.20151019
,,2.31689,5.298906,-7.610133,1690829712272,,-1.0992512,0.14790563,0.28764096,,,,,,-0.19700235,0.22908245,0.051126037,0.89340556,0.28727287,0.2151371,0.2306693
,,2.4035904,6.1836925,-7.1929045,1690829712524,,1.1187989,-0.3004691,0.119653136,,,,,,-0.066973634,0.44467455,0.026843945,0.879464,0.28521758,0.22943784,0.27149186
,,2.524667,5.7141395,-7.4179893,1690829712775,,2.3808455,-0.5112175,-0.09537126,,,,,,0.07059084,0.3098761,0.09604241,0.8864728,0.28873694,0.22036846,0.25442705
52.52738584,13.37450448,2.3171294,4.611368,-7.58772,1690829713000,7.476352,-1.786474,0.7294489,0.27236933,,,,,,-0.0050934595,0.15737575,0.3966884,0.8997389,0.29913962,0.19536565,0.20629302
,,2.3712876,4.571647,-7.508598,1690829713276,,-1.5323544,-0.30474517,-0.65003645,,,,,,-0.1191132,-0.046010494,0.30624804,0.89824003,0.29640958,0.20147416,0.21130449
,,2.5653455,6.029115,-6.971808,1690829713527,,0.5384773,-0.23693918,0.11537708,,,,,,0.13973774,0.42773634,0.14075537,0.88423294,0.287517,0.2195422,0.26204103
,,2.5583267,5.906922,-7.0569935,1690829713776,,2.952615,-0.08849903,-0.100869045,,,,,,0.23421425,0.3482568,0.110479675,0.88665164,0.2853081,0.21268411,0.2610385
,,2.2623339,4.7398624,-7.363752,1690829714027,,-3.1572547,0.9847904,-0.07154754,,,,,,0.062488955,0.12271114,0.42557594,0.90286607,0.29188803,0.185928,0.20964795
,,2.154338,4.98417,-7.2508106,1690829714277,,-1.2134829,0.13141228,-0.108199425,,,,,,-0.024822315,0.21492477,0.37035784,0.90057284,0.28872624,0.18926524,0.21632393
,,2.4953153,6.155058,-6.956893,1690829714527,,1.0925317,0.26763514,1.349324,,,,,,0.15929027,0.41047356,0.12128755,0.88633645,0.27797443,0.21508826,0.26625276
,,2.4587052,5.8813987,-6.8784876,1690829714777,,0.37048948,0.30611962,-0.027565273,,,,,,0.16461667,0.37929735,0.29634705,0.88856065,0.27784616,0.21287782,0.25765026
,,2.5281765,5.013123,-7.1054864,1690829715027,,-2.0857978,-0.4079813,-0.76671165,,,,,,0.13179317,0.030985769,0.47215828,0.89878935,0.28348067,0.20727168,0.22192524
,,2.5839288,5.3020964,-6.999006,1690829715277,,1.1536181,0.17172936,0.17524183,,,,,,0.09332964,0.0407777,0.29101402,0.8919174,0.28192937,0.21754795,0.23571569
,,2.869871,6.1268225,-7.000123,1690829715527,,3.047299,-0.4965567,-0.2627482,,,,,,0.18209086,0.29638356,0.009021426,0.88337725,0.27659407,0.23854287,0.2682623
,,2.7664218,5.175197,-7.1784678,1690829715777,,-2.9556692,0.679358,0.0353538,,,,,,0.058234952,-0.06660736,0.2527067,0.89102465,0.28564632,0.22568613,0.23183994
52.52750498,13.3744715,2.667678,4.998288,-7.4119277,1690829716000,7.356245,-0.95264363,0.09537126,0.2680933,,,,,,-0.064917736,-0.10584858,0.16259553,0.89399475,0.2924615,0.22274795,0.21994588
,,2.736432,5.749873,-7.2356567,1690829716279,,2.2421792,0.0184023,-0.14362958,,,,,,0.01813093,0.063494556,-0.045373727,0.88318026,0.29061317,0.2329472,0.25226283
,,2.626841,5.716852,-7.3827353,1690829716531,,0.083383046,0.036728244,0.20945026,,,,,,0.053668153,0.24988079,-0.064091064,0.8851073,0.2946512,0.2226663,0.24566036
,,2.6368105,4.86078,-7.5546193,1690829716783,,-2.2244642,-0.29069528,-0.35071275,,,,,,0.017331405,-0.026156362,0.2631318,0.896154,0.3022247,0.2094713,0.20884499
,,2.5636704,5.233023,-7.3773913,1690829717035,,1.1340705,0.106977694,0.22472188,,,,,,0.014766653,-0.03587262,0.055493847,0.8894311,0.29960665,0.21601114,0.22580217
,,2.8469803,6.0090156,-7.2417984,1690829717286,,2.6502368,-0.52282387,-0.19005531,,,,,,0.19384465,0.22490045,-0.14317861,0.88132226,0.29297888,0.23278284,0.25915968
,,2.6325035,5.046223,-7.404989,1690829717536,,-2.8243332,1.1326196,-0.062995434,,,,,,0.10669396,0.042302288,0.21734364,0.8904296,0.30140266,0.21385615,0.22091849
,,2.6727827,4.8090153,-7.552306,1690829717788,,-1.4285073,-0.18868086,-0.17600541,,,,,,0.17177643,-0.018457634,0.2558173,0.89431757,0.30917862,0.20921302,0.20436484
,,2.7369907,5.567461,-7.233423,1690829718038,,1.7266093,-0.29985824,0.083612114,,,,,,0.16669716,0.043359853,0.093743674,0.88186514,0.3030142,0.22685935,0.24349314
,,2.6991832,5.7470813,-7.2358165,1690829718288,,2.410167,-0.1673006,-0.15645774,,,,,,0.21394104,0.2477664,0.08212154,0.8807744,0.3031054,0.22747687,0.24963228
,,2.5611174,4.601,-7.443911,1690829718538,,-2.8762567,0.769766,-0.2841285,,,,,,0.08638656,-0.006156576,0.51130646,0.8940678,0.31254128,0.20789203,0.20102794
,,2.3819754,4.904329,-7.3885574,1690829718788,,-0.61544627,0.055665053,0.2729802,,,,,,0.02969679,0.094545,0.41688225,0.89067334,0.31437525,0.20993516,0.20769206
52.52762811,13.37442975,2.6470199,5.986682,-7.1617184,1690829719000,8.215208,1.9202534,-0.5435933,0.122707464,,,,,,0.21384957,0.29150409,0.08043888,0.87870014,0.3041411,0.23180133,0.25391418
,,2.462374,5.5109105,-7.279446,1690829719291,,1.1059707,0.15095995,-0.036728244,,,,,,0.12639116,0.26311567,0.22583136,0.8850097,0.30453327,0.22021559,0.23669739
,,2.3850062,4.529852,-7.4865847,1690829719542,,-2.77241,0.34826928,-0.4747183,,,,,,0.044816893,-0.057634853,0.42571002,0.89714473,0.31039923,0.20577146,0.19568148
,,2.3812573,5.198087,-7.296035,1690829719792,,0.30695954,0.14057526,0.19051345,,,,,,0.014038038,-0.0044031222,0.15078738,0.88708085,0.30532992,0.2192608,0.22355619
,,2.5726035,6.2370515,-7.1425753,1690829720043,,2.2061381,-0.19234605,0.2277762,,,,,,0.09714497,0.30877265,-0.18945663,0.87538636,0.2988524,0.23845346,0.26571804
,,2.4945972,5.4892955,-7.378669,1690829720293,,0.32284203,-0.14164427,0.083612114,,,,,,0.0025496641,0.19034478,-0.0070412,0.8843383,0.30517805,0.22487353,0.23392488
,,2.2818754,4.529932,-7.707919,1690829720543,,-1.0045671,0.26396993,-0.10331251,,,,,,-0.15508264,0.028607845,0.1762279,0.89542735,0.31639367,0.20505118,0.19134682
,,2.3416963,4.7170506,-7.8413596,1690829720795,,0.6582068,-0.13981168,0.24182609,,,,,,-0.13988687,0.109090164,0.05065282,0.89377964,0.32071802,0.2075952,0.19249423
,,2.3680174,4.9028134,-8.064211,1690829721049,,-0.28313583,0.18516839,0.020693045,,,,,,-0.050032742,0.3174124,-0.08135835,0.8941314,0.3235148,0.20452826,0.19174166
,,2.3395426,4.1773095,-8.467321,1690829721298,,0.1414152,-0.119653136,-0.07276927,,,,,,-0.029022034,0.2509066,0.040431485,0.9054448,0.3327535,0.18778257,0.15551622
,,2.2290738,3.3904698,-8.806146,1690829721550,,0.77488196,-0.08300125,0.04940369,,,,,,0.023498924,0.085126005,0.16511717,0.9150842,0.34400377,0.16875699,0.11899114
,,2.2366512,3.1840491,-8.880323,1690829721801,,-2.473697,0.54130256,-0.094760396,,,,,,0.048974972,-0.0046253125,0.12471334,0.91601455,0.34702876,0.162876,0.111470275
52.52772834,13.37438915,2.3454447,4.020819,-8.570851,1690829722000,6.7532535,-1.0070106,-0.25282165,-0.085597426,,,,,,0.13651042,0.17495346,0.05200755,0.9074153,0.3413562,0.178311,0.14483403
,,2.3178475,4.5953364,-8.073784,1690829722302,,0.7192933,0.20105088,0.22533275,,,,,,0.071900174,0.120952874,0.014832528,0.89504564,0.33045354,0.19390802,0.1840962
,,2.4309485,5.1390657,-7.7899942,1690829722553,,2.2910483,-0.25465426,0.050014555,,,,,,0.06451657,0.18501025,0.001010561,0.88705766,0.32392293,0.2095954,0.2126041
,,2.4089344,4.829593,-7.7328057,1690829722804,,3.054324E-4,0.08132137,0.15263984,,,,,,0.01895717,0.11975949,0.10738047,0.88786644,0.3251053,0.20689304,0.20475323
,,2.4745774,4.7975297,-7.5838923,1690829723055,,-1.9165882,0.27252206,-0.4936551,,,,,,-0.019494219,-0.018985605,0.16704594,0.8869242,0.32291144,0.212775,0.20701009
,,2.5897517,5.689016,-7.2876606,1690829723308,,-0.8316924,-0.08727731,0.18807,,,,,,0.016986331,0.076015994,-0.011347373,0.87419456,0.31926325,0.23460343,0.24682792
,,2.5517855,5.8746185,-7.056513,1690829723559,,0.9624175,-0.08605558,0.065286174,,,,,,0.011763994,0.105309375,-0.028836163,0.86747116,0.31851715,0.2401955,0.26150423
,,2.6317058,5.5684977,-7.3166127,1690829723811,,1.4578288,-0.34139705,0.22533275,,,,,,0.1283694,0.13314971,0.02969656,0.87477905,0.3261066,0.2320608,0.2407532
,,2.4423544,4.8191457,-7.485069,1690829724061,,-0.29107708,-0.090942495,-0.11980586,,,,,,0.086211555,0.041259304,0.2099671,0.8825442,0.33555567,0.21241608,0.20773217
,,2.359084,4.950193,-7.413124,1690829724312,,-1.8286238,0.1344666,-0.5132028,,,,,,0.03360372,-0.08569091,0.25285897,0.88012576,0.33871582,0.21413709,0.21365531
,,2.406621,5.788318,-7.1411405,1690829724563,,-0.78893185,-0.4079813,0.116598815,,,,,,0.22572492,0.18721223,0.16040511,0.8696285,0.33898544,0.22299609,0.24712206
,,2.3723242,6.0064635,-6.7667437,1690829724815,,0.28802276,-0.142866,0.27175847,,,,,,0.38740394,0.2469726,0.37081197,0.86732394,0.33469334,0.2178249,0.2606441
52.52782063,13.37434135,2.406541,5.9633126,-6.6472626,1690829725000,6.8208065,-0.44501498,-0.5454259,0.382325,,,,,,0.481685,0.11055551,0.5055553,0.8702155,0.3296267,0.20800827,0.26445547
,,2.4190638,6.312825,-6.2375307,1690829725318,,0.11453715,-0.70241815,0.4757873,,,,,,0.61657923,0.107862614,0.57439274,0.8655771,0.316964,0.2015916,0.2913437
,,2.3894727,7.251768,-5.681358,1690829725571,,-0.6997456,-0.60223633,0.47823077,,,,,,0.74265355,0.14300774,0.5596618,0.8575629,0.28939423,0.20370834,0.34855506
,,2.5962121,8.319606,-5.1955347,1690829725822,,0.286801,-0.2729802,0.45807222,,,,,,1.0807688,0.45130613,0.39589664,0.8518699,0.24952236,0.19656116,0.40449983
,,2.4473789,8.375197,-4.9511485,1690829726074,,-0.0736092,-0.39698574,0.359723,,,,,,1.0385731,0.34338665,0.53645134,0.85787123,0.20450436,0.17341301,0.4263385
,,2.3471198,8.30142,-4.967021,1690829726326,,0.40103272,-0.42264208,0.44768754,,,,,,0.9238433,0.30420977,0.5946334,0.8671989,0.1549612,0.145575,0.4363453
,,2.3556542,8.290333,-5.20096,1690829726578,,0.76327556,-0.29863653,0.5778017,,,,,,0.9865245,0.4367312,0.5259678,0.8775108,0.09786441,0.118957706,0.43790248
,,2.3308485,7.833144,-5.7177296,1690829726828,,1.7608178,-0.21372631,0.5790235,,,,,,0.9595794,0.4798589,0.5363918,0.8938604,0.03169171,0.09359467,0.4128059
,,2.301656,6.867402,-6.3631535,1690829727079,,-0.98868465,0.26763514,0.68470305,,,,,,0.8517245,0.550152,0.53596,0.91002256,-0.038353495,0.075770944,0.35904777
,,2.1978874,6.0044703,-6.7712893,1690829727332,,-2.1224496,0.43623382,0.20273075,,,,,,0.6447667,0.33844173,0.63202405,0.91783214,-0.11027413,0.06395821,0.32247037
,,2.2614563,6.11087,-7.046544,1690829727584,,-0.037568185,-0.09888373,0.23632832,,,,,,0.3631478,0.644224,0.39329216,0.90943176,-0.17681918,0.047472406,0.3215608
,,2.2485356,5.955655,-7.223851,1690829727834,,1.1707224,0.055665053,0.120264,,,,,,0.1128286,0.556336,0.21435814,0.8977842,-0.23360792,0.036764983,0.32424477
52.52789084,13.37441222,2.2461429,5.541618,-7.385846,1690829728000,7.0819654,1.8579452,-0.15386157,-0.38553202,,,,,,-0.22066505,0.36973837,0.1439147,0.89111465,-0.27871358,0.037533887,0.31579477
,,1.9700907,5.079245,-7.3889565,1690829728339,,-0.6716458,-0.03291034,-0.56695884,,,,,,-0.61412376,0.34419325,0.1969134,0.887997,-0.30714387,0.04376817,0.29802096
,,2.0764914,5.1255856,-7.565787,1690829728591,,0.22143848,-0.45074186,0.24243696,,,,,,-0.69700295,0.18969974,-0.06322298,0.88399345,-0.31522056,0.047799706,0.3095701
,,1.9460026,4.875535,-7.7865634,1690829728842,,-0.17806709,0.1625664,0.32001677,,,,,,-0.8744677,0.15259953,-0.09493849,0.88784426,-0.3113359,0.051424786,0.2995005
,,1.8903296,4.0081377,-8.27103,1690829729093,,-0.0070249448,0.23037238,-0.31528258,,,,,,-0.7968248,-0.088716075,-0.06725373,0.90332276,-0.30921564,0.06441046,0.25767368
,,1.9062821,3.3456447,-8.87761,1690829729343,,-0.64476776,-0.23755004,-0.09537126,,,,,,-0.73758626,0.069240995,-0.15262827,0.92135483,-0.30738053,0.074558586,0.2112417
,,1.6949961,3.006343,-9.1103525,1690829729595,,-0.52626,-0.06406444,-0.11797326,,,,,,-0.6531544,0.0867834,-0.12138497,0.9298271,-0.30645296,0.067583255,0.18754837
,,1.5562918,3.3721251,-9.084191,1690829729845,,0.029626941,-0.46173742,-0.24014622,,,,,,-0.5554669,0.015739838,-0.17398033,0.9269388,-0.30674163,0.048767462,0.20202646
,,1.1591629,3.8601012,-8.837414,1690829730097,,-0.19211698,-0.01763872,-0.011682789,,,,,,-0.61284786,0.07102444,-0.07560827,0.92108047,-0.3131818,0.025346333,0.21805455
,,0.9286544,4.2870607,-8.646067,1690829730348,,-0.20005822,-0.084833845,0.065286174,,,,,,-0.5443735,0.14959298,-0.08176474,0.9155001,-0.31721196,8.020694E-4,0.23578976
,,0.5269792,4.7021356,-8.440762,1690829730601,,-0.016798781,0.005574141,0.06284271,,,,,,-0.6039103,0.12737793,-0.046076346,0.9112494,-0.3172317,-0.026246352,0.2522647
,,0.13806584,5.1484766,-8.160642,1690829730851,,0.03940078,0.29878923,-0.17783801,,,,,,-0.654396,0.07252505,0.027488789,0.90634716,-0.316496,-0.05047059,0.27113315
52.52794684,13.37455604,-0.028075784,5.6041493,-8.04411,1690829731000,7.9129314,0.01802051,0.031230463,-0.048334677,,,,,,-0.72071356,0.15588833,-0.026283152,0.90365404,-0.31004217,-0.06292283,0.28722626
,,-0.018584251,5.757849,-8.087741,1690829731354,,0.11209369,-0.110490166,0.14592032,,,,,,-0.66794837,0.15005586,-0.17667519,0.90299094,-0.30284685,-0.06576777,0.29663306
,,0.06572285,5.805307,-8.010452,1690829731605,,0.123089254,-0.08849903,-0.1295797,,,,,,-0.6148063,0.1272115,-0.13758908,0.90267175,-0.2986521,-0.06293927,0.30266112
,,0.0823131,5.8231735,-8.050413,1690829731855,,0.12247839,-0.043905906,0.014584397,,,,,,-0.6236168,0.12276414,-0.17642283,0.90351874,-0.2956811,-0.0601619,0.30361304
,,0.19597217,5.7281785,-8.017312,1690829732106,,0.019853106,-5.345067E-4,0.057344932,,,,,,-0.5581909,0.13607356,-0.12496066,0.90596944,-0.29149684,-0.05518039,0.30133066
,,0.31282175,5.717091,-8.065488,1690829732357,,-0.009468404,-0.23632832,0.00481056,,,,,,-0.46351844,0.21035121,-0.05423498,0.9090467,-0.28809637,-0.051184442,0.29619586
,,0.3278965,5.714858,-8.021779,1690829732608,,0.03329213,-0.24671301,-0.14424044,,,,,,-0.3560663,0.26106566,0.07560863,0.910227,-0.2897263,-0.051835082,0.29083407
,,0.34337002,5.8367324,-7.9515896,1690829732859,,0.160352,-0.14836378,0.21311545,,,,,,-0.28181046,0.45513824,0.21245846,0.91053945,-0.29425848,-0.055750974,0.28440887
,,0.4156333,5.838248,-8.026803,1690829733109,,0.25442517,-0.35605782,0.37621635,,,,,,-0.11961825,0.58570427,0.22166418,0.9104351,-0.30187455,-0.061621364,0.2746197
,,0.34767714,5.902694,-8.002476,1690829733361,,-0.30207264,-0.01763872,0.38599017,,,,,,-0.08274328,0.72643864,0.32303876,0.9056262,-0.31950513,-0.07003779,0.26568723
,,0.2889732,6.152665,-7.930931,1690829733615,,-0.031459536,-0.03291034,0.016416991,,,,,,-0.03802037,0.9063715,0.42735007,0.8958226,-0.34324446,-0.08261299,0.26221532
,,0.2689533,6.1710896,-7.950393,1690829733870,,0.12980877,-0.40737045,0.07628174,,,,,,0.08835247,0.88867503,0.39194855,0.885687,-0.3664494,-0.09680296,0.2591961
52.52799273,13.37468599,0.17714868,6.188716,-7.9208817,1690829734000,9.858384,0.43707374,-1.0292308,0.8740711,,,,,,0.14354102,0.89273137,0.3514652,0.87262505,-0.39485642,-0.11355509,0.25356397
,,-0.0059022796,6.062774,-7.6637335,1690829734373,,-2.2605052,-0.89850575,1.2912918,,,,,,0.049361967,0.6250225,0.5059609,0.84308517,-0.44207332,-0.13798176,0.24971384
,,-0.33005,6.593662,-6.759964,1690829734624,,0.318566,-0.37988153,0.11415535,,,,,,-0.29438826,0.561388,0.7258476,0.7845469,-0.49424416,-0.18855919,0.26559395
,,-0.3523032,7.7125463,-5.123513,1690829734876,,-0.19089524,0.55901766,1.2185988,,,,,,-0.3569673,0.89404863,1.1059455,0.7105252,-0.5459107,-0.24721831,0.2799709
,,-0.15768698,8.102258,-4.337629,1690829735134,,-0.5024363,0.47838348,0.031688612,,,,,,-0.3925126,0.61635953,0.9600876,0.6313312,-0.59072286,-0.3055315,0.29932627
,,0.13655041,8.792109,-3.427798,1690829735386,,0.54519683,-2.329762,0.51854783,,,,,,-0.41956148,0.61398494,0.78677636,0.55316067,-0.62839735,-0.36428058,0.326807
,,0.61192447,9.222098,-2.3921847,1690829735638,,0.67592186,-0.50816315,0.098272875,,,,,,-0.26373953,0.41735512,0.8593828,0.4505485,-0.67615503,-0.4285412,0.33188054
,,0.9535397,9.849576,-1.736312,1690829735889,,0.42668906,-0.6932552,-0.073380135,,,,,,-0.21244566,0.48083344,0.68354857,0.35017395,-0.7086775,-0.48817715,0.31941706
,,1.0859429,10.029757,-1.7483557,1690829736140,,0.23548837,-0.4397463,0.8117629,,,,,,-0.20532408,0.54773945,0.45168787,0.26958498,-0.735412,-0.5187673,0.2792918
,,1.1684952,9.432108,-2.6439893,1690829736390,,-0.24831653,-0.3475057,0.13492475,,,,,,-0.26658204,0.058482185,0.03698718,0.20075817,-0.7568339,-0.5341322,0.24209261
,,0.92442715,9.430353,-2.6585853,1690829736641,,-0.2452622,-0.38660106,-0.15706861,,,,,,-0.48488185,0.14012493,0.18436788,0.13928632,-0.77769977,-0.54872715,0.19258022
,,0.58512485,9.355937,-2.6364124,1690829736891,,0.04856375,-0.06284271,-0.02328922,,,,,,-0.6597487,0.110302195,0.4356653,0.07385197,-0.8026788,-0.5650917,0.12980057
52.52797136,13.3748094,0.06731811,9.420862,-2.9326437,1690829737000,16.653864,0.06017018,0.94874936,-1.1167371,,,,,,-0.9934153,0.17782082,0.34883255,0.041951418,-0.8123619,-0.5700118,0.0919315
,,-0.57204413,9.339664,-3.3361533,1690829737394,,0.92271125,0.81863517,-0.5608502,,,,,,-1.2737948,0.1362662,0.11865761,0.050381787,-0.8152358,-0.56700474,0.076952234
,,-0.37750766,9.301459,-3.2013576,1690829737645,,-0.9911281,1.3232095,0.57230395,,,,,,-0.9162518,0.09526571,0.23526382,0.08122066,-0.809051,-0.56395966,0.08746116
,,-0.106799655,9.314462,-2.8662825,1690829737897,,-0.54519683,1.5125775,-0.073380135,,,,,,-0.7463996,0.0038687706,0.03618858,0.11878015,-0.78464997,-0.5712216,0.12785877
,,0.5209972,9.680483,-2.299024,1690829738148,,2.8090618,-2.3089926,-0.43073604,,,,,,-0.2569358,0.26773518,-0.04540493,0.16532864,-0.75393564,-0.572177,0.18595484
,,0.6881758,9.351471,-2.372803,1690829738400,,-0.83596843,-1.4543927,1.0732131,,,,,,-0.009299874,0.028356124,0.15559626,0.21029407,-0.75399745,-0.5555145,0.20798774
,,0.52019954,9.571769,-2.3023736,1690829738651,,0.24587308,-0.07200569,0.2796997,,,,,,-0.09475795,0.24311608,0.24057074,0.21740584,-0.7552263,-0.5530755,0.20696416
,,1.3651853,9.636295,-1.8630518,1690829738903,,-0.6203332,-0.5258782,0.6138427,,,,,,0.48760265,0.314662,0.59666806,0.18280368,-0.7563304,-0.5571145,0.19681439
,,1.5558134,9.62816,-1.7971693,1690829739154,,-0.024129158,0.27313292,0.40065095,,,,,,0.36861044,0.2502127,0.45772445,0.12152017,-0.7551717,-0.56995004,0.17513603
,,1.6692331,9.699863,-1.7040886,1690829739408,,0.123089254,0.058108512,0.14408773,,,,,,0.36010876,0.37668028,0.71268135,0.060057662,-0.76686364,-0.57844234,0.13054158
,,1.5960927,9.349555,-2.0918853,1690829739659,,-0.16707152,0.09231694,0.01886045,,,,,,0.16057447,0.091372125,0.64309466,-0.009645742,-0.7853213,-0.5910176,0.075067505
,,1.9500709,9.63215,-1.7100703,1690829739911,,0.22143848,0.047112945,-0.26213735,,,,,,0.06791994,0.29203403,0.4509376,-0.0757189,-0.7734825,-0.6189733,0.061833724
52.52798967,13.37480516,2.6064224,9.463373,-1.4969499,1690829740000,10.015476,-0.18723005,0.41057748,-0.12224931,,,,,,0.23450193,0.12245951,0.32664216,-0.101252176,-0.76158035,-0.6328522,0.07369183
,,2.6308286,9.535636,-1.1282159,1690829740414,,0.40408704,-0.4134791,-0.20532693,,,,,,3.7343503E-4,0.14728504,0.30850524,-0.1054954,-0.7501705,-0.6449534,0.09003787
,,2.6174288,9.530773,-1.1830114,1690829740664,,0.14935644,-0.29863653,-0.09842559,,,,,,-0.026041353,0.13147767,0.1511017,-0.09650345,-0.74650776,-0.6498052,0.09716536
,,2.53376,9.412726,-1.5443279,1690829740914,,2.3319764,2.142379,0.36216646,,,,,,0.020703498,-0.07182179,0.14632012,-0.08927837,-0.7462107,-0.6515577,0.09403763
,,2.383411,9.405627,-1.4599408,1690829741166,,-1.1640029,-1.3792564,0.16852233,,,,,,0.013415142,-0.07911205,0.28056684,-0.08150662,-0.74930626,-0.6495803,0.09036552
,,2.430071,10.073624,-1.5889143,1690829741418,,-2.743699,1.9194134,-0.12530364,,,,,,0.090646915,0.5011795,-0.13308182,-0.07767768,-0.74514174,-0.6551678,0.083931416
,,2.0560727,9.509954,-0.28291166,1690829741670,,-2.3582435,-4.8428597,-0.51198107,,,,,,0.31171864,0.07848375,0.22797593,-0.055962812,-0.7033709,-0.69051707,0.07608874
,,1.237488,8.383334,0.80997044,1690829741920,,-0.27397284,-0.28580835,-0.57428926,,,,,,-0.13057436,-0.4118328,-0.16575845,-0.048583202,-0.6135976,-0.67429096,0.060109757
,,0.8464213,7.7730846,2.8989844,1690829742172,,-1.5720605,2.8308237,-0.65370166,,,,,,-0.08809972,-0.3263763,0.005826012,-0.044064462,-0.44571176,-0.4039339,0.050407384
,,0.1102294,6.709076,4.8802414,1690829742423,,-0.42668906,-0.7622829,-0.020845762,,,,,,-0.20917438,-0.16353253,-0.08243387,-0.05100041,-0.29765713,-0.13188478,0.04300706
,,-0.38715878,5.472625,6.7243104,1690829742683,,0.30390522,0.2939023,-0.14485131,,,,,,-0.22450688,-0.17415677,-0.21630944,-0.043861326,-0.15357755,0.13849303,0.03337673
,,-1.1122638,3.6266415,8.5746,1690829742934,,0.044898562,-0.060399257,0.040240716,,,,,,-0.3031709,-0.7346982,0.10209408,-0.03258749,-0.015942158,0.41795328,0.027496405
52.5280045,13.37480264,-1.3347164,3.0113673,9.062337,1690829743000,8.743836,-0.031459536,-0.100105464,0.09155336,,,,,,-0.4713014,-0.34290296,-0.29151213,-0.047875047,0.08741364,0.72592574,0.020889793
,,-1.0366505,2.8510482,9.555417,1690829743443,,0.55985755,0.47166398,-0.09598213,,,,,,-0.0011266529,0.070430174,-0.027938446,-0.053900473,0.1416272,0.9850824,0.019575147
,,-1.0782857,2.394737,9.459147,1690829743698,,-0.04612029,-2.71705,0.022525638,,,,,,-0.050253835,0.05187112,-0.07352456,-0.05926558,0.12120017,0.989712,0.021126244
,,-0.6980662,2.4181864,9.697393,1690829743948,,0.63988084,0.062995434,0.07017309,,,,,,-0.06300883,0.06651363,0.025627708,-0.036680236,0.12124494,0.990904,0.028766526
,,-0.57332045,2.6987853,9.637333,1690829744200,,0.14691298,-0.074449144,0.093996815,,,,,,-0.11104228,0.08051537,0.04245688,-0.026073745,0.1341674,0.9889278,0.036848247
,,-0.38197422,2.9316063,9.597214,1690829744452,,0.03451386,0.16562071,0.09277509,,,,,,-0.12613186,0.06483331,0.06803789,-0.01351496,0.14688048,0.9867944,0.04357361
,,-0.21902297,2.9538596,9.460185,1690829744703,,0.6319396,-2.1801,0.26564983,,,,,,-0.2916851,-0.043108813,0.07271461,0.003936901,0.1551126,0.98460174,0.05438377
,,0.44179484,2.9704502,9.434022,1690829744955,,-0.109650224,0.33727372,0.35727954,,,,,,-0.37111202,0.054221343,0.14161555,0.044304643,0.14858386,0.98128825,0.06763566
,,0.9740383,2.5997221,9.291968,1690829745205,,-0.5207622,1.1472805,-0.36231917,,,,,,-0.28259477,-0.059224214,0.11726694,0.07449979,0.13557035,0.98109245,0.07723624
,,1.1026129,2.2686353,9.513226,1690829745456,,-0.051618073,-0.048792824,-0.4673879,,,,,,-0.10312874,0.01863875,0.29074058,0.07285444,0.113747336,0.98174274,0.08687849
,,0.99318117,1.6542379,9.672348,1690829745707,,0.052839804,0.1589012,-0.268246,,,,,,-0.10660157,0.055305216,0.38737774,0.06505934,0.08211167,0.9826308,0.10141513
,,0.7723234,0.8912467,9.921122,1690829745958,,0.16523892,0.4295143,-0.18700098,,,,,,-0.115727425,-0.0089615565,0.52476025,0.05124491,0.04779334,0.9831919,0.11935072
52.52798138,13.37482113,0.60466635,0.40709886,10.363555,1690829746000,9.654647,1.0595449,-0.19601123,-0.33788458,,,,,,0.11284733,0.0645395,0.78381056,0.029895416,0.020662118,0.9836265,0.13418005
,,-0.0700299,0.15377878,10.415877,1690829746459,,0.21532984,-0.99013543,-0.66775155,,,,,,0.18644892,-0.14409226,0.6643881,-0.007970321,0.020439673,0.98372954,0.15424247
,,-0.5068796,0.24087746,10.50824,1690829746710,,-0.059559315,1.5339578,-0.80519617,,,,,,0.05640408,-0.20693325,0.6613435,-0.022449872,0.02678371,0.97620565,0.19288523
,,-0.8023135,0.53918266,10.116136,1690829746960,,-0.11759147,1.361083,-0.7135664,,,,,,-0.10056154,-0.29346567,0.26159328,-0.019304903,0.04694516,0.9593788,0.24552177
,,-0.6679963,1.146162,9.944571,1690829747211,,-0.5079341,-1.2326487,-0.8730021,,,,,,0.099084035,-0.3518302,0.22462398,-0.005300777,0.07780794,0.9347287,0.3054052
,,-0.30500513,1.8653647,9.733764,1690829747465,,0.1621846,-0.32062766,-0.6653081,,,,,,0.24456924,-0.32282457,0.111655585,0.024370058,0.10297783,0.90067184,0.3763465
,,-0.013240272,2.580101,9.414403,1690829747716,,0.29107708,-0.45929396,-0.48571387,,,,,,0.20195676,-0.29827183,-0.09277385,0.06306753,0.12364699,0.8566656,0.45704845
,,0.13184455,3.1564522,9.223375,1690829748135,,-0.33689192,-0.021914775,-0.44295332,,,,,,0.06537934,-0.20139922,-0.09194727,0.09990003,0.13071239,0.8056209,0.5391346
,,0.061495528,3.574159,9.216914,1690829748398,,-0.054672398,-0.119653136,-0.32994333,,,,,,0.050498016,-0.06424867,0.01643467,0.11970856,0.13540569,0.7526575,0.61210865
