92#1#0
key,lat,lon,ts,bike,childCheckBox,trailerCheckBox,pLoc,incident,i1,i2,i3,i4,i5,i6,i7,i8,i9,scary,desc,i10
,,,,1,0,0,0,-5,0,0,0,0,0,0,0,0,0,0,,0

=========================
92#1
lat,lon,X,Y,Z,timeStamp,acc,a,b,c,obsDistanceLeft1,obsDistanceLeft2,obsDistanceRight1,obsDistanceRight2,obsClosePassEvent,XL,YL,ZL,RX,RY,RZ,RC
52.43215781,13.19291191,-5.4580593,5.7526813,-3.894572,1682522641000,10.72,-0.45359802,0.6125183,-0.49021912,,,,,,0.25059614,0.09973897,0.13503318,0.0,0.0,0.0,0.0
,,-6.442115,4.456101,-4.975394,1682522641262,,-0.30659485,1.4338379,1.0245819,,,,,,0.05612607,-0.25491324,-0.108814634,0.0,0.0,0.0,0.0
,,-6.3408,3.83724,-5.8653584,1682522641513,,-0.9681244,0.8383484,0.20007324,,,,,,0.09896671,-0.4163337,-0.18115804,0.0,0.0,0.0,0.0
,,-5.296529,4.2353163,-6.198232,1682522641764,,-0.4429474,0.4857483,-0.29847717,,,,,,0.1680086,-0.50573677,-0.4988238,0.0,0.0,0.0,0.0
,,-4.0732503,4.9611583,-6.2362204,1682522642016,,0.03642273,0.0713501,-0.04067993,,,,,,0.17408472,-0.6398817,-0.6462812,0.0,0.0,0.0,0.0
,,-2.6724427,5.8661666,-6.010966,1682522642268,,0.14508057,-0.3558197,0.058395386,,,,,,0.33070353,-0.58777374,-0.5305294,0.0,0.0,0.0,0.0
,,-1.4346405,6.848828,-5.9539843,1682522642518,,0.05239868,-0.004272461,0.03175354,,,,,,0.25054052,-0.41210708,-0.48441342,0.0,0.0,0.0,0.0
,,-0.30014902,7.7989273,-5.713806,1682522642771,,0.6372223,0.0053100586,-0.3506775,,,,,,0.19745348,-0.19259836,-0.28556067,0.0,0.0,0.0,0.0
,,0.109099835,7.919077,-5.696687,1682522643025,,0.47850037,-0.35687256,0.18515015,,,,,,0.1753117,-0.27762815,-0.32033014,0.0,0.0,0.0,0.0
,,-0.024018351,7.8875527,-5.867753,1682522643276,,1.1336365,-0.6753998,0.06904602,,,,,,0.11791037,0.007844797,-0.14497434,0.0,0.0,0.0,0.0
,,-0.15609945,7.286967,-6.338613,1682522643528,,0.8204498,-0.019195557,-0.18661499,,,,,,0.29051158,0.1459317,0.01565469,0.0,0.0,0.0,0.0
,,-0.5991074,6.213607,-7.019883,1682522643779,,-0.18196106,0.19918823,0.17770386,,,,,,0.28751868,0.1075275,0.07311242,0.0,0.0,0.0,0.0
52.43216465,13.19283501,-0.89275616,5.2756376,-7.7220225,1682522644000,9.648001,-1.1225891,-0.10227966,0.37158203,,,,,,0.38166633,0.11747892,0.073612735,0.0,0.0,0.0,0.0
,,-1.0770701,4.798114,-8.1061325,1682522644280,,-1.5486908,0.03300476,0.42271423,,,,,,0.50670063,0.106971644,0.117809564,0.0,0.0,0.0,0.0
,,-1.1754318,5.0752025,-7.8574157,1682522644533,,-0.83283997,-0.5273285,0.09780884,,,,,,0.505502,0.26867828,0.18873674,0.0,0.0,0.0,0.0
,,-1.1488159,5.52639,-7.230215,1682522644785,,0.49021912,0.4942627,0.13082886,,,,,,0.53308797,0.22580132,0.17916605,0.0,0.0,0.0,0.0
,,-1.0065206,6.356819,-6.554212,1682522645041,,0.3410797,-0.18003845,0.07009888,,,,,,0.4666951,0.22172529,0.066370346,0.0,0.0,0.0,0.0
,,-0.7315069,7.47938,-5.5842013,1682522645295,,-0.049865723,-0.66368103,-0.30593872,,,,,,0.4622383,0.22309892,0.10917916,0.0,0.0,0.0,0.0
,,-0.6988261,8.47054,-4.6127543,1682522645547,,-0.63256836,-0.087371826,-0.09820557,,,,,,0.36786726,0.108655594,-0.03610005,0.0,0.0,0.0,0.0
,,-0.78960574,9.116613,-3.5058746,1682522645799,,-0.33535767,0.18214417,0.13615417,,,,,,0.21813542,0.052523963,-0.024569651,0.0,0.0,0.0,0.0
,,-0.9382065,9.337957,-2.738412,1682522646050,,-0.13508606,-0.36647034,0.22776794,,,,,,0.07091029,-0.0075650853,-0.015963214,0.0,0.0,0.0,0.0
,,-1.1235977,9.342587,-2.3473592,1682522646301,,0.4571991,-0.8990936,0.13082886,,,,,,-0.11742863,-0.17903696,-0.114055954,0.0,0.0,0.0,0.0
,,-1.4502467,9.415371,-2.2685902,1682522646552,,1.0484161,0.864975,-0.7032776,,,,,,-0.34946612,-0.099832945,-0.1172633,0.0,0.0,0.0,0.0
,,-1.9458455,9.150013,-2.902056,1682522646802,,1.4574738,-0.6370392,-0.21325684,,,,,,-0.55255705,0.06845223,-0.226203,0.0,0.0,0.0,0.0
52.43217105,13.19277176,-2.486057,8.264279,-3.5879948,1682522647000,3.216,-1.8416443,0.9150543,0.40992737,,,,,,-0.78645325,-0.11179004,-0.058337864,0.0,0.0,0.0,0.0
,,-2.6008189,7.8598986,-4.087865,1682522647309,,-1.1044769,1.1557922,-0.093948364,,,,,,-0.86237293,-0.2333933,0.113905124,0.0,0.0,0.0,0.0
,,-2.778388,8.133157,-4.58123,1682522647562,,-1.7436371,1.4444885,0.21179199,,,,,,-1.1069171,0.10579558,-0.019822812,0.0,0.0,0.0,0.0
,,-2.6152232,8.055184,-4.633823,1682522647813,,2.5717468,1.3443451,-0.27290344,,,,,,-1.0520856,0.067729756,-0.1337025,0.0,0.0,0.0,0.0
,,-2.6008973,7.988866,-4.6041346,1682522648065,,3.6881409,-0.4293213,-1.012207,,,,,,-1.1166118,0.023610083,-0.038943235,0.0,0.0,0.0,0.0
,,-2.4850984,7.2830153,-4.726039,1682522648315,,0.18554688,1.8247833,-0.6382904,,,,,,-1.0326276,-0.24818948,0.13466829,0.0,0.0,0.0,0.0
,,-1.9576162,7.1790266,-5.0664544,1682522648566,,-2.425415,2.2380981,-0.4380188,,,,,,-1.018318,-0.19324382,-0.037997182,0.0,0.0,0.0,0.0
,,-1.4967326,7.495341,-5.507826,1682522648818,,-0.35560608,0.018096924,-0.23776245,,,,,,-1.0974876,0.13770601,-0.43338192,0.0,0.0,0.0,0.0
,,-0.98201954,6.865466,-5.8510747,1682522649069,,1.6502991,-0.40055847,-0.46891785,,,,,,-0.8666162,-0.29654205,-0.35256436,0.0,0.0,0.0,0.0
,,-0.9762334,6.225736,-6.8949456,1682522649322,,2.4918518,-0.902298,-0.20153809,,,,,,-0.862035,-0.18626903,-0.121383175,0.0,0.0,0.0,0.0
,,-1.0435903,4.945396,-7.758734,1682522649573,,-0.9159241,0.6913452,0.14680481,,,,,,-0.76923275,-0.2281705,-0.04250126,0.0,0.0,0.0,0.0
,,-0.66730195,5.033183,-7.777649,1682522649825,,-2.6459198,1.1217041,-0.7597351,,,,,,-0.7742174,-0.22857049,-0.07925763,0.0,0.0,0.0,0.0
52.43219595,13.19272402,-0.49037018,6.139344,-7.3110194,1682522650000,3.216,0.4571991,-0.19602966,-0.01512146,,,,,,-0.69047004,0.23322767,-0.12688565,0.0,0.0,0.0,0.0
,,-0.48649952,5.979372,-7.288194,1682522650329,,1.8548279,-0.30041504,0.034957886,,,,,,-0.39793333,0.1653916,0.044824664,0.0,0.0,0.0,0.0
,,-0.83557385,5.173444,-7.719669,1682522650586,,1.047348,-0.27911377,0.1691742,,,,,,-0.38436824,0.2337659,0.22164352,0.0,0.0,0.0,0.0
,,-1.0044448,4.536985,-7.7498364,1682522650838,,-3.1188965,1.3613892,-0.016174316,,,,,,-0.37575307,0.10470176,0.37984884,0.0,0.0,0.0,0.0
,,-0.5661067,5.8138523,-7.363851,1682522651089,,-0.38542175,-0.34196472,0.18302917,,,,,,-0.23137896,0.39580745,0.21292461,0.0,0.0,0.0,0.0
,,-0.3628784,6.5631976,-7.080696,1682522651339,,2.226593,0.3643036,-0.028961182,,,,,,-0.011327795,0.61024594,0.11514668,0.0,0.0,0.0,0.0
,,-0.57672065,5.600091,-7.4632893,1682522651594,,1.4660034,-0.6008301,0.38435364,,,,,,0.015988851,0.42719305,0.32733652,0.0,0.0,0.0,0.0
,,-0.9122686,4.552308,-7.8344703,1682522651845,,-1.375061,0.4857483,-0.27929688,,,,,,-0.11265043,0.36673373,0.47649118,0.0,0.0,0.0,0.0
,,-0.72663826,4.717668,-7.8529058,1682522652096,,-1.8480377,0.27589417,-0.22816467,,,,,,-0.06310562,0.28885987,0.3694231,0.0,0.0,0.0,0.0
,,-0.49192658,5.883046,-7.4727473,1682522652349,,-0.6943512,-0.28125,0.14361572,,,,,,0.013431685,0.5756652,0.22469348,0.0,0.0,0.0,0.0
,,-0.5765615,5.823471,-7.2694798,1682522652602,,1.3136749,-0.16726685,0.005126953,,,,,,0.017353816,0.39880726,0.33116162,0.0,0.0,0.0,0.0
,,-0.65066224,5.5514493,-7.463211,1682522652855,,1.8729248,-0.60401917,0.41844177,,,,,,-0.005115835,0.40871042,0.40129313,0.0,0.0,0.0,0.0
52.43216283,13.1927074,-0.7619929,5.2764745,-7.5562654,1682522653000,3.216,0.009780884,0.3600464,-0.13442993,,,,,,-0.05262926,0.35899258,0.38510102,0.0,0.0,0.0,0.0
,,-0.752655,5.3870473,-7.5470877,1682522653362,,-2.3433838,0.69241333,-0.19407654,,,,,,-0.10864893,0.2368221,0.3344225,0.0,0.0,0.0,0.0
,,-0.69180244,5.9810486,-7.2844033,1682522653615,,-1.0895691,0.1842804,-0.053466797,,,,,,-0.08348111,0.35731182,0.251733,0.0,0.0,0.0,0.0
,,-0.66351116,6.0085425,-7.204277,1682522653868,,1.1134033,-0.073516846,-0.12271118,,,,,,-0.08101061,0.28263962,0.21681409,0.0,0.0,0.0,0.0
,,-0.5649902,5.675389,-7.572944,1682522654120,,2.096634,-1.0855255,0.27996826,,,,,,0.05118632,0.26732883,0.17442574,0.0,0.0,0.0,0.0
,,-0.9390839,5.037853,-7.7587337,1682522654373,,0.27929688,0.123550415,0.15426636,,,,,,-0.059700005,0.26123247,0.24292879,0.0,0.0,0.0,0.0
,,-0.89068097,4.985819,-7.691656,1682522654625,,-2.7236786,0.8149109,0.18302917,,,,,,0.040659968,0.16788188,0.27379987,0.0,0.0,0.0,0.0
,,-0.6512614,5.9772573,-7.292862,1682522654877,,-1.05867,0.05857849,0.059448242,,,,,,0.16039424,0.42173973,0.20987453,0.0,0.0,0.0,0.0
,,-0.5702978,6.1246614,-7.0633783,1682522655134,,1.1826477,0.22688293,-0.21325684,,,,,,0.20280154,0.39656243,0.2366819,0.0,0.0,0.0,0.0
,,-0.60445505,5.7348847,-7.504749,1682522655387,,2.672943,-1.2666168,0.040283203,,,,,,0.17308393,0.38416004,0.18046781,0.0,0.0,0.0,0.0
,,-0.97443897,4.882549,-7.7095723,1682522655639,,-0.6911621,0.49746704,-0.16851807,,,,,,-0.04117694,0.25756222,0.30587155,0.0,0.0,0.0,0.0
,,-0.79890496,4.895877,-7.675136,1682522655890,,-2.869629,0.69667053,-0.070510864,,,,,,-0.051647957,-0.0040306807,0.25198463,0.0,0.0,0.0,0.0
52.43209014,13.19270792,-0.5294378,6.114047,-7.2178845,1682522656000,3.216,0.2707672,-0.457016,0.3651886,,,,,,-0.006771482,0.27203682,0.10308897,0.0,0.0,0.0,0.0
,,-0.4534612,6.1314855,-7.1935034,1682522656392,,1.5746613,0.4953308,0.060516357,,,,,,0.05946185,0.21273866,0.07027793,0.0,0.0,0.0,0.0
,,-0.69515586,5.5456634,-7.6904993,1682522656644,,2.0380554,-1.1409149,0.098861694,,,,,,-0.08350375,0.28169093,0.12660354,0.0,0.0,0.0,0.0
,,-0.97124785,4.6582932,-7.748758,1682522656895,,-2.4318085,0.80744934,-0.2995453,,,,,,-0.20864415,0.04706861,0.33500597,0.0,0.0,0.0,0.0
,,-0.68246716,5.5212026,-7.489626,1682522657147,,-1.9066315,0.116104126,-0.2537384,,,,,,-0.19605914,0.13123138,0.1882034,0.0,0.0,0.0,0.0
,,-0.5088069,6.5402546,-6.9667716,1682522657400,,1.2167358,-0.20561218,-0.11843872,,,,,,-0.16850062,0.36579522,0.08508678,0.0,0.0,0.0,0.0
,,-0.46882325,6.1514363,-7.176423,1682522657654,,2.5046387,-0.7872467,0.4152527,,,,,,-0.13398749,0.2616255,0.18293238,0.0,0.0,0.0,0.0
,,-0.8945526,5.0991845,-7.5885053,1682522657906,,-0.8349762,0.46017456,-0.06944275,,,,,,-0.35689756,0.16399209,0.332038,0.0,0.0,0.0,0.0
,,-0.8554072,4.822455,-7.5392637,1682522658158,,-2.793991,0.5326233,-0.489151,,,,,,-0.30027908,-0.07520762,0.37750906,0.0,0.0,0.0,0.0
,,-0.6228897,6.235512,-7.120837,1682522658410,,0.8119354,-0.07458496,0.05519104,,,,,,-0.22332121,0.3013354,0.115875974,0.0,0.0,0.0,0.0
,,-0.55190176,6.451309,-6.988478,1682522658662,,1.8612213,-0.06286621,-0.049209595,,,,,,-0.11395738,0.33913487,0.10488405,0.0,0.0,0.0,0.0
,,-0.68936867,5.638837,-7.5057464,1682522658912,,1.6588135,-0.6572876,-0.018310547,,,,,,-0.12858887,0.3414202,0.24619605,0.0,0.0,0.0,0.0
52.4320104,13.19269509,-1.0010136,4.695521,-7.7089353,1682522659000,3.216,-2.951645,0.8990631,-0.11418152,,,,,,-0.2754606,0.07413558,0.36274087,0.0,0.0,0.0,0.0
,,-0.67999065,5.715651,-7.366365,1682522659416,,-0.8903656,-0.12358093,0.077560425,,,,,,-0.12760547,0.22484356,0.20587741,0.0,0.0,0.0,0.0
,,-0.47644347,6.613197,-6.984969,1682522659669,,1.6481628,-0.27272034,0.0637207,,,,,,0.037390422,0.45321614,0.06331339,0.0,0.0,0.0,0.0
,,-0.48590088,6.0311666,-7.3607397,1682522659922,,2.5088959,-1.0365143,0.09248352,,,,,,0.09271571,0.39832398,0.19141999,0.0,0.0,0.0,0.0
,,-0.831663,4.855654,-7.675577,1682522660175,,-2.2922516,1.1302338,-0.18023682,,,,,,-0.0028226415,0.18660623,0.4191248,0.0,0.0,0.0,0.0
,,-0.77966917,5.1544104,-7.518517,1682522660426,,-2.1750793,0.17681885,-0.06625366,,,,,,-0.0027001153,0.053784188,0.32090613,0.0,0.0,0.0,0.0
,,-0.48562163,6.453783,-7.019724,1682522660679,,1.1805115,-0.16726685,0.03175354,,,,,,0.14443426,0.3440949,0.13623038,0.0,0.0,0.0,0.0
,,-0.43857625,6.2905784,-7.199488,1682522660931,,2.6420593,-0.8639374,0.2714386,,,,,,0.21194245,0.38644302,0.15768419,0.0,0.0,0.0,0.0
,,-0.7838598,5.113669,-7.630645,1682522661184,,-1.4656067,0.5091858,-0.072631836,,,,,,0.07248379,0.2794948,0.3960771,0.0,0.0,0.0,0.0
,,-0.8729238,4.897592,-7.5212297,1682522661435,,-2.4957123,0.0042419434,-0.2899475,,,,,,0.028647723,0.07937728,0.47715768,0.0,0.0,0.0,0.0
,,-0.57420707,6.2699885,-7.0854044,1682522661686,,1.1783752,0.16723633,-0.04600525,,,,,,0.13984361,0.3490797,0.1798968,0.0,0.0,0.0,0.0
,,-0.46551004,6.4469995,-7.1145735,1682522661940,,2.4396515,-0.32278442,0.549469,,,,,,0.24749418,0.46516883,0.10384011,0.0,0.0,0.0,0.0
52.43193522,13.1926763,-0.7920797,5.3089957,-7.559417,1682522662000,3.216,-0.8903656,0.48786926,-0.07797241,,,,,,0.06825856,0.37110564,0.36105788,0.0,0.0,0.0,0.0
,,-1.0060414,4.9052935,-7.5782514,1682522662444,,-2.650177,0.46977234,-0.6201782,,,,,,-0.12275377,0.21862958,0.46993345,0.0,0.0,0.0,0.0
,,-0.7463506,6.078093,-7.142466,1682522662697,,1.1293793,0.16296387,0.07223511,,,,,,-0.039582714,0.29960546,0.203649,0.0,0.0,0.0,0.0
,,-0.50673115,6.478603,-7.080656,1682522662948,,2.303299,-0.39309692,0.4195099,,,,,,0.17472996,0.42168674,0.08765163,0.0,0.0,0.0,0.0
,,-0.8080012,5.4254737,-7.5220275,1682522663199,,-0.55693054,0.42396545,0.08076477,,,,,,0.048748035,0.3857913,0.35311612,0.0,0.0,0.0,0.0
,,-0.98824465,4.7933645,-7.579249,1682522663450,,-2.9974518,0.9161072,-0.57543945,,,,,,-0.042402584,0.18474361,0.546647,0.0,0.0,0.0,0.0
,,-0.7361348,5.9580636,-7.2332478,1682522663702,,0.8673248,0.037261963,0.18196106,,,,,,0.09672526,0.34219953,0.20979725,0.0,0.0,0.0,0.0
,,-0.47281188,6.456018,-7.065614,1682522663958,,2.3267365,-0.1640625,0.24906921,,,,,,0.32327285,0.40237835,0.09592382,0.0,0.0,0.0,0.0
,,-0.74016416,5.4526477,-7.462213,1682522664208,,-0.34068298,0.32807922,-0.0854187,,,,,,0.17117874,0.3665806,0.36872086,0.0,0.0,0.0,0.0
,,-1.0063196,4.7742114,-7.5464487,1682522664460,,-2.8994598,0.49853516,-0.44761658,,,,,,-0.03575073,0.17142078,0.5647658,0.0,0.0,0.0,0.0
,,-0.7402852,5.8650103,-7.167167,1682522664713,,1.2401581,-0.004272461,0.11804199,,,,,,0.060155928,0.27741215,0.2591032,0.0,0.0,0.0,0.0
,,-0.53905284,6.550829,-7.086443,1682522664965,,2.6026459,-0.6434326,0.052001953,,,,,,0.1684324,0.4735592,0.04943304,0.0,0.0,0.0,0.0
52.43185008,13.19265126,-0.88058525,5.405603,-7.476897,1682522665000,4.288,-0.58036804,0.46444702,0.10632324,,,,,,-0.041179877,0.29693517,0.33818728,0.0,0.0,0.0,0.0
,,-1.1681687,4.728842,-7.6072607,1682522665470,,-3.015564,0.7414093,-0.5573273,,,,,,-0.28036276,0.08218279,0.49884674,0.0,0.0,0.0,0.0
,,-0.9168981,5.8452177,-7.2706366,1682522665721,,1.2114105,-0.36753845,-0.084350586,,,,,,-0.21689747,0.22737238,0.16339773,0.0,0.0,0.0,0.0
,,-0.5957555,6.5386186,-7.3047543,1682522665972,,2.6782684,-0.57418823,-0.0023345947,,,,,,0.010403395,0.4399451,-0.13488154,0.0,0.0,0.0,0.0
,,-0.9193314,5.273483,-7.571947,1682522666223,,-1.231247,0.66897583,0.07116699,,,,,,-0.059130747,0.23022267,0.28751075,0.0,0.0,0.0,0.0
,,-1.1088725,4.7793994,-7.6027527,1682522666474,,-2.8174286,-0.37924194,-0.40393066,,,,,,-0.13334818,0.10037675,0.4672105,0.0,0.0,0.0,0.0
,,-0.7942347,6.040505,-7.1659303,1682522666726,,1.6204681,-0.0021514893,-0.070510864,,,,,,0.082951434,0.39379206,0.1757394,0.0,0.0,0.0,0.0
,,-0.5193812,6.5452824,-7.2062726,1682522666977,,2.858307,-1.1622162,0.25653076,,,,,,0.329125,0.617218,-0.0019326528,0.0,0.0,0.0,0.0
,,-0.82627714,5.1084027,-7.529529,1682522667228,,-2.301834,0.8213043,-0.14933777,,,,,,0.2840429,0.2777029,0.3791979,0.0,0.0,0.0,0.0
,,-1.0736384,5.036935,-7.4871125,1682522667480,,-1.7979736,-0.19389343,-0.32084656,,,,,,0.012324148,0.31111643,0.43611965,0.0,0.0,0.0,0.0
,,-0.6726893,6.138147,-7.1361628,1682522667730,,1.8164673,-0.14808655,0.012588501,,,,,,0.10449435,0.35258597,0.11355027,0.0,0.0,0.0,0.0
,,-0.62767845,6.3159165,-7.1990504,1682522667981,,2.5440521,-1.4423828,0.052001953,,,,,,0.08777148,0.5346628,0.07129264,0.0,0.0,0.0,0.0
52.43173137,13.19261962,-0.9016947,4.928557,-7.572387,1682522668000,3.216,-3.6387482,1.1547241,-0.13975525,,,,,,-0.030012127,0.17880936,0.3872625,0.0,0.0,0.0,0.0
,,-0.96314543,5.160316,-7.3726306,1682522668485,,-0.5100708,0.41757202,0.42910767,,,,,,-0.101840004,0.19457947,0.35100543,0.0,0.0,0.0,0.0
,,-0.5829066,6.3576565,-7.116252,1682522668738,,2.130722,-0.23330688,0.11697388,,,,,,0.035666846,0.39489225,0.038219437,0.0,0.0,0.0,0.0
,,-0.7509791,5.803279,-7.241269,1682522668991,,0.8204498,-0.07244873,0.17449951,,,,,,0.0048015756,0.335496,0.23047486,0.0,0.0,0.0,0.0
,,-1.0307821,4.7687845,-7.6130075,1682522669243,,-3.4757538,0.9033356,-0.3091278,,,,,,-0.10268043,0.14451973,0.47059953,0.0,0.0,0.0,0.0
,,-0.9127477,5.5069165,-7.382367,1682522669493,,1.3690643,-0.011734009,0.032821655,,,,,,-0.03076641,0.29883304,0.22168685,0.0,0.0,0.0,0.0
,,-0.45992482,6.4929285,-7.152483,1682522669744,,2.65271,-0.7552948,0.45466614,,,,,,0.20188265,0.48616728,0.07856759,0.0,0.0,0.0,0.0
,,-0.7795507,5.453964,-7.3224316,1682522669997,,-1.2919617,0.63700867,-0.042816162,,,,,,0.04373944,0.3368293,0.42565623,0.0,0.0,0.0,0.0
,,-0.9512146,4.936258,-7.5710287,1682522670248,,-2.6757507,-0.054336548,-0.49447632,,,,,,-0.06855209,0.29049817,0.5079862,0.0,0.0,0.0,0.0
,,-0.65473276,5.840587,-7.144582,1682522670499,,1.6225891,0.46017456,0.042404175,,,,,,0.09145405,0.30399838,0.31069577,0.0,0.0,0.0,0.0
,,-0.3965978,6.4450436,-7.171836,1682522670757,,2.8210144,-0.9587555,0.13082886,,,,,,0.21428086,0.5125735,0.14199178,0.0,0.0,0.0,0.0
52.4315917,13.19258668,-0.9271128,4.880592,-7.572385,1682522671000,3.216,-2.1122284,0.04046631,-0.20793152,,,,,,-0.078090556,0.17002551,0.5226541,0.0,0.0,0.0,0.0
,,-0.7609955,5.120611,-7.4326434,1682522671010,,-2.1622925,0.6487274,0.015777588,,,,,,0.053958688,0.29866913,0.56628776,0.0,0.0,0.0,0.0
,,-0.62053627,6.166558,-7.1624174,1682522671514,,1.0718536,0.045791626,-0.16319275,,,,,,0.06622053,0.37929267,0.21911691,0.0,0.0,0.0,0.0
,,-0.41076458,6.5301166,-7.0780215,1682522671765,,2.1424408,0.06390381,0.25120544,,,,,,0.24106675,0.46058452,0.17497012,0.0,0.0,0.0,0.0
,,-0.7173818,5.390038,-7.515203,1682522672018,,-0.50367737,0.4942627,-0.0619812,,,,,,0.16373807,0.40416825,0.4179791,0.0,0.0,0.0,0.0
,,-0.9201706,4.9290752,-7.587149,1682522672268,,-2.7726898,0.74354553,-0.1749115,,,,,,0.059470937,0.25703862,0.45810035,0.0,0.0,0.0,0.0
,,-0.6313095,6.2013545,-7.1885934,1682522672519,,0.5807648,-0.18856812,0.026428223,,,,,,0.14555866,0.44286394,0.19382219,0.0,0.0,0.0,0.0
,,-0.521137,6.502745,-6.951767,1682522672770,,1.8100891,0.18214417,-0.054534912,,,,,,0.23947193,0.44784114,0.17375061,0.0,0.0,0.0,0.0
,,-0.71462756,5.685085,-7.526695,1682522673021,,2.1009064,-0.9342499,0.06904602,,,,,,0.17461538,0.37295786,0.19303076,0.0,0.0,0.0,0.0
,,-1.1032069,4.711324,-7.6605315,1682522673273,,-2.5330048,0.8809509,0.17556763,,,,,,0.03553946,0.2152377,0.4146113,0.0,0.0,0.0,0.0
,,-0.8885676,5.4712834,-7.4363947,1682522673523,,-1.9705353,0.1842804,0.032821655,,,,,,0.052009415,0.2281176,0.25928152,0.0,0.0,0.0,0.0
,,-0.6976298,6.47581,-6.8792233,1682522673774,,1.2689209,0.14698792,0.02217102,,,,,,0.12258537,0.42145547,0.17292291,0.0,0.0,0.0,0.0
52.43142347,13.19254345,-0.8936742,5.2349753,-7.54621,1682522674000,4.288,-1.0299072,0.5730896,0.0072631836,,,,,,-0.033125162,0.34748363,0.3548699,0.0,0.0,0.0,0.0
,,-0.57444817,6.1003194,-7.114055,1682522674026,,2.1211395,-0.4058838,0.11911011,,,,,,0.18620853,0.28855246,0.21660893,0.0,0.0,0.0,0.0
,,-0.8186559,5.141003,-7.4129324,1682522674529,,-2.8802795,0.10331726,-0.2718506,,,,,,-0.058146518,0.1361995,0.43794125,0.0,0.0,0.0,0.0
,,-0.5669052,6.556894,-7.012382,1682522674779,,1.250824,-0.5166626,0.023239136,,,,,,-0.0426154,0.40038362,0.09418451,0.0,0.0,0.0,0.0
,,-0.3845464,6.5934067,-6.844708,1682522675029,,2.2255402,-0.82240295,0.25865173,,,,,,0.17158985,0.35910207,0.22617477,0.0,0.0,0.0,0.0
,,-0.78828835,5.592192,-7.411735,1682522675283,,-0.54415894,0.5688324,-0.15892029,,,,,,0.039228957,0.37950084,0.3839417,0.0,0.0,0.0,0.0
,,-1.0064809,4.917346,-7.5481644,1682522675537,,-3.076294,0.78401184,-0.34535217,,,,,,-0.065630786,0.08757437,0.45927754,0.0,0.0,0.0,0.0
,,-0.82516074,6.0740647,-7.1251884,1682522675790,,1.2987518,0.2162323,-0.115249634,,,,,,-0.018053694,0.23818572,0.17091814,0.0,0.0,0.0,0.0
,,-0.58797455,6.607533,-6.8086348,1682522676043,,2.1339264,-0.841568,0.1382904,,,,,,0.2534613,0.3805229,0.23090436,0.0,0.0,0.0,0.0
,,-0.9536484,5.4549637,-7.277739,1682522676296,,-0.20007324,0.5453949,0.07862854,,,,,,0.15471902,0.2332456,0.46256354,0.0,0.0,0.0,0.0
,,-1.2750697,4.6868634,-7.604468,1682522676547,,-3.173233,1.2197113,-0.25160217,,,,,,-0.09444415,0.026421444,0.44872233,0.0,0.0,0.0,0.0
,,-0.8771139,5.7792573,-7.193383,1682522676806,,0.7352295,-0.25993347,0.017913818,,,,,,-9.3121774E-4,0.13976437,0.17868975,0.0,0.0,0.0,0.0
52.43127131,13.19249436,-0.8719655,5.5016894,-7.350323,1682522677000,6.432,0.40286255,0.12568665,0.0637207,,,,,,0.047861204,0.20879784,0.32554975,0.0,0.0,0.0,0.0
,,-0.6705338,6.4889383,-6.941034,1682522677059,,1.9389801,-0.122528076,0.048797607,,,,,,0.111628674,0.32270038,0.07238474,0.0,0.0,0.0,0.0
,,-1.2502497,4.6802783,-7.703787,1682522677564,,-3.190277,0.8809509,-0.19621277,,,,,,-0.27819192,0.016184624,0.3285745,0.0,0.0,0.0,0.0
,,-0.84622955,5.707032,-7.238593,1682522677818,,0.22923279,-0.32810974,0.049865723,,,,,,-0.17446393,0.13313937,0.17744248,0.0,0.0,0.0,0.0
,,-0.6048945,6.672534,-6.9802184,1682522678070,,1.9070282,-0.011734009,0.18089294,,,,,,-0.038323402,0.4050226,-0.048556425,0.0,0.0,0.0,0.0
,,-0.7967895,5.788116,-7.3943353,1682522678323,,1.1847687,-0.47406006,0.16278076,,,,,,-0.064838305,0.3173768,0.16289695,0.0,0.0,0.0,0.0
,,-1.1418731,4.7891755,-7.6813207,1682522678575,,-3.3234253,1.0332947,-0.24095154,,,,,,-0.22851585,0.1207274,0.3537031,0.0,0.0,0.0,0.0
,,-0.87611693,5.6176486,-7.3261404,1682522678828,,-0.47810364,-0.3174591,0.087142944,,,,,,-0.08927114,0.18192014,0.17628337,0.0,0.0,0.0,0.0
,,-0.57169396,6.629918,-6.9861646,1682522679079,,1.8771973,0.053253174,0.06904602,,,,,,0.10124988,0.40699407,-0.015798569,0.0,0.0,0.0,0.0
,,-0.70213723,5.901762,-7.396092,1682522679331,,2.163742,-0.9449005,0.1734314,,,,,,0.09290469,0.32484004,0.10576161,0.0,0.0,0.0,0.0
,,-1.0419937,4.759128,-7.6614485,1682522679583,,-3.032608,0.9725647,-0.18661499,,,,,,-0.04831742,0.15052825,0.41985935,0.0,0.0,0.0,0.0
,,-0.8894033,5.3041286,-7.3998423,1682522679836,,-1.3207245,0.05430603,0.03175354,,,,,,-0.028473943,0.11187422,0.28911242,0.0,0.0,0.0,0.0
52.43108826,13.19244048,-0.6576446,5.950403,-7.268202,1682522680000,6.432,2.8039703,-1.0769958,-0.05239868,,,,,,0.12703162,0.27664858,0.15771659,0.0,0.0,0.0,0.0
,,-0.58933,6.452268,-6.975111,1682522680089,,1.5309753,-0.5358429,-0.0619812,,,,,,0.10844304,0.33635566,0.08019815,0.0,0.0,0.0,0.0
,,-1.0595118,4.778402,-7.659055,1682522680591,,-2.265625,0.73501587,0.054122925,,,,,,-0.016254922,0.17209797,0.3835146,0.0,0.0,0.0,0.0
,,-0.93293816,5.1834607,-7.5280523,1682522680845,,-1.6637421,0.10864258,-0.40074158,,,,,,0.062421463,0.24636678,0.28430578,0.0,0.0,0.0,0.0
,,-0.64363915,6.432596,-7.1484127,1682522681098,,1.74617,-0.29936218,0.19900513,,,,,,0.18475719,0.42368615,0.005225865,0.0,0.0,0.0,0.0
,,-0.55920357,6.0869136,-7.2784576,1682522681350,,2.654831,-1.6660919,0.43762207,,,,,,0.37820002,0.37074167,0.14504217,0.0,0.0,0.0,0.0
,,-0.97455853,5.0478296,-7.746285,1682522681605,,-2.0951843,0.55818176,-0.10246277,,,,,,0.26055855,0.43759182,0.3718885,0.0,0.0,0.0,0.0
,,-0.9809026,5.134141,-7.6756563,1682522681870,,-1.9140778,-0.16619873,-0.48277283,,,,,,0.2138728,0.38007122,0.32932153,0.0,0.0,0.0,0.0
,,-0.5916453,6.398519,-7.188715,1682522682122,,1.5469666,-0.3547516,0.10525513,,,,,,0.3534784,0.5206591,0.12785654,0.0,0.0,0.0,0.0
,,-0.48861492,6.2509556,-7.263534,1682522682375,,2.7144928,-1.0141449,0.22988892,,,,,,0.42108002,0.4397303,0.15759028,0.0,0.0,0.0,0.0
,,-0.851855,5.023129,-7.6317215,1682522682626,,-1.8299255,0.63168335,0.016845703,,,,,,0.26955032,0.3451713,0.4629208,0.0,0.0,0.0,0.0
,,-0.9978612,5.012914,-7.597684,1682522682877,,-2.4989166,0.15551758,0.110580444,,,,,,0.083822,0.2769703,0.41171804,0.0,0.0,0.0,0.0
52.4309061,13.19231978,-0.42185566,6.288984,-7.064375,1682522683000,8.576,2.782669,-1.3731384,0.114852905,,,,,,0.37759697,0.37980556,0.2143552,0.0,0.0,0.0,0.0
,,-0.59324086,6.2005177,-7.069882,1682522683129,,1.4702606,-0.22584534,0.124435425,,,,,,0.2146564,0.31539923,0.18065383,0.0,0.0,0.0,0.0
,,-0.87260383,5.1079235,-7.589942,1682522683633,,-1.9194031,0.5667114,0.09780884,,,,,,0.17282178,0.3033162,0.37606826,0.0,0.0,0.0,0.0
,,-1.0141815,4.8887734,-7.4723463,1682522683886,,-2.3092957,0.03300476,-0.1834259,,,,,,0.060774382,0.10322321,0.45442003,0.0,0.0,0.0,0.0
,,-0.6492655,6.249319,-7.0564747,1682522684137,,1.4148712,0.053253174,-0.15040588,,,,,,0.13302606,0.29231465,0.12776354,0.0,0.0,0.0,0.0
,,-0.40230408,6.341216,-7.125907,1682522684389,,2.8306122,-0.77445984,0.09248352,,,,,,0.3316919,0.3029729,0.06591846,0.0,0.0,0.0,0.0
,,-0.8705302,5.252653,-7.606822,1682522684642,,-1.3079529,0.1459198,0.054122925,,,,,,0.09094918,0.33820382,0.32633674,0.0,0.0,0.0,0.0
,,-1.0747157,4.921415,-7.592976,1682522684894,,-2.6405945,0.2950592,0.2671814,,,,,,-0.025014054,0.14338227,0.3834975,0.0,0.0,0.0,0.0
,,-0.5876551,6.2387443,-6.986365,1682522685147,,1.4819794,0.050048828,-0.035354614,,,,,,0.15115698,0.32505083,0.25581825,0.0,0.0,0.0,0.0
,,-0.39121044,6.478325,-7.0568743,1682522685398,,2.6942444,-0.841568,-0.07369995,,,,,,0.3021848,0.47875074,0.16999918,0.0,0.0,0.0,0.0
,,-0.7856542,5.21678,-7.509577,1682522685649,,-1.3942413,0.68388367,0.5196533,,,,,,0.23680943,0.3777333,0.4465123,0.0,0.0,0.0,0.0
,,-1.020845,5.0935183,-7.472108,1682522685907,,-2.6192932,0.5155792,-0.3123169,,,,,,0.07482478,0.43513948,0.5358813,0.0,0.0,0.0,0.0
52.43073904,13.19223275,-0.22944184,6.4107676,-7.1320114,1682522686000,9.648001,2.2819977,-0.08416748,0.1659851,,,,,,0.59681046,0.5428688,0.13395554,0.0,0.0,0.0,0.0
,,-0.46570942,6.1604137,-7.030737,1682522686157,,1.4340363,-0.5880432,-0.4252472,,,,,,0.37162971,0.40877876,0.27505043,0.0,0.0,0.0,0.0
,,-0.6731674,5.16742,-7.561412,1682522686660,,-0.88822937,0.4069214,0.18302917,,,,,,0.5731449,0.45501396,0.40167522,0.0,0.0,0.0,0.0
,,-1.1344101,4.834585,-7.6223845,1682522686914,,-2.9282074,0.6668396,-0.057724,,,,,,0.38806057,0.4323314,0.4473044,0.0,0.0,0.0,0.0
,,-0.7264384,5.9875927,-7.047538,1682522687166,,1.1261749,-0.085235596,0.35559082,,,,,,0.544351,0.44883564,0.31092986,0.0,0.0,0.0,0.0
,,-0.28845826,6.3260136,-7.1749487,1682522687418,,1.9155426,-0.61787415,0.065841675,,,,,,0.846899,0.51849043,0.030100107,0.0,0.0,0.0,0.0
,,-0.5457143,5.3385653,-7.680365,1682522687669,,-0.50686646,0.6338196,-0.0012664795,,,,,,0.74235415,0.4327448,0.24557546,0.0,0.0,0.0,0.0
,,-0.680189,4.939252,-7.5657225,1682522687922,,-2.8749542,0.59547424,0.516449,,,,,,0.49776763,0.22343712,0.48474163,0.0,0.0,0.0,0.0
,,0.07765655,6.2901797,-7.13728,1682522688172,,1.7120819,2.2242584,0.08609009,,,,,,0.69995415,0.4210855,0.20032714,0.0,0.0,0.0,0.0
,,0.94172364,6.916703,-7.134965,1682522688424,,1.2625427,-0.5901642,1.0149994,,,,,,0.9832596,0.635397,-0.039215375,0.0,0.0,0.0,0.0
,,1.0821432,6.0278955,-7.499761,1682522688674,,-0.8104706,0.5688324,0.18089294,,,,,,0.820812,0.6103856,0.27205837,0.0,0.0,0.0,0.0
,,0.8100016,5.526949,-7.4785323,1682522688925,,-2.7066345,0.9459381,-0.50086975,,,,,,0.3197761,0.38980407,0.45884475,0.0,0.0,0.0,0.0
52.43061603,13.19214527,2.072025,6.8565702,-6.911944,1682522689000,13.936001,1.9783936,-0.29829407,0.594223,,,,,,0.5348071,0.45773512,-0.102951005,0.0,0.0,0.0,0.0
,,1.402127,6.2323613,-7.0704007,1682522689177,,2.2830658,4.7446747,0.3225708,,,,,,0.46767431,0.18920867,0.10755,0.0,0.0,0.0,0.0
,,2.213002,5.978736,-7.429012,1682522689683,,-1.0650635,1.0929413,0.56118774,,,,,,0.28753927,0.515653,0.05290769,0.0,0.0,0.0,0.0
,,2.1242168,5.103974,-7.3355184,1682522689935,,-2.806778,1.6575317,-2.6005096,,,,,,-0.13568076,0.122715645,0.3849989,0.0,0.0,0.0,0.0
,,2.4478729,6.0628514,-7.0751085,1682522690187,,-0.040283203,-0.77233887,0.25865173,,,,,,-0.09417615,0.24990183,-0.13680805,0.0,0.0,0.0,0.0
,,2.8786302,6.638537,-6.6099153,1682522690438,,1.6875763,-1.2506409,0.41844177,,,,,,0.14485304,0.32394487,-0.16121289,0.0,0.0,0.0,0.0
,,2.5378158,6.3384624,-6.921561,1682522690689,,2.096634,-1.4104309,-0.016174316,,,,,,-0.09727707,0.65622216,0.11230434,0.0,0.0,0.0,0.0
,,1.74322,5.3046856,-7.1945796,1682522690943,,-2.8600311,1.7597961,-0.06625366,,,,,,-0.38690662,0.2754563,0.34098953,0.0,0.0,0.0,0.0
,,1.6597432,5.7738285,-6.9177303,1682522691194,,-0.8488159,-0.1832428,-0.042816162,,,,,,-0.27052417,-0.009727971,0.12583545,0.0,0.0,0.0,0.0
,,1.6434627,6.7111597,-6.520293,1682522691447,,1.4553528,-0.6114807,0.70288086,,,,,,-0.035350338,0.23537555,0.03871708,0.0,0.0,0.0,0.0
,,1.3148586,6.035396,-7.039197,1682522691698,,2.034851,-0.90122986,-0.035354614,,,,,,-0.09270181,0.10512115,0.15145054,0.0,0.0,0.0,0.0
,,0.72377014,5.1019363,-7.5785704,1682522691949,,-2.7236786,1.805603,-0.1131134,,,,,,-0.35893673,0.06048608,0.30297938,0.0,0.0,0.0,0.0
52.43050933,13.19199077,1.5409505,6.644323,-6.8938684,1682522692000,15.008,1.6886444,-0.95022583,0.16491699,,,,,,-0.07556403,0.23518874,-0.14755298,0.0,0.0,0.0,0.0
,,1.0566833,5.509351,-7.3713923,1682522692202,,-1.0501556,-0.2886963,-0.31552124,,,,,,-0.25866815,-0.0051821074,0.104617245,0.0,0.0,0.0,0.0
,,1.3194865,6.2664785,-7.0301385,1682522692706,,2.4886627,-1.4754028,0.22988892,,,,,,-0.21526898,0.15845984,0.01952122,0.0,0.0,0.0,0.0
,,0.7379349,5.185496,-7.579966,1682522692959,,-2.3199463,1.6873627,-0.29634094,,,,,,-0.5256165,0.004215487,0.14477853,0.0,0.0,0.0,0.0
,,0.94164175,5.4382043,-7.375382,1682522693211,,-1.5966339,0.0713501,-0.5924835,,,,,,-0.48661235,-0.02493628,0.06886444,0.0,0.0,0.0,0.0
,,1.3383611,6.59624,-6.8198867,1682522693460,,1.3179321,-0.047958374,0.20858765,,,,,,-0.27382836,0.15620433,-0.10993476,0.0,0.0,0.0,0.0
,,1.2083155,6.2905016,-6.8498936,1682522693712,,2.8220825,-2.3499908,0.47917175,,,,,,-0.19567277,0.0780015,0.10422608,0.0,0.0,0.0,0.0
,,0.68338674,5.2419596,-7.321233,1682522693964,,-1.8299255,1.120636,0.13294983,,,,,,-0.31000268,0.06879349,0.41032127,0.0,0.0,0.0,0.0
,,0.6963959,5.3232822,-7.405069,1682522694218,,-2.0142212,0.10118103,-0.89608765,,,,,,-0.3166056,0.11168712,0.25515047,0.0,0.0,0.0,0.0
,,1.1321808,6.485867,-6.887563,1682522694470,,1.2007446,-0.13957214,0.2991333,,,,,,-0.06256346,0.27039346,0.018886788,0.0,0.0,0.0,0.0
,,1.1017741,6.5410533,-6.8193283,1682522694722,,2.4535065,-1.2580872,0.6517334,,,,,,0.03869462,0.34531924,0.17119534,0.0,0.0,0.0,0.0
,,0.6533396,5.4156585,-7.258665,1682522694973,,-1.0959625,1.024765,-0.3314972,,,,,,-0.14510998,0.24377576,0.45902678,0.0,0.0,0.0,0.0
52.43041925,13.19175664,0.9768763,6.5076933,-7.0066357,1682522695000,8.576,1.1773071,0.27694702,0.25971985,,,,,,-0.21235171,0.382822,-0.048544485,0.0,0.0,0.0,0.0
,,0.5094086,5.1921988,-7.4201136,1682522695225,,-2.2155457,0.32170105,-0.84814453,,,,,,-0.36057135,0.12526125,0.32222977,0.0,0.0,0.0,0.0
,,1.0982224,6.6583285,-6.8875246,1682522695731,,2.5621643,-1.3816681,0.7412262,,,,,,-0.07688081,0.41055804,0.011882654,0.0,0.0,0.0,0.0
,,0.6649907,5.477587,-7.366165,1682522695983,,-1.0075378,1.0993347,-0.043884277,,,,,,-0.24809691,0.25789014,0.29212612,0.0,0.0,0.0,0.0
,,0.43434957,4.9567285,-7.6251383,1682522696234,,-2.2059631,0.5869446,-1.0441589,,,,,,-0.47017995,5.81487E-4,0.17228045,0.0,0.0,0.0,0.0
,,0.8031367,6.2604117,-7.156034,1682522696485,,1.1847687,0.8255615,0.1968689,,,,,,-0.3439111,0.29576722,-0.09792185,0.0,0.0,0.0,0.0
,,1.0643443,6.637818,-6.999334,1682522696737,,2.0891876,-0.57099915,0.48342896,,,,,,-0.09148143,0.39769715,-0.060388487,0.0,0.0,0.0,0.0
,,0.74244386,5.5416327,-7.2450576,1682522696990,,-0.5825043,0.5656433,-0.023635864,,,,,,-0.14200482,0.2747689,0.45365104,0.0,0.0,0.0,0.0
,,0.4888977,4.9934797,-7.3071074,1682522697243,,-2.5809326,0.9086609,-0.56692505,,,,,,-0.30337226,0.07040224,0.6066204,0.0,0.0,0.0,0.0
,,0.94096375,6.3151197,-6.9816957,1682522697495,,0.99942017,-0.096954346,0.28422546,,,,,,-0.08018066,0.38671497,0.18747243,0.0,0.0,0.0,0.0
,,1.2600703,6.8882117,-6.5826616,1682522697747,,2.1658783,-0.81707764,0.563324,,,,,,0.2242739,0.56155145,0.31289604,0.0,0.0,0.0,0.0
,,0.9773951,5.760343,-7.155236,1682522697999,,-0.15959167,0.5507202,-0.1791687,,,,,,0.1298466,0.3155062,0.45834637,0.0,0.0,0.0,0.0
52.43036042,13.19155571,0.97172904,6.2296057,-7.1192036,1682522698000,11.792,0.96958923,0.078811646,0.15106201,,,,,,-0.07298549,0.28431734,0.017629528,0.0,0.0,0.0,0.0
,,0.68011475,5.111075,-7.3350005,1682522698253,,-2.7226257,1.1195831,-1.1762543,,,,,,-0.10801523,0.14361109,0.5293698,0.0,0.0,0.0,0.0
,,1.2562795,6.8494644,-6.9006133,1682522698758,,1.8505554,-1.1387787,0.6698456,,,,,,0.17424159,0.43091595,-0.07456158,0.0,0.0,0.0,0.0
,,0.8973089,5.7369986,-7.270917,1682522699009,,-0.079696655,0.7126465,0.048797607,,,,,,0.06635563,0.22568277,0.27963385,0.0,0.0,0.0,0.0
,,0.5466385,4.9789147,-7.609018,1682522699262,,-2.8248901,1.0918884,-0.7022095,,,,,,-0.14518923,0.0041357754,0.322369,0.0,0.0,0.0,0.0
,,0.882106,6.0908613,-7.208347,1682522699513,,0.8279114,0.35791016,0.33535767,,,,,,0.0519232,0.29073426,0.045804773,0.0,0.0,0.0,0.0
,,1.1908778,6.7851014,-6.8650584,1682522699766,,2.1243286,-1.015213,0.4472046,,,,,,0.31687102,0.47416955,0.050393533,0.0,0.0,0.0,0.0
,,0.87424415,5.7003293,-7.2595034,1682522700018,,0.022567749,0.6412811,-0.0044555664,,,,,,0.22897771,0.30143732,0.37372252,0.0,0.0,0.0,0.0
,,0.6015447,5.049705,-7.581483,1682522700271,,-2.6160889,1.134491,-1.1794434,,,,,,-0.05276948,0.20660682,0.3839234,0.0,0.0,0.0,0.0
,,0.955248,6.0829625,-7.1585474,1682522700524,,0.84921265,-0.096954346,0.22563171,,,,,,-0.029344909,0.35400563,0.11904254,0.0,0.0,0.0,0.0
,,1.3875209,6.7871776,-6.8177333,1682522700776,,1.6598816,-1.3624878,0.40992737,,,,,,0.24456614,0.5355232,0.10013792,0.0,0.0,0.0,0.0
52.43026622,13.19132249,0.9152654,6.1053877,-7.3243074,1682522701000,9.648001,0.2899475,-0.11399841,0.17982483,,,,,,-0.11908347,0.44696867,0.031198708,0.0,0.0,0.0,0.0
,,1.0323807,5.743346,-7.2456975,1682522701026,,0.21537781,0.5326233,-0.096069336,,,,,,0.10703397,0.33334747,0.35745525,0.0,0.0,0.0,0.0
,,0.60350037,4.999786,-7.680206,1682522701278,,-2.6895905,1.4615326,-0.9727936,,,,,,-0.2094617,0.16735798,0.32131264,0.0,0.0,0.0,0.0
,,1.2085154,6.7377768,-6.950053,1682522701784,,1.7024841,-0.9086914,0.7316284,,,,,,0.18094425,0.5150299,0.053736497,0.0,0.0,0.0,0.0
,,0.8629125,5.928537,-7.307149,1682522702035,,0.887558,0.27268982,0.3225708,,,,,,0.19949672,0.5231587,0.36761984,0.0,0.0,0.0,0.0
,,0.39097494,5.153813,-7.6920958,1682522702287,,-2.7353973,1.565918,-0.70007324,,,,,,-0.040036026,0.40429285,0.41544026,0.0,0.0,0.0,0.0
,,0.80836433,6.0859547,-7.26098,1682522702539,,-0.058395386,-0.80003357,0.10845947,,,,,,0.14224352,0.5465643,0.2788891,0.0,0.0,0.0,0.0
,,1.2079163,6.861517,-6.8184915,1682522702791,,1.3541412,0.061767578,0.91485596,,,,,,0.48822096,0.6644483,0.24910927,0.0,0.0,0.0,0.0
,,1.0310644,6.113688,-7.1009283,1682522703045,,2.2255402,-1.3465118,0.038146973,,,,,,0.4814949,0.49183786,0.48834732,0.0,0.0,0.0,0.0
,,0.49460348,5.221848,-7.4879904,1682522703297,,-2.613968,1.3858948,-0.38049316,,,,,,0.17781128,0.410409,0.598098,0.0,0.0,0.0,0.0
,,0.8065282,5.882926,-7.3813677,1682522703548,,-1.0522766,-0.7339783,-0.3868866,,,,,,0.26483917,0.46307808,0.2660109,0.0,0.0,0.0,0.0
,,0.82879585,7.1594343,-6.5000625,1682522703798,,0.934433,-0.9321289,-0.054534912,,,,,,0.41978237,0.6778627,0.04458522,0.0,0.0,0.0,0.0
52.43021528,13.19112155,-0.9069997,6.5897346,-5.4766607,1682522704000,11.792,-1.7766571,0.6348877,-0.22390747,,,,,,0.18509038,-0.32187226,0.3817422,0.0,0.0,0.0,0.0
,,0.36300406,6.7933216,-5.785114,1682522704050,,3.3302155,-0.28230286,0.50260925,,,,,,0.3886579,0.07905162,0.31654367,0.0,0.0,0.0,0.0
,,-0.5806305,6.800464,-6.1805162,1682522704302,,-0.65493774,-0.4932251,0.30552673,,,,,,0.08676828,0.3514721,0.10821386,0.0,0.0,0.0,0.0
,,-1.0299021,8.65162,-4.487537,1682522704808,,-1.9247284,0.35578918,-0.12696838,,,,,,0.23841229,0.59414136,0.16519101,0.0,0.0,0.0,0.0
,,-1.3044373,8.474409,-3.3855658,1682522705062,,1.9943695,0.13847351,-0.40925598,,,,,,0.36722118,-0.048255477,0.25106555,0.0,0.0,0.0,0.0
,,-1.7483231,8.56495,-3.9529912,1682522705313,,2.795456,-1.9664917,0.100997925,,,,,,0.31153926,0.39283144,0.12107876,0.0,0.0,0.0,0.0
,,-2.1005106,7.835477,-4.53155,1682522705563,,-1.9257965,1.2271729,1.1779785,,,,,,0.42789662,0.29825523,0.21135804,0.0,0.0,0.0,0.0
,,-1.7804855,7.9569826,-3.830009,1682522705813,,-2.0003662,0.088394165,-0.33470154,,,,,,0.58815503,0.08243534,0.542903,0.0,0.0,0.0,0.0
,,-1.6760986,9.308431,-3.532928,1682522706064,,0.7725067,-1.2996368,-0.2260437,,,,,,0.5722736,1.0259341,-0.07515309,0.0,0.0,0.0,0.0
,,-1.5555909,8.211806,-3.4882758,1682522706314,,3.1214294,-0.8437042,-0.4156494,,,,,,0.793311,-0.03897899,0.012359993,0.0,0.0,0.0,0.0
,,-2.193845,8.229724,-4.7210913,1682522706567,,-0.029632568,-0.3877716,0.5228424,,,,,,0.49307632,0.6115902,-0.13494685,0.0,0.0,0.0,0.0
,,-2.1245728,7.0252013,-4.2147975,1682522706820,,-1.9407196,1.0609894,0.14894104,,,,,,0.5471615,-0.4265498,0.6481427,0.0,0.0,0.0,0.0
52.43021717,13.19091862,-2.18738,8.458329,-4.146643,1682522707000,17.152,2.8998413,-0.99391174,-0.18235779,,,,,,0.050981093,0.37612098,-0.04177569,0.0,0.0,0.0,0.0
,,-1.9647995,8.763711,-4.0084567,1682522707072,,-2.5223541,0.09373474,0.6719818,,,,,,0.2539599,0.69735086,0.19533184,0.0,0.0,0.0,0.0
,,-1.8084183,8.740806,-3.5662487,1682522707322,,2.4428558,1.0524597,-0.4113922,,,,,,0.27882195,0.3809389,-0.15630144,0.0,0.0,0.0,0.0
,,-2.6230047,7.743101,-4.7810264,1682522707824,,-1.5444336,1.1611176,0.90953064,,,,,,-0.07083536,0.2813581,0.14173262,0.0,0.0,0.0,0.0
,,-2.2350245,7.6338453,-4.027411,1682522708075,,-1.7947693,0.53048706,-0.39009094,,,,,,0.034470703,-0.1396974,0.6096272,0.0,0.0,0.0,0.0
,,-2.1665502,9.301646,-3.9986405,1682522708326,,-0.65919495,-0.075653076,-0.5818329,,,,,,-0.16657706,0.9913504,-0.32000303,0.0,0.0,0.0,0.0
,,-1.9467224,8.189858,-3.2716806,1682522708576,,2.1957092,-1.2836609,-0.84176636,,,,,,0.07586416,-0.20488565,0.05386462,0.0,0.0,0.0,0.0
,,-2.6267557,8.370022,-4.407729,1682522708830,,1.0090027,-0.85009766,0.3151245,,,,,,-0.17438889,0.49886945,-0.111081645,0.0,0.0,0.0,0.0
,,-2.5666616,7.110513,-4.168349,1682522709084,,-1.9417725,1.1142578,0.4994049,,,,,,0.0804844,-0.45435232,0.44620445,0.0,0.0,0.0,0.0
,,-2.3102825,8.525167,-3.784559,1682522709335,,-2.188919,0.113967896,0.48342896,,,,,,0.03224709,0.40458822,0.21577816,0.0,0.0,0.0,0.0
,,-2.1254897,8.950337,-3.440592,1682522709588,,2.5067596,-0.8511658,-0.1642456,,,,,,0.18515562,0.4914703,-0.2947627,0.0,0.0,0.0,0.0
,,-2.2859812,8.197482,-3.3576329,1682522709839,,2.7400513,-0.16299438,-0.1791687,,,,,,0.23042996,-0.08019932,0.21145001,0.0,0.0,0.0,0.0
52.43023313,13.19067707,-2.2789984,9.277985,-3.7297723,1682522710000,11.792,-1.5295258,-0.023452759,0.04560852,,,,,,0.039663248,0.9611835,-8.455356E-4,0.0,0.0,0.0,0.0
,,-2.890597,8.058699,-4.552899,1682522710089,,-1.2259216,0.9310303,0.41311646,,,,,,0.016559482,0.4029298,0.0019840559,0.0,0.0,0.0,0.0
,,-2.4494257,7.3856487,-3.847487,1682522710340,,-1.5881195,0.37815857,-0.22497559,,,,,,0.23094945,-0.38896722,0.66013247,0.0,0.0,0.0,0.0
,,-2.0559387,8.302708,-3.189161,1682522710842,,1.6225891,-0.47512817,-0.5307007,,,,,,0.13387617,-0.17084424,0.04796373,0.0,0.0,0.0,0.0
,,-2.6627095,8.457572,-4.178845,1682522711093,,2.1509705,-1.4381256,-0.29634094,,,,,,-0.2990503,0.37163898,-0.06238966,0.0,0.0,0.0,0.0
,,-2.760872,7.478383,-4.4123187,1682522711345,,-2.1409912,1.9121399,0.63150024,,,,,,-0.19522709,-0.14016706,0.2831386,0.0,0.0,0.0,0.0
,,-2.3791168,8.145607,-3.8202722,1682522711596,,-2.1313934,0.52516174,0.2682495,,,,,,-0.22402082,0.06479387,0.38435966,0.0,0.0,0.0,0.0
,,-2.1217396,9.115577,-3.312063,1682522711847,,1.7301941,-1.6256104,-0.44229126,,,,,,-0.18944654,0.6247619,-0.09981137,0.0,0.0,0.0,0.0
,,-2.0973592,7.9910607,-3.1340144,1682522712098,,3.4271545,-0.82559204,-0.91526794,,,,,,-0.095382474,-0.44205838,0.1838848,0.0,0.0,0.0,0.0
,,-2.8351324,8.079606,-4.4266043,1682522712350,,-0.74975586,0.2716217,0.2991333,,,,,,-0.42057723,0.3026666,-0.06276625,0.0,0.0,0.0,0.0
,,-2.4567287,7.0647836,-3.674785,1682522712603,,-1.9396515,0.7957306,-0.3314972,,,,,,-0.09280369,-0.6564477,0.7789748,0.0,0.0,0.0,0.0
,,-2.287419,9.014819,-3.4342082,1682522712854,,-1.6648102,0.37815857,0.18835449,,,,,,-0.32420486,0.6935923,0.15764056,0.0,0.0,0.0,0.0
52.43029346,13.19048095,-2.7574804,6.8458333,-5.09347,1682522713000,9.648001,-3.2200928,1.6585999,0.1457367,,,,,,-0.32377574,0.030168867,0.20372534,0.0,0.0,0.0,0.0
,,-2.0885804,8.456971,-3.0668986,1682522713107,,2.4822693,0.11289978,-0.5541382,,,,,,-0.2000008,-0.047529507,0.01736056,0.0,0.0,0.0,0.0
,,-2.629311,7.82562,-4.1656375,1682522713359,,1.9336548,-0.20774841,-0.6894226,,,,,,-0.3210098,0.027556745,0.108806975,0.0,0.0,0.0,0.0
,,-1.8593755,7.1300654,-4.900857,1682522713861,,-0.23202515,-0.5965576,0.1926117,,,,,,-0.059963465,3.341039E-5,0.23374654,0.0,0.0,0.0,0.0
,,-1.4335266,7.7460146,-5.351765,1682522714111,,2.0103455,-0.46980286,-0.091812134,,,,,,-0.014281988,0.5025435,-0.21858843,0.0,0.0,0.0,0.0
,,-1.3615804,6.221507,-6.240412,1682522714364,,2.2777252,-0.8980408,-0.25585938,,,,,,0.10228118,-0.19407481,0.012212753,0.0,0.0,0.0,0.0
,,-1.7049886,5.3417187,-7.3842015,1682522714615,,-2.3071594,1.0364838,0.10525513,,,,,,-0.026499394,0.24669968,0.24666867,0.0,0.0,0.0,0.0
,,-1.059192,5.1473894,-7.3490467,1682522714870,,-2.1942444,-0.22584534,0.13294983,,,,,,-0.009856592,-0.07935549,0.3038846,0.0,0.0,0.0,0.0
,,-0.6264404,6.4478793,-6.894348,1682522715122,,1.4478912,0.006378174,-0.27503967,,,,,,-0.106413,0.3475227,0.15004633,0.0,0.0,0.0,0.0
,,-0.6032562,6.138708,-7.096857,1682522715374,,2.5227509,-1.1504974,-0.09820557,,,,,,-0.04511698,0.30750033,0.22584397,0.0,0.0,0.0,0.0
,,-1.2281433,5.1342607,-7.5428567,1682522715624,,-1.0810394,0.8394165,0.28315735,,,,,,-0.2928734,0.3430337,0.36554554,0.0,0.0,0.0,0.0
,,-1.1360463,4.817228,-7.4998803,1682522715878,,-2.585205,0.73501587,-0.64256287,,,,,,-0.29926202,0.096459635,0.41748294,0.0,0.0,0.0,0.0
52.4303684,13.19032411,-0.888766,5.39367,-7.578171,1682522716000,8.576,1.58638,-0.7552948,0.22244263,,,,,,0.07383848,0.38493004,0.29056036,0.0,0.0,0.0,0.0
,,-0.69180244,6.132561,-7.1537585,1682522716129,,0.7927551,0.290802,0.039215088,,,,,,-0.23545857,0.34470922,0.12746866,0.0,0.0,0.0,0.0
,,-0.5974314,6.361128,-7.0014873,1682522716381,,1.7610779,-0.4655304,0.09567261,,,,,,-0.030457234,0.4448484,0.20820689,0.0,0.0,0.0,0.0
,,-1.3407918,4.524016,-7.6410594,1682522716886,,-3.2275543,1.6852264,0.39927673,,,,,,-0.039741613,0.16327108,0.4660538,0.0,0.0,0.0,0.0
,,-0.7994624,5.563698,-7.325624,1682522717138,,-1.1428375,-0.018127441,-0.07369995,,,,,,0.08601459,0.26403525,0.2723727,0.0,0.0,0.0,0.0
,,-0.6017812,6.476288,-6.961227,1682522717391,,1.5118103,-0.9885864,-0.24520874,,,,,,0.093435444,0.46550694,0.07791354,0.0,0.0,0.0,0.0
,,-0.58777463,5.9209137,-7.258906,1682522717643,,2.4705505,-1.6085663,0.35346985,,,,,,0.17823164,0.32876778,0.17513797,0.0,0.0,0.0,0.0
,,-1.2102677,4.9306316,-7.5733047,1682522717896,,-1.4144745,0.85113525,-0.04067993,,,,,,-0.13861679,0.23383208,0.3194713,0.0,0.0,0.0,0.0
,,-1.1326152,5.0147486,-7.478135,1682522718146,,-2.28479,0.50491333,-0.2761078,,,,,,-0.280603,-0.035018977,0.26105407,0.0,0.0,0.0,0.0
,,-0.80253446,6.4509506,-7.0062375,1682522718400,,1.1645355,-0.08097839,-0.0811615,,,,,,-0.3447855,0.34448573,0.041501664,0.0,0.0,0.0,0.0
,,-0.67739815,6.263644,-7.0201626,1682522718653,,1.5970306,-0.72013855,-0.15252686,,,,,,-0.18643425,0.16683406,0.074666485,0.0,0.0,0.0,0.0
,,-1.0674535,5.384893,-7.327897,1682522718905,,1.0004883,-0.06712341,0.09780884,,,,,,-0.22332902,0.1439731,0.39071035,0.0,0.0,0.0,0.0
52.4304496,13.19014369,-0.62592316,6.5302396,-6.8690085,1682522719000,8.576,1.8143463,-1.0343933,0.015777588,,,,,,0.0017973303,0.37039727,0.09320262,0.0,0.0,0.0,0.0
,,-1.4437424,4.6700234,-7.4909425,1682522719156,,-2.9186249,1.547821,0.23095703,,,,,,-0.37170306,-0.058844812,0.44268352,0.0,0.0,0.0,0.0
,,-0.8945526,5.805993,-7.1970544,1682522719410,,-0.8477478,-0.31640625,0.03388977,,,,,,-0.20240052,0.15016632,0.1965337,0.0,0.0,0.0,0.0
,,-0.66403043,5.811739,-7.2461753,1682522719915,,2.5557709,-1.3465118,-0.15466309,,,,,,0.12582697,0.1974274,0.2869776,0.0,0.0,0.0,0.0
,,-1.3073914,4.844521,-7.5148053,1682522720166,,-1.8480377,0.85858154,0.25332642,,,,,,-0.13613504,0.13666798,0.44563892,0.0,0.0,0.0,0.0
,,-1.0255941,5.1080427,-7.5242624,1682522720418,,-2.471222,0.1416626,-0.3794403,,,,,,-0.10651415,0.0062715453,0.20166735,0.0,0.0,0.0,0.0
,,-0.64152426,6.481158,-6.984729,1682522720668,,1.2934265,0.25352478,-0.25585938,,,,,,-0.018456178,0.3688782,0.025746584,0.0,0.0,0.0,0.0
,,-0.63761294,6.266438,-7.151564,1682522720919,,2.3256683,-0.28230286,0.14894104,,,,,,0.090244025,0.29386196,0.03731281,0.0,0.0,0.0,0.0
,,-1.1514882,5.2289104,-7.4940953,1682522721170,,-0.45040894,0.5166321,-0.016174316,,,,,,-0.049969267,0.2588467,0.3077574,0.0,0.0,0.0,0.0
,,-1.3841252,4.7661123,-7.509378,1682522721421,,-3.1380768,1.03862,-0.12271118,,,,,,-0.14377376,0.08262659,0.3596598,0.0,0.0,0.0,0.0
,,-0.8645843,6.124422,-7.074551,1682522721673,,0.8619995,-0.41653442,0.12550354,,,,,,0.018002076,0.3634295,0.13735081,0.0,0.0,0.0,0.0
,,-0.67915344,6.510287,-6.855521,1682522721924,,1.7525635,-0.118255615,0.27357483,,,,,,0.18299916,0.41612977,0.13298073,0.0,0.0,0.0,0.0
52.43051821,13.18995127,-1.0269908,5.578702,-7.207509,1682522722000,7.504,-0.89782715,-0.07672119,0.16171265,,,,,,-0.11276547,0.13499573,0.2984478,0.0,0.0,0.0,0.0
,,-0.9865687,5.6261873,-7.372788,1682522722177,,1.7919769,-0.82559204,-0.27503967,,,,,,0.090217695,0.3603681,0.29913887,0.0,0.0,0.0,0.0
,,-1.459463,4.624014,-7.431686,1682522722429,,-3.1412659,1.4402161,-0.07476807,,,,,,-0.15974022,0.06457005,0.5771262,0.0,0.0,0.0,0.0
,,-0.6718908,6.5321918,-6.833495,1682522722939,,1.5789185,-0.62213135,-0.15040588,,,,,,-0.022918813,0.31622645,0.12708911,0.0,0.0,0.0,0.0
,,-0.8376485,5.9354377,-7.280812,1682522723191,,2.4535065,-1.1654205,-0.17170715,,,,,,-0.084056474,0.26094687,0.18505892,0.0,0.0,0.0,0.0
,,-1.3787781,4.8777595,-7.582521,1682522723443,,-2.41156,1.0236969,0.013641357,,,,,,-0.2659835,0.18855767,0.39522114,0.0,0.0,0.0,0.0
,,-1.1119446,5.25329,-7.3619757,1682522723701,,-1.8885193,0.27482605,-0.36772156,,,,,,-0.13806441,0.12352525,0.32276285,0.0,0.0,0.0,0.0
,,-0.6754817,6.506217,-6.977307,1682522723954,,1.3370972,0.039398193,0.1926117,,,,,,0.035020296,0.3651431,0.025172202,0.0,0.0,0.0,0.0
,,-0.6382914,6.232759,-7.1182847,1682522724209,,2.6942444,-1.9579773,0.15426636,,,,,,0.1581687,0.35599232,0.15402247,0.0,0.0,0.0,0.0
,,-1.1080338,5.069616,-7.541101,1682522724462,,-1.597702,0.72543335,0.13934326,,,,,,0.059900902,0.26589367,0.3790275,0.0,0.0,0.0,0.0
,,-1.0797429,4.878679,-7.435358,1682522724713,,-2.7705536,0.49853516,-0.38049316,,,,,,0.030151255,0.05266521,0.42912045,0.0,0.0,0.0,0.0
,,-0.63733417,6.293572,-6.983652,1682522724968,,0.90034485,0.82769775,-0.29740906,,,,,,0.07863968,0.2975187,0.13945918,0.0,0.0,0.0,0.0
52.43059117,13.18982023,-1.1463807,4.7701406,-7.547487,1682522725000,7.504,-2.9793549,0.7169037,-0.22923279,,,,,,-0.078524634,0.076207414,0.40162718,0.0,0.0,0.0,0.0
,,-0.45988363,6.3193097,-7.048694,1682522725220,,2.3352509,-0.82666016,0.27464294,,,,,,0.20014903,0.2654252,0.072689705,0.0,0.0,0.0,0.0
,,-0.8575602,5.2504573,-7.4118953,1682522725472,,-0.82858276,0.60079956,-0.08862305,,,,,,0.077311866,0.2370252,0.40909243,0.0,0.0,0.0,0.0
,,-0.72559965,6.1440935,-7.1498094,1682522725976,,1.2966309,0.017028809,-0.010848999,,,,,,0.008631456,0.3408965,0.09167487,0.0,0.0,0.0,0.0
,,-0.50441486,6.560285,-6.9462614,1682522726230,,2.3160858,-0.665802,0.34814453,,,,,,0.19002375,0.41079366,0.084617935,0.0,0.0,0.0,0.0
,,-0.80101573,5.421125,-7.434319,1682522726481,,-0.0871582,0.47509766,-0.05986023,,,,,,0.13227797,0.247308,0.31928214,0.0,0.0,0.0,0.0
,,-1.1868017,4.795321,-7.4685564,1682522726745,,-3.2169037,1.3954773,-0.3634491,,,,,,-0.0839541,0.118678235,0.5456384,0.0,0.0,0.0,0.0
,,-0.8459081,6.08404,-7.152322,1682522726998,,1.0388336,-0.099090576,-0.072631836,,,,,,-0.055330936,0.36238053,0.16590253,0.0,0.0,0.0,0.0
,,-0.516187,6.7717743,-6.8730783,1682522727252,,2.130722,-0.63064575,0.37583923,,,,,,0.09542848,0.4754082,0.09402359,0.0,0.0,0.0,0.0
,,-0.800857,5.7131777,-7.2503247,1682522727519,,0.3645172,0.11077881,0.20646667,,,,,,0.036058657,0.30755702,0.37124154,0.0,0.0,0.0,0.0
,,-1.1637782,4.9453173,-7.4913406,1682522727772,,-3.2190247,1.0897522,-0.34002686,,,,,,-0.12939817,0.19679183,0.48256594,0.0,0.0,0.0,0.0
,,-0.70536906,6.0721073,-7.1648912,1682522728023,,0.8066101,-0.0660553,-0.07797241,,,,,,0.0896314,0.43417332,0.17062758,0.0,0.0,0.0,0.0
,,-0.36762798,6.733705,-6.929222,1682522728274,,2.0412445,-0.008544922,-0.020446777,,,,,,0.27632874,0.43274727,-0.03154801,0.0,0.0,0.0,0.0
,,-0.579954,5.754995,-7.3533554,1682522728527,,1.7216644,-0.69563293,0.17024231,,,,,,0.3012865,0.27026942,0.15461273,0.0,0.0,0.0,0.0
52.43070595,13.18964217,-0.98609006,4.6852655,-7.50822,1682522729000,8.576,-3.397995,1.2378235,-0.09820557,,,,,,0.140562,-0.002120646,0.4505454,0.0,0.0,0.0,0.0
,,-0.62057596,5.639994,-7.232649,1682522729033,,-0.1691742,-0.004272461,0.046676636,,,,,,0.23041606,0.14562652,0.15225278,0.0,0.0,0.0,0.0
,,-0.34624073,6.614673,-7.002406,1682522729285,,2.1158142,-0.29508972,0.21711731,,,,,,0.23851185,0.37659523,-0.094782114,0.0,0.0,0.0,0.0
,,-0.6540156,5.6358843,-7.387474,1682522729535,,2.0114136,-1.4061584,0.09460449,,,,,,0.12843625,0.14969036,0.101940125,0.0,0.0,0.0,0.0
,,-1.0548838,4.6837497,-7.5773745,1682522729788,,-3.3873444,1.0332947,-0.20367432,,,,,,0.054997012,0.07996479,0.40994817,0.0,0.0,0.0,0.0
,,-0.88174284,5.6137776,-7.280573,1682522730042,,0.15040588,-0.023452759,0.16810608,,,,,,0.14011924,0.3168028,0.2284682,0.0,0.0,0.0,0.0
,,-0.5394516,6.666069,-7.082213,1682522730294,,2.0785217,-0.45913696,0.12762451,,,,,,0.27913728,0.5489153,-0.052779485,0.0,0.0,0.0,0.0
,,-0.82675576,5.861897,-7.391064,1682522730547,,1.3711853,-0.61787415,0.050933838,,,,,,0.2067305,0.4216242,0.1742907,0.0,0.0,0.0,0.0
,,-1.1768677,4.66348,-7.7159576,1682522730801,,-3.2904053,1.2623291,-0.22816467,,,,,,0.1512854,0.08624663,0.40700474,0.0,0.0,0.0,0.0
,,-1.0632228,5.4466233,-7.3769784,1682522731053,,-1.2983551,0.39839172,0.3151245,,,,,,0.16093521,0.27971017,0.3453612,0.0,0.0,0.0,0.0
,,-0.76015675,6.616231,-6.973875,1682522731304,,1.3573456,0.593338,-0.17384338,,,,,,0.09831771,0.43308017,0.08174767,0.0,0.0,0.0,0.0
,,-0.69056547,6.0975275,-7.2007656,1682522731558,,2.449234,-1.0610199,0.042404175,,,,,,0.063053966,0.17337528,0.16491713,0.0,0.0,0.0,0.0
52.4308065,13.18948461,-1.0640218,5.098228,-7.549322,1682522732000,9.648001,-1.391037,0.43673706,0.18089294,,,,,,-0.08191861,0.10011762,0.34634826,0.0,0.0,0.0,0.0
,,-1.0235199,5.321846,-7.4651656,1682522732062,,-2.8035736,0.243927,-0.027893066,,,,,,-0.08077635,0.0877674,0.28528088,0.0,0.0,0.0,0.0
,,-0.7026972,6.634786,-7.04219,1682522732315,,1.3285828,0.025558472,-0.13548279,,,,,,0.030581804,0.42545444,0.023865987,0.0,0.0,0.0,0.0
,,-0.6121963,6.247125,-7.2592244,1682522732567,,2.4726715,-1.0386505,0.24906921,,,,,,0.13172306,0.22672138,0.0040206593,0.0,0.0,0.0,0.0
,,-0.99499005,5.1785126,-7.7572584,1682522732819,,-1.6988983,0.77656555,0.20114136,,,,,,0.13566628,0.2834369,0.21318682,0.0,0.0,0.0,0.0
,,-1.1464635,5.021094,-7.7273707,1682522733071,,-3.0358124,0.40904236,-0.05239868,,,,,,0.11184311,0.30824673,0.27798405,0.0,0.0,0.0,0.0
,,-0.77484286,6.2409396,-7.256351,1682522733323,,1.2540131,-0.07884216,0.028564453,,,,,,0.20222782,0.4542721,0.029077688,0.0,0.0,0.0,0.0
,,-0.5319906,6.419747,-7.2901096,1682522733574,,2.4034271,-0.95022583,0.15638733,,,,,,0.32633656,0.44931474,-0.09130246,0.0,0.0,0.0,0.0
,,-0.90967506,5.2273946,-7.572027,1682522733830,,-1.6584167,0.8575287,0.11697388,,,,,,0.19687714,0.31955275,0.32476932,0.0,0.0,0.0,0.0
,,-1.1088725,5.0054517,-7.5068645,1682522734082,,-2.471222,0.24925232,-0.18981934,,,,,,0.02682856,0.2363569,0.4326229,0.0,0.0,0.0,0.0
,,-0.72248787,6.200757,-7.0785813,1682522734334,,1.4979553,0.11715698,-0.06944275,,,,,,0.10309122,0.3325081,0.15531918,0.0,0.0,0.0,0.0
,,-0.54675347,6.3524694,-7.110185,1682522734586,,2.59198,-0.91508484,0.23735046,,,,,,0.21871519,0.31538665,0.073635034,0.0,0.0,0.0,0.0
52.43090963,13.1892656,-0.96777445,5.0935583,-7.553711,1682522735000,12.864,-1.8629456,0.9352875,0.38542175,,,,,,0.16388439,0.2024006,0.34276465,0.0,0.0,0.0,0.0
,,-1.2072743,4.8841453,-7.4503613,1682522735090,,-2.601181,0.20451355,-0.11631775,,,,,,0.06929211,0.1545257,0.5040644,0.0,0.0,0.0,0.0
,,-0.805807,6.0518374,-7.1736307,1682522735344,,1.506485,-0.5869751,-0.05026245,,,,,,0.27080286,0.27429417,0.09535268,0.0,0.0,0.0,0.0
,,-0.7165827,6.2272525,-7.2660875,1682522735604,,2.68573,-1.44664,0.373703,,,,,,0.40722832,0.40870497,-0.0046580476,0.0,0.0,0.0,0.0
,,-1.0969416,4.8760056,-7.584197,1682522735857,,-2.8919983,1.1547241,0.3140564,,,,,,0.32933664,0.12274789,0.37424284,0.0,0.0,0.0,0.0
,,-1.2592672,5.1067667,-7.4314466,1682522736111,,-1.3516235,0.1927948,-0.2995453,,,,,,0.12441347,0.21119854,0.34099853,0.0,0.0,0.0,0.0
,,-0.9169754,6.306022,-7.08748,1682522736363,,1.7877045,0.16191101,0.03175354,,,,,,0.07108143,0.3054725,0.030693436,0.0,0.0,0.0,0.0
,,-0.82020974,6.256263,-7.2588654,1682522736615,,1.8367157,-1.1345215,-0.12164307,,,,,,0.029810274,0.27624416,-0.06540861,0.0,0.0,0.0,0.0
,,-1.2791784,5.0093226,-7.6555853,1682522736869,,-0.28103638,0.1416626,-0.03642273,,,,,,-0.1863678,0.10337665,0.23912497,0.0,0.0,0.0,0.0
,,-1.5402267,4.377134,-7.7880645,1682522737119,,-2.0951843,1.0162506,0.27783203,,,,,,-0.3284261,-0.10790244,0.3276478,0.0,0.0,0.0,0.0
,,-1.2536412,5.509591,-7.819589,1682522737372,,-0.95961,-0.31427002,0.30340576,,,,,,-0.3677328,0.18939976,-0.10258449,0.0,0.0,0.0,0.0
,,-1.1369247,5.7000103,-7.562013,1682522737625,,1.1794434,-0.26420593,-0.15466309,,,,,,-0.29251406,0.13893528,-0.07170644,0.0,0.0,0.0,0.0
52.43103015,13.18903752,-1.066895,5.3030114,-7.7046666,1682522738000,10.72,1.9890442,-0.9449005,-0.20472717,,,,,,-0.14206605,0.073614486,0.141688,0.0,0.0,0.0,0.0
,,-1.3917882,4.8660693,-7.805582,1682522738130,,0.3634491,-0.021316528,0.17875671,,,,,,-0.1063967,0.11437103,0.19509573,0.0,0.0,0.0,0.0
,,-1.3632171,4.8453197,-7.9078946,1682522738382,,-0.35346985,0.21836853,-0.07369995,,,,,,0.03675418,0.19310556,0.05583822,0.0,0.0,0.0,0.0
,,-1.384964,4.9467535,-7.8487177,1682522738633,,-2.9420624,0.58055115,-0.05986023,,,,,,0.057345554,0.2609282,0.07869061,0.0,0.0,0.0,0.0
,,-1.39027,5.2248793,-7.57075,1682522738885,,0.25906372,0.0042419434,0.41738892,,,,,,0.18922953,0.39902744,0.17675039,0.0,0.0,0.0,0.0
,,-1.3713166,4.949426,-7.6901016,1682522739138,,1.6779938,-0.37072754,0.39074707,,,,,,0.31086233,0.28220692,0.25320536,0.0,0.0,0.0,0.0
,,-1.626179,4.5601287,-7.992809,1682522739391,,1.4862366,-0.7446289,0.3193817,,,,,,0.24471858,0.32028684,0.16030367,0.0,0.0,0.0,0.0
,,-1.5817271,4.5219016,-7.850314,1682522739644,,-3.0283508,0.9150543,-0.041748047,,,,,,0.18060163,0.22987543,0.2866163,0.0,0.0,0.0,0.0
,,-1.1353282,5.5900745,-7.371594,1682522739896,,-0.65493774,-0.27911377,0.38223267,,,,,,0.23122458,0.2390817,0.22590627,0.0,0.0,0.0,0.0
,,-0.7693751,6.5629196,-6.896464,1682522740149,,1.6417694,-0.1875,0.06477356,,,,,,0.2987467,0.37526882,0.12746234,0.0,0.0,0.0,0.0
,,-0.75229645,5.911218,-7.2948585,1682522740400,,2.6409912,-1.8961792,-0.082229614,,,,,,0.29168522,0.19832964,0.16175538,0.0,0.0,0.0,0.0
,,-1.2317744,4.8310747,-7.5984025,1682522740652,,-2.3593597,0.8937378,0.28848267,,,,,,0.0842871,0.070379786,0.34496465,0.0,0.0,0.0,0.0
52.43113454,13.18881607,-1.103924,5.3161397,-7.3680406,1682522741000,11.792,-2.0163422,0.18214417,-0.374115,,,,,,0.04558099,0.11713553,0.29920426,0.0,0.0,0.0,0.0
,,-0.72292686,6.3962445,-6.921323,1682522741163,,1.55336,-0.1640625,-0.14933777,,,,,,0.1637306,0.23879571,0.06965049,0.0,0.0,0.0,0.0
,,-0.84048307,6.1348367,-7.3483677,1682522741416,,2.5376587,-0.7318573,-0.10139465,,,,,,0.08928161,0.30111554,-0.032597017,0.0,0.0,0.0,0.0
,,-1.295461,4.922732,-7.7186313,1682522741666,,-1.564682,0.65193176,0.2245636,,,,,,-0.034005035,0.16882902,0.2537154,0.0,0.0,0.0,0.0
,,-1.3793386,4.877442,-7.600917,1682522741917,,-2.5617676,-0.023452759,-0.51153564,,,,,,-0.15075307,0.043527793,0.27596712,0.0,0.0,0.0,0.0
,,-0.9870483,6.342055,-7.2190423,1682522742169,,1.4755859,-0.41653442,-0.05026245,,,,,,-0.07828293,0.3524321,-0.05149579,0.0,0.0,0.0,0.0
,,-0.8331411,6.325974,-7.2077093,1682522742419,,2.4215393,-1.0279999,0.12762451,,,,,,0.099349044,0.32140535,7.176399E-4,0.0,0.0,0.0,0.0
,,-1.2457412,5.2008185,-7.748758,1682522742670,,-0.81365967,0.40797424,0.14361572,,,,,,0.009654173,0.26690224,0.17808281,0.0,0.0,0.0,0.0
,,-1.4321686,4.938973,-7.551915,1682522742922,,-2.8653564,0.48361206,0.14894104,,,,,,-0.03296222,0.18957633,0.41510734,0.0,0.0,0.0,0.0
,,-0.9929128,6.2193522,-7.27303,1682522743173,,1.0569458,0.06283569,-0.23988342,,,,,,0.10658709,0.3525752,-0.023347886,0.0,0.0,0.0,0.0
,,-0.8619497,6.533311,-7.100767,1682522743425,,1.9911804,0.022354126,-0.043884277,,,,,,0.19343258,0.41914526,-0.04382221,0.0,0.0,0.0,0.0
,,-1.1042435,5.291917,-7.4990826,1682522743676,,0.053466797,-0.063934326,8.69751E-4,,,,,,0.19819397,0.21104406,0.24995317,0.0,0.0,0.0,0.0
52.43123731,13.18860955,-1.4215947,4.6259694,-7.7086153,1682522744000,10.72,-2.9931946,0.4399414,0.13508606,,,,,,0.110519044,0.09985115,0.29270703,0.0,0.0,0.0,0.0
,,-1.0795034,5.597138,-7.592377,1682522744178,,0.026824951,0.11929321,0.18302917,,,,,,0.24097589,0.30409586,0.032903083,0.0,0.0,0.0,0.0
,,-0.9109919,5.834603,-7.600038,1682522744429,,-0.09248352,-0.57525635,0.4440155,,,,,,0.24428225,0.17963603,-0.1455822,0.0,0.0,0.0,0.0
,,-1.0098724,5.615414,-7.4843593,1682522744680,,-1.2259216,0.15444946,0.4248352,,,,,,0.15862028,0.08164301,0.13977331,0.0,0.0,0.0,0.0
,,-0.98497266,6.0328035,-7.418319,1682522744935,,1.170929,-0.37391663,-0.2537384,,,,,,0.18667574,0.27942184,-0.0024942558,0.0,0.0,0.0,0.0
,,-0.7932368,6.5955215,-7.3013625,1682522745188,,1.8175354,-0.70628357,0.048797607,,,,,,0.15331554,0.34094828,-0.078488894,0.0,0.0,0.0,0.0
,,-0.83625335,6.398798,-7.363692,1682522745440,,-0.014709473,0.022354126,-0.12057495,,,,,,0.060907237,0.30955797,-0.054068565,0.0,0.0,0.0,0.0
,,-1.1061594,5.484253,-7.48424,1682522745692,,-1.9055634,0.47509766,0.025360107,,,,,,-0.04932111,0.093786396,0.19613269,0.0,0.0,0.0,0.0
,,-1.1519282,5.546143,-7.438471,1682522745942,,-1.6328583,0.8202362,0.23841858,,,,,,-0.0096178055,0.2255724,0.24207054,0.0,0.0,0.0,0.0
,,-1.1205246,5.808668,-7.4552693,1682522746195,,1.3147278,0.014892578,0.07543945,,,,,,0.03808985,0.36245316,0.05286104,0.0,0.0,0.0,0.0
,,-1.1995331,5.3386064,-7.5748196,1682522746448,,1.8697357,-0.32492065,0.07009888,,,,,,-0.0068806806,0.16144612,0.23436627,0.0,0.0,0.0,0.0
,,-1.4182032,4.871177,-7.8637595,1682522746700,,0.22390747,0.080947876,0.029632568,,,,,,-0.0638159,0.12486486,0.13697241,0.0,0.0,0.0,0.0
52.43138244,13.18838269,-1.445696,4.9912868,-7.8471594,1682522747000,10.72,-2.1313934,0.67323303,0.011520386,,,,,,-0.13070147,0.17377678,0.13035125,0.0,0.0,0.0,0.0
,,-1.231216,5.5643787,-7.7934895,1682522747202,,-0.49835205,0.09159851,-0.23348999,,,,,,-0.13737887,0.21292701,-0.022666994,0.0,0.0,0.0,0.0
,,-1.2702814,5.450654,-7.884509,1682522747453,,0.11204529,-0.06072998,-0.21644592,,,,,,-0.29895362,0.1400267,-0.014401436,0.0,0.0,0.0,0.0
,,-1.2998897,4.826964,-8.303096,1682522747704,,-0.5750427,-0.034103394,-0.12057495,,,,,,-0.35495365,0.0127119385,0.06269333,0.0,0.0,0.0,0.0
,,-1.3873585,4.9089255,-8.191008,1682522747957,,-1.726593,0.30252075,0.061584473,,,,,,-0.47285405,-0.002518614,0.094129354,0.0,0.0,0.0,0.0
,,-1.0089157,5.8226724,-7.5040317,1682522748209,,1.124054,-0.12571716,-0.0769043,,,,,,-0.33550388,-0.040110182,0.06861262,0.0,0.0,0.0,0.0
,,-0.6694178,6.7223334,-7.162938,1682522748461,,1.9102173,-0.57099915,0.05519104,,,,,,-0.23840526,0.07761195,-0.01739807,0.0,0.0,0.0,0.0
,,-0.80828196,6.3218627,-7.151405,1682522748714,,1.267868,-0.58058167,-0.2345581,,,,,,-0.23061427,-0.003527987,0.14921479,0.0,0.0,0.0,0.0
,,-1.0274312,5.6439843,-7.321672,1682522748967,,-1.5220642,0.31103516,0.10952759,,,,,,-0.08873204,0.046806265,0.22805981,0.0,0.0,0.0,0.0
,,-1.1005336,5.3978205,-7.2020025,1682522749219,,-2.0323334,0.7371521,0.49728394,,,,,,0.03384547,-0.108585455,0.357883,0.0,0.0,0.0,0.0
,,-1.0417949,5.936396,-7.2202773,1682522749472,,0.3176422,-0.49749756,-0.18981934,,,,,,0.18067455,0.2624836,0.11536403,0.0,0.0,0.0,0.0
,,-1.1445857,5.898807,-7.338591,1682522749724,,1.9123535,0.04046631,0.2394867,,,,,,0.16756873,0.3311344,0.24628663,0.0,0.0,0.0,0.0
52.43156136,13.1881369,-1.2525243,5.31965,-7.680603,1682522750000,12.864,1.811142,-0.5965576,-0.21965027,,,,,,0.23089649,0.19693759,0.22127825,0.0,0.0,0.0,0.0
,,-1.3501277,5.0438786,-7.7593718,1682522750229,,-1.0959625,0.24285889,0.110580444,,,,,,0.24482612,0.260906,0.22157153,0.0,0.0,0.0,0.0
,,-1.078865,5.50165,-7.5699515,1682522750481,,-2.4669495,0.40478516,-0.044937134,,,,,,0.2903801,0.22475272,0.2603947,0.0,0.0,0.0,0.0
,,-0.87966716,6.3387427,-7.3410254,1682522750739,,1.0366974,0.3142395,0.36198425,,,,,,0.30748802,0.5075311,0.025973924,0.0,0.0,0.0,0.0
,,-0.80504864,5.75751,-7.242105,1682522750991,,1.6897125,-0.23756409,0.09780884,,,,,,0.20119603,0.058209132,0.32121405,0.0,0.0,0.0,0.0
,,-0.91047364,5.214066,-7.8027062,1682522751240,,1.1400299,-0.37391663,-0.19514465,,,,,,0.11253765,0.10845318,0.18028058,0.0,0.0,0.0,0.0
,,-1.1433893,4.776565,-7.770066,1682522751491,,-1.2557526,0.28015137,-0.0896759,,,,,,-0.028785808,0.100283496,0.3486565,0.0,0.0,0.0,0.0
,,-1.0094335,5.2299066,-7.780242,1682522751742,,-0.9468231,0.15870667,-0.07902527,,,,,,-0.08946121,0.0880643,0.20126268,0.0,0.0,0.0,0.0
,,-0.9976618,5.4583135,-7.847239,1682522751993,,0.13015747,-0.061798096,0.3140564,,,,,,-0.16463086,0.07164742,0.02263716,0.0,0.0,0.0,0.0
,,-1.0735581,4.776365,-8.011123,1682522752246,,-1.679718,0.33447266,0.8424225,,,,,,-0.2033665,-0.2943658,0.21122976,0.0,0.0,0.0,0.0
,,-1.0151387,5.2616296,-7.9756484,1682522752497,,1.5874481,-0.15127563,0.052001953,,,,,,-0.047139455,0.042103164,0.015875483,0.0,0.0,0.0,0.0
,,-0.90025735,5.537362,-7.6742587,1682522752748,,2.1253967,-0.9118805,0.20858765,,,,,,0.06264419,0.010932827,0.054255042,0.0,0.0,0.0,0.0
52.43163722,13.18798909,-0.93357694,5.770039,-7.7299643,1682522753000,10.72,-0.547348,0.17468262,0.10420227,,,,,,0.11673416,0.1977405,-0.022295093,0.0,0.0,0.0,0.0
,,-0.9864889,5.694063,-7.467879,1682522753252,,-3.697342,0.5645752,0.07009888,,,,,,0.18682188,0.2344428,0.21259075,0.0,0.0,0.0,0.0
,,-0.8997391,6.2208276,-7.1024837,1682522753504,,1.8175354,0.18746948,-0.2068634,,,,,,0.24284364,0.38044912,0.14852247,0.0,0.0,0.0,0.0
,,-0.8435155,6.5975957,-7.2443395,1682522753757,,2.270279,-0.9342499,-0.11206055,,,,,,0.22124271,0.71639687,-0.031783722,0.0,0.0,0.0,0.0
,,-1.2815354,5.1919994,-7.6162395,1682522754010,,-0.62724304,0.6167755,0.14147949,,,,,,0.034964528,0.36657572,0.27887875,0.0,0.0,0.0,0.0
,,-1.458466,4.817068,-7.7557015,1682522754263,,-2.9452515,0.22155762,-0.24627686,,,,,,-0.07307453,0.3143898,0.32141674,0.0,0.0,0.0,0.0
,,-1.1202052,5.7702794,-7.2133346,1682522754516,,1.1634674,0.63168335,-0.06944275,,,,,,-0.02822095,0.25308228,0.17851004,0.0,0.0,0.0,0.0
,,-0.82511955,6.342893,-7.293979,1682522754770,,1.908081,-0.118255615,-0.05239868,,,,,,0.07051793,0.35065758,-0.12122111,0.0,0.0,0.0,0.0
,,-1.1569158,5.189885,-7.584676,1682522755022,,-0.28529358,0.40585327,0.08502197,,,,,,0.0223712,0.25131124,0.27913016,0.0,0.0,0.0,0.0
,,-1.3818512,4.549277,-7.5536313,1682522755275,,-2.968689,0.16191101,-0.057724,,,,,,0.03980458,0.08623991,0.5393264,0.0,0.0,0.0,0.0
,,-1.0386826,5.8080683,-7.2605805,1682522755526,,1.0867615,0.20558167,0.19474792,,,,,,0.20858327,0.34635484,0.21053344,0.0,0.0,0.0,0.0
,,-0.8100754,6.3282886,-7.121916,1682522755777,,2.1786652,-0.27272034,0.08821106,,,,,,0.3753122,0.43542463,0.09724811,0.0,0.0,0.0,0.0
52.43172969,13.18777888,-1.1055201,5.330864,-7.567636,1682522756000,10.72,0.2303009,0.25245667,0.24693298,,,,,,0.3250511,0.40069553,0.31433406,0.0,0.0,0.0,0.0
,,-1.3832077,4.553147,-7.6256166,1682522756282,,-3.2179718,0.6700287,-0.39115906,,,,,,0.20763354,0.18544099,0.55368596,0.0,0.0,0.0,0.0
,,-1.0985774,5.831491,-7.4023967,1682522756533,,0.4848938,0.04046631,0.037078857,,,,,,0.21787027,0.45992735,0.14867114,0.0,0.0,0.0,0.0
,,-0.92998606,6.462243,-7.1706777,1682522756789,,1.9677429,-0.5081482,-0.13015747,,,,,,0.17172559,0.47529843,0.012084945,0.0,0.0,0.0,0.0
,,-1.1495341,5.4868455,-7.55802,1682522757041,,1.124054,-0.22372437,0.112716675,,,,,,0.057832144,0.29906908,0.2029693,0.0,0.0,0.0,0.0
,,-1.4860001,4.6019483,-7.6859508,1682522757291,,-3.1956024,1.0514069,-0.06518555,,,,,,-0.10115695,0.13838011,0.44051784,0.0,0.0,0.0,0.0
,,-1.1733571,5.521402,-7.3596215,1682522757542,,-0.06478882,-0.06286621,0.1691742,,,,,,-0.018360864,0.1976602,0.22664507,0.0,0.0,0.0,0.0
,,-1.0062424,6.4624834,-7.0876,1682522757803,,2.0039673,0.08201599,0.09460449,,,,,,-0.03925027,0.3889494,0.025356643,0.0,0.0,0.0,0.0
,,-1.0267527,5.538162,-7.460458,1682522758054,,1.9389801,-1.2602234,-0.023635864,,,,,,-0.014888517,0.12717968,0.20524052,0.0,0.0,0.0,0.0
,,-1.3223165,4.5405784,-7.900073,1682522758306,,-2.7694855,0.9416809,-0.11206055,,,,,,-0.11019746,0.010731268,0.2592081,0.0,0.0,0.0,0.0
,,-1.1698858,5.311112,-7.617996,1682522758561,,-1.4315186,0.42289734,0.079696655,,,,,,-0.08716346,0.15323277,0.17190258,0.0,0.0,0.0,0.0
,,-0.8919988,6.3417754,-7.174431,1682522758811,,1.1922302,-0.23651123,-0.40074158,,,,,,-0.040768243,0.2356766,0.0027614594,0.0,0.0,0.0,0.0
52.43184488,13.18757564,-0.9043294,6.088428,-7.476898,1682522759000,10.72,1.7706604,-0.3824463,-0.39328003,,,,,,-0.028838662,0.29570124,0.018830411,0.0,0.0,0.0,0.0
,,-1.196222,5.0291133,-7.83507,1682522759314,,0.37091064,-0.14915466,0.15959167,,,,,,-0.031680554,0.15962164,0.20618743,0.0,0.0,0.0,0.0
,,-1.4751455,4.6241336,-7.9054995,1682522759565,,-1.9503021,0.70092773,0.06690979,,,,,,-0.04232472,0.104039334,0.21474366,0.0,0.0,0.0,0.0
,,-1.2866817,5.5680876,-7.6649218,1682522759818,,-1.6914368,0.4303589,0.19047546,,,,,,0.097963095,0.38138878,0.14181076,0.0,0.0,0.0,0.0
,,-1.1910726,5.642427,-7.4021974,1682522760068,,0.9301758,0.1374054,-0.10139465,,,,,,0.16371974,0.21527442,0.14441094,0.0,0.0,0.0,0.0
,,-1.1565567,5.5160937,-7.658856,1682522760323,,1.6641388,-0.38990784,-0.2856903,,,,,,0.26142952,0.2881117,0.11499896,0.0,0.0,0.0,0.0
,,-1.4132146,5.0180607,-7.7086954,1682522760575,,1.0899658,-0.2535553,0.004058838,,,,,,0.21907215,0.18486014,0.23497798,0.0,0.0,0.0,0.0
,,-1.4837245,4.911439,-7.7289267,1682522760826,,-1.2749176,0.43141174,0.22563171,,,,,,0.24822894,0.2093321,0.2095089,0.0,0.0,0.0,0.0
,,-1.3146546,5.3964643,-7.498125,1682522761077,,-2.05896,0.27694702,0.3918152,,,,,,0.28109536,0.21825106,0.2548535,0.0,0.0,0.0,0.0
,,-1.2298595,5.733927,-7.2760634,1682522761328,,0.3922119,0.026611328,-0.105667114,,,,,,0.26144668,0.19472045,0.11678586,0.0,0.0,0.0,0.0
,,-1.2946625,5.6735535,-7.4157257,1682522761579,,1.7099457,-0.19282532,-0.15359497,,,,,,0.16640955,0.27104118,0.09006918,0.0,0.0,0.0,0.0
,,-1.4160486,5.178033,-7.664603,1682522761832,,1.7440338,-0.81814575,0.0019226074,,,,,,0.088074766,0.16540848,0.12258461,0.0,0.0,0.0,0.0
52.43195551,13.18742233,-1.5586232,4.8114805,-7.671426,1682522762000,10.72,-0.54948425,0.2631073,0.079696655,,,,,,-0.018495107,0.10243351,0.20342523,0.0,0.0,0.0,0.0
,,-1.4347631,5.145951,-7.631642,1682522762334,,-2.586258,0.5326233,0.060516357,,,,,,-0.09832728,0.051412035,0.17274438,0.0,0.0,0.0,0.0
,,-1.3278219,5.7374387,-7.4834814,1682522762587,,-0.4440155,0.08946228,0.27464294,,,,,,-0.19463915,0.15935567,-0.05594581,0.0,0.0,0.0,0.0
,,-1.3182454,5.6261883,-7.407984,1682522762840,,1.429779,0.08520508,-0.20793152,,,,,,-0.29927504,0.052295096,0.028356759,0.0,0.0,0.0,0.0
,,-1.2586701,5.2627087,-7.7572985,1682522763090,,1.8953094,-0.7680664,-0.26757812,,,,,,-0.23025109,-0.03439657,-0.0047255675,0.0,0.0,0.0,0.0
,,-1.5317677,4.911439,-7.8106885,1682522763341,,0.18554688,0.03300476,-0.030029297,,,,,,-0.3143792,0.045021936,0.07118939,0.0,0.0,0.0,0.0
,,-1.4638921,4.9167056,-7.819627,1682522763593,,-2.3061066,0.72543335,0.17131042,,,,,,-0.22703925,-0.02389774,0.024849495,0.0,0.0,0.0,0.0
,,-1.3036793,5.4368863,-7.606025,1682522763843,,-1.4783936,0.55711365,0.22137451,,,,,,-0.12713061,0.060847368,-0.037144043,0.0,0.0,0.0,0.0
,,-1.2565541,5.5582724,-7.408902,1682522764096,,0.87265015,0.078811646,-0.17277527,,,,,,-0.04582931,0.09747734,0.043273244,0.0,0.0,0.0,0.0
,,-1.2583903,5.440678,-7.624939,1682522764347,,1.6470947,-0.1598053,0.032821655,,,,,,0.037250325,0.16476133,0.05255054,0.0,0.0,0.0,0.0
,,-1.4029999,5.235815,-7.6618886,1682522764596,,1.666275,-0.82240295,0.015777588,,,,,,0.03744529,0.23506886,0.15810648,0.0,0.0,0.0,0.0
,,-1.3725535,5.0770397,-7.548044,1682522764847,,0.19726562,0.08306885,-0.037490845,,,,,,0.14254309,0.16587701,0.2742263,0.0,0.0,0.0,0.0
52.43202987,13.18722185,-1.4026805,5.0585246,-7.7459645,1682522765000,10.72,-2.1835938,0.62423706,0.08821106,,,,,,0.11082913,0.098140754,0.07607687,0.0,0.0,0.0,0.0
,,-1.4498469,5.1183,-7.8876615,1682522765349,,-0.48875427,0.337677,0.07862854,,,,,,0.06148533,0.21123818,-0.003987821,0.0,0.0,0.0,0.0
,,-1.4654485,4.888655,-8.213633,1682522765601,,1.0058136,-0.3132019,-0.27822876,,,,,,0.048379198,0.22569989,-0.012112236,0.0,0.0,0.0,0.0
,,-1.5719905,4.354189,-8.359998,1682522765852,,0.5583954,-0.28018188,0.039215088,,,,,,0.044290185,0.09403629,0.14128616,0.0,0.0,0.0,0.0
,,-1.6179194,4.249083,-8.483579,1682522766105,,-0.04774475,-0.1171875,-0.091812134,,,,,,0.029858371,0.020255152,0.039600324,0.0,0.0,0.0,0.0
,,-1.4758235,4.7010283,-8.586451,1682522766357,,-0.06478882,-0.087371826,-0.022567749,,,,,,0.0028769532,0.05391987,-0.14127631,0.0,0.0,0.0,0.0
,,-1.3294978,5.218256,-8.434218,1682522766607,,-0.030700684,-0.02558899,0.042404175,,,,,,0.05562867,0.28926918,-0.03915728,0.0,0.0,0.0,0.0
,,-1.4066304,4.858607,-8.528989,1682522766858,,-0.058395386,0.0031738281,0.07649231,,,,,,0.100599915,0.25974908,0.0543156,0.0,0.0,0.0,0.0
,,-1.5917022,4.2253017,-8.742511,1682522767109,,-0.08395386,0.022354126,0.05305481,,,,,,0.09555456,0.071477175,0.113363296,0.0,0.0,0.0,0.0
,,-1.6660421,4.285237,-8.857593,1682522767361,,-0.050933838,0.008514404,0.044540405,,,,,,0.07160881,0.19259521,0.02952671,0.0,0.0,0.0,0.0
,,-1.626538,4.3864717,-8.807912,1682522767613,,-0.17982483,0.1182251,-0.04067993,,,,,,0.070366286,0.21820381,0.05098327,0.0,0.0,0.0,0.0
,,-1.6094197,4.5916543,-8.592875,1682522767868,,-1.4634705,0.3131714,0.0104522705,,,,,,0.025760721,0.21796155,0.15476494,0.0,0.0,0.0,0.0
52.43209287,13.18701625,-1.4628947,5.1365747,-8.204893,1682522768000,10.72,-0.769989,0.05218506,0.20219421,,,,,,0.03455666,0.16289455,0.08233717,0.0,0.0,0.0,0.0
,,-1.2908717,5.848012,-7.713124,1682522768370,,1.3317719,-0.122528076,-0.13015747,,,,,,0.029354049,0.17752148,0.020195978,0.0,0.0,0.0,0.0
,,-1.1313782,6.241858,-7.588067,1682522768621,,1.9538879,-1.0184021,0.16491699,,,,,,0.10531654,0.2643615,-0.03357245,0.0,0.0,0.0,0.0
,,-1.2666504,5.864651,-7.6036296,1682522768873,,0.49661255,0.13847351,0.23202515,,,,,,0.11105193,0.20593072,0.029890727,0.0,0.0,0.0,0.0
,,-1.4055939,5.423599,-7.5850754,1682522769124,,-2.105835,0.6146393,-0.02684021,,,,,,0.097842224,0.16318128,0.15750447,0.0,0.0,0.0,0.0
,,-1.362179,5.6097083,-7.560853,1682522769375,,-1.6040955,0.31103516,0.004058838,,,,,,0.12081741,0.20175625,0.051378377,0.0,0.0,0.0,0.0
,,-1.3628576,5.797454,-7.2885127,1682522769626,,0.47424316,-0.004272461,-0.1280365,,,,,,0.09705844,0.26017892,0.16151482,0.0,0.0,0.0,0.0
,,-1.383727,5.6482153,-7.365607,1682522769878,,1.3434906,-0.29296875,0.098861694,,,,,,0.113610916,0.21567933,0.24147196,0.0,0.0,0.0,0.0
,,-1.4939799,5.642469,-7.390945,1682522770132,,1.4702606,-0.808548,0.23309326,,,,,,0.055226635,0.3582821,0.3036518,0.0,0.0,0.0,0.0
,,-1.5999628,5.6233954,-7.4483666,1682522770384,,0.23348999,0.3653717,-0.09074402,,,,,,0.01655837,0.37526882,0.2384709,0.0,0.0,0.0,0.0
,,-1.6932968,5.726067,-7.4618936,1682522770635,,-1.1886444,0.5400696,0.25227356,,,,,,-0.00585498,0.46544248,0.20899135,0.0,0.0,0.0,0.0
,,-1.7962871,5.460111,-7.601197,1682522770888,,-1.4283295,0.28121948,0.08821106,,,,,,-0.051174592,0.4311035,0.23856632,0.0,0.0,0.0,0.0
52.43216768,13.18689281,-1.8426946,5.2889247,-7.8727794,1682522771000,10.72,-0.99476624,-0.2652588,0.065841675,,,,,,-0.07890958,0.42774594,0.19158095,0.0,0.0,0.0,0.0
,,-1.9794037,5.391397,-7.5620914,1682522771394,,-0.9159241,0.25245667,-0.018310547,,,,,,-0.225993,0.32004964,0.15408118,0.0,0.0,0.0,0.0
,,-1.9760518,5.9463334,-6.4795136,1682522771646,,-0.8253784,0.35578918,-0.11099243,,,,,,-0.31679168,0.10670366,0.16766454,0.0,0.0,0.0,0.0
,,-1.6454524,7.1090374,-4.916178,1682522771897,,-0.78170776,0.55818176,-0.070510864,,,,,,-0.2643363,-6.2259036E-4,0.1808665,0.0,0.0,0.0,0.0
,,-1.3685628,8.387661,-3.2391596,1682522772148,,0.10139465,0.09906006,0.004058838,,,,,,-0.19484863,0.012308629,0.08041737,0.0,0.0,0.0,0.0
,,-1.3492503,9.146703,-1.6552348,1682522772403,,-0.15959167,0.030883789,-0.068374634,,,,,,-0.20533307,-0.047905684,-0.008564051,0.0,0.0,0.0,0.0
,,-1.3993688,9.425747,-0.22003022,1682522772655,,-0.032821655,0.26843262,-0.032165527,,,,,,-0.1585494,-0.14095812,0.038415033,0.0,0.0,0.0,0.0
,,-1.354397,9.534683,0.7607946,1682522772906,,0.08860779,-0.21412659,0.100997925,,,,,,-0.003316633,-0.15642573,0.008727261,0.0,0.0,0.0,0.0
,,-1.3479726,9.602679,1.2944621,1682522773159,,0.20153809,-0.39309692,-0.08755493,,,,,,0.06714991,-0.07471234,-0.053365447,0.0,0.0,0.0,0.0
,,-1.3943008,9.825102,1.4167653,1682522773413,,0.5136566,0.10118103,0.032821655,,,,,,0.026938112,0.16024214,-0.13778624,0.0,0.0,0.0,0.0
,,-1.4603007,9.6798525,1.3043569,1682522773665,,0.3560028,0.27908325,-0.16105652,,,,,,-0.05576205,-5.9016544E-4,-0.13864793,0.0,0.0,0.0,0.0
,,-1.2894338,9.593262,0.8188919,1682522773919,,1.3051453,-0.41227722,-0.006591797,,,,,,0.12486083,-0.10271044,-0.31729794,0.0,0.0,0.0,0.0
52.43219414,13.18682422,-1.4333653,9.558267,0.07154185,1682522774000,10.72,1.7259216,0.21304321,-0.36772156,,,,,,-0.008041859,-0.090977825,-0.35021883,0.0,0.0,0.0,0.0
,,-1.6104167,9.279302,-1.155806,1682522774419,,1.1922302,-0.4420929,-0.50193787,,,,,,-0.020106101,-0.064371996,-0.39921182,0.0,0.0,0.0,0.0
,,-2.1927261,8.533149,-2.682309,1682522774669,,0.8374939,-0.39309692,0.31617737,,,,,,-0.14652978,-0.13428897,-0.47796786,0.0,0.0,0.0,0.0
,,-2.716857,7.536562,-4.0832753,1682522774921,,-1.421936,0.42182922,0.38967896,,,,,,-0.18482153,-0.38205865,-0.46189153,0.0,0.0,0.0,0.0
,,-2.9523666,7.042398,-5.0252733,1682522775176,,-1.8842621,1.0236969,0.29380798,,,,,,-0.1524088,-0.52750444,-0.40880612,0.0,0.0,0.0,0.0
,,-3.109227,7.0333796,-5.115774,1682522775428,,-1.3122101,1.2932129,0.28848267,,,,,,-0.26399472,-0.46596104,-0.18163821,0.0,0.0,0.0,0.0
,,-2.9391987,7.249696,-4.6492243,1682522775681,,-0.25120544,-0.07777405,-0.0342865,,,,,,-0.15925042,-0.31002095,-0.14180177,0.0,0.0,0.0,0.0
,,-2.6861322,7.79322,-3.5200388,1682522775933,,-0.027496338,0.1416626,-0.12271118,,,,,,-0.14730905,-0.10399135,-0.031597976,0.0,0.0,0.0,0.0
,,-1.9651184,8.423493,-2.3282456,1682522776184,,0.9962158,-1.4381256,-0.20367432,,,,,,0.12800282,-0.18061472,-0.10624636,0.0,0.0,0.0,0.0
,,-1.517043,9.082618,-1.3611883,1682522776436,,1.9368439,-1.1100159,-0.6201782,,,,,,0.24115385,-0.20813513,-0.07004302,0.0,0.0,0.0,0.0
,,-1.8025517,9.481531,-1.4294631,1682522776689,,1.7259216,-0.36965942,-0.056655884,,,,,,0.15220793,0.26237807,-0.17556493,0.0,0.0,0.0,0.0
,,-2.401861,8.831026,-2.1651616,1682522776941,,-1.3377686,0.9459381,0.7273712,,,,,,0.05111801,0.24875063,-0.16952078,0.0,0.0,0.0,0.0
52.43222707,13.18672084,-2.568458,7.965961,-2.904012,1682522777000,9.648001,-1.886383,1.532898,0.08821106,,,,,,0.14545292,-0.318956,-0.07464341,0.0,0.0,0.0,0.0
,,-2.6256795,7.9770136,-3.3585114,1682522777443,,-1.0757141,0.2939911,-1.9836426E-4,,,,,,0.10096453,-0.25165847,-0.09493946,0.0,0.0,0.0,0.0
,,-2.6541312,8.359568,-3.2720404,1682522777694,,-0.19688416,-0.17366028,-0.17063904,,,,,,-0.005981775,0.12692639,0.059002765,0.0,0.0,0.0,0.0
,,-2.4531388,8.262403,-3.17308,1682522777946,,1.5629425,-0.40055847,-0.72351074,,,,,,0.056503735,-0.035789713,-0.085307345,0.0,0.0,0.0,0.0
,,-2.115476,8.277287,-2.900181,1682522778196,,2.4673462,-0.8671417,-0.5370941,,,,,,0.17941265,-0.21519776,-0.019870376,0.0,0.0,0.0,0.0
,,-2.1485152,8.472414,-2.9082816,1682522778448,,0.10992432,-0.029846191,0.24481201,,,,,,0.122973554,0.012689034,0.0055184048,0.0,0.0,0.0,0.0
,,-2.4963923,8.487379,-3.2511306,1682522778700,,-0.74975586,-0.096954346,0.6400299,,,,,,0.02174925,0.37583917,-0.05224563,0.0,0.0,0.0,0.0
,,-2.8151007,7.972905,-3.806506,1682522778950,,-0.24481201,0.33447266,0.04347229,,,,,,0.0343218,0.18209292,-0.003829193,0.0,0.0,0.0,0.0
,,-3.1081502,7.3477793,-4.5879335,1682522779202,,-0.19581604,0.37921143,-0.11099243,,,,,,0.043272592,-0.13501066,0.09654934,0.0,0.0,0.0,0.0
,,-3.4336417,7.4040036,-5.3194017,1682522779453,,-0.09887695,0.31956482,-0.1876831,,,,,,-0.05442914,0.22997871,0.21057147,0.0,0.0,0.0,0.0
,,-3.4000432,7.231501,-5.586594,1682522779708,,0.027893066,0.08201599,-0.08648682,,,,,,-0.0364492,0.16026837,0.19273545,0.0,0.0,0.0,0.0
,,-2.928785,7.7093043,-5.3992476,1682522779959,,0.09820557,-0.1683197,0.15106201,,,,,,0.10094271,0.20623523,0.12926544,0.0,0.0,0.0,0.0
52.43226928,13.18668443,-2.5364547,8.048962,-5.0621047,1682522780000,10.72,-0.72950745,0.8383484,0.34387207,,,,,,0.18121189,0.15791,0.20734921,0.0,0.0,0.0,0.0
,,-2.2213368,8.384788,-4.6001434,1682522780463,,-0.6027374,0.4388733,-0.018310547,,,,,,0.21791404,0.21964322,0.31821358,0.0,0.0,0.0,0.0
,,-1.9776876,8.740247,-3.7383504,1682522780714,,-1.2738647,0.9938812,-0.1322937,,,,,,0.16203968,0.2907228,0.5901076,0.0,0.0,0.0,0.0
,,-1.6114944,9.098538,-2.911074,1682522780967,,0.84602356,-0.81707764,-0.19728088,,,,,,0.26157236,0.3270656,0.47142163,0.0,0.0,0.0,0.0
,,-1.3443812,9.135966,-2.3358667,1682522781217,,1.5299225,-0.82559204,-0.6201782,,,,,,0.26371914,0.04620301,0.35413063,0.0,0.0,0.0,0.0
,,-1.2162511,9.057199,-2.0133276,1682522781469,,1.5405731,-0.35687256,-0.69262695,,,,,,0.35083562,-0.16366029,0.41594565,0.0,0.0,0.0,0.0
,,-1.6776545,8.958158,-2.530395,1682522781720,,1.0601349,-0.57206726,-0.04814148,,,,,,0.20569977,0.11335519,0.13308808,0.0,0.0,0.0,0.0
,,-2.2770839,7.8751,-3.3075933,1682522781972,,-1.3622742,1.0801697,0.7177887,,,,,,0.19947776,-0.21725649,-0.026896723,0.0,0.0,0.0,0.0
,,-2.4487884,7.017776,-4.2964787,1682522782222,,-1.2802429,0.75419617,0.38435364,,,,,,0.35971996,-0.66450286,-0.30208117,0.0,0.0,0.0,0.0
,,-2.7349355,7.008319,-5.0229197,1682522782474,,-1.3729248,-0.0021514893,0.75827026,,,,,,0.15191565,-0.5002789,-0.31153902,0.0,0.0,0.0,0.0
,,-2.7456298,7.5721135,-4.956919,1682522782727,,-1.2323151,-1.3252106,0.046676636,,,,,,0.038085215,0.055264853,-0.28222904,0.0,0.0,0.0,0.0
,,-2.568339,7.5530405,-4.5562897,1682522782978,,1.5831757,-1.3806,-0.3560028,,,,,,-0.08447101,-0.16489471,-0.3767583,0.0,0.0,0.0,0.0
52.43231166,13.18662144,-2.2740915,7.8027964,-4.0694685,1682522783000,10.72,2.3352509,-0.9640808,-1.0739899,,,,,,-0.14498784,-0.28836548,-0.16138795,0.0,0.0,0.0,0.0
,,-2.4586437,8.089862,-4.236424,1682522783481,,-1.0821075,0.26522827,0.2671814,,,,,,-0.4006067,-0.093487784,-0.31966713,0.0,0.0,0.0,0.0
,,-2.630547,8.099479,-4.0675526,1682522783736,,-1.7649384,1.2591248,0.050933838,,,,,,-0.49464166,-0.04269738,-0.13938,0.0,0.0,0.0,0.0
,,-2.611593,8.1459675,-3.812172,1682522783987,,-1.2078094,0.29826355,0.12976074,,,,,,-0.41581565,-0.017339356,0.03395648,0.0,0.0,0.0,0.0
,,-2.559958,8.084077,-3.861293,1682522784240,,1.3285828,-1.4061584,-0.23136902,,,,,,-0.22617556,-0.08597819,-0.053927947,0.0,0.0,0.0,0.0
,,-2.8073587,8.117636,-4.126291,1682522784490,,3.131012,-0.5635376,-0.89183044,,,,,,-0.19215769,0.1299166,0.10749248,0.0,0.0,0.0,0.0
,,-3.0450628,7.3639,-4.443603,1682522784742,,0.77890015,1.6277161,-0.48703003,,,,,,-0.02769297,0.1297625,0.26093945,0.0,0.0,0.0,0.0
,,-2.4133937,6.725526,-4.6429605,1682522784993,,-2.9548492,1.9195862,0.40779114,,,,,,0.22555685,-0.1539308,0.3426186,0.0,0.0,0.0,0.0
,,-1.8942907,7.4365244,-4.983895,1682522785244,,-0.500473,-0.24928284,0.3140564,,,,,,0.14287776,0.4391269,0.064301796,0.0,0.0,0.0,0.0
,,-1.4286189,6.969415,-5.563252,1682522785497,,1.6119385,-0.17259216,-0.1322937,,,,,,0.28669533,0.18138196,-0.03937384,0.0,0.0,0.0,0.0
,,-1.5578263,5.944099,-6.6555266,1682522785749,,2.1871796,-1.1323853,-0.044937134,,,,,,0.18114866,0.073933594,0.19769432,0.0,0.0,0.0,0.0
52.43235278,13.1865283,-1.0526505,4.7570944,-7.893967,1682522786000,11.792,-2.1899872,0.54859924,-0.27078247,,,,,,0.07207744,0.06792696,0.115407325,0.0,0.0,0.0,0.0
,,-1.6919419,4.824929,-7.5616126,1682522786003,,-1.2685394,0.6764221,-0.00340271,,,,,,0.107942075,0.2530519,0.31218162,0.0,0.0,0.0,0.0
,,-0.6441198,6.0800104,-7.3127747,1682522786506,,0.76612854,-0.8096161,-0.18235779,,,,,,-0.016508454,0.5869058,0.2088463,0.0,0.0,0.0,0.0
,,-0.47919923,5.7853637,-7.3850794,1682522786757,,1.8505554,-0.82559204,0.14680481,,,,,,0.2028736,0.38382256,0.24520116,0.0,0.0,0.0,0.0
,,-0.8210108,5.2863326,-7.7268906,1682522787008,,2.1509705,-1.0003052,-0.4859619,,,,,,0.10342529,0.50660396,0.33587223,0.0,0.0,0.0,0.0
,,-1.12683,4.647001,-7.7417355,1682522787260,,-1.3984985,0.72543335,0.8946228,,,,,,0.08407698,0.4348503,0.4464289,0.0,0.0,0.0,0.0
,,-0.64328104,5.1759586,-7.668393,1682522787512,,-2.281601,-0.25993347,-0.46572876,,,,,,0.26437292,0.3060313,0.30343404,0.0,0.0,0.0,0.0
,,-0.74595284,6.270827,-7.2282586,1682522787763,,-2.0994415,-0.2386322,0.09567261,,,,,,0.14692749,0.63681036,0.005772535,0.0,0.0,0.0,0.0
,,-0.8803075,5.981607,-6.5354166,1682522788016,,1.3104706,1.4157257,-0.33470154,,,,,,0.21718256,0.03354912,-0.040634625,0.0,0.0,0.0,0.0
,,-1.4949783,6.378287,-6.08423,1682522788266,,2.654831,0.2354126,-0.9610748,,,,,,-0.12358059,0.21396844,-0.0061922628,0.0,0.0,0.0,0.0
,,-2.1638377,6.3348317,-5.839543,1682522788519,,-1.4197998,1.1163788,0.48236084,,,,,,-0.3359196,-0.058910467,-0.008205032,0.0,0.0,0.0,0.0
,,-2.0290043,7.0995793,-5.0148597,1682522788771,,-2.1335297,1.3187866,-0.14614868,,,,,,-0.35641614,-0.39214143,0.19586688,0.0,0.0,0.0,0.0
52.43237991,13.18644778,-2.0960016,8.067076,-3.3567154,1682522789000,10.72,2.2532349,-0.34196472,-1.2231293,,,,,,-0.33624613,-0.3449127,0.17572114,0.0,0.0,0.0,0.0
,,-2.2098465,8.6093235,-4.1306815,1682522789022,,-1.4155426,0.47402954,0.07116699,,,,,,-0.5317909,0.34505823,-0.014893754,0.0,0.0,0.0,0.0
,,-2.6954696,8.472894,-4.186705,1682522789529,,2.0412445,-1.3592987,-0.42843628,,,,,,-0.4404441,0.4782888,-0.015743477,0.0,0.0,0.0,0.0
,,-2.8794646,7.420122,-4.260327,1682522789780,,-1.93219,1.3677826,0.9979553,,,,,,-0.104730465,-0.09568206,0.26373452,0.0,0.0,0.0,0.0
,,-2.3197408,8.230558,-3.579576,1682522790031,,-2.0973053,0.50491333,0.55267334,,,,,,0.16497952,0.20549631,0.41452548,0.0,0.0,0.0,0.0
,,-1.9874257,9.127867,-3.2072368,1682522790284,,1.8143463,-1.5467834,-0.51153564,,,,,,0.29223156,0.7052068,-0.13813062,0.0,0.0,0.0,0.0
,,-2.1245732,8.1724205,-3.3484542,1682522790537,,2.9041138,-1.048233,-0.8119354,,,,,,0.42853394,-0.09890793,0.014634832,0.0,0.0,0.0,0.0
,,-2.9356892,7.9309263,-4.252864,1682522790789,,-1.0480194,0.91185,0.77531433,,,,,,0.2753817,0.39701477,0.14012772,0.0,0.0,0.0,0.0
,,-2.6150656,7.1704087,-3.7938156,1682522791042,,-2.3167572,0.4900055,0.30552673,,,,,,0.4502153,-0.3491874,0.68246806,0.0,0.0,0.0,0.0
,,-2.1889775,8.89986,-3.459585,1682522791292,,-0.9830475,-0.07777405,-0.24308777,,,,,,0.20907426,0.7106437,0.12321161,0.0,0.0,0.0,0.0
,,-1.98152,8.424493,-3.073998,1682522791543,,2.2351227,-1.2463684,-1.094223,,,,,,0.20307274,0.040508207,0.045758463,0.0,0.0,0.0,0.0
,,-2.6831005,8.028691,-4.1016703,1682522791798,,0.46998596,-0.5219879,0.028564453,,,,,,-0.02815129,0.23086959,0.027774954,0.0,0.0,0.0,0.0
52.43243199,13.18637128,-2.1402144,8.611838,-3.5346446,1682522792000,10.72,-2.0557556,0.44100952,0.66877747,,,,,,0.08263948,0.5129921,0.37168318,0.0,0.0,0.0,0.0
,,-2.7783494,7.2139835,-4.175612,1682522792051,,-2.2911835,1.2048035,0.38648987,,,,,,0.056583125,-0.19755976,0.4595134,0.0,0.0,0.0,0.0
,,-1.8307637,8.898943,-3.0984218,1682522792556,,2.5493774,0.029815674,-0.934433,,,,,,0.076017365,0.37714148,-0.047048107,0.0,0.0,0.0,0.0
,,-2.370935,8.207537,-3.81321,1682522792807,,1.4851685,-1.1717987,-0.16531372,,,,,,-0.055233844,0.09665875,-0.010693948,0.0,0.0,0.0,0.0
,,-2.770727,7.544543,-4.267031,1682522793059,,-2.2091675,1.5669861,0.46424866,,,,,,0.03489415,0.050513856,0.43152052,0.0,0.0,0.0,0.0
,,-2.312158,8.225095,-3.6298141,1682522793310,,-2.5223541,0.45591736,0.93403625,,,,,,0.11910265,0.31973487,0.6173693,0.0,0.0,0.0,0.0
,,-1.8810028,8.910276,-3.2313788,1682522793565,,3.180008,1.929184,-0.9259186,,,,,,0.07260127,0.4241293,0.022161355,0.0,0.0,0.0,0.0
,,-2.3115594,8.306858,-3.806625,1682522793818,,2.224472,-1.5244141,-0.2761078,,,,,,-0.07904814,0.14715935,-0.069798976,0.0,0.0,0.0,0.0
,,-2.8455865,7.5868015,-4.2769256,1682522794070,,-2.1271362,1.7203827,0.84988403,,,,,,-0.071986884,0.09448357,0.50257957,0.0,0.0,0.0,0.0
,,-2.4066095,7.9707117,-3.6379135,1682522794321,,-2.836609,0.8383484,0.9233856,,,,,,0.04845659,0.21348622,0.8533732,0.0,0.0,0.0,0.0
,,-1.944369,8.900539,-3.4133372,1682522794574,,3.8511353,0.9225006,-0.84814453,,,,,,-0.07577031,0.4803805,0.105863295,0.0,0.0,0.0,0.0
,,-2.185704,8.030525,-3.775939,1682522794829,,3.035141,-1.237854,-0.7458801,,,,,,-0.018838024,0.108418055,0.25999367,0.0,0.0,0.0,0.0
52.43248335,13.18630436,-1.8325602,6.6638346,-4.9718833,1682522795000,10.72,0.57862854,-0.71481323,0.17556763,,,,,,0.13829704,-0.0681798,0.6107992,0.0,0.0,0.0,0.0
,,-2.6609533,6.9042125,-4.770969,1682522795081,,-2.9814758,2.3872375,-0.15679932,,,,,,-0.14096501,0.1565612,0.6364843,0.0,0.0,0.0,0.0
,,-1.1334534,7.3893185,-5.4547534,1682522795582,,1.891037,-1.0556946,0.40567017,,,,,,0.20979574,0.4684997,0.14693762,0.0,0.0,0.0,0.0
,,-1.1550013,6.121948,-6.3508234,1682522795834,,1.6918335,-0.49856567,0.065841675,,,,,,0.32082957,0.19899435,0.08381901,0.0,0.0,0.0,0.0
,,-1.5642507,4.904536,-7.329613,1682522796087,,-3.2030487,1.5510101,0.22351074,,,,,,0.21033049,0.35238042,0.5075945,0.0,0.0,0.0,0.0
,,-0.96486205,5.0299916,-7.5729046,1682522796339,,-0.6773071,-0.11399841,0.09992981,,,,,,0.25309482,0.28576764,0.28246644,0.0,0.0,0.0,0.0
,,-0.41758728,6.246086,-7.4693155,1682522796593,,2.0614777,0.37921143,0.09460449,,,,,,0.36658075,0.7337366,0.028403727,0.0,0.0,0.0,0.0
,,-0.86550194,5.483413,-7.6114907,1682522796843,,1.9006348,-0.69670105,-0.29847717,,,,,,0.24767876,0.61027133,0.33199552,0.0,0.0,0.0,0.0
,,-1.3912684,4.4570985,-7.8017497,1682522797095,,-2.7886658,1.2463379,0.25013733,,,,,,0.020696914,0.49310586,0.5516037,0.0,0.0,0.0,0.0
,,-1.0988572,4.839931,-7.6287684,1682522797346,,-1.9875793,0.45591736,-0.07583618,,,,,,-0.11069553,0.24631087,0.42470983,0.0,0.0,0.0,0.0
,,-0.6057307,6.1664386,-7.2713943,1682522797597,,1.4702606,-1.3795319,-0.3283081,,,,,,-0.06586917,0.4945462,0.17015019,0.0,0.0,0.0,0.0
,,-0.7091614,5.6952205,-7.4905033,1682522797848,,2.5653534,-1.6117554,-0.4305725,,,,,,-0.05814256,0.367548,0.23752083,0.0,0.0,0.0,0.0
52.43252234,13.18622611,-1.070965,4.6054597,-7.78511,1682522798000,10.72,-2.6373901,0.29612732,-0.22497559,,,,,,-0.16659494,0.10892817,0.2814111,0.0,0.0,0.0,0.0
,,-1.2618626,4.4733405,-7.755142,1682522798099,,-1.6818542,0.78507996,0.25332642,,,,,,-0.1955923,0.2101836,0.46053976,0.0,0.0,0.0,0.0
,,-0.6756419,6.0066266,-7.3887906,1682522798603,,1.7248535,0.18214417,-0.16319275,,,,,,-0.112850234,0.33971867,0.022312196,0.0,0.0,0.0,0.0
,,-0.56187695,5.8991666,-7.575339,1682522798854,,2.9019775,-1.2900543,0.013641357,,,,,,0.19390741,0.3815463,-0.020264912,0.0,0.0,0.0,0.0
,,-1.125033,4.5946865,-7.8970394,1682522799106,,-1.2291107,1.0322266,0.2394867,,,,,,0.15823604,0.24451178,0.28194517,0.0,0.0,0.0,0.0
,,-1.3304545,4.340422,-7.832955,1682522799358,,-2.8280792,1.1888123,-0.54455566,,,,,,-0.03616167,0.12978174,0.37570113,0.0,0.0,0.0,0.0
,,-0.8279114,5.799648,-7.473386,1682522799611,,1.3552094,0.20344543,-0.23242188,,,,,,-0.07003202,0.38551414,0.05219437,0.0,0.0,0.0,0.0
,,-0.54743093,6.0474086,-7.375024,1682522799862,,2.6484375,-0.27911377,0.14894104,,,,,,0.12344865,0.3890772,-0.0022735596,0.0,0.0,0.0,0.0
,,-1.0149394,4.799391,-7.6997576,1682522800114,,-0.69755554,0.7914734,-0.24946594,,,,,,-0.03934878,0.25150603,0.31748074,0.0,0.0,0.0,0.0
,,-1.3929836,4.2596188,-7.632002,1682522800367,,-3.2147675,1.5776367,-0.4817047,,,,,,-0.41366643,0.04179469,0.5255615,0.0,0.0,0.0,0.0
,,-0.8710877,5.715133,-7.4215517,1682522800621,,1.5789185,0.12036133,-0.21432495,,,,,,-0.41114122,0.3186538,0.09306758,0.0,0.0,0.0,0.0
,,-0.5036982,6.223303,-7.1734324,1682522800873,,2.081726,-1.2506409,0.3140564,,,,,,-0.12298461,0.4050902,0.115462035,0.0,0.0,0.0,0.0
52.43255562,13.18613225,-1.3930639,4.2251034,-7.7140827,1682522801000,10.72,-3.0848083,1.341156,-0.09288025,,,,,,-0.21107267,0.10146215,0.54145163,0.0,0.0,0.0,0.0
,,-0.9285497,4.9662275,-7.57905,1682522801124,,0.019378662,0.5965271,-0.0342865,,,,,,-0.059187952,0.23101453,0.369325,0.0,0.0,0.0,0.0
,,-0.8789886,5.4319406,-7.5102963,1682522801624,,0.5583954,-0.3909607,0.15959167,,,,,,0.049575757,0.31642023,0.17683987,0.0,0.0,0.0,0.0
,,-0.461321,6.2376294,-7.3351603,1682522801875,,2.0710754,-0.841568,0.16171265,,,,,,0.43749905,0.5818048,0.046031617,0.0,0.0,0.0,0.0
,,-0.8915192,5.0417256,-7.61181,1682522802128,,0.84495544,0.10331726,0.40246582,,,,,,0.4837984,0.40226728,0.3832461,0.0,0.0,0.0,0.0
,,-1.3386754,4.1077075,-7.883153,1682522802380,,-3.5013275,1.4029388,0.14041138,,,,,,0.30037498,0.21829796,0.43664148,0.0,0.0,0.0,0.0
,,-0.884375,5.323004,-7.539465,1682522802633,,0.0129852295,-0.1683197,0.087142944,,,,,,0.32948315,0.4340618,0.23308207,0.0,0.0,0.0,0.0
,,-0.4432836,6.1865525,-7.306789,1682522802886,,1.7685394,0.047927856,-0.068374634,,,,,,0.4043375,0.5194541,0.023947604,0.0,0.0,0.0,0.0
,,-0.77408344,5.2530136,-7.598563,1682522803137,,1.1719818,-0.35687256,0.011520386,,,,,,0.18720795,0.3414415,0.25592786,0.0,0.0,0.0,0.0
,,-1.1680084,4.370311,-7.751871,1682522803391,,-2.7556458,0.29612732,-0.71925354,,,,,,-0.049571786,0.18482819,0.48007834,0.0,0.0,0.0,0.0
,,-1.0204055,5.3473043,-7.4746227,1682522803644,,-0.20965576,0.102249146,-0.22709656,,,,,,-0.25656337,0.2701504,0.26693788,0.0,0.0,0.0,0.0
,,-0.5988271,6.445684,-7.2551136,1682522803905,,2.0891876,0.20025635,-0.69369507,,,,,,-0.15838446,0.4351574,-0.024979146,0.0,0.0,0.0,0.0
52.43260224,13.18604899,-1.4423457,4.3900614,-7.731679,1682522804000,11.792,-2.6320648,0.8660431,0.5782318,,,,,,-0.25146917,0.12001122,0.47612378,0.0,0.0,0.0,0.0
,,-0.8715678,5.562822,-7.569433,1682522804158,,2.2585602,-1.4977722,-0.23136902,,,,,,-0.1794679,0.22445598,0.14431787,0.0,0.0,0.0,0.0
,,-1.2319742,4.955172,-7.6327176,1682522804662,,-1.7063599,0.21836853,-0.11099243,,,,,,-0.072654866,0.19970341,0.28935847,0.0,0.0,0.0,0.0
,,-0.91917264,6.09569,-7.294616,1682522804913,,1.6396332,-1.0077515,0.09674072,,,,,,0.031786285,0.43870264,0.06835548,0.0,0.0,0.0,0.0
,,-0.66630554,5.5166125,-7.4944525,1682522805167,,2.5621643,-1.4178772,0.13615417,,,,,,0.40119827,0.3000837,0.22533728,0.0,0.0,0.0,0.0
,,-1.2879598,4.426852,-7.6985183,1682522805418,,-1.5476379,0.6380768,0.14361572,,,,,,0.23612048,0.31568253,0.5769403,0.0,0.0,0.0,0.0
,,-1.2614634,4.4966035,-7.667513,1682522805668,,-2.646988,0.63061523,-0.1642456,,,,,,0.19787772,0.23200981,0.5097417,0.0,0.0,0.0,0.0
,,-0.76243186,6.04226,-7.2545943,1682522805920,,1.4020844,0.3930664,-0.13015747,,,,,,0.18634208,0.5619653,0.24025384,0.0,0.0,0.0,0.0
,,-0.56483,5.972908,-7.1370397,1682522806172,,2.5025024,-1.1632843,-0.22816467,,,,,,0.22334269,0.4069566,0.35850278,0.0,0.0,0.0,0.0
,,-0.98944145,4.9793153,-7.639742,1682522806423,,0.27290344,0.057510376,-0.054534912,,,,,,0.007937566,0.37441075,0.44241843,0.0,0.0,0.0,0.0
,,-1.323353,4.4475236,-7.8576136,1682522806674,,-2.7236786,0.7701721,-0.15252686,,,,,,-0.23803473,0.21115127,0.37519985,0.0,0.0,0.0,0.0
,,-0.77958983,5.6049604,-7.4935756,1682522806927,,-0.28529358,0.2204895,0.18515015,,,,,,-0.16364013,0.29870927,0.19054355,0.0,0.0,0.0,0.0
52.43266409,13.18597495,-0.50996345,5.4933515,-7.563925,1682522807000,11.792,2.2798615,-0.5401001,-0.7086029,,,,,,-0.10188877,0.18072742,0.22797741,0.0,0.0,0.0,0.0
,,-0.48977152,6.1902237,-7.0993304,1682522807177,,1.6886444,0.2897339,-0.037490845,,,,,,-0.14057465,0.34184927,0.17600824,0.0,0.0,0.0,0.0
,,-1.0245184,4.7348285,-7.864596,1682522807678,,-0.40141296,0.17362976,0.13508606,,,,,,-0.20522772,0.31200552,0.252214,0.0,0.0,0.0,0.0
,,-0.91546226,4.6387806,-7.841932,1682522807930,,-2.730072,1.1142578,0.103134155,,,,,,-0.054833412,0.023749106,0.18047814,0.0,0.0,0.0,0.0
,,-0.556012,5.8334875,-7.3381524,1682522808181,,0.06304932,0.1651001,0.39395142,,,,,,0.097463585,0.36352572,0.14916182,0.0,0.0,0.0,0.0
,,-0.45106608,5.739115,-7.378056,1682522808432,,1.2934265,-0.008544922,0.04135132,,,,,,0.25106788,0.25769693,0.13712355,0.0,0.0,0.0,0.0
,,-0.52891845,5.313107,-7.8390594,1682522808683,,1.8761292,-0.63064575,0.0019226074,,,,,,0.42520323,0.34246916,0.11197125,0.0,0.0,0.0,0.0
,,-1.0380051,4.7833095,-7.8358674,1682522808935,,-0.34921265,0.5187683,0.2756958,,,,,,0.3528053,0.44992155,0.28430673,0.0,0.0,0.0,0.0
,,-0.9286692,4.7505884,-7.8214626,1682522809186,,-2.6885376,1.0269012,0.112716675,,,,,,0.33158052,0.12957166,0.26239416,0.0,0.0,0.0,0.0
,,-0.6716522,5.7159314,-7.4677186,1682522809437,,-0.90208435,0.38027954,0.38648987,,,,,,0.26341438,0.39240715,0.17717569,0.0,0.0,0.0,0.0
,,-0.59423983,5.6998096,-7.367322,1682522809691,,1.0920868,0.23753357,-0.18235779,,,,,,0.1333489,0.2778822,0.15324731,0.0,0.0,0.0,0.0
,,-0.5750865,5.375116,-7.6078997,1682522809942,,1.6321869,-0.97792053,-0.33470154,,,,,,0.052920874,0.1642542,0.112113744,0.0,0.0,0.0,0.0
52.43271978,13.18588555,-0.8514557,4.8494306,-7.747881,1682522810000,10.72,-2.0855865,0.85964966,0.32363892,,,,,,-0.31146175,-0.14155085,0.108102575,0.0,0.0,0.0,0.0
