92#1#0
key,lat,lon,ts,bike,childCheckBox,trailerCheckBox,pLoc,incident,i1,i2,i3,i4,i5,i6,i7,i8,i9,scary,desc,i10
1,52.54432759,13.37796064,1686769810000,1,0,0,0,1,0,0,0,0,0,0,1,0,0,1,,0
2,52.54453852,13.37858631,1686769846000,1,0,0,0,1,0,0,0,0,0,0,1,0,0,1,,0
1000,52.54389614,13.37742758,1686769798000,1,0,0,0,1,0,0,0,0,0,0,1,0,0,1,,0

=========================
92#1
lat,lon,X,Y,Z,timeStamp,acc,a,b,c,obsDistanceLeft1,obsDistanceLeft2,obsDistanceRight1,obsDistanceRight2,obsClosePassEvent,XL,YL,ZL,RX,RY,RZ,RC
52.54355115,13.37699047,0.24845476,7.889375,-4.820899,1686769786000,6.682997,0.4650208,-0.24373505,0.07200569,,,,,,-0.0056137005,0.14349073,0.39870018,0.86961865,-0.11198047,-0.042529102,0.44837457
,,0.386042,8.713862,-4.4199424,1686769786579,,3.0263767,-0.50885034,-0.73433584,,,,,,-0.02444296,0.3987724,0.21914367,0.85064274,-0.10707458,-0.035057172,0.49094412
,,-0.111505546,7.6171536,-5.1188865,1686769786831,,-0.936303,0.89064085,0.1550833,,,,,,-0.17650332,-0.040307675,0.28868008,0.8715046,-0.11319082,-0.049487595,0.44513327
,,-0.12745766,7.296594,-5.3838506,1686769787081,,-2.2820382,0.19975278,-0.11675153,,,,,,-0.09947576,-0.018261576,0.47048008,0.8862483,-0.12035663,-0.055849176,0.41617554
,,0.40925243,8.008618,-4.662495,1686769787332,,0.6195696,-0.34025168,0.053068876,,,,,,0.07236457,0.14140405,0.453615,0.86386997,-0.1156492,-0.042591736,0.46217462
,,0.37966123,8.61169,-4.582973,1686769787582,,2.84495,-0.7476985,-0.3580431,,,,,,-0.041219212,0.39952126,0.19005029,0.8514128,-0.11388492,-0.03836761,0.4904311
,,-0.02703888,7.3891954,-5.2454667,1686769787832,,-1.8990259,1.1734712,0.4654026,,,,,,-0.17715962,-0.13529211,0.44353455,0.8752482,-0.12385352,-0.05215068,0.43564454
,,0.033100702,7.2904515,-5.5342,1686769788082,,-1.8275547,0.67378384,-0.19433136,,,,,,-0.15675592,-0.019339275,0.38246047,0.8845268,-0.12618032,-0.050911617,0.41818193
,,0.55401826,8.114222,-4.811249,1686769788334,,0.9121738,-0.9334014,0.22411102,,,,,,0.043848615,0.20682745,0.2866211,0.8605086,-0.11702201,-0.03353039,0.4692573
,,0.48542398,8.487422,-5.114658,1686769788585,,2.61893,-1.3237439,-0.30550876,,,,,,0.011776672,0.50476134,-0.10079446,0.85726196,-0.11193685,-0.033194017,0.47790083
,,0.0024726193,7.2826357,-5.6216173,1686769788837,,-2.5233297,1.6212351,0.33162323,,,,,,-0.14058523,-0.0031264941,0.24486701,0.8832588,-0.11869419,-0.050035715,0.42082298
52.54359972,13.37711946,0.57547385,8.412526,-4.746961,1686769789000,6.879239,1.3397791,-0.3420843,-0.11980586,,,,,,0.19177312,0.42146188,0.13030097,0.85897833,-0.10490446,-0.033489652,0.47637162
,,0.15026928,7.4441514,-5.6374106,1686769789088,,-1.4036145,0.27000225,0.074449144,,,,,,0.048872948,0.17085886,0.23109502,0.8847968,-0.11625931,-0.048538562,0.4184656
,,0.34121647,8.328938,-5.0731025,1686769789590,,2.6561928,-1.5888593,0.18562654,,,,,,0.25012836,0.46810374,-0.03230463,0.8619451,-0.10112855,-0.04090716,0.47042504
,,-0.07625128,7.206782,-5.601837,1686769789840,,-2.9546003,1.5118903,0.44890925,,,,,,0.14521293,-0.0051126084,0.3190145,0.88795644,-0.1101168,-0.058186866,0.4129826
,,0.18560328,7.6099725,-5.2827144,1686769790090,,-0.6986766,0.5619956,-0.03733911,,,,,,0.3076726,0.21023484,0.4380658,0.88135135,-0.11064502,-0.053489577,0.42500192
,,0.5171688,8.377032,-4.618148,1686769790342,,1.819308,-0.239459,-0.28290674,,,,,,0.35134315,0.30641335,0.2712553,0.856717,-0.10517427,-0.038870137,0.47985592
,,0.19310077,7.995378,-5.1177692,1686769790592,,0.77411836,-0.1802051,0.14164427,,,,,,0.2416199,0.30230123,0.16274098,0.8659986,-0.11038257,-0.049760457,0.45665944
,,0.0013559381,6.9551377,-5.606862,1686769790845,,-2.6070182,0.6921098,0.008475749,,,,,,0.18723708,-0.21968333,0.4669258,0.8876832,-0.12124299,-0.059368413,0.4114213
,,0.41220352,7.7691755,-5.17767,1686769791095,,0.75579244,0.118507765,-0.17050762,,,,,,0.3057844,0.2267581,0.3621253,0.87121123,-0.12224949,-0.050615706,0.44106808
,,0.52362937,8.493564,-4.6493344,1686769791347,,2.931082,-0.7214313,-0.89682585,,,,,,0.15686451,0.30282104,0.13850139,0.85047424,-0.116528,-0.03883775,0.48999882
,,0.008614218,7.520163,-5.2637315,1686769791597,,-1.162323,1.2443316,0.544815,,,,,,-0.050382473,-0.07523224,0.08875942,0.86748135,-0.12174869,-0.052467547,0.44942302
,,0.037248287,7.1707315,-5.5227942,1686769791848,,-2.3602288,0.08307761,0.017027855,,,,,,0.0011570831,-0.15545055,0.34684044,0.8823815,-0.1296616,-0.054147378,0.42044634
52.54366688,13.37728267,0.52578294,8.573483,-4.852325,1686769792000,11.379633,3.0856307,-1.1325433,0.08055779,,,,,,0.055971958,0.4228339,-0.21866699,0.8493922,-0.117549926,-0.03743119,0.490755
,,0.51541406,7.8199844,-4.8518467,1686769792098,,1.06489,-0.6206386,-0.045891218,,,,,,0.12709583,-0.034714747,0.19982153,0.8603897,-0.12440445,-0.04059322,0.46390453
,,-0.087018974,7.1816583,-5.3166122,1686769792601,,-2.8038692,1.8034256,0.2828304,,,,,,-0.123883516,-0.29537287,0.17719606,0.87428695,-0.123153366,-0.050469026,0.43698862
,,0.12602201,7.533483,-5.43402,1686769792851,,-1.1417062,0.8223767,-0.18325943,,,,,,0.087084986,0.09614514,0.16034536,0.87709486,-0.12411038,-0.048983015,0.43183577
,,0.5415755,8.253484,-4.573004,1686769793104,,2.0659447,-0.9320269,-0.2999346,,,,,,0.20120384,0.14496715,0.21661276,0.8529465,-0.11382139,-0.034383114,0.484181
,,0.17698915,8.368259,-5.063532,1686769793355,,1.075122,-0.052381653,0.34452772,,,,,,0.10035258,0.40366718,-0.083355285,0.8563353,-0.10740007,-0.044478077,0.47673017
,,-0.18329026,7.2301526,-5.2819166,1686769793606,,-2.8924448,0.18035783,-0.16982041,,,,,,-0.04274217,-0.28178406,0.49588707,0.8784123,-0.11606514,-0.053087294,0.43268922
,,-0.040678035,7.9446487,-4.948198,1686769793858,,1.1527019,0.22983788,-0.2535089,,,,,,-0.04461445,0.21156053,0.39010552,0.8656333,-0.11843352,-0.04786967,0.45254615
,,0.3649852,8.607222,-4.6136017,1686769794109,,3.0934193,-0.9082032,-0.46853328,,,,,,0.004641527,0.2849584,0.13787775,0.848014,-0.11074097,-0.036023688,0.49553317
,,-0.080478586,7.676414,-5.222734,1686769794361,,-2.1875067,1.4778346,0.31459537,,,,,,-0.08399132,0.047018606,0.25556383,0.8660939,-0.11418386,-0.05139496,0.45158485
,,-0.07138589,7.5228744,-5.508039,1686769794611,,-1.5735877,0.8156572,-0.2083049,,,,,,-0.043098774,0.07624198,0.38526914,0.8788277,-0.12082692,-0.056368355,0.4286198
,,0.40965128,7.9678597,-4.75406,1686769794863,,2.100764,-0.90637064,-0.08857539,,,,,,0.16312625,0.08478054,0.4563753,0.8606718,-0.11774389,-0.044969793,0.46522397
52.54379783,13.37736028,0.013479571,7.0088177,-5.484907,1686769795000,11.921002,-3.3805256,1.2176062,-0.14599667,,,,,,0.15545222,-0.22871642,0.61560833,0.88445574,-0.12226783,-0.06066453,0.41545016
,,0.29878384,8.523792,-5.0315475,1686769795114,,2.2962408,-1.1293362,0.36407542,,,,,,0.19098993,0.6260355,0.118106954,0.85896456,-0.11394073,-0.049404666,0.4698358
,,0.2587439,7.657751,-5.366462,1686769795614,,0.72631824,-0.07987057,-0.08002329,,,,,,0.337963,0.33250254,0.49630877,0.8800836,-0.12366844,-0.05891175,0.4222946
,,0.5544968,8.231868,-4.778627,1686769795866,,2.9981244,-0.7958041,-0.75686145,,,,,,0.2557622,0.26226467,0.35848397,0.86166745,-0.12088542,-0.04522511,0.4671571
,,0.116769806,7.594419,-5.3599234,1686769796117,,-1.8503094,1.5590796,0.44409868,,,,,,0.09841712,0.13609101,0.2861838,0.8740606,-0.1264322,-0.053702008,0.4343304
,,-0.0464208,7.2977896,-5.750432,1686769796367,,-2.1032073,0.75823593,-0.5412262,,,,,,-0.08402585,0.10225523,0.40412337,0.887382,-0.13597362,-0.05369955,0.40843856
,,0.38883364,7.586046,-5.16052,1686769796617,,0.9828814,-0.53252137,-0.13377939,,,,,,0.045908213,-0.05289402,0.36802852,0.8710538,-0.12907745,-0.03908055,0.44274035
,,0.3723232,8.276535,-5.4377694,1686769796868,,2.2229369,-1.2270746,0.17653993,,,,,,0.10570731,0.41977394,-0.07716975,0.8666491,-0.118328325,-0.035661526,0.45941204
,,-0.044346962,6.8760157,-5.672506,1686769797118,,-3.243692,0.9121738,0.09040799,,,,,,-0.1380804,-0.35555872,0.42967606,0.88826525,-0.12283434,-0.044589717,0.41113135
,,0.21543379,7.597611,-5.6607804,1686769797371,,0.45203993,-0.114079,-0.07208204,,,,,,0.080345534,0.27210516,0.2595121,0.88430303,-0.120505996,-0.040457975,0.41779947
,,0.45016968,8.156575,-4.816592,1686769797621,,2.9981244,-0.1311832,-0.9633338,,,,,,0.011333422,0.1791816,0.33794594,0.8649582,-0.112188675,-0.029289715,0.4643025
,,0.082313105,7.6595054,-5.2499323,1686769797874,,-1.6768239,1.2389865,0.2877173,,,,,,0.041418605,0.06266667,0.27038562,0.87519544,-0.108121626,-0.042098172,0.4389554
52.54389614,13.37742758,0.3038087,7.8813996,-4.6602616,1686769798000,12.021861,1.1197151,-0.9656245,0.15882485,,,,,,0.08748774,0.08330808,0.5236228,0.86727166,-0.10678088,-0.03856791,0.45441943
,,-0.0998605,7.359445,-5.462415,1686769798123,,-2.3420556,-0.020005822,-0.33597562,,,,,,-0.045830846,-0.0012920538,0.44378215,0.88717437,-0.110784106,-0.04669105,0.4169574
,,0.35062832,8.563753,-4.738906,1686769798626,,2.9046621,-1.6980513,0.45326167,,,,,,0.10383274,0.48255345,0.10691682,0.8574138,-0.102871545,-0.038330756,0.48061085
,,-0.10392823,7.2208204,-5.0270014,1686769798876,,-3.262018,1.90544,0.36346453,,,,,,-0.12025311,-0.24011938,0.57560354,0.8782729,-0.112015836,-0.05111074,0.43337202
,,0.13359928,7.7829742,-5.2295933,1686769799125,,-0.3817905,0.40882125,-0.12095123,,,,,,0.100552656,0.31725493,0.31903267,0.87653315,-0.11329147,-0.048311394,0.43558338
,,0.47928238,8.289853,-4.3747973,1686769799378,,2.4782784,-0.9802852,-0.8704823,,,,,,0.056248367,0.20251985,0.34002495,0.8542526,-0.10756724,-0.03349508,0.48480743
,,0.1836092,8.098028,-4.9371114,1686769799629,,-0.4508182,0.559094,0.24068072,,,,,,-0.041035507,0.4238718,0.11866724,0.8632187,-0.11188262,-0.04523091,0.4606523
,,-1.9868216E-9,7.2335024,-5.2193046,1686769799881,,-2.7415612,-0.17211115,-0.21380267,,,,,,-0.14262047,-0.048408285,0.49826425,0.88299865,-0.118965775,-0.051037867,0.4228609
,,0.3077968,7.888099,-4.7395444,1686769800133,,1.3029746,-0.732885,-0.20952661,,,,,,0.07069028,0.26227733,0.42491964,0.8677587,-0.112908885,-0.041882087,0.45098063
,,0.38580275,8.586406,-4.6092143,1686769800382,,3.211927,-1.0560325,-0.31459537,,,,,,0.10991205,0.43143722,0.13705008,0.8553364,-0.10393606,-0.038841404,0.48335642
,,-0.13862418,7.304889,-5.042075,1686769800633,,-2.7776022,2.08198,0.4978548,,,,,,-0.0089567285,-0.1877768,0.4759121,0.8763603,-0.11060269,-0.05746323,0.4337522
,,0.04426721,7.5976105,-5.2605395,1686769800886,,-0.91874063,0.7692315,0.012217295,,,,,,0.13212363,0.16939443,0.38807514,0.8810924,-0.11617577,-0.060945537,0.42447147
52.5440099,13.37755045,0.08159523,8.454241,-4.9108706,1686769801000,11.842398,1.2205079,-0.26618433,0.12828161,,,,,,0.123845585,0.43861586,0.058318105,0.8578577,-0.11529254,-0.056684818,0.47074845
,,0.3716053,8.068041,-4.369055,1686769801137,,1.8735223,-1.1470513,-0.14660755,,,,,,0.22193111,0.014210685,0.52100444,0.8578809,-0.111444406,-0.049137887,0.47320276
,,-0.15529418,7.174161,-5.24754,1686769801638,,-3.000568,0.77839446,-0.36896232,,,,,,-0.01722188,-0.32479206,0.5167677,0.87986946,-0.12933466,-0.06665705,0.42368236
,,0.12961122,7.828598,-4.9899926,1686769801889,,1.1148282,0.07834341,0.0097738365,,,,,,0.14525504,0.24897559,0.33599856,0.8690797,-0.12867212,-0.060023844,0.44200194
,,0.4756133,8.572845,-4.5631127,1686769802140,,3.0506587,-0.7683152,-0.5894845,,,,,,0.1843883,0.3678026,0.23748983,0.85161304,-0.12182954,-0.047157295,0.4860607
,,-0.04299103,7.5972114,-5.168896,1686769802390,,-2.2375977,1.6635375,0.42577276,,,,,,0.053586785,0.064208046,0.32845545,0.86941695,-0.12688413,-0.06164671,0.44157726
,,-0.06819544,7.4624157,-5.482595,1686769802641,,-2.5161521,0.3996583,-0.034208428,,,,,,0.04174919,0.11127912,0.3812525,0.8827136,-0.1321023,-0.062806174,0.41763258
,,0.35645077,7.8731046,-4.554578,1686769802891,,0.9156863,-0.7231112,-0.086742796,,,,,,0.15019137,0.09859161,0.498,0.86036795,-0.124206886,-0.049228866,0.4607069
,,0.19565319,8.675816,-4.832066,1686769803140,,3.111745,-1.5789328,-0.1197295,,,,,,0.07827927,0.631153,0.058233086,0.8527884,-0.11772366,-0.049632177,0.48049366
,,-0.18608186,7.1736827,-5.2804008,1686769803391,,-3.090365,1.7704388,0.20402883,,,,,,-0.005905986,-0.25632006,0.5402567,0.8766439,-0.12386746,-0.062149942,0.4283795
,,-0.0074177743,7.7448487,-5.272345,1686769803640,,-0.3243692,0.07101303,0.034819294,,,,,,0.08608368,0.2362938,0.3183716,0.87407154,-0.121128686,-0.058651235,0.43293715
,,0.2919244,8.44132,-4.60762,1686769803890,,3.3005023,-1.3040435,-0.67622733,,,,,,0.08253019,0.23918432,0.29890966,0.85355717,-0.11104949,-0.044823542,0.48338497
52.54413935,13.37770191,-0.087178476,7.286145,-5.719723,1686769804000,11.0850525,-2.8380778,0.29642212,-0.109344795,,,,,,0.2316244,-0.07025633,0.37943092,0.8855331,-0.12143383,-0.06512319,0.41433984
,,0.003270189,7.9934635,-5.1438513,1686769804141,,-0.51495904,0.6653845,0.51373726,,,,,,0.19390033,0.2852119,0.24362905,0.8641749,-0.1125164,-0.05904244,0.4546297
,,0.26983064,7.748519,-5.0341,1686769804643,,1.0488548,-0.8856012,0.043371398,,,,,,0.32790357,0.11765264,0.44415092,0.87041444,-0.117042564,-0.056480013,0.44201696
,,0.45982075,8.46876,-4.9769917,1686769804892,,2.778213,-1.1110103,0.036651887,,,,,,0.34991992,0.47179624,0.09143162,0.8591773,-0.11085852,-0.049997646,0.47246784
,,-0.0144367255,7.1969733,-5.421897,1686769805142,,-2.863734,1.8559599,0.54489136,,,,,,0.19582242,-0.053495955,0.3923742,0.8801098,-0.120885804,-0.062474232,0.4220628
,,0.1217149,7.501739,-5.5789466,1686769805393,,-0.8100067,1.2640319,-0.21380267,,,,,,0.2016604,0.31645897,0.2989156,0.88400096,-0.12869278,-0.05952276,0.41388395
,,0.48414782,8.053443,-4.9887166,1686769805643,,2.137416,-0.56245375,-0.62674725,,,,,,0.14013758,0.2393143,0.1579204,0.8631241,-0.12043287,-0.040511012,0.4626262
,,0.19645074,8.08407,-5.3783484,1686769805896,,1.0494657,-0.5203041,0.3604102,,,,,,0.053855233,0.48842964,-0.029619908,0.8679915,-0.11235801,-0.045845415,0.45291466
,,-0.08358928,6.800082,-5.9543805,1686769806146,,-2.6419902,0.90728694,-0.5674934,,,,,,-0.0017777582,-0.15231518,0.2850018,0.8930886,-0.12025633,-0.052962307,0.39999154
,,0.2213361,7.450133,-5.654559,1686769806397,,0.45387253,-0.0151189035,0.036651887,,,,,,0.15105377,0.23488246,0.22014366,0.8833792,-0.1210718,-0.046140686,0.41731134
,,0.5472385,8.180981,-5.171608,1686769806646,,2.7904303,-0.2509127,-0.72815084,,,,,,0.16113119,0.3135784,0.06348538,0.8637314,-0.116186336,-0.035934206,0.4649491
,,0.1518645,7.380981,-5.748837,1686769806898,,-0.8271109,0.7997747,0.27427828,,,,,,0.20796092,0.06813826,0.11235572,0.87915283,-0.119883336,-0.0490792,0.4269568
52.54423078,13.37783759,0.5449256,7.7691755,-5.2339797,1686769807000,10.5399275,1.3603959,-0.2600757,-0.29688028,,,,,,0.2504559,0.19819328,0.22238807,0.8694875,-0.13368732,-0.042621136,0.4427888
,,0.13232313,6.906404,-6.01444,1686769807147,,-2.4098616,-0.099418245,0.011606431,,,,,,0.1840065,-0.09500516,0.3134081,0.8938482,-0.13128659,-0.05505807,0.3957536
,,0.5979664,8.527062,-4.993661,1686769807647,,2.8918338,-0.8654427,-0.30054548,,,,,,0.23105724,0.4438834,-0.008831326,0.8548811,-0.12685451,-0.038308483,0.47904184
,,-0.036450658,7.2774506,-5.5460835,1686769807899,,-2.4178028,1.5297581,0.38912088,,,,,,0.020048534,-0.096622735,0.24432601,0.87660867,-0.13142706,-0.053834956,0.42933846
,,0.05742774,7.361998,-5.6220164,1686769808149,,-1.8014402,0.41309732,0.0537561,,,,,,0.10906604,0.061661307,0.3127496,0.88180923,-0.13052262,-0.05231618,0.42007214
,,0.5136593,8.175078,-4.713143,1686769808400,,1.1588105,-0.5410735,0.09040799,,,,,,0.14190017,0.1629937,0.24795641,0.8547912,-0.12102001,-0.039069854,0.47705314
,,0.29104704,8.575318,-4.8906107,1686769808650,,3.0653195,-1.613752,-0.20341797,,,,,,0.10976768,0.482619,0.05002411,0.85133415,-0.11542741,-0.04438395,0.48579633
,,-0.07824529,7.2256866,-5.348357,1686769808901,,-3.039663,1.6329943,0.4477639,,,,,,0.092825145,-0.23291968,0.51197153,0.8776879,-0.11983361,-0.060647536,0.42986375
,,0.18640089,7.6876616,-5.401797,1686769809151,,-0.62796897,0.22983788,0.05497783,,,,,,0.28222096,0.18519801,0.29416376,0.8745371,-0.121236764,-0.058750995,0.43512544
,,0.5730012,8.402398,-4.7305303,1686769809404,,2.1435244,-1.3480258,-0.16432263,,,,,,0.2769521,0.2356766,0.1885045,0.8533532,-0.11618945,-0.046240278,0.48415774
,,0.20035903,7.9385085,-5.278327,1686769809653,,0.017715078,0.22250749,0.24129158,,,,,,0.17705792,0.21861844,0.08792282,0.86430925,-0.121420495,-0.059318855,0.45510525
,,-0.02193419,7.0300345,-5.7612796,1686769809905,,-2.6865833,0.5041162,-0.37323838,,,,,,0.14052096,-0.19000927,0.42553303,0.88824517,-0.13072357,-0.06613055,0.40753248
52.54432759,13.37796064,0.44610193,8.417074,-5.069913,1686769810000,10.629833,2.9553638,-0.93874645,-0.61330825,,,,,,0.022818202,0.41700712,0.082755804,0.8589602,-0.124963075,-0.041371893,0.4720876
,,0.27948168,7.652009,-5.2366924,1686769810155,,1.0311397,-0.42562005,0.03848448,,,,,,0.13975015,0.15204076,0.38390478,0.87478244,-0.12923472,-0.054824945,0.43239298
,,0.009252229,7.1915493,-5.5219164,1686769810657,,-1.7421863,0.9488257,0.17715079,,,,,,-0.081090294,-0.04183932,0.37693956,0.87956995,-0.12743208,-0.053182945,0.4220262
,,0.033659052,6.958409,-5.875177,1686769810914,,-2.335336,0.19685118,-0.05742129,,,,,,-0.022526557,-0.022942988,0.48811373,0.89312387,-0.12921163,-0.051983584,0.3957717
,,0.5361517,7.7556167,-5.118727,1686769811164,,0.867428,-0.67546374,-0.08796453,,,,,,0.16168149,0.16659965,0.41283455,0.8713175,-0.11935698,-0.035183415,0.44400588
,,0.6018746,8.309155,-5.2449083,1686769811414,,3.0066764,-1.3009893,-0.11178826,,,,,,0.214582,0.51005787,0.12246146,0.8649369,-0.109452896,-0.03436387,0.4627487
,,0.037407797,6.8674,-5.933482,1686769811664,,-2.616334,1.7221805,0.66401,,,,,,0.16795836,-0.1453828,0.36928856,0.89050347,-0.11337908,-0.05225303,0.40493393
,,0.19357933,6.991828,-5.7753167,1686769811914,,-1.5454879,0.59452415,-0.03848448,,,,,,0.26856977,-0.0027853965,0.50396836,0.8927847,-0.11421875,-0.051928844,0.40041515
,,0.64582276,8.098668,-4.9649477,1686769812164,,1.6652174,-0.3358229,-0.13133593,,,,,,0.32470244,0.3080239,0.33783108,0.865898,-0.1097647,-0.036363747,0.4605079
,,0.4130809,8.209456,-5.241718,1686769812415,,2.877784,-1.4518728,-0.13316852,,,,,,0.26252478,0.40882868,0.016934045,0.8642813,-0.111463,-0.04331725,0.46312946
,,-0.09635096,6.9060063,-5.7413387,1686769812666,,-3.053713,2.3043346,0.2761109,,,,,,0.12997596,-0.17582324,0.3738819,0.8880163,-0.12417065,-0.060677253,0.4083726
,,0.09395819,7.367102,-5.291807,1686769812922,,-0.5516109,0.8865175,-0.073303774,,,,,,0.18781309,0.08879022,0.47828782,0.8793341,-0.12756118,-0.05413242,0.42362583
52.5444057,13.37808561,0.6490931,8.458868,-3.8574693,1686769813000,10.337191,-0.39095345,-0.22586726,0.16249003,,,,,,0.31878522,0.23405106,0.2941611,0.8338966,-0.10407527,-0.023508608,0.514006
,,0.6019544,8.32479,-4.215675,1686769813173,,0.2999346,0.31719154,-0.1178969,,,,,,0.28145394,0.2689462,0.44415876,0.8487234,-0.115633436,-0.032394845,0.48928756
,,0.53998035,8.38461,-3.6184263,1686769813676,,-0.21868959,-0.26923865,0.1404989,,,,,,0.16986725,0.074732624,0.3707264,0.8289555,-0.09701145,-0.016872924,0.5210055
,,0.8827921,8.757651,-2.660978,1686769813927,,-0.11728604,-0.5361866,0.04886918,,,,,,0.21057437,0.09868295,0.5530146,0.8072487,-0.08764648,-0.0011970788,0.5587639
,,1.2767307,9.738868,-2.1259432,1686769814178,,0.9419535,-0.7451023,-0.16493349,,,,,,0.25455084,0.3713074,0.15554674,0.7837096,-0.075503275,0.01570927,0.61292577
,,0.82743824,9.263495,-2.701098,1686769814428,,2.123977,-0.9796744,-0.03970621,,,,,,0.09428687,0.19295973,-0.046957072,0.7941905,-0.078297116,0.0026292587,0.5907778
,,0.54452676,8.29823,-3.5424142,1686769814680,,-3.1202972,1.4979931,0.5986475,,,,,,0.00518682,-0.2143466,0.07398228,0.82119715,-0.09467039,-0.016329685,0.5345843
,,0.49994037,8.568141,-3.8054655,1686769814929,,-0.74525505,1.2249366,-0.24373505,,,,,,-0.044740275,0.10939245,0.10764598,0.8281609,-0.1085064,-0.025485208,0.52257293
,,0.57938206,8.403194,-4.0298324,1686769815180,,1.5827507,-0.11041381,-0.3103193,,,,,,0.111003034,0.004423062,0.064107664,0.83318937,-0.11172842,-0.031278558,0.5157816
,,0.26831523,7.992506,-5.0549173,1686769815431,,1.9675955,-0.93813556,0.12767074,,,,,,0.12296907,0.064978726,-0.05326001,0.8577011,-0.11531606,-0.046894133,0.47341394
,,-0.033898313,7.135717,-5.6140413,1686769815681,,-2.5576909,1.5615231,0.35307986,,,,,,0.05242961,-0.17467257,0.26978928,0.88170046,-0.119671315,-0.0607169,0.4226375
,,0.4055037,7.6621375,-5.092804,1686769815931,,-0.5552761,0.8449787,0.076358095,,,,,,0.1389009,0.053018443,0.3495789,0.8717196,-0.113992,-0.04754047,0.44472986
52.54448209,13.37820028,0.29320052,7.806903,-5.271787,1686769816000,10.326929,1.3548981,-0.47754353,-0.080634154,,,,,,0.13420077,0.103566,-0.014365037,0.86761963,-0.09749081,-0.041849233,0.45881912
,,0.6224529,8.552586,-4.6017165,1686769816181,,1.4508039,-0.057268575,-0.46547896,,,,,,0.1595025,0.36335725,0.11204396,0.8499796,-0.10166631,-0.032713573,0.49346584
,,-0.028713854,6.9480395,-5.8327436,1686769816684,,-2.5460844,1.0881029,0.20952661,,,,,,0.0035573482,-0.13200551,0.26584992,0.8921054,-0.106361166,-0.052355904,0.40709224
,,0.27653056,7.579027,-5.314299,1686769816933,,-0.5742129,0.47601637,-0.10995566,,,,,,0.024158379,0.10118017,0.30454573,0.87900907,-0.10751786,-0.040323693,0.4330385
,,0.5174878,8.339466,-4.7558146,1686769817183,,1.6780455,-0.7854194,-0.48136145,,,,,,0.032493882,0.25910527,0.15113375,0.8576359,-0.10004485,-0.025211075,0.4806252
,,0.100339025,7.695875,-5.3927045,1686769817433,,1.1313215,-0.53496486,0.021991132,,,,,,0.018861102,0.022525977,0.044355664,0.8726187,-0.09800064,-0.036466267,0.44964656
,,-0.16454643,6.899544,-5.8068223,1686769817685,,-2.615112,1.0856594,0.320704,,,,,,0.018555582,-0.20113686,0.37683162,0.89553905,-0.10169753,-0.048725713,0.40210775
,,0.1603191,7.620821,-5.2909303,1686769817935,,-0.49174616,0.26465717,-0.102014415,,,,,,0.0696456,0.015420088,0.3119117,0.8802003,-0.097893424,-0.03755163,0.43504697
,,0.4078965,8.43446,-4.686023,1686769818186,,1.4074324,-0.72616553,-0.47036588,,,,,,0.1154737,0.21039309,0.13073355,0.85843045,-0.08762344,-0.026726875,0.48330644
,,0.093399875,7.735438,-5.1688156,1686769818438,,1.0928371,-0.62292933,0.34086254,,,,,,0.0874699,-0.03331375,0.12640205,0.8726322,-0.08708919,-0.041039653,0.45423502
,,-0.17802602,7.143453,-5.6339006,1686769818689,,-2.6535966,1.1888956,0.100181825,,,,,,0.039819296,-0.16544,0.31070074,0.89111453,-0.09630349,-0.053594634,0.41442484
,,0.21112673,7.8531647,-4.8395634,1686769818940,,-0.7660244,0.18341215,-0.23335035,,,,,,0.052875288,0.066364065,0.39489985,0.87070614,-0.097098835,-0.039896455,0.45365626
52.54455645,13.37830935,0.47928238,8.525148,-3.4515665,1686769819000,10.357248,0.17959425,-0.30222535,-0.074525505,,,,,,7.33163E-4,0.017730458,0.2933713,0.82537335,-0.07789958,-0.01370751,0.53191364
,,0.46364924,8.720801,-3.9919457,1686769819192,,-0.13927718,0.1375973,-0.15577053,,,,,,-0.02149575,0.29820842,0.13442495,0.8385408,-0.08741865,-0.022114364,0.5134341
,,0.5094319,8.721359,-3.2352555,1686769819693,,0.007941242,-0.1660025,0.08185588,,,,,,0.009767953,0.13302657,0.25062498,0.8165359,-0.07364523,-0.009225896,0.5436923
,,0.828475,9.196813,-2.2160728,1686769819946,,-0.1178969,-0.117744185,0.1075122,,,,,,0.017595699,0.042717077,0.35451978,0.7893654,-0.06804412,0.008647529,0.5911377
,,1.1698512,10.05153,-1.4164712,1686769820196,,-0.03054324,0.06185006,-0.0018325944,,,,,,0.074372515,0.3465558,0.12459063,0.7585827,-0.059738223,0.024302313,0.6465294
,,1.176152,9.746126,-1.0483755,1686769820447,,0.0140498895,0.042302385,-0.06536253,,,,,,0.033271454,-0.031980388,0.18480222,0.7474034,-0.05794788,0.026410604,0.66085804
,,1.2791233,9.838969,-1.070469,1686769820697,,0.0073303776,0.03497201,-0.05497783,,,,,,0.13661458,0.046132788,0.13202932,0.7456707,-0.06029984,0.025393188,0.66262573
,,1.293879,9.807543,-1.0541979,1686769820949,,-0.18264857,-0.39446592,0.08796453,,,,,,0.094173,-0.0014668464,0.118319064,0.7438518,-0.06619584,0.022955008,0.664365
,,1.2956338,9.842797,-0.95138633,1686769821200,,-0.046425723,-0.005345067,-0.023823727,,,,,,0.030900117,0.019092273,0.10108679,0.73906016,-0.07612903,0.017942624,0.66874707
,,1.3139786,9.837692,-0.86301136,1686769821452,,0.015882485,-0.0029016077,0.0042760535,,,,,,0.023225967,0.034921773,0.06252181,0.7343319,-0.08416583,0.011796941,0.6730026
,,1.3479568,9.819106,-0.8220144,1686769821703,,-0.083688475,-0.14828743,0.086742796,,,,,,0.035302546,-0.009562492,0.028997779,0.7314909,-0.08954195,0.0068850745,0.6753827
,,1.3397413,9.836016,-0.85144603,1686769821953,,0.022601997,-0.22525638,0.08124501,,,,,,0.0027661046,0.015270838,-0.017308073,0.7298693,-0.098067045,7.167623E-4,0.67576474
52.54463449,13.37842229,1.3582458,9.8937645,-0.7424132,1686769822000,10.150144,0.3781253,0.035582874,-0.18936808,,,,,,-0.016955176,0.05115347,0.1237906,0.7262587,-0.12607871,-0.022624739,0.6747765
,,1.3500307,9.858271,-0.80335045,1686769822204,,0.08613193,-0.10063997,-0.05497783,,,,,,-0.024729144,0.020773856,0.03522919,0.72769773,-0.1116498,-0.009684426,0.67580795
,,1.4570695,9.829955,-0.9410174,1686769822707,,0.19303326,-0.2509127,-0.13072506,,,,,,0.13720314,0.0023796717,0.07945437,0.73026925,-0.13006333,-0.028355168,0.6694231
,,1.4737394,9.806026,-1.1424134,1686769822958,,0.16859868,-0.9185879,0.15577053,,,,,,0.19596383,0.0041362126,0.122701645,0.7378309,-0.13280609,-0.03161888,0.660129
,,1.495195,9.913066,-1.3224335,1686769823208,,0.045203995,-0.9436334,0.35796675,,,,,,0.24064162,0.10072362,0.24248862,0.7442294,-0.14729185,-0.04341832,0.6483376
,,1.4949557,9.823813,-1.3899906,1686769823459,,-0.35246897,-1.1232276,0.17470732,,,,,,0.2493793,0.02566387,0.39565343,0.74424344,-0.17582157,-0.06399672,0.63565737
,,1.510908,9.954381,-1.5033306,1686769823710,,-0.09957096,-0.43417215,-0.010384701,,,,,,0.19945128,0.23019293,0.508748,0.7370766,-0.2169097,-0.09167342,0.62034285
,,1.484268,9.792865,-1.5846865,1686769823960,,-0.0024434591,-0.53496486,0.3280344,,,,,,0.025699591,0.09908579,0.6220171,0.72160965,-0.2677821,-0.12451398,0.6041858
,,1.3987643,9.841201,-1.6206586,1686769824211,,0.26389357,-0.3932442,0.10079269,,,,,,-0.27151498,0.21081969,0.7648032,0.69469774,-0.3343771,-0.16615053,0.5868188
,,1.5353148,9.565706,-1.7006588,1686769824463,,0.618806,-0.46532625,0.18081598,,,,,,-0.35926515,0.020608997,0.86660016,0.66073155,-0.4106899,-0.21117641,0.5655229
,,1.1216755,9.79454,-2.0091734,1686769824714,,0.34086254,-1.8031201,-0.37690356,,,,,,-0.8515139,0.5072863,0.91182506,0.62593186,-0.48651168,-0.25052443,0.5313615
,,0.63401824,9.535159,-2.4451456,1686769824966,,-1.698815,-0.3688096,0.38912088,,,,,,-1.1466094,0.44808862,0.999334,0.5937936,-0.55226696,-0.28768063,0.48235384
52.54471779,13.37853129,-0.37120664,9.522158,-2.8176284,1686769825000,10.151744,-0.40011644,1.277471,0.28954992,,,,,,-1.5873171,0.4534923,0.92211175,0.5232808,-0.63489383,-0.37257582,0.40254053
,,-0.0810369,9.287343,-2.692404,1686769825216,,0.24923283,-0.22220206,0.09834923,,,,,,-1.5884007,0.17601725,0.9164147,0.5574061,-0.59790313,-0.3324858,0.44158036
,,-0.22955139,9.423415,-2.7540588,1686769825720,,-0.69821846,0.1913534,0.18448116,,,,,,-1.3366857,0.299377,0.78280485,0.48997396,-0.65743107,-0.40685225,0.38088095
,,-0.17627126,9.666923,-2.565345,1686769825972,,-0.3243692,-1.3504694,0.3188714,,,,,,-1.2756726,0.44925806,0.5440145,0.45125213,-0.6689611,-0.44242802,0.3716202
,,0.37798628,9.348838,-2.0231316,1686769826224,,-0.15882485,-0.115911596,-0.04092794,,,,,,-0.84715766,-0.08552153,0.4116722,0.3987945,-0.67508775,-0.48477057,0.36669776
,,0.89515483,9.654003,-1.3833706,1686769826477,,-1.1374302,0.9457714,0.056810424,,,,,,-0.5969903,0.011544084,0.25233573,0.35119057,-0.6722942,-0.52197576,0.3748667
,,1.7407787,9.924071,-1.0883355,1686769826728,,0.95600337,0.18341215,-0.10567961,,,,,,-0.037455745,0.22495958,-0.22576934,0.3196432,-0.6611527,-0.5456849,0.38984317
,,1.9616362,9.903174,-0.8496913,1686769826979,,2.6749768,-0.8642209,-0.42027497,,,,,,0.03224254,0.25124994,-0.124300726,0.29853395,-0.6647842,-0.5519377,0.39383972
,,1.5626729,9.5004635,-1.4507684,1686769827231,,-0.048258316,-0.8581123,0.53023064,,,,,,-0.10652895,0.014521011,-0.08141861,0.28828555,-0.6901136,-0.54383796,0.35616523
,,0.86372906,9.49831,-1.9024535,1686769827484,,-2.1618505,2.4888158,0.11911863,,,,,,-0.42044947,0.2879066,0.27266648,0.2793006,-0.71978736,-0.53220475,0.31202072
,,0.7002198,9.250573,-1.9298911,1686769827733,,-1.0329723,1.6610941,-0.09590577,,,,,,-0.52715415,0.087845355,0.46637863,0.28951684,-0.7242808,-0.52173644,0.3098679
,,0.9835299,9.578868,-1.9904295,1686769827987,,1.5033382,-0.5031999,0.5027417,,,,,,-0.23607527,0.39935684,0.16650726,0.30810943,-0.70466083,-0.5145032,0.3345844
52.54476631,13.37864191,0.4444269,8.854081,-2.931846,1686769828000,5.247104,1.0286963,-0.49648035,0.6401863,,,,,,-0.5968098,-0.070066944,0.35359097,0.3450917,-0.7346931,-0.4643547,0.30718502
,,0.5712465,9.386167,-2.0286348,1686769828242,,1.7562362,-0.7279981,0.07880156,,,,,,-0.56005,0.34734648,0.8730644,0.33027783,-0.71966964,-0.4853645,0.32755905
,,0.4417151,9.373484,-2.3316462,1686769828745,,-1.9675955,1.2469277,0.4978548,,,,,,-0.61745954,0.6243357,0.96856993,0.35256332,-0.7302541,-0.46115258,0.31703323
,,1.0610572,9.182538,-1.872942,1686769828994,,-0.36285368,0.8901827,-0.3158171,,,,,,-0.2794856,0.1493014,0.70424217,0.3643019,-0.699572,-0.47469717,0.35756636
,,1.1080364,9.876774,-1.8953549,1686769829246,,2.9962916,-0.615599,0.32925612,,,,,,-0.12953538,0.79092014,0.49343526,0.37557,-0.6843038,-0.47729886,0.37048095
,,0.5945366,8.930332,-2.3754349,1686769829501,,-1.6132939,-0.16539164,0.5534435,,,,,,-0.4659599,0.11252911,1.0761017,0.3750898,-0.72459394,-0.45394516,0.32595202
,,0.65818566,9.0531645,-3.2890942,1686769829752,,-0.5100721,0.6543889,-0.26450446,,,,,,-0.23005849,0.28815824,0.60575676,0.35443246,-0.7476822,-0.45543632,0.28866556
,,0.75812596,9.373165,-2.474099,1686769830003,,-1.4868449,1.132696,0.15882485,,,,,,-0.1262219,0.5015414,1.1770439,0.33206895,-0.7441622,-0.47652695,0.28838503
,,1.3204392,9.367581,-2.3239892,1686769830254,,0.98899007,0.2952004,0.056810424,,,,,,0.24976526,0.108512245,0.33022493,0.31484807,-0.71988016,-0.509084,0.30842522
,,1.1696914,9.800124,-2.3327627,1686769830506,,1.9669846,-1.6449062,0.87475836,,,,,,0.2369115,0.6528547,0.61732036,0.29816204,-0.7380849,-0.5093838,0.28316674
,,0.8462618,8.821619,-3.168177,1686769830756,,0.32253662,-0.37675086,0.007941242,,,,,,0.055801667,-0.06133332,0.61411077,0.26100686,-0.7798281,-0.49653405,0.22669913
52.54469488,13.378751,1.823969,9.236297,-2.3030918,1686769831000,3.8312163,1.368948,-1.4579815,0.2944368,,,,,,0.6471489,0.13547859,-0.39624038,0.16389303,-0.759819,-0.5682023,0.19824253
,,1.2426727,9.317013,-3.4669602,1686769831009,,-2.1856742,-0.30527967,0.7806852,,,,,,0.27597842,0.4897437,-0.1989684,0.218248,-0.78912914,-0.51061714,0.20069903
,,1.3783457,8.915976,-2.4754548,1686769831260,,-0.7855721,1.0178534,-0.3243692,,,,,,0.24987768,-0.03810091,0.08989766,0.185023,-0.77688515,-0.5396927,0.2006232
,,1.3287345,9.30489,-2.3282964,1686769831763,,1.5289946,-1.6785038,0.8326087,,,,,,0.22368373,0.33230108,0.12514387,0.12789057,-0.7861323,-0.56177115,0.15762183
,,1.1889935,8.628519,-2.954019,1686769832015,,0.086742796,-0.75304353,0.06902772,,,,,,0.09900558,-0.28506708,-0.09300009,0.092373684,-0.6332203,-0.4541229,0.114732645
,,1.5303694,8.949077,-2.9077578,1686769832266,,-2.0622795,-0.619875,0.6524036,,,,,,0.13704246,0.08048066,-0.4561238,0.08118665,-0.40066972,-0.33150345,0.1029637
,,1.3359927,8.822737,-2.1845672,1686769832518,,-1.495397,1.1394155,-0.4092794,,,,,,-0.03174685,-0.3289158,0.10577248,0.05405297,-0.3839274,-0.35619143,0.09878257
,,1.4363315,9.367264,-1.9976878,1686769832769,,2.809978,-1.4066689,0.4667007,,,,,,0.10767404,0.14862162,-0.06563243,0.042816438,-0.37044665,-0.3731502,0.091329254
,,0.88678014,9.106126,-2.32367,1686769833021,,0.12889247,-1.2160791,0.69333154,,,,,,-0.48206103,0.06802019,0.40469387,0.015451071,-0.39744583,-0.3477779,0.064449675
,,0.92354983,8.624052,-3.188915,1686769833273,,0.30543238,-0.8526145,0.35430157,,,,,,-0.38252136,-0.30919763,-0.125116,0.026910193,-0.12156593,-0.1683,0.05083918
,,0.99677014,9.110751,-3.1586058,1686769833523,,-1.5473205,0.6201805,0.47464192,,,,,,-0.3357114,0.15683475,-0.14968143,0.044303734,-0.005895229,-0.10555281,0.058121957
,,1.0143973,9.121997,-2.3925035,1686769833775,,-1.070846,0.99830574,0.02443459,,,,,,-0.25132832,-0.09613102,0.29095024,0.019289548,-0.16384521,-0.22291735,0.05769678
52.54459712,13.37869142,1.0245271,9.062896,-3.1487155,1686769834000,3.7900925,0.23518294,-0.7701478,0.26328272,,,,,,-0.13222216,0.0042994497,0.13470764,0.04603004,0.21498322,0.037868444,0.051144164
,,1.322194,9.662218,-2.2262018,1686769834027,,2.7366743,-2.3290746,-0.3121519,,,,,,-0.057199765,0.4349274,0.14578955,0.01784393,-0.15232036,-0.23528321,0.06126775
,,1.0049856,9.22122,-2.7361124,1686769834278,,-0.0097738365,-0.72921985,0.2950477,,,,,,-0.32359156,0.18255855,0.44275817,0.014955656,-0.06319403,-0.13888857,0.047302768
,,0.9113465,9.477492,-2.7686553,1686769834782,,-0.61330825,1.385594,0.31520623,,,,,,-0.18243055,0.3737785,0.44577995,0.060857072,0.20969357,0.039801367,0.0643238
,,1.1223137,9.384491,-2.2349763,1686769835031,,-0.60781044,0.77106404,-0.13316852,,,,,,-0.082990415,0.1950927,0.6659601,0.06755578,0.19935077,0.054052275,0.060766138
,,1.1676177,9.492966,-2.4492135,1686769835281,,-0.27794346,1.1412481,-0.22663084,,,,,,0.013594806,0.28901368,0.51438606,0.060285583,0.14473702,0.015900357,0.058972854
,,0.945803,9.357772,-2.4782462,1686769835534,,1.291979,0.730747,-0.5009091,,,,,,-0.11922704,0.13661002,0.6759462,0.06149484,0.13781153,0.022564052,0.056370556
,,1.0253246,9.467523,-2.452085,1686769835787,,-0.06658426,-0.072540194,0.4196641,,,,,,-0.07648667,0.12393796,0.4643763,0.059945695,0.029118333,-0.05347512,0.059963126
,,1.1944174,9.493603,-2.2790039,1686769836039,,-0.042760536,-0.21670428,0.40255988,,,,,,-0.11676097,0.08281336,0.32303542,0.028152695,-0.24289598,-0.23998152,0.056969024
,,1.519921,9.594024,-1.723311,1686769836292,,-0.320704,0.08628465,0.33414304,,,,,,-0.18022075,0.10507628,0.48602673,-0.020869879,-0.5106606,-0.42704913,0.05067004
,,1.5207187,9.600642,-1.7886351,1686769836543,,0.22846343,0.8144355,-0.12217296,,,,,,-0.33123305,0.067228824,0.21275268,-0.06731583,-0.77072805,-0.62815565,0.059461776
,,1.5948962,9.658628,-1.604627,1686769836795,,0.26328272,0.4637991,-0.33414304,,,,,,-0.4265271,0.14103413,0.35236415,-0.056164853,-0.77116805,-0.6265303,0.08035194
52.54454255,13.3786237,2.0869398,9.726584,-1.507957,1686769837000,3.7900925,0.064140804,-0.34254244,-0.38423395,,,,,,-0.21179406,0.20642294,0.36882794,-0.04387373,-0.76981914,-0.6238863,0.11370863
,,1.7448462,9.48132,-1.866242,1686769837046,,0.056199558,0.2121228,-0.13988803,,,,,,-0.39994928,0.009873613,0.22216794,-0.04552176,-0.7754379,-0.6192596,0.09759953
,,2.1657436,9.505566,-1.6959528,1686769837297,,0.3866774,-0.8489493,-0.07696896,,,,,,-0.15356398,0.02068049,0.21403874,-0.043096144,-0.77050674,-0.62316316,0.11262283
,,1.9685748,9.507643,-1.976711,1686769837802,,0.09224058,-0.2283107,-0.012217295,,,,,,-0.083344094,-0.05192617,-0.0060941456,-0.036395956,-0.772496,-0.62185454,0.10622917
,,1.6752946,9.54521,-2.1678176,1686769838055,,-0.037262753,-0.028557928,-0.060475614,,,,,,-0.06478373,-0.00794967,-0.03775344,-0.026002644,-0.778577,-0.61619985,0.09466002
,,1.3028123,9.515459,-2.4698715,1686769838305,,0.034208428,-0.016340632,-0.016493348,,,,,,-0.05022237,-0.05120039,-0.09842133,-0.022947822,-0.7859304,-0.6098019,0.07233528
,,0.8925228,9.520402,-2.7046866,1686769838557,,0.034819294,-0.06093376,0.022601997,,,,,,-0.09357419,-0.04413627,-0.08622398,-0.023245169,-0.6863364,-0.52448523,0.04550602
,,0.49754763,9.517772,-2.9801009,1686769838808,,-0.0061086477,-0.0059559317,0.01527162,,,,,,-0.19588898,-0.022369003,-0.14277983,-0.025666038,-0.6397193,-0.4786827,0.022007076
,,0.44331026,9.464969,-3.089054,1686769839062,,0.040317077,-0.12935062,0.10140356,,,,,,-0.0813679,-0.052159786,-0.1484553,-0.014024007,-0.42724025,-0.31873485,0.011824588
,,0.36235315,9.477332,-3.0691137,1686769839313,,-0.010384701,-0.04382955,0.02565632,,,,,,-0.05892626,-0.018046983,-0.045142245,-0.0012907626,-0.1594718,-0.12083031,0.0075790607
,,0.37343985,9.464571,-3.111786,1686769839565,,-0.05131264,-0.10063997,0.021991132,,,,,,-0.0084249815,-0.0068955105,-0.023618754,0.013555763,0.109655574,0.07517103,0.0068296627
,,0.38596228,9.454921,-3.1480772,1686769839816,,-0.0030543238,0.07589995,-0.03054324,,,,,,0.00606354,-0.001420625,-0.010868788,0.027163567,0.37856048,0.27160066,0.007515527
52.54453785,13.3785892,0.4579065,9.41839,-3.242833,1686769840000,3.7900925,-0.10079269,0.006872229,0.4214967,,,,,,0.0036855896,-0.005069637,-0.0050995746,0.04038624,0.5940789,0.42799184,0.009335177
,,0.39178476,9.450294,-3.1601207,1686769840066,,0.091629714,0.08384119,-0.0024434591,,,,,,-0.007485934,0.0060171443,0.007825454,0.037547767,0.5403954,0.38859,0.0089973025
,,0.37176484,9.47502,-3.1438496,1686769840318,,0.22601996,0.35445428,-0.07819069,,,,,,-0.056308486,0.035622247,0.0586111,0.045169625,0.7023043,0.50570023,0.009647281
,,0.5355934,9.377552,-3.265086,1686769840825,,-0.036651887,-0.28023422,0.06169734,,,,,,0.042258248,-0.020102723,-0.014790694,0.040539406,0.54033583,0.38834363,0.009646224
,,0.48813578,9.394139,-3.2322242,1686769841077,,0.017104214,0.083230324,-0.064140804,,,,,,-1.6275645E-4,-0.012087759,0.012420654,0.04410694,0.5399959,0.38832253,0.012372304
,,0.57970107,9.3541,-3.2956345,1686769841328,,-0.08857539,-0.34193155,0.10506874,,,,,,0.09164497,-0.04312296,-0.041068945,0.05062896,0.5400522,0.38724032,0.016361699
,,0.58711886,9.367741,-3.3001814,1686769841580,,6.108648E-4,0.16203189,-0.09834923,,,,,,0.0982,-0.025045585,-0.040601205,0.05813146,0.53922457,0.3870262,0.02235342
,,0.6325825,9.3492365,-3.2578282,1686769841831,,6.108648E-4,-0.111635536,0.031154104,,,,,,0.16265848,-0.039335728,-0.028662864,0.07033507,0.59180284,0.42636043,0.029508537
,,0.52442706,9.405787,-3.155894,1686769842081,,0.07269291,0.31841326,-0.11423171,,,,,,0.066091046,-0.0031445504,0.012813966,0.08731352,0.7524056,0.5437231,0.036769535
,,0.5050452,9.441361,-3.1443288,1686769842332,,0.031154104,-0.02611447,-0.008552107,,,,,,0.06765139,0.0038925807,0.009131233,0.09572444,0.80564374,0.58289415,0.041327853
,,0.6067401,9.447982,-3.1988852,1686769842582,,-0.3817905,-1.5007421,-0.30054548,,,,,,0.048393097,-0.059406616,-0.02973404,0.09574153,0.80523264,0.5833999,0.042127956
,,0.49690953,9.911711,-2.9874392,1686769842834,,-0.22418737,2.2279766,1.4123194,,,,,,-0.1305622,0.23309098,-0.19692676,0.09788981,0.79947406,0.5900348,0.04850568
52.54453774,13.37858859,1.1293324,7.8537216,1.1099505,1686769843000,3.7900925,-0.835663,-0.26496258,-0.08918626,,,,,,0.1289231,-0.27342078,-0.6503362,0.057266794,0.39413098,0.4856183,0.06832098
,,1.1772687,9.569615,-2.3758337,1686769843087,,-1.9407175,-2.716363,-4.0011644,,,,,,0.36492538,0.21222673,-0.466084,0.072765864,0.556377,0.36963528,0.055194546
,,1.099821,8.707801,-0.7452845,1686769843338,,-0.056810424,0.70692325,-0.5619956,,,,,,0.28764573,-0.23774949,-0.49315578,0.057306524,0.48778233,0.42352313,0.0642507
,,1.1216755,6.9308906,3.208137,1686769843839,,-0.27122396,0.43325585,-0.673173,,,,,,0.04682679,-0.1772282,-0.60647607,0.049974043,0.28785944,0.5524274,0.06951536
,,0.97013,5.752187,5.3466024,1686769844091,,-0.5167916,-0.9613485,-1.0085378,,,,,,0.086003445,-0.09705078,-0.5512811,0.04468956,0.17258899,0.6192935,0.08231675
,,1.1629118,4.124907,7.4344196,1686769844342,,0.23029602,-0.31749696,-0.47952884,,,,,,0.15698086,-0.3552903,-0.2662092,0.038686376,0.059632596,0.68036556,0.09233877
,,0.55250275,3.1831715,8.883593,1686769844597,,-1.7263038,-0.052381653,-0.8289435,,,,,,-0.2310602,-0.3856596,-0.060040124,0.053037822,0.18794608,0.96537393,0.111919925
,,0.52235323,2.5083163,9.413603,1686769844847,,-0.3781253,-0.20387612,-0.29810202,,,,,,-0.1456824,0.03478344,-0.046196017,0.04917101,0.12660609,0.97363883,0.14164828
,,0.35318068,1.8315462,9.718767,1686769845099,,0.23701553,-0.12568542,-0.017715078,,,,,,0.0026506265,0.086472824,0.108583756,0.0295655,0.08994497,0.9717772,0.18098092
,,0.14867404,1.3766706,9.778589,1686769845349,,-0.11423171,0.07284562,0.1197295,,,,,,0.008218303,0.05607372,0.05056952,0.02050726,0.069344506,0.96613955,0.22533488
,,0.113340035,1.1129816,9.885149,1686769845600,,-0.102014415,-0.021838415,0.15821397,,,,,,0.034964196,0.0590203,0.040536325,0.011753573,0.057016537,0.96033764,0.2582529
,,-0.16717854,0.85328066,9.913942,1686769845935,,1.4758493,0.61040664,-0.0018325944,,,,,,0.04200172,0.022175718,-0.0032608828,0.0015233926,0.046732012,0.95534897,0.28582472
52.54453852,13.37858631,-0.43732822,2.7550957,9.368617,1686769846000,3.7900925,-0.35979936,0.16752967,0.16432263,,,,,,-0.016731165,-0.015623808,-0.113617815,0.022233613,0.13724205,0.94022906,0.2912733
,,-0.30245277,1.1448061,9.862735,1686769846188,,0.81916964,-0.24663666,-0.6316342,,,,,,0.015487391,-0.008222962,-0.009419155,0.0032761316,0.05759168,0.94969285,0.30025512
,,-0.4015954,1.9933807,9.518091,1686769846439,,-0.72631824,0.5035053,-0.44532043,,,,,,-0.02560078,-0.0018776734,-0.13107778,0.013835815,0.099271774,0.9431506,0.29948863
