92#1#0
key,lat,lon,ts,bike,childCheckBox,trailerCheckBox,pLoc,incident,i1,i2,i3,i4,i5,i6,i7,i8,i9,scary,desc,i10
,,,,1,0,0,5,-5,0,0,0,0,0,0,0,0,0,0,,0

=========================
92#1
lat,lon,X,Y,Z,timeStamp,acc,a,b,c,obsDistanceLeft1,obsDistanceLeft2,obsDistanceRight1,obsDistanceRight2,obsClosePassEvent,XL,YL,ZL,RX,RY,RZ,RC
52.55010975,13.4219134,-3.809135,2.2388444,7.954182,1686721681000,3.7900925,-0.033421688,-0.18588316,0.14926578,,,,,,-0.14625911,-0.14625059,0.037476555,0.028980607,0.25994933,0.40047258,0.8381157
,,-4.2019563,1.3093927,7.906464,1686721682757,,-0.8876054,-0.037948925,0.36963585,,,,,,-0.06827854,-0.14047687,-0.061362125,-0.0144335665,0.25894764,0.30524012,0.8833812
,,-3.699982,0.25318053,8.482178,1686721683010,,0.41171256,-0.027296597,-0.07869409,,,,,,0.19486223,0.08852871,0.14047569,-0.05994733,0.21924119,0.236967,0.920837
,,-2.9488344,-0.8066604,9.1472435,1686721683261,,0.40106022,0.249664,-0.23528334,,,,,,0.15089956,-0.044890992,0.1790062,-0.07908919,0.15953937,0.18534724,0.9538529
,,-2.6510084,-1.7065613,9.40152,1686721683513,,0.6545857,1.640592,0.9809465,,,,,,0.022319198,-0.47216788,0.14730431,-0.083780326,0.13009141,0.1343709,0.97506577
,,-3.0503702,-1.8003998,9.512247,1686721683765,,-2.400902,2.5436432,0.9777508,,,,,,0.13079394,-0.5159275,0.5097154,-0.08970647,0.15555282,0.120627,0.9707094
52.55011204,13.42190674,-9.050433,3.3594031,-1.7768104,1686721684000,3.7900925,-0.13142313,-0.07296846,0.06724283,,,,,,0.01576891,0.28388125,-0.100411765,-0.20775588,0.7205191,0.37085548,0.51956236
,,-3.3908489,-1.1627523,8.5678005,1686721684017,,-1.9760072,0.43288407,1.1971887,,,,,,0.86805934,0.13315928,0.54760975,-0.13560034,0.20839074,0.17007035,0.92485636
,,-4.819404,-0.44432738,6.987302,1686721684267,,0.71304035,0.3977314,-0.10532492,,,,,,0.66677696,0.3898801,0.44205996,-0.18794578,0.28090832,0.23568961,0.8488074
,,-6.16112,0.080677986,5.0826554,1686721684520,,1.2658963,0.56390774,1.3271472,,,,,,0.5269099,0.15307747,0.34249243,-0.21991605,0.37849668,0.28164303,0.7696598
,,-7.027201,1.5704893,2.9560137,1686721684773,,0.8035852,-1.6907911,-1.2246186,,,,,,0.6322491,0.58872634,0.3652519,-0.23056525,0.49606165,0.3267466,0.6761721
,,-7.9817195,2.589473,1.0310674,1686721685024,,0.24447098,-0.2711018,-0.15219517,,,,,,0.66281015,0.7776832,0.33799407,-0.23825473,0.6009771,0.36704987,0.60020393
,,-8.426365,3.212105,-0.9699706,1686721685281,,0.033687994,-0.14646953,0.122634955,,,,,,0.66214484,0.8305514,-0.10586962,-0.24481076,0.67207026,0.38722652,0.54121774
,,-8.852029,3.5954957,-1.8877379,1686721685787,,0.08575126,0.022769356,-0.19906542,,,,,,0.10353524,0.12548056,0.047642313,-0.15618652,0.75157446,0.34192485,0.5289681
,,-8.798408,3.9934018,-1.6503899,1686721686040,,-0.18042384,-0.9143694,-0.5866771,,,,,,0.120036125,0.30794227,0.12424802,-0.11555292,0.75857544,0.32687238,0.54611427
,,-8.944749,3.1265616,-0.7923234,1686721686293,,-0.13248836,-2.161491,-2.1734748,,,,,,0.22039644,-0.10006567,0.092468806,-0.105158694,0.7300605,0.30909413,0.5944217
,,-8.901479,2.5787652,0.32115677,1686721686562,,0.4841484,-0.58321506,1.3315413E-4,,,,,,0.19608918,0.03729474,0.003602763,-0.106669866,0.6809246,0.28669617,0.6476208
,,-8.709636,1.9874386,1.6480167,1686721686813,,0.13155627,-0.11557778,0.0629819,,,,,,0.15073851,0.004169769,0.030429577,-0.10338728,0.6260256,0.2675976,0.6999368
52.55011192,13.42190798,-7.25749,0.28476584,6.617889,1686721687000,3.7900925,-0.16231488,0.18681525,0.23554966,,,,,,0.056632344,-0.039904814,0.06046748,-0.068830125,0.4016448,0.19284718,0.8920278
,,-8.455857,1.4292728,2.9929228,1686721687067,,0.16138281,0.096270435,-0.20758729,,,,,,0.08726128,8.804813E-4,0.024083415,-0.09925231,0.5669906,0.24702471,0.75319266
,,-8.09462,0.80899346,4.3342996,1686721687317,,-0.028095521,0.04087832,0.16843997,,,,,,0.11149572,-0.06521297,0.04005097,-0.0935108,0.508119,0.222851,0.8065611
,,-7.769176,0.22285153,5.5966725,1686721687568,,0.14114338,0.2209027,0.09067796,,,,,,0.101487495,-0.14209531,0.05622725,-0.08872274,0.45263112,0.20133892,0.855557
,,-7.557411,0.13298112,6.3859854,1686721687819,,0.0177095,0.12396649,0.038481545,,,,,,-0.02362496,-0.020232666,0.06157635,-0.08050366,0.41523206,0.187982,0.88515157
,,-7.3157763,0.14143577,6.652666,1686721688070,,-0.26670772,-0.084686026,-0.5344807,,,,,,0.036835704,-0.12291319,0.091049515,-0.06901868,0.40342313,0.18508372,0.89312977
,,-7.210432,0.18131614,6.6721463,1686721688320,,0.012383334,0.4893414,0.5006595,,,,,,0.04023822,-0.033103064,0.012240473,-0.070339315,0.3959677,0.18580773,0.8962371
,,-7.397969,0.5171687,6.360123,1686721688828,,-0.06431344,0.17403245,-0.30758604,,,,,,0.03048482,-0.0056114397,-0.014992261,-0.06908202,0.4118306,0.21061945,0.88244903
,,-7.4585867,0.72805613,6.2231545,1686721689079,,0.0017310036,0.1143794,0.057655737,,,,,,0.039876685,0.014275626,-0.009118724,-0.06917162,0.41967955,0.22876024,0.873745
,,-7.5490756,0.8203194,6.0785275,1686721689331,,-2.088922,2.867474,-0.05419373,,,,,,0.06555629,-0.006890142,0.03820223,-0.074168004,0.42895573,0.24508363,0.86400837
,,-7.85775,1.1295121,5.427321,1686721689583,,-0.7640384,1.1411309,0.4995943,,,,,,0.052046664,0.13400142,0.04609716,-0.10206337,0.45293072,0.28287572,0.8292983
,,-8.259963,1.6610179,4.535695,1686721689834,,-0.082422405,-0.65232205,0.1854837,,,,,,0.009873041,0.1993116,2.355357E-4,-0.1327135,0.4859166,0.3337497,0.77524436
52.55011256,13.42190666,-9.14142,3.0871801,1.5718251,1686721690000,3.7968616,0.4543219,-0.54593194,-0.24380521,,,,,,0.03420426,0.13719013,-0.0750727,-0.24507521,0.5963229,0.49317318,0.5837182
,,-8.486164,2.0282962,3.8008394,1686721690086,,0.05605789,0.5181027,-0.02223674,,,,,,0.03152102,0.2371687,-0.03627358,-0.16484626,0.5105621,0.38098162,0.72691053
,,-8.6789465,2.287359,3.1788251,1686721690336,,0.004926703,-0.0516638,-0.036084767,,,,,,0.06829147,0.25690168,0.008610789,-0.19682188,0.533656,0.41737446,0.6829244
,,-8.9394655,2.4761727,2.4698312,1686721690587,,-0.05579158,-0.02516613,0.059786204,,,,,,0.06235574,0.22962306,-0.02458457,-0.22845075,0.5577131,0.45146322,0.64008725
,,-9.193105,2.7741785,1.81029,1686721690839,,0.033687994,0.25072923,0.10772169,,,,,,-0.010786533,0.2647556,-0.0941116,-0.25527707,0.5783413,0.48569113,0.5999893
,,-9.182257,2.9861426,1.5783657,1686721691090,,0.0038614697,-0.1390129,0.06511237,,,,,,0.012315178,0.21140605,-0.13464661,-0.2583313,0.5873022,0.4989969,0.5821779
,,-9.140463,2.9703507,1.6481364,1686721691342,,-0.022769356,-0.11877348,0.013981183,,,,,,0.03699665,0.10551397,-0.03496383,-0.25156552,0.59149987,0.4969801,0.5827104
,,-9.139068,3.1192439,1.7368702,1686721691848,,0.33395055,-0.7109099,-0.6292864,,,,,,0.007555008,0.12919599,-0.03673487,-0.22950193,0.59655887,0.4844601,0.5954323
,,-8.975119,3.0067213,2.2233908,1686721692098,,0.6045197,-0.4458,-0.37256524,,,,,,0.030865002,0.07302392,0.016618812,-0.20328182,0.58496076,0.4652659,0.62378097
,,-8.812128,2.8485553,2.892185,1686721692349,,0.4543219,0.6074491,-0.38854375,,,,,,-0.04639115,-0.041965578,0.08130474,-0.1669557,0.56535095,0.43778148,0.6615614
,,-8.50471,2.62014,3.5164325,1686721692599,,-1.8886582,2.688515,2.0311332,,,,,,0.14523478,-0.289728,0.36271176,-0.13412005,0.55790395,0.41241667,0.6902626
,,-7.9519477,3.318127,3.221298,1686721692852,,0.40532115,2.1879885,0.04167724,,,,,,0.43264008,-0.06661042,0.15527652,-0.11341595,0.5678596,0.4210171,0.6759946
52.55011225,13.4219061,-2.3628924,9.002716,-2.8665223,1686721693000,4.217103,-0.10905323,0.13142313,-0.07869409,,,,,,-9.795944E-4,-0.03221647,-0.16849516,0.09180533,0.79229045,0.55905706,0.2157665
,,-7.3342204,3.9846282,2.9408586,1686721693102,,0.11770825,0.09307474,0.22383209,,,,,,0.511696,-0.09300539,0.24002175,-0.080423936,0.5876601,0.4317273,0.6450659
,,-6.442276,5.044947,2.1060834,1686721693354,,0.59280217,0.25285968,0.470833,,,,,,0.52044684,-0.02493162,0.1257731,-0.04679546,0.61724544,0.45335728,0.58272475
,,-5.4721465,6.19448,0.8910872,1686721693604,,-0.4467321,-0.21251398,-0.19267403,,,,,,0.5301961,0.027861483,0.11913065,-0.018724445,0.66452736,0.48243272,0.49199483
,,-4.468656,7.132965,-0.43497527,1686721693855,,-0.89399683,1.2826737,0.8607083,,,,,,0.64352965,-0.120898895,0.14402762,-0.0063139778,0.71866995,0.5234037,0.38654375
,,-3.55711,8.562457,-1.8011174,1686721694105,,0.4458,-1.3030463,0.09387366,,,,,,0.37887916,0.28335482,-0.17253946,0.01812027,0.7584909,0.5628815,0.28816515
,,-2.9183264,8.71474,-2.3589444,1686721694356,,-0.37749195,-0.8973257,0.0885475,,,,,,0.072544605,-0.055708233,-0.041940685,0.06321122,0.7815388,0.5605014,0.24314906
,,-2.1112275,9.0030155,-2.975056,1686721694861,,0.1709699,-0.018774733,-0.1308905,,,,,,-0.013537848,-0.054734785,-0.100102335,0.10701369,0.79705745,0.5545563,0.20664908
,,-2.1350164,8.99809,-3.0246875,1686721695113,,0.13581721,0.06644391,-0.07230269,,,,,,-0.04378544,-0.05321196,-0.10997317,0.11410252,0.7972911,0.55167264,0.20984149
,,-2.2122445,9.235937,-3.089194,1686721695364,,-0.14527115,-0.069772765,-0.18095645,,,,,,-0.044903673,0.20921604,-0.15412314,0.12446925,0.79736656,0.54600006,0.22073561
,,-2.4717863,8.995419,-3.04399,1686721695615,,-0.012117025,0.062182978,0.14500484,,,,,,-0.026596956,0.0021581172,-0.14720163,0.12563884,0.7956955,0.5412429,0.23916718
,,-2.5894327,9.090532,-2.842275,1686721695867,,-0.03874785,-0.2966674,0.28348514,,,,,,0.010910197,0.0725701,-0.07136068,0.11931798,0.79205894,0.5445859,0.24710642
52.55011275,13.42190273,-4.044289,6.288717,3.5063624,1686721696000,4.406738,-0.55844843,0.4754934,0.768033,,,,,,0.40175495,-0.18532924,-0.2198841,-0.0070094853,0.5255252,0.6749417,0.44763216
,,-2.6108289,9.086704,-2.8443482,1686721696118,,-0.050465416,0.2209027,-0.016910573,,,,,,-0.0029102683,0.04836944,-0.045353785,0.116076335,0.79303086,0.5446796,0.24545212
,,-2.5881767,9.027841,-2.8715067,1686721696369,,-0.17829338,-0.16883944,-0.22463101,,,,,,5.167524E-4,-0.017473856,-0.023679527,0.114645295,0.79478127,0.5436745,0.24229962
,,-2.6068406,9.49484,-2.8036702,1686721696619,,-2.5052948,-4.403274,-2.5036972,,,,,,0.13484576,0.4468245,-0.35626918,0.11061084,0.7820452,0.55252,0.25638348
,,-2.6801207,8.554261,-1.3273983,1686721696873,,0.023035664,0.5436683,0.42822367,,,,,,0.35657474,-0.045718767,-0.43878195,0.095737375,0.7217547,0.57871884,0.30902308
,,-3.0741785,7.891071,0.33958134,1686721697128,,0.1390129,0.43501455,-0.10745538,,,,,,0.15882935,-0.067122445,-0.42087823,0.072834685,0.6507685,0.61617637,0.35126182
,,-3.4194233,7.2242107,2.0176082,1686721697387,,0.29453692,0.4211665,-0.6196993,,,,,,0.26499104,-0.0049894173,-0.29658842,0.038507044,0.5841062,0.64938915,0.3954245
,,-4.189812,5.353521,5.3572702,1686721697920,,-1.0910649,-1.0560454,0.29733318,,,,,,0.7288267,-0.45609862,0.06577249,-0.04432489,0.4574429,0.7158741,0.4880799
,,-4.279363,4.3595824,7.3401427,1686721698190,,-0.032356452,0.00998656,-0.72622263,,,,,,0.5019279,-0.72994524,0.5436185,-0.061157323,0.38349527,0.75851977,0.5098422
,,-4.194797,4.577131,7.754201,1686721698441,,0.10705592,-0.368038,0.10133029,,,,,,0.14801528,-0.18809782,0.5996052,-0.059335656,0.35155475,0.77889925,0.5024516
,,-3.5054255,4.503531,7.9498944,1686721698691,,0.105990686,-0.06657706,-0.006258244,,,,,,0.38943174,-0.17350955,0.58584154,-0.043073393,0.33247197,0.78544784,0.5034638
,,-2.8998616,4.4618564,8.080323,1686721698943,,-0.10585753,-0.33501577,0.08428656,,,,,,0.28035685,-0.22116023,0.43156278,-0.014782941,0.30935663,0.7952688,0.5031507
52.55011272,13.42190428,-1.0456835,4.6463237,8.499744,1686721699000,3.9291704,-0.0792267,-0.1645785,-0.07869409,,,,,,0.007371527,-0.07217601,-0.01769913,0.086907975,0.24034801,0.81576806,0.5186756
,,-2.031726,4.581697,8.56473,1686721699194,,0.07403369,0.16870628,-0.035019536,,,,,,0.18524593,-0.096268825,0.39719677,0.02417596,0.27367643,0.81415683,0.5008642
,,-1.7552952,4.7420764,8.66144,1686721699444,,-0.04940018,-0.027296597,0.04806864,,,,,,-0.17463543,0.15451732,0.09735441,0.056451447,0.24709341,0.81799084,0.5136521
,,-1.3642479,4.5235715,8.565686,1686721699696,,0.07935986,0.06857438,-0.032889068,,,,,,-0.06308582,-0.04875536,-0.04152357,0.072650366,0.2386813,0.81288916,0.52566266
,,-1.0868399,4.5264225,8.562317,1686721699946,,0.09001219,0.05685681,0.013981183,,,,,,0.05223862,-0.10926544,-0.024936978,0.081983425,0.23745699,0.81310064,0.52491283
,,-1.061476,4.612286,8.54108,1686721700197,,-0.013182258,-0.007057169,0.056590505,,,,,,0.026362734,-0.07446539,-0.016047366,0.08540215,0.23891129,0.8139464,0.52243984
,,-1.0651451,4.6402416,8.524631,1686721700448,,-0.16551058,-0.36484233,0.0629819,,,,,,0.008844322,-0.08029684,-0.005624628,0.086557575,0.24034828,0.81482464,0.52021736
,,-0.9621541,4.6276593,8.541101,1686721701043,,0.047536023,0.021704122,0.01291595,,,,,,0.014234885,-0.05734401,0.0055474597,0.08896375,0.2365325,0.81629777,0.519119
,,-0.9061021,4.6222353,8.522915,1686721701392,,0.0017310036,0.023834588,-0.027562905,,,,,,-6.010801E-4,-0.043048985,-0.019565074,0.09179311,0.23359908,0.8158284,0.52056146
,,-0.8283354,4.596194,8.534101,1686721701723,,-0.018508423,0.0025299285,-0.005193011,,,,,,0.001602005,-0.038843315,-0.0291701,0.09459164,0.22975847,0.81508887,0.5228727
