92#1#0
key,lat,lon,ts,bike,childCheckBox,trailerCheckBox,pLoc,incident,i1,i2,i3,i4,i5,i6,i7,i8,i9,scary,desc,i10
,,,,0,0,0,0,-5,0,0,0,0,0,0,0,0,0,0,,0

=========================
92#1
lat,lon,X,Y,Z,timeStamp,acc,a,b,c,obsDistanceLeft1,obsDistanceLeft2,obsDistanceRight1,obsDistanceRight2,obsClosePassEvent,XL,YL,ZL,RX,RY,RZ,RC
52.49048785306513,13.417267296463251,5.1942215,-6.9455795,5.109297,1685541219000,7.5,1.5712217,-0.9636399,-1.0729084,,,,,,0.094824776,-0.45789146,0.46294174,-0.058215242,-0.49443477,0.5894128,0.62024075
,,5.2762823,-6.901685,5.3670917,1685541219830,,1.2468523,0.81336707,-0.4217261,,,,,,0.10037624,-0.6634566,0.4672888,-0.050257433,-0.48211518,0.5868046,0.63348204
,,4.966373,-6.5545964,5.0449615,1685541220082,,-0.673708,-1.3374895,0.15370896,,,,,,-0.26203045,-0.56535405,0.014917072,-0.038813103,-0.47382864,0.5877704,0.63749015
,,5.5665402,-6.499998,4.807697,1685541220334,,-1.0426706,-0.43463063,0.8641452,,,,,,-0.01566387,-0.49598178,0.11180036,-0.03110103,-0.49565667,0.58841383,0.6231579
,,5.5160017,-6.9657507,4.4306703,1685541220585,,-0.18990274,0.2134974,0.32414037,,,,,,0.13040179,-0.5986859,0.04462327,-0.044860296,-0.5095057,0.5934074,0.60477316
,,5.604447,-6.829042,4.4227686,1685541220841,,1.1930962,-0.12492194,-0.662407,,,,,,0.307856,-0.43093097,-0.041740585,-0.045387063,-0.5060832,0.59952015,0.6018032
,,5.5650225,-6.4910507,4.713285,1685541221092,,1.2095896,1.0778717,-0.7943539,,,,,,0.16816457,-0.38904434,-0.15096763,-0.028903667,-0.4893564,0.60643667,0.6120794
,,5.102902,-6.1338854,4.9894958,1685541221343,,-0.3218496,-0.6942484,0.05169447,,,,,,-0.23323008,-0.3734474,-0.19220597,-0.020002699,-0.46979564,0.607464,0.62325275
,,5.330211,-6.3177586,5.2919836,1685541221594,,-1.0463358,-1.1615603,0.73586357,,,,,,-0.17034961,-0.38193563,0.223533,-0.016775098,-0.48374596,0.606957,0.6152965
,,5.223989,-6.8836284,5.2853594,1685541221846,,-0.6865362,1.058324,0.49823695,,,,,,-0.11915514,-0.5306089,0.6045194,-0.03332257,-0.502376,0.60794455,0.597653
52.490598829463124,13.417036794126034,5.0127997,-6.1186614,5.563716,1685541222000,7.5,0.37087157,-0.4877759,-0.36247218,,,,,,-0.33273226,-0.32609737,0.23465604,-0.015649263,-0.46831486,0.6133783,0.61923826
,,5.138515,-7.0785275,5.2449675,1685541222103,,0.49487722,-0.44440445,-0.6501897,,,,,,-0.09534248,-0.6546849,0.5468751,-0.039914165,-0.50088775,0.60976416,0.5964218
,,5.2756133,-6.6116576,5.41711,1685541222355,,1.1173489,1.321607,-0.5640577,,,,,,-0.11345506,-0.45423257,0.43432745,-0.024536466,-0.48923123,0.6127535,0.6060476
,,5.144091,-6.0137963,5.2626047,1685541222872,,-1.3010666,-1.8616118,0.91179276,,,,,,-0.38320133,-0.19313154,0.096825816,-0.007058598,-0.4784165,0.61544126,0.611264
,,5.5559144,-6.756986,4.825473,1685541223122,,-0.7427358,0.56169057,0.9337839,,,,,,0.117668465,-0.55767876,0.20038357,-0.01757846,-0.50042284,0.6201021,0.5883828
,,5.557661,-6.8268266,4.643594,1685541223374,,0.53275084,-0.20372356,-0.4638758,,,,,,0.3329318,-0.49097443,-0.01966695,-0.028237933,-0.4976455,0.6256254,0.5839349
,,5.836186,-6.5850134,4.852628,1685541223625,,0.9957867,1.3038919,-0.56833375,,,,,,0.5780057,-0.45823345,-0.20398666,-0.018922865,-0.48254225,0.6287076,0.596179
,,5.2775884,-6.1556125,4.8927007,1685541223890,,-0.035353824,-0.24953845,-0.06253733,,,,,,0.16514464,-0.41250604,-0.6630385,-0.017419238,-0.45513716,0.6265143,0.61653084
,,5.4850063,-6.290575,5.1864095,1685541224140,,0.11491902,0.101098195,-0.22747095,,,,,,0.39994553,-0.5131312,-0.36944786,-0.0224387,-0.45527115,0.62135637,0.6211204
,,5.567846,-6.3923974,5.538777,1685541224393,,0.06971499,-0.04917465,0.33147076,,,,,,0.6373672,-0.5628252,-0.12075232,-0.034620736,-0.4496773,0.6157963,0.6299322
,,5.220756,-5.6197696,6.140399,1685541224645,,0.1118647,0.22266038,3.8179077E-4,,,,,,0.44495973,-0.22263652,-0.16088216,-0.03400003,-0.4148275,0.6137981,0.6584848
,,4.8785343,-4.8978677,6.6424937,1685541224906,,-0.17096591,0.28008172,0.039477166,,,,,,0.123071685,-0.109803215,-0.40066168,-0.020202268,-0.37532917,0.61367005,0.6898248
52.490696059539914,13.41683579608798,4.329215,-4.5504394,7.407959,1685541225000,8.0,-0.33406693,-0.022907447,-0.09002627,,,,,,-0.1352684,-0.04022918,-0.16793536,-0.02515877,-0.34325224,0.62001187,0.7046398
,,4.5187664,-4.3750944,7.0686812,1685541225156,,-0.21555908,0.5323691,-0.2653446,,,,,,-0.09947214,0.054333847,-0.3684393,-0.018017,-0.34874886,0.6149369,0.70617574
,,4.6220355,-4.4567466,7.5394006,1685541225421,,-0.19173533,-0.13530666,-0.12667818,,,,,,0.07556642,0.002628859,0.078252345,-0.021467201,-0.34590474,0.61755234,0.70540386
,,4.3098226,-4.7292266,7.4204082,1685541225931,,-0.04879286,-0.40653083,0.02359467,,,,,,-0.15038253,0.0023784796,-0.2640549,-0.028992968,-0.3404253,0.62402797,0.7025724
,,4.2482815,-4.72388,7.3789883,1685541226184,,0.04344779,-0.062002823,0.037644573,,,,,,-0.17886063,0.03404705,-0.3101981,-0.0301832,-0.34002316,0.62625974,0.7007788
,,4.4561176,-4.7785573,7.598208,1685541226436,,0.3048981,0.058337633,-0.11018482,,,,,,2.5010903E-4,6.847064E-4,-0.06150306,-0.0289432,-0.3423156,0.6278748,0.6982181
,,4.340149,-4.6966863,7.5472107,1685541226687,,0.06116288,0.12370021,0.0388663,,,,,,-0.14439273,0.07502272,-0.100905545,-0.0277932,-0.34328395,0.627273,0.6983417
,,4.387085,-4.7504053,7.372354,1685541226946,,-0.09949467,-0.04795292,-0.16088663,,,,,,-0.10213774,0.050922837,-0.1838847,-0.027118767,-0.3469969,0.6262922,0.69744146
,,4.4615555,-4.639624,7.5176835,1685541227197,,-0.23021984,-0.3680463,0.17447838,,,,,,-0.118090466,0.14646088,0.097856365,-0.024105603,-0.35142747,0.62455696,0.6968317
,,4.5581217,-4.531715,7.5671635,1685541227448,,0.31589368,-0.10476339,0.008933905,,,,,,0.0458131,0.14863253,0.32463488,-0.023523334,-0.35505468,0.6212837,0.69782585
,,4.479921,-4.4488554,7.514161,1685541227704,,-0.3218496,0.21105394,-0.019776762,,,,,,-0.06860353,0.21520782,0.28420588,-0.023716029,-0.35594046,0.61678946,0.7012879
,,4.356939,-4.554291,7.4777803,1685541227957,,-0.086055644,-0.46700647,0.055970527,,,,,,-0.22272256,0.10521086,0.26430398,-0.026476467,-0.35690528,0.6083515,0.70802116
52.49075741507113,13.416671426966786,4.424604,-4.7810416,7.4132166,1685541228000,8.5,0.14485142,-0.2012801,-0.08269588,,,,,,-0.10545648,-0.047235806,0.1801036,-0.03557897,-0.3574687,0.5924315,0.7209536
,,4.341127,-4.6272345,7.4259048,1685541228208,,0.3122285,-0.18417588,3.8179077E-4,,,,,,-0.28427166,0.041857515,0.2461698,-0.028877567,-0.35914212,0.6004333,0.71358675
,,4.4024186,-4.65788,7.5298133,1685541228462,,0.088040955,0.029626964,0.19952387,,,,,,-0.28237692,0.028877672,0.34682256,-0.030396972,-0.3603833,0.59429055,0.7181327
,,4.3761816,-4.7066016,7.2410636,1685541228980,,-0.27969992,0.18051068,-0.003894266,,,,,,-0.10218746,-0.026907269,-0.09606884,-0.037889,-0.35308832,0.59177476,0.7235581
,,4.4088125,-4.801023,7.2960505,1685541229231,,0.1821142,-0.3203988,-0.11873693,,,,,,-0.04879929,-0.038031053,-0.048953287,-0.04443027,-0.35265246,0.5881121,0.7263309
,,4.5933256,-4.7832956,7.2736254,1685541229490,,0.26702446,-0.013133603,0.39438987,,,,,,0.12729087,0.017463032,-0.041471973,-0.0468465,-0.35448244,0.58548754,0.7273749
,,4.8253436,-4.825922,7.506091,1685541229743,,-0.07322747,0.06078109,0.12805262,,,,,,0.41805997,-0.02693441,0.18459062,-0.04813103,-0.35406464,0.5876348,0.7257392
,,4.7035694,-4.7194505,7.3195734,1685541229996,,-0.116598904,-0.20250183,-0.16027577,,,,,,0.34374964,0.092011675,-0.022593005,-0.050133895,-0.35230014,0.5882674,0.72594446
,,4.718902,-4.8315887,7.2960305,1685541230250,,0.2364812,0.06261369,0.046196684,,,,,,0.18189955,-0.0279006,0.04609831,-0.04928504,-0.3577563,0.58284223,0.72758555
,,4.6295686,-4.836836,7.3922877,1685541230501,,0.08559749,0.12675454,0.32658383,,,,,,-0.021857047,-0.009353987,0.22578155,-0.04763077,-0.3657335,0.5809576,0.725104
,,4.569404,-4.8607783,6.951983,1685541230787,,-0.34567338,0.21960606,-0.28244883,,,,,,-0.068778194,-0.007036662,-0.15311386,-0.04577073,-0.3693699,0.5858999,0.71929806
,,4.4352283,-4.905001,6.9076104,1685541231037,,-0.15752688,-0.66920286,-0.01488984,,,,,,-0.2666188,-0.017349537,-0.12543131,-0.04164843,-0.37439808,0.5909645,0.71253204
,,4.234734,-5.0069337,6.887191,1685541231289,,0.48021644,-0.08155051,0.32230777,,,,,,-0.6489111,-0.06405566,-0.023397032,-0.032556903,-0.38313156,0.5965529,0.7029655
,,4.200088,-5.178229,7.266283,1685541231542,,0.3000112,0.033292156,0.5257259,,,,,,-0.7969678,-0.26009804,0.41376084,-0.018554505,-0.38749295,0.611915,0.68629146
52.49085535760969,13.416408486664295,3.87309,-4.9394283,7.345212,1685541232000,8.0,0.31711543,-0.19700404,0.58436894,,,,,,-1.0203884,-0.07564365,0.39149335,-0.006491038,-0.38043976,0.6394242,0.66323626
,,3.558163,-5.088368,7.604184,1685541232047,,0.0031306844,-0.3820962,0.093844175,,,,,,-1.1586777,-0.2810623,0.5070311,0.0038893323,-0.36882818,0.6708217,0.6361359
,,3.3608606,-5.0128694,8.322465,1685541232299,,0.34643695,-1.9135354,-0.6923394,,,,,,-1.3986121,-0.3369369,1.1703796,0.026244499,-0.36379108,0.6984775,0.6071003
,,3.5215316,-4.889868,7.9500566,1685541232550,,-0.4263076,-1.1969905,0.3009275,,,,,,-1.6265427,-0.2892828,1.2166933,0.06842097,-0.3776901,0.7158901,0.56839925
,,3.9506824,-5.5166693,7.1653466,1685541232804,,-0.14042264,-0.09682214,0.8977428,,,,,,-1.5400712,-0.69269985,1.4076349,0.11220896,-0.41402107,0.72021073,0.5122028
,,4.2098246,-6.0458684,6.2358685,1685541233055,,0.57184625,-0.35155296,0.13782647,,,,,,-1.4669839,-0.7196569,1.5675044,0.1451165,-0.45974275,0.72031623,0.4479502
,,4.887593,-6.686338,5.7060704,1685541233308,,1.1949288,0.14874569,-0.748539,,,,,,-1.1436794,-0.9211298,2.018405,0.1862976,-0.49998775,0.7205536,0.38605624
,,5.542138,-6.979567,5.247801,1685541233563,,1.5254068,0.41508293,0.10728321,,,,,,-1.0145715,-1.0733635,2.1689572,0.23477523,-0.5180123,0.7267686,0.33376694
,,5.653777,-6.924181,4.642857,1685541233823,,-0.24549147,-1.6575829,0.6344599,,,,,,-1.2432704,-1.1146289,1.7968411,0.2749986,-0.51166886,0.7422936,0.2835294
,,5.7978487,-7.089082,4.6140547,1685541234076,,-0.5417611,-0.25381452,1.3632221,,,,,,-1.1007749,-1.1916258,1.8351347,0.30309418,-0.49622616,0.7611278,0.23028155
,,5.5761366,-7.0569196,4.72363,1685541234329,,-0.46967903,0.6227771,0.82077384,,,,,,-1.0054209,-0.94308734,1.6259884,0.31360552,-0.4760035,0.7843241,0.18182486
,,5.593155,-7.1050425,4.758356,1685541234581,,0.9707412,-0.22693644,-0.98127866,,,,,,-0.6213398,-0.86464065,1.2076294,0.31551203,-0.4555203,0.80618554,0.14310245
52.490833858028054,13.416239842772484,5.534576,-6.8502207,4.7103925,1685541235000,7.5,1.1741594,1.8060231,-0.5866597,,,,,,-0.37421218,-0.6368968,0.5979945,0.3082332,-0.43097457,0.828356,0.120439194
,,5.228487,-6.5784593,4.624041,1685541235088,,0.5797875,-0.47861293,-0.05093089,,,,,,-0.107443005,-0.478045,-0.09353193,0.2790941,-0.40710637,0.8484054,0.111012764
,,5.451498,-6.589063,4.541751,1685541235339,,-0.99441224,-1.5445728,0.51411945,,,,,,0.47885868,-0.43568704,-0.47639698,0.25598562,-0.40119854,0.85615,0.113123454
,,5.4186864,-6.666954,4.5740724,1685541235590,,-1.607721,0.16157386,0.98143137,,,,,,0.747112,-0.28477064,-0.5822655,0.23169489,-0.41126105,0.85940605,0.11839144
,,5.386525,-6.915232,4.461395,1685541235841,,0.27924177,0.016187929,-0.84077966,,,,,,0.9549015,-0.4018358,-0.68012977,0.2065352,-0.42253083,0.8586531,0.1334187
,,5.5474157,-6.722659,4.4907546,1685541236094,,0.9750173,0.52381694,-0.92752254,,,,,,0.95920587,-0.35144195,-0.75829107,0.19930692,-0.42018265,0.85894084,0.16066393
,,5.287843,-6.6579266,4.7897296,1685541236344,,1.2169199,-0.03756821,-0.11385001,,,,,,0.68141174,-0.5656075,-0.7191617,0.18973279,-0.40978596,0.85956115,0.19201629
,,5.2859282,-6.269168,4.5945926,1685541236595,,-0.9394344,-1.6007724,0.6662249,,,,,,0.3880313,-0.29663694,-0.808915,0.20006862,-0.41278556,0.8510312,0.21293955
,,5.6319804,-6.674456,4.50073,1685541236847,,-0.98280585,0.10048734,1.1634692,,,,,,0.46230078,-0.3504587,-0.27650994,0.21589361,-0.44517383,0.83385557,0.20823187
,,5.5560637,-7.471585,4.43448,1685541237101,,0.794812,0.42241332,-0.594601,,,,,,0.5512131,-0.84969217,0.006606857,0.20961793,-0.46593818,0.82452214,0.19964951
,,5.770036,-6.8485246,4.5355954,1685541237351,,1.0428233,1.0228939,-0.88781625,,,,,,0.5596781,-0.4023084,-0.19604002,0.21774957,-0.45084336,0.83068156,0.20725442
,,5.6037087,-6.3904834,4.8847895,1685541237601,,0.37698022,-0.07788532,-0.60865086,,,,,,0.3707805,-0.40290558,-0.34477538,0.21892858,-0.41959423,0.843577,0.21584767
52.490649414248765,13.416031636297703,5.3344507,-6.054068,4.5767956,1685541238000,5.5,-1.113531,-2.0112739,0.98204225,,,,,,-0.06604449,-0.2659637,-0.67024267,0.2325029,-0.40764293,0.8470554,0.20743258
,,5.741964,-6.9718847,4.5026364,1685541238106,,-1.0890964,0.43401974,1.1836277,,,,,,0.24133044,-0.71262705,-0.13975973,0.24892133,-0.43597588,0.83643067,0.176795
,,5.483939,-7.4752355,4.379174,1685541238357,,1.2688435,-0.5006041,-0.9672288,,,,,,0.33517438,-0.8718376,-0.05952114,0.23926952,-0.4516152,0.83334845,0.15813194
,,5.6012053,-6.825929,4.4202747,1685541238620,,1.2383002,1.6930131,-0.32765284,,,,,,0.29594693,-0.5591549,-0.4244651,0.24490659,-0.42786103,0.8440948,0.16777584
,,5.257139,-6.2992654,4.2025623,1685541238871,,-0.8294786,-1.4633276,-0.10529789,,,,,,0.009224439,-0.62101287,-1.1649834,0.24061425,-0.39320415,0.8570247,0.18125027
,,5.399773,-6.2549825,4.0304894,1685541239122,,-1.2595278,-3.0543262E-4,1.562975,,,,,,-0.079494216,-0.5250155,-1.0830594,0.25477436,-0.40101108,0.8499632,0.18019949
,,5.9575624,-7.2488556,3.9675117,1685541239375,,-0.017638734,0.07360926,-0.14928019,,,,,,0.6165978,-0.89996,-0.5627249,0.2497861,-0.43989787,0.8356503,0.16478744
,,5.844086,-7.232813,3.9695163,1685541239626,,1.0373255,0.926988,-0.8450557,,,,,,0.6668346,-0.7741422,-0.67277586,0.2330466,-0.44446406,0.83703476,0.17240562
,,5.804732,-6.535611,4.2790966,1685541239895,,0.48693597,-0.25259277,-0.5616142,,,,,,0.48700243,-0.6946925,-1.0659698,0.22881958,-0.4048986,0.85293174,0.19955394
,,5.4165926,-5.9660716,4.2605815,1685541240148,,-1.3138947,-1.3289373,1.1622475,,,,,,0.0058767,-0.55339605,-1.3606654,0.23115791,-0.3839398,0.8563587,0.21758996
,,5.8870034,-6.7849984,4.5293713,1685541240400,,-0.7354054,0.6075055,0.7230354,,,,,,0.27851436,-0.88585776,-0.3903066,0.2438829,-0.421686,0.8380798,0.20642017
,,5.8296123,-7.501762,4.417462,1685541240652,,0.9206503,0.5671884,-0.73143476,,,,,,0.46883786,-1.1301181,-0.11115107,0.22956756,-0.45191076,0.8279254,0.19733725
52.490451810881495,13.415839187800884,5.9214783,-6.8063154,4.6372695,1685541241000,5.0,1.1808789,0.8921687,-0.64224845,,,,,,0.44418335,-0.7651894,-0.27210897,0.22766812,-0.43311015,0.83394724,0.21916299
,,5.51649,-6.1064525,4.6409407,1685541241163,,-0.63278,-1.8329011,0.62102085,,,,,,-0.009622216,-0.671812,-0.8168339,0.22886294,-0.3994435,0.84159416,0.24704035
,,5.695128,-6.129984,4.412435,1685541241419,,-1.4879913,0.0693332,1.803656,,,,,,-0.09800907,-0.5530478,-0.6419941,0.24481125,-0.4165232,0.83040655,0.2435921
,,6.1408877,-7.2844286,4.2987103,1685541241678,,1.39346,0.42119157,-0.6184247,,,,,,0.550065,-0.9748371,-0.08528193,0.23671137,-0.460694,0.81581485,0.22058621
,,5.9261885,-6.995528,4.190013,1685541241939,,1.4850898,1.2843442,-0.51335585,,,,,,0.35366765,-0.7336785,-0.34556642,0.22916168,-0.45509166,0.82106465,0.22376227
,,5.5880976,-6.238222,4.271036,1685541242193,,-0.4825072,-0.7113526,-0.23907739,,,,,,-0.04861734,-0.6141671,-0.951885,0.23129457,-0.4125578,0.83788586,0.23991244
,,5.382745,-5.9276743,4.134717,1685541242444,,-1.2228758,-0.5696318,1.4383585,,,,,,-0.3991069,-0.50389826,-1.090258,0.24470228,-0.40214273,0.8399236,0.23461686
,,5.939207,-6.955704,4.255963,1685541242699,,0.42157337,0.13408493,-0.42111522,,,,,,0.15423271,-0.8841328,-0.17198206,0.25267807,-0.44242287,0.8265821,0.19932246
,,5.894494,-7.2964196,4.1988215,1685541242953,,1.1448379,0.02107485,-1.1969141,,,,,,0.33383933,-0.90021324,-0.06397268,0.24357368,-0.45690542,0.82489884,0.18514903
,,5.5345354,-6.4821315,4.32748,1685541243205,,0.8235227,-0.1591304,-0.60376394,,,,,,-0.15132228,-0.6192524,-0.54742527,0.24594492,-0.42167196,0.8389818,0.204295
,,5.226561,-5.8216014,4.2240405,1685541243457,,-1.1263591,-2.0082195,1.1677452,,,,,,-0.49122345,-0.3793452,-1.0121874,0.2510795,-0.39719677,0.8450705,0.21716453
,,5.792272,-6.5647016,4.215002,1685541243742,,-0.07078401,1.5567901,0.76701766,,,,,,-0.033532415,-0.64172155,-0.35777232,0.26240823,-0.4315876,0.8292199,0.19962806
52.49026590026915,13.415653444826603,5.898586,-7.2280855,4.1743803,1685541244000,5.0,1.1368966,0.75594574,-1.1101712,,,,,,0.35899657,-0.7696101,-0.039469656,0.2458651,-0.4617967,0.82089907,0.1883359
,,5.703687,-6.5283995,4.3539453,1685541244247,,1.1185706,0.3857614,-0.77053016,,,,,,0.13022234,-0.43818215,-0.3890712,0.23606132,-0.43801767,0.8308473,0.21472426
,,5.213244,-5.768839,4.429522,1685541244499,,-0.89056516,-1.7779233,0.8775843,,,,,,-0.47713342,-0.29310372,-0.8571139,0.23584533,-0.40452135,0.8390575,0.24424872
,,5.566409,-6.096456,4.3555317,1685541244754,,-1.6785814,0.83169305,1.5440383,,,,,,-0.2595433,-0.3542962,-0.4854012,0.24710439,-0.4240794,0.8286869,0.232834
,,5.9119124,-7.2391787,4.5632887,1685541245006,,1.0293843,-0.17989981,-0.7430412,,,,,,0.35216948,-0.75602597,0.39611715,0.23660393,-0.46746892,0.8145634,0.20755453
,,5.7535763,-6.862731,4.5241036,1685541245261,,1.3232105,1.9770653,-0.4376086,,,,,,0.23650302,-0.4876664,0.09375965,0.22730003,-0.45891348,0.81995356,0.2195814
,,5.222582,-6.0575995,4.609896,1685541245511,,-0.7030295,-1.3356569,0.25816694,,,,,,-0.38947684,-0.3343549,-0.4625193,0.22907127,-0.41900662,0.83299047,0.24314871
,,5.2561016,-6.0442615,4.4960117,1685541245768,,-1.4330136,-0.074830994,1.8598557,,,,,,-0.5077727,-0.35468388,-0.42747572,0.24302317,-0.41970447,0.8309979,0.23443396
,,5.877675,-7.184021,4.569853,1685541246019,,1.0153344,-0.03390302,-0.71799576,,,,,,0.31620172,-0.7635512,0.33912182,0.23977484,-0.4614232,0.81913465,0.20017162
,,5.6665874,-7.2014294,4.508242,1685541246270,,1.3445908,1.42973,-0.48464522,,,,,,0.28036758,-0.67302877,0.220228,0.23068698,-0.46431065,0.8219982,0.19494788
,,5.3970585,-6.3246427,4.497698,1685541246522,,-0.035353824,-1.2330315,-0.5836054,,,,,,-0.08739369,-0.43502778,-0.5440188,0.23285669,-0.42084596,0.84064,0.21275
,,5.210212,-5.8983655,4.5499015,1685541246791,,-1.4898239,-0.926988,1.5232688,,,,,,-0.44097725,-0.26409873,-0.63733524,0.24314435,-0.40245533,0.8456137,0.21425731
52.49006054364145,13.415510198101401,5.848865,-6.932301,4.5722575,1685541247000,4.5,0.030008756,0.22571471,-0.2830597,,,,,,0.2297956,-0.6465637,0.14613526,0.2505099,-0.44384006,0.83000726,0.18381907
,,5.87568,-7.349081,4.37694,1685541247293,,1.0813079,0.13897185,-1.1242211,,,,,,0.4788166,-0.6718196,0.23060063,0.24028163,-0.46506038,0.82443297,0.17103815
,,5.6301947,-6.6717525,4.469765,1685541247544,,0.74716455,-0.28191432,-0.812069,,,,,,0.105467625,-0.4963302,-0.26234588,0.24052599,-0.4327925,0.83691376,0.19390945
,,5.3643284,-5.897578,4.4681597,1685541247800,,-1.081766,-1.6307048,1.1714104,,,,,,-0.31625912,-0.28761396,-0.67412955,0.24443358,-0.40436614,0.8422217,0.21910506
,,5.801769,-6.5295873,4.363922,1685541248050,,-1.0945941,1.1078042,1.2764792,,,,,,-0.037364926,-0.5448853,-0.15096739,0.25515038,-0.43634525,0.82492054,0.21143542
,,5.9636974,-7.299352,4.2615294,1685541248300,,0.9145416,0.66553766,-0.7467064,,,,,,0.4524397,-0.7488378,0.25551826,0.240346,-0.47496969,0.8116807,0.19654648
,,5.937361,-6.8556266,4.2264843,1685541248551,,1.2169199,1.6471981,-0.57016635,,,,,,0.2992426,-0.6074588,-0.14122559,0.23969118,-0.45653275,0.81931394,0.21379967
,,5.5019064,-5.952963,4.4073563,1685541248804,,-0.7060839,-1.4272866,0.44448084,,,,,,-0.25739622,-0.3675166,-0.5768387,0.24313185,-0.4165484,0.83261096,0.23504359
,,5.632868,-5.9960485,4.3086953,1685541249056,,-1.4953218,0.2012801,1.9655353,,,,,,-0.30229154,-0.3337787,-0.38599712,0.2591082,-0.4244841,0.8269055,0.22315292
,,6.081742,-7.1295934,4.360031,1685541249316,,1.4716507,0.026572637,-0.84077966,,,,,,0.44490084,-0.7023508,0.3231364,0.25490984,-0.46511513,0.8158786,0.18421766
,,5.882215,-6.940222,4.385579,1685541249566,,1.1631638,1.4694363,-0.7741953,,,,,,0.3509084,-0.5078269,0.15878852,0.25219357,-0.45702365,0.82372755,0.17553148
,,5.7822967,-6.1334257,4.6721745,1685541249844,,-0.4263076,-1.4071281,-0.09857838,,,,,,0.15138744,-0.35323226,-0.28811345,0.2578612,-0.4116619,0.8437233,0.18543254
52.48986998107284,13.415359323844314,5.542367,-5.836275,4.685901,1685541250000,4.5,-1.2375367,-0.6282749,1.6533831,,,,,,-0.20100586,-0.24788284,-0.33605206,0.26988447,-0.39895695,0.8471817,0.17870528
,,6.135771,-6.913159,4.711589,1685541250346,,0.58711785,0.6545421,-0.6495788,,,,,,0.53678954,-0.60066056,0.43827882,0.27355686,-0.4418217,0.8314036,0.14531484
,,6.151332,-7.2075853,4.5282536,1685541250597,,0.6286567,0.82436264,-1.1559861,,,,,,0.77156925,-0.57963824,0.41657582,0.2627199,-0.45768577,0.8284215,0.13585286
,,5.7833242,-6.3608155,4.686361,1685541250856,,0.47777298,-0.29352075,-0.41439572,,,,,,0.23808704,-0.30209333,-0.067307785,0.26148432,-0.42198715,0.84297824,0.16220637
,,5.4800386,-5.7566385,4.9079237,1685541251107,,-1.326112,-1.212262,1.3662765,,,,,,-0.19188143,-0.15900382,-0.17721187,0.2633046,-0.39895362,0.84805983,0.18309739
,,5.8273773,-6.5281496,4.6642537,1685541251371,,-0.6443865,1.1921035,0.45242208,,,,,,0.12479214,-0.41368935,0.24072745,0.26792133,-0.43639812,0.82996106,0.17345694
,,5.8212423,-7.2028666,4.585724,1685541251622,,1.4148402,-0.2947425,-0.99960464,,,,,,0.38074106,-0.5524529,0.6513999,0.2508325,-0.473215,0.81570274,0.16867124
,,5.7299433,-6.6833944,4.6472654,1685541251890,,1.2572371,0.88361657,-0.648968,,,,,,0.12044347,-0.4129068,0.29152232,0.24868034,-0.45176542,0.82434267,0.19275591
,,5.222093,-5.787275,4.9674,1685541252145,,-0.9498191,-1.1585059,0.7352527,,,,,,-0.56853086,-0.1623071,0.027670877,0.24953796,-0.41620785,0.8357628,0.21589841
,,5.569113,-6.1812806,4.548614,1685541252396,,-1.5790102,0.61666846,1.6332246,,,,,,-0.33582646,-0.3349282,-0.009097855,0.26004773,-0.4334545,0.8266893,0.20551129
,,5.849573,-7.1256733,4.3699865,1685541252649,,0.9182068,-0.29535335,-0.7772497,,,,,,0.25626186,-0.5481811,0.46834695,0.2485598,-0.47696587,0.81202656,0.18065257
,,5.7155786,-7.026404,4.4443765,1685541252904,,1.4710399,1.6600263,-0.6159812,,,,,,0.10444799,-0.5165883,0.39355227,0.24497037,-0.47132614,0.8158218,0.18666393
52.489692997187376,13.415224375203252,5.5708084,-6.0464168,4.5566845,1685541253000,5.0,-0.46845728,-1.0155635,-0.24518603,,,,,,-0.11366008,-0.16923414,-0.26290658,0.24440175,-0.4270892,0.83519566,0.20530868
,,5.3454742,-5.7484784,4.2277913,1685541253413,,-1.4800501,-1.0534371,1.5116624,,,,,,-0.3889005,-0.011390488,-0.6169047,0.24766311,-0.41818812,0.8372885,0.20977019
,,6.0058455,-6.9321427,4.0743127,1685541253664,,0.18822286,0.61483586,-0.42111522,,,,,,0.5206381,-0.38826638,-0.06823909,0.24010083,-0.46106252,0.82244575,0.18816096
,,5.88859,-7.1168356,4.156673,1685541253945,,0.92981327,0.8555168,-1.2005793,,,,,,0.64716965,-0.31645468,0.0960956,0.22190748,-0.47458825,0.8199305,0.18860847
,,5.69823,-6.444762,4.336108,1685541254197,,0.844903,0.030848695,-0.67218083,,,,,,0.33608177,-0.16614677,-0.39451042,0.21809079,-0.4399752,0.83383965,0.21711159
,,5.0950804,-5.637955,4.584487,1685541254447,,-1.1446851,-1.3185526,1.0474048,,,,,,-0.3235798,0.13492377,-0.60979193,0.21734181,-0.41125336,0.8416512,0.23860829
,,5.498923,-6.452423,4.4731274,1685541254701,,-1.4886023,0.4914411,1.3583353,,,,,,-0.055021033,-0.24800007,-0.11995545,0.22820927,-0.44241205,0.8259699,0.22694312
,,5.656411,-7.2656035,4.6530914,1685541254953,,0.97807163,-0.27091873,-0.57566416,,,,,,0.3211179,-0.49887526,0.64701295,0.21854779,-0.482812,0.80880845,0.21042357
,,5.4800277,-6.7114167,4.639844,1685541255206,,1.6182584,1.3057245,-0.3728569,,,,,,-0.06681896,-0.21989006,0.52694726,0.22802575,-0.47456473,0.8092878,0.22094153
,,5.2393117,-6.0276823,4.7820787,1685541255458,,-0.008475755,-1.1016954,-0.24518603,,,,,,-0.46260855,-0.09303972,0.15687269,0.23480874,-0.4413117,0.81987846,0.23904914
,,5.358882,-5.8588715,4.6916475,1685541255727,,-1.3212252,-1.0479393,1.4621823,,,,,,-0.6022982,-0.030831425,0.24595934,0.25394693,-0.44119114,0.8159303,0.23407653
,,6.0566716,-6.9540186,4.3791046,1685541255978,,-0.0622319,0.089491755,-0.31177035,,,,,,0.24450749,-0.4386527,0.6925821,0.25671417,-0.4829655,0.8009418,0.20022179
52.48951840214431,13.41510258615017,5.8294516,-7.013235,4.260043,1685541256000,4.5,1.1417835,0.4364632,-0.76930845,,,,,,0.2362761,-0.30071995,0.7095038,0.250952,-0.49272066,0.7995378,0.18595596
,,5.869595,-6.4601645,4.4361167,1685541256481,,1.0238866,1.1499538,-0.6324746,,,,,,0.16544619,-0.14948587,0.26953697,0.2570543,-0.4583649,0.8180074,0.19061999
,,5.4352565,-5.948415,4.6583986,1685541256741,,-0.8514698,-1.1982121,0.48601967,,,,,,-0.20720433,-0.08750174,-0.07851546,0.25458148,-0.42422733,0.8340088,0.19596836
,,5.6968036,-6.297738,4.5769854,1685541256997,,-1.6590337,0.4089743,1.6564375,,,,,,-0.057982046,-0.15187815,0.27068004,0.26940626,-0.44190454,0.82664907,0.17399634
,,5.7989564,-7.2281647,4.536993,1685541257248,,1.08986,0.058337633,-0.64102674,,,,,,0.43943152,-0.44045055,0.74575907,0.25784785,-0.47624695,0.8166644,0.14414224
,,5.644849,-6.864247,4.491652,1685541257519,,1.030606,1.2959507,-0.9733374,,,,,,0.28883237,-0.16973402,0.42919675,0.25670442,-0.4641288,0.8253476,0.14400472
,,5.4310274,-6.287702,4.7083373,1685541257799,,-0.02985604,-0.73761976,-0.42600214,,,,,,0.04661854,-0.09924383,-0.047188725,0.2519274,-0.4271646,0.8432805,0.16052794
,,5.00459,-5.91681,4.5231657,1685541258050,,-1.1758392,-1.5378532,1.2422708,,,,,,-0.48344326,0.04658981,-0.33838528,0.25624207,-0.41699272,0.84438217,0.16931735
,,5.636859,-6.898074,4.2066226,1685541258318,,-0.5949064,1.1181889,0.7205919,,,,,,0.17857654,-0.37019986,0.023523657,0.26069826,-0.45513934,0.8276414,0.15086469
,,5.5261674,-7.341341,4.235353,1685541258572,,0.931035,0.090713486,-0.68256557,,,,,,0.40374237,-0.42013392,0.33167073,0.24340646,-0.4784406,0.8198974,0.14446503
,,5.5600147,-6.8034434,4.4218807,1685541258826,,1.2780064,1.8127426,-0.31482467,,,,,,0.23265062,-0.21713786,0.103438355,0.24333987,-0.457817,0.82897115,0.16685206
52.48934280127287,13.414997393265367,5.3042245,-6.0545664,4.743452,1685541259000,4.5,-1.4543937,-0.6404922,1.5348753,,,,,,-0.29883093,-0.01023558,0.14705803,0.24610646,-0.43649042,0.8310011,0.19854881
,,5.1916866,-6.0086775,4.6982017,1685541259077,,-0.5619197,-1.2275337,-0.29955304,,,,,,-0.18322273,0.0085451845,-0.16521153,0.23416059,-0.42655048,0.84010464,0.1942235
,,5.8037734,-6.958896,4.7167063,1685541259581,,0.07154759,0.35643986,-0.30810517,,,,,,0.41403982,-0.31116617,0.7798259,0.2405038,-0.47618753,0.81453514,0.179035
,,5.496737,-6.7924194,4.6530914,1685541259848,,1.0721449,-0.07971791,-0.9293551,,,,,,0.234332,-0.04065485,0.7350835,0.23102604,-0.4817773,0.81389725,0.17962286
,,5.599629,-6.3964996,4.9470596,1685541260101,,1.0886382,1.1707232,-0.4369977,,,,,,0.12452895,-0.052130923,0.56051385,0.2348043,-0.45593584,0.8252277,0.19616747
,,5.007503,-5.852646,5.093835,1685541260355,,-0.72563154,-1.3234396,0.5733734,,,,,,-0.42585245,0.085685015,0.26246145,0.2355508,-0.4315633,0.83319294,0.2069178
,,5.3355184,-6.41236,5.0262284,1685541260615,,-1.2717451,-0.13775012,1.6912568,,,,,,-0.32568547,-0.164501,0.6487677,0.25438607,-0.45320234,0.8212153,0.19412652
,,5.579348,-7.043492,4.969086,1685541260883,,0.8962157,0.22510384,-0.6495788,,,,,,0.24405865,-0.2519325,1.0990951,0.24265695,-0.48568973,0.8097319,0.17327267
,,5.4236355,-6.819953,4.9422812,1685541261135,,0.90904385,0.99173975,-1.0900127,,,,,,0.055984657,-0.09922455,0.8657296,0.23902868,-0.47880316,0.8146152,0.18065165
,,5.3418336,-6.3789215,5.31829,1685541261386,,1.0892491,-0.29229903,-0.4797583,,,,,,-0.14771324,-0.09669964,0.70281345,0.23818006,-0.45008028,0.82643205,0.20161252
,,5.0389266,-5.7800922,5.115152,1685541261638,,-0.8795696,-1.366811,0.69676816,,,,,,-0.51545167,0.15972249,0.25755063,0.2409222,-0.43207264,0.83023006,0.21347171
,,5.646376,-6.394804,4.762915,1685541261893,,-1.3633748,0.37293324,1.6961437,,,,,,-0.08892169,-0.090510495,0.49447545,0.25057012,-0.45842206,0.8181387,0.20114104
52.48917696531862,13.414885913953185,5.666158,-6.581412,4.5353665,1685541262000,4.0,0.794812,0.84757555,-1.002659,,,,,,0.16394982,0.0032503924,0.38803473,0.23614262,-0.4718772,0.81591326,0.19901186
,,5.6973825,-6.9021544,4.624999,1685541262149,,0.98479116,0.13225232,-0.51335585,,,,,,0.34092185,-0.1391921,0.72016245,0.23385629,-0.4839022,0.8100999,0.18799093
,,5.554977,-6.1366286,4.8018603,1685541262652,,0.78809255,0.8604037,-0.11323915,,,,,,-0.061822224,0.024555683,0.22339015,0.23770516,-0.44598484,0.8253182,0.21650806
,,5.446011,-5.6243186,4.7270727,1685541262904,,-0.98280585,-1.4175128,0.73403096,,,,,,-0.24605772,0.319074,0.037852604,0.24490725,-0.43358082,0.8287213,0.21616383
,,5.7962427,-6.3630395,4.751094,1685541263157,,-1.117807,0.23609942,1.5446491,,,,,,0.042548276,-0.00962909,0.5837124,0.25624603,-0.4588599,0.8186649,0.1935461
,,5.766155,-6.787782,4.790548,1685541263408,,1.1112403,0.14202617,-0.5249623,,,,,,0.35535032,-0.059997763,0.8856813,0.24650685,-0.476961,0.8140374,0.17202358
,,5.708765,-6.47087,4.690779,1685541263658,,0.85101163,0.8903361,-0.8841511,,,,,,0.20577297,0.055770952,0.49339917,0.25305876,-0.46032253,0.8236316,0.17002854
,,5.4694343,-6.139969,5.012271,1685541263910,,0.74777544,-0.21594086,-0.51579934,,,,,,0.012335444,0.0383785,0.29529858,0.24914975,-0.43327376,0.83707684,0.17702068
,,5.317552,-5.8169713,4.936534,1685541264161,,-1.0225121,-1.6136005,0.5990297,,,,,,-0.14214128,0.18441239,0.085760765,0.25043124,-0.4228655,0.84001863,0.18026933
,,5.6938004,-6.5417356,4.7507944,1685541264412,,-1.3603206,0.35155296,1.6106225,,,,,,0.15989143,-0.1504837,0.43789622,0.2551039,-0.4514714,0.82672125,0.17184578
,,5.670726,-6.949319,4.7417855,1685541264664,,1.1069642,0.09682214,-0.76197803,,,,,,0.46517175,-0.21478172,0.685087,0.2348198,-0.47371,0.819311,0.16747122
,,5.643512,-6.5929027,4.651036,1685541264931,,1.053208,0.6252206,-0.9177487,,,,,,0.26168844,-0.049354855,0.3784524,0.2318396,-0.46481356,0.8225559,0.18904643
52.489006645046175,13.414783654734492,5.388101,-5.7389207,4.747373,1685541265000,4.0,-1.1349113,-1.6178766,0.84093237,,,,,,-0.16437466,0.28878972,0.08153645,0.22805643,-0.4414572,0.82556915,0.22829987
,,5.4303384,-6.2398977,5.0008593,1685541265184,,0.85406595,-0.058948494,-0.349644,,,,,,-0.02169257,-0.049301308,0.3525648,0.22409049,-0.44671378,0.82743764,0.21765582
,,5.7810993,-6.42466,4.599391,1685541265691,,-1.4098006,0.44257188,1.5354861,,,,,,0.13852383,0.037049245,0.51722467,0.23811808,-0.47019604,0.8133592,0.20846719
,,5.6502166,-6.8482056,4.616969,1685541265944,,0.9927324,0.17989981,-0.44677156,,,,,,0.35464185,-0.040513024,0.77289444,0.2264945,-0.48859358,0.8081481,0.19051118
,,5.7072086,-6.5221944,4.561254,1685541266195,,0.91026556,1.1878275,-0.71616316,,,,,,0.273822,0.10709472,0.45568654,0.23322222,-0.4738717,0.8158327,0.19467106
,,5.432324,-6.090011,4.746894,1685541266446,,0.87300277,-0.40530908,-0.42478043,,,,,,0.06361811,0.2057522,0.1557056,0.22977844,-0.44727665,0.82894784,0.20101541
,,5.3345594,-5.719998,4.5469575,1685541266697,,-1.2931254,-1.743104,0.82382816,,,,,,-0.0999308,0.39386597,-0.12391236,0.2371396,-0.4368686,0.8321122,0.19841702
,,5.6475124,-6.6833134,4.503374,1685541266949,,-1.1202505,0.32589662,1.6668222,,,,,,0.116354875,-0.18554854,0.39398727,0.24838775,-0.4641647,0.8197168,0.18064037
,,5.501616,-6.9191427,4.475272,1685541267201,,1.1210141,-0.019242255,-0.54878604,,,,,,0.29386836,-0.09799954,0.56607985,0.23292412,-0.4821832,0.81396896,0.1728199
,,5.630434,-6.5926533,4.420275,1685541267452,,1.3018302,0.47250426,-0.70700014,,,,,,0.24959993,0.037175816,0.26145437,0.2349988,-0.46993083,0.8196971,0.18643972
,,5.3554807,-6.1746855,4.6020956,1685541267706,,0.9481392,0.01985312,-0.3759112,,,,,,-0.02021137,0.11271932,-0.008050966,0.22901729,-0.44674596,0.82943726,0.20307441
,,5.384928,-5.8746033,4.5210814,1685541267957,,-1.000521,-1.6062702,0.68149656,,,,,,-0.12153865,0.23919763,-0.11294766,0.23672597,-0.44025573,0.8287644,0.20789929
52.4888462992385,13.414665553718805,5.676952,-6.8146057,4.436585,1685541268000,3.5,0.78381646,0.1994475,-0.53717965,,,,,,0.405894,0.0067818165,0.5693643,0.23463942,-0.48429912,0.8115028,0.17727205
,,5.765387,-6.5408697,4.450541,1685541268209,,-1.358488,0.45112398,1.486006,,,,,,0.16610867,-0.04481082,0.35884777,0.24755935,-0.46711868,0.816231,0.191797
,,5.7843013,-6.5498867,4.2684326,1685541268733,,0.8094728,1.1982121,-0.9171378,,,,,,0.39700592,0.079316996,0.14153047,0.23893881,-0.47018167,0.81932026,0.18208475
,,5.443087,-6.175164,4.609387,1685541268985,,0.37087157,0.37782016,-0.41011965,,,,,,0.059536282,0.07399632,-0.011070116,0.23634735,-0.44290823,0.83149177,0.19355865
,,5.4295106,-5.7440186,4.6074514,1685541269237,,-0.9235519,-0.8390234,0.8775843,,,,,,-0.057165932,0.3122663,-0.080343574,0.24399523,-0.43350455,0.833085,0.19500606
,,5.7803617,-6.4852233,4.6310654,1685541269489,,-1.321836,0.086437434,0.942336,,,,,,0.3047875,-0.035351895,0.34745082,0.24740507,-0.45719567,0.8250014,0.17870666
,,5.6046968,-6.8322344,4.5886774,1685541269741,,0.5101488,0.26236662,-0.28244883,,,,,,0.45695516,-0.061810493,0.4888806,0.23061284,-0.47448772,0.82086915,0.16923589
,,5.5563345,-6.5054255,4.6056757,1685541269992,,1.2334133,0.58184916,-0.9513463,,,,,,0.2890826,0.11899117,0.28087834,0.23211473,-0.46354407,0.8268702,0.17787498
,,5.533089,-6.2634416,4.8972898,1685541270246,,0.74838626,0.16890424,-0.5732207,,,,,,0.21636994,0.018363612,0.16357517,0.23117705,-0.4404629,0.83676,0.18970418
,,5.4523244,-5.7482686,4.969694,1685541270513,,-1.1385765,-1.1798862,0.5409975,,,,,,0.061408836,0.34557933,0.1597569,0.23695876,-0.4309366,0.83849037,0.19152729
,,5.7462034,-6.5085573,4.760342,1685541270768,,-1.108644,-0.20861048,1.4976125,,,,,,0.2503976,-0.11827504,0.42441237,0.24610043,-0.454071,0.8274606,0.18083921
52.48869345523417,13.414563545957208,5.5204206,-6.3082223,5.0598664,1685541271000,4.0,1.0507646,0.49021935,-0.512745,,,,,,0.19766684,-0.018623495,0.36145228,0.23675308,-0.43864304,0.83822423,0.1782627
,,5.582601,-6.7953033,4.709983,1685541271018,,0.9548587,-0.11759156,-0.45410195,,,,,,0.2715444,-0.119353674,0.72287375,0.2408997,-0.47372702,0.8183842,0.16953336
,,5.6738286,-6.6686497,4.770148,1685541271285,,1.1295662,0.8402451,-0.435776,,,,,,0.27927372,-0.092996724,0.5557472,0.2436253,-0.4626408,0.82504696,0.17081603
,,5.0770736,-5.8949533,5.174021,1685541271790,,-1.1019245,-0.7480045,-0.17432567,,,,,,-0.18487908,0.1747888,0.25447768,0.23410137,-0.42398864,0.84377736,0.18171136
,,5.3746033,-6.3851666,4.9153366,1685541272040,,-1.2198216,-0.4804455,1.382159,,,,,,-0.011443782,-0.071791396,0.3504548,0.24304453,-0.4419122,0.83534354,0.17348744
,,5.4120226,-6.820582,4.9158244,1685541272292,,-0.015806139,0.4804455,-0.27145323,,,,,,0.2675495,-0.16626294,0.6416425,0.23526607,-0.4618095,0.82799286,0.15900858
,,5.2778573,-6.643571,4.7587557,1685541272543,,1.0660362,-0.22204952,-0.60376394,,,,,,0.15857697,-0.03589708,0.40629926,0.23515037,-0.45874152,0.8300415,0.16033533
,,5.302837,-6.43735,4.9328437,1685541272795,,1.3714688,1.3991868,-0.28367054,,,,,,0.10255761,-0.03764283,0.39161614,0.23919933,-0.4459102,0.8353536,0.16559072
,,5.115521,-6.064782,4.881688,1685541273047,,-0.2149482,-0.66553766,-0.39851323,,,,,,-0.021043641,0.0636172,0.13211744,0.23839323,-0.42870808,0.84195286,0.1659713
,,5.2911954,-6.1238394,4.749039,1685541273301,,-1.136133,-1.135904,0.7456374,,,,,,0.08866075,0.048001423,0.043533627,0.24383977,-0.4306261,0.8414795,0.15905939
,,5.4146867,-6.5979795,4.609277,1685541273551,,-1.4043028,0.48288897,0.97471184,,,,,,0.38741252,-0.16510923,0.047841016,0.2390549,-0.44180688,0.8398934,0.14457896
,,5.152501,-6.4911294,4.5088706,1685541273825,,0.64392835,-0.13713925,-0.36247218,,,,,,0.2449753,0.020875549,-0.07934679,0.23167491,-0.44347438,0.8413923,0.14254956
52.48855310026556,13.414449216797948,5.171017,-6.140928,4.8007436,1685541274000,3.5,-0.8490263,-1.1365148,0.14210252,,,,,,0.21357289,-0.037562624,-0.36152652,0.2219299,-0.41573814,0.85182756,0.17141595
,,5.341344,-6.42473,4.6522126,1685541274076,,1.2938889,0.9630291,-0.6220899,,,,,,0.33558387,-0.011013619,-0.12613578,0.23258923,-0.43361908,0.8471121,0.146523
,,5.207021,-6.158086,4.707519,1685541274327,,0.7942012,0.473726,-0.39484802,,,,,,0.3157173,0.029464476,-0.40298557,0.22230524,-0.4176384,0.8544997,0.15783137
,,5.3541827,-6.5299253,4.546449,1685541274847,,-1.4892131,-0.34300083,1.281977,,,,,,0.34425837,-0.24224396,-0.30721894,0.2213469,-0.43366477,0.8430489,0.17730047
,,5.331757,-6.7296023,4.5771747,1685541275100,,0.06543894,0.18051068,-0.40462187,,,,,,0.52876097,-0.29063338,-0.08763067,0.20689361,-0.44945252,0.83649707,0.1812741
,,5.3907447,-6.595846,4.5717573,1685541275351,,0.640874,-0.30818152,-0.902477,,,,,,0.51977116,-0.2281087,-0.20031126,0.20060918,-0.44673747,0.8372918,0.19614969
,,5.337343,-6.358332,4.6873274,1685541275606,,0.9591348,1.457219,-0.17188221,,,,,,0.30078307,-0.2100971,-0.2242826,0.19953431,-0.43987137,0.83606833,0.21880095
,,5.1044574,-6.0411506,4.655725,1685541275858,,-0.3169627,-0.83658,-0.4180609,,,,,,-0.050870474,-0.0058347424,-0.32486978,0.20119838,-0.43708426,0.8317029,0.23638321
,,5.4479766,-6.161988,4.3566594,1685541276109,,-1.1850022,-1.1902709,0.9007972,,,,,,-0.05941194,-0.005394737,-0.21471752,0.21818393,-0.45608616,0.8181588,0.24061093
,,5.5540495,-6.590649,4.420584,1685541276360,,-0.58879775,-0.13958271,0.9716575,,,,,,-0.045141935,-0.16657355,0.3826359,0.22711064,-0.4809539,0.8021294,0.23315547
,,5.37216,-6.7132325,4.3791842,1685541276613,,1.0562624,0.13775012,-0.42478043,,,,,,-0.36760825,-0.23589905,0.59028846,0.23730738,-0.4880386,0.7942887,0.23037986
,,5.611041,-6.3630404,4.4816465,1685541276895,,1.0275517,1.6716328,-0.49808425,,,,,,-0.35492417,-0.089441046,0.6150963,0.25760353,-0.4752222,0.7979511,0.22455288
52.48842431232333,13.414318291470408,5.521238,-6.591955,4.7312317,1685541277000,3.5,-1.3377185,0.36010507,1.3784938,,,,,,-0.25413057,-0.25544107,0.9800555,0.26720873,-0.4629625,0.8140816,0.17706193
,,5.5039296,-6.0883355,4.464498,1685541277146,,0.62376976,-0.37782016,-0.4760931,,,,,,-0.33908716,-0.026068568,0.4212908,0.2570118,-0.45389643,0.81057817,0.21648797
,,5.312055,-6.237185,4.6338477,1685541277400,,-0.8655197,-1.0546589,1.1420889,,,,,,-0.61388475,-0.24206324,0.6818436,0.26764074,-0.4505159,0.8136587,0.20164149
,,5.5496397,-6.927863,4.7947783,1685541277902,,1.0287734,-0.37659842,-0.5090798,,,,,,0.16020454,-0.36135304,0.9061751,0.24843672,-0.46500129,0.82122904,0.1640217
,,5.5769134,-6.430017,4.659177,1685541278155,,0.808862,1.0503827,-0.79007787,,,,,,0.2111467,0.015579685,0.3445188,0.24085899,-0.44878957,0.8336584,0.17184873
,,5.3959713,-6.4042387,4.939269,1685541278406,,1.3061062,0.364992,-0.3777438,,,,,,0.21107179,-0.20862463,0.11011341,0.22091608,-0.42901185,0.84374815,0.19363159
,,5.2116084,-6.0936823,4.92227,1685541278658,,-1.136133,-1.5378532,0.36690095,,,,,,0.06315952,-0.1017155,-0.23077859,0.2134172,-0.4205372,0.8429848,0.21166073
,,5.8632803,-6.3652844,4.5143476,1685541278915,,-1.1831696,-0.35338554,1.2337188,,,,,,0.70125574,-0.08706895,-0.3568246,0.20819157,-0.4426408,0.83267397,0.21778686
,,5.76431,-6.9351134,4.4322963,1685541279171,,0.42401683,0.18600847,-0.43211082,,,,,,0.8572251,-0.38359892,-0.25517502,0.18638654,-0.46124896,0.8257703,0.22344951
,,5.7260823,-6.50352,4.3527985,1685541279426,,1.0733666,1.6038266,-0.9189704,,,,,,0.7549212,-0.08362452,-0.55347633,0.17954321,-0.4529331,0.8291372,0.24109058
,,5.79728,-6.351159,4.7591043,1685541279677,,0.9273698,1.4309518,-0.444939,,,,,,0.9366783,-0.2892388,-0.66803646,0.16628496,-0.4271476,0.8378899,0.26519454
,,5.49998,-5.946419,4.734045,1685541279937,,-1.0176251,-1.6832392,-0.41378483,,,,,,0.8926853,-0.1707215,-1.0298969,0.15240362,-0.40644446,0.84131485,0.28221795
52.48827327042818,13.414180744439363,5.8631306,-7.1788344,4.599151,1685541280000,3.5,1.375134,1.1016954,-1.4699708,,,,,,1.9805748,-0.782521,-1.3008703,0.07987984,-0.42139992,0.83316976,0.3190498
,,5.8886495,-6.6708546,4.8115373,1685541280188,,-1.2705233,0.35827246,0.6466772,,,,,,1.3114182,-0.5928971,-0.7615951,0.14499064,-0.42428645,0.8337467,0.2863173
,,5.8289533,-7.3172183,4.7607007,1685541280442,,-0.061621033,0.98746365,-0.29405525,,,,,,1.7095304,-0.84108377,-0.7699212,0.110275604,-0.43560752,0.83179176,0.28902143
,,5.819955,-6.8898444,4.82693,1685541280954,,0.8821658,0.8970556,-0.39790234,,,,,,2.1315594,-0.92200017,-1.6637251,0.05369244,-0.38942334,0.8250303,0.37496927
,,5.4461102,-6.6259236,4.5979543,1685541281215,,-1.213102,-1.45783,-0.4705953,,,,,,2.1056535,-0.99750364,-2.1330953,0.031655338,-0.36852482,0.8019735,0.42932755
,,5.747809,-7.039103,4.365367,1685541281489,,-1.6193274,0.040011674,0.64484465,,,,,,2.1441596,-1.128931,-2.027394,0.01689536,-0.39572516,0.7653864,0.46852583
,,5.585882,-7.5936995,4.1059656,1685541281740,,0.09292787,-0.00580322,-0.1614975,,,,,,2.149867,-1.2705038,-1.8953651,-0.02891943,-0.4171688,0.7317042,0.5013759
,,5.486603,-7.3649735,4.1097865,1685541281990,,0.8656724,0.9025534,-0.93240947,,,,,,1.9454863,-1.1426231,-1.8885092,-0.057916403,-0.41393584,0.6991969,0.553282
,,5.3405256,-6.9411197,4.3215237,1685541282242,,1.1607203,0.97524637,-0.30749428,,,,,,1.5502702,-1.0688767,-1.9187658,-0.0685948,-0.39817965,0.66097444,0.61284584
,,4.951688,-6.5585074,4.373169,1685541282495,,-0.83253294,-1.8683313,-0.14989106,,,,,,0.9562412,-0.90806556,-1.8982061,-0.0714235,-0.39593285,0.62244564,0.651824
,,5.4154954,-6.674067,4.524652,1685541282764,,-1.1483504,-0.121256754,1.1622475,,,,,,0.6413895,-0.76647174,-1.1573049,-0.07088013,-0.44008958,0.58318543,0.66228294
,,5.4942746,-7.27583,4.4528165,1685541283020,,-0.50083315,0.45173484,-0.15722144,,,,,,0.57465136,-0.9765413,-0.4752217,-0.0944596,-0.47473258,0.5525354,0.65919125
,,5.555246,-7.0091147,4.4831624,1685541283273,,1.5309047,-0.6771441,-1.0234283,,,,,,0.280283,-0.8043281,-0.106883496,-0.09530748,-0.4898368,0.52583295,0.66977
,,5.5966563,-6.75533,4.779515,1685541283524,,1.5590044,0.9104946,0.1689806,,,,,,-0.1277499,-0.9276586,0.17912954,-0.073962234,-0.4927004,0.5091498,0.6848751
52.48827720992267,13.413747819140553,5.2390223,-6.3132305,4.861885,1685541284000,3.5,-1.0041862,-1.9343048,0.2862667,,,,,,-0.79426247,-0.8268077,0.26997095,-0.047687005,-0.4943248,0.51060957,0.683569
,,5.663464,-6.6198573,4.716238,1685541284037,,-1.2638038,-0.09865474,1.4383585,,,,,,-0.8455494,-0.88250524,0.83765626,-0.031704303,-0.53507614,0.5140023,0.6546617
,,5.557072,-7.538054,4.5803275,1685541284290,,0.65553474,0.19883664,-0.4107305,,,,,,-0.7391321,-1.3088199,1.2336663,-0.044162862,-0.5581862,0.52561307,0.6227306
,,5.512051,-7.2556973,4.524462,1685541284548,,1.2529609,1.1725558,-0.63919413,,,,,,-0.800476,-1.0787435,0.98125535,-0.028394798,-0.55272853,0.5444694,0.61329085
,,5.422897,-6.7325544,4.750575,1685541284799,,1.0281626,0.25259277,-0.444939,,,,,,-0.7732868,-0.9519106,0.47898546,-0.0026478018,-0.5196327,0.57177436,0.6186208
,,5.122564,-6.0538282,4.474264,1685541285051,,-1.1055897,-1.5335772,0.7205919,,,,,,-0.92318434,-0.5328739,-0.17324993,0.011961132,-0.4974829,0.5924073,0.6152754
,,5.5863614,-6.6174746,4.392861,1685541285303,,-1.4409548,0.9605856,1.5202146,,,,,,-0.47327632,-0.63726467,0.2383449,0.006775699,-0.5238422,0.5996204,0.5883427
,,5.5133185,-7.428819,4.3323474,1685541285555,,0.9768499,0.73273283,-0.6508006,,,,,,-0.09001015,-0.9386535,0.39836243,-0.020157635,-0.5329655,0.61013263,0.5669625
,,5.435975,-6.8621807,4.366096,1685541285830,,1.3739123,1.5262468,-0.45837802,,,,,,-0.14469261,-0.50339186,-0.045763556,-0.009799269,-0.5140067,0.62417597,0.57264835
,,5.177232,-6.2465916,4.9132814,1685541286082,,-0.0622319,-1.5457945,-0.490143,,,,,,-0.230465,-0.39669567,-0.1952355,0.0038054665,-0.47570696,0.63876915,0.5879085
,,5.107959,-5.930458,4.815657,1685541286333,,-1.3151165,-1.3723087,0.8635344,,,,,,-0.49442074,-0.19638896,-0.1930079,0.019860964,-0.47957566,0.641568,0.58091676
,,5.545888,-7.0001674,4.8672233,1685541286585,,-0.53259814,0.7113526,0.7523569,,,,,,-0.09694756,-0.69653356,0.5844633,0.011819498,-0.51780885,0.6398865,0.55058223
52.48832984827459,13.413440706208348,5.4659214,-7.3738217,4.731541,1685541287000,3.5,0.9548587,-0.20250183,-1.0362566,,,,,,0.052610602,-0.79948163,0.6225367,-0.0020505653,-0.5254786,0.6431004,0.5382151
,,5.5421476,-6.6500454,4.848777,1685541287091,,1.5980998,2.0393736,-0.3282637,,,,,,-0.068882495,-0.5130573,0.21160187,0.020729,-0.5036797,0.6505034,0.5526867
,,5.307894,-5.9728546,5.0228558,1685541287345,,-0.9602038,-1.1798862,-0.12118039,,,,,,-0.22398992,-0.4218064,-0.1507767,0.034272533,-0.46988124,0.6567489,0.5697414
,,5.5038114,-6.221792,4.695159,1685541287596,,-1.7488308,-0.0888809,1.5758033,,,,,,-0.22657384,-0.5340038,-0.22793293,0.040627133,-0.49013317,0.6490071,0.5630827
,,5.850282,-7.318047,4.647345,1685541287846,,0.47777298,-0.18051068,-0.5591708,,,,,,0.358502,-1.0196567,0.29287234,0.011833534,-0.51911503,0.6425477,0.54419744
,,5.744369,-7.1640897,4.5733542,1685541288100,,0.8833875,0.11942416,-1.1559861,,,,,,0.27519494,-0.8622112,0.15733035,0.005796167,-0.51672035,0.6400125,0.55049294
,,5.6880956,-6.597053,4.835449,1685541288351,,1.3128258,-0.13897185,-0.19753855,,,,,,0.010178026,-0.80770165,-0.083375074,0.02376947,-0.49213904,0.6388651,0.57506025
,,5.2852793,-6.104057,4.6792774,1685541288602,,-0.7207446,-1.0509937,0.92767525,,,,,,-0.47452185,-0.67570597,-0.44212866,0.03543817,-0.47636425,0.6365833,0.58788276
,,5.6894517,-6.784678,4.3711243,1685541288854,,-1.4812719,0.6765333,1.5758033,,,,,,-0.33898655,-0.94949645,-0.112681866,0.038226362,-0.51268417,0.63007736,0.56745136
,,5.7525983,-7.333848,4.212767,1685541289106,,0.60544384,-0.11453723,-0.6147595,,,,,,-0.053634364,-0.99241334,0.2872008,0.014934065,-0.5345676,0.62976676,0.5463458
,,5.7209945,-6.934257,4.2561827,1685541289357,,1.2095896,1.3991868,-0.902477,,,,,,-0.21535976,-0.7769559,0.12025189,0.026665768,-0.52599156,0.63284224,0.5530056
,,5.406276,-6.2809987,4.484131,1685541289607,,0.124692865,-0.64721173,-0.48036915,,,,,,-0.51907796,-0.6221929,-0.26532996,0.040595435,-0.49355093,0.6402483,0.57187617
52.48836454935372,13.4131427295506,5.3445063,-6.0759554,4.2869086,1685541290000,3.5,-1.2729669,-1.4804319,1.377883,,,,,,-0.6968839,-0.5348642,-0.409066,0.05142607,-0.49417785,0.6402826,0.5695179
,,5.85539,-7.217541,4.356479,1685541290144,,-0.43608144,-0.15668693,0.3027601,,,,,,-0.1734471,-1.0534827,0.48249552,0.039603766,-0.5362113,0.6340568,0.5385775
,,5.9153137,-7.4258356,4.2944694,1685541290400,,0.7740426,0.90194255,-0.1474476,,,,,,0.017290967,-0.9830495,0.779607,0.029838135,-0.5527068,0.630955,0.52397853
,,5.9464383,-7.001743,4.503823,1685541290653,,1.2651783,1.8866574,0.11522446,,,,,,-0.23580018,-0.99167335,0.58252394,0.056762267,-0.5368902,0.63594496,0.53380775
,,5.519443,-6.15208,4.609826,1685541290904,,-0.9192758,-0.6814202,0.33696854,,,,,,-0.6401395,-0.6509339,0.12986054,0.07438167,-0.50424296,0.6494581,0.54311615
,,5.7893896,-6.203576,4.478215,1685541291156,,-1.0658835,0.074830994,1.5519795,,,,,,-0.49243075,-0.48361638,0.33333895,0.08388851,-0.5213401,0.6559209,0.52013075
,,6.073441,-7.1511517,4.512542,1685541291419,,0.8785006,0.31978795,-0.834671,,,,,,0.19385728,-0.765362,0.77677304,0.060323667,-0.5439226,0.665875,0.48707682
,,5.9090195,-6.6216335,4.3574076,1685541291671,,0.9273698,0.6575964,-1.1773664,,,,,,0.18537657,-0.24379878,0.2528662,0.056624334,-0.5285751,0.6788733,0.48916665
,,5.437511,-6.0790176,4.701564,1685541291946,,0.66164345,-0.364992,-0.21158844,,,,,,-0.20129924,-0.18920556,-0.23434371,0.06250987,-0.48712096,0.6912585,0.5142693
,,5.0711684,-5.5539303,4.7504163,1685541292197,,-1.0121274,-1.7913623,1.0822241,,,,,,-0.4458795,0.08860826,-0.49696165,0.062547036,-0.46504876,0.6967297,0.52568984
,,5.508061,-6.427215,4.634047,1685541292450,,-1.1184179,0.48349985,1.2239449,,,,,,-0.034222126,-0.27591035,-0.030449342,0.05337166,-0.49809685,0.6899576,0.5062398
,,5.547795,-7.2281857,4.6792974,1685541292701,,1.1191815,-0.49571714,-1.2305117,,,,,,0.36333603,-0.622298,0.32545123,0.024169462,-0.5145982,0.6861059,0.49512196
52.488422468304634,13.412839556112885,5.3676405,-6.6693783,4.6112123,1685541293000,3.5,0.98112595,1.9734001,-0.46998444,,,,,,0.043640073,-0.36789495,-0.11462016,0.031067062,-0.49701348,0.685929,0.515247
,,5.1607714,-6.04893,4.86015,1685541293204,,-0.69753176,-1.9422461,-0.2757293,,,,,,-0.1081609,-0.26344225,-0.44525316,0.035751563,-0.46389046,0.6854275,0.542606
,,5.4304585,-5.9993696,4.7785773,1685541293453,,-1.0524445,-0.74067414,1.5611424,,,,,,-0.044858925,-0.1485988,-0.25322366,0.040699497,-0.4788775,0.6766404,0.5406498
,,5.781548,-6.908888,4.544644,1685541293706,,0.71356696,-0.754724,-0.23602305,,,,,,0.48329931,-0.38708404,0.20135821,0.014945167,-0.5153146,0.66820663,0.51821405
,,5.5832887,-6.888298,4.345436,1685541293959,,1.4331663,1.3271047,-0.83344924,,,,,,0.46744654,-0.22148956,0.005611948,-0.0038620653,-0.5157245,0.66440934,0.5232961
,,5.5155225,-6.221972,4.439059,1685541294210,,1.0642036,-0.183565,-0.61964643,,,,,,0.2632314,-0.04707473,-0.49201202,0.0055987337,-0.486323,0.661495,0.55540675
,,5.3072176,-5.591368,4.4843893,1685541294462,,-1.2045499,-1.1517864,1.1103239,,,,,,-0.044614386,0.19352075,-0.70139986,0.0142164985,-0.470667,0.6536123,0.575408
,,5.550977,-6.3672,4.194582,1685541294736,,-0.99868834,0.5317582,1.3540592,,,,,,-0.009140206,-0.16828932,-0.32451737,0.012029302,-0.5071288,0.6439545,0.5568346
,,5.546977,-7.0568295,4.031287,1685541294987,,0.7832056,0.6960809,-0.4724279,,,,,,0.34542364,-0.32984295,-0.10326236,-0.017967433,-0.52539617,0.64270675,0.54003644
,,5.6449704,-6.6880236,4.20784,1685541295237,,1.3952925,1.6300939,-0.6666831,,,,,,0.3644376,-0.2536222,-0.36834633,-0.011665068,-0.50520045,0.6439087,0.55993456
,,5.144082,-6.041389,4.3693085,1685541295491,,-0.6773732,-1.2654073,0.19341521,,,,,,-0.15413736,-0.30386773,-0.906413,0.0025399972,-0.46848673,0.6432817,0.5896841
,,5.2288465,-6.0938916,4.094903,1685541295755,,-1.7341701,-0.44868052,1.876349,,,,,,-0.2605404,-0.35760278,-0.96925735,0.0089762,-0.47961017,0.6367988,0.58755934
52.48847196344286,13.412531772628427,5.5717263,-7.1841006,4.3463244,1685541296000,4.0,0.9750173,0.18417588,-0.9189704,,,,,,0.287507,-0.74368197,0.0047839563,-0.0214072,-0.5153356,0.6302254,0.5627451
,,5.6007752,-7.1096425,4.5157743,1685541296262,,0.91026556,1.7058412,-1.1865294,,,,,,0.40480193,-0.5918181,0.14266671,-0.033914533,-0.514168,0.62596786,0.56916547
,,5.417051,-6.4044495,4.5611043,1685541296513,,-0.026801713,-1.7626517,-0.7876344,,,,,,-0.117893375,-0.5485084,-0.4399534,-0.015022702,-0.484274,0.62009126,0.6024932
,,5.108678,-5.9339685,4.524144,1685541296778,,-1.1501828,-1.0656544,1.3980415,,,,,,-0.72265184,-0.40052417,-0.45803222,0.0018190007,-0.48406938,0.6082276,0.6135538
,,5.8817244,-6.8051786,4.5334706,1685541297029,,-0.035353824,0.43585235,0.061468314,,,,,,-0.063271604,-0.59582967,0.45319137,-0.010242401,-0.52936167,0.5998891,0.5847214
,,6.0069523,-7.1888304,4.52957,1685541297281,,1.066647,-0.050396383,-1.3227524,,,,,,0.23935395,-0.57986337,0.8312493,-0.029125568,-0.54725766,0.5978425,0.569904
,,5.9040127,-6.562727,4.3995657,1685541297534,,1.135064,0.54702985,-0.72471523,,,,,,-0.093301885,-0.4503927,0.17724726,-0.0068447995,-0.52388674,0.5990025,0.5919763
,,5.4306383,-5.841623,4.1877484,1685541297786,,-0.98280585,-1.8274034,0.9533316,,,,,,-0.66561896,-0.30084202,-0.5316277,0.013397366,-0.4968205,0.5990002,0.6123275
,,5.7126145,-6.238122,4.061654,1685541298037,,-1.5741234,0.72173727,1.5916858,,,,,,-0.39715037,-0.34760645,-0.104695775,0.014599068,-0.524187,0.59779483,0.5908826
,,6.048212,-7.31651,3.9707437,1685541298288,,0.97562814,-0.29168814,-0.74731725,,,,,,0.25933838,-0.8081356,0.33895746,-0.013151366,-0.54890555,0.6001366,0.56477267
,,5.9664907,-6.954667,4.0451236,1685541298540,,1.4679855,1.5176947,-0.44982588,,,,,,0.038405888,-0.6776653,0.14934635,-0.0019232308,-0.53784186,0.6012808,0.57588
,,5.4614534,-6.177459,4.1165404,1685541298790,,-0.6694319,-1.2935071,0.29848403,,,,,,-0.59818137,-0.5326844,-0.42913252,0.021211468,-0.50478894,0.6045227,0.6004244
52.4885072093457,13.412220301106572,5.475489,-6.233722,3.9378934,1685541299000,4.5,-0.8838456,-0.38820487,2.0883193,,,,,,-0.7295606,-0.5922107,-0.40452394,0.032204296,-0.5139099,0.60528547,0.59093827
,,6.075277,-7.2679887,4.2439623,1685541299291,,0.73006034,0.45662177,-0.7503716,,,,,,0.09309168,-0.8749367,0.64133555,0.011255201,-0.5513971,0.6106345,0.55201054
,,6.0835767,-7.395758,4.269091,1685541299557,,0.85528773,1.4315627,-1.0948995,,,,,,0.2744288,-0.8607153,0.61320746,0.0054715974,-0.5494159,0.6196973,0.54412425
,,5.530975,-6.4424376,4.3848906,1685541299833,,-0.13859005,-0.93187493,-0.426613,,,,,,-0.34913838,-0.5119218,-0.06782896,0.028089529,-0.5102859,0.6316205,0.56691194
,,5.126804,-6.045619,4.0822635,1685541300086,,-1.7231745,-1.5018122,1.5037211,,,,,,-0.71380776,-0.34236488,-0.57477635,0.039583996,-0.49428627,0.6374715,0.57310075
,,5.5990505,-7.042215,4.14174,1685541300338,,0.0978148,0.1872302,-0.24457517,,,,,,-0.094596006,-0.67935574,0.20571849,0.022173297,-0.530672,0.6387881,0.5391514
,,5.629457,-7.4033604,4.095472,1685541300590,,1.1283444,0.13897185,-0.75281507,,,,,,0.26033556,-0.60315627,0.38956568,-0.0023079973,-0.542268,0.6419171,0.5248646
,,5.2982388,-6.8149247,4.1514363,1685541300854,,1.0354929,0.24953845,-0.67706776,,,,,,-0.14695199,-0.44360402,-0.17423521,0.007514368,-0.51272494,0.6455783,0.5501365
,,4.966312,-5.926068,4.1597357,1685541301106,,-1.1984413,-2.0357084,0.7419722,,,,,,-0.53506243,-0.06897204,-0.69492286,0.0203748,-0.4839775,0.6463422,0.5728961
,,5.492348,-6.563435,4.096928,1685541301386,,-0.5778022,0.17989981,0.5733734,,,,,,-0.069368795,-0.101528086,-0.17986695,0.014147035,-0.5164996,0.6404522,0.55095774
,,5.7514906,-7.1380544,4.135864,1685541301637,,0.4667774,0.027183503,-0.7625889,,,,,,0.52489483,-0.19286841,0.30148554,-0.010663632,-0.54269624,0.6422659,0.5234676
,,5.675185,-6.6842723,4.3276496,1685541301889,,1.1717159,2.0534234,-0.5952118,,,,,,0.38847575,-0.006693395,0.05308873,-8.9270127E-4,-0.5227421,0.6495977,0.5361012
52.488558045588434,13.411885360255837,5.204286,-5.9140964,4.462592,1685541302000,4.5,-0.74884444,-1.5360206,0.14943291,,,,,,-0.13136032,0.16855069,-0.53335136,0.0171048,-0.4853526,0.6562358,0.5606567
,,5.3763585,-5.935006,4.2103734,1685541302397,,-1.4440091,-0.14874569,1.7437912,,,,,,-0.14919268,0.17318457,-0.5293619,0.027746929,-0.4979724,0.653971,0.55174714
,,5.8534536,-7.247876,4.4517293,1685541302648,,1.5186874,0.07971791,-0.8694903,,,,,,0.53150946,-0.44054967,0.4751914,0.005502965,-0.53630453,0.65159816,0.5186648
,,5.651133,-6.9980817,4.3455763,1685541302908,,0.8613964,1.5488489,-0.6642396,,,,,,0.3831702,-0.3780669,0.25117555,0.0033603325,-0.52928793,0.655851,0.52197725
,,5.451288,-6.32585,4.6268253,1685541303158,,-0.1483639,-1.2886202,-0.5457317,,,,,,-2.1313032E-4,-0.22673517,-0.19792987,0.019917695,-0.4922166,0.6606601,0.5510453
,,5.256231,-5.8511286,4.459131,1685541303411,,-1.3468815,-1.1817188,1.4701235,,,,,,-0.35066003,-0.010351388,-0.4611474,0.0320065,-0.48557574,0.65756947,0.5590391
,,5.8869925,-6.801428,4.420345,1685541303661,,-0.104992464,0.16401732,-0.043600507,,,,,,0.3359989,-0.35475767,0.26651984,0.018595336,-0.5248799,0.65407914,0.5277495
,,5.8464417,-7.2351985,4.456507,1685541303912,,0.9139308,0.030848695,-1.0099894,,,,,,0.6362995,-0.42592666,0.50627154,-0.0022329993,-0.5349049,0.6572431,0.5138477
,,5.676782,-6.488994,4.4614553,1685541304168,,1.0196104,0.93554014,-1.061302,,,,,,0.35322577,-0.113261506,-0.10642349,0.011262835,-0.505916,0.66347665,0.5364782
,,5.4151554,-5.7939177,4.422919,1685541304419,,-1.0493901,-1.4236214,0.96249455,,,,,,0.04433051,0.102539375,-0.606707,0.023511069,-0.4799116,0.66424114,0.55615246
,,5.733535,-6.3600073,4.246845,1685541304671,,-1.3810899,0.68936145,1.4200326,,,,,,0.2290401,-0.11977193,-0.22608452,0.02256107,-0.50936645,0.65810317,0.53792536
,,5.885108,-7.2299314,4.2172565,1685541304924,,0.85650945,-0.1572978,-0.71188706,,,,,,0.7064095,-0.38563767,0.29022992,-0.0062521007,-0.5360413,0.65498465,0.5152697
52.48861462343484,13.41158302500844,5.80546,-6.849731,4.2913375,1685541305000,4.5,1.3067172,1.5445728,-0.55794907,,,,,,0.51079756,-0.22979547,0.05891238,5.4563244E-4,-0.52262616,0.6557938,0.52984405
,,5.4716887,-6.02847,4.4565477,1685541305429,,-0.6840927,-1.2867876,-0.10224357,,,,,,-0.03362913,-0.023104532,-0.38151202,0.019979168,-0.49090222,0.65553206,0.55811113
,,5.4428687,-5.968436,4.3086457,1685541305684,,-1.2845732,-0.48349985,1.8250363,,,,,,-0.31638,-0.047940057,-0.2938883,0.03357887,-0.5020672,0.6473525,0.55650777
,,5.8837605,-7.106999,4.3936305,1685541305954,,1.0739775,-0.0571159,-0.6165921,,,,,,0.30149153,-0.48909342,0.5867186,0.011117967,-0.54202867,0.64232796,0.5249525
,,5.7751145,-7.1189,4.4242954,1685541306205,,1.1643856,1.625207,-0.6141486,,,,,,0.30073023,-0.3942994,0.62877697,0.0037100657,-0.54297024,0.64397687,0.52245384
,,5.506853,-6.4271855,4.6848845,1685541306455,,0.19005544,-0.38453966,-0.55428386,,,,,,-0.114757925,-0.27955425,0.18119393,0.023715831,-0.50826705,0.65092003,0.54784566
,,5.1341267,-5.881496,4.642028,1685541306715,,-1.4275157,-1.3558154,1.2728142,,,,,,-0.5839137,-0.07435629,-0.11675077,0.036287732,-0.49326247,0.6512344,0.5588778
,,5.637189,-6.8030744,4.6341963,1685541306967,,-0.04390594,0.19211712,-0.036270123,,,,,,-0.0034498533,-0.41008887,0.5787223,0.022977233,-0.5292165,0.64853793,0.52923685
,,5.694888,-7.2620726,4.571718,1685541307219,,0.62804586,0.21655174,-1.0448086,,,,,,0.38123125,-0.418832,0.76365346,-5.455001E-4,-0.5416333,0.6530341,0.5120806
,,5.53278,-6.648588,4.8264904,1685541307470,,1.1124619,0.9636399,-0.76564324,,,,,,0.07403512,-0.25895658,0.38451737,0.014848365,-0.51343876,0.65921444,0.53430504
,,4.986972,-5.9724154,4.8747644,1685541307729,,-1.1636219,-1.8121318,0.8794169,,,,,,-0.55559945,-0.14904128,-0.12023473,0.029629331,-0.48309326,0.6593513,0.55902076
,,5.424982,-6.449281,4.5408926,1685541307985,,-1.185613,0.5543602,1.4243087,,,,,,-0.2746435,-0.3353792,0.117068976,0.031098472,-0.5121147,0.6514137,0.54187113
52.488671243190765,13.411268284544349,5.721564,-7.3809156,4.4486256,1685541308000,4.0,0.6335436,0.0693332,-0.87315553,,,,,,0.29564422,-0.6288878,0.67305374,0.006539431,-0.54419047,0.64863485,0.5137466
,,5.555077,-7.0023127,4.403605,1685541308488,,1.5638914,1.752267,-0.43455425,,,,,,0.04528443,-0.42322218,0.3741457,0.013202165,-0.5326353,0.6514835,0.52366745
,,5.1882653,-6.108357,4.6090374,1685541308740,,-0.88873255,-1.3271047,-0.1511128,,,,,,-0.3719631,-0.13869183,-0.14228362,0.030528001,-0.4972506,0.6561989,0.5494772
,,5.204226,-6.082559,4.407666,1685541308994,,-1.3334424,-0.51893,1.7737236,,,,,,-0.5244656,-0.1605575,-0.17284927,0.04026573,-0.5036694,0.6524567,0.547247
,,5.8803883,-7.0809107,4.421732,1685541309246,,0.88827443,0.10170906,-0.65874183,,,,,,0.33389586,-0.44642755,0.62800187,0.02008593,-0.54369706,0.6504767,0.5123378
,,5.757248,-7.1167545,4.3846216,1685541309496,,0.9646326,1.0381655,-0.9922742,,,,,,0.39639527,-0.330972,0.5579164,0.009521364,-0.5428686,0.65536314,0.50787765
,,5.5578904,-6.3865037,4.6858315,1685541309753,,0.40324742,-0.3436117,-0.44677156,,,,,,0.06533261,-0.12985356,0.1592702,0.025054194,-0.5090754,0.6609829,0.53506047
,,5.364428,-5.7288465,4.648153,1685541310007,,-1.5050956,-1.5800029,1.2715924,,,,,,-0.20004977,0.21396361,-0.20033436,0.03484263,-0.49069545,0.66147196,0.549363
,,5.9120927,-6.781138,4.4443865,1685541310258,,-0.25465444,0.9654725,0.3693444,,,,,,0.30088502,-0.2901574,0.35836428,0.024921365,-0.5277666,0.6557347,0.522633
,,5.888879,-7.3213797,4.323709,1685541310509,,1.0721449,0.118202426,-1.1388819,,,,,,0.6147868,-0.34539673,0.5906068,-0.001109667,-0.5449893,0.6557821,0.5052862
,,5.7715526,-6.7638392,4.591391,1685541310760,,1.3989577,1.2983941,-0.4724279,,,,,,0.34844494,-0.13633198,0.3740969,0.007367601,-0.52320963,0.6558955,0.5292753
52.48870389070362,13.410937869921327,5.4077535,-6.276659,4.5624814,1685541311000,4.0,-1.4073572,0.75900006,1.7914387,,,,,,-0.20749256,-0.032831963,-0.011914928,0.020938866,-0.51516,0.6411564,0.55148697
,,5.2165375,-5.9743414,4.893878,1685541311013,,-0.9742537,-1.8170186,0.5092325,,,,,,-0.25189656,0.026318956,-0.14175054,0.019865967,-0.49208826,0.6511788,0.56068844
,,5.635841,-7.3382983,4.581584,1685541311526,,0.8656724,-0.34116822,-0.7173849,,,,,,0.33254007,-0.49737868,0.67741036,-0.009616966,-0.54769224,0.6338041,0.5283615
,,5.496728,-7.075974,4.7084174,1685541311780,,1.4985288,1.4187346,-0.48098,,,,,,0.16577816,-0.33249405,0.61272913,-0.013476864,-0.53942627,0.63045377,0.5423244
,,5.1252775,-6.252578,4.838123,1685541312031,,-0.41286856,-1.0900891,-0.23724478,,,,,,-0.3274861,-0.13706328,0.023376402,0.0050245672,-0.5025751,0.6345147,0.5710171
,,4.9515076,-6.0511246,4.4392195,1685541312283,,-1.4177419,-0.74189585,1.4890604,,,,,,-0.6434479,-0.11068486,-0.39560688,0.021546101,-0.49950472,0.6387718,0.5669249
,,5.5924754,-7.024178,4.3026605,1685541312534,,0.28107437,0.28619036,-0.43638685,,,,,,0.09997334,-0.3526992,0.499015,0.010603032,-0.53949136,0.6439415,0.5224604
,,5.5839276,-7.259938,4.2125583,1685541312791,,0.83757263,0.06994407,-1.1083386,,,,,,0.3350425,-0.37797165,0.5633688,0.002758266,-0.5460679,0.65309006,0.5036485
,,5.474283,-6.686107,4.436187,1685541313043,,1.0000628,0.2929099,-0.5634468,,,,,,0.010352771,-0.26105154,0.18794164,0.026806265,-0.51922476,0.6636204,0.5192338
,,4.912802,-5.946169,4.552305,1685541313294,,-1.1184179,-1.5726726,1.0131963,,,,,,-0.6235508,0.024894556,-0.12940557,0.045123663,-0.49504185,0.67067266,0.53056973
,,5.4358053,-6.5004473,4.412613,1685541313544,,-1.2644147,0.6062838,1.454852,,,,,,-0.24510996,-0.11108942,0.39658567,0.046897937,-0.52909523,0.6678722,0.5030258
,,5.6363897,-7.2286325,4.5155735,1685541313799,,0.8045859,0.20311269,-0.85116434,,,,,,0.3069791,-0.28156874,0.9924977,0.021280704,-0.55361617,0.6663943,0.47932252
52.48876101337373,13.410616088658571,5.235181,-6.051295,4.875852,1685541314000,3.5,-0.6755406,-1.3503176,-0.038713586,,,,,,-0.35724962,0.07056531,0.28221148,0.03521437,-0.50274885,0.6653516,0.53348833
,,5.53703,-6.836622,4.5826116,1685541314049,,1.2273046,1.611768,-0.56833375,,,,,,0.06742134,-0.14411019,0.6847529,0.02537617,-0.5372561,0.66605586,0.50033057
,,5.2353306,-5.9448233,4.7107916,1685541314555,,-1.2033281,-0.36987892,1.8409188,,,,,,-0.5494728,0.13472226,0.31609637,0.042096972,-0.5122348,0.6582981,0.532607
,,5.9398346,-6.991379,4.5897055,1685541314809,,0.70868003,-0.06078109,-0.8420014,,,,,,0.39759132,-0.15616597,0.88836044,0.021024503,-0.54847497,0.6562727,0.49982053
,,5.829781,-7.1475706,4.629778,1685541315063,,1.0177778,1.5561792,-1.0264827,,,,,,0.44863442,-0.20753698,0.88593304,0.010114431,-0.5476606,0.6573271,0.50056005
,,5.5820513,-6.407821,4.874725,1685541315314,,0.43440154,-0.5702427,-0.65813094,,,,,,0.065388285,-0.014950347,0.41173604,0.022020666,-0.51245135,0.6597958,0.5333125
,,5.211389,-5.7851195,4.525151,1685541315568,,-1.5179238,-1.5622878,1.5043321,,,,,,-0.40307808,0.22314304,-0.2368076,0.03351837,-0.49506727,0.6580155,0.5488355
,,5.7888308,-6.726709,4.330871,1685541315834,,-0.35850155,0.5335908,0.28565586,,,,,,0.16477793,-0.22024035,0.28989416,0.027737668,-0.53118694,0.6541237,0.51929927
,,5.8082933,-7.2820344,4.1615915,1685541316086,,0.6549239,0.7144069,-0.6679048,,,,,,0.5120346,-0.30333683,0.5002307,0.005914365,-0.54921067,0.6543469,0.49985692
,,5.5940027,-6.8115635,4.3635325,1685541316339,,1.4032339,0.74128497,-0.12606731,,,,,,0.08934701,-0.24246813,0.33202475,0.016334502,-0.53171116,0.65338224,0.52160114
,,5.125665,-5.9271064,4.5078435,1685541316591,,-0.9528734,-1.3539828,0.22762366,,,,,,-0.45869735,0.06899662,-0.13898014,0.029683733,-0.498539,0.6566506,0.54646605
,,5.320316,-6.2065988,4.24039,1685541316841,,-1.1654545,-0.25137106,1.8726838,,,,,,-0.48076776,-0.07795039,0.0049492517,0.041449938,-0.51884675,0.6543646,0.53016603
52.48880635946989,13.410300929099321,5.554099,-7.007429,4.4736257,1685541317000,4.0,0.9689086,1.0296134,-1.0955105,,,,,,0.11518685,-0.17261167,0.7659766,0.017043864,-0.5463665,0.66090584,0.49626604
,,5.762874,-7.27925,4.4989142,1685541317092,,1.2938889,-0.10048734,-0.63980496,,,,,,0.25388077,-0.46709737,0.964409,0.020555366,-0.5537383,0.6552594,0.4940081
,,5.4442954,-6.3103666,4.74436,1685541317597,,0.47594038,-0.16523905,-0.6782895,,,,,,-0.09830243,0.0034375906,0.33227003,0.030465666,-0.512049,0.66631764,0.5238901
,,5.233426,-5.771233,4.392931,1685541317847,,-1.3554336,-1.2916746,1.4560736,,,,,,-0.40869698,0.21897443,-0.2520259,0.042606134,-0.4982434,0.6662436,0.53438884
,,5.8716,-6.714029,4.2693706,1685541318100,,-0.705473,0.6239988,0.90446234,,,,,,0.24014984,-0.17907222,0.3296917,0.03565744,-0.5349115,0.66192573,0.5058757
,,5.8400865,-7.0618377,4.2551546,1685541318351,,0.6329327,-0.06994407,-0.8450557,,,,,,0.5842292,-0.110869564,0.57795346,0.009876867,-0.54779637,0.6624332,0.49112564
,,5.785498,-6.674615,4.308615,1685541318602,,1.2419654,1.7345519,-0.33498323,,,,,,0.35613552,-0.029743306,0.1951718,0.018875968,-0.52858436,0.66437846,0.5120267
,,5.3267198,-5.950479,4.6766443,1685541318867,,-0.7922159,-1.3741413,0.06452264,,,,,,-0.107444786,0.16584228,-0.03406054,0.026085567,-0.49683553,0.6635025,0.5403658
,,5.3848977,-6.203956,4.5145264,1685541319119,,-1.1721741,-0.41325033,1.67232,,,,,,-0.23384531,3.65146E-4,0.117589794,0.03279253,-0.51282984,0.6581209,0.5324447
,,5.8266597,-7.2245736,4.6693015,1685541319370,,0.94630665,0.11881329,-0.8316167,,,,,,0.5088804,-0.36082223,0.92080814,0.0086883325,-0.54506373,0.6573508,0.5014707
,,5.696814,-7.1232986,4.535307,1685541319622,,1.0122801,0.8023715,-1.1095604,,,,,,0.45855686,-0.21857558,0.70525324,0.0010031334,-0.541935,0.65801847,0.50525993
,,5.499441,-6.598709,4.86822,1685541319885,,0.8607855,-0.13225232,-0.3618613,,,,,,0.042863473,-0.19843441,0.45579988,0.015321966,-0.5141507,0.65699613,0.5355014
52.48883510939777,13.409991133958101,5.5701604,-6.772199,4.6517644,1685541320000,3.5,-1.0939833,0.70646566,1.5550338,,,,,,-0.14020766,-0.32963312,0.64886415,0.027857466,-0.53354496,0.6497395,0.52475053
,,5.0559154,-6.002024,4.942371,1685541320136,,-0.9351583,-1.6142114,1.1396455,,,,,,-0.52290833,0.015223773,0.25766367,0.0270571,-0.4982589,0.65371513,0.5515871
,,5.7139025,-7.295192,4.614105,1685541320638,,0.6176611,-0.17501289,-0.7241044,,,,,,0.3834063,-0.3698138,1.0020787,0.003086766,-0.55146736,0.6511397,0.50284725
,,5.525708,-6.8299994,4.5543203,1685541320895,,1.0043389,1.4859297,-0.6000987,,,,,,0.036874548,-0.13927451,0.5914269,0.009576364,-0.53739756,0.6504881,0.5212152
,,5.185062,-6.1148906,4.8977585,1685541321149,,-0.4098142,-0.9300423,-0.55611646,,,,,,-0.362429,0.064874604,0.31425628,0.013148997,-0.5045403,0.64762026,0.55274796
,,5.2263227,-5.946089,4.5500016,1685541321402,,-1.390253,-0.82741696,1.1811843,,,,,,-0.4630504,0.16789538,0.06623485,0.017803999,-0.50950074,0.6400742,0.5563351
,,5.843678,-6.8595266,4.306171,1685541321654,,-0.028023442,0.3576616,0.30825788,,,,,,0.3269615,-0.14585266,0.5120366,-0.0030258996,-0.5436255,0.6348923,0.5298522
,,5.7052736,-7.056342,4.3436804,1685541321907,,1.1222358,0.09560041,-0.91286176,,,,,,0.41429043,-0.1246195,0.68156856,-0.019366933,-0.5493782,0.6344806,0.5233963
,,5.6390333,-6.673988,4.485906,1685541322158,,1.3580298,2.2159138,0.06391177,,,,,,0.17206845,-0.054154683,0.39001998,-0.0053915335,-0.5302941,0.6396645,0.5393862
,,4.840606,-6.0900707,4.571618,1685541322412,,-0.89606297,-1.806634,0.16959146,,,,,,-0.46244186,0.17651981,-0.0421261,5.1323336E-4,-0.500234,0.6525323,0.5483791
,,5.100068,-6.551223,4.304076,1685541322664,,-1.2546408,-0.6068946,1.5000559,,,,,,-0.3163428,-0.03872694,0.10839251,0.014293866,-0.5223547,0.65959966,0.5214497
,,5.327049,-7.5675907,4.5171905,1685541322934,,1.067258,0.043066,0.15431984,,,,,,0.2761545,-0.46204823,0.8985058,0.0025247307,-0.5493685,0.6706635,0.4771093
52.488882006146014,13.40970522724092,4.463091,-6.666316,5.00477,1685541323000,3.5,0.7398342,-0.6239988,-0.9006444,,,,,,-0.2860925,0.09340997,0.3862465,0.016833965,-0.50270575,0.7087998,0.4738602
,,4.848976,-7.2129316,4.6319613,1685541323185,,0.78809255,0.9764681,-0.8474992,,,,,,0.031915523,-0.06533578,0.734188,0.0056540323,-0.53771424,0.6902235,0.46261078
,,4.143995,-6.2205553,5.094791,1685541323686,,-1.5221999,-0.9984592,0.5587126,,,,,,-0.70803094,0.16850302,0.19721319,0.03328463,-0.48508847,0.7145206,0.479791
,,4.951828,-6.810366,4.8927,1685541323939,,-1.1978304,0.1414153,1.2831988,,,,,,-0.22337273,-0.124614924,0.72461426,0.046175566,-0.5220531,0.70428103,0.45732394
,,4.961425,-7.4590464,4.926469,1685541324189,,1.443551,-0.6704246,-0.8432231,,,,,,0.047355127,-0.36743146,1.2711996,0.028525235,-0.5455815,0.6983652,0.43684816
,,5.038448,-6.903752,4.683597,1685541324442,,1.2260829,1.6618589,-0.58910316,,,,,,-0.110698305,-0.01817719,0.8332643,0.0395024,-0.5371384,0.6980791,0.4497983
,,5.0852146,-6.6285677,4.829813,1685541324693,,0.6482044,-0.6789767,-0.5451209,,,,,,-0.277824,-0.21838187,0.5284025,0.05034333,-0.51309097,0.6951829,0.47913638
,,5.2975903,-6.246034,4.403925,1685541324945,,-1.0603857,-1.1530081,1.0816133,,,,,,-0.339169,-0.04950478,0.14488891,0.064708374,-0.51359224,0.68764126,0.48763433
,,5.580206,-6.769835,4.2968245,1685541325197,,-0.9705885,0.0076358155,1.096274,,,,,,0.0666719,-0.09563412,0.55042946,0.057312533,-0.5435918,0.6836335,0.46389112
,,5.677819,-7.173028,4.397889,1685541325449,,0.7624362,-0.18417588,-1.210964,,,,,,0.52829903,-0.19567557,0.7679158,0.035257097,-0.5506202,0.6872606,0.4503508
,,5.7525077,-6.6082363,4.472499,1685541325700,,1.4404966,1.4975362,-0.648968,,,,,,0.42793056,0.1270578,0.45063686,0.044970036,-0.53404194,0.6920332,0.46619132
,,5.3520885,-6.1231403,4.6365914,1685541325952,,-0.05429065,-0.9960158,-0.4076762,,,,,,0.115730144,0.1997964,-0.0179691,0.044545498,-0.50129944,0.69726044,0.49087635
52.488901913166046,13.409399623051286,5.750036,-6.891131,4.5493526,1685541326000,3.5,-0.5912412,0.7968737,0.5929211,,,,,,0.41269982,-0.10444614,0.6923591,0.045868833,-0.53970104,0.6858208,0.46670562
,,5.363741,-6.0006967,4.6373096,1685541326204,,-1.1318569,-1.0180069,1.214171,,,,,,-0.08168478,0.24239449,0.12076096,0.0555671,-0.5073649,0.6920808,0.49102104
,,5.825462,-7.1126065,4.3824663,1685541326707,,0.48876855,0.605062,-1.0973431,,,,,,0.592732,-0.17765121,0.7285036,0.030933598,-0.54632086,0.6817404,0.4650259
,,5.7074966,-6.699994,4.472638,1685541326959,,0.9682978,1.7259997,-0.2775619,,,,,,0.24989542,-0.092174925,0.41614005,0.041110463,-0.5276096,0.680704,0.49007133
,,5.236608,-6.105394,4.6185546,1685541327210,,-0.5594762,-1.1664472,-0.08636107,,,,,,-0.10522234,0.08171236,-0.023652872,0.042192426,-0.49551934,0.68528,0.5121354
,,5.446989,-6.224555,4.723421,1685541327461,,-1.2625821,-0.69058317,1.300303,,,,,,-0.0954168,0.038525734,0.3584083,0.05082694,-0.5099794,0.68090457,0.50470483
,,5.7548323,-7.0468335,4.6135864,1685541327733,,0.40935606,0.4615087,-0.26229027,,,,,,0.46503824,-0.24336801,0.7803533,0.033078395,-0.53726554,0.67923236,0.4786768
,,5.5210586,-6.8777323,4.568017,1685541327985,,0.67630416,0.58368176,-0.98494387,,,,,,0.36987305,-0.100680456,0.65209156,0.021808501,-0.5335599,0.6801693,0.48310605
,,5.3633413,-6.449721,4.8388915,1685541328240,,1.2175308,0.7632761,-0.1596649,,,,,,0.069415174,-0.056838814,0.33934146,0.028372038,-0.5069799,0.6804668,0.5119969
,,5.0343575,-5.811715,4.806001,1685541328495,,-1.0958159,-1.6600263,0.28932106,,,,,,-0.25044742,0.20656659,-0.0029625813,0.033903904,-0.4851033,0.67894256,0.53079677
,,5.471729,-6.3632107,4.6988006,1685541328749,,-1.2063825,0.20433442,1.7187457,,,,,,-0.0705613,-0.07028613,0.42616737,0.03779926,-0.51576465,0.66813785,0.5176167
52.488928735256195,13.409109273925424,5.3674316,-6.3093405,4.72396,1685541329000,4.0,0.69768447,-0.56046885,-0.6135378,,,,,,-0.13944823,-0.036131058,0.2430518,0.013901063,-0.5080723,0.65116775,0.5480925
,,5.6195416,-7.0307336,4.5420403,1685541329000,,0.8888853,-0.0571159,-0.7228827,,,,,,0.3955948,-0.21800497,0.76751083,0.009889063,-0.5398602,0.6620825,0.50005394
,,5.527114,-6.7463818,4.4035754,1685541329253,,1.0550406,0.9098838,-1.0961213,,,,,,0.2142268,-0.03935588,0.47916442,0.0055342624,-0.53370243,0.65625477,0.5171106
,,5.1851525,-5.836615,4.6687436,1685541329759,,-1.0469466,-1.42973,1.1457541,,,,,,-0.46119294,0.14560421,0.06840707,0.02581513,-0.4999484,0.6469345,0.55781496
,,5.6076794,-6.70143,4.5378504,1685541330010,,-1.081766,0.5635232,1.4713453,,,,,,-0.10460682,-0.2770221,0.4627334,0.022281865,-0.5317226,0.64444923,0.5331721
,,5.5451016,-7.0510736,4.406558,1685541330263,,0.4967098,0.05467244,-0.5658903,,,,,,0.20891169,-0.24322142,0.59810436,8.20597E-4,-0.5423387,0.64843345,0.51544064
,,5.491311,-6.8325634,4.518068,1685541330514,,1.5235742,1.3552046,-0.38201985,,,,,,0.0012833754,-0.25610414,0.37791166,0.011867997,-0.5289013,0.6521442,0.5274095
,,5.131512,-6.258313,4.6992493,1685541330780,,-0.2167808,-1.2819008,-0.77053016,,,,,,-0.2693234,-0.15113552,-0.08742062,0.019089496,-0.49431407,0.6566508,0.55098265
,,4.9956512,-6.1065807,4.788633,1685541331032,,-1.458059,-1.0161743,1.3161855,,,,,,-0.554094,-0.12096003,0.055161096,0.028166397,-0.4963663,0.65260327,0.5528499
,,5.484497,-7.108354,4.6860614,1685541331285,,-0.07506007,0.45478916,0.19830213,,,,,,0.07912709,-0.5468601,0.54572994,0.009774567,-0.5270439,0.65068614,0.52788156
,,5.386904,-7.1567264,4.6247697,1685541331536,,0.7251734,0.40958515,-0.9684505,,,,,,0.20234388,-0.37364432,0.61409163,-0.009655534,-0.5324476,0.64795357,0.52502614
,,5.481484,-6.7844195,4.756451,1685541331788,,0.9689086,1.6245961,-0.73571086,,,,,,0.026505964,-0.3590377,0.38710287,0.0014515325,-0.51668507,0.64233834,0.5505443
52.488966370001435,13.408831497654319,5.811995,-6.982111,4.445165,1685541332000,4.0,-0.25465444,0.49021935,0.10728321,,,,,,0.16388433,-0.47840646,0.48329076,0.0019018297,-0.5372007,0.6217019,0.5527955
,,5.0441127,-6.1446505,4.874505,1685541332040,,-0.3450625,-1.131017,-0.26962066,,,,,,-0.46190876,-0.21305832,0.03982776,0.008720332,-0.49047884,0.63424927,0.57997453
,,5.2343125,-6.213453,4.779834,1685541332292,,-1.045725,-0.97035944,1.4145348,,,,,,-0.5758798,-0.24308012,0.23945878,0.019257067,-0.5087618,0.62273484,0.5780728
,,5.6158996,-6.8479543,4.284334,1685541332803,,0.85284424,0.7883216,-0.81756675,,,,,,0.025398048,-0.26159355,0.42925256,-0.0052525024,-0.5413984,0.6184825,0.5514878
,,5.6131864,-6.625694,4.5361342,1685541333055,,1.2211959,1.4877623,-0.4547128,,,,,,-0.18278314,-0.34020862,0.36948794,0.0073449663,-0.5279704,0.61698776,0.56845635
,,5.1101246,-6.0981426,4.6532507,1685541333314,,-0.533209,-0.5849035,0.4835762,,,,,,-0.5097835,-0.11561857,0.024431499,0.008408434,-0.5016168,0.62205505,0.58252025
,,5.372699,-6.2815576,5.0645742,1685541333568,,0.11369729,0.4156938,-0.17860173,,,,,,-0.054113388,-0.17286225,0.37194404,0.0016487656,-0.4978384,0.633338,0.5738023
,,5.162458,-6.327696,5.5403423,1685541333828,,0.050167307,-0.23548855,0.029703323,,,,,,0.078186825,-0.2302237,0.5387036,-0.011850965,-0.47877494,0.64666075,0.57464063
,,4.7095942,-5.7290564,6.146444,1685541334081,,0.033673946,-0.15057829,0.010155635,,,,,,-0.28016236,-0.09038957,0.36935344,-0.0052780653,-0.44004565,0.65631485,0.5991881
,,4.5472574,-5.116748,6.837381,1685541334332,,0.18089247,0.051618114,0.22090414,,,,,,-0.4115089,-0.009303617,0.2412301,0.009113967,-0.39942637,0.669492,0.6218055
,,4.27365,-4.590782,7.23438,1685541334583,,6.872234E-4,0.05955936,0.051083606,,,,,,-0.4556802,0.22648594,0.1403993,0.011595335,-0.37205455,0.68323714,0.62744147
,,4.3888917,-4.784083,7.551532,1685541334835,,0.110032104,0.026572637,0.07551821,,,,,,-0.23916839,0.072725445,0.41487846,0.009977068,-0.36925736,0.69108635,0.62075263
52.488991557620466,13.408548105508089,4.135565,-4.6782393,7.4845743,1685541335000,4.0,0.14607315,0.05100725,0.08590292,,,,,,-0.19132546,0.090819456,0.10527787,0.0032400328,-0.35204142,0.69981873,0.6210241
,,4.252721,-4.747363,7.3734035,1685541335087,,-0.010308351,0.10048734,-0.07964156,,,,,,-0.29594153,0.07639213,0.1689373,0.009030334,-0.3643351,0.69436365,0.61988205
,,4.2455387,-4.69053,7.427752,1685541335340,,-0.100716405,-0.1133155,-0.04298964,,,,,,-0.21478906,0.10569045,0.15184051,0.0072409664,-0.3592195,0.6971209,0.6197649
,,4.0303593,-4.6558146,7.4821796,1685541335850,,0.08743009,-0.023518313,-0.04665483,,,,,,-0.14454626,0.087480456,-0.0071091494,-0.0022704331,-0.34430456,0.70167184,0.6234721
,,3.9176621,-4.7856007,7.5573483,1685541336103,,0.12652546,0.05222898,0.48601967,,,,,,-0.13689636,-0.042697225,-0.005649408,-0.0069476003,-0.33801284,0.7025727,0.625997
,,3.9497542,-4.77754,7.6189585,1685541336354,,-0.10987939,-0.06078109,-0.145615,,,,,,-0.0026755652,-0.04315157,-0.0023174605,-0.010740633,-0.33347884,0.7038769,0.6269025
,,3.828049,-4.7612596,7.64298,1685541336607,,-0.05062546,-0.27397305,-0.15294538,,,,,,-0.075468175,-0.0060269358,0.00971001,-0.0141674,-0.33241084,0.7027798,0.62861264
,,3.8310819,-4.777849,7.6381917,1685541336859,,-0.0035888334,-0.10170906,0.035811976,,,,,,-0.07235249,0.006356446,0.023334377,-0.015584,-0.33373994,0.70176536,0.62898356
,,3.7222953,-4.658737,7.625024,1685541337110,,0.19494237,-0.63194007,-0.18043432,,,,,,-0.17844702,0.15102753,0.02539959,-0.017330136,-0.33477992,0.70018846,0.6300509
,,3.6878889,-4.8167048,7.7461715,1685541337361,,0.36781722,-0.5421429,0.37545305,,,,,,-0.3269067,-0.004419732,0.21475777,-0.014418602,-0.3397459,0.69596446,0.6318979
,,3.6613035,-4.8084054,7.7844872,1685541337613,,0.2859613,-0.36743546,0.27893636,,,,,,-0.53278553,-0.0014112075,0.3550464,-0.0067682336,-0.34694263,0.69395983,0.6299599
,,3.6083014,-4.898687,7.83748,1685541337895,,0.2590832,-0.4266894,0.13477215,,,,,,-0.7490552,-0.11183288,0.48484257,0.0013270321,-0.3526193,0.6935682,0.62721485
52.489006142131984,13.40829849243164,3.9431005,-5.031535,8.106907,1685541338000,3.5,0.42157337,-0.046731193,0.6362925,,,,,,-0.7374775,-0.49304888,0.78827286,0.050391804,-0.35017473,0.73801297,0.56792605
,,3.6671984,-4.9294224,7.9482517,1685541338146,,0.19372064,-0.4352415,0.32108605,,,,,,-0.8115518,-0.19063988,0.63215154,0.0124668,-0.3550607,0.70070297,0.6171166
,,3.7647324,-4.9135513,7.99861,1685541338398,,0.3384957,-0.43585235,0.36323574,,,,,,-0.7912672,-0.24741173,0.68222696,0.027268566,-0.35372898,0.71599466,0.5975654
,,3.956199,-4.9131517,7.963813,1685541338901,,0.1698969,-0.27030787,0.27527115,,,,,,-0.6652139,-0.5203185,0.59105486,0.071377,-0.33871272,0.7676181,0.5289413
,,4.073455,-4.993926,7.934843,1685541339154,,0.25480717,-0.31795537,0.20868684,,,,,,-0.49230015,-0.7358103,0.4494702,0.090515904,-0.32453442,0.79698837,0.48665524
,,4.191169,-5.052035,7.8901505,1685541339406,,0.5755114,0.0125227375,0.7242571,,,,,,-0.37896773,-0.92676437,0.33286604,0.11459867,-0.31105462,0.82812226,0.43501446
,,4.3288455,-5.0053296,7.7541604,1685541339656,,0.29756773,0.37965274,0.4658611,,,,,,-0.14007846,-1.0140104,0.07267289,0.13369621,-0.29366782,0.860029,0.37500328
,,4.249987,-4.97971,7.695982,1685541339907,,0.14973834,-0.015577064,-0.065591656,,,,,,-0.0067661204,-1.0898665,-0.14301461,0.14440204,-0.27544203,0.8880789,0.31521305
,,4.1552567,-4.919357,7.532618,1685541340160,,-0.20273091,0.19394971,-0.14256068,,,,,,0.17859311,-1.0781041,-0.47480705,0.14601943,-0.25950453,0.9103262,0.26806763
,,4.1103153,-4.8781753,7.5021315,1685541340415,,-0.014584408,-0.07727446,0.027870728,,,,,,0.2926951,-1.0213646,-0.6380327,0.14547409,-0.25107875,0.924252,0.23492639
,,4.078941,-4.832108,7.4520125,1685541340672,,0.1417971,-0.09621128,0.08345947,,,,,,0.4577366,-0.90947086,-0.7602647,0.14139669,-0.24706535,0.9332817,0.21213324
,,4.0268273,-4.741905,7.432299,1685541340923,,-0.02313652,-0.11453723,0.0107665,,,,,,0.6112191,-0.7374807,-0.82657415,0.13386188,-0.246241,0.9386738,0.19821617
52.4889654899016,13.408125657588243,3.929374,-5.308963,7.228155,1685541341000,4.5,-0.19540052,-0.16890424,-0.17066048,,,,,,0.3834683,-0.54664886,-0.5233775,0.13006687,-0.2937069,0.9223493,0.2100336
,,3.9325664,-4.853036,7.432938,1685541341174,,-0.031688634,-0.07727446,-0.0045051314,,,,,,0.5509654,-0.6752685,-0.7499226,0.12919003,-0.255937,0.93589467,0.20138259
,,3.9583437,-5.052104,7.3696513,1685541341428,,-0.16852245,0.16584991,0.09323331,,,,,,0.48982045,-0.6147849,-0.62156063,0.12960653,-0.27320245,0.9293464,0.20808034
,,4.0220394,-5.7141714,7.112994,1685541341930,,0.0129045285,-0.105374254,0.29176453,,,,,,0.36857134,-0.6123869,-0.35529485,0.13320477,-0.31545246,0.91493964,0.20782332
,,3.7094367,-6.022734,6.4237432,1685541342182,,-1.4635568,-1.8237382,1.7279087,,,,,,-0.06557478,-0.5506283,-0.6904001,0.13951884,-0.33924335,0.9070967,0.19860306
,,3.6218982,-7.1679206,5.8591604,1685541342432,,2.2028565,-1.9068159,0.28993192,,,,,,-0.055522107,-0.9201907,-0.3129776,0.13430883,-0.351076,0.83212143,0.16886705
,,3.3245387,-7.6938467,4.8276777,1685541342684,,0.43928847,1.1133019,-0.65752006,,,,,,-0.26493523,-0.7439639,-0.4460426,0.14097002,-0.40020773,0.8102045,0.13807851
,,4.0668607,-8.787847,3.1391373,1685541342936,,-1.2833515,-0.027183503,0.4200462,,,,,,0.5268185,-1.3117824,-1.4780122,0.13676786,-0.43883902,0.79222065,0.13040628
,,4.3122163,-9.180337,2.298005,1685541343189,,-1.2002739,1.2177598,-0.6477462,,,,,,0.8345111,-1.1607157,-1.4066771,0.12936965,-0.4867544,0.76505154,0.124850884
,,4.2968936,-9.516402,1.2816161,1685541343442,,-0.87346095,1.3319917,-0.47670397,,,,,,0.78934383,-1.0590146,-1.291308,0.10634463,-0.5419459,0.7229761,0.14080828
,,4.708217,-9.797084,0.74730015,1685541343693,,-0.8282569,0.9673051,0.0077121737,,,,,,1.0310245,-1.0319774,-0.70449954,0.06293319,-0.5951509,0.6634521,0.18569453
,,4.7684712,-9.366983,0.07921805,1685541343980,,0.22304218,-0.92271197,-0.42050436,,,,,,0.70736724,-0.71138245,-0.8279776,0.018091293,-0.65811414,0.6624524,0.25971353
,,4.979721,-9.4847,-0.38859886,1685541344231,,1.76059,-3.9464948,-0.42905647,,,,,,0.7060082,-0.8467187,-0.65404856,-0.02385686,-0.68544894,0.6206759,0.31141084
,,4.692167,-8.780385,-0.13528235,1685541344483,,1.8119026,-2.5518897,-0.01366811,,,,,,0.3375632,-0.12543193,0.5468344,-0.018124495,-0.7199213,0.5858603,0.3105422
52.48889369890094,13.408070839941502,4.8212247,-8.842315,-0.19944693,1685541345000,5.0,1.6683494,0.5702427,-0.21525364,,,,,,0.47814268,-0.21319936,1.1355382,-0.085681,-0.4922228,0.36026937,0.29077095
,,4.7462053,-9.086762,-0.46672967,1685541345001,,-0.07994699,2.1591032,-2.09061,,,,,,0.41110274,-0.4349666,0.974716,-0.12122033,-0.3078383,0.18713345,0.2493572
,,4.427218,-8.412196,-0.33879948,1685541345253,,0.1998293,0.14813483,-1.1755338,,,,,,-0.036881827,0.0983981,0.6968663,-0.058096845,-0.2822521,0.22340444,0.20542987
,,5.06634,-8.361361,0.23024243,1685541345503,,-2.4042892,0.54641896,1.7059176,,,,,,0.42892906,-0.100168295,0.55754757,0.0019462924,-0.2524304,0.26978514,0.1792246
,,5.1539783,-8.129441,0.7157865,1685541345756,,-2.4384978,-4.1150937,1.9325485,,,,,,0.5316835,0.039624594,0.3379989,0.0204834,-0.22617157,0.3015437,0.17546368
,,5.0760775,-8.114448,1.0093156,1685541346007,,0.4423428,0.44501534,2.5311966,,,,,,0.42143428,0.0701951,0.4138737,0.027545094,-0.2165285,0.31129447,0.17216863
,,5.184274,-8.017075,1.4141852,1685541346259,,1.7838029,1.7327193,-0.78152573,,,,,,0.60557866,0.22901846,0.6021674,0.017202234,-0.23011869,0.3058049,0.19228595
,,5.3330445,-8.0273695,1.5479412,1685541346509,,-0.17768542,-1.0412198,-2.3685536,,,,,,0.5243216,0.041355863,0.34377697,0.012883068,-0.2416863,0.2984582,0.20039673
,,5.974321,-8.182135,1.6736368,1685541346782,,-0.1868484,-0.40530908,0.3253621,,,,,,0.8150746,-0.4526478,0.5168797,0.047257826,-0.2183978,0.29977322,0.18815026
,,6.61455,-6.837422,1.3246219,1685541347032,,1.4026229,0.3930918,-1.8114445,,,,,,1.2581605,0.77973497,0.39104626,0.03244799,-0.14672722,0.19706823,0.14171973
,,7.863566,-5.9472866,1.8053077,1685541347306,,2.5785387,-0.1908954,0.62651867,,,,,,1.8664248,0.6061897,0.68134004,0.11167374,-0.080680266,0.21261854,0.109395936
,,8.168218,-4.795546,2.5447571,1685541347567,,1.1222358,4.0790524,-0.802906,,,,,,1.348337,0.18110728,0.69302624,0.17511097,0.03816287,0.23958357,0.09831701
52.48888527508825,13.4080761205405,7.672698,-3.1434274,3.0933082,1685541348000,4.5,-0.19540052,2.4749205,0.22029328,,,,,,0.47973737,0.002993389,-0.25277513,0.22019911,-0.078692034,0.24902925,0.07711026
,,7.08594,-0.9267456,4.641778,1685541348082,,0.61705023,0.17256944,-0.2457969,,,,,,0.66201895,0.6133709,-0.045130506,0.25201425,-0.1497617,0.1571041,0.069497705
,,5.827268,0.7102101,5.998143,1685541348332,,-0.016417004,0.9691377,-0.3056617,,,,,,0.7704432,0.81717366,0.016371695,0.17073315,-0.050919157,0.19547807,0.063537404
,,3.645531,1.415941,7.1964917,1685541348582,,-0.17157678,-0.030848695,0.105450615,,,,,,-0.090704694,-0.12395408,0.012209701,0.15438856,-6.2679895E-4,0.33346313,0.08550949
,,1.5895802,2.617541,8.030751,1685541348834,,1.438664,-0.91232723,0.13110696,,,,,,-0.7229187,0.16159147,-0.028418127,0.07353016,0.0639783,0.35741895,0.09490376
,,0.3383206,3.79458,8.687021,1685541349089,,-0.2906955,0.623388,0.393779,,,,,,-0.53563964,0.61889225,-0.21729766,-0.009408531,0.106861204,0.37937772,0.11409323
,,-0.37062243,4.2469244,8.887017,1685541349339,,0.16928603,-0.24587326,0.30825788,,,,,,-0.44805896,0.55560076,-0.13629013,0.0174791,0.15804103,0.636812,0.1329789
,,-0.23151927,4.4040647,8.683821,1685541349589,,0.18639025,0.9263771,0.9533316,,,,,,-0.4908334,0.45850405,-0.23417756,0.045043632,0.20145561,0.9637872,0.14710617
,,0.028810224,4.1215386,8.865141,1685541349839,,2.5663211,-1.2342533,-0.71616316,,,,,,-0.46155396,0.25830057,-0.010451603,0.056287467,0.1971682,0.96413517,0.14756595
,,0.3269681,4.336079,8.740323,1685541350091,,0.40691262,-0.41874814,0.123165704,,,,,,-0.4570259,0.22320388,0.027676519,0.07030833,0.20728531,0.96289575,0.13605839
,,0.50054777,4.37279,8.589726,1685541350361,,-0.2729804,-1.7712038,1.0571786,,,,,,-0.55980355,-0.028285552,0.03819,0.07535931,0.20348471,0.89812833,0.11155976
,,1.0919355,3.9008434,8.738326,1685541350617,,0.8339074,2.3942864,1.4835626,,,,,,-0.52389014,-0.3297502,0.2460226,0.034362335,0.11946503,0.5839402,0.106827505
52.488854890689254,13.408077796921134,1.3742919,3.6038024,8.914142,1685541351000,4.5,-0.44646615,0.5103779,0.9850966,,,,,,-0.50209457,-0.5166788,0.39999744,0.026198003,0.03949349,0.27726355,0.14847636
,,1.0738991,3.2805057,9.1855755,1685541351120,,-1.0872638,1.6111571,1.9722548,,,,,,-0.54449767,-0.8481685,0.606988,0.017978068,-0.012808035,-0.018985322,0.22029713
,,1.1139622,3.1967082,9.247984,1685541351370,,-0.12637275,0.5006041,0.3271947,,,,,,-0.07078559,-0.8177328,0.58996254,0.027265605,-0.038011596,-0.29372317,0.33296794
,,0.9213886,2.7449822,9.52986,1685541351621,,-0.37132972,-0.027794369,0.3449098,,,,,,0.26005787,-0.7072824,0.67573804,0.0364995,-0.077165365,-0.5531154,0.4468715
,,0.7523579,2.080641,9.916285,1685541351871,,1.1515573,-0.36010507,-0.28183794,,,,,,0.5144763,-0.7410203,0.8219997,0.044932768,-0.10289217,-0.7442521,0.57386
,,-2.3945868E-4,1.7591796,9.958663,1685541352121,,0.53763777,0.5348125,0.2764929,,,,,,0.50781363,-0.68455696,0.5995588,0.08881763,-0.0662251,-0.68432343,0.68389374
,,-0.43223324,1.6622944,10.125539,1685541352372,,-0.067118816,-0.27397305,-0.145615,,,,,,0.6103667,-0.4752875,0.6430827,0.1113696,-0.028315732,-0.6295065,0.754229
,,-0.63406444,1.7731459,10.04637,1685541352623,,0.57367885,0.63438356,0.03642284,,,,,,0.7002475,-0.20926529,0.57225126,0.1230234,-0.0061132335,-0.5879736,0.7972443
,,-0.9861717,1.8042703,9.773112,1685541352873,,0.07948884,-0.0015271631,-0.072922036,,,,,,0.32032824,-0.2812263,0.31928542,0.12694462,-0.0073330007,-0.5690979,0.8114489
,,-1.064861,1.9102539,9.749888,1685541353123,,-0.057344973,0.06383542,-0.006948592,,,,,,0.15387996,-0.29310137,0.30968422,0.12892035,-0.012123701,-0.5592033,0.8181053
,,-1.2013305,2.1883004,9.651964,1685541353374,,0.20227276,-0.35460728,-0.17310394,,,,,,0.062956996,-0.2118162,0.28585976,0.13909584,-0.014879301,-0.55339104,0.820505
,,-1.4160906,2.4671452,9.548295,1685541353626,,0.02695443,-0.6075055,-0.3111595,,,,,,0.0022405027,-0.16283424,0.25932834,0.15377325,-0.014626599,-0.5487187,0.82136345
52.488874001428485,13.408158430829644,-1.3877593,2.792118,9.451411,1685541354000,3.5,0.3262784,-0.23487769,-0.12728904,,,,,,0.02382253,-0.055766366,0.23128504,0.1629645,-0.022260467,-0.5517199,0.81708854
,,-1.392388,3.1108665,9.415497,1685541354130,,-0.38171443,-0.13103059,0.07918341,,,,,,-0.043490537,-0.009492373,0.26809087,0.17232293,-0.0350164,-0.55895257,0.80879235
,,-1.3278241,3.3392727,9.33944,1685541354406,,-0.27114782,-0.024740042,0.21479549,,,,,,-0.0220798,0.012685958,0.2642711,0.17938982,-0.045535766,-0.56956124,0.7988094
,,-1.2686876,3.5121338,9.355083,1685541354659,,0.16012305,-0.18600847,-0.11262828,,,,,,-0.02313097,0.037299655,0.32008237,0.18347216,-0.054872707,-0.5802009,0.78995
