92#1#2
key,lat,lon,ts,bike,childCheckBox,trailerCheckBox,pLoc,incident,i1,i2,i3,i4,i5,i6,i7,i8,i9,scary,desc,i10
1000,52.5402425,13.37357247,1682424231000,1,0,0,2,1,0,0,0,0,0,0,1,0,0,0,,0
1001,52.54029549,13.37445472,1682424219000,1,0,0,2,1,0,0,0,0,0,0,0,1,0,0,,0
1002,52.54018157,13.37268769,1682424243000,1,0,0,2,1,0,0,0,0,0,0,1,0,0,0,,0

=========================
92#1
lat,lon,X,Y,Z,timeStamp,acc,a,b,c,obsDistanceLeft1,obsDistanceLeft2,obsDistanceRight1,obsDistanceRight2,obsClosePassEvent,XL,YL,ZL,RX,RY,RZ,RC
52.5403109,13.3754032,-1.8069001,4.4197025,-7.799724,1682424204000,4.673344,-0.119653136,0.07131846,0.16500984,,,,,,-0.06470755,0.28800103,0.39907715,0.5158376,0.80343235,0.13416794,0.20083204
,,-1.686302,4.810531,-7.7421355,1682424204334,,-2.393292,0.18310672,0.28840452,,,,,,0.027864706,0.32995626,0.38850963,0.51662344,0.8019445,0.1499793,0.20740709
,,-1.640918,5.226961,-7.6392455,1682424204586,,-0.7879392,-0.0386372,0.5248092,,,,,,-0.015951984,0.37435234,0.23421086,0.5141348,0.79579777,0.17193224,0.21856731
,,-1.5683358,5.2052665,-7.570173,1682424204839,,0.31589344,-0.2084576,0.005574141,,,,,,0.016429668,0.30656466,0.27746195,0.51294774,0.7951116,0.17556992,0.21896258
,,-1.6559131,4.9959745,-7.8864236,1682424205090,,1.7208824,-0.008704823,-0.6388882,,,,,,0.09741782,0.34097308,0.15903436,0.51457185,0.799852,0.16084118,0.21642607
,,-1.7700506,4.426642,-7.9684176,1682424205342,,1.0159445,0.15195261,-0.11598795,,,,,,0.098247014,0.3137296,0.20070057,0.5129662,0.8060472,0.13450666,0.20698743
,,-1.774517,4.351188,-7.8921676,1682424205592,,-2.2698972,0.046273008,0.48510298,,,,,,0.06888663,0.23518673,0.3007036,0.51445395,0.8050578,0.13608465,0.20715147
,,-1.712623,5.0719867,-7.803314,1682424205842,,-1.5380812,0.08414663,0.223042,,,,,,0.035246074,0.33660236,0.11280858,0.5125875,0.7982306,0.16617455,0.22257511
,,-1.6848661,5.3697333,-7.4927244,1682424206093,,0.96402097,-0.087506376,0.030619597,,,,,,-4.3557087E-4,0.3492207,0.1941149,0.5081932,0.7934054,0.18284032,0.227012
,,-1.6650056,5.099504,-7.744051,1682424206342,,1.5816053,-0.11682789,-0.382325,,,,,,0.07175291,0.29439208,0.11244817,0.5064781,0.8001864,0.17323534,0.22023958
,,-1.8162321,4.441956,-7.886505,1682424206597,,1.2511275,0.23014331,-0.2070068,,,,,,-0.08654059,0.26511818,0.24580769,0.5017859,0.81174886,0.146776,0.2046139
,,-1.7848862,4.303412,-7.778509,1682424206848,,-2.1520002,-0.13515383,0.25725043,,,,,,-0.12839456,0.2515573,0.42538127,0.49638653,0.81683314,0.14470728,0.19454074
52.54031805,13.37521415,-1.5790237,5.233661,-7.7592072,1682424207000,3.7900925,-1.6706388,0.18066326,0.2853502,,,,,,-0.050607678,0.2611814,0.08921528,0.48688644,0.8141697,0.18554583,0.20829518
,,-1.3977276,5.587081,-7.223852,1682424207351,,0.792368,0.21670428,-0.117820546,,,,,,-0.022605365,0.2358319,0.25354356,0.47628936,0.80963653,0.2126215,0.21296802
,,-1.2812768,5.2092557,-7.3717284,1682424207603,,2.0476952,-0.3856084,-0.67065316,,,,,,0.08057339,0.108286776,0.31092098,0.47175133,0.8188842,0.20356594,0.20307639
,,-1.450928,4.6042695,-7.7365537,1682424207854,,1.4637084,0.24969098,-0.3786598,,,,,,0.007757306,0.21270087,0.3064705,0.46268985,0.83408284,0.1699272,0.18661843
,,-1.5412967,4.2316265,-7.724671,1682424208105,,-2.3541965,0.11713332,0.42157304,,,,,,-0.012481459,0.093773365,0.3292132,0.45015532,0.84268963,0.15631475,0.17838547
,,-1.4333806,5.0845084,-7.6944413,1682424208356,,-1.6370412,0.0707076,0.26519167,,,,,,0.069086805,0.1695904,0.034293335,0.44146982,0.8385026,0.19194846,0.19761577
,,-1.4258034,5.4423947,-7.2488174,1682424208606,,0.23892449,0.12812889,0.031230463,,,,,,-0.0147544425,0.30281156,0.1973783,0.4350678,0.8314522,0.21546406,0.20599021
,,-1.4588243,5.1479187,-7.680802,1682424208857,,1.7856342,-0.14004076,-0.8392519,,,,,,0.04052847,0.2760919,0.09057418,0.4323368,0.84076196,0.20146814,0.19792178
,,-1.7034507,4.48064,-8.023294,1682424209109,,1.2114213,0.1782198,0.30428702,,,,,,-0.002086409,0.35720173,0.09756676,0.42483985,0.85506517,0.1624301,0.18502825
,,-1.7157338,4.0853453,-7.9475207,1682424209360,,-2.541732,0.09453133,0.33910632,,,,,,-0.026756605,0.19598852,0.22727425,0.42120394,0.85856324,0.15173145,0.17702429
,,-1.4496517,5.076054,-7.7325654,1682424209612,,-1.6376522,0.18127412,0.36781695,,,,,,0.10218725,0.28536,0.14680494,0.42006505,0.85072213,0.19377945,0.19188525
,,-1.4383258,5.3883166,-7.3729243,1682424209863,,0.4814378,-0.04963276,0.04344776,,,,,,-0.030161595,0.28072816,0.22911242,0.41448957,0.8431101,0.22041494,0.196869
52.54032487,13.37505009,-1.4327426,5.1633124,-7.6303115,1682424210000,3.960403,1.9096397,-0.1999055,-0.5417607,,,,,,0.09190402,0.31778356,0.23818691,0.41252887,0.850725,0.20735887,0.19136912
,,-1.6491336,4.570052,-7.842555,1682424210368,,1.3549744,0.18249585,-0.045127634,,,,,,0.034156978,0.4393673,0.33388838,0.4087204,0.86222565,0.17090587,0.18074605
,,-1.619542,4.2187853,-7.8783693,1682424210619,,-2.274784,0.111635536,0.3910298,,,,,,-0.001848058,0.26384875,0.41045246,0.40976694,0.86354786,0.16148716,0.17308213
,,-1.5605193,5.0290747,-7.77516,1682424210870,,-1.7891465,0.19471315,0.3097848,,,,,,-0.059296153,0.29670513,0.23510899,0.40940875,0.85581803,0.20105961,0.18773422
,,-1.5708882,5.511468,-7.446943,1682424211122,,-0.04940369,0.2924515,-0.107435845,,,,,,-0.15265661,0.42426315,0.22970486,0.4050881,0.8471566,0.22687487,0.1935604
,,-1.4493327,5.3478785,-7.6835117,1682424211372,,1.7685299,-0.22311836,-0.63277954,,,,,,-0.048280824,0.32362852,0.12591219,0.40290484,0.852539,0.22011836,0.18774718
,,-1.6254443,4.7785463,-7.922236,1682424211623,,2.0415864,0.1660025,-0.6413317,,,,,,-0.13371168,0.28283635,0.1596697,0.39723963,0.86374795,0.1919046,0.17822288
,,-1.629991,4.3152165,-7.929016,1682424211874,,-1.5466332,0.15195261,0.61582804,,,,,,-0.12952334,0.15625836,0.15025945,0.39039072,0.8682678,0.17530328,0.17206699
,,-1.5173684,5.016074,-7.876294,1682424212127,,-1.9210933,-0.44730574,0.50648326,,,,,,-0.016451132,0.28875148,-0.031058995,0.38758224,0.86501104,0.20101671,0.18368427
,,-1.4884952,5.482196,-7.4829144,1682424212378,,0.41363183,0.30344707,0.012904518,,,,,,0.028724993,0.3811206,0.03290607,0.3842817,0.857098,0.22142267,0.19432253
,,-1.3832111,5.3170114,-7.601279,1682424212627,,1.4936408,-0.47662723,-0.051236283,,,,,,0.13958646,0.30769253,0.001545922,0.38664162,0.85816157,0.21702737,0.19364518
,,-1.4766108,4.9127836,-7.8648076,1682424212879,,1.9902738,-0.2084576,-0.8423062,,,,,,0.17349975,0.29228726,0.009958569,0.3925411,0.86372447,0.19244139,0.1897982
52.54030842,13.37485804,-1.5263816,4.3614774,-7.9125857,1682424213000,3.9576223,-1.0127374,0.12812889,0.5639045,,,,,,0.1494983,0.2013329,0.072906,0.3941767,0.8660258,0.16943052,0.18242876
,,-1.437847,4.740739,-7.8216596,1682424213380,,-2.4586544,0.007788526,0.8180243,,,,,,0.18656479,0.08409214,0.11903879,0.40356097,0.85975343,0.1893084,0.18932547
,,-1.3793027,5.3552165,-7.4214997,1682424213633,,-0.25587597,0.52885616,0.19738568,,,,,,0.13654423,0.1607945,0.14981751,0.4098444,0.84514266,0.21885687,0.20235129
,,-1.2649261,5.423652,-7.433942,1682424213885,,1.5364013,-0.11377356,-0.26564983,,,,,,0.078749694,0.15919797,0.07199617,0.41385567,0.8404301,0.22631393,0.1998841
,,-1.367578,5.0197434,-7.7607207,1682424214135,,1.9407938,-0.20540328,-0.9388228,,,,,,0.029588696,0.06936458,0.036425337,0.41632098,0.847256,0.20852783,0.19330007
,,-1.5246266,4.423691,-7.791588,1682424214387,,-0.07628174,0.041996952,0.3342194,,,,,,-0.047931645,0.024743814,0.18744734,0.4088163,0.8560235,0.1818551,0.18317962
,,-1.4494122,4.7625146,-7.738547,1682424214641,,-2.3578618,-0.3678933,0.6152172,,,,,,-0.002622219,0.014654517,0.17368333,0.40850988,0.85494226,0.19736227,0.18527885
,,-1.3929418,5.579184,-7.4664035,1682424214893,,-0.35666868,0.010231985,0.40324712,,,,,,-0.05553574,0.1459973,0.0021696568,0.40275708,0.8453836,0.23681556,0.19826517
,,-1.3243476,5.5486364,-7.322516,1682424215144,,1.0654246,-0.18219042,0.04772381,,,,,,-0.079093225,0.03834389,0.06843588,0.39552784,0.84584427,0.24677093,0.19544238
,,-1.349871,5.1919465,-7.7089567,1682424215395,,2.6451209,0.1385136,-0.81542814,,,,,,0.07053957,0.10246615,0.057641998,0.3930615,0.85890037,0.22100523,0.18707167
,,-1.4541183,4.450411,-7.8259664,1682424215645,,-0.35850126,-0.053908817,0.1918879,,,,,,0.11198459,0.18712671,0.24961658,0.38851872,0.8699347,0.17866895,0.17309259
,,-1.3446065,4.63083,-7.811449,1682424215897,,-2.5814383,-0.24266604,0.8607848,,,,,,0.16809669,0.09034319,0.22040199,0.39343023,0.8664199,0.18844803,0.17527941
52.54030415,13.37466955,-1.2187445,5.6239314,-7.424609,1682424216000,4.879305,-0.36949682,0.43722647,0.075212725,,,,,,0.16268393,0.24770956,0.07998598,0.3982664,0.84973264,0.23231846,0.1932129
,,-1.1165707,5.753304,-7.275217,1682424216399,,1.7978514,-0.33246315,-0.28947353,,,,,,0.14915341,0.29101735,0.14254738,0.40087372,0.8445817,0.24245642,0.19261865
,,-1.2333406,5.289494,-7.835856,1682424216652,,2.2614977,0.13607013,-0.7244093,,,,,,0.1979622,0.36919615,0.07047607,0.40428516,0.856062,0.21049915,0.18299538
,,-1.3998811,4.2629733,-7.939146,1682424216903,,-1.1330779,-0.06185006,0.7416662,,,,,,0.12188203,0.20393726,0.27815357,0.40025032,0.8661994,0.16800413,0.1686778
,,-1.3931013,4.8680377,-7.830591,1682424217156,,-2.4220026,-0.3507891,0.4747183,,,,,,0.1325059,0.18039489,0.20064798,0.40402222,0.8594667,0.19483437,0.17935391
,,-1.3076777,5.925825,-7.315976,1682424217406,,0.36415178,0.285732,-0.023136504,,,,,,0.06830772,0.39913517,0.13916963,0.40569177,0.8407337,0.24419148,0.19838265
,,-1.1363513,5.7262635,-7.4903326,1682424217657,,2.0428083,-0.37583455,-0.8215368,,,,,,0.10399144,0.25156423,0.067309074,0.40578738,0.84101945,0.24714652,0.19273517
,,-1.3195621,4.9065638,-7.9392257,1682424217907,,1.8094578,0.07742711,-0.2173915,,,,,,0.05613131,0.24201253,0.19861029,0.4058946,0.85675025,0.20436078,0.17796196
,,-1.3166107,4.2155156,-7.9121075,1682424218158,,-2.663905,0.13545926,0.29878923,,,,,,0.04498464,0.030111488,0.34652865,0.4033024,0.86419785,0.17609374,0.16271503
,,-1.1161721,5.1992846,-7.6865444,1682424218409,,-1.633987,-0.034361143,0.26519167,,,,,,-0.029378194,0.023501921,0.14693962,0.40548772,0.8529669,0.22430046,0.17686169
,,-0.93280196,5.867679,-7.3170934,1682424218661,,1.2456297,0.25702137,-0.19967642,,,,,,-0.16038467,0.06813247,0.015192779,0.39939472,0.84026176,0.26598898,0.18564983
,,-0.9061619,5.489135,-7.621859,1682424218912,,2.5162284,-0.07834341,-0.69020087,,,,,,-0.110685684,0.07074474,-8.5364975E-4,0.39408916,0.8525889,0.25000513,0.17204005
52.54029549,13.37445472,-1.1716058,4.5601606,-7.8866644,1682424219000,6.820332,-0.3664425,0.28878632,0.21571162,,,,,,-0.17708021,0.11052537,0.2285056,0.38627353,0.87155354,0.19675061,0.15396468
,,-1.0896115,4.4310284,-7.9355574,1682424219417,,-2.6895614,-0.0044287695,0.41179922,,,,,,-0.13430618,-0.05755019,0.1814797,0.38275373,0.87376267,0.19459453,0.14982449
,,-0.9906285,5.6835117,-7.5125866,1682424219667,,-0.28764096,0.63025975,0.102090776,,,,,,-0.19417559,0.15519823,-0.009832255,0.37892312,0.85872436,0.25188106,0.16966562
,,-0.8780861,6.003911,-7.282556,1682424219918,,2.1112251,0.029779658,-0.4428006,,,,,,-0.11951556,0.23797561,0.0085104145,0.37232107,0.8535439,0.2734102,0.1697096
,,-1.0181459,5.40762,-7.6780095,1682424220170,,2.3580143,0.095142186,-0.72990704,,,,,,-0.07893156,0.22994773,0.08905622,0.36670858,0.87098485,0.23931603,0.15599029
,,-1.0845867,4.399124,-7.880602,1682424220422,,-2.0127232,0.16355905,0.2627482,,,,,,-0.10733084,0.0150671005,0.26071888,0.35517356,0.8858913,0.19378431,0.14096473
,,-1.0160722,4.86078,-7.845826,1682424220673,,-2.0872486,-0.12538,0.37087128,,,,,,-0.1640051,-0.062337596,0.14396925,0.34766772,0.8836871,0.22143246,0.14741594
,,-0.9555338,5.85755,-7.3274612,1682424220927,,0.18150319,0.1036943,-0.0066431547,,,,,,-0.15462217,0.12904306,0.059416786,0.33680895,0.8718805,0.26912838,0.16180822
,,-0.87361944,5.6633325,-7.452048,1682424221177,,2.1100032,-0.17852524,-0.6511055,,,,,,-0.024931053,0.12991162,0.11220128,0.32892874,0.87763625,0.2652245,0.15824485
,,-1.1546963,4.9079185,-7.948398,1682424221428,,1.9304091,0.18432845,-0.12331833,,,,,,0.038083635,0.2503792,0.15953784,0.32223123,0.8958076,0.21555726,0.15083511
,,-1.2144372,4.1501117,-8.045627,1682424221680,,-2.3829072,0.18738277,0.32078037,,,,,,0.080439635,0.0941108,0.24212812,0.31928056,0.9020898,0.18268389,0.14460249
,,-1.1729618,5.073103,-7.9779105,1682424221931,,-1.6400956,-0.0129808765,0.4001928,,,,,,0.12610081,0.23458451,-0.022098955,0.3242109,0.8913349,0.22241957,0.16132303
52.54026826,13.37423056,-1.034497,5.7998037,-7.5050883,1682424222000,6.4986672,0.90049106,-0.24694209,0.019013166,,,,,,0.25334635,0.43137464,-0.013323323,0.32750124,0.8773887,0.2538914,0.17418867
,,-1.0120844,5.4371314,-7.831549,1682424222433,,2.074573,-0.0044287695,-0.5625301,,,,,,0.3880659,0.40249836,-0.016230123,0.3371212,0.8823778,0.23133145,0.1723864
,,-1.2532011,4.5101514,-8.106963,1682424222686,,-0.20395248,0.06459895,0.3238347,,,,,,0.33914277,0.37959665,0.13364442,0.34334958,0.89311975,0.178191,0.16161758
,,-1.1416156,4.2318664,-8.015318,1682424222937,,-2.5796056,-0.23350306,0.63720834,,,,,,0.3512949,0.082287036,0.23992959,0.3539547,0.8899856,0.174208,0.15802917
,,-0.9876774,5.4543595,-7.6040716,1682424223187,,-0.55092365,0.48365217,0.34154978,,,,,,0.3321885,0.24371849,0.11461175,0.36538753,0.87058145,0.22861871,0.17723748
,,-0.88366944,5.82748,-7.305287,1682424223438,,1.6793436,-0.45097092,-0.3890445,,,,,,0.2694686,0.28109092,0.1381793,0.37346774,0.8576089,0.25147712,0.18209408
,,-1.011127,5.186842,-7.782017,1682424223689,,2.4759114,-0.023365578,-0.7060833,,,,,,0.21041295,0.18942398,0.09555741,0.38185757,0.8663253,0.22012292,0.17358544
,,-1.1540582,4.230191,-7.957411,1682424223939,,-1.8257985,0.026725333,0.5333613,,,,,,0.11234813,0.1202288,0.23515792,0.38140428,0.8761853,0.17536886,0.15706989
,,-1.0841881,4.7014976,-7.9055676,1682424224192,,-2.3535857,0.099418245,0.50159633,,,,,,0.055695955,0.09362039,0.13960429,0.38615388,0.87022626,0.19938055,0.16266425
,,-1.0144771,5.8336215,-7.4627357,1682424224444,,0.39347327,0.15989386,0.100869045,,,,,,-0.03481208,0.3093244,-0.012827842,0.38739553,0.85216236,0.25114077,0.17994332
,,-0.943889,5.738467,-7.553502,1682424224695,,1.9053636,-0.10338886,-0.6926443,,,,,,0.012186553,0.30764905,-0.0041020233,0.38884395,0.8527643,0.25053898,0.17601295
,,-1.1645072,4.8669214,-7.936832,1682424224947,,1.4918082,0.02611447,-0.14530946,,,,,,0.014302027,0.31383005,0.15451263,0.3877208,0.8695738,0.20235416,0.16223045
52.54024365,13.37401015,-1.2256837,4.1777887,-7.9495144,1682424225000,5.630735,-2.528293,-0.08506292,0.48082694,,,,,,-0.032761637,0.16765636,0.31577432,0.38574216,0.8762933,0.17348307,0.15025018
,,-1.1400204,5.218108,-7.730013,1682424225450,,-1.2552508,0.0707076,0.21510077,,,,,,-0.045793187,0.25845,0.18020597,0.38981453,0.86423033,0.21976003,0.16669227
,,-1.0236496,5.8621755,-7.283673,1682424225706,,1.2419645,-0.41737336,-0.08422298,,,,,,-0.04184111,0.30694327,0.16904421,0.38892978,0.8506095,0.2566047,0.17755245
,,-1.007538,5.4587464,-7.615317,1682424225957,,2.3262494,0.046883874,-0.65171635,,,,,,0.060474437,0.27307135,0.22436914,0.39253166,0.85939723,0.23417649,0.16943859
,,-1.2352549,4.452564,-7.9176106,1682424226207,,-0.41042477,-0.01847866,0.21754421,,,,,,-0.019080678,0.28553706,0.37691477,0.39255655,0.8730627,0.18316698,0.1531573
,,-1.1421741,4.394897,-7.8686366,1682424226458,,-2.745761,-0.020922119,0.56695884,,,,,,0.027210537,0.14939581,0.37730637,0.39866737,0.87052727,0.1820035,0.15223219
,,-1.0387243,5.695875,-7.411209,1682424226710,,-0.35850126,0.2686278,-0.0066431547,,,,,,0.050385382,0.39891782,0.26868707,0.40505794,0.8514734,0.23532213,0.17459302
,,-0.94341016,5.9369917,-7.274739,1682424226961,,1.7361541,-0.3404044,-0.47151124,,,,,,0.02093352,0.4053522,0.20542766,0.40646437,0.84282684,0.2533172,0.17961125
,,-1.0463812,5.2696333,-7.772765,1682424227213,,2.1979678,-0.11194097,-0.5344303,,,,,,0.05419887,0.34344947,0.15671995,0.41020688,0.85474247,0.21809049,0.17046294
,,-1.2672389,4.262814,-7.975038,1682424227464,,-1.6981277,-0.006872229,0.35926485,,,,,,-0.046586864,0.25995433,0.2558131,0.40708965,0.8651628,0.17443743,0.15610035
,,-1.1119446,4.843711,-7.8471828,1682424227716,,-2.2729516,-0.15958843,0.5700132,,,,,,0.057121407,0.17521091,0.15806642,0.4079098,0.85986257,0.19881438,0.1667327
,,-1.0706285,5.7183676,-7.4752574,1682424227968,,0.26702428,0.123852834,0.08620829,,,,,,-0.03641093,0.2473199,0.007817523,0.40628517,0.8441279,0.24478833,0.186451
52.54023459,13.3738056,-0.9595219,5.503651,-7.632226,1682424228000,5.914281,2.0446408,-0.29153523,-0.49350238,,,,,,0.064035915,0.20207633,-0.031530283,0.40824783,0.84515077,0.24050634,0.18556309
,,-1.1296517,4.7021356,-7.973842,1682424228471,,1.6872848,0.18310672,-0.33162323,,,,,,0.1387365,0.14035079,0.048544884,0.41431645,0.8578811,0.19308726,0.17449711
,,-1.2037492,4.0142794,-8.100423,1682424228726,,-2.911916,0.37186393,0.66591895,,,,,,0.09917862,0.03332478,0.11040856,0.42025435,0.86014766,0.16372201,0.16410582
,,-0.9931011,5.0691953,-7.8419185,1682424228976,,-1.4684426,-0.1876882,0.1277471,,,,,,0.13851531,0.110523306,-0.04130578,0.43110546,0.84473115,0.20680857,0.18262854
,,-0.9240283,5.689654,-7.3832135,1682424229227,,0.92614734,-0.16142102,-0.045127634,,,,,,0.021940168,0.15412137,-0.10300767,0.4359318,0.8265014,0.2439411,0.1965535
,,-0.8304691,5.4359345,-7.665726,1682424229479,,2.070908,-0.4998401,-0.6627119,,,,,,0.15576677,0.15648375,-0.124217525,0.443621,0.8293616,0.22971551,0.19064876
,,-1.0880963,4.49077,-7.959803,1682424229728,,0.0049632764,0.32788166,0.17783801,,,,,,0.04447993,0.076630525,0.0153575735,0.44570032,0.8418089,0.18318416,0.17384173
,,-1.0135998,4.2464623,-7.8978295,1682424229980,,-2.6602397,-0.20784675,0.5956695,,,,,,0.04322816,-0.095339805,0.14521366,0.44813618,0.8416247,0.18111686,0.16767745
,,-0.85312104,5.535236,-7.4274,1682424230232,,-0.64660037,0.51778424,0.15706861,,,,,,0.0140580535,0.09365487,0.05499112,0.45060351,0.82406086,0.2366899,0.1896654
,,-0.81164557,5.839205,-7.205905,1682424230485,,1.9733987,-0.45165816,-0.22533275,,,,,,-0.0618701,0.13682416,0.02859955,0.44900605,0.8152291,0.2592307,0.1937329
,,-0.92035943,5.250172,-7.8380094,1682424230735,,2.2434008,-0.016111558,-0.6651554,,,,,,-0.019557957,0.17262241,0.004592196,0.4515977,0.8295856,0.22350234,0.17971848
,,-1.1230315,4.2074594,-7.975756,1682424230985,,-2.1743731,0.08651373,0.44234246,,,,,,-0.15139034,0.05450258,0.28139278,0.44773185,0.8436979,0.17804383,0.1586526
52.5402425,13.37357247,-1.0160722,4.841797,-7.870232,1682424231000,5.325318,-2.179871,0.22273657,0.30673048,,,,,,-0.18141983,0.013616518,0.16197415,0.44797385,0.83724463,0.20838563,0.16571094
,,-0.9592825,5.9627547,-7.4360147,1682424231486,,0.9098831,0.20563236,-0.1721875,,,,,,-0.3178386,0.26246154,0.014973036,0.4414071,0.82172036,0.26152855,0.18392612
,,-0.9376673,5.7287374,-7.6078196,1682424231737,,2.1181736,0.073685564,-0.74884385,,,,,,-0.23470785,0.1686583,0.018946027,0.43589506,0.82877034,0.2555782,0.17779541
,,-1.1669794,4.7168913,-8.068199,1682424231987,,0.15607595,0.47807804,0.124692775,,,,,,-0.22532351,0.15086241,0.17338763,0.42954597,0.8504825,0.20128088,0.15880643
,,-1.1829318,4.1978087,-8.048578,1682424232238,,-2.6593997,-0.09430225,0.21510077,,,,,,-0.28227454,-0.036044918,0.2928926,0.42178783,0.8585411,0.18611975,0.14737763
,,-1.1243874,5.433462,-7.7364736,1682424232488,,-0.5855139,0.47624546,0.19494222,,,,,,-0.31266925,0.10551413,0.05074757,0.41549662,0.84683913,0.24013156,0.1675356
,,-1.0325828,5.8782086,-7.4163938,1682424232739,,1.597106,-0.45226902,-0.24426955,,,,,,-0.2787088,0.19522029,0.03792127,0.40708363,0.8401111,0.2665116,0.17558327
,,-1.1351551,5.2851863,-7.845985,1682424232989,,2.3264785,0.18486296,-0.75250906,,,,,,-0.17672603,0.22364026,0.08770091,0.40552756,0.8554273,0.23104541,0.16585854
,,-1.2980266,4.2242894,-8.129933,1682424233240,,-2.1505494,0.1702022,0.5681806,,,,,,-0.20761593,0.15760532,0.19737977,0.39854214,0.8707885,0.18163651,0.14875896
,,-1.1847662,4.755097,-7.9639516,1682424233492,,-2.0815217,-0.06436988,0.41485354,,,,,,-0.142103,0.15043475,0.13182591,0.3973795,0.86601895,0.20569982,0.15671095
,,-1.1227921,5.8092947,-7.3523464,1682424233743,,0.7950405,0.12621993,0.017791437,,,,,,-0.10208343,0.32886523,0.15092535,0.39454967,0.848793,0.25663275,0.17891167
,,-0.964148,5.7275395,-7.493204,1682424233994,,2.274555,0.018707734,-0.49716756,,,,,,0.03229151,0.3713477,0.107376814,0.39639002,0.8496098,0.25304613,0.17708251
52.54024254,13.37336714,-1.0906487,4.6755753,-7.912826,1682424234000,5.908011,0.39431322,0.12866339,-0.20395248,,,,,,0.043340508,0.35181588,0.24575664,0.39630648,0.8668278,0.1988876,0.15894239
,,-1.0534003,4.1832123,-8.054561,1682424234496,,-2.6551237,-0.25923574,0.61399543,,,,,,0.032942824,0.15878786,0.2369113,0.3927461,0.87270236,0.18127142,0.14881559
,,-0.93543404,5.447181,-7.601041,1682424234746,,-0.5317578,0.2483929,0.30489787,,,,,,-0.017137485,0.30547506,0.16041711,0.3948724,0.8560061,0.23845138,0.16856028
,,-0.80917275,5.918487,-7.3292155,1682424234997,,2.025933,-0.21769693,-0.39698574,,,,,,-0.08938393,0.31477675,0.08333937,0.39346054,0.8450998,0.2688678,0.17430529
,,-0.8650852,5.323312,-7.816634,1682424235247,,2.401004,0.012599086,-0.7879392,,,,,,-0.040012784,0.40095234,0.11103169,0.39245918,0.8611235,0.23122078,0.15853244
,,-1.0549954,4.2203016,-7.972806,1682424235500,,-2.3576326,0.19891284,0.44600764,,,,,,-0.06585359,0.31400102,0.41815516,0.38361531,0.8778103,0.17944153,0.14013785
,,-0.94101745,4.906005,-7.8491764,1682424235750,,-1.9202534,-0.013668099,0.49487683,,,,,,0.0065801204,0.31188807,0.25699726,0.38220397,0.87182987,0.2072858,0.1509528
,,-0.85918295,5.9938626,-7.2902927,1682424236000,,0.9807434,-0.102854356,-0.14103341,,,,,,-0.052453987,0.48176655,0.17676139,0.38146856,0.8536403,0.26102087,0.16935319
,,-0.79346013,5.7600026,-7.4477396,1682424236250,,2.1102324,-0.5267945,-0.5472585,,,,,,0.051251806,0.3956794,0.18142074,0.37971833,0.8579912,0.2543219,0.16571145
,,-1.0041082,4.6920066,-7.893922,1682424236502,,0.3045161,0.27466008,0.10331251,,,,,,0.13886811,0.26714098,0.23770492,0.3756586,0.8764185,0.19837001,0.1529722
,,-1.0488539,4.220381,-7.954779,1682424236754,,-2.6874995,-0.21403174,0.4276817,,,,,,0.09139713,0.018894536,0.23720169,0.3748779,0.8792946,0.18355437,0.14909357
52.54022586,13.3731587,-0.83501536,5.866563,-7.3529835,1682424237000,9.55015,1.9562944,-0.5487856,-0.29252788,,,,,,-8.212785E-4,0.1320278,-0.08162995,0.38024336,0.8498758,0.26981804,0.17686199
,,-0.94612205,5.4534016,-7.6283994,1682424237004,,-0.42729992,0.4512,0.18272492,,,,,,0.036668792,0.07524265,-0.040490136,0.38035744,0.8609655,0.24157733,0.17088552
,,-0.89587295,5.1841297,-7.805865,1682424237508,,2.1322236,-0.046043932,-0.693866,,,,,,0.06323952,0.09066149,0.0056951363,0.38294902,0.86353034,0.23307489,0.1656127
,,-1.095195,4.2705503,-7.969694,1682424237759,,-2.3710716,0.13293944,0.5614611,,,,,,-0.020723643,0.08738278,0.22786926,0.38055664,0.8768772,0.18365754,0.14763093
,,-1.0189435,4.821856,-7.770053,1682424238014,,-2.1193953,0.2777144,0.2609156,,,,,,-0.08813679,0.093949914,0.25214216,0.38406432,0.86927515,0.21329975,0.15384798
,,-0.8611768,5.9980087,-7.255835,1682424238267,,1.0076214,0.25755587,-0.17951788,,,,,,-0.11626889,0.29268482,0.10019461,0.38166693,0.8506207,0.27088165,0.17021856
,,-0.77511495,5.773482,-7.3601627,1682424238516,,2.1566582,-0.09491312,-0.76106113,,,,,,-0.02640518,0.23652935,0.111051954,0.37777728,0.8555658,0.26641458,0.1642313
,,-1.0683953,4.7364335,-7.74788,1682424238770,,0.4798343,0.36384633,0.06543889,,,,,,-0.054804955,0.14316826,0.2996875,0.37003297,0.8758744,0.21213433,0.14952561
,,-1.1328418,4.231627,-7.826923,1682424239022,,-2.879922,-0.1523344,0.58284134,,,,,,-0.139814,-0.05742742,0.34274045,0.3610833,0.8831075,0.19609125,0.1415276
,,-0.9882357,5.432425,-7.602556,1682424239273,,-0.5555815,0.37117672,0.0074067353,,,,,,-0.20258261,0.052222203,-0.018631378,0.3565057,0.8688899,0.2554793,0.15871315
,,-0.87792677,5.9109097,-7.3755574,1682424239524,,1.8102977,-0.3331504,-0.37743807,,,,,,-0.20492794,0.15069652,-0.12587361,0.34587893,0.86232567,0.2842806,0.1626413
,,-1.0169498,5.112505,-7.84814,1682424239775,,2.2543964,-0.083306685,-0.5820778,,,,,,-0.13354447,0.062493086,-0.034548394,0.33918348,0.88110286,0.24365036,0.15245777
52.54021057,13.37294599,-1.0929618,4.765386,-7.9405017,1682424240000,7.8864007,-1.958127,0.016264275,0.37881252,,,,,,-0.09353189,0.050206643,0.042673793,0.33006665,0.89010584,0.22080168,0.14784102
,,-1.2292727,4.11725,-8.066923,1682424240027,,-2.4969099,0.03459022,0.6152172,,,,,,-0.15826525,0.035613842,0.18798421,0.33020508,0.89685017,0.19166353,0.1390508
,,-0.9722836,5.9632325,-7.3903127,1682424240533,,1.1756092,-0.26962045,-0.20028728,,,,,,-0.008136002,0.30369747,-0.05402743,0.32849258,0.8728001,0.27419892,0.16536608
,,-0.9560125,5.647221,-7.537391,1682424240783,,2.7064364,-0.116293386,-0.6840922,,,,,,0.19356847,0.27799842,0.048267014,0.32997304,0.8782485,0.25806504,0.165009
,,-1.1767904,4.443392,-7.879245,1682424241035,,-1.082147,0.18119776,0.2370919,,,,,,0.27311438,0.26294622,0.34266764,0.33349982,0.89444226,0.19343276,0.15392847
,,-1.1862817,4.505206,-7.875258,1682424241286,,-2.7388122,-0.26656613,0.43012518,,,,,,0.35149732,0.3177502,0.36501697,0.33926713,0.8934328,0.18641189,0.15337138
,,-1.1098709,5.7844896,-7.400841,1682424241538,,0.41996953,0.039477136,-0.04940369,,,,,,0.29054654,0.4790416,0.23085923,0.34799826,0.8715046,0.24932428,0.17454284
,,-0.9825727,5.994818,-7.3201237,1682424241788,,2.0625849,-0.44677123,-0.43547022,,,,,,0.32562795,0.51977265,0.20231079,0.35498607,0.8630174,0.2640898,0.17939116
,,-1.1038091,5.008018,-7.8289175,1682424242041,,0.8439097,0.23189954,-0.048792824,,,,,,0.37728357,0.46150696,0.3033265,0.3636217,0.87703365,0.2094349,0.16740318
,,-1.2193824,4.1982865,-7.915219,1682424242293,,-2.9177957,0.11094832,0.58772826,,,,,,0.26149526,0.26441184,0.5013453,0.37099713,0.8825012,0.17491393,0.1552668
,,-1.0432707,5.3828936,-7.6141224,1682424242545,,-0.62460923,0.541608,0.18028148,,,,,,0.179695,0.2786691,0.18776782,0.37966284,0.86321986,0.231495,0.17132711
,,-0.86699945,6.083513,-7.2707515,1682424242795,,2.2452335,-0.3746892,-0.5344303,,,,,,0.055450294,0.34023896,0.028247293,0.3840002,0.8461121,0.2751088,0.18074842
52.54018157,13.37268769,-1.1353945,4.3455257,-7.79781,1682424243000,8.151383,-2.9556692,0.0938441,0.7893137,,,,,,-0.0056286473,0.25761065,0.369254,0.38551196,0.8737003,0.18304184,0.1514677
,,-0.85678995,5.341258,-7.7217984,1682424243047,,2.3661847,-0.20853396,-0.6285035,,,,,,0.1306574,0.21336053,0.006773774,0.38710874,0.85944,0.23653363,0.16741343
,,-1.0367303,5.14433,-7.6732235,1682424243549,,-1.3716968,0.21113014,0.41363183,,,,,,-0.056758817,0.33981717,0.12900636,0.38686338,0.86360663,0.2174048,0.161391
,,-0.87162554,6.263532,-7.24762,1682424243799,,1.5238022,-0.56100297,-0.15569416,,,,,,-0.10781431,0.4878144,-0.05257821,0.38524055,0.8453827,0.2747339,0.17913704
,,-0.8678767,5.813761,-7.493045,1682424244050,,2.573268,-0.31299183,-0.71891147,,,,,,0.021870239,0.46155044,0.019348573,0.38598913,0.8542472,0.25196803,0.17218195
,,-1.0681559,4.4545584,-7.8342605,1682424244303,,-2.5146248,0.1476002,0.56940234,,,,,,0.057344925,0.26625398,0.33998922,0.3848132,0.8739162,0.1864957,0.15436581
,,-1.0570693,4.803432,-7.7385473,1682424244555,,-2.098015,0.13293944,0.5089267,,,,,,0.031718917,0.30436584,0.31149665,0.38742617,0.8689438,0.19915195,0.15898217
,,-0.82384884,6.0211396,-7.423094,1682424244806,,1.1499529,-0.267177,-0.11720968,,,,,,0.023748895,0.26249516,-0.06732931,0.3912491,0.8469559,0.26566586,0.17893273
,,-0.77503526,5.7970915,-7.389914,1682424245057,,2.6416848,-0.11934771,-0.79588044,,,,,,0.054718215,0.20879792,0.08960821,0.39373386,0.84759426,0.26238552,0.17649062
,,-0.9422937,4.5758743,-7.802596,1682424245309,,-1.9245294,0.013209951,0.3965276,,,,,,0.12133141,0.08953201,0.29226142,0.39278862,0.8681166,0.19818738,0.15552996
,,-1.043829,4.550192,-7.825567,1682424245560,,-2.703382,0.07612903,0.61949325,,,,,,0.012416809,0.115517184,0.3560101,0.39153,0.87039125,0.19214037,0.15260829
,,-0.8760921,5.873183,-7.344131,1682424245810,,1.0723732,-0.13645191,-0.1098793,,,,,,-0.033016693,0.22776772,0.11465502,0.39409527,0.84871465,0.25865152,0.17398915
52.54017457,13.37244918,-0.9296913,4.7705703,-7.723712,1682424246000,7.2034,-1.1273509,0.07429643,0.27313292,,,,,,0.045504723,0.17182796,0.30656052,0.39379087,0.8653452,0.20686698,0.15600204
,,-0.7879564,6.059823,-7.3305717,1682424246060,,2.8139486,-0.14989094,-0.7091377,,,,,,-0.016458768,0.27797574,0.03625776,0.3948415,0.8446648,0.27000824,0.17644951
,,-1.0484552,4.4201813,-7.7535434,1682424246565,,-2.8316636,-0.08025236,0.48632473,,,,,,-0.01866424,0.08116157,0.39538395,0.39165676,0.87164646,0.18880574,0.14951673
,,-0.91349995,5.731608,-7.3759565,1682424246818,,0.82558376,0.04619665,-0.14408773,,,,,,-0.09051946,0.24833705,0.10389822,0.39297786,0.85115594,0.25198308,0.17143492
,,-0.8245668,6.0508103,-7.059624,1682424247069,,2.757749,-0.48464483,-0.3908771,,,,,,-0.06845618,0.27559453,0.12504406,0.3925083,0.8436687,0.2747234,0.1787981
,,-0.99190485,4.927141,-7.633104,1682424247320,,-0.22937973,0.1598175,0.07826705,,,,,,-0.0044350247,0.21016864,0.20233336,0.38982064,0.86459845,0.21404438,0.15951747
,,-1.1199208,4.2851467,-7.7631936,1682424247573,,-2.925737,-0.09063706,0.55168724,,,,,,-0.033769317,0.015100921,0.3270283,0.38727435,0.8745959,0.18338296,0.15006329
,,-1.019821,5.604309,-7.388079,1682424247825,,0.81031215,0.28137958,-0.044516772,,,,,,-0.06906471,0.19552515,0.058301162,0.38803807,0.8551721,0.24377872,0.17093454
,,-0.92721885,6.123552,-7.248179,1682424248076,,2.40528,-0.25923574,-0.5680279,,,,,,-0.06726018,0.28969488,-0.031184705,0.38766778,0.8460924,0.27241692,0.17919165
,,-1.112822,5.0675197,-7.632227,1682424248328,,0.2819141,0.2410625,0.114308074,,,,,,-0.022698099,0.29649413,0.17911574,0.38527572,0.8657571,0.21554063,0.1613591
,,-1.2067006,4.3126636,-7.926704,1682424248580,,-2.8493788,0.009544762,0.54008085,,,,,,-0.0060820538,0.16701898,0.26126775,0.38331747,0.8778699,0.1761784,0.14862627
,,-1.0937592,5.46393,-7.509874,1682424248833,,-0.31428993,0.14393501,0.21326816,,,,,,-0.04728315,0.34543502,0.15643755,0.3844234,0.86116713,0.22950561,0.16717276
52.54016038,13.37223714,-1.0923234,5.2815967,-7.6824756,1682424249000,5.832619,1.4022402,0.21418446,-0.28580835,,,,,,-0.015013111,0.40878248,0.21570805,0.38463315,0.86531955,0.22063155,0.16404042
,,-0.93639123,6.194698,-7.216992,1682424249083,,2.2317944,-0.06314815,-0.59979284,,,,,,-0.023978373,0.46989474,0.04763559,0.38541144,0.8479162,0.2689553,0.17960623
,,-1.1812569,4.2936807,-7.892008,1682424249588,,-2.8499897,-0.037491824,0.6237693,,,,,,0.033989538,0.222589,0.3662475,0.38223207,0.87927806,0.17404614,0.1488236
,,-1.0801202,5.202316,-7.6125264,1682424249840,,-0.79015356,0.39133525,0.24808747,,,,,,0.012316397,0.24806248,0.26039144,0.38490355,0.8654884,0.21803474,0.16417341
,,-0.9302496,6.1967726,-7.3107123,1682424250092,,2.0112722,-0.36796966,-0.2748128,,,,,,-0.0285448,0.4103168,0.07466082,0.38647324,0.8476457,0.26975384,0.18005174
,,-0.9903892,5.485706,-7.6697145,1682424250345,,2.3356414,-0.014278964,-0.78427404,,,,,,0.001796337,0.27916571,0.1439099,0.388392,0.8588304,0.23821753,0.16928257
,,-1.1676178,4.298307,-7.989554,1682424250598,,-2.4620905,0.14393501,0.53824824,,,,,,-0.035049703,0.12431571,0.37350684,0.3855627,0.87577516,0.1826301,0.14996192
,,-1.035454,4.8362937,-7.8084965,1682424250849,,-1.6313144,0.15065452,0.28046328,,,,,,-0.025959939,0.1096131,0.2448351,0.38651848,0.8683905,0.20905225,0.1574731
,,-0.8882954,6.066284,-7.3932633,1682424251099,,1.425453,-0.27267477,-0.22288929,,,,,,-0.07148095,0.304146,0.031344905,0.38697276,0.84906137,0.26829335,0.1763209
,,-0.81459653,5.692046,-7.625608,1682424251350,,2.4663665,-0.17188208,-0.8447496,,,,,,0.014845306,0.21227407,0.025129637,0.3883651,0.8538484,0.25620958,0.17050646
,,-0.98153585,4.4476185,-7.9833345,1682424251601,,-1.6551381,0.087124586,0.5510764,,,,,,0.04184536,0.086795546,0.23462032,0.3856781,0.87390035,0.19401883,0.15033375
,,-0.9371889,4.455276,-7.9308515,1682424251853,,-2.6154175,0.03459022,0.42523825,,,,,,0.070004605,0.015199534,0.21277629,0.3852966,0.8742228,0.19462802,0.14824799
52.54015262,13.37205542,-0.73172504,5.9173713,-7.4124064,1682424252000,5.8601375,2.3985605,-0.23419029,-0.6718749,,,,,,0.0986113,0.2141141,-0.029264966,0.38882622,0.84864044,0.26823777,0.17419432
,,-0.8143572,5.836334,-7.4766936,1682424252105,,1.0015128,0.14576761,-0.06284271,,,,,,0.034927804,0.25696152,-0.012774157,0.38705775,0.85344845,0.25815743,0.17063922
,,-0.9332805,4.8045487,-7.9488773,1682424252608,,0.09010255,0.28321218,-0.090942495,,,,,,0.099090196,0.16727288,0.14075854,0.3900141,0.8668864,0.20999646,0.15751757
,,-1.0356135,4.27717,-8.018429,1682424252859,,-2.8377724,-0.053985175,0.48265955,,,,,,0.038212735,0.08518977,0.26939148,0.38882455,0.8741211,0.18428992,0.14757733
,,-0.949153,5.532126,-7.660302,1682424253110,,-0.32406378,0.08956805,0.21693335,,,,,,0.023145322,0.24506824,0.03749585,0.39128536,0.8562588,0.24093243,0.16892616
,,-0.86683977,6.1572104,-7.331609,1682424253360,,2.0143266,-0.5487856,-0.1984547,,,,,,8.5299014E-4,0.39364657,0.005193917,0.39107844,0.84373754,0.27322736,0.18139015
,,-1.0095317,5.390471,-7.7263446,1682424253613,,1.7479895,0.2758818,-0.508774,,,,,,0.053074293,0.3523062,0.1380449,0.39384124,0.85868305,0.2291294,0.17007467
,,-1.20678,4.381656,-7.9310107,1682424253865,,-2.5805984,0.1494328,0.55901766,,,,,,-0.05998109,0.30908653,0.3425175,0.39333,0.8722058,0.180044,0.15284102
,,-1.1478372,5.217948,-7.6817584,1682424254117,,-1.637423,0.28687736,0.2560287,,,,,,-0.07259329,0.35980377,0.20490111,0.39688668,0.861058,0.21663523,0.16552864
,,-1.0604192,6.3121862,-7.1642704,1682424254369,,1.2684608,-0.33681557,-0.1465312,,,,,,-0.16043015,0.5375797,0.0946286,0.39601162,0.8418382,0.2704029,0.18367013
,,-1.0607382,5.9853272,-7.3975706,1682424254619,,1.791361,-0.35758498,-0.7128028,,,,,,-0.15667208,0.48906848,0.13750574,0.39831495,0.8474089,0.25695506,0.17692623
,,-1.2660425,4.916293,-7.736075,1682424254869,,-0.4205804,0.21113014,0.2627482,,,,,,-0.17591104,0.35163537,0.43342274,0.39444447,0.865668,0.20285235,0.1597959
52.54014523,13.3718694,-1.1504691,5.7304125,-7.486423,1682424255000,6.326169,-0.23732096,0.279547,0.2767981,,,,,,-0.19955921,0.28253233,0.22775045,0.38858885,0.8553866,0.24840136,0.17265452
,,-1.2356538,4.609135,-7.706244,1682424255121,,-2.4223843,0.031535894,0.32811075,,,,,,-0.20312217,0.18555203,0.51856315,0.39113903,0.86919945,0.19618526,0.15334891
,,-0.96542424,5.9787064,-7.220342,1682424255623,,1.5598432,-0.35941756,-0.053679742,,,,,,-0.1424005,0.27044323,0.21939272,0.3837427,0.84884334,0.2693217,0.17605774
,,-0.9721241,5.4308305,-7.6387677,1682424255872,,2.2006404,0.045585785,-0.91255563,,,,,,-0.012886225,0.18417002,0.2368668,0.38729104,0.8606213,0.24019976,0.16797243
,,-1.0632907,4.5944586,-7.759924,1682424256122,,-0.95569795,0.025427246,0.49976376,,,,,,0.011408841,0.116011016,0.42408332,0.3822709,0.87274754,0.19935812,0.15458879
,,-0.9839286,4.838766,-7.8184676,1682424256372,,-2.238514,-0.29100072,0.3238347,,,,,,0.0467401,0.07195947,0.21712027,0.38689688,0.8684828,0.21398763,0.15783206
,,-0.8709875,5.8873806,-7.4708705,1682424256622,,-0.046731155,0.57337296,0.28290674,,,,,,0.09646204,0.27600047,0.007229026,0.3885315,0.8522696,0.25782907,0.17695165
,,-0.7312467,5.9734416,-7.207421,1682424256873,,1.5402956,-0.24885105,-0.06101012,,,,,,0.17239462,0.26377684,0.14399904,0.39059958,0.84765977,0.26609558,0.1776786
,,-0.8985049,5.427161,-7.532685,1682424257123,,2.2824962,0.013820816,-0.91499907,,,,,,0.1715991,0.17152825,0.20674823,0.3955528,0.85778713,0.23559016,0.17176065
,,-1.0007583,4.6931233,-7.667561,1682424257374,,-1.1340705,0.011988222,0.5907826,,,,,,0.19413438,0.15285778,0.3232706,0.3913086,0.8677094,0.19734025,0.15911384
,,-0.9261818,4.93775,-7.609335,1682424257625,,-2.2812746,-0.29955283,0.5022072,,,,,,0.23604555,0.005083275,0.2657778,0.39898977,0.8613704,0.21390563,0.166118
,,-0.81140625,5.8254066,-7.2299933,1682424257878,,-0.050396346,0.20257804,0.2615265,,,,,,0.27297533,0.21711127,0.1381491,0.40246743,0.8459255,0.24882798,0.18474762
52.54012512,13.37166859,-0.8331012,5.271468,-7.6271224,1682424258000,7.260837,2.048535,-0.1333976,-0.8087086,,,,,,0.3797852,0.12313853,0.20367728,0.41828644,0.8484837,0.21998072,0.18280005
,,-0.71641123,5.8124843,-7.200402,1682424258129,,1.4767656,-0.28305948,-0.07383828,,,,,,0.3290617,0.19901133,0.18726642,0.4083502,0.84184074,0.25071308,0.18598671
,,-0.8815956,4.564549,-7.776754,1682424258630,,-1.1566725,0.3345248,0.5577959,,,,,,0.37670276,0.11861113,0.3319952,0.42364946,0.8527843,0.18545853,0.1714686
,,-0.8499306,4.910073,-7.7127852,1682424258883,,-2.4126105,-0.16943862,0.4227948,,,,,,0.28269392,0.047395684,0.2682265,0.438926,0.8422925,0.20447813,0.17806539
,,-0.8413961,5.820461,-7.4002028,1682424259133,,-0.2953531,0.42432195,0.28596106,,,,,,0.15535131,0.30640838,0.10119724,0.44664356,0.82339185,0.24117713,0.1955604
,,-0.7694519,5.843991,-7.332406,1682424259384,,1.307556,-0.47609273,-0.090942495,,,,,,0.093793176,0.25640327,0.13742235,0.45306313,0.8167417,0.24891834,0.19391288
,,-0.8829515,5.316134,-7.623932,1682424259637,,2.1755948,-0.08025236,-0.73479396,,,,,,0.056338448,0.1351238,0.23602892,0.46097857,0.82324976,0.2247369,0.18530811
,,-0.9832906,4.6798034,-7.6780896,1682424259889,,-0.8182534,0.3161989,0.38797548,,,,,,-0.068390444,0.12947449,0.4104459,0.460956,0.8307145,0.19514741,0.16777097
,,-0.9250653,5.018707,-7.646583,1682424260139,,-2.3631303,0.12255475,0.2248746,,,,,,-0.17360249,0.043986406,0.29729974,0.46750918,0.82477516,0.21567841,0.16927758
,,-0.8555138,5.90437,-7.2523255,1682424260391,,-0.5922334,0.058413945,0.21204643,,,,,,-0.23549189,0.23914538,0.22927752,0.46483526,0.81206536,0.25340742,0.18375783
,,-0.7081957,5.8270817,-7.2663646,1682424260641,,2.7210972,-0.23785548,-0.46845692,,,,,,-0.15488772,0.15441936,0.22192918,0.46306118,0.8130133,0.25644854,0.1790957
,,-0.9079964,4.9090357,-7.6406817,1682424260891,,0.74250615,0.2880991,-0.1220966,,,,,,-0.18069372,0.14043157,0.4045268,0.46082786,0.832144,0.21009268,0.16012408
52.54012407,13.371533,-0.9168499,5.5058045,-7.3612795,1682424261000,8.502319,-0.21288638,0.45914125,0.14301872,,,,,,-0.28629503,0.1236803,0.20133734,0.44773072,0.827318,0.24372265,0.16922717
,,-0.9685348,4.3141,-7.7425365,1682424261142,,-3.0027058,-0.09552398,0.36659524,,,,,,-0.22945713,-0.0072237095,0.4417449,0.45364627,0.8424532,0.18746085,0.146442
,,-0.7785446,6.3005404,-7.0340204,1682424261645,,2.2452335,-0.33192864,-0.60345805,,,,,,-0.19814561,0.2495451,0.090605736,0.4360801,0.8184004,0.28300485,0.18534699
,,-0.9198807,5.430272,-7.3760357,1682424261897,,1.1963787,0.34307694,0.010461059,,,,,,-0.12677148,0.2193127,0.16306666,0.4271385,0.83720684,0.24336787,0.17058945
,,-1.1066005,4.393781,-7.742775,1682424262150,,-2.7840161,-0.030161448,0.1955531,,,,,,-0.18751702,0.013261099,0.3245947,0.4177871,0.8587585,0.19570734,0.15103027
,,-1.074457,5.1658645,-7.4548388,1682424262402,,-0.2770272,0.5593231,0.2664134,,,,,,-0.20852369,0.018625634,0.14269519,0.40771115,0.8503077,0.23459983,0.1662048
,,-0.90967155,6.206025,-7.2390857,1682424262655,,2.3771803,-0.6068178,-0.5191587,,,,,,-0.15639463,0.26483485,-0.097260885,0.3987918,0.83871645,0.28174856,0.18322557
,,-0.9560125,5.3973308,-7.6061444,1682424262904,,1.7241658,0.044364054,-0.20639594,,,,,,-0.0025178632,0.1840685,0.04027958,0.39208096,0.8564614,0.24062736,0.17023468
,,-1.1150553,4.279563,-7.8545995,1682424263156,,-3.0436337,0.18730642,0.61949325,,,,,,0.029236468,0.031201232,0.3267847,0.38734704,0.87535316,0.18724707,0.15181321
,,-0.95194453,4.987759,-7.6934037,1682424263407,,-0.72845626,0.6619483,0.31467173,,,,,,0.05497912,0.02349898,0.14571494,0.3859597,0.86463636,0.22257854,0.16259742
,,-0.78325063,6.1218777,-7.3070426,1682424263660,,1.96729,-0.3105484,-0.43547022,,,,,,0.089029506,0.2984406,-0.024818849,0.38286126,0.84836084,0.2748124,0.17908794
,,-0.77990067,5.4846697,-7.636136,1682424263910,,2.2519531,-0.19142975,-0.49350238,,,,,,0.1869701,0.2273487,0.04946046,0.38265255,0.85907596,0.24644823,0.16911523
52.54008195,13.3712997,-0.9095917,4.880561,-7.755855,1682424264000,6.442812,-1.6142101,0.06940951,0.326889,,,,,,0.11341021,0.13417639,0.21965599,0.3824441,0.8690375,0.21482319,0.15634044
,,-0.99397856,4.2918463,-7.876534,1682424264160,,-2.7070472,0.07918335,0.66469723,,,,,,0.15137993,0.07170132,0.3935793,0.38154417,0.8764778,0.18883863,0.15068309
,,-0.7478369,6.116134,-7.3752375,1682424264663,,1.5366304,-0.28183773,-0.15080725,,,,,,0.09211895,0.3594258,-0.008458678,0.37910897,0.8516584,0.27405348,0.173972
,,-0.75206417,5.702734,-7.604231,1682424264913,,2.563494,-0.13950625,-0.5478693,,,,,,0.2094059,0.33259842,0.05340244,0.37669128,0.86010057,0.25482932,0.16815896
,,-0.9485947,4.391947,-7.9751186,1682424265166,,-2.0295982,0.07246383,0.6604212,,,,,,0.23816124,0.15941636,0.31065887,0.37778732,0.87855834,0.19000341,0.15037745
,,-0.9220343,4.7319665,-7.8869033,1682424265418,,-1.9556836,0.30703592,0.2945132,,,,,,0.19294892,0.24381156,0.2444133,0.38289103,0.87345,0.19871424,0.15334298
,,-0.7286942,6.016433,-7.4297943,1682424265668,,1.1468986,0.07063124,-0.40065095,,,,,,0.16100155,0.38506326,-0.052932516,0.3858411,0.85156494,0.26344126,0.17292166
,,-0.6265208,5.8443093,-7.4923267,1682424265919,,2.5286748,-0.3429242,-0.60529065,,,,,,0.21190977,0.24632908,-0.056259252,0.38480633,0.8516019,0.26648,0.17078432
,,-0.77144605,4.555855,-7.9124274,1682424266170,,-1.045495,0.022372922,0.24869832,,,,,,0.27781436,0.068470724,0.16716664,0.38387126,0.8709487,0.2028379,0.15341367
,,-0.8801599,4.3469615,-7.926145,1682424266420,,-2.681391,-0.28733552,0.93042344,,,,,,0.20711106,0.058680486,0.22978733,0.3822421,0.8747469,0.18779366,0.15155251
,,-0.75334036,5.5940213,-7.4997435,1682424266672,,0.6319396,0.0193186,0.1711185,,,,,,0.26470625,0.17022078,0.055951133,0.3833664,0.85576946,0.24685805,0.17740963
,,-0.7125825,5.862257,-7.3982086,1682424266923,,2.3539674,-0.04421134,-0.56863874,,,,,,0.34202915,0.23121136,0.015239334,0.38514176,0.8503055,0.2575715,0.18497027
52.54006324,13.37115252,-1.164507,4.1181273,-8.142218,1682424267000,5.8360023,0.10293072,-0.09552398,0.20471606,,,,,,0.4275925,0.36066678,0.2592408,0.39741945,0.8743906,0.1486019,0.16366918
,,-0.92187476,4.759484,-7.917053,1682424267175,,0.33994624,-0.033215772,0.17783801,,,,,,0.42258945,0.24539071,0.20099865,0.3892247,0.8681782,0.19490601,0.170152
,,-1.2697911,4.302215,-8.308041,1682424267678,,0.8494075,-0.055206906,0.13752094,,,,,,0.43958586,0.55013317,0.042555712,0.4119992,0.8676135,0.14602996,0.16826753
,,-1.2406785,3.8357742,-8.3047695,1682424267929,,-2.5799873,-0.3777435,0.8351285,,,,,,0.56546044,0.476437,0.13630015,0.42963475,0.86182344,0.12349858,0.16474575
,,-1.3230714,3.775954,-8.450972,1682424268179,,-0.7052434,0.10300707,0.5248092,,,,,,0.61880183,0.62640923,0.0828088,0.44769913,0.8574452,0.101319246,0.17109221
,,-1.27689,3.9245484,-8.3422575,1682424268430,,2.044259,-0.82123137,0.1051451,,,,,,0.7044409,0.6556516,0.11171047,0.46522427,0.8420293,0.10008342,0.18727015
,,-1.2374883,4.3814178,-8.329736,1682424268680,,2.4517057,0.0077121677,-0.07750347,,,,,,0.81952,0.80915236,0.02150925,0.49739823,0.81831175,0.105376154,0.20222597
,,-1.1807783,4.1515474,-8.279328,1682424268931,,-2.526842,0.031535894,1.2780055,,,,,,0.8925812,0.7608093,0.120201856,0.5362234,0.7929514,0.09173156,0.19683275
,,-1.0163115,4.9358354,-8.062298,1682424269183,,-1.6575816,-0.14744748,0.7410553,,,,,,0.9399473,0.8323595,0.09246804,0.5792617,0.7520401,0.1107717,0.21939829
,,-0.95346004,6.1256256,-7.557173,1682424269435,,2.324646,-0.8872047,0.2694677,,,,,,0.7850389,1.048291,0.13253392,0.6164272,0.70260864,0.15127043,0.25692058
,,-0.9327223,5.8509297,-7.7037725,1682424269686,,3.2305584,-0.24396412,-0.62056226,,,,,,0.6709179,0.9542223,0.29091758,0.659273,0.6692922,0.13232394,0.2541971
,,-1.2556735,4.5592847,-8.025447,1682424269938,,-1.113301,0.82871443,0.756327,,,,,,0.49212125,0.8558554,0.46187896,0.7008388,0.6497795,0.07229914,0.21704699
52.54006228,13.37103829,-1.2943574,5.51059,-7.485388,1682424270000,5.9184127,0.4486802,0.46708247,0.13507748,,,,,,-0.14335924,0.6750251,0.3789734,0.7516145,0.5724579,0.112686664,0.25477585
,,-1.2891731,4.2041097,-8.031429,1682424270188,,-2.6710062,-0.015500694,0.33666286,,,,,,0.23439868,0.55876404,0.4889148,0.7345566,0.6157908,0.06655223,0.20920554
,,-1.2704293,5.7008204,-7.0951185,1682424270691,,1.7760893,-0.30199626,-0.44402233,,,,,,-0.29767936,0.45429006,0.42264444,0.7605215,0.5465137,0.13270442,0.2707516
,,-1.2900503,4.8928437,-7.6796846,1682424270943,,2.2232423,-0.0674242,-0.5661953,,,,,,-0.29359156,0.20250385,0.25105494,0.7762583,0.5442865,0.10634912,0.24592763
,,-1.4417555,3.894957,-7.7530646,1682424271195,,-2.9226825,0.3278053,0.6952405,,,,,,-0.40332663,-0.026217079,0.3977229,0.78437996,0.545658,0.081848845,0.21280323
,,-1.1820544,4.8113275,-7.6455464,1682424271446,,-1.9562944,-0.039935283,0.48754644,,,,,,-0.47245356,-0.10076308,0.18973006,0.7873816,0.5274866,0.11771603,0.24480115
,,-1.0494123,5.859784,-7.0726247,1682424271698,,1.2770128,-0.07475458,-0.054901473,,,,,,-0.5568868,0.065370224,0.15819982,0.77764255,0.51110363,0.15404877,0.2838479
,,-0.92650104,5.466803,-7.486503,1682424271949,,2.7101016,-0.12912154,-1.0469459,,,,,,-0.40928614,-0.030459134,0.08789817,0.78170335,0.5168963,0.14647728,0.26876503
,,-1.1116258,4.2750163,-7.982297,1682424272200,,-1.4718786,0.081015944,0.4502837,,,,,,-0.5089199,-0.09103538,0.25828215,0.78760076,0.53690404,0.105271086,0.22224377
,,-1.1507882,4.4116464,-7.8326654,1682424272450,,-2.5573854,-0.12545635,0.24442227,,,,,,-0.6257574,-0.08169654,0.32736936,0.7865831,0.5383874,0.11019441,0.2197848
,,-0.98273236,5.841677,-7.388717,1682424272702,,0.883005,0.43592837,-0.018249584,,,,,,-0.7220351,0.155538,0.0630156,0.7749985,0.52174395,0.15876909,0.27178818
,,-0.9518649,6.0933228,-7.2569523,1682424272953,,2.4321582,-0.38385215,-0.55275625,,,,,,-0.7497695,0.27259675,0.06797045,0.768555,0.5240559,0.17242244,0.27697098
52.54014384,13.37092854,-1.1270993,4.399683,-7.7007403,1682424273000,5.7727394,-2.8041747,-0.18409938,0.32078037,,,,,,-0.59358954,0.116545536,0.5946744,0.76796836,0.569967,0.116133295,0.20362915
,,-1.1010972,5.1040497,-7.708319,1682424273203,,0.03940078,0.13355032,-0.15997021,,,,,,-0.6701694,0.3003125,0.32362404,0.77178437,0.5519724,0.13492905,0.22873229
,,-1.0049058,5.696035,-7.3250666,1682424273707,,-0.16340633,0.2935969,0.18455753,,,,,,-0.5799227,0.39273158,0.34957266,0.7561828,0.56031036,0.15703538,0.24700753
,,-0.80382895,6.280681,-7.07422,1682424273960,,2.1181736,-0.43577567,-0.5167152,,,,,,-0.483388,0.44168007,0.21769936,0.7442211,0.5569479,0.18374309,0.27099243
,,-0.8364512,5.4249287,-7.6395655,1682424274211,,2.076024,0.005268709,-0.44890925,,,,,,-0.32026243,0.37322763,0.21956564,0.74554807,0.5813082,0.1525525,0.23607872
,,-0.9677372,4.257629,-7.8443103,1682424274465,,-2.9599452,-0.024663666,0.58467394,,,,,,-0.2356573,0.12832801,0.5195967,0.7437537,0.603673,0.11685744,0.19998585
,,-0.78763735,5.041997,-7.6439514,1682424274717,,-0.8420771,0.3589594,0.4502837,,,,,,-0.09899901,0.12214808,0.22100045,0.7362102,0.5955884,0.14530998,0.23314549
,,-0.643111,6.1434927,-7.225846,1682424274968,,1.7266093,-0.46204284,-0.3737729,,,,,,-0.12820168,0.3414057,0.073490515,0.72724736,0.58105344,0.1825102,0.2709643
,,-0.64909303,5.5435324,-7.6618967,1682424275219,,2.4248278,-0.19081889,-0.6315578,,,,,,-0.050083246,0.28752643,0.06874377,0.73144597,0.59216255,0.16108681,0.2491138
,,-0.849452,4.2358546,-8.018029,1682424275471,,-2.9269586,0.10300707,0.76915514,,,,,,-0.06701342,0.08159389,0.3493689,0.73632914,0.611409,0.11529018,0.20579894
,,-0.7952147,4.8374896,-7.808896,1682424275723,,-1.4718786,0.15004367,0.18639012,,,,,,-0.07245635,0.1798723,0.3081328,0.73459965,0.60368174,0.13293007,0.22212127
,,-0.60697937,6.0827937,-7.3668637,1682424275973,,1.5421281,-0.610483,-0.1550833,,,,,,-0.13185182,0.33734053,0.04921047,0.72644484,0.5853231,0.17886505,0.26676515
52.54022107,13.37082467,-0.8269595,4.301817,-8.122198,1682424276000,6.4813495,-2.798677,0.043753188,0.76793337,,,,,,-0.15576403,0.034521993,0.1874332,0.7335827,0.6133521,0.1196053,0.20831576
,,-0.61870414,5.6832724,-7.703773,1682424276225,,2.5751004,-0.154167,-0.72807443,,,,,,-0.13850726,0.2756185,-0.02421511,0.72844994,0.591861,0.16713294,0.25364223
,,-0.74408805,4.6154356,-8.015797,1682424276728,,-1.5085306,0.06330086,0.34216064,,,,,,-0.14355595,0.0666049,0.11043415,0.7312057,0.61002713,0.12923191,0.21797463
,,-0.6096114,6.0202622,-7.4910502,1682424276980,,1.5354086,-0.7094431,-0.16180281,,,,,,-0.21539238,0.31932563,-0.049342353,0.723798,0.5906406,0.1781327,0.26450846
,,-0.55665034,5.642116,-7.6413198,1682424277232,,2.5769331,-0.13095413,-0.8117629,,,,,,-0.14940442,0.17588577,-0.036202915,0.72543967,0.5939392,0.17065392,0.25698596
,,-0.70652086,4.3966527,-8.020502,1682424277483,,-2.689943,-0.0045051277,0.5162571,,,,,,-0.06694613,0.071661726,0.2347319,0.73233545,0.61456794,0.121496245,0.20905289
,,-0.7619545,4.6044297,-7.968099,1682424277733,,-1.533576,0.056581352,0.3012327,,,,,,-0.20053749,0.13423052,0.21408924,0.7299192,0.6142228,0.12628092,0.21404082
,,-0.57651067,5.977829,-7.533882,1682424277984,,1.4859285,-0.4767036,-0.27725625,,,,,,-0.17300364,0.33340868,-0.0110044,0.7223219,0.5952925,0.17389388,0.26036015
,,-0.6268397,5.783692,-7.5300546,1682424278233,,2.5091271,-0.05093085,-0.7085268,,,,,,-0.1497028,0.28717864,0.12088463,0.7239602,0.59751815,0.16729562,0.25509343
,,-0.8159525,4.499783,-7.9584494,1682424278484,,-2.3484697,0.2013563,0.5504655,,,,,,-0.10247795,0.17938723,0.34369308,0.73098916,0.6174671,0.117799334,0.2080588
,,-0.851765,4.6238914,-7.852447,1682424278737,,-2.098015,0.16959134,0.3580431,,,,,,-0.14090739,0.24325286,0.39711794,0.72914684,0.6180048,0.12100247,0.20959051
,,-0.71186465,5.959405,-7.480203,1682424278988,,1.2513565,-0.33253953,-0.33467755,,,,,,-0.1950874,0.36771336,0.046790108,0.7199226,0.5997231,0.17194924,0.2570344
52.54028848,13.37072574,-0.8438689,4.572764,-7.8364134,1682424279000,7.166856,-1.795637,0.1268308,0.48754644,,,,,,-0.009376715,0.2055163,0.3280957,0.72328293,0.6230067,0.12382437,0.21086775
,,-0.6155138,5.8940005,-7.4049087,1682424279239,,2.8689265,-0.11446079,-0.7928261,,,,,,-0.010075885,0.30069876,0.09927232,0.7185685,0.6010206,0.17344873,0.25754955
,,-0.80087775,4.447619,-7.8210206,1682424279740,,-2.658178,-0.060704686,0.4380664,,,,,,0.009355847,0.096568026,0.35019982,0.7207695,0.62828946,0.12072185,0.20480609
,,-0.6017151,5.8531637,-7.442876,1682424279993,,1.4285073,0.07735075,-0.19112432,,,,,,-0.0025345325,0.30425695,-0.01178716,0.71085376,0.61188346,0.1708704,0.25140914
,,-0.49451673,5.9683375,-7.4430346,1682424280244,,2.6807802,-0.28367034,-0.79588044,,,,,,0.08843931,0.2501205,-0.11007587,0.7062787,0.61306787,0.17802319,0.2576328
,,-0.63673013,4.73739,-7.9677014,1682424280494,,-0.9611957,0.22212571,0.2578613,,,,,,0.20159476,0.26451823,0.10396875,0.7106553,0.6357063,0.12553236,0.21358378
,,-0.7246265,4.2969513,-8.01803,1682424280747,,-2.7137668,-0.3184896,0.36476263,,,,,,0.13759704,0.15181346,0.22642162,0.7121721,0.6418683,0.1091434,0.1990438
,,-0.545723,5.6086173,-7.659825,1682424280999,,0.82375115,0.2587776,0.051999863,,,,,,0.14509913,0.3241964,-0.015625095,0.7071458,0.6218693,0.15466724,0.2460876
,,-0.4431507,6.076255,-7.5214396,1682424281248,,2.223853,-0.25862488,-0.4965567,,,,,,0.22968131,0.44931632,-0.09833714,0.70704633,0.61110646,0.1703252,0.26385987
,,-0.6353742,4.953383,-7.9621177,1682424281499,,-0.13164136,0.2758818,0.23953535,,,,,,0.2707304,0.37521666,0.13367873,0.71831036,0.6241944,0.12358486,0.22449239
,,-0.7722437,4.2788453,-8.082556,1682424281751,,-2.8005097,-0.12545635,0.44784024,,,,,,0.17779039,0.24973235,0.32122788,0.7264611,0.6269062,0.0979844,0.20224667
52.54035938,13.37062393,-0.67118675,5.1949773,-7.787522,1682424282000,6.0533223,0.8518509,0.25572327,-0.010919208,,,,,,0.05437163,0.31994465,0.15237674,0.7323204,0.60190356,0.1363807,0.23374392
,,-0.66464645,5.462096,-7.6942,1682424282004,,0.27763805,0.2636645,-0.065286174,,,,,,0.050915953,0.278954,0.08283696,0.72576004,0.6033298,0.14364855,0.24507464
,,-0.52658045,6.078726,-7.4084973,1682424282256,,2.2861614,-0.2616792,-0.5277108,,,,,,0.056343008,0.29473183,0.007523982,0.72360605,0.5889154,0.17232797,0.26994276
,,-0.87696946,4.2007594,-7.94465,1682424282757,,-2.9825473,-0.11323906,0.6811906,,,,,,-0.08614602,0.09617346,0.37249947,0.73669815,0.6133429,0.10599921,0.20229164
,,-0.7361918,5.1892343,-7.577431,1682424283009,,-0.36987862,0.5464949,0.055054188,,,,,,-0.121919155,0.13062897,0.19394709,0.7307541,0.59844357,0.1443172,0.23926918
,,-0.5609575,6.138228,-7.3173304,1682424283260,,2.04487,-0.32826346,-0.39148796,,,,,,-0.07178594,0.3011689,-0.05034016,0.72204715,0.5866911,0.18103926,0.27249983
,,-0.6708677,5.3934226,-7.5767922,1682424283513,,1.8781037,0.1494328,-0.36460993,,,,,,0.0010598938,0.27041584,0.17447536,0.7277728,0.6003972,0.15048558,0.24350235
,,-0.83804613,4.334519,-7.9056473,1682424283765,,-3.0350816,0.19646938,0.43867728,,,,,,-0.075170435,0.1972296,0.35188046,0.73389566,0.61448413,0.11133417,0.20538275
,,-0.7393822,5.041358,-7.656474,1682424284015,,-0.5879573,0.7236457,0.23831362,,,,,,-0.112297155,0.1294339,0.18809938,0.7292408,0.6033208,0.14151214,0.23295444
,,-0.5650252,6.20108,-7.340781,1682424284267,,2.0650284,-0.32459828,-0.3737729,,,,,,-0.08463564,0.34571114,-0.07022572,0.7206463,0.5888632,0.18316476,0.2710013
,,-0.61734825,5.5349975,-7.692446,1682424284518,,2.0460916,-0.22441645,-0.5484802,,,,,,-0.033458386,0.33226317,0.022544121,0.72500587,0.6011363,0.15964422,0.24574265
,,-0.858784,4.3110685,-7.866724,1682424284769,,-2.7424774,0.14393501,0.5296961,,,,,,-0.08899057,0.15509255,0.3917982,0.73104733,0.61894476,0.11318698,0.20230894
52.5404255,13.37054308,-0.61224353,5.7083178,-7.492327,1682424285000,5.327541,2.902524,-0.25495967,-0.6266709,,,,,,0.08506586,0.38113183,0.12577881,0.72096574,0.60469353,0.16079171,0.24969886
,,-0.8115657,4.8245683,-7.753464,1682424285019,,-1.1988221,0.20379977,0.4246274,,,,,,-0.12817241,0.23338433,0.2491445,0.72780365,0.612734,0.13172501,0.21938746
,,-0.6490133,6.071548,-7.337192,1682424285271,,1.3826925,-0.28855726,-0.24060437,,,,,,-0.078254014,0.39803982,0.040743764,0.7182653,0.5976945,0.1763092,0.2625541
,,-0.80606216,4.4194636,-7.827402,1682424285779,,-2.0955715,0.20502149,0.48510298,,,,,,0.09602691,0.24828275,0.35661876,0.72860223,0.6221481,0.10881004,0.20432752
,,-0.7873184,4.683631,-7.7923074,1682424286029,,-2.2232423,0.0022143847,0.57123494,,,,,,0.10364838,0.23075639,0.28638142,0.7289698,0.61705965,0.113957666,0.21387918
,,-0.6523631,5.9967327,-7.3517885,1682424286279,,1.2935061,-0.48403397,-0.051236283,,,,,,0.068613686,0.45998782,0.07845494,0.72387767,0.5945408,0.15996765,0.2634341
,,-0.56542397,5.855557,-7.423813,1682424286530,,2.5940373,-0.032604907,-0.6181188,,,,,,0.15887515,0.3472137,0.06479052,0.7280173,0.5908201,0.15759102,0.26294
,,-0.7952944,4.721039,-7.793423,1682424286783,,-0.9300416,0.11155918,0.326889,,,,,,0.13114136,0.33102694,0.26579976,0.7396725,0.6036081,0.10992978,0.22004136
,,-0.88749796,4.4317465,-7.92112,1682424287034,,-2.5769331,0.021151192,0.08071051,,,,,,0.002499193,0.21920222,0.26169097,0.7448192,0.60202444,0.10221532,0.20981818
,,-0.7977672,5.6958737,-7.4627357,1682424287284,,0.32162032,0.3400226,-0.0787252,,,,,,-0.10872998,0.34080225,0.14344412,0.73899734,0.58245784,0.15060015,0.25744072
,,-0.6855438,5.9967327,-7.288299,1682424287534,,2.39123,-0.42539096,-0.63277954,,,,,,-0.07905988,0.3254474,0.076637,0.73442394,0.5764386,0.16820732,0.27187216
,,-0.91094756,5.0487757,-7.8804417,1682424287785,,1.5256348,0.14088069,-0.44218975,,,,,,-0.07560037,0.27902004,0.099208385,0.74131054,0.5935052,0.12914637,0.23605752
52.54050781,13.37043107,-0.8090134,5.814639,-7.448059,1682424288000,4.7545753,1.2421936,-0.49197522,-0.22044583,,,,,,-0.03935325,0.27969742,0.0039464314,0.7206047,0.59601474,0.1592065,0.26620248
,,-1.0866605,4.1552963,-7.963552,1682424288036,,-2.4877467,0.35162905,0.32811075,,,,,,-0.15446481,0.16512673,0.31637552,0.7413051,0.60726047,0.09842283,0.20428258
,,-0.9416555,5.0314684,-7.908357,1682424288289,,-1.4156791,0.043142326,0.2370919,,,,,,-0.09552316,0.18128106,0.026050234,0.73399407,0.6023178,0.12842984,0.23416471
,,-0.78045905,5.406902,-7.8605022,1682424288793,,2.5256205,-0.4333322,-0.52709997,,,,,,0.18455172,0.2754507,-0.024574915,0.7248194,0.60560626,0.13767882,0.25131896
,,-0.9869596,4.2990255,-8.09452,1682424289043,,-1.2189807,0.25694498,0.7972549,,,,,,0.25916788,0.2766418,0.23677582,0.73287755,0.6174657,0.088575296,0.21097897
,,-0.8554341,4.315057,-8.08104,1682424289293,,-2.609309,-0.1645517,0.5315287,,,,,,0.34870797,0.105917536,0.2125625,0.7403906,0.6065479,0.09095567,0.21425082
,,-0.6778069,5.696114,-7.6733837,1682424289543,,0.116980605,0.20074543,0.08132137,,,,,,0.36545223,0.38933697,0.023547491,0.7418892,0.5777484,0.12897192,0.26315257
,,-0.5848059,5.8285165,-7.452765,1682424289794,,1.9361359,-0.25068364,-0.4256964,,,,,,0.35555446,0.35600647,0.12905498,0.750568,0.55693316,0.13507505,0.27604282
,,-0.72709906,5.066084,-7.9338813,1682424290047,,2.0179918,0.05902481,-0.44768754,,,,,,0.34336424,0.35760716,0.17941149,0.77160275,0.5530842,0.099172994,0.2457187
,,-0.8701898,4.169892,-8.004949,1682424290298,,-2.740645,0.2325104,0.5443569,,,,,,0.16808072,0.15926726,0.3926342,0.7849521,0.548083,0.07554998,0.212968
,,-0.7149754,5.0472608,-7.981021,1682424290548,,-1.7107269,0.12560907,0.12530364,,,,,,0.030831201,0.10470376,0.10673588,0.7887979,0.5286895,0.11099675,0.24499972
,,-0.6161518,5.9063635,-7.4529247,1682424290799,,1.1762202,-0.22136213,-0.14103341,,,,,,-0.070646875,0.25404283,0.08861195,0.7796904,0.51506644,0.14409856,0.279921
52.54057299,13.37035037,-0.7376274,4.455197,-8.190393,1682424291000,4.2603436,-2.410167,-0.26778784,0.16134466,,,,,,0.121413834,0.14729977,0.1329771,0.80166626,0.5220621,0.0907656,0.2188459
,,-0.62173504,5.413682,-7.829555,1682424291050,,2.5378377,-0.30199626,-0.15691589,,,,,,0.07058622,0.16292194,0.066402406,0.78524005,0.52121544,0.12958138,0.26431665
,,-0.8256834,4.406862,-8.177471,1682424291301,,-1.1786636,0.39866564,0.6738602,,,,,,0.11276677,0.22425516,0.20431489,0.79595226,0.53088945,0.089781895,0.21986765
,,-0.5386244,5.734878,-7.7308908,1682424291807,,0.7351758,0.100563616,-0.14958552,,,,,,0.1842766,0.36808845,-0.02277689,0.7971322,0.4988765,0.12420359,0.27160275
,,-0.47984073,5.870871,-7.469196,1682424292058,,2.17926,-0.57322025,-0.23755004,,,,,,0.3257799,0.41533437,0.07959081,0.8008344,0.48600388,0.12408418,0.28276187
,,-0.6818747,4.9920664,-8.08104,1682424292309,,1.0662645,0.084070265,0.1381318,,,,,,0.39413166,0.5504014,0.05955855,0.8212132,0.4842325,0.0789648,0.24173078
,,-0.77431756,4.151547,-8.149317,1682424292567,,-2.848157,-0.12789981,0.69951653,,,,,,0.3507114,0.38746676,0.24941699,0.8366396,0.47296923,0.051611662,0.21056317
,,-0.54995036,5.298347,-7.81472,1682424292819,,-0.69546956,0.11339177,0.55290896,,,,,,0.43747026,0.50253403,0.049116533,0.83920187,0.4430662,0.07313535,0.25595886
,,-0.47433716,5.9161744,-7.3909507,1682424293070,,1.9660683,-0.7296016,-0.03657553,,,,,,0.37950736,0.6094395,0.026243052,0.8391272,0.41187647,0.086966254,0.29513195
,,-0.62372905,5.3386264,-7.834899,1682424293322,,2.4077234,0.23556472,-0.8606321,,,,,,0.29873702,0.53467065,0.056642532,0.8595122,0.39469182,0.06315736,0.26768595
,,-0.8181858,4.236652,-8.113184,1682424293575,,-2.8231115,0.38828093,0.31039566,,,,,,0.02962213,0.374639,0.2512734,0.8782452,0.38450938,0.037178885,0.22007328
,,-0.7010172,4.9156556,-7.81408,1682424293825,,-1.7156137,0.28932083,0.1485165,,,,,,-0.12373192,0.29939863,0.20723924,0.8807447,0.36104244,0.06255521,0.24661937
52.54066293,13.37019995,-0.8380463,4.552264,-7.9214396,1682424294000,6.596483,-1.5189153,0.20807582,0.336052,,,,,,-0.53044206,0.11654057,0.2730158,0.8832479,0.36139664,0.0761398,0.23326932
,,-0.6034699,6.152824,-7.2965937,1682424294076,,1.3301581,-0.28550294,-0.24976733,,,,,,-0.35663593,0.40339476,0.03314716,0.870902,0.33869106,0.10180853,0.30081785
,,-0.6635297,5.702974,-7.53779,1682424294328,,2.8506005,-0.20181446,-0.92782724,,,,,,-0.50901014,0.21566267,0.074544586,0.8747428,0.3397365,0.102742426,0.2893375
,,-0.75900334,4.42066,-7.9091563,1682424294833,,-2.7382014,-0.16699515,0.51686794,,,,,,-0.5267653,-0.014278289,0.20997609,0.8784968,0.37402192,0.08031345,0.22991149
,,-0.5924628,5.811688,-7.481319,1682424295083,,1.1059707,0.19158247,-0.06895136,,,,,,-0.43416026,0.18945938,-0.060254097,0.8615116,0.36692345,0.11110521,0.28949383
,,-0.39561334,5.685906,-7.4873004,1682424295335,,2.0900738,0.38767007,-0.48922634,,,,,,-0.2827449,0.057231713,-0.09372544,0.8578347,0.3698756,0.11420459,0.2959476
,,-0.55258256,4.651727,-8.0004015,1682424295585,,0.44745845,0.11033745,0.005574141,,,,,,-0.22541128,0.10899282,0.111724935,0.869461,0.38801003,0.08161077,0.24495703
,,-0.6396813,3.998646,-8.071868,1682424295836,,-2.8994696,-0.019165883,0.33666286,,,,,,-0.23740861,-0.05044804,0.23666096,0.87198395,0.39940146,0.066510454,0.21609792
,,-0.54428744,5.197769,-7.689336,1682424296092,,-0.7357866,0.27221662,0.17356196,,,,,,-0.22223802,0.037539862,0.04825557,0.86105984,0.38904327,0.0948646,0.26633492
,,-0.41890353,5.872625,-7.299704,1682424296345,,2.003942,-0.36491534,-0.28580835,,,,,,-0.12267494,0.21102816,0.07502157,0.8513124,0.3827558,0.11144169,0.29719642
,,-0.53336024,5.1116266,-7.7845693,1682424296598,,2.1584907,0.041920595,-0.5020545,,,,,,-0.02373029,0.24606739,0.17186268,0.8617909,0.39667055,0.08606759,0.25785646
,,-0.7612366,4.1376686,-8.019384,1682424296849,,-2.554942,0.15370885,0.47716177,,,,,,-0.058258437,0.14985034,0.3201585,0.8682153,0.4109608,0.055567075,0.21154109
,,-0.65738827,4.7803016,-7.7889566,1682424297099,,-1.2818997,0.40416342,0.4191296,,,,,,0.04523013,0.044872545,0.18314648,0.8636603,0.4010383,0.069680594,0.24415733
,,-0.47473606,6.1534624,-7.368539,1682424297349,,1.3863577,-0.727769,-0.16424626,,,,,,0.105080836,0.39482734,-0.031723697,0.8531073,0.38400096,0.093905,0.2953005
,,-0.6973483,4.491487,-8.061738,1682424297853,,-1.5555671,0.26794055,0.4606684,,,,,,0.16024022,0.3144987,0.19752035,0.8752478,0.39150795,0.043649748,0.22279002
52.54079631,13.37019436,-0.42241302,5.654878,-7.7422967,1682424298000,7.8727117,2.3820672,-0.08697187,-0.7763328,,,,,,0.22666532,0.3306486,-0.018039012,0.8620394,0.38269478,0.07928564,0.27740756
,,-0.68498534,4.4658837,-8.012526,1682424298105,,-2.410167,-0.25007278,0.4001928,,,,,,0.07808631,0.15162736,0.2037573,0.8776323,0.38344654,0.045342907,0.22710463
,,-0.574756,5.8211794,-7.451808,1682424298356,,0.7150172,0.33757916,0.073380135,,,,,,0.07405563,0.38106075,0.14914122,0.8679816,0.36074078,0.07628598,0.28798756
,,-0.43286163,6.054001,-7.4430346,1682424298607,,1.8695517,-0.08880447,-0.612621,,,,,,0.09824184,0.4446076,0.01464413,0.86708444,0.3512512,0.08441548,0.29828063
,,-0.6943972,5.017111,-7.8129654,1682424298858,,1.6838487,-0.0045051277,-0.41225737,,,,,,0.021055706,0.3668892,0.27936545,0.8805214,0.3589384,0.05987793,0.2553317
,,-0.79960155,4.26377,-7.816634,1682424299110,,-2.743699,0.073685564,0.6738602,,,,,,-0.04966517,0.22909117,0.4519498,0.88530385,0.36441505,0.04508398,0.22201493
,,-0.6671986,5.2137203,-7.7699733,1682424299361,,-1.6362013,0.14088069,0.35376707,,,,,,-0.0540917,0.19988985,0.12781857,0.8808991,0.34953198,0.06861103,0.26506588
,,-0.5627919,5.962993,-7.2839913,1682424299611,,0.9935716,-0.24579671,-0.083612114,,,,,,-0.11007958,0.29712728,0.077647306,0.86920905,0.3376517,0.0911339,0.30291364
,,-0.4896513,5.543292,-7.6346993,1682424299862,,2.3313653,-0.055817768,-0.74762213,,,,,,-0.049896717,0.17235754,0.04243102,0.87562084,0.34338346,0.08537552,0.28472254
,,-0.75381887,4.5521855,-7.88475,1682424300113,,-0.29474226,0.2447277,0.2474766,,,,,,-0.14642149,0.14904104,0.31049052,0.8827916,0.3608211,0.059357975,0.23735021
,,-0.69447696,4.3621154,-7.8927255,1682424300363,,-2.424217,-0.05948296,0.20593779,,,,,,-0.13279606,-0.010864158,0.31194368,0.8827012,0.3625336,0.06075327,0.23351356
,,-0.5129413,5.940101,-7.211329,1682424300864,,1.6019928,-0.49258608,-0.21983497,,,,,,-0.2142023,0.31449744,0.123634815,0.8629592,0.35217616,0.10158897,0.3018249
52.54086877,13.37019308,-0.61495537,5.6080575,-7.503014,1682424301000,7.5814757,-0.6698132,0.4426479,0.27435464,,,,,,-0.2112815,0.22624984,0.123911396,0.87109566,0.3520096,0.088474676,0.28670505
,,-0.61439705,5.2793646,-7.6705914,1682424301114,,2.3142612,-0.08147409,-0.8453605,,,,,,-0.12106182,0.19979542,0.1726343,0.8717839,0.36669976,0.083026804,0.27087548
,,-0.8320641,4.373283,-7.818627,1682424301365,,-1.4059052,0.1805869,0.37514734,,,,,,-0.2048591,0.16809502,0.39488906,0.87368625,0.38666466,0.05964009,0.22886495
,,-0.7315657,4.7485566,-7.772207,1682424301615,,-2.3295329,-0.07108939,0.034284785,,,,,,-0.19181608,0.04695743,0.24827345,0.8696764,0.38687673,0.07333987,0.2476964
,,-0.6222136,5.7219563,-7.3788285,1682424301867,,0.1847866,0.16103923,0.07582359,,,,,,-0.20401952,0.19284368,0.08375001,0.85509396,0.38263294,0.09912055,0.2912981
,,-0.4630112,5.6756153,-7.486664,1682424302119,,1.8579452,-0.23480114,-0.5497019,,,,,,-0.09150186,0.14495069,0.011931753,0.85314554,0.3870974,0.10465065,0.28967655
,,-0.60307115,4.8791256,-7.976315,1682424302373,,2.0570872,-0.053985175,-0.6511055,,,,,,-0.053988196,0.10021825,0.07853449,0.86084634,0.40371928,0.082485095,0.25399682
,,-0.64071816,4.1805797,-8.003274,1682424302625,,-2.3087635,0.16103923,0.4325686,,,,,,-0.03923699,0.1011429,0.2281824,0.8601977,0.41837367,0.06562066,0.22210833
,,-0.5310471,4.9730825,-7.838488,1682424302874,,-1.9740095,-0.19509494,0.3830886,,,,,,0.08413288,0.10739057,0.068277694,0.8550836,0.41324073,0.08367549,0.25550303
,,-0.4532804,5.793821,-7.336952,1682424303126,,0.16584979,-0.108963005,0.12652537,,,,,,0.17302696,0.3410607,0.048372936,0.8436592,0.4052676,0.101113185,0.29160234
,,-0.40757748,5.649135,-7.559006,1682424303377,,2.0815217,-0.27511823,-0.45318532,,,,,,0.31220692,0.33312777,-0.0245224,0.8484924,0.4052817,0.092795126,0.28409278
,,-0.6462217,4.3691344,-7.858748,1682424303880,,-2.550055,0.040698867,0.6262128,,,,,,0.34113213,0.23175178,0.27272943,0.8614288,0.4167139,0.05156878,0.22519034
52.5409681,13.37015406,-0.6727022,4.8447485,-7.9160156,1682424304000,7.9725723,1.0063998,0.017486004,-0.19784383,,,,,,0.2988539,0.39081824,0.1246696,0.85834736,0.41566995,0.062471382,0.24437611
,,-0.5840082,5.4829135,-7.630234,1682424304133,,-1.398575,0.15370885,0.2529744,,,,,,0.36220822,0.384903,0.114290126,0.8587828,0.3994888,0.07391618,0.26869288
,,-0.46221358,5.997451,-7.387362,1682424304384,,1.086423,-0.60376346,0.012293654,,,,,,0.3049083,0.46926212,0.0012437502,0.85315037,0.3841248,0.08743148,0.29562643
,,-0.4409175,5.4719067,-7.8573914,1682424304637,,2.3838997,-0.18654284,-0.32246023,,,,,,0.3777736,0.31633857,-0.061405484,0.86456645,0.38126236,0.071298175,0.27636787
,,-0.7179266,4.520679,-8.148678,1682424304887,,-0.53603387,0.099341884,0.4588358,,,,,,0.25462183,0.3907334,0.11537511,0.8757868,0.38546595,0.041452184,0.230364
,,-0.65794647,4.43733,-8.060463,1682424305138,,-2.6703954,-0.3606393,0.73372495,,,,,,0.2972582,0.18799575,0.17270736,0.8809605,0.37281206,0.04063069,0.23116088
,,-0.58687973,5.67729,-7.630872,1682424305389,,-0.49266243,0.37728536,0.45517063,,,,,,0.24134701,0.41248074,0.045579035,0.8771894,0.34383005,0.059631396,0.28372404
,,-0.41300115,5.8317876,-7.4924855,1682424305642,,1.5250239,-0.3777435,0.031230463,,,,,,0.19973812,0.34202257,-0.021292003,0.8773791,0.3213001,0.06526896,0.30095875
,,-0.5211567,5.232226,-7.858269,1682424305893,,2.3973389,0.0193186,-0.96570086,,,,,,0.16908452,0.30878496,0.06065887,0.894014,0.31079215,0.04653712,0.2729325
,,-0.72382885,4.4599023,-7.961321,1682424306144,,-1.4492767,0.17631085,0.50648326,,,,,,-0.016043792,0.3150567,0.2980613,0.9037158,0.30931458,0.029943751,0.23218586
,,-0.4880561,4.70397,-7.922716,1682424306396,,-2.3350306,-0.021609342,0.18028148,,,,,,-0.008507016,0.021255104,0.22872576,0.90617085,0.29382518,0.046637762,0.25113672
,,-0.26871392,5.578626,-7.6044703,1682424306897,,1.8335106,-0.393626,-0.37071857,,,,,,-0.14833896,0.096711606,0.034085497,0.89528984,0.27637044,0.07879352,0.2971434
52.54108708,13.37007077,-0.41124642,5.717012,-7.5012603,1682424307000,8.368137,-0.19883649,0.14698933,0.10392337,,,,,,-0.17425331,0.2170582,0.10027672,0.89610255,0.27771404,0.070767775,0.2964665
,,-0.46006,4.9351177,-7.978309,1682424307148,,2.2055273,-0.08575014,-0.6920334,,,,,,-0.13508096,0.12603214,0.123940624,0.9053174,0.28848308,0.06164916,0.2618132
,,-0.51940197,4.247021,-8.062616,1682424307400,,-2.1713188,0.040088,0.68485576,,,,,,-0.08333944,0.022086767,0.261112,0.90715325,0.3024407,0.048032515,0.228065
,,-0.3571687,4.905287,-7.9124274,1682424307651,,-2.03082,0.11094832,0.35193446,,,,,,-0.02116108,-0.03699619,0.08314783,0.9029306,0.29442942,0.06272348,0.26213324
,,-0.3302893,5.896155,-7.3746796,1682424307904,,0.8127556,0.0816268,-0.081779525,,,,,,-0.035909258,0.219857,0.037867945,0.8899076,0.28665575,0.07753496,0.3024398
,,-0.26273194,5.6333437,-7.605906,1682424308156,,2.1542146,-0.21891867,-0.65171635,,,,,,0.09787302,0.15661773,-0.01103104,0.89460576,0.28795138,0.07140611,0.29227364
,,-0.51238304,4.7173696,-7.979825,1682424308407,,0.40347618,0.4976257,0.09964732,,,,,,0.08479064,0.13153897,0.14105725,0.90620273,0.29925787,0.046551157,0.24562044
,,-0.5175675,4.2573094,-7.905328,1682424308658,,-2.7968445,0.2202931,0.3775908,,,,,,0.007715381,-0.12041117,0.30942017,0.90935844,0.29843283,0.04485148,0.23044163
,,-0.39545387,5.4572306,-7.583652,1682424308909,,-0.7345649,0.6973785,0.12896882,,,,,,-0.10623271,0.057043504,0.054463353,0.9004181,0.28143936,0.07109852,0.28342858
,,-0.27078784,6.01117,-7.266684,1682424309160,,1.6533055,-0.43760824,-0.24182609,,,,,,-0.17350523,0.15012409,-0.013677867,0.88945824,0.27554396,0.090445645,0.31071094
,,-0.36849478,5.401,-7.7549787,1682424309411,,2.699106,-0.407065,-0.9223295,,,,,,-0.18944243,0.12021862,-0.031817578,0.8981211,0.28772756,0.07977513,0.28075048
,,-0.4788836,4.836453,-7.8396845,1682424309913,,-2.16857,0.2667952,0.13858995,,,,,,-0.21440943,0.0017423152,0.12487432,0.89541775,0.31522694,0.070897184,0.25256714
52.54121287,13.37004368,-0.581456,4.338826,-7.978707,1682424310000,8.421434,-2.3582435,0.03886627,0.37697992,,,,,,-0.2311725,-0.0047578574,0.19325694,0.9026174,0.31024513,0.058245562,0.23049812
,,-0.3535794,5.956613,-7.4239717,1682424310164,,0.97371846,-0.1565341,-0.18883358,,,,,,-0.17713623,0.20736226,-0.079400316,0.8765241,0.3160489,0.09583085,0.30461848
,,-0.36442688,5.759683,-7.4660053,1682424310414,,2.7366743,-0.35201082,-0.45089456,,,,,,-0.04126035,0.16144766,0.011652422,0.87482536,0.32876024,0.09306244,0.29932517
,,-0.6465407,4.674937,-7.933564,1682424310666,,-0.26328272,0.35475972,0.119653136,,,,,,0.0052988827,0.21162012,0.19457714,0.88597924,0.35030267,0.058891274,0.24476849
,,-0.6991031,4.2070613,-7.952387,1682424310918,,-3.0201154,-0.01725693,0.7262419,,,,,,0.046519294,0.070617706,0.35429057,0.8874149,0.35798642,0.0480419,0.22742423
,,-0.5391029,5.610452,-7.5325255,1682424311169,,-0.2858847,0.099418245,0.22105668,,,,,,-0.0027689557,0.3010057,0.10936486,0.87663585,0.34031108,0.07662841,0.28650016
,,-0.4327818,5.9780684,-7.2824764,1682424311419,,2.023184,0.010231985,-0.5932261,,,,,,-0.05263893,0.26548964,0.04133164,0.8703092,0.32983178,0.09198246,0.3100692
,,-0.5783452,5.1770315,-7.812167,1682424311670,,1.6358958,-0.042302385,-0.47532916,,,,,,-0.06606731,0.27533153,0.100631066,0.88270724,0.3411647,0.070023574,0.26788464
,,-0.73435724,4.235695,-7.9979305,1682424311920,,-2.8454082,0.107359484,0.4880046,,,,,,-0.17990367,0.13770995,0.32227725,0.8893095,0.35390297,0.049864907,0.22472313
,,-0.6178268,5.1839705,-7.720522,1682424312171,,-0.97371846,0.26435173,0.4311942,,,,,,-0.2103764,0.20252003,0.19569255,0.88065076,0.3462157,0.07424695,0.26529172
,,-0.4915655,6.114619,-7.280561,1682424312425,,1.7611232,0.031001387,-0.2541961,,,,,,-0.2989481,0.26039833,-0.020755053,0.8648518,0.33988228,0.10428841,0.3112442
,,-0.6264409,5.9163337,-7.1559753,1682424312929,,-0.31642795,-0.010537418,0.010919208,,,,,,-0.30789784,0.13017607,0.18611306,0.85505694,0.3656518,0.1111479,0.30802235
52.54130761,13.37003694,-0.5458826,5.775237,-7.3140607,1682424313000,8.8663645,-1.178969,0.24113888,0.14775293,,,,,,-0.3014773,0.08666228,0.1481901,0.86330914,0.3538414,0.10577499,0.30271998
,,-0.58073807,6.7975307,-6.4789653,1682424313183,,0.47280934,0.041996952,-0.10942116,,,,,,-0.28196082,0.12211407,0.16365585,0.83632666,0.36393654,0.1363859,0.35311338
,,-0.48598233,8.0684395,-5.945047,1682424313435,,-0.106290475,-0.110108376,-0.058719378,,,,,,-0.22006324,0.2881889,-0.028330294,0.81669915,0.35974658,0.16719641,0.41294473
,,-0.50743794,8.172447,-5.5051665,1682424313686,,0.027488915,0.40607235,-0.02451095,,,,,,-0.10511594,0.02171162,0.049742244,0.8033269,0.3665419,0.17706986,0.43189976
,,-0.5343173,8.180662,-5.256314,1682424313936,,0.01527162,-0.003817905,0.09888373,,,,,,0.0637705,0.09158675,0.25053206,0.7973409,0.37455836,0.17378767,0.43752956
,,-0.6577071,8.533842,-4.9406996,1682424314188,,-0.17898338,-0.019089524,0.31024295,,,,,,0.12250169,0.21126892,0.28280792,0.78684324,0.37475833,0.17706041,0.45651782
,,-0.7402596,8.750792,-4.764429,1682424314439,,-0.06658426,-0.36728245,0.07383828,,,,,,0.19992171,0.33346835,0.33857778,0.7824694,0.37748066,0.17323813,0.46360332
,,-0.74137616,8.7577305,-4.670392,1682424314690,,0.239459,-0.080176,0.10377065,,,,,,0.2889025,0.31400326,0.4093598,0.78094965,0.37783173,0.1674583,0.46802658
,,-0.7315656,8.783255,-4.524668,1682424314941,,0.029932374,-0.21090107,0.12148573,,,,,,0.3911782,0.2981303,0.5019386,0.7813473,0.37235415,0.16139151,0.47369534
,,-0.6935996,8.911192,-4.501537,1682424315193,,-0.049480047,-0.07589995,-0.16195552,,,,,,0.40641454,0.42605305,0.52528846,0.7847286,0.36265785,0.15318856,0.4779753
,,-0.7350751,8.977712,-4.4725847,1682424315444,,0.11423171,-0.24694209,0.2070068,,,,,,0.4367198,0.396825,0.5188717,0.7884608,0.35300678,0.14430389,0.4815281
,,-0.61168534,9.0392065,-4.3550963,1682424315948,,0.42699447,-0.25732678,0.5753583,,,,,,0.6605689,0.3491273,0.5014926,0.8025668,0.3168155,0.11539406,0.48899445
52.54142867,13.37001255,-0.5690133,8.969255,-4.357091,1682424316000,12.561749,-0.5839867,-0.39477137,0.5191587,,,,,,0.65066785,0.37250683,0.48800638,0.79473984,0.34022588,0.1322748,0.48329672
,,-0.49363926,9.000363,-4.277888,1682424316199,,1.5125012,-0.2206749,0.15752676,,,,,,0.7444809,0.38990134,0.6780938,0.81547,0.28393117,0.09761838,0.48898137
,,-0.5114259,8.6345005,-4.710591,1682424316451,,1.0225877,-0.7362448,0.16058108,,,,,,0.6608733,0.270698,0.5526031,0.83472365,0.24875754,0.0769992,0.47451782
,,-0.65986073,7.9664235,-5.4396834,1682424316703,,1.7366886,-0.16814053,-0.10942116,,,,,,0.6146559,0.3704926,0.466008,0.86102957,0.2177568,0.046833444,0.432878
,,-0.8349356,6.6050677,-6.215995,1682424316953,,-0.23029602,0.089033544,0.3163516,,,,,,0.5458177,0.3267439,0.5071862,0.89122796,0.1888992,0.012605698,0.35861105
,,-0.98695964,5.3879185,-7.0473413,1682424317206,,-2.0036364,-0.05146536,0.7732785,,,,,,0.35138738,0.1784905,0.52481997,0.919202,0.15766533,-0.012788539,0.2958772
,,-0.9570493,4.864847,-7.544569,1682424317457,,-1.2980876,0.041996952,0.33101234,,,,,,0.3137432,0.15043344,0.44373462,0.9379232,0.12535222,-0.028549206,0.2675059
,,-1.0328219,4.8492146,-7.791031,1682424317709,,0.36102107,-0.031917684,0.22533275,,,,,,0.091297366,0.14934553,0.21529418,0.9424274,0.096852764,-0.036637496,0.2647909
,,-0.9248257,5.1021357,-7.772288,1682424317960,,1.4611886,-0.2243401,-0.2126573,,,,,,0.044435628,0.2892601,0.1658545,0.9415995,0.06976109,-0.038349412,0.2704381
,,-0.77742785,5.0989456,-7.6272025,1682424318211,,1.5173881,0.0059559317,-0.45455974,,,,,,-0.057869557,0.12718871,0.2466731,0.9418449,0.04282941,-0.032030318,0.27708614
,,-0.7689735,5.2450666,-7.7084775,1682424318464,,-0.7892373,-0.5884155,-0.003130682,,,,,,-0.22824289,0.0757253,0.1405712,0.9436018,0.019803636,-0.023639478,0.28524393
,,-1.2955539,4.6219764,-7.9369135,1682424318965,,-0.28221953,0.0481056,-0.091706075,,,,,,-0.47158307,-0.03060006,0.1888206,0.951169,0.011556673,-0.040244233,0.25757506
52.54152679,13.37003384,-0.9710074,5.3228335,-7.757052,1682424319000,12.02313,-0.0061086477,-0.09117157,-0.4741074,,,,,,-0.3621831,0.11243752,0.08533662,0.944268,0.0064423825,-0.028273182,0.2871955
,,-1.7298512,3.723152,-8.489735,1682424319215,,-0.22235478,0.16172644,0.018249584,,,,,,-0.5361578,-0.17067371,0.18260238,0.965876,0.024417616,-0.05647852,0.21199422
,,-2.3159332,3.0243685,-8.829038,1682424319465,,0.20769402,0.38774642,-0.19005531,,,,,,-0.7668556,-0.23565382,0.25153673,0.9776138,0.039950646,-0.070508786,0.1747667
,,-2.6837897,2.768416,-9.025647,1682424319716,,-0.14538582,0.2594648,-0.5248092,,,,,,-0.923847,-0.23468071,0.14163528,0.9801572,0.059104253,-0.07781139,0.1611998
,,-2.9094324,3.0893738,-8.878329,1682424319967,,-0.34758207,0.1763872,-0.6482039,,,,,,-0.97804326,-0.24437515,0.17274141,0.97615826,0.07714036,-0.08321067,0.17913532
,,-3.0660028,3.4329832,-8.86126,1682424320219,,-0.11178826,0.30589053,-0.6237693,,,,,,-1.0409454,-0.1512928,0.089300565,0.9716469,0.097448364,-0.083612755,0.19452551
,,-2.9969304,3.6080577,-8.893324,1682424320470,,-0.39278606,0.12935062,-0.6396518,,,,,,-0.9152141,-0.1103236,0.0028677622,0.9658834,0.123215795,-0.08063991,0.20440106
,,-2.96056,3.8438299,-8.838049,1682424320722,,-6.108648E-4,0.25579962,-0.7422771,,,,,,-0.76599693,0.051604066,0.052709404,0.9565001,0.1625265,-0.07631627,0.21165071
,,-2.7757542,3.7679777,-8.772806,1682424320974,,-0.0036651888,-0.12965605,-0.5840631,,,,,,-0.37879008,0.07759144,0.13094853,0.94111353,0.21921568,-0.07523657,0.21503973
,,-2.9056048,3.8404806,-8.688178,1682424321226,,0.011606431,0.123852834,0.33773187,,,,,,-0.17766574,0.22208561,0.17279401,0.9216745,0.27905947,-0.079278946,0.22037305
,,-2.990151,3.9855654,-8.606504,1682424321476,,0.12950334,-0.27259842,-0.07887791,,,,,,-0.040318802,0.4273405,0.24165381,0.9051434,0.33064345,-0.08007132,0.22503252
,,-3.1209586,4.556412,-7.8414397,1682424321982,,-1.0146464,-0.6556106,0.7274636,,,,,,0.10743334,0.46284485,0.5353922,0.86828,0.4033902,-0.06345155,0.26479453
52.54151887,13.37004183,-3.0305896,4.0375686,-8.317611,1682424322000,11.768476,-1.703091,-0.0923933,0.45379618,,,,,,0.11478638,0.47932586,0.44549173,0.88922334,0.3751628,-0.078948334,0.23286842
,,-3.0510879,5.589394,-6.699744,1682424322233,,0.87536925,-0.7857248,-0.14790563,,,,,,0.20571442,0.61781174,0.8470182,0.84755594,0.39936158,-0.049460452,0.31441906
,,-2.578824,7.009853,-5.742775,1682424322483,,-0.9431752,1.4836378,-0.48937905,,,,,,0.33161357,0.9964269,0.82192236,0.8332616,0.3624531,-0.03397474,0.37267238
,,-1.790629,7.9617987,-4.659782,1682424322735,,-0.5112938,-0.7722858,0.30596688,,,,,,0.7280381,0.83786076,0.7491216,0.81271964,0.32624415,0.0022919143,0.4382414
,,-1.1004593,8.782378,-3.5303702,1682424322986,,-0.18875721,-2.0196717,0.41103563,,,,,,0.92689234,0.5765898,0.5662748,0.78826827,0.27882,0.031873595,0.5108556
,,-0.4659624,9.763196,-2.611128,1682424323237,,-0.06352994,-1.4405719,0.31696245,,,,,,1.0333267,0.55520797,0.30372477,0.7683947,0.20373125,0.03816745,0.5776743
,,-0.07936194,10.259866,-1.9165714,1682424323489,,-0.1472184,0.4922043,0.090942495,,,,,,0.9362059,0.5717686,0.117389224,0.75494474,0.1162023,0.01496874,0.61742854
,,0.3665804,10.135598,-1.8886553,1682424323739,,-0.031154104,0.14645483,-0.085597426,,,,,,0.88224894,0.33194378,-0.3386668,0.7447327,0.04904194,-0.004444038,0.6392082
,,0.33946174,9.781938,-1.6334206,1682424323989,,0.076358095,-0.6018545,-0.117362395,,,,,,0.67537636,-0.09258346,-0.42809126,0.73439956,-2.3769835E-6,-0.024271617,0.6540364
,,0.02065802,9.839288,-1.5210375,1682424324240,,0.02687805,0.44455683,-0.03489565,,,,,,0.21049064,-0.045786127,-0.42881262,0.7347243,-0.05946658,-0.06613626,0.65972143
,,-0.08989037,9.948478,-1.4464612,1682424324491,,0.15638138,-0.38255405,-0.29145885,,,,,,0.09990127,0.06192398,-0.30616993,0.73824066,-0.099907264,-0.100599974,0.65760237
,,-0.37607196,9.793505,-1.6325432,1682424324995,,0.13133593,0.105526894,-0.38736463,,,,,,0.17164148,-0.03342498,-0.21472569,0.7477369,-0.10056602,-0.12080944,0.64389795
52.54153975,13.37002466,-0.14556338,9.900065,-1.462174,1682424325000,12.219285,0.12156209,-0.62934345,-0.062384564,,,,,,0.14206369,0.044214725,-0.19023766,0.74130625,-0.10989109,-0.11623157,0.651198
,,-0.85351986,9.680963,-1.9467206,1682424325248,,-0.17653993,-0.11804962,0.13858995,,,,,,0.016099064,-0.07197895,-0.3131431,0.756357,-0.088993125,-0.13054655,0.6329163
,,-1.2402799,9.609257,-2.1562521,1682424325499,,0.30970845,-0.008093959,0.04085158,,,,,,-0.040959537,-0.06713629,-0.3157507,0.7640486,-0.07964512,-0.14237887,0.62235886
,,-1.4622538,9.51474,-2.469393,1682424325750,,-0.017104214,0.35903576,0.06406444,,,,,,0.03248995,-0.07461026,-0.33143345,0.7747652,-0.06804634,-0.14971885,0.6089192
,,-1.8505292,9.38138,-2.7389843,1682424326001,,-0.18997894,0.5648972,-0.33483025,,,,,,-0.09595602,-0.112474374,-0.31431237,0.78515315,-0.056733143,-0.15485062,0.59589356
,,-2.1913474,9.132366,-3.2466617,1682424326254,,-0.2083049,0.51236284,-0.23098324,,,,,,-0.26333886,-0.19929737,-0.6162062,0.7935955,-0.03495941,-0.14521037,0.5874507
,,-2.3668208,9.456515,-2.9865618,1682424326505,,-0.72815084,0.46532625,1.3694825,,,,,,-0.48798284,0.11371927,-0.50800836,0.79024255,-0.018053891,-0.13351795,0.5937795
,,-1.4343379,9.801879,-2.282673,1682424326755,,-2.1221442,4.73466,-4.0378923,,,,,,0.031908512,0.44638267,-0.42951128,0.76923984,-0.002761059,-0.08363889,0.61535853
,,-1.3217952,9.565947,-1.0884153,1682424327007,,-0.32498005,-0.09911281,3.2417831,,,,,,0.03248713,0.32903382,-0.33127257,0.72061306,0.03686922,-0.02465072,0.65323275
,,-0.9703693,8.7831745,0.52027917,1682424327259,,-0.88758653,0.5752819,0.23021966,,,,,,-0.03571321,0.02142442,-0.3433164,0.654918,0.05734956,0.055523947,0.6991884
,,-0.5560124,8.212647,2.4252853,1682424327547,,-0.34086254,0.28328854,0.23877177,,,,,,0.039144244,0.045159016,-0.35637823,0.56695724,0.08104394,0.144074,0.74830174
52.54155355,13.37001097,-0.5122236,7.6216197,4.658028,1682424328000,8.471758,-1.0757328,1.5960369,1.3688716,,,,,,0.02857529,0.1530415,-0.28455928,0.4611906,0.101437636,0.2264487,0.79897577
,,-0.035573293,6.069315,6.434938,1682424328055,,-0.014660755,0.20021093,-0.0067958706,,,,,,0.47654477,-0.2941047,-0.2538413,0.35289457,0.118662395,0.31728172,0.83705384
,,-0.75469625,4.6015573,7.873263,1682424328308,,0.109344795,0.051159926,0.0017562362,,,,,,0.066101074,-0.5517094,-0.15487744,0.2556529,0.13113926,0.3712358,0.86211085
,,-0.7345168,3.7090347,8.666164,1682424328562,,0.06536253,-0.091782436,-0.07765619,,,,,,0.09468833,-0.41725668,-0.20393182,0.18864131,0.12061918,0.41597646,0.8706632
,,-0.9375876,3.4002802,9.222415,1682424328813,,0.14782928,-0.05146536,-0.055665053,,,,,,0.18755956,-0.09475909,-0.08207941,0.13678607,0.12862177,0.43659532,0.87608516
,,-1.1723235,2.9066412,9.319885,1682424329067,,-0.13805544,-0.18280129,-0.02451095,,,,,,0.18689013,-0.0994267,-0.14090191,0.10687909,0.13017045,0.4445176,0.8786639
,,-1.0113664,2.5194032,9.506046,1682424329317,,-0.10262528,-0.09300416,0.050625417,,,,,,0.24573725,-0.18015331,0.07327468,0.092813626,0.12118114,0.45040125,0.8794836
,,-1.1290134,2.6372895,9.5685,1682424329567,,0.014660755,0.014508039,-7.63581E-5,,,,,,0.07424893,0.04098433,0.07163407,0.090139255,0.115684986,0.44991988,0.88082147
,,-1.0831511,2.6491737,9.567941,1682424329932,,0.064140804,0.015729768,-0.019013166,,,,,,0.06418024,0.010062472,0.05319052,0.09289161,0.11286821,0.44975215,0.8810205
,,-1.0372885,2.6288352,9.599925,1682424330183,,-0.0073303776,-0.052687086,-0.05016727,,,,,,0.037909802,-0.014298797,0.0591884,0.09458894,0.10979823,0.45078376,0.8807155
