92#1#0
key,lat,lon,ts,bike,childCheckBox,trailerCheckBox,pLoc,incident,i1,i2,i3,i4,i5,i6,i7,i8,i9,scary,desc,i10
,,,,1,0,0,5,-5,0,0,0,0,0,0,0,0,0,0,,0

=========================
92#1
lat,lon,X,Y,Z,timeStamp,acc,a,b,c,obsDistanceLeft1,obsDistanceLeft2,obsDistanceRight1,obsDistanceRight2,obsClosePassEvent,XL,YL,ZL,RX,RY,RZ,RC
,,0.26441804,8.753653,4.49383,1681069984761,,0.0,0.0,0.0,,,,,,0.067602254,-0.051870443,0.12061213,0.50801164,-0.1398358,-0.20764035,0.8239742
52.86603895,13.85197701,0.20823415,8.794515,4.390401,1681069985000,27.872002,0.0,0.0,0.0,,,,,,0.09729738,-0.065091416,0.16804548,0.51628613,-0.1357443,-0.20539342,0.81993866
,,0.2950633,8.731946,4.5691676,1681069985013,,0.0,0.0,0.0,,,,,,0.041125853,-0.038607024,0.08743879,0.501905,-0.14297813,-0.21000014,0.8266834
,,0.2950633,8.720453,4.5857677,1681069985265,,0.0,0.0,0.0,,,,,,0.010190928,-0.020362314,0.044253096,0.49826616,-0.14507593,-0.21271063,0.82788974
,,0.268249,8.724284,4.5870442,1681069985516,,0.0,0.0,0.0,,,,,,-0.016222531,-0.0047482173,0.028225629,0.49663478,-0.14558575,-0.21416433,0.8284203
,,0.22866516,8.733221,4.5832133,1681069985769,,0.0,0.0,0.0,,,,,,-0.042490188,0.005944125,0.0060893376,0.49602643,-0.14530076,-0.21564655,0.828449
,,0.24398804,8.721729,4.6061983,1681069986020,,0.0,0.0,0.0,,,,,,-0.017316218,1.7112096E-4,0.014855369,0.49579236,-0.14429575,-0.21471336,0.82900316
,,0.27080283,8.7127905,4.6100283,1681069986272,,0.0,0.0,0.0,,,,,,-0.0048086983,0.0010780335,0.007394759,0.49527496,-0.14402129,-0.21327308,0.8297209
,,0.2861262,8.697469,4.62152,1681069986525,,0.0,0.0,0.0,,,,,,-0.0011352489,-0.0014869054,0.008084997,0.49481335,-0.1441727,-0.2125859,0.8301453
,,0.29378763,8.694916,4.6291814,1681069986779,,0.0,0.0,0.0,,,,,,-0.005274271,0.0032307308,0.0061653457,0.4942277,-0.14445616,-0.21251746,0.8304619
,,0.3154948,8.685977,4.64195,1681069987031,,0.0,0.0,0.0,,,,,,0.011009861,-0.0034689903,0.0011231264,0.49370086,-0.14510521,-0.21303907,0.83052576
,,0.34614053,8.671932,4.658549,1681069987283,,0.0,0.0,0.0,,,,,,0.028426867,-0.010765775,0.013806645,0.4929767,-0.14623676,-0.2134185,0.830661
,,0.31932577,8.6629925,4.6789794,1681069987788,,0.0,0.0,0.0,,,,,,6.0700375E-4,-0.016111596,0.022673337,0.49238634,-0.14759943,-0.2160699,0.83009267
52.86606791,13.85249361,0.33975628,8.668101,4.6687636,1681069988000,16.08,0.0,0.0,0.0,,,,,,0.009794185,-0.011056296,0.01591026,0.49242613,-0.14736262,-0.21498315,0.8303855
,,0.27718708,8.6629925,4.6649337,1681069988051,,0.0,0.0,0.0,,,,,,-0.015928246,-0.012384097,0.009821813,0.49218714,-0.14706452,-0.21777864,0.8298582
,,0.22100271,8.6604395,4.6943026,1681069988301,,0.0,0.0,0.0,,,,,,-0.032391526,-0.010630353,0.019553248,0.4916443,-0.14602216,-0.22039267,0.82965934
,,0.19546458,8.648946,4.69558,1681069988552,,0.0,0.0,0.0,,,,,,-0.025969345,-0.0081829075,-0.0011720975,0.49111396,-0.14464228,-0.2220336,0.82977325
,,0.15843405,8.645115,4.736442,1681069988804,,0.0,0.0,0.0,,,,,,-0.03450087,-0.0047700563,0.016564608,0.49059373,-0.14332865,-0.22344239,0.8299269
,,0.13544972,8.647669,4.742827,1681069989059,,0.0,0.0,0.0,,,,,,-0.032277238,0.009219106,0.016175589,0.4906281,-0.14168333,-0.22359328,0.8301466
,,0.12906545,8.627238,4.7415495,1681069989311,,0.0,0.0,0.0,,,,,,-0.017758453,0.0087988535,0.003671821,0.48958778,-0.14025639,-0.22377051,0.83095986
,,0.116296895,8.604254,4.8041177,1681069989562,,0.0,0.0,0.0,,,,,,-0.02142807,0.0011725426,0.040253434,0.48837548,-0.13867885,-0.22320007,0.83208436
,,0.13162027,8.585099,4.806672,1681069989814,,0.0,0.0,0.0,,,,,,5.404673E-4,-0.0036607743,0.02658488,0.48788583,-0.13638954,-0.21988443,0.8336168
,,0.12140452,8.573608,4.839872,1681069990066,,0.0,0.0,0.0,,,,,,-0.008806811,-0.0028132757,0.03833815,0.48749393,-0.13396461,-0.21666265,0.8350714
,,0.1252355,8.559562,4.8283787,1681069990318,,0.0,0.0,0.0,,,,,,5.1603714E-5,-0.0040886877,0.02079951,0.48735684,-0.13135369,-0.213229,0.83647126
,,0.08182068,8.554456,4.866686,1681069990824,,0.0,0.0,0.0,,,,,,-0.01557508,-0.0066471417,0.0140837515,0.48637325,-0.12841544,-0.21197374,0.83784956
52.8660691,13.852651,0.09969737,8.546794,4.843702,1681069991000,12.864,0.0,0.0,0.0,,,,,,-0.008162192,-0.009457429,0.0068773427,0.48652264,-0.12978351,-0.21207769,0.8375166
,,0.093312584,8.562118,4.8628554,1681069991076,,0.0,0.0,0.0,,,,,,-0.0041113026,0.0018939654,0.0025396824,0.4865478,-0.12788986,-0.21129784,0.83800644
,,0.1073583,8.5672245,4.859024,1681069991326,,0.0,0.0,0.0,,,,,,0.0013248819,0.004215463,-0.004362599,0.4865177,-0.12864414,-0.21159895,0.8378314
,,0.1277888,8.579993,4.8296556,1681069991583,,0.0,0.0,0.0,,,,,,0.0044773878,0.008949916,-0.019001214,0.48691517,-0.12941447,-0.2112235,0.8375733
,,0.1712031,8.58127,4.8296556,1681069991834,,0.0,0.0,0.0,,,,,,0.02020358,0.003955046,-0.018999163,0.48732546,-0.13038751,-0.20990412,0.8375078
,,0.21589509,8.586379,4.816886,1681069992091,,0.0,0.0,0.0,,,,,,0.024504924,-3.0399958E-4,-0.008862257,0.4875277,-0.13156113,-0.2078853,0.8377062
,,0.25164846,8.596594,4.8066707,1681069992343,,0.0,0.0,0.0,,,,,,0.02266825,0.005596956,-0.013436317,0.48803,-0.13248833,-0.20527588,0.83790845
,,0.28357136,8.60681,4.7811327,1681069992594,,0.0,0.0,0.0,,,,,,0.02393986,0.0069496473,-0.021124236,0.48860073,-0.13323857,-0.2026618,0.83809763
,,0.30144855,8.622131,4.7517633,1681069992846,,0.0,0.0,0.0,,,,,,0.0148339,0.010458533,-0.025377354,0.48957875,-0.13412529,-0.20088758,0.83782065
,,0.33081767,8.629793,4.745378,1681069993100,,0.0,0.0,0.0,,,,,,0.027260654,-0.0010744412,-0.0079546925,0.49052945,-0.13571204,-0.20095654,0.8369871
,,0.36274058,8.617023,4.7862396,1681069993352,,0.0,0.0,0.0,,,,,,0.027864816,-0.013466772,0.03326726,0.48991683,-0.13769935,-0.2003266,0.83716285
,,0.41253915,8.578716,4.8590236,1681069993857,,0.0,0.0,0.0,,,,,,0.01744027,-0.018900013,0.045170546,0.4862387,-0.14034106,-0.2005787,0.8387691
52.8660637,13.85264682,0.3972168,8.596592,4.8143315,1681069994000,9.648001,0.0,0.0,0.0,,,,,,0.029680468,-0.01771752,0.027585078,0.4883441,-0.13923801,-0.2006095,0.837738
,,0.40360057,8.585101,4.8437,1681069994111,,0.0,0.0,0.0,,,,,,-0.0023290436,-0.005966727,0.0153010525,0.48573416,-0.1395828,-0.19857737,0.8396307
,,0.38317007,8.600423,4.8028398,1681069994361,,0.0,0.0,0.0,,,,,,-0.020787586,0.0051698685,-0.019110505,0.4865543,-0.13644,-0.19412918,0.8406211
,,0.30144754,8.636176,4.708349,1681069994614,,0.0,0.0,0.0,,,,,,-0.061381627,0.028383669,-0.0658112,0.49007696,-0.1313233,-0.1877604,0.8406731
,,0.16098735,8.7102375,4.5283055,1681069994865,,0.0,0.0,0.0,,,,,,-0.10336224,0.058082994,-0.09706691,0.49772367,-0.12321992,-0.18143278,0.8385064
,,0.0307429,8.788129,4.3265543,1681069995116,,0.0,0.0,0.0,,,,,,-0.110993706,0.06582187,-0.13981782,0.50741416,-0.11366833,-0.17373206,0.83559626
,,-0.088009134,8.867295,4.1375723,1681069995367,,0.0,0.0,0.0,,,,,,-0.1038697,0.06822338,-0.14999081,0.51817924,-0.10414841,-0.16614877,0.8319214
,,-0.16462351,8.915818,4.003497,1681069995618,,0.0,0.0,0.0,,,,,,-0.07635962,0.05100991,-0.124689914,0.52734977,-0.09715369,-0.16139446,0.82817006
,,-0.23996124,8.95668,3.9102829,1681069995868,,0.0,0.0,0.0,,,,,,-0.061767682,0.040427875,-0.083435915,0.534861,-0.09263669,-0.1593539,0.82445896
,,-0.2757141,8.98222,3.8745291,1681069996122,,0.0,0.0,0.0,,,,,,-0.030132055,0.02015524,-0.036905956,0.5397733,-0.08964479,-0.15873317,0.8217868
,,-0.24251404,8.963067,3.9141123,1681069996375,,0.0,0.0,0.0,,,,,,0.02102627,-0.010299683,-0.0026460649,0.5404969,-0.0892763,-0.15928654,0.8212545
,,-0.19526877,8.918374,4.0545726,1681069996878,,0.0,0.0,0.0,,,,,,0.031671442,-0.022769293,0.06108659,0.5360606,-0.09353954,-0.16468906,0.8225712
52.86606355,13.85266165,-0.22463734,8.947743,3.9945576,1681069997000,9.648001,0.0,0.0,0.0,,,,,,0.021126831,-0.015101815,0.057915624,0.5389374,-0.090669475,-0.16092244,0.82178843
,,-0.1799464,8.89539,4.133741,1681069997128,,0.0,0.0,0.0,,,,,,0.02653965,-0.025769455,0.07468429,0.5327306,-0.09584449,-0.16780193,0.8238204
,,-0.15185446,8.860913,4.2103558,1681069997379,,0.0,0.0,0.0,,,,,,0.03334476,-0.034401037,0.0789957,0.52898747,-0.09818154,-0.17080434,0.8253286
,,-0.12376251,8.830267,4.2729244,1681069997630,,0.0,0.0,0.0,,,,,,0.023081524,-0.02912569,0.07435229,0.52477145,-0.100743726,-0.17385434,0.82711315
,,-0.13653208,8.835374,4.258879,1681069997880,,0.0,0.0,0.0,,,,,,-0.0050015314,-0.007383601,0.014031188,0.5224716,-0.102653794,-0.17698097,0.8277137
,,-0.16462402,8.843036,4.2588787,1681069998134,,0.0,0.0,0.0,,,,,,-0.012178729,0.002299118,-0.0039694626,0.52223337,-0.103991896,-0.17956083,0.82715964
,,-0.1773931,8.848145,4.232064,1681069998388,,0.0,0.0,0.0,,,,,,-0.013031725,0.002358373,-0.023768933,0.5224054,-0.104396224,-0.18065865,0.82676184
,,-0.17228495,8.846868,4.206526,1681069998640,,0.0,0.0,0.0,,,,,,-0.0022251557,6.37722E-4,-0.030879688,0.52300805,-0.1050433,-0.18206619,0.82599145
,,-0.17739257,8.855806,4.19631,1681069998890,,0.0,0.0,0.0,,,,,,5.3143204E-4,-4.508972E-4,-0.0072757243,0.52394396,-0.10501882,-0.18228236,0.8253537
,,-0.14674683,8.82133,4.2576013,1681069999394,,0.0,0.0,0.0,,,,,,0.021691555,-0.019197177,0.030671215,0.5227893,-0.10441295,-0.180998,0.8264194
,,-0.0037333171,8.720454,4.469568,1681069999894,,0.0,0.0,0.0,,,,,,0.061853833,-0.044234276,0.07625324,0.51344675,-0.10801902,-0.18148716,0.83155555
52.86606454,13.85267035,-0.08290151,8.770253,4.3737993,1681070000000,8.576,0.0,0.0,0.0,,,,,,0.049541343,-0.03877716,0.07200114,0.51903266,-0.10557933,-0.18090759,0.82859415
,,0.057558697,8.674485,4.59215,1681070000145,,0.0,0.0,0.0,,,,,,0.059146695,-0.042219322,0.09415185,0.507754,-0.11101243,-0.18294069,0.8342905
,,0.1073583,8.629793,4.7032413,1681070000404,,0.0,0.0,0.0,,,,,,0.055636864,-0.040189933,0.09481765,0.50178146,-0.11386744,-0.18439142,0.8372029
,,0.17886505,8.58127,4.8041177,1681070000666,,0.0,0.0,0.0,,,,,,0.054903578,-0.03430427,0.07309224,0.49567044,-0.11707668,-0.18615651,0.8400846
,,0.21334177,8.571055,4.838594,1681070000917,,0.0,0.0,0.0,,,,,,0.042161703,-0.017797725,0.03624444,0.49157625,-0.12086923,-0.18910617,0.8413765
,,0.22228037,8.579992,4.833487,1681070001176,,0.0,0.0,0.0,,,,,,0.020133972,3.901164E-4,1.1030833E-5,0.48958138,-0.123678535,-0.19158337,0.84159845
,,0.23504944,8.578717,4.8334866,1681070001428,,0.0,0.0,0.0,,,,,,0.014353897,0.0023316382,-0.0014668942,0.48888746,-0.12562257,-0.1934579,0.8412879
,,0.24909516,8.576162,4.8296556,1681070001680,,0.0,0.0,0.0,,,,,,0.013508397,0.005269909,-0.0040774983,0.48839656,-0.12726751,-0.19480234,0.8410134
,,0.26441804,8.577439,4.8283787,1681070001932,,0.0,0.0,0.0,,,,,,0.010177881,0.0054581324,-0.0059449514,0.48818406,-0.12815973,-0.19481155,0.84100074
,,0.26441804,8.577439,4.8334866,1681070002184,,0.0,0.0,0.0,,,,,,0.0037185878,0.002503872,-0.005788676,0.48796776,-0.1290634,-0.19566375,0.8407917
,,0.26441753,8.577439,4.834763,1681070002435,,0.0,0.0,0.0,,,,,,-1.9387057E-4,7.832209E-4,-0.0053187055,0.48775217,-0.12960304,-0.19649988,0.840641
,,0.247818,8.573608,4.825824,1681070002985,,0.0,0.0,0.0,,,,,,-0.011057834,1.31766E-4,-0.004592466,0.4877961,-0.12892291,-0.19621226,0.8407875
52.8660758,13.85283465,0.25547943,8.576162,4.825824,1681070003000,7.504,0.0,0.0,0.0,,,,,,-0.00867543,0.0011139234,-0.0039789993,0.48777348,-0.12958468,-0.19656204,0.84061694
,,0.23504893,8.579992,4.8398695,1681070003242,,0.0,0.0,0.0,,,,,,-0.013114149,-8.523623E-4,0.0037222863,0.4880606,-0.12807898,-0.1958494,0.8408491
