92#1#2
key,lat,lon,ts,bike,childCheckBox,trailerCheckBox,pLoc,incident,i1,i2,i3,i4,i5,i6,i7,i8,i9,scary,desc,i10
,,,,1,0,0,2,-5,0,0,0,0,0,0,0,0,0,0,,0

=========================
92#1
lat,lon,X,Y,Z,timeStamp,acc,a,b,c,obsDistanceLeft1,obsDistanceLeft2,obsDistanceRight1,obsDistanceRight2,obsClosePassEvent,XL,YL,ZL,RX,RY,RZ,RC
52.54304236,13.37189951,0.08669992,5.413123,-7.591948,1682086931000,4.7976084,-1.1969895,-0.42844528,0.2952004,,,,,,0.077913456,-0.07924808,-0.07188776,0.8936136,-0.30982974,-0.096586876,0.26072213
,,0.25324038,5.5596437,-7.287821,1682086931673,,0.996015,0.23739733,-0.021227552,,,,,,0.43057242,0.1420603,0.0068039577,0.89706963,-0.30142415,-0.10326605,0.25771064
,,0.2443072,5.6137214,-7.47159,1682086931925,,1.8897102,0.49884745,-0.21242823,,,,,,0.38125402,0.19579057,-0.17196181,0.89808565,-0.29699537,-0.10883268,0.25740346
,,0.15385848,5.5539017,-7.365507,1682086932176,,1.926973,-0.642248,-0.64614224,,,,,,0.35155755,0.2239511,-0.11345827,0.8985948,-0.29459754,-0.113633014,0.25663477
,,0.20857438,5.4933624,-7.1081986,1682086932431,,0.29657486,-0.34353507,0.6226239,,,,,,0.4811788,0.3953037,0.16771899,0.8984708,-0.29528016,-0.1173524,0.25189236
,,0.17332013,5.3375897,-7.275058,1682086932690,,-2.5671592,0.4078286,-0.20693044,,,,,,0.56202537,0.42407376,0.25846684,0.8964164,-0.30271852,-0.120168656,0.24719875
,,-0.13726826,5.381697,-7.506524,1682086932944,,-1.3643665,0.0034361144,0.2310596,,,,,,0.18361422,0.49362126,0.13109069,0.8923476,-0.3120041,-0.12284854,0.24930204
,,-0.3186442,5.141299,-7.743973,1682086933195,,0.2837467,0.22579089,-0.09697478,,,,,,0.033894595,0.32212642,0.046203375,0.8919157,-0.31604335,-0.12259269,0.24737898
,,-0.3946562,5.0126443,-7.7359166,1682086933445,,1.3087778,-0.73571026,0.052076224,,,,,,0.02510358,0.30471277,0.118062705,0.89190304,-0.31952375,-0.12500197,0.24290746
,,-0.40422747,5.0033927,-7.849017,1682086933695,,1.9666792,-0.4400517,-0.06826414,,,,,,0.06914303,0.4155125,0.07966175,0.89036965,-0.3275768,-0.1294909,0.23359509
,,-0.59246284,4.846902,-8.001838,1682086933948,,-0.950811,0.37606362,-0.22647811,,,,,,-0.02601907,0.40425953,0.10979406,0.7625023,-0.29081583,-0.12309339,0.22869016
52.54305767,13.37207243,-0.76083785,5.2808,-7.90836,1682086934000,4.2620006,-0.42852163,0.037033677,0.27992877,,,,,,-0.1587159,0.57091427,0.30707565,0.7509386,-0.31022546,-0.13140531,0.2426343
,,-0.6268398,5.0751767,-7.811131,1682086934199,,-2.1859796,0.16348268,0.18524474,,,,,,-0.05990095,0.43297398,0.25482568,0.757135,-0.3012257,-0.12709674,0.2375519
,,-0.7769496,5.2410793,-7.8844314,1682086934702,,-0.008857539,-0.4541016,0.23044874,,,,,,-0.21385337,0.48175868,0.44428685,0.7476766,-0.3188922,-0.13200554,0.24143068
,,-0.69447684,5.162036,-7.807222,1682086934961,,1.3655882,0.045585785,-0.54840386,,,,,,-0.11543325,0.4156706,0.50986445,0.74569,-0.32777023,-0.1304287,0.23713179
,,-0.78580296,5.232864,-7.748676,1682086935212,,2.0607524,-0.30810493,0.29458955,,,,,,-0.29635945,0.6812637,0.5523719,0.7450532,-0.3339821,-0.12376981,0.2316338
,,-0.68362945,5.321957,-7.665008,1682086935464,,-1.5793909,0.18730642,0.14004076,,,,,,-0.22057217,0.60855746,0.6438096,0.86604,-0.38984987,-0.12792443,0.2351181
,,-0.51589257,5.5571713,-7.6078997,1682086935715,,-1.5482367,0.07551816,0.03008509,,,,,,-0.24328628,0.53309804,0.5058272,0.8606092,-0.39631504,-0.13174124,0.2474559
,,-0.48701915,5.618986,-7.2410803,1682086935966,,-0.79076445,0.09812015,0.27748534,,,,,,-0.28660852,0.45601833,0.5699523,0.8531727,-0.40331835,-0.13634273,0.25473413
,,-0.3984847,5.6547184,-7.3347983,1682086936219,,0.32162032,-1.1223876,0.09789108,,,,,,-0.24396953,0.546256,0.44033498,0.8499683,-0.40956223,-0.13564485,0.25514892
,,-0.31672996,5.5316477,-7.6462636,1682086936470,,1.2293653,0.16042836,-0.66019213,,,,,,-0.2712999,0.5199625,0.22986142,0.85100377,-0.41303214,-0.1324468,0.24957086
,,-0.27964118,5.2240906,-7.7145395,1682086936722,,1.3906337,0.6717222,-0.60216,,,,,,-0.3021845,0.26820004,0.22968937,0.85127956,-0.41471374,-0.1290601,0.2452336
,,-0.27270204,4.9217167,-7.737432,1682086936972,,-2.0522003,0.17447825,0.16019928,,,,,,-0.36372674,0.079248585,0.11437321,0.8517464,-0.413457,-0.12987475,0.24573667
52.54305327,13.37221195,-0.10919248,5.32738,-7.457791,1682086937000,3.8889585,-0.42363474,-0.14622575,0.14187334,,,,,,-0.03863389,0.31255808,0.33932012,0.8479443,-0.41552362,-0.14087118,0.24853319
,,-0.17914264,5.156773,-7.617152,1682086937222,,-1.7748677,-0.546953,0.8810197,,,,,,-0.13978463,0.26242852,0.23571941,0.8506489,-0.41250414,-0.13469115,0.24962555
,,-0.17268205,5.1675396,-7.607023,1682086937724,,0.86223567,-0.49441868,0.18096869,,,,,,-0.09748508,0.24208444,0.3566044,0.84443486,-0.42293313,-0.14532238,0.24491568
,,-0.18656032,5.1254263,-7.674181,1682086937975,,1.7412701,0.4163807,-0.72494376,,,,,,-0.03740336,0.35141224,0.431927,0.84115404,-0.43385303,-0.14404045,0.23692796
,,-0.2626522,4.856552,-7.6052685,1682086938225,,-0.24648394,-0.16516256,0.10766492,,,,,,-0.0025608938,0.35584453,0.5661474,0.83690417,-0.44520298,-0.13951796,0.22692204
,,-0.14157534,5.283113,-7.365985,1682086938477,,-2.2879941,-0.03810269,0.27748534,,,,,,0.06680943,0.45146534,0.58747137,0.828534,-0.46000776,-0.14222294,0.23403502
,,-0.231386,5.457869,-7.451648,1682086938731,,-1.5677844,0.019929463,0.077121675,,,,,,-0.08545149,0.3443381,0.2821532,0.8167609,-0.47254714,-0.14919081,0.24656257
,,-0.18305092,5.3945394,-7.5469623,1682086938981,,0.4951059,0.13355032,-0.091477,,,,,,-0.072142296,0.2753323,0.19864279,0.8104087,-0.47949138,-0.1491052,0.2512988
,,-0.03740777,5.4350576,-7.640602,1682086939232,,1.9960006,-0.037491824,-0.16172644,,,,,,0.019747982,0.30937454,0.029123656,0.81180227,-0.48238164,-0.14419766,0.24732044
,,-0.15704896,5.1881986,-7.609814,1682086939483,,1.8524474,0.8061124,-0.84345156,,,,,,-0.04951739,0.25636992,0.15152234,0.8157995,-0.48192233,-0.13852899,0.23745899
,,-0.023449663,5.187879,-7.5560546,1682086939735,,-1.3509275,0.15493058,0.13698642,,,,,,0.1080067,0.22139253,0.09719881,0.81720346,-0.48026675,-0.13621661,0.23391794
,,-0.016350945,5.5907507,-7.6787267,1682086939985,,-1.9960006,0.28993168,-0.28817546,,,,,,0.037785497,0.16868499,-0.12132581,0.8145753,-0.47847372,-0.14094229,0.25167394
52.54304045,13.37236971,-0.09826525,5.7960553,-7.3250685,1682086940000,4.066432,1.6612468,-0.3013854,-0.0810923,,,,,,0.022207173,0.31594175,-1.2752214E-4,0.81557715,-0.46810406,-0.13794984,0.26639524
,,-0.124426775,5.8920074,-7.2732244,1682086940235,,-0.3100139,0.22701262,0.38255405,,,,,,-0.05556273,0.30836824,0.062212802,0.81125516,-0.47260574,-0.14457822,0.26597446
,,-0.3045266,5.5885167,-7.4621778,1682086940740,,1.9062035,0.43715012,-0.22281294,,,,,,-6.3284807E-4,0.35661057,0.12901974,0.8243147,-0.46500605,-0.13086817,0.25278708
,,-0.3247858,5.159405,-7.590512,1682086940990,,0.16707152,0.2606102,0.043524116,,,,,,-0.07474396,0.2706204,0.13684417,0.83103377,-0.46024993,-0.12172746,0.23362161
,,-0.35445678,5.1756754,-7.687741,1682086941242,,-2.4119995,0.10300707,0.09789108,,,,,,-0.141567,0.13556042,0.18273827,0.83255464,-0.4553475,-0.124421194,0.24106325
,,-0.24582267,5.6033525,-7.6945987,1682086941493,,-1.113301,-0.23419029,0.26526803,,,,,,-0.16905448,0.26104653,-0.01975104,0.830403,-0.44536763,-0.13417307,0.26216236
,,-0.0875773,5.638606,-7.3944592,1682086941743,,0.16523892,-0.14622575,-0.21914774,,,,,,-0.04404753,0.1733151,0.25968337,0.830719,-0.44029883,-0.13449189,0.2672966
,,-0.12977074,5.466084,-7.730731,1682086941995,,1.506698,0.09750929,-0.619875,,,,,,-0.18771216,0.10643665,0.29982662,0.83658767,-0.43997648,-0.13028558,0.25720158
,,0.06325032,4.9551363,-7.8516483,1682086942246,,1.7040073,-0.074143715,-1.0877974,,,,,,-0.09127219,0.026834615,0.36773604,0.84418756,-0.43744794,-0.12008894,0.23875204
,,-0.13272187,4.86046,-7.7862453,1682086942500,,-2.0509784,0.24778202,0.3507891,,,,,,-0.3025261,0.17990962,0.4505571,0.84908366,-0.42916426,-0.11683034,0.2331458
,,0.21391837,5.4926434,-7.4772515,1682086942752,,-2.0192134,-0.008170316,-0.28512114,,,,,,-0.078333095,0.18777652,0.276388,0.84603506,-0.42329708,-0.12611073,0.2584162
52.54304207,13.37254901,0.13184452,5.412725,-7.698109,1682086943000,4.3390512,1.9562944,-0.13278674,-0.67851806,,,,,,0.14094874,0.36444944,0.20661348,0.85550237,-0.41083607,-0.12320365,0.24870619
,,0.1764308,5.735995,-6.993104,1682086943003,,0.51465356,-0.09796744,-0.04138609,,,,,,0.017329855,0.18968318,0.56530064,0.84136635,-0.41848597,-0.13211298,0.27254808
,,0.12658031,5.7777104,-7.376434,1682086943253,,1.5036436,-0.3850739,-0.18310672,,,,,,0.038921665,0.341672,0.32681406,0.8454574,-0.41504237,-0.12989159,0.26883295
,,0.018105684,4.9369516,-7.702975,1682086943755,,-0.41141742,-0.1333976,0.37461284,,,,,,0.12461253,0.3464902,0.29379103,0.8011618,-0.37760895,-0.11388374,0.22447738
,,0.0822333,5.1720867,-7.6717887,1682086944012,,-2.3631303,0.65339625,0.20784675,,,,,,0.21521486,0.19593924,0.22430745,0.7972415,-0.3807837,-0.120420255,0.23751424
,,-0.063808605,5.532764,-7.5324464,1682086944262,,-0.5403099,0.3088685,0.22983788,,,,,,0.012520703,0.26004323,0.12890597,0.78692335,-0.3838482,-0.1322443,0.2571799
,,0.09116654,5.6316667,-7.5514293,1682086944513,,0.9648609,0.31680974,-0.32849252,,,,,,0.16761875,0.33521524,0.042687017,0.7822691,-0.3895222,-0.13264151,0.26043376
,,0.101375915,5.1451273,-7.8376107,1682086944765,,1.8982623,-0.47792533,-0.35231626,,,,,,0.03317183,0.2078797,0.01973114,0.78677475,-0.3946945,-0.12495853,0.24684758
,,0.069631144,4.7051663,-7.7752376,1682086945017,,0.7376192,-0.019165883,-0.16722423,,,,,,0.07453965,0.17605877,0.2058243,0.7926247,-0.39355052,-0.1138662,0.22432904
,,0.058384884,4.803911,-7.76479,1682086945269,,-2.0961826,0.13843723,0.31413722,,,,,,0.027186139,0.10313967,0.025915002,0.7919357,-0.39457005,-0.11418126,0.22709009
,,0.08869396,5.1759152,-7.797651,1682086945521,,-2.3301437,0.54221886,0.24388777,,,,,,0.20368418,0.08204158,-0.12078932,0.7853535,-0.3948595,-0.12560314,0.24985433
,,-0.111026995,5.385446,-7.645627,1682086945772,,0.2715294,0.1579849,-0.028557928,,,,,,0.077103265,0.2519996,0.14989443,0.78033715,-0.3951913,-0.12982525,0.25819242
52.54304856,13.37271783,-0.26057836,4.4984264,-8.178429,1682086946000,4.5708747,-0.9929607,0.1164461,0.113162704,,,,,,-0.2223424,0.049751982,-0.044771433,0.79232705,-0.39316565,-0.11783819,0.22385316
,,-0.2459024,5.1787057,-7.8273215,1682086946023,,1.8127413,-0.033826638,-0.28084508,,,,,,-0.18004426,0.19457264,0.11023205,0.78389704,-0.39590898,-0.12697454,0.25145194
,,-0.31138596,4.8914084,-8.113584,1682086946274,,1.9715661,0.4481457,-0.6571378,,,,,,-0.18007125,0.1834685,-0.05156501,0.7901774,-0.3949984,-0.121597506,0.23453909
,,-0.304048,4.70054,-8.187361,1682086946776,,-2.392452,-0.15538873,0.3978257,,,,,,-0.2868401,1.4532407E-4,-0.08848966,0.8521562,-0.41802463,-0.1243628,0.23872317
,,-0.0810369,5.1903515,-7.9231143,1682086947029,,-0.70768684,0.053527027,0.29397866,,,,,,-0.28171763,0.1321815,-0.15965085,0.84816164,-0.41394153,-0.12882434,0.25350407
,,0.053359948,5.166902,-7.954062,1682086947280,,0.733954,-0.33070692,-0.06887501,,,,,,-0.15972632,0.12395358,-0.29569617,0.85014874,-0.41120186,-0.12643816,0.25371557
,,0.06899306,5.013442,-8.132725,1682086947533,,1.2880083,-0.63552845,-0.3028362,,,,,,0.024110537,0.1175173,-0.28225198,0.85509324,-0.4103718,-0.12296376,0.24473216
,,-0.026321054,4.9945383,-7.9956956,1682086947785,,1.2928953,-0.11446079,-0.12568542,,,,,,0.18006724,0.13148068,-0.13732211,0.85846454,-0.40903124,-0.11904362,0.23252155
,,-0.12235298,5.1421757,-7.8823566,1682086948035,,-1.2519673,0.2709949,0.07773254,,,,,,0.23713389,0.09282425,-0.09598293,0.8568603,-0.4122599,-0.12148537,0.23382317
,,-0.13112669,5.276892,-7.9665847,1682086948286,,0.44501498,0.087124586,-0.18738277,,,,,,0.27570486,0.23903814,-0.028504705,0.8565279,-0.41529307,-0.12022324,0.23053464
,,-0.09682954,4.215994,-8.317532,1682086948536,,0.0632245,0.24350597,-0.0377209,,,,,,0.24795637,0.03863384,0.13039687,0.8701605,-0.4162144,-0.10006601,0.18789458
,,-0.21567304,3.1003804,-9.143453,1682086948788,,0.052839804,0.45547605,-0.7163917,,,,,,0.17957853,-0.15703191,0.04689323,0.8903728,-0.41326985,-0.07719149,0.13739139
52.54305408,13.37287251,-0.42488548,2.450729,-9.600483,1682086949000,5.7903852,0.22632541,-0.41195193,0.3440696,,,,,,-0.15581588,-0.013477739,-0.022378381,0.9139553,-0.38724437,-0.058972977,0.101972945
,,-0.30987054,2.3824537,-9.339585,1682086949038,,-0.038789913,-0.20853396,-0.21670428,,,,,,0.037267935,-0.20715956,0.1419527,0.9051021,-0.4060917,-0.06022382,0.099387184
,,-0.22668006,2.0511277,-9.507401,1682086949288,,0.023518294,0.77984524,-0.48609564,,,,,,0.016606335,-0.35645968,0.109147266,0.9103241,-0.39762205,-0.055981223,0.09341177
,,-0.40199423,2.0732214,-9.628159,1682086949791,,-0.07910699,0.5654317,-0.525191,,,,,,-0.21266158,-0.14071204,0.046553534,0.9186259,-0.37762558,-0.059772093,0.09604037
,,-0.74305123,2.0553548,-9.849178,1682086950042,,-0.27580544,0.06513346,-0.31932956,,,,,,-0.40255386,0.14977367,-0.07381301,0.9236142,-0.3669215,-0.059838716,0.089181416
,,-0.67637116,1.9241484,-9.678012,1682086950292,,-0.032070402,-0.16699515,0.13515383,,,,,,-0.3479551,0.18777432,0.02636819,0.928588,-0.35559797,-0.060332153,0.08320468
,,-0.8657232,1.9135404,-9.751153,1682086950542,,-0.023518294,-0.267177,0.2102902,,,,,,-0.50199944,0.34570774,-0.031898357,0.9314428,-0.3481625,-0.06264865,0.08198929
,,-0.9729216,1.8958336,-9.606543,1682086950793,,0.031459536,-0.14011711,0.04780017,,,,,,-0.6242884,0.4117971,0.1359156,0.93316454,-0.34348258,-0.062498514,0.08241546
,,-0.91828555,1.9377877,-9.689336,1682086951044,,-0.0027488915,0.4512,-0.40973756,,,,,,-0.5552647,0.2902085,0.058915757,0.9357777,-0.33604553,-0.05801511,0.08532161
,,-0.8993823,2.0022342,-9.686227,1682086951295,,-0.19700389,0.22762349,-0.64492047,,,,,,-0.6365337,0.23084253,0.004441547,0.9399948,-0.3225311,-0.052311484,0.09189959
,,-0.8310272,2.216073,-9.505091,1682086951546,,0.16646065,-0.26229006,-0.072540194,,,,,,-0.6397868,0.14882755,0.041630983,0.9447634,-0.30351263,-0.051057525,0.10329848
,,-0.93048894,2.2752557,-9.398849,1682086951796,,-0.015577052,-0.18532111,0.056352276,,,,,,-0.670046,-0.0017005762,0.08225393,0.9499091,-0.28235376,-0.05064613,0.11076497
52.54308435,13.37304165,-1.019422,2.3606787,-9.534361,1682086952000,4.4206963,-0.037568185,0.08468113,-0.6504183,,,,,,-0.8207053,-0.1229657,-0.0687923,0.97156125,-0.187915,-0.040913966,0.122839205
,,-0.9008979,2.3703303,-9.383694,1682086952047,,0.1744019,0.20563236,-0.40423977,,,,,,-0.5074493,-0.09552054,0.16900323,0.9567543,-0.25580162,-0.046881475,0.115279056
,,-0.9448459,2.420021,-9.555976,1682086952297,,-0.26419902,-0.29710937,-0.19226968,,,,,,-0.6610081,-0.10871914,-0.098426454,0.9644379,-0.2240862,-0.04253292,0.11907543
,,-1.2141978,2.5968506,-9.393902,1682086952800,,-0.05650499,-0.30932665,-0.5526799,,,,,,-0.78226584,0.075781755,0.054506224,0.97791326,-0.14266582,-0.041330863,0.124612026
,,-1.2858232,2.599004,-9.385129,1682086953050,,0.27763805,-0.29894194,-0.9802852,,,,,,-0.6912419,0.116975084,0.104441516,0.98194426,-0.090662144,-0.04239982,0.1245624
,,-1.4825133,2.586482,-9.681202,1682086953300,,0.20677772,-0.18654284,-0.8813252,,,,,,-0.63103104,0.31572762,-0.12146675,0.98217934,-0.025074579,-0.047747053,0.12000414
,,-1.658146,2.6063426,-9.41145,1682086953578,,-1.3252711,-0.8578832,0.2866483,,,,,,-0.41249648,0.35349217,-0.021772385,0.9771755,0.046732124,-0.061657675,0.12427349
,,-1.7966107,3.1367514,-8.832866,1682086953828,,-0.7797689,-1.184085,1.0093013,,,,,,0.061464667,0.4507696,0.2642148,0.9657738,0.10806959,-0.07781257,0.15571381
,,-1.8162322,4.016593,-8.078887,1682086954083,,-1.470046,-0.2702313,1.3733767,,,,,,0.4265489,0.5896805,0.38947144,0.94889843,0.14032063,-0.09321166,0.20626815
,,-1.6950756,4.9416575,-7.057311,1682086954334,,-0.62460923,-0.65080005,0.3819432,,,,,,0.7473184,0.4536257,0.44066462,0.92189,0.13639134,-0.11038591,0.27441365
,,-1.4582658,6.272784,-5.7432528,1682086954584,,0.12675445,-0.50174904,0.13454297,,,,,,1.0281442,0.58464533,0.52754325,0.88541085,0.102373146,-0.13396184,0.3529857
,,-1.2557533,7.7192464,-4.125864,1682086954839,,-0.49327332,-0.3569741,-0.16294818,,,,,,1.1238328,0.6241388,0.7882661,0.846804,0.039981484,-0.15831836,0.4383618
52.54313534,13.37311925,-0.83278203,9.00148,-3.0845082,1682086955000,3.9162798,1.953851,-0.61781335,0.043524116,,,,,,1.0564814,0.31085083,0.10783194,0.78729326,-0.16930196,-0.2277289,0.52119446
,,-0.95202446,8.789396,-3.046063,1682086955094,,1.0033454,-0.13095413,-0.08353576,,,,,,1.152671,0.4740309,0.5641445,0.8083422,-0.033664085,-0.18273112,0.51696205
,,-0.72678006,9.261499,-2.6658442,1682086955345,,1.8396193,-0.7283799,-0.09392046,,,,,,1.1298722,0.31533736,0.28348833,0.78779274,-0.10728281,-0.20569007,0.54866433
,,-1.1850852,8.166066,-4.039802,1682086955848,,-1.4602723,-0.16027565,1.3648247,,,,,,1.0088192,0.3425174,-0.090439014,0.7988527,-0.21971875,-0.24793933,0.44979104
,,-1.3774681,7.3706923,-4.698786,1682086956101,,-1.6502512,-0.3991238,0.8938479,,,,,,1.0215627,-0.0982537,-0.09673455,0.8061265,-0.26379544,-0.2670789,0.39994937
,,-1.3985249,7.398608,-4.926024,1682086956351,,-0.4896081,-0.21525347,0.12660173,,,,,,1.0399556,-0.009533056,-0.17199637,0.79929614,-0.29767206,-0.2899942,0.37828714
,,-1.4411172,7.505646,-4.951787,1682086956603,,0.17623448,-0.47731447,-0.06520981,,,,,,1.0013067,0.115419455,-0.06609236,0.7923668,-0.3276392,-0.30968544,0.36042294
,,-1.480918,7.803711,-4.368497,1682086956854,,0.2953531,-0.7418189,0.12538,,,,,,0.89192903,0.31103665,0.24141355,0.77163875,-0.35626787,-0.3340089,0.3571501
,,-1.2338988,8.349994,-3.1748767,1682086957104,,0.10415245,-0.4504364,0.11438443,,,,,,0.89523375,0.22273108,0.5344652,0.728615,-0.38663024,-0.36676326,0.38594428
,,-0.8705886,9.494081,-1.9074788,1682086957354,,0.44196066,-0.23174682,-0.09880738,,,,,,0.90074474,0.38362154,0.76149935,0.6774454,-0.4145696,-0.4038679,0.43497834
,,-0.7637889,10.030631,-1.3032906,1682086957604,,0.76144296,-1.5872557,-0.07315106,,,,,,0.89842474,0.6229621,0.8402589,0.63677883,-0.44393,-0.43457356,0.44134197
,,-0.9399007,9.664291,-1.7911873,1682086957855,,3.8750207,-0.39790204,-0.696844,,,,,,0.95707166,0.5793167,0.90137184,0.6127379,-0.4937468,-0.44615456,0.38724184
52.54312067,13.37321936,-1.422533,6.724709,-5.251129,1682086958000,3.7900925,0.4156935,-0.2201404,0.62812173,,,,,,1.1206237,0.7407219,0.54950106,0.17147143,-0.1568316,-0.24940695,0.19255911
,,-1.3535401,8.420025,-2.9306493,1682086958107,,-0.34849834,0.83115786,0.41370818,,,,,,0.88951856,0.80500495,0.92481303,0.40824378,-0.29915187,-0.35330683,0.3231302
,,-1.4083356,6.9527445,-4.344329,1682086958359,,-2.7162101,0.011988222,1.3074033,,,,,,1.0714668,0.5846073,0.7073228,0.21460412,-0.09348174,-0.25811273,0.2577051
,,-1.4215761,6.4423566,-6.1999636,1682086958859,,1.9514076,-0.58727014,0.16203189,,,,,,1.0436538,0.88781935,0.43290874,0.119249605,-0.2190675,-0.23368515,0.1340364
,,-1.4814764,5.5041294,-7.442556,1682086959111,,2.3142612,-0.21097742,-0.13423753,,,,,,0.96308804,0.9940965,0.225352,-0.017900443,0.03281991,-0.12206147,0.08545079
,,-1.437209,4.13073,-7.909795,1682086959363,,-3.2983644,0.97898716,0.536492,,,,,,0.76679844,0.805286,0.37919894,-0.1489986,0.30836523,-0.04588196,0.07229273
,,-0.9529017,4.77735,-7.835219,1682086959614,,-1.5506803,0.03459022,0.74357516,,,,,,0.7297366,0.6583033,0.2949926,-0.029243799,0.019066863,-0.12266775,0.055956315
,,-0.8694719,5.9726453,-7.2632537,1682086959865,,0.8854485,-0.1437823,0.03497201,,,,,,0.27414304,0.87514603,0.40529996,0.07456119,-0.27031496,-0.2203093,0.05254144
,,-0.69487566,5.4756556,-7.4915304,1682086960118,,1.8390085,0.16103923,-0.55878854,,,,,,0.08780877,0.6313207,0.43432963,0.03460702,-0.28727594,-0.2065119,0.051367342
,,-0.8031906,4.5183673,-7.9697757,1682086960370,,1.0784818,0.23678645,0.27687445,,,,,,-0.1063381,0.533924,0.38355038,-0.020448962,-0.10849624,-0.1466097,0.0458094
,,-0.7893124,4.0111685,-7.984131,1682086960621,,-2.7473643,1.0687842,0.43142325,,,,,,-0.41672528,0.26719034,0.5076606,0.026212363,-0.29858902,-0.18497339,0.04185756
,,-0.5607182,4.9652667,-7.9272614,1682086960871,,-1.7290528,-0.042989608,-0.08720095,,,,,,-0.49707463,0.28098434,0.25324196,0.09136331,-0.61539286,-0.23938824,0.044072725
52.5430295,13.37330201,-0.5649454,4.7306905,-8.059264,1682086961000,3.9824226,2.0705261,-0.10651954,-0.115911596,,,,,,-0.5437982,0.29712793,0.11302875,0.06774945,-0.41856727,-0.20638722,0.058905218
,,-0.6172685,5.311029,-7.485307,1682086961121,,0.47067133,0.43409577,0.066736974,,,,,,-0.71754295,0.20456259,0.32558677,0.090677544,-0.6051605,-0.26445878,0.05750189
,,-0.3944169,5.117689,-7.7146196,1682086961371,,1.4004076,-0.5316814,-0.35537058,,,,,,-0.52700764,0.18532757,0.23630291,0.09961403,-0.6074614,-0.25437456,0.060975924
,,-0.5439684,4.287061,-7.912824,1682086961872,,-2.4352124,-0.0112246405,0.48395762,,,,,,-0.5057749,0.100383095,0.29472727,0.035803486,-0.29043633,-0.19577363,0.06231698
,,-0.51405805,5.099185,-7.649455,1682086962122,,-1.7412701,-0.34964374,0.20784675,,,,,,-0.37600377,0.22419974,0.25683317,0.06555384,-0.4137794,-0.23280792,0.0654919
,,-0.50432724,5.596652,-7.299386,1682086962374,,0.5726857,0.2202931,-4.581486E-4,,,,,,-0.34608796,0.38551825,0.30197662,0.06717119,-0.4054984,-0.25348747,0.065672
,,-0.43182474,5.319165,-7.660622,1682086962624,,1.2776237,0.15676318,-0.44761115,,,,,,-0.18421918,0.37179,0.23401752,0.07047928,-0.41223973,-0.23767696,0.059346624
,,-0.69232327,4.643831,-8.044192,1682086962877,,1.6300926,-0.061926417,-0.13607013,,,,,,-0.303987,0.43394962,0.24724144,0.06268,-0.35646215,-0.19805397,0.0464456
,,-0.6667999,4.1285763,-7.9177694,1682086963129,,-2.7846272,0.12133302,0.6189587,,,,,,-0.39061785,0.1826324,0.4476062,0.063681014,-0.35709545,-0.19848314,0.043739572
,,-0.5071189,5.222415,-7.765587,1682086963381,,-1.4376702,0.054748755,0.37766716,,,,,,-0.36250418,0.30610353,0.25834218,0.14092405,-0.67137086,-0.25562418,0.049829837
,,-0.3507878,5.713183,-7.4214993,1682086963632,,0.7571669,0.014431681,-0.03405571,,,,,,-0.3749837,0.41890863,0.2446851,0.13747042,-0.66186905,-0.28088084,0.06262831
,,-0.2907279,5.3550572,-7.76814,1682086963886,,2.0674717,0.49212793,-0.44822204,,,,,,-0.3043075,0.39104092,0.20529549,0.14375056,-0.6678465,-0.26264334,0.06271778
52.54289988,13.3733073,-0.18679969,5.3793845,-7.7266636,1682086964000,4.289068,-0.6692024,0.16653702,0.24388777,,,,,,-0.32821143,0.36083147,0.18073535,0.17420928,-0.728736,-0.26292157,0.072326876
,,-0.3905086,4.5998025,-8.0690775,1682086964137,,0.45417798,0.40905032,-0.23258677,,,,,,-0.3791806,0.45401773,0.28423417,0.1202502,-0.5470187,-0.21663688,0.054531075
,,-0.30875388,4.2586656,-8.008857,1682086964389,,-2.4474297,-0.019165883,0.45707956,,,,,,-0.39428246,0.17394447,0.34433413,0.12543331,-0.5465138,-0.21102412,0.05722307
,,-0.1189233,5.6863837,-7.4951982,1682086964892,,1.1322379,-0.12179117,-0.17272201,,,,,,-0.36472625,0.41828817,0.16657124,0.17521307,-0.72103524,-0.27938494,0.0829829
,,-0.07433701,5.18732,-7.887302,1682086965143,,1.8622212,-0.25190535,-0.56367546,,,,,,-0.23828362,0.354083,0.1865881,0.18849371,-0.72819734,-0.25281847,0.07723084
,,-0.2201397,4.3243093,-8.076415,1682086965393,,-0.8151991,0.016264275,0.18280129,,,,,,-0.26033935,0.31397396,0.28934795,0.121616445,-0.48045623,-0.19850108,0.0651816
,,-0.17180467,4.381498,-8.016594,1682086965646,,-2.165821,0.06207913,0.37216938,,,,,,-0.20016238,0.19467822,0.34690163,0.1420625,-0.5424658,-0.20766644,0.06847409
,,-0.1012164,5.620901,-7.5314894,1682086965899,,-0.19700389,0.41943502,0.14676027,,,,,,-0.15262991,0.49260333,0.3172351,0.15198977,-0.59546244,-0.2561734,0.08182315
,,0.03373881,5.746683,-7.485946,1682086966150,,1.556178,-0.22991423,-0.37491825,,,,,,-0.09586239,0.5180595,0.2784361,0.14971033,-0.59262997,-0.2634274,0.086967155
,,-0.0021535382,5.1257443,-7.803953,1682086966404,,2.3405285,-0.12301289,-0.6620247,,,,,,-0.016499113,0.4388272,0.4163643,0.15804489,-0.60199475,-0.23317806,0.07477266
,,-0.14723833,4.2448664,-7.964271,1682086966655,,-1.7895284,0.15920663,0.25060728,,,,,,-0.09184523,0.28872675,0.49398193,0.08025141,-0.35438576,-0.18793999,0.062982194
,,-0.09595218,4.7629123,-7.8909707,1682086966908,,-1.9532402,-0.12362376,0.20051636,,,,,,-0.11315879,0.26514712,0.47763106,0.1614654,-0.6037636,-0.22246128,0.07085204
52.54274133,13.37327794,-0.17236301,4.805745,-7.952147,1682086967000,6.412369,1.9837834,0.14332415,-0.4977021,,,,,,-0.15508679,0.2556544,0.35076815,0.19434,-0.6627115,-0.22932729,0.07373226
,,-0.02448657,5.722196,-7.4716687,1682086967158,,0.30390522,0.2844339,0.08078687,,,,,,-0.11853747,0.3601062,0.33847314,0.17379497,-0.6554134,-0.26898518,0.0856757
,,0.022013962,5.4751773,-7.58796,1682086967409,,1.9000949,0.37239844,-0.7127265,,,,,,-0.113875136,0.24046315,0.31959885,0.1781409,-0.6549309,-0.2664642,0.08885415
,,-0.2408775,4.0999417,-8.126184,1682086967910,,-2.4474297,0.10178535,0.41309732,,,,,,-0.18783562,0.23932178,0.327755,0.13640672,-0.4768538,-0.19325046,0.064179696
,,-0.15210375,4.9443684,-8.0353365,1682086968162,,-1.6752967,-0.23602287,0.12293654,,,,,,-0.16027461,0.36013165,0.17739233,0.22124217,-0.72316355,-0.23453519,0.07566671
,,-0.07561319,5.4947977,-7.605506,1682086968412,,0.35582873,0.037644543,0.08689552,,,,,,-0.1459229,0.3522894,0.15115926,0.21466522,-0.7127821,-0.26914966,0.08777809
,,-0.010049859,5.2934813,-7.7816978,1682086968664,,2.0552545,-0.04054615,-0.45188722,,,,,,-0.112032555,0.32374752,0.08775358,0.21886128,-0.71548325,-0.26020128,0.08652987
,,-0.08454637,4.581617,-8.21815,1682086968915,,1.2238675,-0.77969253,0.048411034,,,,,,-0.037216786,0.35292992,0.053145632,0.18659969,-0.5983538,-0.21188733,0.07160035
,,-0.28689945,4.2305107,-8.249415,1682086969166,,0.43157595,-0.066813335,-0.38408124,,,,,,-0.071851015,0.38369334,0.13971385,0.08115334,-0.28607017,-0.1722293,0.0729663
,,-0.4681956,4.144369,-8.179864,1682086969416,,-0.4566214,0.26122105,-0.10797035,,,,,,-0.03549586,0.3296677,0.20329843,0.035927232,-0.1614677,-0.16205898,0.083440796
,,-0.65874404,3.4471006,-8.431271,1682086969667,,0.48899725,-0.16516256,-0.027947064,,,,,,-0.010337424,0.3446951,0.16721609,-0.074710965,0.14584544,-0.113091305,0.0783994
,,-0.9907083,2.2176683,-9.087941,1682086969919,,-0.3735438,0.12744166,-0.055435978,,,,,,-0.05688621,0.40671512,0.0996312,-0.17525265,0.44571763,-0.039285958,0.06742682
52.54261809,13.37328243,-1.2728223,1.0206186,-9.787442,1682086970000,5.6514425,0.2715294,-0.6929497,0.65988666,,,,,,-0.013149909,0.22172037,-0.06378142,-0.3425287,0.9354956,0.06367645,0.045434657
,,-1.1975281,1.2642877,-9.545925,1682086970173,,-0.21471897,0.08834632,0.34834564,,,,,,-0.00993797,0.3624042,0.10209689,-0.27749974,0.74919116,0.03149026,0.052837733
,,-1.4201401,1.1331611,-9.578389,1682086970430,,0.1432478,-0.116293386,0.09666935,,,,,,-0.13808702,0.39293775,0.11307537,-0.34263468,0.93553394,0.060938604,0.048473343
,,-1.4829919,1.2894121,-9.717332,1682086970932,,-0.26419902,-0.3514763,-0.48914996,,,,,,-0.06560744,0.28225157,-0.028881136,-0.32943612,0.9386508,0.07310428,0.049209535
,,-1.9341985,1.4318651,-9.616835,1682086971184,,0.26480988,-0.06131555,0.058795735,,,,,,-0.2136413,0.31067747,-0.011193514,-0.31800368,0.94034976,0.084849514,0.061952677
,,-2.1058435,1.5214366,-9.4318695,1682086971434,,0.031459536,-0.11262819,-0.07987057,,,,,,-0.08301249,0.1545106,0.10602476,-0.3099194,0.94088405,0.09827851,0.07343204
,,-2.4652455,1.49025,-9.2590275,1682086971686,,-0.092546016,-0.44493863,-0.28817546,,,,,,-0.17797184,0.12343683,0.17697257,-0.3030035,0.9413836,0.10512403,0.08905659
,,-2.9406195,1.4250057,-9.227123,1682086971937,,0.20433427,-0.08147409,0.16936226,,,,,,-0.14866988,0.0437348,0.15345082,-0.29847375,0.940936,0.10783542,0.1097056
,,-3.3238695,1.4001204,-8.911747,1682086972189,,-0.08949169,0.099341884,-0.07925971,,,,,,-0.20757884,0.047752954,0.38616505,-0.29695022,0.9394868,0.111440025,0.12697028
,,-3.4307487,1.3861622,-8.976355,1682086972441,,-0.1065959,-0.046654798,-0.14462224,,,,,,-0.3186035,0.09456249,0.21563853,-0.30574316,0.93571305,0.11238024,0.13468502
,,-3.4719853,1.352264,-8.952107,1682086972692,,-0.101708986,0.05108357,-0.099418245,,,,,,-0.30890486,0.11616797,0.23333512,-0.31263688,0.9331868,0.1113123,0.13731076
,,-3.5819757,1.378904,-9.040802,1682086972942,,-0.18539746,-0.16943862,-0.22769985,,,,,,-0.36020914,0.2071193,0.066870674,-0.32033166,0.9300638,0.11178584,0.13971525
52.54252304,13.37326145,-3.6907692,1.0662419,-9.018786,1682086973000,7.586668,0.1310305,-0.1523344,0.01970039,,,,,,-0.21141697,0.20762965,0.02285258,-0.35713318,0.9137729,0.11052459,0.15558085
,,-3.6067014,1.2818352,-8.956016,1682086973193,,0.101708986,0.014431681,-0.02489274,,,,,,-0.23358613,0.17431259,0.16452794,-0.33205298,0.92453474,0.1127509,0.14604114
,,-3.5426536,1.121835,-8.875138,1682086973444,,-0.10537417,-0.08575014,0.090560704,,,,,,-0.19576034,0.15423085,0.1994072,-0.3452584,0.91889924,0.111855544,0.1505148
,,-3.7078388,0.9189237,-8.996295,1682086973946,,-0.13713914,0.044364054,0.19196425,,,,,,-0.002155455,0.15400524,0.01209968,-0.36734384,0.9085811,0.109319575,0.16350983
,,-3.6587856,0.7690532,-8.967422,1682086974196,,-0.3265072,0.13477205,0.13820815,,,,,,0.12988548,0.03213354,0.021172762,-0.37278327,0.90547806,0.11071412,0.16839305
,,-3.5593235,0.9488339,-8.982178,1682086974448,,-0.43401942,0.3174206,0.06734784,,,,,,0.1792352,0.067731,0.045371708,-0.3741831,0.9046739,0.11584268,0.1653021
,,-3.533322,1.3294523,-9.056036,1682086974700,,-0.4071414,0.6155226,0.08689552,,,,,,0.024919955,0.060772333,-0.022147322,-0.370328,0.9061535,0.12789643,0.14985158
,,-3.2731426,1.9037297,-9.053325,1682086974953,,0.43829548,0.005268709,-0.19349141,,,,,,-0.0016147852,0.18443745,0.003431654,-0.3662697,0.90730894,0.14482288,0.12792541
,,-2.8926835,2.2447863,-8.955218,1682086975204,,-0.25076,-0.035048366,0.3715585,,,,,,0.10354508,0.12878895,0.06310024,-0.36504653,0.9077743,0.15973778,0.10948057
,,-2.6916864,2.8568702,-8.967661,1682086975455,,-0.25198174,-0.036880963,0.38988444,,,,,,0.061285224,0.26021034,0.052968405,-0.3567458,0.9109466,0.17732172,0.087575085
,,-2.5211575,3.4340997,-8.855197,1682086975706,,0.029016078,-0.15355614,-0.719446,,,,,,-0.012351517,0.37917492,0.12551573,-0.34759742,0.9131708,0.19545594,0.068567626
,,-2.3147366,3.6823149,-8.884151,1682086975958,,0.36621344,-0.474871,0.8034399,,,,,,0.19305548,0.35167184,0.04309694,-0.34910282,0.9105642,0.20919572,0.0617067
52.54241314,13.37330813,-2.0188243,5.695636,-7.075019,1682086976000,6.846397,-0.79076445,-0.3001637,0.20295982,,,,,,0.3138077,0.48989895,0.10798847,-0.24316637,0.8899981,0.32291186,0.06777389
,,-2.2704697,3.9810987,-8.70716,1682086976210,,-0.7864884,-0.051541716,0.92439115,,,,,,0.38167283,0.48697534,0.048381314,-0.33820906,0.91055167,0.22152787,0.068901114
,,-2.1514664,4.4235315,-8.21472,1682086976462,,-1.6588033,-0.99410605,1.9243767,,,,,,0.5482424,0.3322672,0.009082461,-0.30612564,0.90731925,0.25578475,0.0741521
,,-1.651287,6.749355,-5.7729254,1682086976964,,-0.13164136,0.88552487,-0.23380849,,,,,,0.18103576,0.50786513,0.10597874,-0.18961436,0.6644145,0.21931249,0.060432367
,,-1.2398809,7.675456,-4.5372705,1682086977215,,-0.003970621,0.50434524,-0.07864884,,,,,,0.11660243,0.4183931,0.02027837,-0.13043092,0.38872126,0.06839152,0.062117346
,,-0.9714062,8.771769,-3.2310278,1682086977467,,0.0070249448,-0.08880447,0.102778,,,,,,-0.21368888,0.45414266,0.089473516,-0.05416866,0.114454456,-0.077961154,0.06385826
,,-0.619103,9.499745,-2.19366,1682086977719,,-0.043065965,0.14821106,0.061239194,,,,,,-0.47004613,0.2306418,-0.0071528,0.01135218,-0.16305272,-0.22883412,0.06133909
,,-0.41387856,9.974959,-1.3433304,1682086977970,,0.15424335,0.50190175,-0.16905683,,,,,,-0.62658536,0.32452255,0.083179854,0.059928477,-0.4359755,-0.40501055,0.06672685
,,-0.36155552,9.872309,-1.349552,1682086978222,,-0.019853106,-0.14744748,0.07834341,,,,,,-0.51486474,0.17769489,-0.090762265,0.084592566,-0.6942432,-0.609989,0.0814313
,,-0.44809592,9.730652,-1.4492531,1682086978472,,-0.10476331,-0.16821688,0.0368046,,,,,,-0.44111186,-0.006478612,-0.07224334,0.11158237,-0.7466034,-0.64707863,0.09683002
,,-0.5418148,9.757214,-1.5303695,1682086978724,,0.004581486,0.32719445,-0.16844596,,,,,,-0.4074135,0.06539113,-0.06347927,0.12832825,-0.74863756,-0.6418345,0.101946235
,,-0.7336395,9.683036,-1.4105688,1682086978976,,0.17134757,0.48846275,0.031306818,,,,,,-0.4396264,-0.055639617,0.042811055,0.13897082,-0.74717814,-0.6412622,0.10324835
52.54233254,13.37330334,-0.81563365,9.713823,-1.9344375,1682086979000,5.257826,1.2244785,-0.042989608,-0.72494376,,,,,,-0.33526456,0.10113201,0.12422833,0.1684835,-0.75669754,-0.62011695,0.1047173
,,-0.72622174,9.832905,-1.445983,1682086979228,,0.16279547,0.106672265,0.14737113,,,,,,-0.34300444,0.17518423,0.019341834,0.15333958,-0.7445776,-0.63991565,0.109358594
,,-0.60267234,10.007901,-1.6851852,1682086979480,,0.28130323,-1.5793145,-0.20631959,,,,,,-0.2520279,0.23913206,-0.07467814,0.16288231,-0.74583983,-0.6351097,0.11479161
,,-1.1936196,9.333205,-2.9576085,1682086979985,,1.9343033,-0.50663596,-0.5807797,,,,,,-0.3650707,0.30440083,0.03634896,0.13124777,-0.5993774,-0.51104623,0.092476025
,,-1.6079768,8.224211,-4.0105305,1682086980235,,-1.6203188,0.2551124,0.060017463,,,,,,-0.27095678,0.13817912,0.131823,0.057370886,-0.32309034,-0.36049637,0.09382229
,,-1.7174882,7.575996,-4.95418,1682086980485,,-1.9306382,0.24656029,0.3581195,,,,,,-0.05929717,0.03190681,0.07111812,0.021339009,-0.16842312,-0.24539493,0.08256253
,,-1.7657435,7.412886,-5.0985475,1682086980736,,-0.9776891,0.7279217,0.010537418,,,,,,0.04898832,-0.100679845,0.19988689,0.030797148,-0.17549396,-0.23395354,0.07525975
,,-1.821177,7.5905924,-4.968696,1682086980988,,0.59162253,-0.1871537,-0.27107126,,,,,,0.1543293,0.110459134,0.12963647,0.04000218,-0.1676996,-0.23975497,0.07652494
,,-1.5145768,7.8111296,-4.681717,1682086981240,,1.4022402,-0.7430406,0.07040217,,,,,,0.45796216,0.18115915,-0.00726587,0.045057066,-0.15492313,-0.25375122,0.0865614
,,-1.2374084,7.945049,-4.1139803,1682086981492,,2.6972735,-0.7253256,-0.26374087,,,,,,0.6397385,-0.028237041,0.14648542,0.06333499,-0.21016783,-0.28230816,0.08699688
,,-1.2460225,8.203474,-4.2407203,1682086981743,,-0.928209,0.30947936,0.6262891,,,,,,0.64210236,0.09144779,-0.024788165,0.08796893,-0.20597628,-0.27907965,0.09237088
,,-1.1715261,8.173564,-4.0627737,1682086981995,,-2.3710716,0.63629204,0.6837104,,,,,,0.60391146,0.012694248,0.13556896,0.08633397,-0.14385875,-0.25439623,0.096429564
52.54225888,13.37332909,-1.0999805,8.219426,-3.5694532,1682086982000,4.627846,-0.046731155,0.27710354,-0.045662142,,,,,,0.045599706,-0.041082002,0.3144205,0.018689089,-0.14733662,-0.27023113,0.0853266
,,-1.1301303,8.389875,-3.789912,1682086982246,,-0.58245957,0.7651845,0.16875139,,,,,,0.44411972,0.14526114,0.23210421,0.0601056,-0.14356606,-0.26288548,0.090555735
,,-1.0756536,8.112387,-3.7143784,1682086982498,,0.33444846,-0.1786016,-0.04138609,,,,,,0.29362476,-0.11173439,0.27351007,0.03691517,-0.14677258,-0.2662113,0.08486242
,,-0.9218748,8.538868,-3.0040293,1682086983009,,-0.14569125,0.17631085,-0.059712034,,,,,,-0.09724938,0.015574042,0.29013163,0.034879044,-0.24727093,-0.35334957,0.09982766
,,-0.34648076,9.352267,-1.7318451,1682086983264,,0.06444623,-0.16088651,0.18402301,,,,,,-0.07772816,-0.03466654,0.43070206,0.08572366,-0.5256291,-0.5082857,0.09823508
,,-0.1422134,10.063813,-0.9846465,1682086983515,,-0.20189081,-0.4437169,0.24572036,,,,,,-0.21412604,0.23477621,0.27806473,0.1176206,-0.74240714,-0.64897555,0.107165836
,,-0.074895345,10.043156,-0.8702696,1682086983768,,0.011300999,0.38033968,-0.060322896,,,,,,-0.24139808,0.18010667,0.21170905,0.11800505,-0.7348583,-0.6570148,0.116648
,,-0.15154544,10.023773,-0.777109,1682086984020,,0.03573559,0.3333031,-0.045051277,,,,,,-0.34706244,0.11362724,0.29280862,0.12365804,-0.73377645,-0.65589356,0.123652644
,,-0.15848462,9.993386,-0.6782057,1682086984271,,0.17379104,0.2532798,0.016035201,,,,,,-0.34622794,0.092319615,0.33418253,0.13546185,-0.72916806,-0.65585804,0.13491401
,,-0.16973089,9.993704,-0.6738986,1682086984523,,0.15118903,0.32414013,0.011148282,,,,,,-0.37158665,0.08519125,0.28810292,0.14812782,-0.72458297,-0.6542552,0.14809437
,,-0.22787648,10.024491,-0.6777271,1682086984774,,0.17806709,0.63384855,-0.1867719,,,,,,-0.45056468,0.10316522,0.27059406,0.1631307,-0.71948403,-0.65106297,0.16342075
52.54218777,13.37333169,-0.6330611,8.973482,-3.3513875,1682086985000,3.9320927,0.40897396,-0.20181446,-0.19776747,,,,,,0.007467103,-0.17852847,-0.24487829,0.2414546,-0.63038564,-0.51076025,0.17517217
,,-0.1611965,10.106167,-0.7779066,1682086985025,,0.40958482,-0.1004109,-0.11530073,,,,,,-0.30825278,0.13644129,0.22668336,0.19165847,-0.71201503,-0.6443498,0.18381794
,,-0.0902094,9.907561,-1.2093327,1682086985277,,0.37598726,-0.08452842,-0.0035124724,,,,,,-0.063140064,-0.050354768,0.05435365,0.22887865,-0.71119326,-0.62877584,0.20030798
,,-0.19238292,9.531488,-1.9443281,1682086985528,,1.9318599,-0.03810269,-0.4329504,,,,,,0.076249905,-0.25070104,-0.013181353,0.2603135,-0.7221719,-0.6023564,0.19955678
,,-0.9931809,7.9093947,-4.3212786,1682086986034,,-2.590372,1.286863,0.22617269,,,,,,0.02729581,-0.5179584,-0.04820431,0.19536929,-0.4806431,-0.39753363,0.14709125
,,-1.1488739,7.6063843,-4.982415,1682086986284,,-1.6856813,0.82871443,0.24083345,,,,,,-0.121199034,-0.59479374,-0.068860225,0.221574,-0.49346685,-0.36398962,0.1442079
,,-1.1552547,7.8584285,-5.1358743,1682086986536,,-0.09926552,0.84765124,-0.24113888,,,,,,-0.29491493,-0.30232343,-0.10760264,0.24047107,-0.48837253,-0.34686217,0.16478394
,,-1.1432908,7.8514094,-4.9575295,1682086986786,,1.0204496,0.7321978,-0.04382955,,,,,,-0.47276205,-0.32010314,-0.07427996,0.26549572,-0.46836042,-0.33305874,0.19948132
,,-1.1550156,8.087582,-4.7509503,1682086987041,,1.840841,0.49701485,-1.0340414,,,,,,-0.6778097,-0.118170105,0.0028624693,0.30525315,-0.4391629,-0.31868732,0.23749976
,,-1.0543575,8.345846,-4.4423547,1682086987292,,1.6807945,-0.7063888,-0.66507906,,,,,,-0.5618576,0.017608594,0.1891974,0.40966663,-0.5124507,-0.3556706,0.26785144
,,-1.0506088,8.416434,-4.5911093,1682086987542,,-1.1230749,0.52083856,0.6067414,,,,,,-0.374562,0.22000003,0.09406734,0.54422367,-0.64320946,-0.41050074,0.2771225
,,-1.039841,8.027999,-4.7734423,1682086987796,,-1.6807945,0.22090398,0.5212204,,,,,,-0.078926235,0.03529738,0.1705603,0.5951931,-0.6087722,-0.39369088,0.28337675
52.54214995,13.37338029,-0.9583255,7.938348,-4.5904713,1682086988000,3.7900925,2.3997822,-0.7424298,-0.5074759,,,,,,0.36729655,-0.13583954,0.31962454,0.67079633,-0.5357862,-0.35660058,0.32960972
,,-1.148874,7.702336,-4.8407593,1682086988050,,-0.558025,0.20074543,0.027030766,,,,,,0.04169573,-0.22300008,0.32508934,0.63215375,-0.5864478,-0.37560004,0.28978452
,,-1.2022339,8.036613,-4.899544,1682086988302,,0.22999059,0.0297033,-0.16661337,,,,,,0.1864199,0.13545674,0.3293281,0.6555264,-0.5669418,-0.36346945,0.29823822
,,-1.1578072,7.9448895,-4.66082,1682086988552,,1.3093886,-0.2842812,-0.20509785,,,,,,0.327058,-0.04535804,0.36109564,0.66697,-0.54663104,-0.35985866,0.31314048
,,-1.0778867,7.90421,-4.682833,1682086989054,,-1.6954552,0.8445969,-0.09758565,,,,,,0.10878965,-0.105759025,0.25908875,0.67659205,-0.53099304,-0.3490022,0.33354706
,,-1.0166306,7.914899,-4.6143994,1682086989305,,-2.1945317,0.270384,0.5328268,,,,,,0.074454166,-0.043367345,0.38811874,0.6867952,-0.5202016,-0.33811653,0.33864105
,,-0.97826576,8.043474,-4.6434317,1682086989555,,-0.5677988,0.5623774,0.23044874,,,,,,0.034108233,0.09625438,0.29792288,0.6950516,-0.50780916,-0.32731566,0.34935394
,,-0.93056875,7.815757,-4.686024,1682086989806,,0.7938188,-0.082084954,0.08506292,,,,,,-0.054370973,-0.08366175,0.33243373,0.7024992,-0.49801567,-0.31601286,0.35773927
,,-1.0091331,7.785368,-5.0390453,1682086990062,,2.4248278,-1.0087668,-0.809854,,,,,,-0.12041931,0.015491581,0.22839607,0.71614444,-0.49563804,-0.30135202,0.3507045
,,-1.3534603,7.4423165,-5.215715,1682086990312,,-0.57696176,0.3992765,-0.49281517,,,,,,-0.25120872,0.01306947,0.3573981,0.73061615,-0.4913128,-0.29140276,0.32750374
,,-1.2248061,7.7296953,-5.2329435,1682086990565,,0.7626647,-0.28855726,-0.32299474,,,,,,-0.07349835,0.28366116,0.3258104,0.74187636,-0.47245362,-0.29028654,0.33303297
,,-1.5044475,7.4168744,-5.7102323,1682086990817,,-0.21838416,0.0022143847,0.18890993,,,,,,-0.045681637,0.5161485,0.1549595,0.7576367,-0.46051675,-0.2844779,0.30441484
52.5421625,13.37353961,-2.336033,4.8876586,-8.316974,1682086991000,3.7900925,0.050396346,0.09995275,-0.14889829,,,,,,0.19934034,0.562452,0.31535643,0.8506428,-0.4551748,-0.22247499,0.13674523
,,-1.8592231,6.4474616,-6.4833527,1682086991069,,0.019853106,0.21051927,-0.10002911,,,,,,0.0273549,0.39712143,0.31074998,0.7872946,-0.45912653,-0.26620522,0.24804984
,,-2.291287,5.619384,-7.546085,1682086991320,,-0.050396346,0.093233235,0.15714496,,,,,,0.04779072,0.45277554,0.32475215,0.8224557,-0.46136555,-0.24380101,0.18377589
,,-2.5182867,5.006662,-8.19454,1682086991571,,-0.033902995,0.12744166,0.110108376,,,,,,0.101652056,0.57799184,0.39390305,0.84597814,-0.4589976,-0.22785677,0.13911875
,,-2.2575483,4.737788,-8.347282,1682086992074,,0.010079269,0.081015944,-0.021838415,,,,,,0.1557092,0.38375056,0.3066664,0.8482653,-0.4607144,-0.2183761,0.13936147
,,-2.1962123,4.899863,-8.336754,1682086992324,,-0.1517999,-0.0045051277,0.044745844,,,,,,0.027277458,0.37896952,0.25978565,0.8425464,-0.46908247,-0.21608004,0.15058102
,,-2.1228323,4.957131,-8.425528,1682086992578,,0.053450666,0.08040508,-0.23014331,,,,,,-0.028471716,0.2924024,0.12986651,0.83701223,-0.47654492,-0.21592589,0.1583128
,,-2.0513668,5.0354557,-8.305966,1682086992829,,0.038789913,0.12133302,0.084452055,,,,,,-0.03429751,0.22298774,0.15079293,0.8326619,-0.48126712,-0.21809,0.16490096
,,-2.1129425,5.189394,-8.339865,1682086993080,,0.5543598,-0.34781113,-0.3101666,,,,,,-0.068173364,0.28215212,0.12256203,0.8300238,-0.4836235,-0.2212762,0.16740493
,,-2.0298316,4.954978,-8.201081,1682086993333,,-2.4565928,0.645455,0.64156073,,,,,,0.1065998,-0.040167723,0.1538957,0.82994086,-0.4797655,-0.22662751,0.16942754
,,-1.8222141,5.5669017,-7.330333,1682086993583,,-1.4010184,-0.45532334,0.08872811,,,,,,0.11799557,-0.17411867,0.25010914,0.812584,-0.46943375,-0.24222426,0.21504068
,,-1.4315459,6.647739,-6.323035,1682086993834,,0.2593121,-0.41317368,0.050243627,,,,,,0.22392082,0.106045276,0.10660541,0.78144175,-0.45536458,-0.26624238,0.2778736
52.54219053,13.37374356,-0.88781685,8.587361,-4.215914,1682086994000,3.7900925,-0.39920014,0.015653409,0.19501857,,,,,,0.3121597,0.23169075,0.15373264,0.7270473,-0.42990345,-0.31626552,0.40047348
,,-1.1956136,7.2102923,-5.4892135,1682086994085,,2.844492,-0.6068178,-0.66019213,,,,,,0.22048981,-0.027838262,0.10163939,0.7584888,-0.44513324,-0.28535125,0.32798496
,,-1.3021739,7.4282784,-5.4700723,1682086994336,,-0.06017018,0.054748755,0.0594066,,,,,,0.198891,0.028544744,0.035464708,0.75224566,-0.44627872,-0.29561174,0.33444652
,,-1.0495716,7.2196245,-4.980022,1682086994588,,-2.6789474,0.3852266,0.3911062,,,,,,0.41356733,-0.44170848,0.2325436,0.7479954,-0.44325474,-0.3027032,0.3469449
,,-0.81810594,8.575479,-4.102893,1682086995091,,1.6783509,-0.55550516,-0.09269873,,,,,,0.34798628,0.16745424,0.039840713,0.72009945,-0.42390397,-0.32038534,0.41403988
,,-1.1546166,8.023772,-4.9382267,1682086995344,,1.7015638,-0.55489427,-0.40240717,,,,,,0.22619985,0.035245195,0.031420834,0.74108726,-0.4349831,-0.3103021,0.3729258
,,-1.3956536,7.2318273,-5.3473997,1682086995597,,-2.8182247,0.7236457,0.21151192,,,,,,0.28947818,-0.18540397,0.27092138,0.76165694,-0.44216985,-0.29919022,0.32800534
,,-0.9809774,8.078728,-4.5054464,1682086995849,,-0.28313583,0.07246383,-0.0035124724,,,,,,0.44594586,0.083695985,0.288451,0.7478591,-0.42699972,-0.30653918,0.37145922
,,-0.84674007,8.836454,-3.882913,1682086996100,,0.113926284,-0.46509716,0.2988656,,,,,,0.35766163,0.3403028,0.09103634,0.72890586,-0.40939686,-0.316245,0.42061055
,,-0.8938787,8.532805,-3.6439502,1682086996351,,-0.085215636,0.025427246,0.050243627,,,,,,0.26176733,3.2265982E-4,0.19641136,0.72422594,-0.4093668,-0.31885612,0.42577633
,,-0.94301134,8.772886,-3.486343,1682086996601,,0.17989968,-0.2775617,0.16142102,,,,,,0.19415706,0.19509365,0.26149657,0.72084874,-0.40924653,-0.32216015,0.42834315
,,-0.7428119,9.035936,-2.5241888,1682086996854,,-0.03084867,-0.024663666,0.12782346,,,,,,0.20114292,0.026073901,0.46572527,0.70168537,-0.3989783,-0.33207807,0.46675676
52.54222942,13.37396246,-0.55226344,9.888339,-1.5010178,1682086997000,3.7900925,0.0772744,0.0028252497,-0.007177661,,,,,,-0.18538326,0.13793169,0.3201544,0.65477765,-0.4023412,-0.3561004,0.53142434
,,-0.54460645,10.035898,-1.7501105,1682086997110,,0.1621846,0.37423104,-0.123852834,,,,,,0.059143055,0.38928577,0.30387428,0.67418927,-0.38881403,-0.34739998,0.5209113
,,-0.58416784,9.805468,-1.5002201,1682086997362,,0.13225223,0.21784966,-0.02367101,,,,,,-0.092262246,0.10903228,0.3719909,0.6645262,-0.39064348,-0.35106897,0.53079534
,,-0.6439086,9.939546,-1.4899311,1682086997614,,0.09987639,-0.019165883,-0.027336199,,,,,,-0.23103537,0.2122454,0.36640006,0.65887827,-0.39836454,-0.35397324,0.53064203
,,-0.53256255,9.90437,-1.4892131,1682086998115,,0.01802051,0.05169443,0.017867794,,,,,,-0.20167209,0.14801948,0.3063339,0.6516435,-0.40655807,-0.35847718,0.5305163
,,-0.48869413,9.9534235,-1.4825132,1682086998365,,0.14935644,0.17631085,0.020922119,,,,,,-0.14086424,0.16677158,0.28761053,0.6507253,-0.40721217,-0.35933682,0.53055626
,,-0.38675988,9.920085,-1.5913069,1682086998616,,-0.05650499,-0.08086322,0.03008509,,,,,,-0.03892375,0.11219447,0.2217841,0.65285397,-0.4065402,-0.35700232,0.53004485
,,-0.3606781,9.880125,-1.6214565,1682086998866,,-0.054061532,-0.09613484,-0.0010690134,,,,,,-0.022290545,0.05381597,0.21547,0.65257686,-0.4084376,-0.35696632,0.52896065
,,-0.27716863,9.843034,-1.596571,1682086999118,,0.004581486,-0.008781182,-0.067653276,,,,,,0.046704948,0.014598433,0.24428943,0.6504385,-0.41127545,-0.35883147,0.5281533
,,-0.23026928,9.873104,-1.6154745,1682086999370,,-0.047952887,-0.069867656,-0.0029016077,,,,,,0.07983971,0.038822014,0.21381861,0.6492638,-0.4122887,-0.35929912,0.5284983
,,-0.19716859,9.906284,-1.6466609,1682086999623,,-0.027183482,0.004657844,-0.042607818,,,,,,0.102213256,0.045204386,0.16627796,0.64855075,-0.41222996,-0.35893977,0.5296568
,,-0.18424733,9.853803,-1.6263217,1682086999873,,0.11942407,-0.12362376,0.08994984,,,,,,0.090523124,-0.017685603,0.16918993,0.64632124,-0.413229,-0.36064422,0.53039765
52.54225172,13.37419669,-0.19006988,9.927104,-1.4215759,1682087000000,3.7900925,0.016798781,-0.1749364,0.03252855,,,,,,-0.25892702,-1.7903646E-4,0.057074327,0.6187261,-0.4343212,-0.37257433,0.5376771
,,-0.17922238,9.889218,-1.5965708,1682087000126,,-0.038789913,-0.04054615,0.15347977,,,,,,0.05201966,-0.011997064,0.141936,0.640703,-0.417692,-0.36521778,0.5304705
,,-0.155693,9.885626,-1.5009378,1682087000378,,-0.07849612,-0.1749364,0.07956514,,,,,,-0.0030197839,-0.0069131535,0.14336766,0.6329467,-0.42367902,-0.3696876,0.53170997
,,-0.1694916,9.859625,-1.4627326,1682087000629,,-0.022907428,0.29420775,0.021532983,,,,,,-0.119365476,-0.07446216,0.0993164,0.62501246,-0.42973247,-0.37228632,0.53420657
,,-0.18336996,9.876138,-1.3292128,1682087001135,,0.088269964,-0.0063377223,-0.057879437,,,,,,-0.3519432,-0.03352461,0.08501385,0.6129046,-0.4390306,-0.3720778,0.5410177
,,-0.16925234,9.884912,-1.3423736,1682087001386,,-0.03084867,0.13782637,-0.10674862,,,,,,-0.45382994,-0.014582634,0.04182415,0.60990906,-0.4414648,-0.3695343,0.5442742
,,-0.14476575,9.856755,-1.3112667,1682087001636,,0.0051923506,0.027870705,0.110108376,,,,,,-0.47659677,-0.044015184,0.040255126,0.6107151,-0.4386478,-0.36536866,0.5483828
,,-0.17371891,9.915218,-1.3092728,1682087001889,,0.124310985,0.18669555,0.05146536,,,,,,-0.5092962,0.008925438,0.043403085,0.61342525,-0.43488726,-0.3620313,0.55063015
,,-0.12985049,10.0398035,-1.3858432,1682087002143,,0.5024363,-0.39484772,0.10399973,,,,,,-0.44025514,0.15293966,0.02447201,0.6190555,-0.43043983,-0.35775107,0.5507149
,,-0.13551354,9.855716,-1.6535203,1682087002394,,1.212872,-0.7418189,-0.22892158,,,,,,-0.36440796,0.011627325,0.016464194,0.62624663,-0.4356963,-0.35520843,0.53883076
,,-0.37798622,9.565229,-2.5099912,1682087002647,,2.9532259,-0.90919584,-0.88621205,,,,,,-0.3349124,0.18853764,0.06894815,0.646787,-0.45120665,-0.34360072,0.49518436
,,-0.78540415,8.272467,-3.6197824,1682087002902,,-2.151771,0.8678098,0.37949973,,,,,,-0.2622751,-0.116051845,0.22578053,0.6793152,-0.4681152,-0.3188849,0.41961184
52.54226011,13.37440865,-1.3181263,7.3671823,-5.601359,1682087003000,3.7900925,0.49205157,-0.042378742,-0.20021093,,,,,,-0.09096718,0.089246005,0.29593176,0.7410058,-0.48574913,-0.28327692,0.32309225
,,-0.9597612,7.9176116,-4.2942395,1682087003153,,-2.0222678,0.16592614,0.1565341,,,,,,-0.27970615,-0.11564144,0.29344317,0.6990343,-0.4801924,-0.30591443,0.38474205
,,-0.8428319,8.1884,-4.5553756,1682087003403,,1.2623521,-0.058872093,-0.05421425,,,,,,-0.108661756,0.16712023,0.2283657,0.7060617,-0.479358,-0.30212572,0.37929752
,,-0.89858466,7.712228,-4.82058,1682087003654,,2.5146248,0.4719694,-0.3498728,,,,,,-0.03579917,-0.17580216,0.3228766,0.7186428,-0.4811478,-0.29634264,0.36442703
,,-1.2637292,6.74409,-5.5435324,1682087004162,,-2.586096,0.3107011,0.2554942,,,,,,0.024336543,-0.42014438,0.4397745,0.7508248,-0.47997692,-0.2773219,0.31353375
,,-0.9068001,8.2888975,-4.665047,1682087004413,,-0.77182764,0.55626875,0.13881902,,,,,,0.0477972,0.21230689,0.32309783,0.7296697,-0.4629327,-0.297534,0.37717083
,,-0.654756,8.481759,-4.1316867,1682087004665,,1.5580106,-0.34903285,-0.09758565,,,,,,0.17937016,0.11965334,0.25762746,0.7171379,-0.44913873,-0.30638555,0.40705147
,,-0.9064012,7.8688765,-4.889972,1682087004919,,2.590983,-1.1309397,-0.25518876,,,,,,0.0638916,-0.08546055,0.19368124,0.73322386,-0.45931748,-0.2956448,0.37481698
,,-1.2819148,7.248338,-5.441836,1682087005170,,-2.3368633,0.94783306,0.10155627,,,,,,-0.03374023,-0.05731794,0.36412105,0.75016683,-0.471051,-0.28208414,0.3278629
,,-0.94101745,7.6001635,-4.875615,1682087005421,,-0.97463477,0.6417898,-0.114079,,,,,,-0.0044900933,-0.21309297,0.44087994,0.7413046,-0.4584451,-0.285102,0.362338
,,-0.7578867,8.626844,-4.1858444,1682087005672,,0.48044515,-0.1871537,-0.00962112,,,,,,-0.039472684,0.2701992,0.21254474,0.72290736,-0.4328249,-0.29391485,0.41814488
,,-0.76442707,8.386763,-3.9207194,1682087005922,,0.009468404,0.040088,0.20173809,,,,,,-0.094301626,-0.02932911,0.2554631,0.7239125,-0.41868684,-0.28848252,0.4313534
,,-0.87912303,8.591669,-3.7678974,1682087006174,,-0.06017018,0.14515674,0.11194097,,,,,,-0.22233471,0.15178642,0.327917,0.7254877,-0.41132158,-0.28283024,0.43810442
,,-0.75533444,8.890851,-2.811088,1682087006425,,0.08704823,0.20563236,0.008093959,,,,,,-0.32211807,0.016505273,0.45645142,0.7113851,-0.39112166,-0.28431758,0.48040432
,,-0.35222346,9.890333,-1.927339,1682087006679,,0.120034926,0.044364054,0.17363831,,,,,,-0.36756462,0.24515404,0.28592288,0.68984616,-0.36640546,-0.29014847,0.54822373
52.54229481,13.37466225,-0.26329026,10.015319,-1.5361125,1682087007000,3.7900925,0.036346454,0.26244277,-0.09086613,,,,,,-0.44775307,0.25631467,0.27871236,0.68139267,-0.35799754,-0.28666267,0.5700017
,,-0.23290141,9.942976,-1.5784656,1682087007181,,0.5317578,-0.16394083,-0.35659233,,,,,,-0.5307697,0.14956339,0.32615587,0.6843671,-0.35905167,-0.2787827,0.5697266
,,-0.2126422,9.752906,-1.913939,1682087007433,,1.7473787,-0.7247147,-0.3376555,,,,,,-0.4436246,0.061167732,0.30533302,0.69176304,-0.3630342,-0.27635738,0.5578789
,,-0.42193443,9.283674,-2.8045475,1682087007683,,2.6068654,-1.188361,-0.46166107,,,,,,-0.31117135,0.08622902,0.2623087,0.7143173,-0.37254116,-0.27184212,0.5107028
,,-0.7739187,8.075695,-3.9012578,1682087007933,,-2.107789,0.99609137,0.119271345,,,,,,-0.094732,-0.06453248,0.3199342,0.7446054,-0.38723803,-0.26236525,0.43125874
,,-0.8193025,7.7336807,-4.589912,1682087008184,,-2.2794418,-0.3502546,0.43508843,,,,,,0.14250793,-0.040408906,0.3066482,0.7660105,-0.3930959,-0.25980893,0.3915065
,,-0.81443703,8.003273,-4.681398,1682087008435,,1.2794563,-0.34597853,-0.115911596,,,,,,0.39741775,0.23364931,0.27567568,0.7696384,-0.3906115,-0.2695325,0.3832453
,,-1.0100104,7.505248,-5.1200023,1682087008686,,2.291659,-0.2042579,0.08689552,,,,,,0.48860043,0.012569555,0.25000632,0.7775807,-0.4009975,-0.2786008,0.35739747
,,-1.3745172,7.0536423,-5.93436,1682087008936,,-0.17012584,0.25022548,0.23350306,,,,,,0.50625694,0.22864205,0.175177,0.7910655,-0.41868126,-0.27561623,0.30520362
,,-1.3416556,6.6232533,-5.880602,1682087009190,,-2.8835871,0.46586075,0.1424842,,,,,,0.52157724,-0.091309994,0.34933746,0.7899343,-0.4276876,-0.2737388,0.29482278
,,-1.0052248,8.062615,-5.0616975,1682087009443,,-0.5433642,0.17569998,0.23350306,,,,,,0.47057286,0.3762508,0.22232825,0.7633577,-0.42138273,-0.29080665,0.3582885
,,-0.99661064,8.226604,-4.49715,1682087009696,,1.3955206,0.38278314,-0.5380192,,,,,,0.36405343,0.22391659,0.19219862,0.7396467,-0.4256419,-0.30568084,0.38651183
52.54233411,13.37484479,-1.2189039,7.6868634,-5.292604,1682087010000,3.7900925,2.459036,-1.3019819,-0.48365217,,,,,,0.24136677,0.040122684,0.07264064,0.7491818,-0.4449495,-0.29992285,0.35313714
,,-1.4675182,7.1230335,-5.6455455,1682087010198,,-2.6209154,1.1036036,0.29764387,,,,,,0.18259218,0.008513999,0.26856175,0.76042825,-0.45908687,-0.2890934,0.31136745
,,-1.1196018,7.642596,-4.9201217,1682087010452,,-1.0919209,0.71692616,0.15042545,,,,,,0.15640949,-0.06760864,0.33380362,0.74623704,-0.44970095,-0.29578418,0.35409793
,,-0.9015359,8.628757,-4.1086364,1682087010702,,0.38820457,-0.5811615,0.10766492,,,,,,0.14725068,0.3061945,0.14631869,0.72254556,-0.43278584,-0.30925563,0.40932465
,,-0.9221142,8.458947,-3.7225947,1682087010953,,-0.03695732,-0.07170025,0.170584,,,,,,0.03415134,0.05285867,0.2765335,0.7143872,-0.4302414,-0.31257898,0.4204911
,,-0.9228321,8.680203,-3.5405805,1682087011203,,0.109650224,0.2361756,0.0050396346,,,,,,-0.066750154,0.22793385,0.33756432,0.7109026,-0.42835382,-0.31214842,0.42676058
,,-0.7712068,8.923394,-2.7192037,1682087011454,,0.80176,-0.2702313,-0.12324197,,,,,,-0.13596873,0.09429261,0.5042586,0.6958111,-0.41634336,-0.31814587,0.46197996
,,-0.4612564,9.758011,-2.215674,1682087011706,,2.6936083,-0.5078577,-0.5563451,,,,,,-0.05707468,0.29334614,0.3877757,0.68123794,-0.40501314,-0.33014044,0.5058383
,,-0.88295156,9.042797,-2.8078973,1682087011957,,-2.9862125,1.4835615,0.61040664,,,,,,-0.10369578,0.27086982,0.503866,0.6957292,-0.4159237,-0.32330796,0.4566954
,,-1.0203793,8.793783,-3.1763122,1682087012210,,-0.8732312,1.1317034,0.24877468,,,,,,-0.10163799,0.21244231,0.6489687,0.7082103,-0.4265781,-0.31948635,0.42840815
,,-0.9230712,8.684989,-3.2382865,1682087012460,,0.3741547,-0.1437823,0.04046979,,,,,,0.10989797,0.1478007,0.6732713,0.71115917,-0.42381033,-0.320614,0.42608184
,,-1.0048261,8.729976,-3.3031323,1682087012713,,0.13591741,0.0730747,0.04657844,,,,,,0.1054838,0.19547954,0.6460714,0.71420217,-0.42114684,-0.3216172,0.42374375
52.54236686,13.37504099,-0.9730015,8.686824,-3.1700914,1682087013000,3.7900925,0.065667965,-0.046043932,0.06429352,,,,,,0.10127409,0.15931967,0.65570706,0.71268404,-0.4191609,-0.3233133,0.4260696
,,-0.9476375,8.907442,-2.8004,1682087013213,,-0.028405212,0.16226095,-0.12935062,,,,,,-0.04077943,0.20632203,0.58837193,0.7013719,-0.41292068,-0.3250631,0.44693673
,,-0.53009,9.730333,-1.8269199,1682087013463,,0.027794348,0.15065452,-0.02611447,,,,,,-0.061172325,0.1570925,0.47109222,0.6763174,-0.39490256,-0.3355526,0.515982
,,-0.51054865,9.8498955,-1.4605789,1682087013715,,0.098654665,0.07246383,0.029474225,,,,,,-0.2259117,0.091403514,0.36243773,0.6647901,-0.3836452,-0.33787686,0.54442406
,,-0.6179864,9.888339,-1.5271794,1682087013969,,0.043065965,0.1928042,-0.13362667,,,,,,-0.38867024,0.11680565,0.27105597,0.6662146,-0.3814931,-0.33367446,0.5467989
,,-0.5570491,9.801719,-1.5608383,1682087014220,,0.083993904,-0.08391755,0.00320704,,,,,,-0.29367414,0.061136212,0.24783349,0.670194,-0.37458748,-0.3293818,0.549243
,,-0.58169514,9.811291,-1.6055839,1682087014471,,9.162972E-4,-0.028939718,0.06307179,,,,,,-0.2307682,0.0881259,0.26344827,0.6754167,-0.368714,-0.3263988,0.5485708
,,-0.56877404,9.790234,-1.6798412,1682087014721,,-0.016798781,-0.047876526,0.00320704,,,,,,-0.1444582,0.08853706,0.25479108,0.6811946,-0.36324203,-0.32400292,0.5466327
,,-0.5713264,9.8034725,-1.7208383,1682087014972,,0.066889696,-0.0045051277,0.022754714,,,,,,-0.10502512,0.10466865,0.25641468,0.68366456,-0.36207873,-0.32449666,0.54407156
,,-0.5203592,9.781301,-1.8056242,1682087015222,,0.01924224,0.014431681,-0.018173227,,,,,,0.003316923,0.08370851,0.23092127,0.6857679,-0.36281058,-0.32462972,0.54086095
,,-0.49698925,9.735122,-1.8711076,1682087015472,,0.03695732,-0.10468695,0.07284562,,,,,,0.03870106,0.0616697,0.21880643,0.68694717,-0.36487576,-0.32480094,0.5378478
,,-0.48071805,9.76463,-1.9548565,1682087015723,,-0.110871956,-0.09491312,0.09850194,,,,,,0.012049441,0.06862876,0.1756687,0.6847261,-0.37182853,-0.32728416,0.53432727
52.54239761,13.37523306,-0.4765705,9.730493,-1.9926628,1682087016000,3.7900925,-0.019853106,-0.025885396,0.05146536,,,,,,-0.027809216,-0.002371343,0.12123146,0.67967445,-0.38027504,-0.33128503,0.5322507
,,-0.5019344,9.728338,-1.9303697,1682087016226,,-0.1432478,0.1787543,-0.05177079,,,,,,-0.10974533,-0.02315658,0.12797953,0.6723424,-0.38925734,-0.3371087,0.53124475
,,-0.49698925,9.74469,-1.8845869,1682087016478,,-0.13836087,0.14576761,0.011759147,,,,,,-0.13126531,-0.0066661197,0.082128875,0.665582,-0.3948096,-0.34281632,0.5318889
,,-0.5165307,9.82182,-1.8001205,1682087016730,,-0.07055488,-0.10713041,0.045967575,,,,,,-0.19429742,0.04641981,0.04743663,0.65913856,-0.3979067,-0.3478728,0.5344086
,,-0.5499504,9.818868,-1.599283,1682087016982,,-0.0027488915,0.58803374,0.034361143,,,,,,-0.24476095,0.1332448,0.07879747,0.6514771,-0.4008738,-0.35412174,0.53760886
,,-0.47154558,9.879087,-1.5380266,1682087017233,,0.3081813,-0.6404154,0.0044287695,,,,,,-0.17741394,0.1650476,-0.019982044,0.6475222,-0.3982093,-0.35624886,0.5429612
,,-0.4953143,9.82892,-1.473261,1682087017485,,-0.00763581,0.20868668,0.16203189,,,,,,-0.21485068,0.09167959,-0.080817744,0.6450921,-0.3945142,-0.3554456,0.5490119
,,-0.4321438,10.030872,-1.5300506,1682087017737,,0.9312633,-0.26473352,-0.111635536,,,,,,-0.22873709,0.27566826,-0.22446984,0.64479,-0.3883908,-0.3487805,0.5577024
,,-0.5911867,9.777233,-1.9325234,1682087017991,,2.0827434,1.2984694,-0.71089387,,,,,,-0.44772708,0.07294606,-0.3917925,0.65529764,-0.38374525,-0.33421925,0.556144
,,-0.814118,9.367661,-2.9261827,1682087018241,,1.5934408,-0.18898629,-0.85627973,,,,,,-0.57922804,0.080232665,-0.4981842,0.68856055,-0.37317535,-0.30649376,0.52596354
,,-1.2135599,8.597491,-4.061418,1682087018494,,-1.8341215,1.422475,-0.29794928,,,,,,-0.7532477,-0.06567422,-0.45898113,0.7352143,-0.351025,-0.2729635,0.47542888
,,-1.3466805,8.073941,-4.5929437,1682087018746,,-2.266003,0.90140736,-0.24174973,,,,,,-0.860885,-0.28510985,-0.31098434,0.77226824,-0.31087366,-0.2317219,0.45699784
52.54243797,13.37534529,-1.287897,8.4279995,-4.692086,1682087019000,3.7900925,-0.053450666,0.1702022,-0.123852834,,,,,,-0.783571,0.09956495,-0.2803675,0.79124135,-0.25373176,-0.1860555,0.4698951
,,-1.2586247,8.143414,-4.4549575,1682087019248,,-0.22082762,-0.41378453,-0.054825112,,,,,,-0.6411453,-0.17336164,-0.04240419,0.80968285,-0.1904471,-0.13977234,0.48134866
,,-1.1345171,8.448098,-3.8676784,1682087019499,,0.062613636,0.13660464,-0.15989386,,,,,,-0.3974851,0.059142765,0.26020923,0.81753075,-0.12863053,-0.101982236,0.50235146
,,-0.8642875,8.896913,-2.7545373,1682087019751,,0.38759372,0.17631085,-0.21731515,,,,,,-0.12901378,0.080285184,0.50503904,0.8030641,-0.068880685,-0.076441616,0.5495205
,,-0.38372895,9.658946,-1.6669202,1682087020003,,-0.07422007,-0.46326458,0.022754714,,,,,,0.2627791,0.13565703,0.59443146,0.77910584,-0.014722723,-0.05374424,0.6135557
,,-0.261376,9.914579,-0.98911315,1682087020254,,-0.18356487,-0.24701844,0.0368046,,,,,,0.55552214,0.11368764,0.76044154,0.7636561,0.015919192,-0.045884565,0.64236754
,,-0.28243282,9.918171,-0.7766306,1682087020509,,0.13225223,-0.4333322,0.1357647,,,,,,0.7550195,0.05074388,0.9236565,0.765736,0.02651576,-0.048928637,0.63979834
,,-0.31896323,10.083196,-0.8042277,1682087020759,,0.08704823,-0.40523243,0.14187334,,,,,,0.9009723,0.20603117,0.98254186,0.76762503,0.023704104,-0.061172865,0.63609177
,,-0.30444682,10.025449,-0.830788,1682087021011,,0.23793183,0.2483929,-0.051159926,,,,,,1.023865,0.17095122,1.0558075,0.76988184,0.01605169,-0.075126715,0.6310776
,,-0.27357942,9.883795,-0.9280961,1682087021262,,0.013133593,-0.5622247,0.12904519,,,,,,1.1327523,0.105167724,1.0453371,0.7727737,0.001638219,-0.09029904,0.62522835
,,-0.28977087,10.013643,-0.95122683,1682087021515,,-0.065667965,-0.53290313,0.22861615,,,,,,1.1009426,0.21347366,0.99496776,0.77243227,-0.025485588,-0.11138994,0.62157655
,,-0.3608376,10.139187,-0.9908679,1682087021765,,-0.1065959,-0.34231335,0.18707734,,,,,,0.9404773,0.34707424,0.8933104,0.76853234,-0.058902387,-0.1328456,0.6194149
52.54253262,13.37541722,-0.3562913,9.942018,-1.0470992,1682087022000,5.340596,-0.08460477,-0.42905614,0.16203189,,,,,,0.77869016,0.18915527,0.8184864,0.7620957,-0.09654163,-0.15321395,0.6170822
,,-0.34664026,9.829237,-1.0999008,1682087022267,,-0.04612029,0.21601705,-0.043218683,,,,,,0.586317,0.09647932,0.6921119,0.7531422,-0.1340916,-0.17277479,0.6147851
,,-0.2917648,9.866804,-1.1934601,1682087022520,,0.028405212,0.1995237,-0.008399391,,,,,,0.4490671,0.11693891,0.49743524,0.7446196,-0.16292708,-0.1864029,0.6147385
,,-0.31808582,9.912189,-1.1433703,1682087022770,,-0.03329213,0.08468113,-0.09269873,,,,,,0.26363993,0.0873826,0.4221007,0.73550636,-0.18818077,-0.1993689,0.6167975
,,-0.30604202,9.865688,-1.1267803,1682087023023,,-0.027183482,-0.09552398,-0.06826414,,,,,,0.1774569,0.010851574,0.32063797,0.7276911,-0.20349194,-0.20774819,0.62014735
,,-0.28051856,9.906845,-1.1144172,1682087023273,,-0.091324285,-0.5121338,0.033139415,,,,,,0.1809906,0.038402304,0.21638846,0.7220482,-0.21061139,-0.21377058,0.622926
,,-0.32031918,9.925747,-0.958485,1682087023524,,0.09682207,-0.65507615,-0.014508039,,,,,,0.22269538,0.07252245,0.3134962,0.7184851,-0.21481141,-0.22385009,0.62178993
,,-0.41084763,9.939068,-0.83477616,1682087023776,,0.1291979,-0.38018698,-0.012675445,,,,,,0.26257503,0.08070971,0.41715428,0.71460885,-0.22165939,-0.23895846,0.6164147
,,-0.49363935,9.910433,-0.71529454,1682087024026,,0.4517345,-0.46387544,0.03375028,,,,,,0.3346262,0.06449893,0.51322013,0.7059958,-0.24071857,-0.2641709,0.60485566
,,-0.52107704,9.858828,-0.63712895,1682087024277,,0.35582873,-0.633085,0.22311836,,,,,,0.39863503,0.051153723,0.61921084,0.68957406,-0.27571413,-0.29911488,0.58551675
,,-0.7903494,9.913943,-0.7239884,1682087024528,,0.6362157,-0.9525673,0.45952302,,,,,,0.22124577,0.13570446,0.6288473,0.6646671,-0.32975775,-0.34329763,0.5507212
,,-1.2587045,9.82804,-0.82185477,1682087024780,,0.21471897,-1.3355795,0.59269154,,,,,,-0.027814213,0.14756037,0.79135406,0.629841,-0.39910662,-0.39427918,0.4946767
52.54256684,13.37550233,-1.7994823,9.606465,-1.0530015,1682087025000,4.506971,0.20861033,-0.6807324,0.30802858,,,,,,-0.46822217,-0.017963473,0.74829584,0.5773881,-0.47381455,-0.44671917,0.42977816
,,-2.02361,9.723554,-1.0606587,1682087025282,,0.36254823,-0.8719331,0.5933024,,,,,,-0.7385919,0.17873439,0.9251911,0.515348,-0.54449844,-0.49368516,0.36573213
,,-1.6349359,9.579185,-1.3549756,1682087025533,,-0.17928882,0.6430115,-0.16722423,,,,,,-0.6231848,0.046681117,0.76251197,0.45099527,-0.6084693,-0.5294322,0.31478673
,,-1.4002799,9.6268835,-1.5170496,1682087025784,,-0.2073886,-0.60742867,0.28053966,,,,,,-0.71205586,0.10104723,0.5912092,0.39559758,-0.65487355,-0.55655515,0.2802898
,,-0.9937394,9.538589,-1.4746964,1682087026035,,-0.31734425,-0.7680861,0.20234896,,,,,,-0.68174756,0.024656646,0.43379167,0.33759198,-0.68431556,-0.5805801,0.25926298
,,-0.23050846,9.779467,-1.3239486,1682087026285,,0.82252944,-1.3398556,-0.52885616,,,,,,-0.4838878,0.18172401,0.2236288,0.27741137,-0.70064574,-0.6007306,0.24970946
,,0.4452245,9.860263,-1.1476775,1682087026536,,-0.47922343,0.61918783,0.35201082,,,,,,-0.17086646,0.18064648,0.28310373,0.2281796,-0.7133164,-0.6107576,0.23352297
,,0.82592255,9.703534,-1.2974682,1682087026789,,0.01924224,0.28260133,-0.1989892,,,,,,-0.013036878,-0.046875793,-0.18395068,0.1937746,-0.7142713,-0.6237916,0.22438532
,,0.6600999,10.025449,-1.0576276,1682087027041,,2.1096215,-0.633085,-0.26313,,,,,,-0.1672362,0.23628788,-0.18861748,0.16908714,-0.7119599,-0.63965166,0.20782515
,,0.44785655,9.989874,-1.0610573,1682087027292,,0.16279547,-1.7955607,0.5102248,,,,,,-0.1409064,0.2707769,0.13848181,0.13232642,-0.6753837,-0.60185724,0.16587092
,,0.120358914,9.889934,-1.2964312,1682087027543,,0.02046397,-0.154167,0.20662501,,,,,,-0.16236755,0.2609457,0.3585259,0.10291997,-0.4227034,-0.4057358,0.13018604
,,-0.061495528,9.767423,-1.4947165,1682087027793,,-0.30879214,-0.42600182,0.32330018,,,,,,-0.07615183,0.19200188,0.58099973,0.09692385,-0.17206976,-0.20049779,0.11046023
52.54253992,13.37551638,-0.107756786,9.838089,-1.6764114,1682087028000,3.939407,-0.24342962,0.028481571,0.020922119,,,,,,0.028282966,0.32145748,0.4878964,0.1076504,0.081529774,0.0055180946,0.11579537
,,-0.35756746,9.852767,-1.7292132,1682087028294,,-0.09987639,0.33696827,-0.08964441,,,,,,-0.053214543,0.3577336,0.7335969,0.11381069,0.32785162,0.21948904,0.11661498
,,-0.52506506,9.661661,-1.987,1682087028546,,-0.042455103,-0.20059273,-0.07925971,,,,,,-0.06374516,0.22502486,0.7698018,0.11077579,0.5745445,0.4344776,0.11206945
,,-0.6778867,9.673783,-1.9881167,1682087028799,,0.016187917,-0.12179117,0.047189303,,,,,,-0.16671593,0.1578161,0.56658244,0.11736656,0.78312004,0.59509486,0.12540282
,,-0.5798607,9.769656,-1.8334602,1682087029050,,0.01924224,-0.36491534,0.09300416,,,,,,-0.07421124,0.16664709,0.5188347,0.12749419,0.77513295,0.6031286,0.1345405
,,-0.77958167,9.7348,-1.7492331,1682087029302,,-0.49266243,-0.03199404,0.25977024,,,,,,-0.22846565,0.09431451,0.420314,0.13039252,0.76976,0.608346,0.14000772
,,-0.719761,9.758967,-1.6748962,1682087029553,,-0.18784092,-0.61598074,0.31352636,,,,,,-0.22178255,0.06875512,0.35453242,0.12678191,0.76375383,0.61695933,0.13813165
,,-0.2975077,9.788718,-1.6338993,1682087029805,,-0.13347395,-0.29161158,-0.02367101,,,,,,0.07136741,0.06733392,0.1872112,0.13432299,0.755626,0.6241718,0.13957782
,,-0.1458027,9.78481,-1.3805789,1682087030056,,-0.16829325,-0.65080005,-0.059712034,,,,,,0.09190049,0.017423503,0.25002664,0.15030313,0.74552065,0.630159,0.14754602
,,0.047298107,9.867125,-1.1822937,1682087030309,,-0.040622506,-0.37835437,0.014813471,,,,,,0.1618829,0.06288172,0.18978864,0.1724784,0.73140466,0.6359226,0.1630478
,,0.13048859,9.893524,-0.9667003,1682087030560,,0.4981602,-0.06864593,-0.06276636,,,,,,0.16051947,0.03789164,0.17400318,0.19903083,0.71636486,0.6389621,0.18348397
,,0.17587246,9.906922,-0.9004191,1682087030811,,0.10720677,0.1060614,0.008093959,,,,,,0.17757064,0.029144255,0.1756854,0.221503,0.70806557,0.6353713,0.20213209
52.54253052,13.37548665,-0.049132664,9.866483,-0.91190475,1682087031000,3.7900925,-0.49327332,0.12255475,0.10522146,,,,,,0.029308217,0.0047278404,0.21493989,0.2376723,0.70663804,0.62712926,0.21811788
,,-0.15218353,9.892087,-1.0888938,1682087031314,,0.15118903,0.032757625,0.11682789,,,,,,0.032205936,0.030620035,0.10918048,0.24031986,0.70630294,0.6243279,0.22630917
,,-0.050887343,9.843516,-1.2820743,1682087031566,,0.7608321,0.3088685,-0.32482734,,,,,,0.18758275,0.005759462,0.034833055,0.24036266,0.71001685,0.6195139,0.22821926
,,-0.06404789,9.728979,-1.7920645,1682087031816,,0.14080434,-0.3814087,-0.18371758,,,,,,0.273032,-0.05325311,-0.123694494,0.23484929,0.72320086,0.60781914,0.22228263
,,-0.26065814,9.657991,-2.206661,1682087032069,,-0.05650499,0.14576761,-0.09880738,,,,,,0.21555968,-0.059590593,-0.20652202,0.22738859,0.7376177,0.5956589,0.21630773
,,-0.3442474,9.603593,-2.4856641,1682087032321,,0.042455103,0.07551816,-0.010231985,,,,,,0.24291249,-0.075581744,-0.2883164,0.21780436,0.7470805,0.58988285,0.21063712
,,-0.35565317,9.575198,-2.718087,1682087032573,,0.09376775,-0.35758498,0.07956514,,,,,,0.3447261,-0.071891375,-0.35433134,0.21268435,0.754446,0.58307785,0.20895271
,,-0.6337789,9.498469,-2.8065414,1682087032824,,-0.085215636,0.14088069,0.08261946,,,,,,0.21917512,-0.07761178,-0.1854907,0.21798888,0.76244056,0.5679744,0.21643315
,,-0.982493,9.480603,-2.9755545,1682087033075,,-0.03695732,0.07918335,0.029474225,,,,,,0.09449507,-0.06391413,-0.20860092,0.22207741,0.767144,0.5554774,0.22936745
,,-1.2362119,9.502137,-2.8619752,1682087033326,,0.11453715,0.26122105,-0.049938194,,,,,,-0.0037943244,-0.025962655,-0.09111144,0.22313546,0.76700336,0.55141485,0.23942755
,,-1.2336596,9.480681,-2.8005595,1682087033576,,0.1065959,0.04741838,-0.0065667965,,,,,,0.08220189,-0.038040113,-0.05586822,0.22064948,0.7668547,0.5507848,0.24372284
,,-1.2698711,9.486344,-2.8156345,1682087033829,,0.057726722,-0.0051159924,-4.581486E-4,,,,,,0.100114636,-0.014717055,-0.057477776,0.22013497,0.76772964,0.54872483,0.24620128
52.54253489,13.37547168,-1.3107084,9.462895,-2.8464215,1682087034000,3.7900925,0.07116575,0.04619665,-0.0035124724,,,,,,0.07895098,-0.0037312666,-0.03847381,0.22062083,0.76888967,0.54628146,0.2477236
,,-1.3330415,9.433865,-2.9390242,1682087034336,,0.14446951,-0.09674571,0.08872811,,,,,,0.06562518,-0.029081695,-0.084941894,0.216876,0.7716498,0.54533,0.24471162
,,-1.3640683,9.4235735,-2.9958138,1682087034589,,0.045509428,-0.016722424,0.03497201,,,,,,-0.0058229445,0.0053803446,-0.012271921,0.21752162,0.77539355,0.5420316,0.23957334
,,-1.2130015,9.364152,-3.1053252,1682087034842,,-0.014966187,-0.19631667,-0.15195261,,,,,,0.079201065,-0.04309613,-0.03039902,0.22142078,0.7780144,0.53810686,0.23619784
,,-1.2095718,9.352188,-3.2338996,1682087035093,,-0.015577052,0.37239844,-0.059712034,,,,,,0.011516829,0.02053477,-0.015770245,0.22740698,0.78061616,0.5325748,0.23437364
,,-1.1590832,9.355937,-3.3093534,1682087035347,,0.014966187,-0.19081889,0.1375973,,,,,,0.0048554144,0.07698564,0.015010778,0.2332966,0.78287303,0.5274212,0.23286347
,,-1.1818153,9.305129,-3.5027738,1682087035599,,-0.011300999,0.06330086,0.20540328,,,,,,-0.032945726,0.058995977,-0.08516063,0.23996472,0.78427094,0.5217634,0.23417786
,,-1.2406787,9.295717,-3.518247,1682087035852,,-0.16096286,0.5293907,0.028252495,,,,,,-0.16893193,0.07239249,0.043056194,0.24549133,0.7840704,0.51914465,0.23512998
,,-1.2160325,9.18493,-3.9304507,1682087036108,,0.18661919,0.83726656,0.06307179,,,,,,-0.24828178,-8.611679E-4,-0.09676917,0.24392754,0.7833649,0.5222444,0.23160538
,,-1.128854,9.362476,-3.524628,1682087036359,,-0.8640682,-1.6794964,-0.35109454,,,,,,-0.1448945,0.08327573,-0.023401879,0.24837174,0.7748985,0.5301623,0.23375882
,,-0.5031307,9.887861,-2.9095128,1682087036610,,-4.172512,2.08282,-1.8886412,,,,,,0.195215,0.4973524,0.03088231,0.25739658,0.75040704,0.55321527,0.23703298
,,-0.15050858,9.420781,-1.316052,1682087036862,,-1.0516037,-2.3111305,2.0147848,,,,,,0.27391794,0.12889478,0.2278376,0.2540701,0.6962317,0.60016805,0.2482653
52.54253556,13.37546596,-0.008853483,8.331888,0.44019958,1682087037000,3.8366797,0.3979784,-0.28367034,-1.0407609,,,,,,-0.06654295,-0.35281008,0.09140369,0.24364944,0.60643035,0.65624905,0.27720273
,,0.18081766,7.6335025,2.5071995,1682087037366,,0.20250167,-0.19998185,-0.32788166,,,,,,-0.014209803,-0.359455,-0.05730101,0.21778613,0.5132147,0.7119838,0.3137873
,,0.09762719,6.841239,4.9599223,1682087037617,,-0.39186975,-0.23663375,-0.19410229,,,,,,-0.06255334,-0.1763828,-0.0057967347,0.18898721,0.41394466,0.76254004,0.36102867
,,0.11198414,5.380979,6.67422,1682087037881,,-0.182954,0.21662793,-0.5905535,,,,,,-0.23063974,-0.2298772,-0.09565787,0.15072231,0.3048088,0.8016745,0.41738197
,,-0.40478578,3.5127437,8.288179,1682087038131,,0.08155045,-0.0778089,-0.16416991,,,,,,-0.57729167,-0.6827783,-0.14561813,0.104873605,0.20818602,0.8192583,0.48234
,,-0.5938986,2.6459835,8.862457,1682087038398,,0.017409647,-0.019776747,-0.18616104,,,,,,-0.6281722,-0.37049025,-0.385706,0.074291736,0.14157082,0.8096617,0.5439211
,,-0.5171687,2.4402804,9.394143,1682087038721,,-0.1725693,-0.44677123,-0.3260491,,,,,,-0.23277733,0.11895634,-0.17102566,0.04927023,0.11017913,0.7885135,0.5895425
,,-0.469073,1.853002,9.539067,1682087039005,,0.16096286,0.0022143847,-1.1201733,,,,,,-0.12051334,0.03152649,-0.030987056,0.042229332,0.088325165,0.76091385,0.6322289
,,-0.4118845,1.5406588,9.832187,1682087039287,,0.27947062,0.039477136,0.11255184,,,,,,-0.07817893,-0.07058542,0.039923288,0.04326272,0.07668236,0.7227883,0.67923635
