97#1#2
key,lat,lon,ts,bike,childCheckBox,trailerCheckBox,pLoc,incident,i1,i2,i3,i4,i5,i6,i7,i8,i9,scary,desc,i10
,,,,1,0,0,0,-5,0,0,0,0,0,0,0,0,0,0,,0

=========================
97#1
lat,lon,X,Y,Z,timeStamp,acc,a,b,c,obsDistanceLeft1,obsDistanceLeft2,obsDistanceRight1,obsDistanceRight2,obsClosePassEvent,XL,YL,ZL,RX,RY,RZ,RC
52.54490777,13.36319632,1.9908286,5.0827537,-7.5467234,1695728172000,6.2753806,-0.15210533,0.14630212,0.20563236,,,,,,0.048744217,0.10547192,0.16191813,0.8355807,-0.44307378,-0.03398071,0.29255852
,,1.9160925,4.538945,-7.6831946,1695728172187,,-2.0854924,0.08460477,-0.52251846,,,,,,-0.07214455,-0.16725424,0.3451987,0.8417132,-0.44184342,-0.025217436,0.27540216
,,2.1218753,5.693084,-7.3029737,1695728172438,,0.27305657,-0.10293072,0.04253146,,,,,,-0.021054637,0.12533894,0.22998175,0.8291828,-0.43196008,-0.03991418,0.32447094
,,2.144049,6.084948,-7.222735,1695728172688,,1.8698571,-0.2159407,0.06940951,,,,,,0.05870744,0.23615918,0.091944665,0.8234106,-0.4283232,-0.05192251,0.34176084
,,1.9662622,5.154698,-7.558927,1695728172940,,1.4746276,0.1707367,0.013209951,,,,,,0.11411871,0.054845538,0.3486599,0.83867615,-0.43237355,-0.041715205,0.29882365
,,1.6462618,4.3629932,-7.7424564,1695728173189,,-2.4703372,1.1242967,-0.17554727,,,,,,-0.045797262,-0.11492041,0.319805,0.8471526,-0.43896958,-0.03364293,0.26062322
,,1.9511874,5.3385463,-7.5350785,1695728173440,,-0.89064085,-0.01924224,0.20624322,,,,,,0.13708521,0.12268434,0.10454793,0.8360645,-0.4364351,-0.044193175,0.29820374
,,2.036292,6.2757363,-6.985367,1695728173690,,1.7073671,-0.08093958,-0.09796744,,,,,,0.24152023,0.4439658,-0.015156174,0.8215618,-0.43551797,-0.06325884,0.33410373
,,2.0307887,5.602395,-7.27123,1695728173941,,1.9822562,-1.0992512,0.36995497,,,,,,0.32237726,0.25859368,0.119342215,0.82905895,-0.4436399,-0.056393605,0.3073381
,,1.7926228,4.5261827,-7.673304,1695728174193,,-2.1783438,1.0198387,0.17753258,,,,,,0.26101616,0.023474574,0.27351946,0.838406,-0.45618907,-0.04303143,0.25837994
,,1.9472789,5.0076995,-7.5393853,1695728174443,,-1.8112141,-0.23548837,0.04253146,,,,,,0.23123214,0.08686628,0.1927905,0.8294166,-0.46102563,-0.04720668,0.27804172
,,2.1700506,6.1929445,-7.303931,1695728174703,,0.90835595,-0.026572619,-0.07170025,,,,,,0.35759297,0.4391022,0.03907614,0.8104899,-0.4604043,-0.06911839,0.32750803
52.54492625,13.36337301,2.159363,5.82102,-7.411528,1695728175000,5.421553,1.7696753,-0.8005383,0.22640176,,,,,,0.34414417,0.2190405,0.07529152,0.8089147,-0.46931332,-0.06982713,0.319522
,,1.8431913,4.7034917,-7.884749,1695728175205,,-1.0018182,0.15668681,0.029092435,,,,,,0.15627636,0.006400617,0.23741426,0.8199977,-0.4825817,-0.05211641,0.26880667
,,1.7087944,4.5747585,-7.8360944,1695728175457,,-1.9675955,0.16829325,-0.11751511,,,,,,0.00803539,-0.10054438,0.3314689,0.8179259,-0.48891872,-0.049389623,0.26352173
,,1.9223938,5.8341804,-7.3125463,1695728175711,,0.15027274,-0.09682207,0.16103923,,,,,,0.043066494,0.19246021,0.18666428,0.8002546,-0.48536286,-0.07055337,0.31649077
,,1.8829119,6.0930037,-7.195298,1695728175965,,2.122755,0.038789913,0.23189954,,,,,,0.012432142,0.27912495,0.11791156,0.7923208,-0.48775852,-0.08009479,0.32938984
,,1.7027324,5.147041,-7.5553384,1695728176216,,0.8991929,0.0650571,0.19158247,,,,,,-0.08106991,0.05596671,0.3278113,0.8043749,-0.49722272,-0.06234896,0.28794968
,,1.4723037,4.4467416,-7.7353578,1695728176468,,-2.41597,1.0735948,-0.21464261,,,,,,-0.32437623,-0.170888,0.35139313,0.80924886,-0.5035599,-0.05002873,0.2614286
,,1.7716459,5.476134,-7.4555573,1695728176719,,-0.6829468,0.058337588,0.06513346,,,,,,-0.19725318,0.07844971,0.13265786,0.7985408,-0.49609178,-0.06333865,0.30554116
,,1.8790836,6.2092953,-7.2467437,1695728176970,,1.3677262,-0.26847506,-0.011835505,,,,,,-0.13194697,0.2755554,-0.12336008,0.7859735,-0.49225932,-0.080510035,0.33780965
,,1.827957,5.5494337,-7.6303124,1695728177222,,1.8631376,-0.743117,0.06513346,,,,,,-0.14790726,0.13281158,-0.050217487,0.79602295,-0.49679786,-0.06806029,0.31167653
,,1.6274384,4.508157,-7.956773,1695728177476,,-2.0134103,0.96608263,-0.22808164,,,,,,-0.21733497,-0.13543251,0.14099169,0.80897266,-0.50170547,-0.050263204,0.26665992
,,1.7605593,5.0297136,-7.7140613,1695728177726,,-1.6609414,-0.33017242,-0.010613776,,,,,,-0.24325626,-0.008443896,0.10687594,0.8048827,-0.49538076,-0.054060187,0.2902539
52.54493209,13.36359502,1.9700112,6.123473,-7.233263,1695728178000,8.628476,1.2370012,0.35460702,-0.04054615,,,,,,-0.13250957,0.2892429,0.026212264,0.7909936,-0.48563316,-0.07518455,0.33732525
,,1.9554945,5.873183,-7.3128653,1695728178228,,2.0751076,-0.62766355,0.13232858,,,,,,-0.09316416,0.17414403,0.07846241,0.7945201,-0.4860783,-0.07345794,0.3295553
,,1.747957,4.839883,-7.667002,1695728178477,,-0.5986475,0.25686863,0.1390481,,,,,,-0.101343825,-0.0153634865,0.32080373,0.8110111,-0.49084905,-0.054740567,0.27952674
,,1.7380669,4.6762133,-7.5845304,1695728178729,,-2.2638648,0.05222894,-0.29344416,,,,,,-0.112670355,-0.11643537,0.3633773,0.8138177,-0.49027592,-0.04884492,0.2718507
,,1.9611579,5.915616,-7.171768,1695728178979,,0.14782928,-0.22999059,0.06269,,,,,,-0.04078218,0.21801765,0.123381406,0.7994015,-0.48132944,-0.0675822,0.32411167
,,2.1164517,6.1729236,-7.1434536,1695728179230,,1.8826853,-0.29596397,0.019929463,,,,,,0.10038649,0.2421234,0.00856568,0.79413074,-0.47952193,-0.07698055,0.33645386
,,1.9081962,5.342854,-7.608299,1695728179482,,1.1239913,0.088269964,0.06879865,,,,,,0.100705795,0.17360224,0.1252765,0.8092416,-0.4850303,-0.061627243,0.2939267
,,1.6937993,4.519325,-7.779385,1695728179734,,-2.4923284,1.2281437,-0.11995857,,,,,,-0.056970242,-0.08003352,0.25866663,0.8160042,-0.49129006,-0.048933644,0.26175407
,,1.9977676,5.477171,-7.4668837,1695728179985,,-0.9016364,0.101708986,0.016264275,,,,,,-0.021353567,0.12780316,0.071954936,0.8037815,-0.4868209,-0.05958933,0.30493778
,,2.1288145,6.2687163,-7.216037,1695728180235,,1.6646066,-0.2244928,-0.24579671,,,,,,0.023689346,0.37195417,-0.10239404,0.7898763,-0.4833532,-0.07480807,0.34097514
,,2.1482763,5.6169915,-7.515697,1695728180486,,2.0354013,-0.69241524,-0.061926417,,,,,,0.08196033,0.17613669,0.009209792,0.80025846,-0.48764765,-0.06246729,0.31431815
,,1.8191034,4.5281773,-7.695397,1695728180737,,-1.9339979,0.54947287,0.11827869,,,,,,-0.05015724,-0.02205735,0.3219625,0.8132706,-0.49441212,-0.04389199,0.2656168
52.54494386,13.36382841,1.9616357,4.9182067,-7.525906,1695728181000,6.866493,-1.8545855,-0.15790854,-0.043600474,,,,,,-0.07992158,0.018589871,0.27503663,0.80845267,-0.49269667,-0.04371097,0.28457442
,,2.2111273,6.065486,-7.086584,1695728181239,,0.763581,0.033902995,-0.09735657,,,,,,0.042519473,0.28949815,0.09649717,0.79337186,-0.48564276,-0.064177416,0.33280462
,,2.2591436,5.8780475,-7.158049,1695728181490,,1.9675955,-0.5439751,0.06940951,,,,,,0.14546971,0.23584758,0.16760631,0.79542476,-0.48692867,-0.064156495,0.32704765
,,1.9675384,4.802076,-7.594979,1695728181742,,-0.4386009,0.47739083,0.005268709,,,,,,0.042672995,0.033163212,0.334327,0.8110225,-0.49350545,-0.04728247,0.27711353
,,1.8088938,4.4786468,-7.5985684,1695728181993,,-2.037234,0.41263917,-0.57260936,,,,,,-0.11600928,-0.12996908,0.41977537,0.8125388,-0.4964443,-0.04161712,0.26636818
,,2.0795221,5.707122,-7.2804027,1695728182244,,-0.25411975,-0.021685699,0.19036074,,,,,,-0.021954607,0.15531975,0.1497208,0.7986065,-0.489305,-0.061259385,0.31695637
,,2.1690137,6.1079993,-7.1291757,1695728182494,,1.5784746,-0.15668681,-0.0075594517,,,,,,0.0836085,0.24770643,0.031908654,0.78998935,-0.48785335,-0.0748156,0.33546883
,,2.060619,5.4188647,-7.482436,1695728182745,,1.9095633,-0.4499019,0.007101303,,,,,,0.11494784,0.15383933,0.17523094,0.80163443,-0.49357906,-0.06264993,0.3028952
,,1.6849461,4.444907,-7.7404623,1695728182996,,-2.0262384,0.9966259,0.1512654,,,,,,-0.06889547,-0.057544656,0.23920621,0.8102411,-0.50035095,-0.04949517,0.26229414
,,1.9405792,5.0488563,-7.512506,1695728183246,,-1.6584979,-0.24709481,-0.17737986,,,,,,-0.046894945,-0.023439502,0.13633196,0.80263096,-0.4974685,-0.054614715,0.29320276
,,2.1315265,6.0149984,-7.15797,1695728183496,,0.95844686,0.22632541,-0.046043932,,,,,,0.09369365,0.28115827,-0.02743748,0.78820926,-0.4924313,-0.07484499,0.33222836
,,2.211925,5.658945,-7.321161,1695728183748,,1.7770057,-0.616668,-0.13706279,,,,,,0.1812088,0.13006522,-0.0105478605,0.79056346,-0.49706957,-0.069805145,0.32292536
52.54495306,13.36402246,1.9759132,4.7412972,-7.6857467,1695728184000,5.4360733,-0.10140356,0.69730216,0.16409355,,,,,,0.09557449,-0.017394058,0.19230151,0.80237746,-0.5059518,-0.05421318,0.2785373
,,1.944328,4.4436316,-7.714301,1695728184249,,-2.0537274,0.5610793,-0.63491756,,,,,,-0.081637904,-0.18371609,0.23118249,0.8017684,-0.5105058,-0.04573786,0.27127504
,,2.2858634,5.6349382,-7.361598,1695728184500,,-0.54733485,0.010690134,0.1909716,,,,,,0.036291555,0.097228184,0.07854298,0.78947586,-0.5027802,-0.060184725,0.32036075
,,2.3607593,6.083114,-7.208617,1695728184752,,1.5882484,-0.3100139,-0.11140647,,,,,,0.14633325,0.23895416,-0.0128730135,0.78097737,-0.5007918,-0.072884224,0.33811203
,,2.311068,5.437052,-7.585646,1695728185003,,1.9810345,-0.8005383,0.011377357,,,,,,0.1610971,0.08196589,0.06417966,0.7910339,-0.5071503,-0.060372286,0.31028405
,,1.9720848,4.6216564,-7.841598,1695728185255,,-1.8472551,0.8927789,0.08468113,,,,,,-0.02632252,-0.050933592,0.23235394,0.7993985,-0.5143531,-0.046971295,0.2709136
,,2.1903899,5.0709486,-7.6039114,1695728185506,,-1.4257584,-0.7174607,-0.43455392,,,,,,-0.0565867,-0.065143414,0.16643026,0.79369175,-0.50989413,-0.04784446,0.29866558
,,2.284188,6.1420565,-7.1732836,1695728185757,,0.5894845,0.010079269,0.09812015,,,,,,0.06995837,0.25087887,0.012186861,0.7817467,-0.50000894,-0.068265475,0.339636
,,2.3289344,5.922795,-7.2287173,1695728186008,,1.6163481,-0.3741547,3.8179048E-4,,,,,,0.14407136,0.11583355,0.07282139,0.7823098,-0.50252885,-0.067948855,0.33567098
,,2.0314267,5.048776,-7.562675,1695728186261,,0.64079714,0.49999282,0.08773545,,,,,,0.046995584,0.025927586,0.26559418,0.7958021,-0.5088727,-0.053056385,0.2940727
,,1.9818155,4.592146,-7.6288767,1695728186512,,-2.0354013,1.3222169,-0.4956404,,,,,,-0.0711812,-0.12848513,0.27242288,0.7990731,-0.51113856,-0.04294652,0.27887315
,,2.2785254,5.6027937,-7.283034,1695728186764,,-0.5711586,-0.13836087,-0.05215258,,,,,,-0.014477467,0.0625598,6.052494E-4,0.7895623,-0.500203,-0.053771436,0.32572556
52.54493577,13.36415704,2.285624,6.0806417,-7.102136,1695728187000,6.8370214,1.3170245,-0.2696968,-0.25068364,,,,,,3.1169257E-4,0.20251021,-0.15137118,0.78231966,-0.49481356,-0.067169115,0.34587255
,,2.3270197,5.5609994,-7.530771,1695728187270,,2.087936,-1.2104286,0.1683696,,,,,,0.079269715,0.1550668,-0.12126527,0.79365367,-0.49694642,-0.056668937,0.3217291
,,1.907,4.626124,-7.7356777,1695728187524,,-1.6523893,0.76144296,0.18486296,,,,,,-0.1503375,-0.0063486854,0.1322975,0.8064112,-0.50052685,-0.04390343,0.27650008
,,2.1444476,4.875296,-7.653922,1695728187774,,-1.644448,-0.025961753,-0.45287988,,,,,,-0.117356665,-0.07353689,0.05346327,0.80410844,-0.49653748,-0.04257025,0.2927654
,,2.2144775,5.9035716,-7.2670026,1695728188024,,0.3555233,-0.028405212,0.20685409,,,,,,-0.066649616,0.18311006,-0.0596275,0.7924627,-0.48709214,-0.063600294,0.33416432
,,2.2264416,5.8988667,-7.293004,1695728188275,,1.7635666,-0.07971785,0.25999933,,,,,,0.0067129214,0.19241571,0.015451384,0.7898377,-0.49153143,-0.06944532,0.33288145
,,2.0815167,5.1363535,-7.6402035,1695728188527,,1.4019346,0.040622506,0.0058795735,,,,,,0.035322763,0.07596135,0.19448836,0.8006038,-0.5011102,-0.056222994,0.29456586
,,1.9018953,4.439085,-7.755059,1695728188777,,-2.1569636,1.0625993,-0.17554727,,,,,,-0.16128047,-0.21020515,0.27006868,0.8032035,-0.5085755,-0.04438,0.27108452
,,2.2726233,5.38417,-7.622497,1695728189028,,-1.3408482,-0.43157595,-0.010002911,,,,,,-0.045474656,-0.011808967,-0.01958232,0.7936039,-0.5028821,-0.052845273,0.31312236
,,2.2418358,6.0134025,-7.2905326,1695728189280,,1.075122,0.118202336,0.20624322,,,,,,-0.040287685,0.14220522,-0.06398916,0.7833574,-0.4985232,-0.07039132,0.3388622
,,2.3571696,5.639485,-7.4978304,1695728189531,,1.9669846,-0.9428698,0.15615231,,,,,,0.089350305,0.08635202,0.035233196,0.7895987,-0.50338733,-0.0623224,0.3218745
,,2.0830321,4.7113886,-7.838568,1695728189784,,-1.0769546,0.4725039,0.27649269,,,,,,-0.016876297,-0.067337684,0.22029407,0.80206233,-0.50885767,-0.047127385,0.27766225
52.54491556,13.36429869,2.176751,4.856712,-7.7446094,1695728190000,5.758513,-1.6810999,-0.11575887,-0.6434697,,,,,,-0.049179714,-0.08737411,0.25220934,0.8001573,-0.50730425,-0.043072585,0.28673965
,,2.3598816,5.9659443,-7.251449,1695728190288,,0.23029602,-0.1951713,0.2551124,,,,,,0.041902456,0.22610229,0.10911107,0.7879445,-0.497332,-0.062190518,0.33246905
,,2.4183464,6.0666823,-7.17097,1695728190539,,1.626122,-0.49205157,0.099341884,,,,,,0.093721576,0.21854608,0.081833236,0.7836239,-0.4977503,-0.06818547,0.33971447
,,2.3125038,5.32124,-7.590432,1695728190791,,1.499673,-0.11026109,0.016264275,,,,,,0.1113328,0.11344704,0.16392118,0.79543877,-0.5047673,-0.05304024,0.30363414
,,2.0115664,4.553541,-7.742376,1695728191043,,-2.276693,1.2519673,-0.14622575,,,,,,-0.09437488,-0.11609604,0.25936112,0.80241996,-0.5092487,-0.039955776,0.27266082
,,2.3021348,5.356254,-7.4932833,1695728191295,,-1.4740167,-0.43035424,-0.023441937,,,,,,-0.055710625,-0.012608401,0.020475244,0.7934669,-0.50197643,-0.047411613,0.3133178
,,2.391307,6.0260844,-7.121679,1695728191545,,1.0085378,-0.38637197,-0.1786016,,,,,,0.006728339,0.12035497,-0.15891738,0.7816524,-0.4958782,-0.066925205,0.34489125
,,2.467399,5.5759144,-7.378827,1695728191796,,2.0763295,-0.7034108,-0.0020616686,,,,,,0.14917804,0.0105236685,-0.05319152,0.78864545,-0.49979523,-0.06029572,0.32666114
,,2.1902304,4.572365,-7.7253876,1695728192047,,-1.7372994,0.7034108,-0.05337431,,,,,,0.0737981,-0.12686664,0.1076831,0.8022071,-0.5051902,-0.04332721,0.27895224
,,2.2096121,4.6073003,-7.59785,1695728192297,,-1.4269801,-0.35033095,-0.510912,,,,,,-0.065413475,-0.2132719,0.12534207,0.8015746,-0.5031026,-0.03986116,0.28555155
,,2.4823937,5.79757,-7.192586,1695728192549,,0.2669479,-0.015577052,0.38461575,,,,,,0.06924228,0.14436083,-0.024991386,0.78871566,-0.49436256,-0.060130734,0.33229652
,,2.5711675,5.927979,-7.0589056,1695728192799,,1.7678427,-0.80298173,-0.10468695,,,,,,0.14939721,0.22830354,0.108147636,0.78362876,-0.4976611,-0.065748446,0.33739576
52.5449072,13.36442492,2.2808385,5.128059,-7.502216,1695728193000,5.674592,1.3469568,0.3668243,-0.26595524,,,,,,-0.00537533,0.07980938,0.31026897,0.79686487,-0.5059733,-0.049004547,0.29720843
,,2.0420349,4.429434,-7.6973124,1695728193301,,-2.3121233,1.3704752,-0.66973686,,,,,,-0.24671069,-0.1834415,0.4187628,0.8023097,-0.51091963,-0.035880636,0.27187225
,,2.352224,5.464409,-7.3860855,1695728193553,,-1.0311397,-0.06933315,0.20196716,,,,,,-0.1130063,0.044339973,0.24185811,0.79289633,-0.5024165,-0.046561763,0.31603262
,,2.505365,6.2079387,-7.09121,1695728193807,,1.1960733,-0.286801,0.053527027,,,,,,0.013039673,0.2778303,0.14713262,0.78129876,-0.4982042,-0.06299872,0.34597403
,,2.4634907,5.689494,-7.351868,1695728194058,,2.0121887,-0.8836159,0.11094832,,,,,,0.044568483,0.14096162,0.21836342,0.7884524,-0.50353307,-0.05281164,0.32563227
,,2.080958,4.628197,-7.7272215,1695728194308,,-1.6646066,0.51221013,0.16226095,,,,,,-0.10552525,-0.096076846,0.37552154,0.8026793,-0.5077393,-0.036739994,0.27830097
,,2.285704,4.8132424,-7.569854,1695728194560,,-1.6365068,-0.083383046,-0.52618366,,,,,,-0.030451735,-0.09552344,0.31495628,0.80064076,-0.5043847,-0.035849858,0.29094473
,,2.4979472,6.043711,-7.136194,1695728194812,,0.6646209,0.041844238,0.1598175,,,,,,0.10569046,0.33184767,0.10123024,0.7866411,-0.49692577,-0.05699102,0.3353813
,,2.4713871,5.9429736,-7.1483974,1695728195064,,1.4966187,-0.37232208,0.19524765,,,,,,0.06010445,0.26768574,0.11654045,0.7819632,-0.5033933,-0.060743883,0.33619842
,,2.26696,5.0496535,-7.549515,1695728195316,,0.8374956,0.2715294,0.091400646,,,,,,-0.01139678,0.07188186,0.24582937,0.7938601,-0.51220345,-0.044042207,0.2953106
,,2.0907686,4.444748,-7.738629,1695728195569,,-2.2907429,1.2788454,-0.2787834,,,,,,-0.21476763,-0.1439332,0.26890096,0.7986213,-0.51512784,-0.03197322,0.274375
,,2.360679,5.5097933,-7.395099,1695728195820,,-1.1844668,-0.20311254,-0.008170316,,,,,,-0.14336513,0.07738515,0.024902439,0.7885228,-0.50616556,-0.042545315,0.32045683
52.54492674,13.36465867,2.4638896,6.0733824,-7.189157,1695728196000,5.0409713,1.3133593,-0.28741187,-0.013057235,,,,,,-0.06133059,0.24171658,-0.079052195,0.7794281,-0.5005886,-0.057783965,0.34569925
,,2.407419,5.43737,-7.545367,1695728196328,,2.2217152,-0.72356933,0.22701262,,,,,,-0.0067115584,0.05026389,0.007979123,0.79035825,-0.5037292,-0.047111135,0.3198581
,,2.020898,4.500101,-7.8049083,1695728196579,,-1.8044945,1.0253365,0.018707734,,,,,,-0.18400608,-0.09659086,0.22396158,0.80441684,-0.5065123,-0.03191588,0.27250117
,,2.2607388,4.8201017,-7.658468,1695728196829,,-1.8099923,-0.2715294,-0.32032222,,,,,,-0.10280777,-0.065539956,0.12697068,0.80294126,-0.5001478,-0.031214237,0.28992113
,,2.4162724,5.9214387,-7.206942,1695728197079,,0.5497783,-0.40347618,0.0034361144,,,,,,0.03864629,0.2701891,0.03501113,0.79110044,-0.49048302,-0.052855875,0.33299077
,,2.4928427,5.8136826,-7.2807207,1695728197329,,1.7684535,-0.6026181,0.1476002,,,,,,0.16245034,0.20896728,0.057964753,0.79087144,-0.49296552,-0.05958716,0.32925794
,,2.1719651,4.952664,-7.6779294,1695728197582,,0.85826504,0.27580544,0.20807582,,,,,,0.091246285,0.09168301,0.23776412,0.80390584,-0.5012449,-0.046747718,0.2849368
,,2.000639,4.3831725,-7.736155,1695728197834,,-2.440405,1.3283255,-0.20975569,,,,,,-0.08890192,-0.106200285,0.365867,0.8060709,-0.5071418,-0.036890175,0.26490667
,,2.3759928,5.4520464,-7.421898,1695728198085,,-0.9963204,-0.16951497,0.016264275,,,,,,0.04504509,0.09262118,0.16106401,0.7929414,-0.5026118,-0.049185164,0.3129157
,,2.40702,6.008936,-7.189316,1695728198336,,1.4062108,-0.3839285,-0.25190535,,,,,,0.03543371,0.23603533,0.060396306,0.78045464,-0.50202394,-0.06470564,0.33818844
,,2.4460232,5.4675198,-7.508039,1695728198587,,2.1306963,-1.0015128,0.041920595,,,,,,0.11556712,0.110545084,0.09629248,0.78861034,-0.50787866,-0.053464312,0.31486282
,,2.0184255,4.4969916,-7.6820774,1695728198839,,-1.6676608,0.46822786,0.360792,,,,,,-0.080921784,-0.0698981,0.30374765,0.79975593,-0.51368874,-0.036740705,0.27001828
52.54491207,13.36485455,2.2524438,4.774319,-7.4810796,1695728199000,5.568119,-1.5858049,0.0021380268,-0.4736493,,,,,,-0.102319926,-0.102021664,0.29782978,0.79496664,-0.51296926,-0.03483642,0.2877986
,,2.4989843,5.9359555,-7.050771,1695728199343,,0.731816,0.118202336,0.17692171,,,,,,0.02741781,0.25408962,0.09660575,0.7809104,-0.50513405,-0.054747775,0.33415774
,,2.5659835,5.815277,-7.113065,1695728199594,,1.5754203,-0.67470014,0.004657844,,,,,,0.11626132,0.19577996,0.08982482,0.780886,-0.50607276,-0.056741193,0.33293763
,,2.2907288,4.9484377,-7.4963155,1695728199846,,0.9456187,-0.01802051,0.20196716,,,,,,0.09776031,0.060520433,0.26780125,0.7952961,-0.51278716,-0.043618806,0.28893203
,,2.0737796,4.3124247,-7.552945,1695728200097,,-2.3707662,1.357647,-0.30627233,,,,,,-0.12251161,-0.14907256,0.3856875,0.7977153,-0.5194623,-0.03426659,0.2662819
,,2.4536798,5.3517866,-7.378986,1695728200350,,-1.1013892,0.094378605,0.012599086,,,,,,-0.03197991,0.08669035,0.12948519,0.7858117,-0.51417714,-0.044421803,0.3130309
,,2.59023,5.9777493,-7.1697736,1695728200600,,1.2516619,-0.25870124,-0.1523344,,,,,,0.06677451,0.25989443,-0.04095656,0.7759071,-0.50853413,-0.05901714,0.34035382
,,2.5639892,5.3963733,-7.48084,1695728200854,,1.978591,-0.80847955,0.049861837,,,,,,0.13948923,0.0923719,0.036770694,0.7856398,-0.51210195,-0.04969853,0.31711292
,,2.1258636,4.489334,-7.652646,1695728201106,,-1.4911209,0.54092073,0.23373213,,,,,,-0.04739528,-0.013740838,0.3325655,0.79659575,-0.5188706,-0.036986206,0.27154425
,,2.2737398,4.648457,-7.5833344,1695728201359,,-1.5283837,-0.19944735,-0.5438987,,,,,,-0.11736764,-0.1155396,0.24557956,0.7930268,-0.5174458,-0.03511033,0.28664377
,,2.424408,5.8615384,-7.248737,1695728201611,,0.43982264,0.033902995,0.108504854,,,,,,-0.03753024,0.24045506,0.044122506,0.78073716,-0.5078126,-0.055038605,0.33245027
,,2.5218759,5.784808,-7.203433,1695728201866,,1.6499457,-0.47922343,-0.044822205,,,,,,0.085778624,0.19069715,0.07962158,0.77992845,-0.50810814,-0.05934677,0.33302513
52.54493777,13.36508285,2.2471797,4.9510694,-7.5763154,1695728202000,7.1128817,1.0946697,0.10476331,0.3210858,,,,,,0.061449155,0.08502624,0.24896637,0.79379296,-0.5151513,-0.046181805,0.28957084
,,2.0378876,4.322076,-7.7685385,1695728202370,,-2.3054037,1.0424408,-0.22808164,,,,,,-0.11225063,-0.07228218,0.30772865,0.7973197,-0.5214039,-0.03544571,0.26438406
,,2.3662622,5.2654066,-7.6013594,1695728202622,,-1.1777472,0.32833982,0.2673297,,,,,,-0.042518545,0.08365783,-0.013500324,0.78758657,-0.5138925,-0.04586556,0.3086836
,,2.4928427,5.9810205,-7.267561,1695728202875,,1.5192207,-0.5232057,-0.15172353,,,,,,0.085771754,0.3264895,-0.056274526,0.7761761,-0.5097677,-0.06288274,0.33682266
,,2.5743582,5.4139204,-7.567461,1695728203127,,2.0066907,-0.95508707,0.07063124,,,,,,0.21279946,0.18723072,0.034297325,0.7841464,-0.515524,-0.053138155,0.31383887
,,2.1373487,4.439643,-7.8281994,1695728203380,,-1.5809181,0.46089748,0.13843723,,,,,,-0.031301312,0.0039209286,0.30153498,0.79522777,-0.5227143,-0.038102183,0.26792258
,,2.288336,4.6000423,-7.7877603,1695728203631,,-1.7324125,-0.18661919,-0.3814087,,,,,,-0.062840775,-0.09649699,0.1893412,0.79145825,-0.5212666,-0.035878286,0.2835892
,,2.4409983,5.807061,-7.255757,1695728203885,,0.6493493,0.20494513,0.13477205,,,,,,-0.07212006,0.21581532,0.099932194,0.7771744,-0.51330376,-0.05680362,0.33139816
,,2.5555348,5.803313,-7.259744,1695728204136,,1.6187917,-0.5048797,0.050472703,,,,,,0.011580094,0.18562506,0.0837454,0.77340865,-0.5164391,-0.059690427,0.33440965
,,2.328456,4.924429,-7.6684375,1695728204387,,1.0213659,0.20005822,0.081015944,,,,,,-0.07780618,0.019145735,0.19411208,0.78644556,-0.5236873,-0.04290066,0.29463044
,,2.1698115,4.3342795,-7.7366333,1695728204638,,-2.127642,1.1646137,-0.4266127,,,,,,-0.31304467,-0.20116116,0.29200533,0.7906803,-0.52656674,-0.029668512,0.27509657
,,2.507519,5.301778,-7.4613795,1695728204890,,-1.0598503,-0.07422007,-0.016722424,,,,,,-0.25167048,-0.01827523,0.004502726,0.7818189,-0.5168179,-0.037498906,0.32087702
52.5449585,13.36524299,2.5946972,5.9656262,-7.141459,1695728205000,6.1183853,1.4563017,-0.20066908,-0.18776456,,,,,,-0.23514141,0.18458335,-0.04739734,0.7725019,-0.51038533,-0.052678417,0.34834954
,,2.6695127,5.453402,-7.501739,1695728205396,,2.1062617,-0.9489784,-0.11446079,,,,,,-0.055067893,0.08427849,-0.0287062,0.7836721,-0.51169366,-0.04088999,0.32562056
,,2.2726235,4.484469,-7.757691,1695728205648,,-1.6383393,0.5861248,0.19219333,,,,,,-0.15428546,-0.05402876,0.2143124,0.79855525,-0.51392055,-0.026938792,0.27823147
,,2.4237702,4.671587,-7.6331043,1695728205899,,-1.5546509,-0.38453937,-0.8059597,,,,,,-0.14480318,-0.09490161,0.19670323,0.79739374,-0.5099634,-0.025979307,0.28991044
,,2.5712478,5.7984476,-7.234221,1695728206150,,0.55955213,-0.016798781,0.1683696,,,,,,0.030786764,0.25247714,0.018618297,0.785618,-0.5008666,-0.048900172,0.33220878
,,2.5966113,5.834977,-7.1826963,1695728206401,,1.5894701,-0.15974113,0.1146135,,,,,,0.12858608,0.26317236,0.07862007,0.7825153,-0.5037883,-0.05749287,0.33343685
,,2.37049,5.0801215,-7.5759954,1695728206655,,1.3616176,-0.2196059,0.12255475,,,,,,0.12952879,0.14508882,0.19324242,0.7944054,-0.51196843,-0.044572394,0.29417536
,,2.1382263,4.423292,-7.620423,1695728206906,,-2.2889104,1.3625339,-0.07353285,,,,,,-0.06239419,-0.06257955,0.33052242,0.7978205,-0.5184166,-0.035188433,0.26853523
,,2.4538393,5.299065,-7.306404,1695728207156,,-1.4569125,-0.3857611,0.037644543,,,,,,-0.048903104,0.026714778,0.16302602,0.7862781,-0.5141215,-0.043719213,0.3127008
,,2.5003402,6.0205812,-6.9866433,1695728207408,,0.85521066,0.04612029,-0.07353285,,,,,,-0.04910191,0.22443777,0.06456518,0.77275634,-0.5114001,-0.06183479,0.3427412
,,2.5886354,5.572326,-7.189874,1695728207659,,1.9449935,-0.9294308,-0.061926417,,,,,,0.022247069,0.09458873,0.1627809,0.7777155,-0.51657045,-0.05277631,0.327885
,,2.3165712,4.692325,-7.52766,1695728207911,,-0.912632,0.3515527,-0.058261227,,,,,,-0.07576681,-0.011117212,0.34003636,0.78957486,-0.52234906,-0.036118124,0.28496376
52.54493567,13.36536634,2.4278376,4.624688,-7.4851475,1695728208000,5.832416,-1.6707152,0.41752607,-0.68623024,,,,,,-0.17005017,-0.13595939,0.32697704,0.7887712,-0.5210806,-0.029557753,0.29064137
,,2.657628,5.7221165,-7.172406,1695728208416,,0.24495678,0.033902995,0.2514472,,,,,,-0.089911066,0.19294089,0.16665414,0.77790743,-0.510369,-0.044432417,0.33722705
,,2.6836305,5.9029336,-7.1279798,1695728208669,,1.4416409,-0.51221013,0.049861837,,,,,,-0.09286689,0.2580441,0.11674493,0.77458495,-0.50878423,-0.049486484,0.34516928
,,2.629712,5.1943383,-7.5578904,1695728208920,,2.0488405,-0.5207622,0.064522594,,,,,,-0.02638429,0.17262156,0.18486132,0.7885172,-0.51245713,-0.03287868,0.3125657
,,2.357728,4.418028,-7.798688,1695728209171,,-2.2021675,1.1578941,-0.3050506,,,,,,-0.17621543,-0.015303465,0.2999379,0.7973815,-0.5160229,-0.017905807,0.27713245
,,2.5491538,5.0658445,-7.511867,1695728209423,,-1.39155,-0.28741187,-0.45104727,,,,,,-0.23699325,-9.706815E-4,0.186042,0.79084736,-0.5076551,-0.020811884,0.3134852
,,2.656113,6.094599,-7.0568323,1695728209675,,0.92729276,-0.21899502,-0.11262819,,,,,,-0.07352433,0.41191825,0.0744071,0.78028333,-0.49582514,-0.037663992,0.3518096
,,2.6215768,5.909554,-7.1781487,1695728209927,,1.5613704,-0.30390522,0.10483967,,,,,,-0.05999307,0.3505797,0.083291225,0.78663456,-0.49210158,-0.0319628,0.344545
,,2.3329222,5.1200027,-7.51115,1695728210179,,0.365908,-0.019853106,0.014431681,,,,,,-0.10113384,0.20692037,0.15287969,0.8034344,-0.49154598,-0.018615985,0.3019064
,,2.0664413,4.593741,-7.566664,1695728210431,,-2.5283694,1.172555,-0.5597812,,,,,,-0.27112743,2.3729006E-4,0.2946889,0.80919707,-0.48843896,-0.012359347,0.2877728
,,2.428555,5.8482184,-7.291568,1695728210683,,-0.79229164,-0.33261588,0.32536185,,,,,,-0.0542869,0.41462076,0.113693155,0.8010815,-0.47453687,-0.028400818,0.33457536
,,2.359084,6.234101,-7.1960144,1695728210933,,1.0341941,-0.7571669,-0.033826638,,,,,,-0.024229186,0.49405587,-0.044973277,0.7953593,-0.46794006,-0.03928409,0.3525539
52.54492992,13.36563682,2.3896325,5.5715275,-7.5221567,1695728211000,8.040988,1.9657629,-1.1481204,0.0730747,,,,,,0.037810087,0.18769781,0.11288989,0.8076631,-0.46883097,-0.028515857,0.32841915
,,2.2402406,4.595894,-7.7885585,1695728211434,,-1.2834269,0.49327332,-0.055817768,,,,,,0.069718085,-0.07669752,0.3334312,0.8193616,-0.4728612,-0.0192065,0.28517616
,,2.1540987,4.7395434,-7.733523,1695728211686,,-1.7599014,0.64843297,-0.9916626,,,,,,-0.07388438,-0.1321308,0.42499095,0.8162987,-0.47068968,-0.019246088,0.30060533
,,2.5690145,5.918886,-7.096155,1695728211936,,0.0024434591,-0.96791524,0.3107011,,,,,,0.1188825,0.116393186,0.2190713,0.8055929,-0.458409,-0.036955483,0.3454132
,,2.4100509,5.7751575,-6.9615993,1695728212188,,1.5216641,-0.53603387,0.48357582,,,,,,-0.15568253,-0.037942696,0.2394195,0.80466855,-0.4586553,-0.038479216,0.34692225
,,2.558167,4.9652667,-7.308877,1695728212438,,1.7495167,-0.123089254,-0.04176788,,,,,,0.122527614,-0.16229773,0.48987696,0.81770015,-0.4653409,-0.028924882,0.3098936
,,2.3376284,4.3699327,-7.576793,1695728212690,,-1.4801253,0.3979784,-0.31665704,,,,,,-0.08754875,-0.18184878,0.45608863,0.823052,-0.47233894,-0.020119783,0.27753976
,,2.5615962,5.3828144,-6.9213195,1695728212940,,-2.2785256,0.5977312,-0.06314815,,,,,,0.15773205,0.09681274,0.62915194,0.81469476,-0.46797308,-0.023874862,0.3139884
,,2.933441,6.099705,-6.492046,1695728213191,,1.0940589,0.11026109,0.050472703,,,,,,0.23104197,0.2031516,0.50643295,0.80222,-0.4623552,-0.0410577,0.34715843
,,2.9304106,5.8309903,-6.7093954,1695728213444,,1.7562362,-0.8023709,0.03214676,,,,,,0.33546203,0.17922717,0.64898807,0.8046133,-0.46980223,-0.036292452,0.33508566
,,2.8204203,4.862615,-7.184929,1695728213694,,0.4318814,0.3265072,0.117056966,,,,,,0.47755855,0.026639096,0.68442345,0.8154282,-0.47865227,-0.024960516,0.29274434
,,2.5515466,4.693761,-7.2811203,1695728213944,,-2.128253,1.199433,-0.57138765,,,,,,0.08417449,-0.07189202,0.5195426,0.81469405,-0.48360074,-0.018125938,0.28361994
52.5449534,13.36585029,2.746482,5.7068815,-6.8718686,1695728214000,9.637752,-0.9071342,-0.066889696,0.22518003,,,,,,0.33517408,0.15728404,0.518173,0.80254745,-0.47699878,-0.031921368,0.32965776
,,2.670869,5.927979,-7.051011,1695728214448,,1.0500766,-0.38026333,0.17631085,,,,,,-0.007900071,0.16253747,0.1372607,0.79184824,-0.47814122,-0.04539212,0.34832376
,,2.639044,5.5739207,-7.3465242,1695728214699,,1.6707152,-1.1621703,0.8916335,,,,,,0.09434324,0.23976967,0.21585774,0.7997717,-0.48519498,-0.035471134,0.32553598
,,2.3056443,4.7893934,-7.868318,1695728214952,,-0.5699368,-0.6233875,1.3632212,,,,,,-0.14263754,0.1258154,0.22981851,0.8070576,-0.49457598,-0.02402068,0.28543705
,,2.316651,4.996772,-7.6894145,1695728215203,,-1.9223914,-0.72601277,-0.36796966,,,,,,-0.2581019,0.09265831,0.27182442,0.8017155,-0.49742037,-0.022207648,0.29745695
,,2.2869802,5.972565,-7.028518,1695728215457,,-0.050090913,-0.81153387,0.1683696,,,,,,-0.25275907,0.40377674,0.45561028,0.78961194,-0.48977375,-0.043264832,0.3380659
,,2.3196821,5.9527044,-6.8945203,1695728215708,,0.90285814,-0.4639518,0.22640176,,,,,,-0.47927508,0.3274542,0.28632912,0.7827109,-0.49395838,-0.05188543,0.34448767
,,2.3889146,5.598407,-7.185008,1695728215962,,1.7116431,-1.5751148,-0.0570395,,,,,,-0.26813838,0.30441767,0.3430462,0.78807104,-0.5031828,-0.042421725,0.3236718
,,2.215913,4.691528,-7.349873,1695728216214,,-1.5338814,0.96425,-0.14928009,,,,,,-0.23150317,-0.10528744,0.30778927,0.79040086,-0.5142345,-0.03264892,0.29295504
,,2.3398614,5.1208005,-6.983134,1695728216466,,-2.0396774,-0.5042689,-0.42111492,,,,,,-0.13384151,-0.011492586,0.28538245,0.78263456,-0.5175342,-0.037751142,0.31373322
,,2.3948963,6.0457864,-6.6198244,1695728216717,,-0.40011644,-0.4914407,0.130496,,,,,,0.019758964,0.20592442,0.19366032,0.7713297,-0.51211005,-0.06356689,0.34435356
,,2.58042,6.063174,-6.671588,1695728216968,,1.8955134,-0.26847506,-0.18837543,,,,,,0.19997196,0.114846565,0.027544267,0.765701,-0.5165924,-0.07105177,0.3470139
52.54494578,13.36610313,2.4326234,5.616832,-7.025247,1695728217000,7.6567125,2.177122,-0.26053384,0.20502149,,,,,,0.31434524,-0.03379124,0.14816485,0.7737609,-0.523223,-0.065841205,0.32275265
,,2.2543585,4.826482,-7.168258,1695728217469,,-1.3426808,0.40347618,0.38095054,,,,,,0.14487104,-0.21562706,0.23540658,0.7773638,-0.53251904,-0.05734223,0.29110578
,,2.3440092,5.3893533,-7.131887,1695728217719,,-1.4172063,0.36743516,-0.885983,,,,,,-0.021807022,0.0054181656,0.19794917,0.7681942,-0.5356441,-0.06080096,0.3148716
,,2.3502307,6.070351,-6.933681,1695728217971,,-0.01527162,0.019853106,0.07246383,,,,,,-0.12934797,0.12672192,0.01093467,0.7583403,-0.5271897,-0.07661005,0.3463823
,,2.5434108,5.866243,-6.97412,1695728218223,,1.4428626,-0.71135205,0.21662793,,,,,,0.02405196,0.024396945,-0.019258332,0.75591177,-0.5304031,-0.07449191,0.34760243
,,2.6364913,5.2848687,-7.342536,1695728218474,,1.8918482,-0.5390882,0.03825541,,,,,,0.22175094,-0.08716517,0.13311157,0.76525825,-0.5394181,-0.06090647,0.3188948
,,2.4807189,4.5931025,-7.378508,1695728218725,,-2.4342961,1.9825616,0.056581352,,,,,,0.12510587,-0.27725488,0.20875838,0.7663902,-0.5501973,-0.047550917,0.29078373
,,2.5109484,5.1824546,-7.2082987,1695728218977,,-1.7495167,0.16340633,-0.73265594,,,,,,0.011938032,-0.25389725,0.034182183,0.75610024,-0.5497588,-0.057269793,0.3226408
,,2.6546774,6.0325456,-6.7337217,1695728219229,,0.9279036,0.16768238,0.29115343,,,,,,0.14881414,0.023855384,-0.038237732,0.74439895,-0.5410917,-0.079276755,0.3544315
,,3.0129623,5.8695936,-6.899864,1695728219480,,1.9028438,-0.3271181,-0.11995857,,,,,,0.37096745,-0.0036502678,-0.10779594,0.74324536,-0.54622436,-0.07242322,0.35170114
,,2.7523043,5.0966325,-7.422377,1695728219730,,0.9926553,-0.20799945,0.13660464,,,,,,0.15601715,-0.11160259,-0.10670986,0.75506634,-0.5534303,-0.05145597,0.31595337
,,2.5265815,4.5498724,-7.503813,1695728219981,,-2.508211,1.2996148,-0.22258386,,,,,,-0.20085035,-0.24270232,-0.04433686,0.759578,-0.5545987,-0.035695177,0.2988525
52.54495675,13.36627236,2.768017,5.552785,-7.2501736,1695728220000,7.863561,-1.3903283,0.2159407,-0.16088651,,,,,,-0.2180566,0.044532847,-0.17942898,0.7521407,-0.54174274,-0.045545157,0.34380776
,,2.9166908,6.092047,-6.928259,1695728220487,,1.5882484,0.16279547,0.050472703,,,,,,-0.10102426,0.2652946,-0.16507083,0.7480109,-0.5289389,-0.056451585,0.36697873
,,2.9223542,5.5440907,-7.325228,1695728220739,,2.1160357,-0.7938188,0.081015944,,,,,,-0.020660842,0.15767463,-0.07310769,0.763375,-0.5282863,-0.039721895,0.34236664
,,2.558486,4.4197025,-7.73145,1695728220989,,-1.5467097,1.0155627,-0.14744748,,,,,,-0.1351839,-0.12102537,0.14332525,0.7803602,-0.5313104,-0.023942748,0.29172263
,,2.5782664,4.666961,-7.4467025,1695728221241,,-1.9706497,-0.21777329,-0.5304597,,,,,,-0.2505084,-0.046133343,0.35168946,0.778604,-0.5285847,-0.022262271,0.30247793
,,2.786362,5.8672805,-7.031389,1695728221492,,0.6365211,-0.1933387,0.15370885,,,,,,-0.09199975,0.28512764,0.121551275,0.7651223,-0.5180704,-0.044898458,0.34987256
,,2.9211576,5.9031734,-6.914619,1695728221743,,2.2192717,-0.47128218,-0.1004109,,,,,,0.020000363,0.30467847,0.23213196,0.764735,-0.5168197,-0.048218016,0.35208613
,,2.8055046,5.086264,-7.5115485,1695728221993,,1.2400556,-0.094378605,0.07246383,,,,,,0.10681977,0.12652263,0.20874606,0.780415,-0.5243115,-0.033121362,0.3073314
,,2.482314,4.31075,-7.630711,1695728222245,,-2.4819436,0.98807377,0.046807513,,,,,,-0.07007332,-0.11113415,0.37214613,0.78536886,-0.5306426,-0.023410976,0.27772447
,,2.6844277,5.3849683,-7.1913075,1695728222495,,-1.4642429,-0.205556,-0.28367034,,,,,,-0.1101025,0.1469285,0.2536853,0.7741964,-0.5239617,-0.03544752,0.3226727
,,2.8141186,6.082715,-6.8676395,1695728222748,,1.531438,0.118202336,0.02481638,,,,,,0.03432264,0.28677064,0.074055955,0.76327497,-0.5167374,-0.054353878,0.35319573
52.54494809,13.36642207,2.3154547,4.5371914,-7.5828547,1695728223000,7.655585,-1.50456,0.77915806,0.2483929,,,,,,-0.11095819,0.114665195,0.12980355,0.78629154,-0.52952325,-0.028161738,0.27654284
,,2.8169103,5.5156164,-7.211569,1695728223001,,2.0873249,-0.5891791,0.18669555,,,,,,0.06877324,0.19521862,0.11284242,0.77390534,-0.5209657,-0.04369322,0.32773545
,,2.39378,4.6121655,-7.404669,1695728223506,,-2.0115776,-0.15546508,-0.48403397,,,,,,-0.13424279,0.059650134,0.17973718,0.7826677,-0.529972,-0.02576043,0.28733537
,,2.6325037,5.7897534,-6.907361,1695728223757,,0.39095345,-0.20066908,0.15493058,,,,,,-0.056615792,0.33309016,0.0353439,0.76878375,-0.52070767,-0.048911355,0.33630827
,,2.6691139,5.82748,-6.9651084,1695728224012,,1.7360777,-0.43035424,0.5434406,,,,,,0.053839207,0.3205176,0.02307841,0.7665394,-0.5223777,-0.0560785,0.33748785
,,2.4941986,4.8444285,-7.4447894,1695728224265,,0.9987639,0.06811142,-0.09735657,,,,,,0.037051976,0.07881529,0.1410666,0.77802455,-0.53549165,-0.040572505,0.2924738
,,2.3286154,4.285944,-7.729136,1695728224517,,-2.5033238,1.2000439,-0.28916812,,,,,,-0.02774783,-0.04879701,0.16516572,0.77901924,-0.5456079,-0.029976148,0.26672262
,,2.7794232,5.2652464,-7.4983883,1695728224772,,-1.0873393,-0.03573559,-0.30566147,,,,,,0.14509183,0.06810213,0.045183595,0.76666945,-0.5407322,-0.04165578,0.3132508
,,2.801038,5.901339,-7.053003,1695728225023,,1.3420699,-0.3265072,-0.06498074,,,,,,0.13792849,0.14897338,0.069557175,0.7537267,-0.53653365,-0.06232035,0.34378406
,,2.8994634,5.417031,-7.3227544,1695728225273,,2.078162,-0.490219,0.2966512,,,,,,0.316744,0.08693889,0.17542514,0.759567,-0.5448512,-0.053526174,0.3225683
,,2.5536206,4.4905305,-7.557252,1695728225524,,-1.3408482,0.3100139,0.5116756,,,,,,0.2861985,0.0070638857,0.33890465,0.76705474,-0.5587456,-0.038981862,0.2737155
,,2.5970101,4.7305303,-7.258787,1695728225775,,-2.0573926,-0.6502656,-0.6300307,,,,,,0.30320752,0.020888638,0.50654525,0.7600102,-0.56364256,-0.043232597,0.28319088
52.54493619,13.36658154,2.9971697,6.1774697,-6.577152,1695728226000,9.505244,2.0219624,-0.46028662,0.22151484,,,,,,0.84560084,0.44035873,0.53843826,0.7306068,-0.5698155,-0.09086367,0.3315515
,,2.8977087,6.121558,-6.5743604,1695728226025,,0.4978548,0.7706059,0.12438734,,,,,,0.74027544,0.45972934,0.55663514,0.7405726,-0.5606252,-0.07669914,0.32940704
,,2.8087745,5.3720465,-7.111629,1695728226526,,0.93523395,0.26358816,0.3766745,,,,,,0.81370044,0.44795856,0.58830076,0.7344692,-0.5910007,-0.076296784,0.28710347
,,2.5019352,4.7375493,-7.269156,1695728226777,,-2.5686865,1.1597267,-0.42844528,,,,,,0.5172221,0.29267535,0.7168699,0.7265284,-0.6107059,-0.065000355,0.26374745
,,2.7714467,5.781298,-6.9650273,1695728227028,,-0.686612,0.123089254,0.0022143847,,,,,,0.43984303,0.46464792,0.63779855,0.7056531,-0.6113671,-0.084640674,0.31386068
,,2.9635901,6.464689,-6.838448,1695728227278,,1.4831797,-0.30879214,0.045585785,,,,,,0.39423186,0.67925155,0.30177137,0.68704075,-0.6117537,-0.104578815,0.34563357
,,2.7496724,5.519046,-7.318527,1695728227529,,2.127642,-0.6814197,0.22579089,,,,,,-0.031249506,0.32204625,0.26790562,0.69032884,-0.62544364,-0.08449723,0.32196653
,,2.3735209,4.418985,-7.573364,1695728227780,,-2.0720534,0.9801325,-0.024663666,,,,,,-0.29181916,0.10940544,0.485792,0.6960755,-0.64047605,-0.05755426,0.27928928
,,2.6549165,4.941897,-7.36439,1695728228030,,-1.7024802,-0.16462806,-0.18226677,,,,,,-0.38982204,0.1488109,0.31523952,0.68598074,-0.6382282,-0.060857106,0.30911973
,,2.935116,6.140541,-6.8493743,1695728228281,,1.4746276,0.5726857,0.04130973,,,,,,-0.32905105,0.4232745,0.03837575,0.6703577,-0.62636954,-0.08772222,0.3588751
,,2.9945376,5.738547,-6.969095,1695728228532,,2.1423028,-0.91477,0.059635673,,,,,,-0.31610975,0.26426563,-0.028123546,0.67409784,-0.6280931,-0.07813186,0.3521162
,,2.6616962,4.670311,-7.40443,1695728228788,,-1.1209369,0.47922343,0.23312128,,,,,,-0.43174234,0.10613939,0.16912803,0.69166666,-0.63522434,-0.04772345,0.3045005
52.5449393,13.36674109,3.0340197,5.8719864,-6.919724,1695728229000,12.203304,0.3176497,0.29168794,0.2202931,,,,,,-0.5132751,0.33338,-0.103773735,0.6849258,-0.61280954,-0.06270732,0.36034292
,,2.7222352,4.6164722,-7.315178,1695728229040,,-2.0042474,-0.2886336,-0.5781072,,,,,,-0.5836583,0.05529316,0.22768377,0.6949349,-0.6307236,-0.0380581,0.30635807
,,3.1354752,6.064449,-6.794341,1695728229540,,1.897346,-0.39675668,0.045585785,,,,,,-0.39544263,0.38578007,-0.07566309,0.68532276,-0.60410887,-0.06731992,0.37263042
,,2.9102302,5.088656,-7.382178,1695728229791,,1.1093304,0.21288638,-0.14317143,,,,,,-0.44579977,0.16108088,0.02877612,0.70718014,-0.60575527,-0.041579865,0.33159748
,,2.6908882,4.3733616,-7.534759,1695728230042,,-2.26753,1.2776237,-0.66851515,,,,,,-0.5525127,-0.101550184,0.14247651,0.7222441,-0.60199255,-0.02540528,0.30200216
,,3.0246072,5.3711696,-7.1425753,1695728230292,,-0.7177661,0.0754418,-0.052763447,,,,,,-0.41590133,0.059657957,-0.026798708,0.718942,-0.5834555,-0.041854497,0.34550428
,,3.1691334,6.086464,-6.8787274,1695728230542,,1.3652828,0.062613636,0.06818778,,,,,,-0.20452563,0.25687692,-0.24295117,0.71554774,-0.56901234,-0.060544237,0.37248477
,,3.153102,5.491369,-7.1741614,1695728230792,,1.8545855,-1.0155627,0.25938845,,,,,,-0.13417305,0.08572326,-0.014601564,0.7316788,-0.5687933,-0.045723964,0.34572232
,,2.7407389,4.474099,-7.444789,1695728231044,,-2.0763295,0.720515,-0.28672466,,,,,,-0.26022643,-0.118013985,0.26622984,0.7508869,-0.5706193,-0.026011383,0.29656976
,,2.833421,4.845545,-7.2175508,1695728231293,,-1.7495167,0.19089524,-0.09613484,,,,,,-0.24308588,-0.070332736,0.30669516,0.75359505,-0.5593018,-0.027183117,0.31229588
,,3.005944,5.969613,-6.7902727,1695728231543,,0.57909983,0.023518294,-0.035048366,,,,,,-0.1402423,0.2677342,0.18827085,0.7444089,-0.5432886,-0.0500899,0.35771862
,,3.0734212,5.86114,-6.930732,1695728231794,,1.8723005,-0.80176,0.12744166,,,,,,-0.03455456,0.25992596,0.2259153,0.7495281,-0.53937495,-0.047991708,0.3542096
52.54492923,13.36690457,2.5442882,4.4057446,-7.37444,1695728232000,8.173991,-2.4526222,0.93859375,-0.44677123,,,,,,-0.16664116,-0.03587797,0.5692879,0.7756673,-0.5413314,-0.01939551,0.2876806
,,2.7603605,4.90074,-7.3348794,1695728232043,,0.44532043,0.46089748,0.1598175,,,,,,-0.08227453,0.11324492,0.45625523,0.7679675,-0.5433407,-0.029190326,0.30668437
,,2.829273,5.5440106,-7.0713487,1695728232545,,-0.6835577,-0.037568185,0.124998204,,,,,,0.00797772,0.2348421,0.2951867,0.76918346,-0.52617586,-0.03664345,0.33268404
,,3.0222144,6.048497,-6.904569,1695728232795,,1.5241076,-0.54458594,0.13599378,,,,,,0.21275349,0.3547177,0.1474881,0.7619874,-0.5208329,-0.051984515,0.35276988
,,2.9501114,5.423333,-7.2427545,1695728233046,,2.2211044,-0.40408704,0.14576761,,,,,,0.30015656,0.24722372,0.31933117,0.77258015,-0.5282978,-0.04003317,0.32264185
,,2.6415167,4.4737015,-7.477332,1695728233296,,-1.8637484,0.7638864,0.07612903,,,,,,0.1800612,0.05256432,0.5340825,0.7816166,-0.53838253,-0.023818308,0.27714208
,,2.8418756,4.8822355,-7.306325,1695728233548,,-1.7159191,-0.21838416,-0.43821913,,,,,,0.121970944,0.034117173,0.42235267,0.77600545,-0.5346793,-0.02533443,0.3019667
,,3.0278778,5.932046,-6.902735,1695728233799,,1.0427462,0.03451386,0.0816268,,,,,,0.21892329,0.28979474,0.19600114,0.7622745,-0.52542824,-0.048230067,0.34640312
,,3.1161728,5.7083178,-6.9812207,1695728234050,,1.7409647,-0.7822124,0.04741838,,,,,,0.27175376,0.18499021,0.2601372,0.7617228,-0.52925134,-0.046999957,0.34293038
,,2.7736804,4.7875595,-7.3284183,1695728234302,,0.53023064,0.36560258,0.11400264,,,,,,0.122292615,0.07577565,0.43724105,0.7733405,-0.5395816,-0.03054011,0.29876718
,,2.6888945,4.4125247,-7.388238,1695728234553,,-2.1435244,1.2000439,-0.5829941,,,,,,1.679937E-4,-0.03334489,0.4276614,0.7742135,-0.54429704,-0.019877875,0.2848816
,,2.9305696,5.4235716,-7.038966,1695728234803,,-0.6004801,0.11331542,-2.290743E-4,,,,,,0.031187348,0.14657101,0.15609294,0.76273465,-0.5335425,-0.035434518,0.33561027
52.5449212,13.36713982,3.0905695,5.472704,-7.130293,1695728235000,7.5399785,2.3591597,-0.9312633,0.19585852,,,,,,0.23761396,0.26866552,0.22648033,0.76238173,-0.5371572,-0.036966674,0.33178622
,,3.0203006,5.9162536,-6.733642,1695728235053,,1.4159845,-0.23060146,0.10911572,,,,,,0.15334181,0.2573571,0.16045623,0.753979,-0.5288231,-0.05064253,0.35754883
,,2.6305099,4.5469217,-7.3458853,1695728235553,,-1.4917318,0.70951945,-2.290743E-4,,,,,,-0.019702593,0.16156822,0.36262384,0.7713248,-0.5466136,-0.020110874,0.286995
,,2.9172504,4.8957148,-7.158448,1695728235803,,-1.5913028,-0.38637197,-0.5811615,,,,,,0.04825951,0.1498787,0.3157136,0.76706487,-0.543217,-0.019170929,0.30777135
,,3.046462,5.918408,-6.705886,1695728236054,,0.3677406,-0.5647445,-0.14744748,,,,,,0.10555782,0.4073134,0.17787571,0.7554979,-0.5310806,-0.03955593,0.35230052
,,3.135156,5.8706307,-6.759565,1695728236306,,1.9315544,-0.7663299,0.34796384,,,,,,0.14752217,0.3646017,0.17695557,0.75663453,-0.53064305,-0.040912397,0.35085616
,,2.979064,5.0353756,-7.3030553,1695728236557,,1.4453061,-0.065667965,0.17936517,,,,,,0.13779697,0.25516298,0.16001412,0.76921433,-0.5390823,-0.02477638,0.31064826
,,2.6546772,4.294558,-7.3403826,1695728236808,,-2.2663083,1.4523311,-0.22624904,,,,,,-0.099376515,0.018946107,0.28666154,0.77339923,-0.54394406,-0.012835535,0.2850638
,,3.0915265,5.248416,-7.0836315,1695728237058,,-1.5937462,-0.5207622,-0.4730384,,,,,,0.06475873,0.11954286,0.092579,0.7640478,-0.53504443,-0.02368123,0.33013165
,,3.1158533,5.879644,-6.7727246,1695728237310,,1.4123194,0.30757043,0.130496,,,,,,0.09055435,0.2370595,-0.04528354,0.75213206,-0.52781,-0.04297141,0.36047402
,,3.1828532,5.474379,-7.067761,1695728237561,,1.9755367,-0.7034108,-0.18654284,,,,,,0.10837802,0.12107153,-0.012385035,0.75858253,-0.5327623,-0.033631865,0.3440367
,,2.7966511,4.5634317,-7.363354,1695728237814,,-0.3781253,0.2525926,0.008323032,,,,,,0.015115762,0.0042423727,0.18364744,0.7700567,-0.54120284,-0.019265242,0.29854712
52.544924,13.36736165,3.1024544,5.6911683,-6.8337417,1695728238000,6.684845,-0.41050112,9.162972E-4,0.011377357,,,,,,-0.026911395,0.14226413,-0.009220107,0.7574806,-0.5277406,-0.033990655,0.35262528
,,2.7846074,4.5332828,-7.1295733,1695728238066,,-2.2070544,0.7852667,-0.5164098,,,,,,-0.103584096,-0.11298249,0.33984438,0.76924366,-0.5407648,-0.014956982,0.3019486
,,3.1063628,5.905725,-6.729017,1695728238571,,2.046397,-0.6496547,-0.14561489,,,,,,-0.0370471,0.19013026,-0.06823322,0.7525256,-0.5226718,-0.04342789,0.36620796
,,2.9771502,5.2827144,-7.1572514,1695728238826,,1.9792019,-0.8127556,0.053527027,,,,,,-0.07263386,0.052046973,-0.029562235,0.7682638,-0.52484566,-0.026267868,0.3351301
,,2.634578,4.4199424,-7.460024,1695728239079,,-1.7592906,0.7217367,-0.21403174,,,,,,-0.20061468,-0.14154571,0.052201096,0.78150475,-0.52460474,-0.012521749,0.29429492
,,2.8780072,4.9574494,-7.3240314,1695728239332,,-1.9865322,0.03695732,-0.5946005,,,,,,-0.17041686,-0.10559479,-0.07094588,0.78015226,-0.51409423,-0.014677615,0.32119843
,,2.9674191,5.962196,-7.000122,1695728239583,,0.98837924,-0.07910699,0.08590286,,,,,,-0.067927025,0.20960908,-0.25994173,0.7723358,-0.4979432,-0.03453977,0.36034268
,,2.879443,5.765586,-7.0082574,1695728239836,,1.7470733,-0.67958707,0.12072215,,,,,,0.037830826,0.14862557,-0.011429087,0.7803776,-0.49476922,-0.033864204,0.35007337
,,2.5306494,4.936473,-7.420461,1695728240086,,1.3109158,-0.45478883,0.4408153,,,,,,0.06482098,0.07230517,0.20802063,0.7990655,-0.4988571,-0.023003602,0.30143893
,,2.3755147,4.4180284,-7.608378,1695728240336,,-2.2027783,0.7351758,0.09689843,,,,,,0.09906523,0.061300777,0.30541036,0.804653,-0.5030308,-0.01854748,0.2703341
,,2.707798,5.370611,-7.372845,1695728240588,,-1.6633848,-0.8982767,-0.5341249,,,,,,0.33162764,0.29998752,0.16735728,0.7957997,-0.49963844,-0.034495886,0.30623516
,,2.6249263,5.882675,-6.888777,1695728240841,,1.3292418,0.2770272,0.24533857,,,,,,0.39185095,0.37862203,0.26606956,0.7838865,-0.49947432,-0.05939087,0.32773173
52.54490769,13.36755227,2.5748367,4.7653055,-7.5904326,1695728241000,6.874253,0.42577276,0.2941314,0.37362018,,,,,,0.6016387,0.26034343,0.43553492,0.7861807,-0.5350744,-0.049548205,0.2646112
,,2.7365916,5.4985476,-7.225686,1695728241094,,1.3848305,-0.6490438,0.3418552,,,,,,0.580169,0.30774975,0.29327452,0.78630507,-0.5133169,-0.05746558,0.30636877
,,2.6913674,4.548675,-7.550872,1695728241596,,-2.5955644,1.0436624,-0.26656613,,,,,,0.6634301,0.12985596,0.50843775,0.7702874,-0.5587448,-0.0479601,0.25607517
,,2.9709287,5.504449,-7.1907516,1695728241846,,-1.274264,-0.32956156,0.35285076,,,,,,0.76132,0.32530084,0.5189988,0.74348736,-0.57540077,-0.07369547,0.2934904
,,2.9146168,5.8153563,-6.892127,1695728242098,,0.85398895,0.4725039,0.23907721,,,,,,0.652013,0.4083706,0.6017242,0.7122395,-0.5998536,-0.10214814,0.3041153
,,3.1844478,5.5627546,-7.309356,1695728242350,,1.3762784,-1.005178,0.1211803,,,,,,0.80401975,0.38738886,0.4859926,0.691737,-0.63267493,-0.10190843,0.28962126
,,2.9359934,4.969016,-7.518808,1695728242603,,0.90285814,-0.2611447,0.28183773,,,,,,0.5818761,0.33791962,0.5583573,0.6697217,-0.66770107,-0.09490708,0.26399252
,,2.9235508,4.815078,-7.5497537,1695728242855,,-1.8185445,0.5549707,0.05459604,,,,,,0.46044883,0.2984382,0.4934761,0.641269,-0.69647473,-0.09172764,0.26294613
,,3.0159934,5.4546795,-7.3639116,1695728243105,,-1.7067562,0.19028437,-0.1579849,,,,,,0.3055858,0.4834051,0.4015597,0.60961443,-0.7144167,-0.11218211,0.2899265
,,2.97372,5.654559,-7.170811,1695728243357,,0.2950477,-0.21777329,0.112017326,,,,,,0.13502601,0.4927458,0.23465718,0.5790711,-0.7291358,-0.13160664,0.30117327
,,2.945485,5.4654465,-7.161879,1695728243607,,1.16553,-0.28435755,0.21342088,,,,,,0.0047088144,0.38520008,0.26738244,0.5612806,-0.744929,-0.13263518,0.2969138
,,2.728057,5.2419567,-7.283195,1695728243859,,1.3377938,-0.26908594,0.116293386,,,,,,-0.30912206,0.37879345,0.22103517,0.5446503,-0.7616079,-0.12925595,0.28944418
52.54486568,13.36772402,2.7205596,5.168737,-7.2547193,1695728244000,6.968438,-2.309069,0.8506292,-0.5471058,,,,,,-0.7665341,0.13401625,0.096564084,0.5218207,-0.77316976,-0.1276724,0.31159917
,,2.7118654,5.038089,-7.317571,1695728244112,,-0.010384701,0.2770272,-0.053527027,,,,,,-0.5478213,0.22726399,0.21166538,0.5296719,-0.772111,-0.124583706,0.29369527
,,2.8551166,5.5906696,-7.172965,1695728244616,,-0.046425723,0.37293294,-0.06696605,,,,,,-0.84238464,0.19553924,-0.20163919,0.51858497,-0.76195645,-0.13533011,0.33548835
,,2.819144,5.552863,-7.2735434,1695728244871,,1.8099923,0.04367683,-0.19402592,,,,,,-0.97273386,0.18695183,-0.34676746,0.5288235,-0.7513097,-0.123947665,0.34567648
,,2.8135605,5.0319467,-7.648339,1695728245123,,2.3157883,-0.7761037,-0.10911572,,,,,,-1.0523108,0.058704678,-0.4454792,0.5558835,-0.73866004,-0.09501596,0.33797425
,,2.5998812,4.351348,-7.7624764,1695728245375,,-1.9095633,1.0002911,-0.5452732,,,,,,-1.1723083,-0.15685031,-0.32220095,0.59096116,-0.7172413,-0.0683379,0.3185984
,,2.7494333,5.03075,-7.4397645,1695728245625,,-1.4703516,-0.076052666,-0.52206033,,,,,,-1.0551232,-0.1139523,-0.45757854,0.6192583,-0.6789063,-0.07381718,0.34678546
,,2.934159,6.0646086,-6.9694147,1695728245875,,1.0867285,0.012522728,-0.14454588,,,,,,-0.79206043,0.11900143,-0.5848786,0.64036953,-0.6354209,-0.09307265,0.38564247
,,2.868835,5.732964,-7.0707912,1695728246125,,1.9810345,-0.9984585,-0.11827869,,,,,,-0.5722503,-0.084710054,-0.45982018,0.67718923,-0.6079052,-0.07524516,0.37553266
,,2.648137,4.7140203,-7.446384,1695728246377,,0.118507765,0.24709481,0.032604907,,,,,,-0.42655474,-0.21040899,-0.086820096,0.7193892,-0.59253484,-0.04390897,0.32359162
,,2.6242883,4.43406,-7.5224757,1695728246628,,-2.5045457,0.17501275,-0.41027206,,,,,,-0.19576298,-0.28311583,-0.111170374,0.7439728,-0.57306665,-0.03446685,0.3021909
,,2.8693933,5.6396437,-7.0505314,1695728246879,,-0.04214967,-0.4535671,0.18104506,,,,,,0.12742898,0.0421914,-0.15390283,0.74685645,-0.5478597,-0.06017692,0.33962
52.54481042,13.36787845,2.7738397,5.151827,-7.2910104,1695728247000,6.5468497,1.7855577,-0.6545416,0.18959716,,,,,,0.5229486,0.03509915,0.17599434,0.7624937,-0.55157256,-0.06233826,0.30114967
,,2.9033713,5.936832,-6.9018583,1695728247132,,1.536325,-0.11453715,0.3117701,,,,,,0.4291678,0.16173953,-0.0648671,0.7491514,-0.5403132,-0.07574114,0.34350196
,,2.4733813,4.286024,-7.443992,1695728247635,,-2.340834,0.87567466,-0.14026983,,,,,,0.46884024,-0.03900925,0.39276144,0.76664513,-0.56630296,-0.051488426,0.2564413
,,2.7445676,5.0878587,-7.24443,1695728247885,,-1.6872085,-0.5177079,-0.13110685,,,,,,0.6724864,0.07015781,0.2543209,0.7539758,-0.56960225,-0.06926532,0.28421366
,,2.7755148,6.001758,-6.7696943,1695728248136,,1.2870921,-0.06444623,0.3239874,,,,,,0.77009517,0.27302453,0.3616338,0.73081756,-0.5768955,-0.1032775,0.3166048
,,2.8638098,5.5818973,-7.083392,1695728248388,,2.3249514,-0.44745845,0.3759109,,,,,,0.9327633,0.2550608,0.4143773,0.7182607,-0.6046786,-0.105550386,0.29339314
,,2.547399,4.5274596,-7.4422364,1695728248640,,-1.6719369,0.33994624,0.42844528,,,,,,0.81576264,0.17949228,0.6165976,0.7058686,-0.64086884,-0.08607974,0.24050456
,,2.5973291,4.62732,-7.383055,1695728248891,,-2.357938,0.012522728,-0.2135736,,,,,,0.7740914,0.17259522,0.6514112,0.67823815,-0.66716427,-0.094215624,0.24141404
,,2.930889,5.9724855,-6.9395056,1695728249142,,0.8857539,0.110871956,0.31115925,,,,,,0.78763205,0.5136095,0.5059469,0.63472706,-0.68342215,-0.13757093,0.28639942
,,3.0053852,5.919764,-6.9657464,1695728249395,,1.7104213,-1.248913,0.20731224,,,,,,0.7595137,0.4075714,0.40542704,0.5982859,-0.71190643,-0.15397458,0.28892115
,,2.7855647,5.00108,-7.3570523,1695728249647,,0.29749113,0.33017242,0.34781113,,,,,,0.5184617,0.3446775,0.57605296,0.5747532,-0.750827,-0.13002537,0.24927737
,,2.5772293,4.368018,-7.4400835,1695728249897,,-2.434907,0.85673785,-0.40538514,,,,,,0.16754614,0.037433162,0.6077529,0.5474659,-0.7770177,-0.11723909,0.2373447
52.54478513,13.36803508,2.9741988,6.1022563,-6.7637115,1695728250000,6.7138333,1.76601,0.7498365,0.24885105,,,,,,-0.10913866,0.32666847,0.14374541,0.48796055,-0.7795342,-0.18168531,0.31315655
,,2.909034,5.5641108,-7.057233,1695728250149,,-0.40439248,-0.013744458,0.08391755,,,,,,0.05666333,0.23764811,0.35235745,0.5141798,-0.7788693,-0.15457311,0.2859854
,,2.887898,5.476692,-7.2666826,1695728250652,,2.0983205,-0.8420771,0.08880447,,,,,,-0.24644893,0.23124117,0.12066606,0.48712867,-0.7929509,-0.15486851,0.2976688
,,2.57372,4.495476,-7.4976707,1695728250903,,-0.7165444,0.14080434,-0.4237111,,,,,,-0.52413946,0.042881586,0.3011956,0.49149722,-0.8042574,-0.12090511,0.26687095
,,2.7267811,4.748078,-7.6469035,1695728251155,,-0.4331031,0.21166465,-0.11217005,,,,,,-0.50765955,0.14763245,0.083587565,0.49479532,-0.7994841,-0.122312464,0.27833283
,,2.772803,5.0327444,-7.745169,1695728251404,,1.0415244,-0.13713914,0.06436988,,,,,,-0.41971257,0.41537195,-0.017935308,0.50020874,-0.79620177,-0.1234551,0.27874526
,,2.5549767,3.873501,-8.155777,1695728251655,,-2.3658793,0.9135483,-0.44509134,,,,,,-0.50777125,0.035567936,0.14582917,0.5128609,-0.80610216,-0.08875597,0.24715023
,,2.6995027,3.9458442,-8.209853,1695728251905,,-0.5619956,-0.17379104,-0.20990841,,,,,,-0.32694444,0.1638044,0.196902,0.5189849,-0.8060871,-0.08241181,0.24342196
,,2.7831721,4.432544,-7.798288,1695728252157,,1.3848305,-0.101708986,0.105908684,,,,,,-0.21400076,0.16125138,0.123715356,0.51100135,-0.7967414,-0.11140377,0.26062673
,,3.0400016,5.1279783,-7.635735,1695728252409,,2.0476186,-1.1963787,0.22563818,,,,,,-0.080045015,0.3066534,0.010655785,0.50493383,-0.7914121,-0.13527964,0.2844287
,,2.836133,4.682993,-7.5623555,1695728252663,,-1.698815,0.19883649,0.18287764,,,,,,-0.14874366,0.17123953,0.19535854,0.50292605,-0.79654807,-0.12636198,0.2702625
,,2.9498715,4.885984,-7.3545794,1695728252914,,-2.005469,-0.59284425,-0.7395282,,,,,,-0.18291613,0.0703887,0.22053991,0.5003179,-0.7914309,-0.13564341,0.28655255
52.54473249,13.36811415,3.0344179,5.7032933,-6.942137,1695728253000,7.7442837,1.7446299,-0.6893609,0.07108939,,,,,,-0.13397266,0.1196023,0.040113434,0.50062704,-0.7730223,-0.16920048,0.3191583
,,3.0702302,6.027839,-6.833104,1695728253164,,1.011592,-0.037568185,0.011835505,,,,,,-0.1585908,0.35951698,0.074622266,0.49373356,-0.77421844,-0.17368701,0.32316977
,,2.7040489,4.8032727,-7.3387074,1695728253668,,0.77457654,0.18784092,0.3569741,,,,,,-0.23414159,0.038924064,0.25864193,0.51534045,-0.78412,-0.13372298,0.2832605
,,2.5605595,4.3153763,-7.42453,1695728253919,,-2.4416265,1.0827578,-0.541608,,,,,,-0.2771974,-0.10074102,0.37920296,0.52082956,-0.7880746,-0.116796665,0.26455304
,,3.0147972,5.4493346,-7.0754976,1695728254172,,-0.43615746,-0.12064579,-0.084070265,,,,,,-0.042322278,0.09545567,0.120022565,0.51316494,-0.77462536,-0.15150015,0.3032943
,,2.9949367,6.003671,-6.792745,1695728254423,,1.5467097,-0.0980438,0.12851068,,,,,,-0.042474445,0.2431026,0.014751538,0.5047452,-0.7671804,-0.17681359,0.3189896
,,3.0217361,5.340302,-7.22417,1695728254674,,2.1245878,-0.47006044,-9.926553E-4,,,,,,0.038628913,0.12229187,0.056012187,0.51182383,-0.7778747,-0.15242533,0.29799214
,,2.6612175,4.4111695,-7.439285,1695728254926,,-2.086714,0.7797689,-0.35101816,,,,,,-0.22839235,-0.023210473,0.3009273,0.51989233,-0.7874847,-0.11972528,0.26538974
,,2.926103,4.859663,-7.296753,1695728255179,,-1.8875722,0.09010255,-0.20990841,,,,,,-0.19185966,-0.05976073,0.12066868,0.5221046,-0.7763721,-0.12992895,0.29018822
,,2.9643087,5.9250274,-6.8465037,1695728255431,,1.2492185,0.205556,-0.11400264,,,,,,-0.18888746,0.21078603,-0.050767597,0.5218998,-0.7548692,-0.16463,0.32937604
,,2.8581464,5.662375,-6.989355,1695728255683,,1.6975932,-0.93615025,0.3777435,,,,,,-0.18425223,0.15450147,0.018183136,0.53744155,-0.7500817,-0.15480451,0.3218693
,,2.6042683,4.5120654,-7.4510894,1695728255934,,-0.40133816,0.22754712,0.15355614,,,,,,-0.22308001,-0.12200599,0.23875485,0.5601896,-0.756981,-0.11543692,0.2797209
52.54465317,13.36824263,2.8243282,5.6894937,-7.1113896,1695728256000,9.492236,0.48685923,-0.23426664,0.14928009,,,,,,-0.042617932,0.12814897,0.06137657,0.565469,-0.73470986,-0.14791279,0.31295252
,,2.554976,4.3951364,-7.495517,1695728256185,,-2.5937319,0.04367683,-0.29054257,,,,,,-0.20986888,-0.18630175,0.2888484,0.57117474,-0.75246006,-0.10822463,0.27166447
,,2.9019353,5.919046,-7.068877,1695728256686,,2.0628903,-0.74067354,0.14744748,,,,,,0.0625349,0.18753828,0.03414356,0.563093,-0.73199767,-0.1599764,0.3179539
,,2.764348,4.940302,-7.4916883,1695728256938,,0.2809978,0.35521787,0.068035066,,,,,,0.052168153,0.07520504,0.26443082,0.5715334,-0.74813,-0.12706682,0.2769646
,,2.5439694,4.1778684,-7.6364536,1695728257189,,-2.651153,1.1890483,-0.40905032,,,,,,-0.13701865,-0.20352896,0.42346424,0.5715371,-0.75848824,-0.10771273,0.25375834
,,2.8323042,5.403711,-7.1992855,1695728257439,,0.22235478,-0.11514801,0.15905392,,,,,,0.033063516,0.16901332,0.2222424,0.55864364,-0.74808985,-0.14007044,0.2939244
,,2.9704502,6.09763,-6.934081,1695728257691,,1.9419391,-0.75228,0.28061602,,,,,,0.118801184,0.37637866,0.118134275,0.5465914,-0.7431408,-0.16599113,0.31627688
,,2.8589444,5.219703,-7.408897,1695728257941,,1.1172717,-0.2122755,0.092469655,,,,,,0.08290466,0.24752355,0.25299814,0.55123085,-0.7585725,-0.13779122,0.28322637
,,2.5966911,4.3158545,-7.4302726,1695728258194,,-2.5509713,0.81031215,-0.24228424,,,,,,-0.068465225,0.017362984,0.5792926,0.55514336,-0.7700526,-0.10960902,0.25358996
,,2.8285558,5.2583075,-7.1937814,1695728258447,,-0.48624837,-0.3100139,0.14133884,,,,,,0.031354163,0.21648361,0.24981557,0.54672486,-0.7593752,-0.13770686,0.28679287
,,3.0616963,6.227002,-6.9102325,1695728258698,,1.8845178,-0.37232208,0.20670137,,,,,,0.16499576,0.49643403,0.047730956,0.5363052,-0.7492765,-0.17028172,0.31808507
,,2.8855844,5.373403,-7.269714,1695728258950,,1.2870921,-0.21716243,0.08147409,,,,,,0.044384763,0.30803797,0.2748052,0.5403484,-0.7625448,-0.1462427,0.2888991
52.54458699,13.36838568,2.751906,5.0927234,-7.10477,1695728259000,10.279639,-0.252898,0.38026333,0.27511823,,,,,,-0.05306885,0.1921391,0.3851428,0.538294,-0.76744235,-0.13581374,0.28065482
,,2.5807385,4.243591,-7.4888177,1695728259200,,-2.4715588,1.0320561,-0.30642503,,,,,,-0.14775808,0.010532363,0.56069756,0.546012,-0.77646595,-0.11239483,0.2534942
,,3.008895,6.2134423,-6.9117484,1695728259701,,2.0580034,-0.49754936,0.33009607,,,,,,0.06259069,0.53089875,0.08137366,0.52616245,-0.7570158,-0.1714273,0.31546146
,,2.9333613,5.438487,-7.278249,1695728259952,,1.309694,-0.4743365,0.27511823,,,,,,0.032653656,0.4030005,0.23473121,0.52845305,-0.7698122,-0.14850521,0.2889452
,,2.7121847,4.3069215,-7.547362,1695728260206,,-3.0158393,0.9062179,-0.47441286,,,,,,-0.04091535,0.03750264,0.49791887,0.53491235,-0.78383756,-0.11394306,0.25386447
,,2.8445082,5.0793242,-7.0711904,1695728260458,,-0.3158171,-0.59284425,-0.20196716,,,,,,-0.07252183,0.15285379,0.29091054,0.52849185,-0.7722963,-0.13665864,0.2834436
,,3.307519,6.3516684,-6.863892,1695728260710,,2.015854,-0.37598726,0.5023599,,,,,,0.29491636,0.60741436,-0.09166622,0.5188495,-0.7607602,-0.17224179,0.3182598
,,3.0583465,5.428278,-7.2519283,1695728260962,,0.6994402,-0.70768684,0.38201955,,,,,,0.20593543,0.34137666,0.026283408,0.5215058,-0.77335346,-0.14896359,0.29051217
,,2.7375484,4.2939997,-7.7014594,1695728261214,,-1.2669336,0.26603162,-0.05535962,,,,,,0.14054158,0.15139885,0.30155122,0.5282129,-0.7897357,-0.11116997,0.24639367
,,2.7337995,4.24391,-7.762157,1695728261465,,0.23640467,-0.24709481,0.07108939,,,,,,0.12469082,0.11798945,0.2706258,0.52810264,-0.79155046,-0.10750531,0.24354199
,,2.6686351,4.49739,-7.877731,1695728261716,,0.02687805,0.27336198,-0.06330086,,,,,,0.04181187,0.40044448,0.16049263,0.5255022,-0.7934751,-0.10956542,0.24467176
,,2.5454853,3.6224144,-8.618468,1695728261968,,-0.10384701,-0.09071342,0.03138318,,,,,,0.07714167,0.30759856,0.09506962,0.5309181,-0.807949,-0.080034465,0.21111213
52.54452197,13.36854877,2.2007587,2.6430318,-9.075577,1695728262000,11.366439,-0.1545488,-0.25809038,0.13584106,,,,,,-0.26549518,0.11905948,0.23106235,0.5424223,-0.8194497,-0.041413225,0.17765412
,,2.1871197,2.631387,-8.999804,1695728262219,,-0.02565632,-0.13836087,0.08513928,,,,,,-0.22915395,0.0364481,0.26777667,0.5393116,-0.8197195,-0.04661392,0.18070903
,,2.2901704,2.8902106,-9.102217,1695728262723,,-0.14477496,0.06017018,0.15783219,,,,,,-0.2791587,0.09255863,0.038528156,0.5442426,-0.8160113,-0.047572672,0.18842608
,,2.2732613,2.751906,-9.144572,1695728262974,,0.77824175,0.074830934,-0.12621993,,,,,,-0.29129383,0.05346837,0.03125582,0.5444569,-0.81641316,-0.044684216,0.18686043
,,2.2991035,2.6526036,-9.064332,1695728263224,,-3.1789403,1.705229,-0.2031889,,,,,,-0.27448323,-0.12996075,0.024945673,0.5481551,-0.8132832,-0.042702843,0.18881539
,,2.5168507,3.5897126,-8.4356575,1695728263475,,-0.36285368,-0.14752385,-0.0064904382,,,,,,-0.2647268,0.0664643,0.14205065,0.54464567,-0.797016,-0.06983741,0.22445948
,,2.727898,4.458466,-7.98166,1695728263727,,1.6157373,-0.2782489,0.050319985,,,,,,-0.19304146,0.10349666,-0.030192869,0.5398775,-0.77901256,-0.10268711,0.2623759
,,2.9108686,4.813561,-7.738629,1695728263977,,2.1197007,-0.846964,-0.09506583,,,,,,-0.054841194,0.105117224,0.022413397,0.54351825,-0.76943016,-0.11527125,0.27939147
,,2.794338,4.362833,-7.6771326,1695728264232,,-1.8790201,1.1212423,-0.44142616,,,,,,-0.14498904,-0.13807774,0.2501554,0.55046105,-0.7661632,-0.10941531,0.27235886
,,2.925385,5.08722,-7.2465034,1695728264483,,-1.9346087,0.18906265,-0.18669555,,,,,,-0.056822013,-0.00394818,0.35401553,0.5541826,-0.7532144,-0.1273792,0.2949019
,,3.040719,6.1394243,-6.6314683,1695728264733,,1.0555743,0.11148282,-0.015653409,,,,,,-0.017799608,0.19831617,0.3874233,0.5490387,-0.7351979,-0.16611871,0.33076036
,,3.0989447,5.6889353,-6.877531,1695728264983,,2.1258094,-0.8280272,0.16149737,,,,,,0.09321844,0.008991512,0.2813226,0.55585873,-0.739969,-0.1592381,0.31425482
52.54444951,13.36870524,2.5994825,4.530411,-7.656634,1695728265000,12.64657,0.1075122,0.076052666,0.3362047,,,,,,0.11834898,0.065785885,0.47496882,0.5618975,-0.76640207,-0.11640425,0.24622655
,,2.7485554,4.7157745,-7.236534,1695728265233,,-0.34941465,0.031459536,0.52068585,,,,,,0.05486179,-0.06642039,0.6033906,0.5650657,-0.75645816,-0.126771,0.26757726
,,2.7421749,4.9777884,-7.7420573,1695728265734,,0.09529491,0.13041963,0.24640758,,,,,,0.25631398,0.37125653,0.22843857,0.55198836,-0.771974,-0.12318941,0.25128162
,,2.5694127,4.333801,-8.124909,1695728265986,,-0.108123064,0.03573559,0.1645517,,,,,,0.15484166,0.2938601,0.16266029,0.5443651,-0.7876286,-0.10692622,0.22749305
,,2.576911,3.4151158,-8.853205,1695728266238,,0.055588696,0.088269964,-0.23495387,,,,,,0.22009319,0.2083018,0.07005607,0.5431376,-0.809792,-0.072152905,0.19218905
,,2.2591438,2.988556,-9.124631,1695728266491,,-0.007941242,-0.018631376,-0.08651373,,,,,,0.101470165,0.21457307,0.16504605,0.5373285,-0.82292074,-0.0542015,0.1724918
,,2.415475,3.1144977,-9.275619,1695728266743,,-0.13194679,0.08888082,-0.00160352,,,,,,0.11972506,0.2325766,-0.031245725,0.5295131,-0.8265101,-0.055887356,0.18130496
,,2.3850064,3.0523646,-9.094722,1695728266994,,-0.08796453,-0.16768238,0.24579671,,,,,,-0.046644013,0.18267155,0.011851835,0.52474564,-0.82858735,-0.056134686,0.18658009
,,2.4019952,3.041118,-9.087621,1695728267244,,0.06597339,-0.2159407,0.15172353,,,,,,-0.07850275,0.21167447,-0.011188364,0.52355963,-0.8287048,-0.055604823,0.18965027
,,2.396252,2.9186053,-9.051569,1695728267496,,-0.3555233,0.13041963,-0.14393501,,,,,,-0.11581301,0.051961873,0.02002438,0.52469957,-0.82788974,-0.053899653,0.19054686
,,2.4094126,3.0180671,-9.059863,1695728267747,,0.24068072,0.12553272,-0.06879865,,,,,,-0.12706307,0.09013457,-0.019504182,0.5261327,-0.826378,-0.053930126,0.19295056
,,2.4350162,2.965106,-9.030353,1695728267997,,0.053145237,0.15241076,-0.16714787,,,,,,-0.1728194,0.020115571,-0.005040471,0.52715737,-0.82500106,-0.053944595,0.19589858
52.54437359,13.36887792,2.2703102,2.8375685,-9.212049,1695728268000,13.702549,-0.5876519,0.12614357,0.036880963,,,,,,-0.171259,-0.1677784,-0.0447635,0.53827626,-0.81791663,-0.060823344,0.19094245
,,2.4145174,2.9986856,-9.232865,1695728268248,,-0.046425723,-1.1829396,-0.18425208,,,,,,-0.19629018,0.05433085,-0.10021095,0.5303167,-0.8227711,-0.05374477,0.19659753
,,2.1137397,3.0618563,-9.044072,1695728268749,,-0.20158538,-0.11575887,-0.13965896,,,,,,-0.13808934,-0.24995416,0.07115984,0.54700756,-0.8101397,-0.07423229,0.19173953
,,1.8745372,3.594977,-8.94469,1695728268999,,-0.0067195124,-0.03573559,0.014889829,,,,,,-0.15399876,-0.08986891,0.038919274,0.55546325,-0.8001241,-0.09506077,0.19735458
,,1.5607588,4.024009,-8.8327055,1695728269250,,-0.05497783,0.18417573,0.13461933,,,,,,-0.22983329,0.013225476,0.039660692,0.5629225,-0.7912576,-0.11521981,0.19988042
,,1.3982061,4.402076,-8.782934,1695728269503,,0.16126831,0.22510368,-0.12316561,,,,,,-0.21497335,0.04176804,-0.010599296,0.5687298,-0.78353566,-0.13443448,0.20340572
,,1.3207585,4.662016,-8.422976,1695728269753,,-0.06169734,-0.07788526,-0.014431681,,,,,,-0.14334513,-0.025032377,0.0937191,0.57488745,-0.7754187,-0.1518615,0.2086254
,,1.355215,5.119364,-8.320961,1695728270003,,0.05497783,-0.20311254,0.022831071,,,,,,-0.10495715,0.15486704,0.0772218,0.5775222,-0.76930326,-0.1626083,0.21859202
,,1.332164,5.2655663,-8.385487,1695728270255,,-0.126449,0.03084867,0.15172353,,,,,,-0.092322,0.21629305,-0.015321127,0.57790697,-0.7676421,-0.16789721,0.22000106
,,1.4697516,5.2477794,-8.382936,1695728270506,,0.08796453,-0.06750056,0.09552398,,,,,,0.02129594,0.20191176,-0.02286919,0.57497865,-0.7698577,-0.1681456,0.21959434
,,1.5421746,5.1009393,-8.349595,1695728270758,,0.0030543238,0.09682207,0.3276526,,,,,,0.08036295,0.12101272,0.06549392,0.5701675,-0.77440464,-0.16639985,0.21698852
52.5442964,13.36904309,1.4872988,4.9577694,-8.45145,1695728271000,13.406317,0.13194679,0.29962918,-0.5306124,,,,,,-0.4335921,0.14558691,-0.063359275,0.5396381,-0.7954517,-0.15408118,0.22512595
,,1.5510278,5.0783677,-8.370731,1695728271008,,-0.039095346,0.21777329,0.18471023,,,,,,0.03972452,0.16314505,0.048355993,0.5611907,-0.7813018,-0.16452976,0.2157236
,,1.4731814,5.0160737,-8.380861,1695728271258,,0.049480047,0.26603162,0.0692568,,,,,,-0.17742811,0.14808722,0.058515232,0.5489012,-0.7897546,-0.16145906,0.21782337
,,1.4661622,5.008576,-8.424969,1695728271763,,0.31154105,0.34055713,-0.7700714,,,,,,-0.6918986,0.20024891,-0.071508646,0.54345,-0.7910385,-0.14463148,0.23505773
,,1.3343178,5.0650473,-8.43143,1695728272013,,0.3866774,0.3753764,-0.956996,,,,,,-0.9463196,0.2795088,-0.087159365,0.56335694,-0.7734544,-0.13280745,0.24323858
,,1.3431709,5.140661,-8.502019,1695728272263,,0.5400045,0.16951497,-0.9337832,,,,,,-0.97587293,0.3679014,-0.15270162,0.59874785,-0.74027336,-0.11926482,0.25053787
,,1.2698709,5.103253,-8.509676,1695728272514,,0.5381719,0.19761476,-0.9056834,,,,,,-0.9072255,0.41594532,-0.05044834,0.65015453,-0.691203,-0.10435715,0.24960612
,,1.1714462,5.105406,-8.589596,1695728272766,,0.10384701,-0.40347618,-0.4878519,,,,,,-0.6861783,0.63680476,0.045566764,0.71329296,-0.62631315,-0.090241894,0.23697901
,,0.68937224,4.8177094,-8.073225,1695728273018,,-2.2131631,-1.4578288,-1.7053053,,,,,,-0.6636499,0.31354266,0.5554689,0.7752348,-0.55097985,-0.08432631,0.23181492
,,0.4110072,5.796214,-7.385688,1695728273270,,0.9101885,2.8958044,1.5334997,,,,,,-0.3397654,0.90300006,0.69069767,0.8139146,-0.4762659,-0.105043575,0.25391367
,,0.60977095,6.2578692,-6.7925863,1695728273521,,-0.45265082,0.33261588,0.05215258,,,,,,0.23152858,0.6378282,0.6304938,0.8299153,-0.4196165,-0.12638865,0.2899641
,,0.81172526,6.918767,-5.7812195,1695728273778,,-0.46547896,-0.058337588,-0.0938441,,,,,,0.6526569,0.5016671,0.6699722,0.82620555,-0.3725491,-0.14768058,0.34148136
52.5442993,13.36908269,1.6097317,9.736077,-2.4236102,1695728274000,12.752778,0.22968516,0.12186752,0.35514152,,,,,,1.5442736,0.4306803,0.08336868,0.7074739,-0.34546944,-0.27619442,0.53275806
,,0.92713904,7.7044897,-4.631308,1695728274029,,-0.15210533,-0.7797689,0.025885396,,,,,,0.87071496,0.35654503,0.6082021,0.80384195,-0.34099665,-0.17693679,0.40497908
,,1.1612369,8.578428,-3.2559137,1695728274282,,-0.40317076,-0.79320794,-0.1390481,,,,,,1.1288798,0.13493513,0.5788643,0.7616284,-0.33428252,-0.22307162,0.47474495
,,1.7814566,9.62489,-1.815275,1695728274785,,1.6646066,0.29168794,-0.012599086,,,,,,1.4780023,-0.11789449,0.07986459,0.6651386,-0.3738985,-0.30101317,0.556778
,,1.6014365,9.722676,-1.5239089,1695728275037,,0.10873393,0.7852667,0.05337431,,,,,,1.1961668,-0.077633664,0.01035105,0.6328663,-0.40521473,-0.32586166,0.55881
,,1.4687145,9.7444515,-1.3195618,1695728275288,,-0.2131918,-0.26053384,0.10102176,,,,,,0.9685667,-0.072311595,-0.059258863,0.6000789,-0.4393632,-0.3596381,0.551466
,,1.4367306,9.7813,-1.2247264,1695728275540,,-0.13133593,0.091324285,0.10407609,,,,,,0.85045236,-0.053477064,-0.12806962,0.57142663,-0.4711017,-0.39037725,0.5400604
,,1.4104892,9.77827,-1.2418749,1695728275791,,-0.75686145,-0.19761476,-0.09995275,,,,,,0.6785665,-0.060778715,-0.21623418,0.55250967,-0.49187443,-0.40491402,0.5334093
,,1.452842,9.723314,-1.189153,1695728276044,,-0.098960094,-0.29107708,8.3993905E-4,,,,,,0.5718551,-0.08512856,-0.16594155,0.5408088,-0.50646996,-0.41044968,0.52874595
,,1.5519048,9.634462,-1.2627722,1695728276294,,0.010995566,-0.07788526,0.005726857,,,,,,0.5898923,-0.17948192,-0.39910337,0.5289497,-0.51382655,-0.41999915,0.5271925
,,1.5771891,9.782018,-0.9217952,1695728276546,,-0.14782928,-0.21777329,-0.017486004,,,,,,0.55539745,-0.08020429,-0.33721206,0.51750654,-0.5121055,-0.43014252,0.5333815
,,1.4739786,9.8403225,-0.853121,1695728276800,,0.036651887,0.044287696,-0.027870705,,,,,,0.44257134,-0.050451055,-0.34565565,0.5140222,-0.5112427,-0.43237498,0.5359478
52.5442957,13.3691132,1.2284753,9.863692,-1.075813,1695728277000,10.322655,0.03604102,0.016798781,-0.0297033,,,,,,0.16618156,0.021365324,-0.21810694,0.5275494,-0.51393867,-0.4179139,0.5311835
,,1.4336196,9.812008,-0.7779066,1695728277051,,0.21563527,0.27947062,0.0692568,,,,,,0.3857451,-0.06514009,-0.24228148,0.51585895,-0.5104082,-0.4302268,0.53664666
,,1.3080764,9.871908,-0.9072785,1695728277302,,0.06658426,0.25076,-0.052305296,,,,,,0.2622163,0.02103478,-0.2559367,0.5198266,-0.51165205,-0.42604017,0.5347034
,,1.1720046,9.840962,-1.1118649,1695728277806,,0.43493572,-0.07116575,-0.019929463,,,,,,0.06413824,0.023458926,-0.054606628,0.53452784,-0.516331,-0.40937108,0.5285716
,,1.2372489,9.765029,-1.3885549,1695728278057,,-0.049480047,-0.024740024,0.0063377223,,,,,,0.13745888,-0.022955004,-0.08976024,0.542,-0.5200026,-0.40212002,0.5228854
,,1.256551,9.718291,-1.6548761,1695728278308,,-0.01282816,-0.2525926,-0.013820816,,,,,,0.19041878,-0.042343777,-0.12522253,0.54911965,-0.5236384,-0.39639097,0.51632154
,,1.1639487,9.736394,-1.8736598,1695728278560,,-0.035430156,-0.014355322,-0.04497492,,,,,,0.15494615,-0.0055415155,-0.15920964,0.55421555,-0.52757794,-0.39349896,0.5091363
,,1.1055638,9.699545,-2.0220149,1695728278811,,0.109344795,0.08032872,0.09918917,,,,,,0.17684008,-0.034958046,-0.17386141,0.5582469,-0.52959496,-0.39368257,0.5024901
,,1.1180862,9.637173,-2.226043,1695728279062,,0.10690133,-0.32772896,0.16088651,,,,,,0.22096962,-0.068405025,-0.202081,0.56320196,-0.5322129,-0.3905048,0.49663922
,,1.2242478,9.564351,-2.322075,1695728279312,,-1.4190389,-0.8665117,0.9189697,,,,,,0.29312572,-0.09303201,-0.15478964,0.5645999,-0.5386639,-0.38639635,0.4909878
,,1.1265409,9.638051,-1.9912274,1695728279563,,1.039081,-1.3991858,0.19265148,,,,,,0.12586805,-0.0024630865,0.08310035,0.5417467,-0.54957354,-0.40113318,0.4875138
,,1.073819,9.670833,-1.6332612,1695728279813,,-0.5656608,-0.16646065,1.2995385,,,,,,0.08011835,-0.011523692,0.18885517,0.5019049,-0.5689342,-0.42817485,0.47144642
52.54429509,13.3691151,1.8052253,9.811689,0.7562915,1695728280000,9.286054,-2.1471896,-1.0241148,2.4461317,,,,,,0.38778543,0.29949072,0.5210496,0.31123525,-0.60480577,-0.57628787,0.38697734
,,1.7245075,10.057194,-1.1510274,1695728280064,,-0.6688969,0.7009673,1.5866449,,,,,,0.24246968,0.4325228,0.30658987,0.44424248,-0.59083074,-0.45913965,0.45763537
,,2.4173093,9.894721,-0.28801605,1695728280315,,0.5430588,-1.095586,-3.9813876,,,,,,0.7155241,0.32245275,0.44282284,0.37969106,-0.6032106,-0.5051431,0.4376408
,,1.909632,8.961996,1.780978,1695728280815,,-0.9334014,-0.46822786,-1.9459862,,,,,,0.10463632,-0.059056282,0.014732583,0.21114698,-0.5757639,-0.6607015,0.35252482
,,1.6626925,8.378628,3.5617964,1695728281091,,0.61147565,-0.015577052,0.29038984,,,,,,-0.09027651,0.16871364,0.2547006,0.13710994,-0.5177706,-0.7382679,0.30574262
,,1.1510273,7.247062,4.878327,1695728281344,,0.16432263,-2.1279476,-0.09506583,,,,,,-0.36435708,0.20690839,0.021335857,0.09786737,-0.43370485,-0.80351716,0.28195763
,,0.48957148,5.554299,6.3026958,1695728281597,,-0.09651663,0.57879436,0.4870883,,,,,,-0.3734192,-0.23157294,-0.16632843,0.06911405,-0.3386551,-0.86283314,0.26791006
,,-0.7397012,4.380142,7.6272025,1695728281847,,0.1075122,0.69424784,0.81634444,,,,,,-1.1621262,-0.11280915,-0.0774058,0.048534866,-0.24958897,-0.9040854,0.27020139
,,-0.41539398,3.2988255,8.341939,1695728282097,,0.14294235,-0.091324285,0.6898954,,,,,,-0.85646605,-0.008483426,-0.4162746,0.03362185,-0.17252675,-0.9175789,0.31651157
,,-0.8409176,3.0101712,9.330572,1695728282436,,0.2913825,0.20127994,-0.3888918,,,,,,-0.5638945,0.4047844,0.09928452,0.05371426,-0.12220063,-0.9157786,0.35231447
,,-0.9110272,2.3611577,8.908479,1695728282713,,0.44287696,0.67653275,0.19204062,,,,,,-0.38819787,0.10613587,-0.63782847,0.07270422,-0.09739506,-0.90425515,0.39618242
,,-0.95984083,2.3902705,9.527821,1695728282975,,-0.27305657,0.37781987,0.46937323,,,,,,-0.34034204,0.110704966,-0.0721996,0.08010832,-0.0910234,-0.8879494,0.43612894
