97#1#2
key,lat,lon,ts,bike,childCheckBox,trailerCheckBox,pLoc,incident,i1,i2,i3,i4,i5,i6,i7,i8,i9,scary,desc,i10
,,,,1,0,0,0,-5,0,0,0,0,0,0,0,0,0,0,,0

=========================
97#1
lat,lon,X,Y,Z,timeStamp,acc,a,b,c,obsDistanceLeft1,obsDistanceLeft2,obsDistanceRight1,obsDistanceRight2,obsClosePassEvent,XL,YL,ZL,RX,RY,RZ,RC
52.54364042,13.36953084,-1.6228124,5.181497,-7.9977713,1694964466000,6.9362245,-2.9568145,1.5471678,0.37827802,,,,,,0.23164915,0.03823336,0.152435,-0.15687272,0.88181406,0.25782472,0.051385004
,,-1.4401602,5.905965,-7.218588,1694964466305,,-1.4088832,-0.05329795,-0.33093598,,,,,,0.1030993,0.060020924,0.23974112,-0.09181758,0.5891762,0.123310514,0.061831627
,,-1.2344571,7.086823,-5.9744787,1694964466555,,0.60819227,-0.17241658,0.06429352,,,,,,0.14539912,0.43682107,0.18194246,-0.032359652,0.31181958,-0.031183666,0.076096036
,,-0.9018549,7.6033545,-4.968856,1694964466808,,2.1866667,-0.5035053,0.54382235,,,,,,0.26377898,0.18221487,0.13913523,0.02101566,0.026724527,-0.17879526,0.08390299
,,-0.90799636,8.125308,-4.9637513,1694964467059,,1.1029928,-0.3006982,-0.10674862,,,,,,0.10422039,0.37120685,-0.04248371,0.052045684,-0.15582739,-0.25019646,0.08174355
,,-0.8142776,7.7278605,-4.4861436,1694964467310,,-2.471788,1.6400192,0.15225805,,,,,,-0.006389894,-0.20423059,0.3269135,0.07588017,-0.27860564,-0.2950924,0.07631232
,,-0.56008,8.813803,-3.9269407,1694964467560,,-1.5170063,-0.24022257,-0.085979216,,,,,,-0.08457662,0.33988908,0.34855348,0.121587425,-0.5096138,-0.4105489,0.08635664
,,-0.45001024,9.230233,-3.4965518,1694964467812,,1.3064107,-0.6159044,0.19929464,,,,,,0.057524603,0.6451725,0.09218539,0.116674714,-0.49185434,-0.43432575,0.08981645
,,-0.44841498,8.607302,-3.7543383,1694964468063,,1.725464,-0.53038335,-0.15806127,,,,,,0.02028987,0.07631936,0.09590132,0.109207936,-0.5021398,-0.42479423,0.0828418
,,-0.8348558,8.196295,-4.6966324,1694964468313,,0.25999933,0.732885,-0.18249585,,,,,,-0.22196952,0.22618757,-0.042462315,0.078649156,-0.34039184,-0.31955135,0.07317998
,,-0.7323633,7.550153,-4.1789055,1694964468563,,-1.9635484,1.6840014,-0.29794928,,,,,,-0.14811294,-0.37862587,0.45069498,0.08311146,-0.34180373,-0.31454676,0.07716088
,,-0.47314084,8.737791,-3.8407197,1694964468815,,-1.0704641,0.7402154,0.016646065,,,,,,-0.025992963,0.3057192,0.109632924,0.122368716,-0.5069996,-0.411256,0.09476649
52.54347922,13.36951316,-0.40366918,8.776633,-3.4586651,1694964469000,6.790081,0.66500264,-0.84009176,0.15714496,,,,,,0.07434352,0.20062643,0.07927629,0.12582238,-0.49241266,-0.42910063,0.09903555
,,-0.46755755,8.326385,-3.820939,1694964469319,,2.361985,-1.2163845,0.11499529,,,,,,-0.04378873,-0.08773801,0.46381605,0.12274051,-0.5114424,-0.40636414,0.09266306
,,-0.684108,7.93476,-4.75079,1694964469570,,-1.2048544,1.0829105,0.15347977,,,,,,-0.2107883,-0.024051936,0.4197566,0.087689534,-0.28610566,-0.27852708,0.08331002
,,-0.38931224,7.8991065,-3.9277387,1694964469822,,-1.7699044,-1.2518146,-0.74082625,,,,,,-0.14683375,-0.3925072,1.0260462,0.121555455,-0.46565235,-0.353303,0.09458886
,,-0.3006183,9.236217,-3.631747,1694964470074,,-0.21769693,-0.035582874,-0.27656904,,,,,,-0.15313451,0.43377355,0.44401613,0.14623255,-0.56154495,-0.4379749,0.11050648
,,-0.3499104,8.911269,-3.1519856,1694964470325,,-0.14683662,-0.15531237,0.03619374,,,,,,-0.11779024,0.067456074,0.4702297,0.14700356,-0.54665506,-0.45534426,0.11478624
,,-0.5234698,8.868519,-2.9710882,1694964470578,,0.13477205,-0.37278023,0.1669188,,,,,,-0.20962967,-0.025380118,0.5091193,0.14989315,-0.5408446,-0.4602057,0.11752025
,,-0.5475576,8.921321,-2.4493728,1694964470831,,-0.1786016,0.0151189035,0.06429352,,,,,,-0.18621325,-0.10996086,0.34924307,0.15848303,-0.51984096,-0.48213738,0.13032979
,,-0.35341987,9.458269,-1.2003196,1694964471082,,-0.20303617,-0.1375973,0.058795735,,,,,,-0.107660994,-0.10845911,0.4029817,0.20363244,-0.7304351,-0.62144417,0.15577531
,,-0.44195428,10.146685,-0.67964154,1694964471333,,-0.12912154,0.101250835,0.07284562,,,,,,-0.14170144,0.31361097,0.003657327,0.20842865,-0.6996912,-0.66107684,0.16991329
,,-0.452722,9.806186,-0.2556332,1694964471584,,0.03459022,-0.48395762,-0.1385136,,,,,,-0.112505145,-0.11061964,0.20847431,0.21187307,-0.69069916,-0.6680252,0.17716523
,,-0.5396613,9.886505,-0.089730844,1694964471836,,-0.072921984,-0.022754714,-0.20143266,,,,,,-0.22243918,-0.10563782,0.33282515,0.21505772,-0.68777275,-0.668374,0.18289976
52.5433226,13.36950868,-0.48606202,9.965628,-0.18281165,1694964472000,6.444553,-0.1297324,-0.64156073,-0.05054906,,,,,,-0.12385182,0.051255114,0.25110096,0.22294918,-0.6863311,-0.66553485,0.18882981
,,-0.508395,9.933644,-0.15704894,1694964472339,,-0.09124792,-0.30802858,0.0044287695,,,,,,-0.047836546,-0.013196643,0.30292562,0.22924757,-0.68559533,-0.66419387,0.18881516
,,-0.51852465,10.009336,-0.056709886,1694964472589,,-0.19631667,-0.016035201,0.038026333,,,,,,0.09530565,0.08721398,0.49249256,0.2321101,-0.6874216,-0.6632382,0.18108994
,,-0.4826323,10.030793,-0.2001995,1694964472841,,0.292986,-0.12782346,0.14065161,,,,,,0.26780522,0.07468392,0.52563936,0.23087761,-0.69272786,-0.6609127,0.16829011
,,-0.3412165,10.031111,-0.34249267,1694964473092,,-0.021609342,-1.0025818,0.4393645,,,,,,0.4160944,0.11299279,0.55265397,0.218838,-0.70385605,-0.6559389,0.15180677
,,-0.31433713,9.900464,-0.6813164,1694964473344,,0.005268709,2.101222,0.23777911,,,,,,0.23539276,0.07007453,0.4929294,0.1916611,-0.7158699,-0.6533008,0.13500996
,,-0.22939189,9.873583,-0.83461654,1694964473596,,1.3198497,1.0303762,-0.15073088,,,,,,0.021514129,-0.033074744,0.46430266,0.16457221,-0.7252587,-0.65288514,0.1241223
,,-0.1135793,9.700343,-1.5107485,1694964473849,,1.6399429,-1.1711805,0.08628465,,,,,,-0.070254184,-0.06728063,0.29087868,0.14554884,-0.74605477,-0.63436705,0.11533659
,,-0.24159531,9.33161,-2.8289545,1694964474100,,0.31131196,-0.21639885,-0.47937614,,,,,,-0.35549352,0.11530425,-0.0029883226,0.12003402,-0.719606,-0.5644857,0.09949887
,,-0.33044878,8.335796,-3.6453853,1694964474351,,-2.449797,2.0175335,0.2603811,,,,,,-0.49606043,-0.26104027,0.20997895,0.09494375,-0.62842613,-0.4715463,0.08709897
,,-0.3941776,8.205547,-3.982215,1694964474603,,-1.2256238,0.5563451,-0.53313226,,,,,,-0.64678663,-0.20241417,0.21370204,0.10114647,-0.6387227,-0.45371583,0.09608123
,,-0.25076783,8.770252,-4.163032,1694964474859,,1.3106867,0.02611447,0.3092503,,,,,,-0.32037476,0.32476363,-0.11019705,0.12350828,-0.6328901,-0.4522459,0.10976665
52.54317239,13.36950969,-0.32279184,8.460223,-4.3334804,1694964475000,8.535067,1.1396446,0.17211115,-0.13362667,,,,,,-0.13440381,0.13925047,-0.08727892,0.14600495,-0.6379745,-0.43880695,0.11362805
,,-0.47409794,8.392268,-4.8628526,1694964475360,,1.2001202,-0.43508843,-0.038331766,,,,,,-0.07375361,0.51925445,0.03530085,0.13390145,-0.52682334,-0.36968812,0.10294117
,,-0.41826543,7.7481995,-4.5695734,1694964475611,,-2.5340962,1.8880303,0.46074477,,,,,,0.18370798,-0.048325285,0.42497063,0.11628635,-0.40336886,-0.32432142,0.102540284
,,-0.22229323,8.683792,-4.0573497,1694964475861,,-1.5060108,-0.27137667,-0.344375,,,,,,0.18999086,0.40252382,0.31837216,0.14038107,-0.51160175,-0.3928657,0.12210587
,,-0.1597608,8.783254,-3.8496525,1694964476111,,0.19585852,0.24969098,0.12476913,,,,,,0.2614997,0.4108989,0.096041635,0.14423284,-0.4949857,-0.41056147,0.13132669
,,-0.28578275,8.444431,-3.5854852,1694964476361,,-0.0655916,0.23258677,0.1565341,,,,,,0.038275648,0.0033365886,0.31642613,0.1489752,-0.49124166,-0.409094,0.14301708
,,-0.33355948,8.820742,-3.3654253,1694964476611,,0.12560907,0.2600757,-0.101250835,,,,,,-0.18113597,0.3090755,0.2923404,0.15669575,-0.47784117,-0.4154202,0.16354415
,,-0.23026927,9.092008,-2.4219356,1694964476861,,0.07735075,0.039553493,-0.0810923,,,,,,-0.25825801,-0.021373685,0.20136982,0.19916604,-0.5664977,-0.49233449,0.20365639
,,-0.10009975,10.068678,-1.6043077,1694964477112,,0.10300707,-0.00320704,0.011148282,,,,,,-0.37284967,0.27770856,-0.02768851,0.25998992,-0.7130044,-0.5945657,0.2457721
,,-0.170688,10.073864,-1.4112071,1694964477362,,-0.051541716,0.20693044,-0.040775225,,,,,,-0.3350458,0.15823641,-0.113753885,0.28591,-0.69053036,-0.60460687,0.26776388
,,-0.17276178,9.987402,-1.4294722,1694964477614,,0.10178535,0.11530073,0.011148282,,,,,,-0.31709188,0.069965936,0.0765548,0.31118852,-0.68705004,-0.59215146,0.27915668
,,-0.14229317,9.873026,-1.5663416,1694964477864,,-0.19265148,-0.59085894,0.050243627,,,,,,-0.17340256,0.06018049,0.09642283,0.3301882,-0.6869617,-0.5822013,0.28040156
52.54302438,13.36955978,-0.032063805,9.790873,-1.5658629,1694964478000,6.372736,-0.23846634,-0.20479241,0.1962403,,,,,,0.09242727,-0.013919529,0.26684728,0.33964357,-0.68890256,-0.5774792,0.27498105
,,0.027198428,9.875259,-1.5744774,1694964478368,,-0.021609342,-0.5902481,0.11804962,,,,,,0.2341827,0.0995207,0.3143088,0.33892393,-0.693072,-0.5769798,0.26600656
,,0.07042875,9.734321,-1.7771494,1694964478619,,1.0040326,-0.28115052,-0.14950916,,,,,,0.32024848,0.04736676,0.3185009,0.32798642,-0.70326155,-0.57634246,0.2509788
,,0.08422736,9.773963,-2.377668,1694964478871,,1.8097633,-0.75945765,0.084452055,,,,,,0.36918655,0.34387723,0.24578533,0.31119525,-0.7284369,-0.55961204,0.22257271
,,-0.27613172,8.851451,-3.351228,1694964479125,,-1.2616649,0.61193377,0.15225805,,,,,,0.31499305,0.17929445,0.525155,0.24389377,-0.58191365,-0.4582701,0.17959005
,,-0.2377668,8.286583,-3.6744187,1694964479376,,-1.283656,-0.5890264,-1.0181589,,,,,,0.30556777,-0.08796296,0.9640464,0.22984228,-0.6083676,-0.4324249,0.1585784
,,-0.3448855,8.810931,-4.4189053,1694964479627,,1.1707987,0.3846921,0.61346096,,,,,,0.31422514,0.5908001,0.43979597,0.22187026,-0.61503255,-0.43284276,0.1446219
,,-0.46428737,8.462696,-4.3050866,1694964479878,,2.5599053,-0.879798,-0.30955574,,,,,,0.25116947,0.31191722,0.84080863,0.21149693,-0.6261605,-0.4278679,0.12975493
,,-0.5560122,7.593304,-5.1228733,1694964480129,,1.9814162,0.018173227,-0.095142186,,,,,,0.16676955,0.50565237,0.81643194,0.20498018,-0.654382,-0.38398787,0.109765574
,,-0.4018347,6.210651,-5.6961145,1694964480380,,-2.4522402,1.9155192,0.034361143,,,,,,0.11171874,-0.064164646,0.9518938,0.206062,-0.6737348,-0.32933527,0.105353914
,,0.35485557,6.8283987,-5.4110503,1694964480631,,-1.9372813,-0.1339321,-0.33826637,,,,,,0.1393053,0.21010944,0.60621834,0.25917757,-0.8492385,-0.3924309,0.14408125
,,0.62755764,7.3872824,-5.578547,1694964480885,,1.2813653,-0.364839,0.19196425,,,,,,0.06391269,0.6055527,0.14421679,0.25931832,-0.84136283,-0.39983988,0.16440266
52.54288648,13.36955508,1.0289137,6.425767,-5.8518066,1694964481000,5.6661916,2.302731,-0.879798,0.30863944,,,,,,-0.06455341,0.042491212,0.5484306,0.2604122,-0.8636916,-0.35495535,0.17223701
,,1.2320645,5.3354363,-6.898587,1694964481387,,-0.3343721,0.0035124724,0.37949973,,,,,,-0.054841135,0.05014997,0.3139899,0.26913214,-0.89163744,-0.28023705,0.16429342
,,1.615315,5.28064,-6.9734035,1694964481639,,-2.4449098,0.04016436,-0.7145591,,,,,,-0.015897846,-0.19188075,0.46264425,0.27789694,-0.8946344,-0.25475344,0.17690803
,,1.7747568,6.6197433,-6.412206,1694964481892,,-0.02527453,0.07009673,-0.021227552,,,,,,-0.0027190486,0.3529369,0.3038276,0.2805382,-0.8755385,-0.29858503,0.20181586
,,1.8274784,6.717211,-6.4282384,1694964482143,,1.6124539,0.8636101,0.46746427,,,,,,0.14959161,0.2994299,0.2937327,0.2782511,-0.8722845,-0.3111373,0.19783802
,,1.895674,5.9909906,-6.8635716,1694964482393,,2.032118,-0.64461505,0.010537418,,,,,,0.2419732,0.10731066,0.4729977,0.27509844,-0.891855,-0.27223673,0.18202606
,,1.6488941,4.925945,-6.9681387,1694964482644,,-2.1742969,1.5587742,0.048411034,,,,,,0.09044419,-0.20113115,0.709532,0.26826635,-0.90529287,-0.23490691,0.16387519
,,1.8868203,5.815437,-6.884869,1694964482897,,-2.0484586,-0.03619374,-0.5508473,,,,,,-0.011566118,0.116109684,0.5817488,0.2613421,-0.8971271,-0.26207802,0.1858374
,,1.8323437,6.632585,-6.3200827,1694964483148,,0.90995944,0.25702137,0.16508621,,,,,,-0.040317945,0.26105788,0.41047752,0.25728473,-0.8788813,-0.30922318,0.20127763
,,2.0681963,6.471549,-6.774241,1694964483398,,2.7902012,-0.18952079,0.640339,,,,,,0.0079387585,0.27858937,0.36158288,0.2562311,-0.8851728,-0.29552236,0.20118941
,,1.8936799,5.435616,-7.22417,1694964483649,,-0.14500403,0.5129737,-0.20815217,,,,,,-0.18460633,0.13148655,0.42316094,0.25455797,-0.9027192,-0.24660578,0.18825072
,,1.8198211,5.067519,-7.216912,1694964483899,,-2.539594,0.6363684,-0.9149227,,,,,,-0.30410254,0.08055282,0.58874005,0.2573168,-0.9046177,-0.23241837,0.18933415
52.5427438,13.36959453,2.112862,6.343533,-6.7072406,1694964484000,4.364967,-1.049084,-0.110108376,-0.6339249,,,,,,-0.17064787,0.339262,0.3071708,0.2644016,-0.8839358,-0.28194314,0.21528861
,,1.795574,6.6469426,-6.1467624,1694964484400,,0.5483275,2.1739151,0.13637556,,,,,,-0.15234666,0.2061207,0.3502114,0.27063426,-0.8649252,-0.3188753,0.21751107
,,1.8419948,6.871309,-6.020741,1694964484652,,-0.36247188,-0.6892082,-0.04016436,,,,,,0.05079637,0.33224672,0.4103044,0.27676174,-0.8591737,-0.32616118,0.21568081
,,1.3843277,6.976354,-5.220421,1694964484902,,-0.19692753,-0.56703526,-0.038331766,,,,,,3.2423338E-4,0.112478115,0.546349,0.27875277,-0.8436188,-0.35642377,0.21564242
,,1.2617356,8.168379,-4.33739,1694964485153,,0.037644543,0.030390523,0.0013744457,,,,,,0.005348857,0.17034708,0.4972145,0.28025976,-0.8158781,-0.42218325,0.23148504
,,1.2021542,9.17799,-3.7971702,1694964485405,,0.081015944,-0.09605849,-0.06276636,,,,,,0.08756638,0.24772875,0.092698544,0.2816188,-0.78936595,-0.48305815,0.24645296
,,0.8800005,9.388879,-3.5594833,1694964485657,,-0.049709123,-0.42042768,-0.059712034,,,,,,0.076123014,0.32866827,0.14886585,0.2820002,-0.7792721,-0.502231,0.24637413
,,1.0033904,9.498151,-3.6052659,1694964485907,,0.03886627,-0.26710063,-0.082924895,,,,,,0.109864995,0.36403313,0.07870707,0.2826971,-0.77926624,-0.50169694,0.2466568
,,0.77184486,9.404353,-3.5706496,1694964486159,,-0.19814926,-0.5566505,-0.05299252,,,,,,-0.13520865,0.18920659,0.14012662,0.28147757,-0.7792806,-0.50268006,0.24608994
,,0.8889337,9.392787,-3.6187456,1694964486410,,-0.1957058,0.35109454,-0.057879437,,,,,,-0.11277821,0.17117427,0.15226322,0.28203094,-0.7798132,-0.5016995,0.24579355
,,0.9456434,9.441519,-3.6799223,1694964486662,,0.0193186,-0.2695441,-0.05054906,,,,,,-0.054835968,0.30758527,0.13615069,0.28485093,-0.78033704,-0.49992314,0.24463005
,,0.8740184,9.383773,-3.5645082,1694964486913,,-0.17554727,-0.19379686,-0.009010255,,,,,,-0.18613711,0.23281723,0.29341394,0.28462684,-0.7817139,-0.49902198,0.24237616
52.54259987,13.3696109,1.0155938,9.206624,-3.4990242,1694964487000,3.7900925,0.24350597,0.045662142,0.0697913,,,,,,-0.042535543,0.17536965,0.19959694,0.28003246,-0.7832423,-0.50070846,0.23923706
,,0.9600006,9.129576,-3.474857,1694964487416,,0.106672265,0.018784093,0.023365578,,,,,,-0.10531174,0.08868857,0.23811343,0.27395096,-0.7833252,-0.50465703,0.23766512
,,1.0587444,9.161958,-3.4077785,1694964487668,,0.27221662,0.5593994,-0.1311832,,,,,,-0.052917182,0.13801453,0.21617025,0.27166224,-0.78123575,-0.50820416,0.23952578
,,1.1018949,9.186046,-3.4636106,1694964487919,,0.18547381,0.24174973,0.047189303,,,,,,-0.075913936,0.11927327,0.10474203,0.2725635,-0.77911574,-0.5094174,0.24268796
,,1.0903295,9.165468,-3.4703903,1694964488171,,-0.08880447,-0.70875585,-0.13668099,,,,,,-0.12987652,0.031928573,0.06578982,0.27342284,-0.7774261,-0.51032746,0.24520068
,,1.1015757,9.210215,-3.4073796,1694964488422,,0.081015944,-0.14859286,0.10216714,,,,,,0.09067413,0.105484694,0.025759595,0.27490443,-0.77573293,-0.51203865,0.24536154
,,0.94891363,9.282636,-3.4959939,1694964488675,,-0.068035066,-0.09117157,-0.07315106,,,,,,-0.11274394,-2.7852057E-4,0.115563,0.27878666,-0.7744728,-0.51108974,0.24701247
,,0.941815,9.310871,-3.4906502,1694964488929,,-0.057650365,0.07742711,-0.11285727,,,,,,-0.0708621,0.0607539,0.11603678,0.28534934,-0.77311116,-0.5098226,0.2465352
,,0.92689973,9.2253685,-3.519284,1694964489182,,-0.03199404,0.39446592,0.06856957,,,,,,-8.040557E-4,0.005393235,0.052800663,0.2892333,-0.7722996,-0.5104658,0.24321471
,,0.80135643,9.48459,-3.4458244,1694964489435,,-0.16149737,0.07192933,-0.15439607,,,,,,0.039703567,0.22965401,0.09902944,0.28949347,-0.7716736,-0.51356596,0.23825
,,0.66895336,9.408259,-3.3093534,1694964489686,,0.03092503,0.8629992,0.093615025,,,,,,0.09278014,0.16244891,0.23378725,0.29023996,-0.7711886,-0.51620406,0.23317295
,,0.56486565,9.359924,-3.4058638,1694964489936,,0.21296273,1.4518728,0.33918267,,,,,,0.053433325,0.23396687,0.069077544,0.28894112,-0.7724571,-0.51740146,0.22769327
52.54246613,13.36962743,0.60203415,9.176157,-3.3205998,1694964490000,3.7900925,-0.12912154,-0.27870706,0.12110394,,,,,,0.11838404,0.080385715,0.13862155,0.28375354,-0.7751079,-0.5185419,0.22221321
,,0.59421766,9.199686,-3.2833512,1694964490440,,-0.18165591,0.26374087,0.031917684,,,,,,0.10566591,0.10882947,0.10810693,0.2754659,-0.7785021,-0.5194829,0.2183242
,,0.65403813,9.32818,-3.3464417,1694964490692,,-0.22319472,-0.4754055,0.008093959,,,,,,0.12524539,0.15322298,0.03328914,0.26754677,-0.7814627,-0.5194887,0.21750376
,,0.74951184,9.004111,-3.3617566,1694964490942,,0.234343,-0.12476913,0.053908817,,,,,,0.110026754,-0.10409465,-0.027196193,0.26034504,-0.7835009,-0.51972806,0.21835878
,,0.6972685,8.933921,-3.2287157,1694964491192,,-0.28672466,-0.56520265,-0.3205513,,,,,,-0.040522344,-0.2093444,0.1119318,0.25455302,-0.7840279,-0.52066714,0.22129257
,,0.7836493,9.196177,-3.2891738,1694964491444,,0.18608469,0.3113883,-0.20326525,,,,,,-0.07227858,-0.037977997,0.030070813,0.25293118,-0.7809163,-0.5241497,0.225836
,,0.7410573,9.374043,-3.3081567,1694964491694,,-0.027107125,0.22586726,-0.019394957,,,,,,-0.11281415,0.0491522,-0.056976482,0.25675756,-0.77677524,-0.5267121,0.22975235
,,0.75094765,9.4814005,-3.346522,1694964491945,,0.067576915,0.11346813,0.027641632,,,,,,-0.046857994,0.12744321,-0.15082833,0.26152265,-0.7734888,-0.52823377,0.23215826
,,0.6407182,9.426284,-3.3250663,1694964492195,,-0.10102176,-0.041691523,-0.032223117,,,,,,-0.09331169,0.16744235,-0.09348727,0.2662935,-0.77153856,-0.5286114,0.232582
,,0.52442694,9.434819,-3.2458634,1694964492448,,-0.08697187,0.28451028,0.015424335,,,,,,-0.1679814,0.15861486,0.011851605,0.2720033,-0.769737,-0.528614,0.23221497
,,0.5704489,9.649694,-3.4351358,1694964492699,,-0.018555017,-0.07040217,-0.02611447,,,,,,-0.0416534,0.35962975,-0.19087535,0.27627409,-0.7683085,-0.5293753,0.23030576
,,0.52139604,9.473184,-3.2689943,1694964492953,,0.064522594,0.3046688,0.113162704,,,,,,-0.06581779,0.11574849,0.032765962,0.27893075,-0.7685337,-0.5285256,0.2283642
52.54233718,13.36962472,0.6054638,9.39853,-3.2823148,1694964493000,6.302859,-0.035048366,-0.12232567,-0.032223117,,,,,,0.044639986,0.1003439,0.07696236,0.27933773,-0.7689115,-0.52848774,0.22668295
,,0.5594419,9.409058,-3.3403804,1694964493459,,0.064522594,-0.19868377,0.13271037,,,,,,-0.0045076925,0.07239583,0.09083373,0.2783099,-0.76898766,-0.5297087,0.22476676
,,0.5078367,9.307042,-3.241477,1694964493710,,0.1805869,0.33093598,0.022754714,,,,,,-0.07820856,-0.06794192,0.18678875,0.27699384,-0.7689794,-0.53081685,0.22374415
,,0.5088735,9.4439125,-3.2307892,1694964493962,,-0.009392046,-0.075289086,-0.1763872,,,,,,-0.048504233,0.022192223,0.2527342,0.2750474,-0.7699942,-0.5307227,0.22283803
,,0.4933202,9.310153,-3.2402806,1694964494213,,0.11400264,0.17455462,0.057574004,,,,,,-0.037424322,-0.13763574,0.22728494,0.27312088,-0.77121526,-0.5304009,0.22179241
,,0.5239484,9.376514,-3.2650068,1694964494464,,-0.33192864,-0.27259842,-0.09392046,,,,,,-0.010537494,0.0010366599,0.20209941,0.27095857,-0.7719324,-0.5305814,0.2215965
,,0.45671004,9.346765,-3.2262423,1694964494717,,-0.046043932,-0.113162704,-0.028557928,,,,,,-0.022275042,0.009036112,0.15623632,0.26929754,-0.77092963,-0.5334788,0.22013275
,,0.43597224,9.282556,-3.1031718,1694964494968,,0.093233235,0.1452331,0.12782346,,,,,,-0.03527418,-0.067879185,0.19744276,0.26931232,-0.7688336,-0.5365955,0.21974133
,,0.47688955,9.415279,-3.1230326,1694964495218,,-0.017944153,0.25213444,0.06307179,,,,,,0.06090235,0.0366066,0.111839294,0.27033514,-0.76717955,-0.5386705,0.2192138
,,0.47338006,9.413844,-3.1787856,1694964495468,,0.03459022,-0.15347977,0.21639885,,,,,,0.09991986,0.039046668,1.9067923E-4,0.27064186,-0.7658097,-0.54119885,0.21747307
,,0.46875393,9.493764,-3.0282772,1694964495718,,-0.31299183,-0.0013744457,-0.10613775,,,,,,0.049432576,0.1724663,0.05406267,0.26727268,-0.76451,-0.54540646,0.21545367
,,0.29742786,9.701619,-2.9061625,1694964495969,,0.5122865,0.26251915,-0.24541493,,,,,,-0.049094137,0.21923265,0.086251974,0.26346704,-0.7593122,-0.5555791,0.21151419
52.54222053,13.36961865,0.26887354,9.824691,-2.7079568,1694964496000,7.209032,1.4908918,0.08353576,0.07834341,,,,,,-0.00561198,0.23573844,0.1547891,0.26253495,-0.7551796,-0.56276965,0.20791255
,,0.30149564,9.645069,-2.9028125,1694964496474,,2.8060837,-1.322064,0.4741838,,,,,,0.13901652,0.28808537,0.34132826,0.26370043,-0.7666568,-0.5468293,0.1976776
,,-0.080638155,8.879523,-3.7831323,1694964496724,,-0.29649848,0.1470657,0.4723512,,,,,,-0.009477039,0.40621668,0.37602526,0.22775505,-0.66893005,-0.46920878,0.16519646
,,-0.27549365,7.8028355,-4.577231,1694964496974,,-0.005726857,0.039553493,-0.1470657,,,,,,-0.016160505,0.2638373,0.53422296,0.21838368,-0.7003635,-0.41314426,0.1308792
,,-0.5406982,6.9659853,-5.7625556,1694964497224,,-0.3606393,0.27229297,-0.016951498,,,,,,-0.12700774,0.28599733,0.38102785,0.21725108,-0.7308414,-0.35501468,0.10111218
,,-0.5280959,5.9017377,-6.6842704,1694964497475,,0.24594943,-0.056963142,-0.14462224,,,,,,-0.06020143,0.11934622,0.4998412,0.22204505,-0.76291656,-0.29449514,0.07758875
,,-0.65770715,4.9593644,-7.740941,1694964497725,,-0.023441937,-0.116217025,-0.010231985,,,,,,-0.11642741,0.110316105,0.5249352,0.22735384,-0.7945314,-0.23291641,0.050313707
,,-0.81675017,4.2554755,-8.473144,1694964497977,,-0.045433067,-0.28542656,0.12171481,,,,,,-0.16421041,0.095264345,0.3826546,0.22773321,-0.8122481,-0.1930257,0.028136224
,,-0.61886376,4.2780476,-8.562796,1694964498227,,-0.0032833982,-0.056963142,-0.27595815,,,,,,-0.040403645,0.07890257,0.32497415,0.26130798,-0.9390888,-0.21813281,0.028811485
,,-0.6192625,4.6119266,-8.596934,1694964498479,,0.20624322,-0.20295982,-0.1556178,,,,,,-0.0433167,0.3260406,0.24310192,0.26981768,-0.93543,-0.224227,0.03266803
,,-0.56502515,4.6955953,-8.232427,1694964498729,,-0.0692568,0.013897174,-0.101250835,,,,,,0.083878234,0.33858556,0.5369041,0.27381152,-0.9327944,-0.23086473,0.031706028
,,-0.7684948,4.8963537,-8.289697,1694964498980,,0.049861837,0.114689864,0.06307179,,,,,,-0.0040972233,0.50920206,0.42610332,0.27242145,-0.93267614,-0.23398341,0.025967414
52.54210468,13.36965929,-0.94117683,5.1248674,-8.287223,1694964499000,7.4029813,0.36140287,0.07987057,-0.3413207,,,,,,-0.12960503,0.68445694,0.41008738,0.26947975,-0.9328009,-0.23737535,0.024399478
,,-1.1249459,5.1338816,-8.289934,1694964499482,,0.5287798,0.072540194,-0.9320269,,,,,,-0.24562076,0.7890713,0.43654552,0.25428814,-0.86948884,-0.22259042,0.022694176
,,-1.3665409,4.8061438,-8.283633,1694964499732,,0.043142326,0.42195484,-0.114079,,,,,,-0.3450042,0.7290782,0.558606,0.14188948,-0.5639369,-0.15847144,0.02082308
,,-1.5471991,4.4515276,-8.469714,1694964499983,,-0.13095413,-0.07223476,0.019089524,,,,,,-0.3855676,0.68470854,0.51436174,0.02594306,-0.26009685,-0.0941516,0.01679387
,,-1.6310275,4.096432,-8.714261,1694964500233,,-0.008781182,0.3810269,0.20051636,,,,,,-0.44689998,0.65888923,0.39912298,-0.033049993,-0.07542298,-0.047414917,0.013327826
,,-1.5275779,3.7480376,-8.849775,1694964500483,,0.074907295,-0.0820086,-0.12140937,,,,,,-0.4234416,0.61587703,0.40956336,-0.009170163,-0.07016537,-0.030548066,0.01307172
,,-1.5137795,3.376911,-9.01807,1694964500733,,0.10361794,0.08659008,-0.4085158,,,,,,-0.39795715,0.5213317,0.35682496,0.015030984,-0.0637793,-0.016565006,0.011895337
,,-1.5453645,3.1323647,-9.095358,1694964500984,,0.09689843,0.2612974,-0.44516772,,,,,,-0.4102806,0.48164615,0.3076076,-0.0344699,0.056469012,0.009555853,0.011828979
,,-1.3908678,3.056193,-9.233663,1694964501233,,-0.0570395,-0.85108733,-0.47204575,,,,,,-0.16037112,0.4639744,0.14673077,-0.050896503,0.04767474,0.009126711,0.012910719
,,-1.7254643,2.9203606,-9.121121,1694964501484,,-0.18654284,-0.006261364,0.18585561,,,,,,-0.19154301,0.36336854,0.1480822,-0.067733005,0.035605367,0.018789629,0.024482518
,,-2.1055245,2.838366,-9.009375,1694964501736,,-0.021609342,0.16111559,0.025198173,,,,,,-0.16284595,0.27548012,0.15113468,-0.14147343,0.14200802,0.0499832,0.036927268
,,-2.4693134,2.696791,-9.026364,1694964501986,,-0.2115883,0.05665771,0.0013744457,,,,,,-0.05532341,0.12814799,0.05078373,-0.2983702,0.42813513,0.11091743,0.043293227
52.54202902,13.36976842,-2.611447,2.603949,-8.997172,1694964502000,7.526074,-0.23113596,0.13301581,-0.004734202,,,,,,0.09544602,-0.018424487,-0.02340719,-0.4588018,0.7124766,0.17286342,0.046784338
,,-2.638326,2.5299315,-8.983056,1694964502493,,-0.40278897,-0.03619374,0.087506376,,,,,,0.25035515,-0.25859347,-0.072552875,-0.49555486,0.7657388,0.18895294,0.046627704
,,-2.6969502,2.724787,-8.859507,1694964502745,,-1.0435861,1.1946988,-0.29672757,,,,,,0.13770853,-0.34675077,-0.07904294,-0.31309584,0.495448,0.12500444,0.051831774
,,-1.9176084,3.3031323,-8.645748,1694964502997,,-0.85238546,0.88499033,-0.5245801,,,,,,0.2885847,-0.37395528,-0.12845849,-0.12274482,0.23966826,0.05114786,0.07783687
,,-1.0695122,4.1938205,-8.189118,1694964503248,,-0.71433,0.8642209,-0.5771145,,,,,,0.42895755,-0.3505207,-0.18450622,0.07045886,-3.8527648E-4,-0.03258239,0.12516125
,,-0.6120043,5.418946,-7.406823,1694964503498,,-0.35086545,-0.33735007,-0.29794928,,,,,,0.37605134,-0.092613444,-0.2316652,0.2654546,-0.22690198,-0.12413065,0.18655051
,,-0.40534416,6.585287,-6.2810807,1694964503748,,-0.14500403,0.39813113,-0.34926194,,,,,,0.20084248,0.010472203,-0.16602978,0.4596997,-0.44459537,-0.22573815,0.2568079
,,-0.26057836,7.825248,-5.0431128,1694964503999,,0.0834594,-0.364839,-0.22403465,,,,,,0.12469255,0.23013836,-0.03681128,0.6212438,-0.59966546,-0.31619206,0.3334332
,,-0.22843483,8.896195,-3.8037903,1694964504253,,0.43959355,-0.549931,0.19807291,,,,,,0.09704902,0.44156143,0.10840966,0.63103837,-0.5438001,-0.35225722,0.39852718
,,-0.3641876,9.380264,-3.1985662,1694964504503,,1.3571124,-0.6458368,0.71119934,,,,,,0.25906333,0.4210128,0.05702218,0.63302326,-0.5125872,-0.38491973,0.42238495
,,-0.4599802,9.529576,-3.1879575,1694964504753,,1.7230204,-0.4809033,0.34162614,,,,,,0.22666168,0.55894446,0.04490961,0.6263973,-0.5178253,-0.3938546,0.4159387
52.54200877,13.3698364,-0.20027927,7.96491,-4.6171107,1694964505000,7.5457177,-1.8603123,1.0157154,-0.3346012,,,,,,0.48817527,0.09936746,0.30819303,0.6066386,-0.59606373,-0.36130983,0.32545313
,,-0.4669992,8.906964,-4.006941,1694964505004,,-0.55611604,0.24297146,0.16386448,,,,,,0.23861411,0.5187174,0.099137135,0.6162091,-0.5539227,-0.37989786,0.36988804
,,-0.026321046,7.9377117,-5.1103506,1694964505504,,-1.6966006,0.308334,0.2952004,,,,,,0.53119826,0.21199623,0.20094493,0.590616,-0.63266253,-0.35922146,0.29932407
,,0.20091738,8.1332035,-5.2788844,1694964505755,,0.9973131,-0.85475254,0.20234896,,,,,,0.6270125,0.37230343,0.06471295,0.5680886,-0.6574291,-0.36923644,0.2875143
,,0.1697309,8.169255,-5.2874203,1694964506006,,2.0614395,-0.39477137,0.10155627,,,,,,0.4371439,0.43466952,0.15477858,0.5506686,-0.67862916,-0.37058374,0.27758136
,,-0.18815562,7.8531637,-5.663253,1694964506256,,-0.0014508038,0.43233955,0.20662501,,,,,,0.40437213,0.57511026,0.23670517,0.5420924,-0.6989764,-0.3622877,0.24331863
,,-0.11700905,7.5605216,-4.854957,1694964506509,,-1.9965352,0.53496486,-0.5233584,,,,,,0.5121689,0.14141636,0.7451948,0.5346214,-0.7022019,-0.36713025,0.24360994
,,-0.28889343,8.80136,-4.38732,1694964506760,,-1.1981349,-0.057574004,0.10461059,,,,,,0.37734455,0.9570936,0.6170098,0.52116334,-0.6899195,-0.39800733,0.2611569
,,-0.34672,8.816993,-3.788875,1694964507011,,0.117056966,0.018784093,0.084452055,,,,,,0.3685092,0.8066808,0.7299836,0.50478655,-0.6820548,-0.42195684,0.26715696
,,-0.44729832,8.588479,-3.5361931,1694964507265,,0.17753258,0.048716467,0.064904384,,,,,,0.22215523,0.5313066,0.8586604,0.4904806,-0.6886738,-0.43065113,0.26122797
,,-0.4922036,8.726146,-2.967579,1694964507516,,-0.03138318,-0.08872811,-0.018784093,,,,,,0.1339853,0.52400374,1.0128266,0.47069448,-0.6864488,-0.45003822,0.2642273
,,-0.30843487,9.223294,-1.7895124,1694964507766,,0.18364123,-0.06307179,-0.04138609,,,,,,0.07942502,0.2597262,1.0472633,0.44570872,-0.6646789,-0.49682277,0.29917717
52.54195438,13.36988931,-0.469392,9.86489,-0.6166303,1694964508000,9.617134,0.07063124,-0.51633346,0.04046979,,,,,,-0.124094754,0.13337803,0.80907816,0.4004783,-0.6412499,-0.5665146,0.32592586
,,-0.43501517,10.1434145,-1.1097114,1694964508017,,-0.12484549,-0.17302746,-0.08842268,,,,,,-0.08404927,0.5549864,0.74114364,0.4198596,-0.6444414,-0.5460302,0.32546023
,,-0.5477171,9.867841,-0.44139603,1694964508526,,-0.0032833982,-0.044745844,-0.020005822,,,,,,-0.1955917,0.123872295,0.9287418,0.38490936,-0.64870685,-0.57572466,0.3134685
,,-0.57443696,9.912827,-0.34616163,1694964508777,,-0.046654798,-0.19807291,0.060017463,,,,,,-0.18032032,0.16869207,0.9887227,0.37051877,-0.65534997,-0.5844908,0.29955485
,,-0.622134,9.988997,-0.31306088,1694964509030,,0.1476002,-0.053908817,0.1339321,,,,,,-0.16097473,0.23099834,0.97769815,0.35575786,-0.661658,-0.59380287,0.2838892
,,-0.711147,9.999605,-0.26305097,1694964509284,,0.04253146,-0.09850194,-0.0029016077,,,,,,-0.19852868,0.23117477,1.0018325,0.34015834,-0.6687567,-0.60230035,0.26800108
,,-0.7050054,9.953105,-0.29734808,1694964509536,,-0.06436988,-0.274431,0.0697913,,,,,,-0.1762241,0.17460868,0.90333056,0.3218687,-0.674855,-0.6121561,0.25273365
,,-0.6732605,10.012925,-0.40646082,1694964509787,,0.124998204,-0.17180572,0.16081016,,,,,,-0.19893707,0.20497519,0.7175043,0.3014182,-0.68137753,-0.62117577,0.23906568
,,-0.46979094,10.106089,-0.7710473,1694964510040,,0.7242566,-0.023976443,-0.031001387,,,,,,-0.10715566,0.25826496,0.34849557,0.2828869,-0.6888169,-0.62544894,0.22991334
,,-0.3574079,9.765987,-1.4021941,1694964510291,,0.94416785,-0.030695954,0.62873256,,,,,,-0.14011411,-0.096128464,-0.024674479,0.26513183,-0.70290476,-0.6205153,0.21957073
,,-0.19046865,9.596176,-2.2411973,1694964510542,,2.2978442,-0.6959277,-0.50197816,,,,,,-0.31415215,-0.07756821,-0.23659697,0.24946304,-0.72812814,-0.59538513,0.2118876
,,-0.30277187,8.828717,-3.6307096,1694964510797,,-0.8701005,0.9808961,-0.8306234,,,,,,-0.47042835,-0.23859106,-0.5986951,0.24772532,-0.7628313,-0.5447561,0.19043186
52.54186312,13.36995211,0.017866416,8.102257,-4.978507,1694964511000,6.561591,-1.7949498,0.75609785,0.011759147,,,,,,-0.5394618,-0.6301636,-0.75654995,0.29655772,-0.781846,-0.47085893,0.21423027
,,-0.063409805,8.066923,-4.435336,1694964511048,,-1.7271438,0.84345156,-1.0499239,,,,,,-0.46611077,-0.69721854,-0.56172425,0.26753137,-0.7829844,-0.49837083,0.1923318
,,0.050807603,8.109835,-5.022695,1694964511548,,0.7792344,0.45249808,0.04963276,,,,,,-0.5445629,-0.5997063,-0.8005161,0.32909948,-0.7648523,-0.45254076,0.24747276
,,0.016350955,8.480403,-5.1172104,1694964511800,,2.9759042,-0.31474808,0.29642212,,,,,,-0.6248469,-0.1688269,-0.6895539,0.3764886,-0.7477637,-0.42620572,0.27562198
,,-0.19126628,7.84463,-5.344529,1694964512053,,-1.4094942,1.4708097,-0.0108428495,,,,,,-0.51576006,-0.35830036,-0.40038165,0.43442735,-0.7357245,-0.39277846,0.27266344
,,0.12522441,8.23115,-4.530411,1694964512303,,-0.9690606,-1.8260275,-1.2991567,,,,,,-0.40116578,-0.32198992,0.10429243,0.4831756,-0.6973216,-0.3896643,0.31379226
,,0.0820738,9.300901,-4.2304306,1694964512555,,2.3320527,-0.07284562,0.29947644,,,,,,-0.48288056,0.52001643,-0.12016162,0.5101719,-0.65608376,-0.3966112,0.35288423
,,0.24606194,9.122077,-4.3545384,1694964512808,,3.9771116,-0.8327614,-0.057268575,,,,,,-0.37695727,0.63321817,0.26074475,0.5457536,-0.6428197,-0.35983887,0.35933435
,,0.17220348,7.1980085,-5.4703116,1694964513061,,-2.110767,0.6101012,0.20051636,,,,,,-0.5360201,0.1549956,0.83152336,0.59618825,-0.65035856,-0.28415442,0.31626776
,,0.5627919,6.759086,-5.756892,1694964513313,,-1.6196316,-0.6146827,-0.9918917,,,,,,-0.566146,0.102602676,0.8626899,0.6324176,-0.63181627,-0.22641139,0.32303607
,,0.9258629,7.4309907,-5.5191255,1694964513566,,2.0388377,-0.10583232,-0.055435978,,,,,,-0.6576685,0.33090279,0.5464179,0.6610309,-0.58023113,-0.2058192,0.37480325
,,1.2380464,7.05779,-6.157531,1694964513816,,2.2465315,-0.5389354,0.10583232,,,,,,-0.65202194,0.4076799,0.22724348,0.69962823,-0.5493476,-0.16023189,0.3705552
52.54179215,13.37003166,1.6063815,5.3018565,-6.8876615,1694964514000,7.8271775,-1.1602613,-0.54626584,-0.4641045,,,,,,-0.82247216,-0.12471369,0.46575642,0.7702803,-0.51354814,-0.052389357,0.33100942
,,1.3641478,5.2742596,-6.6577106,1694964514068,,-2.6464953,2.1366522,-0.9619593,,,,,,-0.770009,-0.23674658,0.67330706,0.74536544,-0.54336333,-0.08813774,0.32347378
,,1.8612173,7.0526843,-6.3739214,1694964514571,,1.8684063,0.73960453,0.48334676,,,,,,-0.86776805,0.52692574,0.016756233,0.77981144,-0.46698073,-0.058587607,0.3820311
,,1.7983658,6.558726,-6.7167335,1694964514822,,1.6637666,-0.11377356,0.37033677,,,,,,-0.72012496,0.4901975,0.2827153,0.8046913,-0.4449271,-0.046244737,0.35547933
,,1.9298116,5.307201,-7.121041,1694964515073,,-2.928104,0.67790717,-1.3529128,,,,,,-0.6281694,0.07331403,0.5727612,0.82701284,-0.44429982,-0.01588312,0.30698296
,,1.862972,6.1040106,-6.60778,1694964515323,,0.48357582,0.107359484,-0.10674862,,,,,,-0.6109559,0.4830232,0.7736752,0.8255625,-0.42435858,-0.02480365,0.33055812
,,2.0252852,7.3828945,-6.5868835,1694964515574,,2.4823253,-0.47296205,0.94149536,,,,,,-0.31685314,0.95367086,0.43232042,0.8259671,-0.3948327,-0.04084434,0.37068585
,,1.8303498,6.3408203,-6.7405014,1694964515826,,-0.646524,0.3339903,0.1669188,,,,,,-0.36481848,0.6392624,0.8343212,0.8425807,-0.39302796,-0.02978743,0.3287781
,,2.008535,5.595855,-6.984091,1694964516079,,-2.4015386,-0.7166971,-1.0340414,,,,,,-0.24967808,0.36489248,1.0636185,0.855372,-0.39557973,-0.0069343303,0.297518
,,2.0063016,6.3907504,-6.4699535,1694964516329,,1.7541746,0.58200145,0.37094763,,,,,,-0.20022552,0.52175945,0.88089657,0.8455166,-0.37922573,-0.02112526,0.33707812
,,2.0776877,7.29779,-6.2595444,1694964516579,,2.484158,-1.3171772,0.38683012,,,,,,-0.042631086,1.068804,0.82835174,0.8452591,-0.36314556,-0.03025826,0.36236367
,,1.9110676,5.724111,-6.714819,1694964516829,,-2.413145,1.1140647,-0.26190826,,,,,,-0.099457994,0.46153826,1.0075955,0.8619702,-0.37146023,-0.012264072,0.30636612
52.5418121,13.37024453,2.0601404,6.686823,-6.467321,1694964517000,5.356729,2.1194718,0.3914116,0.35201082,,,,,,0.020614393,0.71682066,0.732104,0.855114,-0.3542348,-0.021852903,0.3445646
,,1.8991034,5.619783,-6.690013,1694964517079,,-1.7558545,-0.14553854,-0.4298961,,,,,,-0.17926072,0.48936626,1.1543472,0.8663502,-0.3712255,-0.003829776,0.29667622
,,1.9916264,6.5906305,-6.5240307,1694964517581,,1.7547854,-0.20051636,0.057574004,,,,,,0.071132794,0.940146,0.8528554,0.8577601,-0.3521077,-0.026047645,0.33960003
,,1.9401006,5.2743397,-6.8407607,1694964517831,,-3.09487,0.71150476,-0.9986112,,,,,,-0.05085138,0.5108187,1.1295466,0.87159544,-0.3665565,-0.005178003,0.28744256
,,1.894238,5.723552,-6.7217584,1694964518082,,-0.009392046,-0.50106186,0.10766492,,,,,,-0.06584061,0.6600868,1.0152097,0.8667153,-0.36267683,-0.013831613,0.3011094
,,2.1455643,7.024849,-6.6397643,1694964518334,,2.7132323,-0.4998401,0.8327614,,,,,,0.172649,1.1679949,0.66986936,0.85753226,-0.35224667,-0.03076021,0.34441882
,,1.9014165,5.8895345,-6.8224964,1694964518584,,-1.2940407,0.6058251,0.28359398,,,,,,0.09384791,0.7587159,0.8530188,0.864361,-0.36308086,-0.026858242,0.30747393
,,1.9497517,5.2276793,-6.9211593,1694964518836,,-2.8132613,-0.92378026,-0.5196932,,,,,,-0.009136033,0.5701545,1.1302408,0.87102985,-0.3767167,-0.010369933,0.27940866
,,1.8344175,6.055835,-6.504648,1694964519088,,1.2453243,-0.06429352,-0.07742711,,,,,,9.104093E-4,0.5110417,0.7893617,0.85581326,-0.3717056,-0.029650189,0.31893566
,,1.8961524,6.707401,-6.4413986,1694964519339,,1.6998076,-1.232267,-0.1556178,,,,,,0.06270722,0.7424154,0.67357165,0.84990776,-0.36691633,-0.038668744,0.34614232
,,1.6385251,5.275058,-6.7701726,1694964519591,,-2.7399576,1.4921899,-0.5196932,,,,,,-0.15909383,0.14637351,0.95454496,0.8597457,-0.38188785,-0.023714093,0.2996828
,,1.5477573,5.3548183,-6.5427747,1694964519845,,-0.71799517,-0.22739442,-0.06887501,,,,,,-0.24120185,0.17349795,1.1177089,0.8587273,-0.3805478,-0.020983433,0.30269507
52.5418491,13.37044241,1.5970498,6.2595444,-6.472585,1694964520000,5.7555585,-0.2861138,0.56367546,0.33796093,,,,,,-0.085259676,0.42635974,0.84767205,0.8520085,-0.36698234,-0.037692036,0.33645537
,,1.7719649,6.713383,-6.3921065,1694964520096,,2.1432955,0.42562005,0.7973313,,,,,,-0.06308882,0.6067018,0.69104993,0.84717965,-0.3664383,-0.03770821,0.35220063
,,1.6783257,5.42118,-6.7192845,1694964520598,,-2.602513,-0.5554288,-1.3461933,,,,,,-0.16935785,0.16801217,1.1301552,0.8649312,-0.37475413,-0.016115582,0.30032665
,,1.6095719,6.090292,-6.617111,1694964520850,,1.486005,0.6528617,0.07345649,,,,,,-0.1165858,0.3644338,0.7963575,0.8569694,-0.36574128,-0.030608978,0.32432142
,,1.8684756,6.96088,-6.5622373,1694964521102,,2.7498841,-0.90362173,0.6556106,,,,,,0.09924777,0.8507206,0.5859788,0.85294276,-0.35321584,-0.03939513,0.35572708
,,1.777628,5.684787,-6.9100733,1694964521354,,-2.7307947,0.55878854,-0.25030184,,,,,,0.030482786,0.3864848,0.76241714,0.8633519,-0.36386117,-0.025765508,0.31122956
,,1.6551951,5.658866,-6.7181687,1694964521606,,-0.5964331,0.21914774,-0.22708899,,,,,,-0.07062421,0.4481075,1.0028607,0.8645667,-0.3689726,-0.02465946,0.30330747
,,1.7095121,6.769215,-6.6242113,1694964521860,,2.5574617,0.017562363,0.61712617,,,,,,0.030263793,0.8729165,0.5280858,0.8529902,-0.3599358,-0.04402335,0.3425985
,,1.5746367,6.5296936,-6.733483,1694964522111,,-0.42355835,0.18310672,0.16142102,,,,,,-0.0034985184,0.8875439,0.5858708,0.8548332,-0.3631238,-0.046208102,0.33224332
,,1.6717855,5.7706113,-6.773842,1694964522365,,-2.8163157,-0.6189587,-0.6082686,,,,,,-0.07004654,0.6271632,0.9523436,0.8628024,-0.37617034,-0.029790623,0.30241543
,,1.4411174,6.294878,-6.3113885,1694964522616,,0.10178535,-0.033139415,-0.019394957,,,,,,-0.14879175,0.47180685,0.7398066,0.84739465,-0.3716098,-0.049301334,0.332797
,,1.3060027,7.5969725,-5.6380486,1694964522869,,-0.3331504,-0.29764387,-0.14217877,,,,,,-0.177721,0.6524278,0.49295983,0.8270595,-0.35435563,-0.07821747,0.3973114
52.54188723,13.37065266,1.1911472,7.5056458,-5.1532626,1694964523000,6.082051,0.35101816,-0.37705627,-0.046883874,,,,,,-0.291947,0.0732059,0.6326834,0.81307274,-0.33421484,-0.093297,0.43420443
,,1.1996815,7.6603827,-5.3709292,1694964523119,,0.07185297,0.08414663,-0.10002911,,,,,,-0.20253325,0.42272612,0.3684043,0.81829125,-0.34298092,-0.08789565,0.42033824
,,1.0987842,8.560243,-4.53065,1694964523621,,-0.04848739,0.17027856,0.039858926,,,,,,-0.22112933,0.19068424,0.40941226,0.7969273,-0.31459442,-0.117628805,0.48724705
,,0.9806585,9.299466,-4.1165323,1694964523872,,-0.21586435,-0.025198173,0.054519683,,,,,,-0.16424684,0.2735099,0.16498978,0.7832663,-0.29602185,-0.13755742,0.528629
,,0.9419745,9.196733,-3.9467216,1694964524123,,-0.13645191,-0.20112723,0.12538,,,,,,-0.25092342,0.1324521,0.2741119,0.78186584,-0.2918181,-0.1333061,0.53423727
,,0.96478593,9.225926,-3.9233518,1694964524375,,0.015653409,0.19165882,0.024587307,,,,,,-0.3122191,0.14074755,0.14567882,0.7781574,-0.2920045,-0.13001773,0.54016
,,0.90313095,9.176635,-3.7063224,1694964524628,,-0.24396412,0.81046486,0.023365578,,,,,,-0.45755994,0.05690152,0.2083643,0.7737258,-0.29231104,-0.12641011,0.54698074
,,0.79473627,9.317332,-3.4550765,1694964524879,,-0.18837543,0.26190826,-0.18921536,,,,,,-0.55395657,0.04841318,-0.0059209187,0.7686424,-0.28900683,-0.12175414,0.5568157
,,0.7073185,9.296356,-3.3857641,1694964525130,,9.926553E-4,0.30222535,-0.14278965,,,,,,-0.68959266,-0.06317304,-0.10005476,0.7650179,-0.28070164,-0.11696897,0.5669323
,,0.5466802,9.324591,-3.2926037,1694964525382,,0.0816268,0.34498587,-0.102472566,,,,,,-0.8089048,-0.08310182,-0.121890225,0.76486623,-0.26779225,-0.11166961,0.57378906
,,0.49324048,9.354818,-3.2441094,1694964525634,,-0.03810269,0.15806127,-0.0065667965,,,,,,-0.7969942,-0.08183613,-0.1506765,0.76813793,-0.2502617,-0.104796775,0.57787997
,,0.44362926,9.385208,-3.2063024,1694964525885,,0.0058795735,0.13423753,-0.018784093,,,,,,-0.7318103,-0.08122886,-0.11904244,0.773844,-0.22952281,-0.097100355,0.5802945
52.54193548,13.37083261,0.2675973,9.448618,-3.2011182,1694964526000,6.0547514,0.021762058,0.18188499,-0.20570871,,,,,,-0.62453526,0.015168253,-0.15056375,0.7846455,-0.18936233,-0.08263368,0.58345294
,,0.36123642,9.419665,-3.247459,1694964526137,,-0.020387612,0.34559676,0.056352276,,,,,,-0.6889908,-0.10104402,-0.13790704,0.7794059,-0.20930248,-0.0913362,0.5820386
,,0.22795625,9.506605,-3.1309288,1694964526639,,0.04741838,0.32482734,-0.09392046,,,,,,-0.60286015,0.05863665,-0.103828065,0.7894182,-0.16802451,-0.07065453,0.58496666
,,0.1307279,9.517851,-3.0151162,1694964526892,,-0.038713556,0.26190826,-0.03649917,,,,,,-0.6556362,0.05091885,0.0036089101,0.79302,-0.14656399,-0.05744307,0.586528
,,0.0154735865,9.580224,-2.8561525,1694964527143,,-0.032604907,0.31566438,-0.057879437,,,,,,-0.71037513,0.09036527,0.105875105,0.7943366,-0.125905,-0.046115976,0.5899754
,,-0.13758731,9.6135645,-2.709872,1694964527393,,0.05108357,0.3828595,-0.14034618,,,,,,-0.7679607,0.09671744,0.16081841,0.7943913,-0.103784114,-0.03625876,0.59492177
,,-0.18305092,9.6516905,-2.674937,1694964527644,,-0.107741274,0.37186393,-0.16111559,,,,,,-0.70957553,0.13218036,0.1356818,0.7952613,-0.07654354,-0.023723535,0.5988502
,,-0.32725832,9.691329,-2.6463022,1694964527896,,0.40171996,0.40057456,-0.19654575,,,,,,-0.7345683,0.19332668,0.21800117,0.7967048,-0.045397047,-0.010109574,0.60019994
,,-0.27549365,9.600244,-2.5495522,1694964528148,,0.27710354,0.4561633,-0.3101666,,,,,,-0.60473555,0.1548265,0.290278,0.79834396,-0.012121707,0.0064538126,0.5982751
,,-0.31090742,9.686465,-2.5652654,1694964528399,,-0.17127122,0.3327686,-0.21853687,,,,,,-0.47296435,0.2657232,0.33956805,0.79917324,0.023240136,0.02432361,0.59416944
,,-0.31449664,9.715258,-2.6641688,1694964528650,,0.19524765,0.10674862,-0.19654575,,,,,,-0.36239842,0.2735232,0.4183941,0.7991206,0.062914886,0.045052473,0.58854824
,,-0.3062015,9.642515,-2.6625736,1694964528903,,0.0297033,0.31261006,-0.2215912,,,,,,-0.26857892,0.22275345,0.49135312,0.79844034,0.10702831,0.070603,0.5805032
52.5420122,13.37095508,-0.28498518,9.685907,-2.4012778,1694964529000,9.058572,-0.11018474,0.0035124724,-0.06887501,,,,,,-0.023361867,0.1703868,0.82591957,0.78814054,0.19559082,0.120872535,0.56474084
,,-0.3033302,9.672347,-2.5614367,1694964529153,,0.10178535,0.1348484,-0.16172644,,,,,,-0.16599642,0.2593225,0.680301,0.7949028,0.1520109,0.09687666,0.5723267
,,-0.46293142,9.865289,-2.3609986,1694964529654,,-0.4003455,-0.04657844,-0.4592176,,,,,,0.026589775,0.3313152,0.8177918,0.7781563,0.22926179,0.13653475,0.56411904
,,-0.5122236,10.04778,-2.0929222,1694964529905,,1.6478841,-0.06307179,0.09422589,,,,,,0.15738031,0.4657584,0.86071146,0.76446,0.25428313,0.1439874,0.57154936
,,-0.4413163,9.768061,-2.1729224,1694964530155,,0.5477166,0.030390523,0.58047426,,,,,,0.47010025,0.33734158,0.7767519,0.76124936,0.2786712,0.14604448,0.5644177
,,-0.47385865,9.699307,-2.5712473,1694964530406,,2.7120106,-1.3764311,0.08811724,,,,,,0.6175338,0.5598906,0.9247627,0.76886743,0.298397,0.13805933,0.54194
,,-0.8165906,8.73811,-3.662215,1694964530658,,-0.20914483,-0.12232567,0.60796314,,,,,,0.6253395,0.5525313,0.6925401,0.79245543,0.3071519,0.102991104,0.4898404
,,-1.0030712,8.071072,-4.672226,1694964530908,,0.53855366,-0.3733911,-0.17394374,,,,,,0.7258461,0.79355526,0.6100273,0.8198464,0.30512172,0.066647016,0.4394227
,,-1.1488739,7.1527057,-5.615317,1694964531160,,-0.4870883,0.13668099,0.51144654,,,,,,0.82976454,0.7236898,0.6948983,0.8486698,0.3070546,0.030814325,0.3844895
,,-1.2654043,6.241121,-6.8215394,1694964531411,,0.47624546,-0.035582874,0.23533566,,,,,,0.8475286,0.65250236,0.6102019,0.8824425,0.30335695,6.69813E-4,0.32655218
,,-1.528216,5.647141,-7.6525664,1694964531663,,-0.08025236,-0.014813471,0.025198173,,,,,,0.6694125,0.7828397,0.6112359,0.90988344,0.2866353,-0.029321963,0.27955484
,,-1.8402402,5.029155,-8.230672,1694964531914,,0.49151707,-0.11988221,-0.4402808,,,,,,0.580337,0.6966183,0.4166655,0.9272019,0.26734012,-0.057988014,0.25101128
52.54201767,13.37093076,-2.0540786,5.5243096,-6.7021375,1694964532000,5.6272964,-0.9562324,-1.0801617,0.7160862,,,,,,0.60221344,0.28531694,1.1728758,0.91443366,0.22869875,-0.07698795,0.3019623
,,-1.8218154,4.956094,-7.889933,1694964532165,,-2.1602468,-0.8193224,0.031306818,,,,,,0.7199854,0.4319997,0.6729473,0.9288191,0.25043273,-0.067796156,0.25873697
,,-2.099941,6.546365,-5.3050475,1694964532666,,-0.52190757,0.58139056,0.46929687,,,,,,0.50440466,0.53978,1.4288925,0.8911756,0.19704166,-0.07654083,0.36275217
,,-1.8336997,7.2774515,-3.9697723,1694964532917,,0.0058795735,-1.5761838,0.41187558,,,,,,0.6210535,0.42759278,1.3913789,0.8577616,0.16769582,-0.06904014,0.432112
,,-1.5676179,8.009734,-2.703331,1694964533170,,-0.2842812,-1.9518657,0.24266604,,,,,,0.56502837,0.2496426,1.2637817,0.81833446,0.119316824,-0.07308851,0.5078395
,,-1.0277174,8.876097,-1.2919644,1694964533422,,0.58559024,0.05665771,0.52488554,,,,,,0.6479123,0.21790858,1.1506231,0.77255136,0.050677218,-0.090086654,0.58198
,,-0.4223332,9.896317,-0.37974098,1694964533676,,0.2966512,-0.016646065,-0.09086613,,,,,,0.5493018,0.4305164,0.68869996,0.7297852,-0.015567452,-0.09223505,0.6513729
,,0.15593225,10.062938,-0.33818564,1694964533927,,2.055331,-0.64644766,-1.0816888,,,,,,0.5270922,0.4235692,0.093846984,0.70852697,-0.06862132,-0.09004871,0.6794941
,,0.5182057,9.790633,-0.8565508,1694964534178,,-0.87620914,-0.61346096,-0.39629853,,,,,,0.49407107,0.022854503,-0.19358663,0.71048516,-0.11316416,-0.09907095,0.6741179
,,0.4226522,9.764152,-1.001476,1694964534428,,-0.75037104,0.17760894,0.32757625,,,,,,0.201819,0.009678332,-0.19509329,0.7129122,-0.15474132,-0.1245014,0.6661094
,,0.45016974,9.933405,-0.9523434,1694964534679,,-0.019776747,-0.17363831,0.07040217,,,,,,0.20181213,0.17358926,-0.16811745,0.7121239,-0.16795321,-0.1355118,0.663765
,,0.30963135,9.850372,-1.0553944,1694964534930,,0.01687514,0.010231985,-0.040775225,,,,,,0.08518679,0.06368437,-0.11873695,0.7189793,-0.1596919,-0.1276586,0.66086614
52.54197536,13.37092504,0.009970092,9.820941,-1.0280364,1694964535000,5.0466046,0.01809687,-0.20051636,0.052076224,,,,,,0.02760418,-0.034611065,0.04447596,0.72712415,-0.1473628,-0.13391925,0.6547793
,,0.12219348,9.879247,-1.0385648,1694964535180,,0.07246383,-0.33429575,0.08872811,,,,,,0.06985834,0.06858918,0.05865987,0.7261646,-0.15024856,-0.12714507,0.6560231
,,-0.0099700885,9.997373,-0.7578069,1694964535684,,-0.010613776,-0.054519683,-0.0065667965,,,,,,0.008510793,0.09098028,-0.091279395,0.714464,-0.14810689,-0.13994965,0.668726
,,0.08741779,9.972727,-0.682433,1694964535935,,-0.07108939,0.06093376,0.06856957,,,,,,0.08441554,0.021116225,-0.11736255,0.7109936,-0.1453933,-0.13726954,0.67392004
,,0.02719842,9.945209,-0.73954177,1694964536187,,0.06269,0.058490302,-0.018173227,,,,,,0.013094431,-0.011378034,-0.101918355,0.71399564,-0.1446659,-0.13413139,0.6715643
,,0.059581283,9.94218,-0.81515485,1694964536437,,0.017486004,0.09697478,0.024587307,,,,,,0.021825379,0.001058642,-0.10107057,0.7167577,-0.14612016,-0.13338898,0.66847813
,,0.07393822,9.950074,-0.8133204,1694964536688,,-0.02649626,0.04016436,-0.013897174,,,,,,-0.008650207,0.013421981,-0.061304826,0.7183661,-0.14928667,-0.13399771,0.66600996
,,0.1331207,9.939786,-0.79657066,1694964536941,,-0.09674571,-0.23716825,0.011148282,,,,,,0.050293323,0.007939244,-0.03483549,0.718902,-0.14912345,-0.1323422,0.66579074
,,0.13160525,9.956453,-0.7513463,1694964537192,,-0.0063377223,0.15195261,-0.026725333,,,,,,0.03012656,0.019830132,-0.015302837,0.71815354,-0.14813723,-0.1301846,0.6672657
,,0.13559328,9.954222,-0.69702923,1694964537443,,3.8179048E-4,0.069485866,-0.012675445,,,,,,0.0030417447,0.016385905,-0.0057586003,0.71666485,-0.14758407,-0.12791933,0.6694211
,,0.18217357,9.958051,-0.64670026,1694964537693,,-0.02527453,0.07925971,0.0019853106,,,,,,0.017082881,0.017437967,0.0065223356,0.7154543,-0.1463565,-0.12555508,0.6713955
,,0.189033,9.947921,-0.6073782,1694964537944,,-0.03932442,0.0810923,0.06856957,,,,,,0.0014520123,0.015109825,0.010637129,0.7146248,-0.14304544,-0.12146478,0.67373633
52.54196785,13.37092511,0.27357942,9.939944,-0.50935215,1694964538000,4.414683,-0.20731224,0.3901899,-0.0108428495,,,,,,0.03522512,0.0065867105,0.02122891,0.7126721,-0.13440396,-0.11147011,0.67907816
,,0.17507486,9.923276,-0.53248274,1694964538195,,-0.15477787,-0.006261364,0.010537418,,,,,,-0.026997983,-0.0065478324,0.043726232,0.71392876,-0.13959938,-0.11737113,0.6759104
,,0.4275176,9.985488,-0.66520464,1694964538698,,0.86170113,0.29672757,-0.0108428495,,,,,,0.11006424,0.05025304,-0.1530574,0.7144081,-0.11997678,-0.09197874,0.6816147
,,0.34839496,10.0322275,-1.008495,1694964538950,,1.0138065,-1.1259766,-0.2441932,,,,,,0.012377055,0.16940841,-0.024258725,0.730255,-0.106092416,-0.07560677,0.66603154
,,0.11868397,9.699785,-1.66022,1694964539203,,-0.49258608,0.45799586,-0.12507457,,,,,,-0.099592574,-0.0020709515,-0.0043506464,0.7531029,-0.094175674,-0.06815525,0.63929546
,,-0.029591216,9.622176,-2.0384457,1694964539456,,-0.6123156,1.6534582,-0.56245375,,,,,,-0.2150151,0.02103146,0.12441799,0.7717311,-0.07837932,-0.0541965,0.61971366
,,0.06269196,9.656954,-2.1574485,1694964539708,,-0.30627233,0.7786999,-0.032223117,,,,,,-0.13928324,0.1118443,0.33542308,0.78408414,-0.046314795,-0.024101194,0.6073788
,,-0.0014356931,9.636694,-2.3796623,1694964539961,,-0.09491312,0.23564109,-0.1226311,,,,,,-0.2551602,0.11732014,0.3637805,0.79238486,-0.0057243407,0.014243813,0.5956878
,,-0.1518645,9.5538225,-2.3448865,1694964540212,,-0.028939718,0.021838415,-0.08842268,,,,,,-0.38239044,0.051358905,0.57299584,0.7961224,0.031755075,0.04520425,0.58542293
,,-0.10528416,9.4979105,-2.1261826,1694964540463,,0.013820816,-0.12476913,0.012370012,,,,,,-0.3441574,-0.058422294,0.46447766,0.7848026,0.06746294,0.074954145,0.5944378
,,0.15058832,9.822219,-1.6070994,1694964540714,,0.04741838,0.05177079,0.008093959,,,,,,-0.22122112,0.11748813,0.44591236,0.7661589,0.10264452,0.111411355,0.6149404
,,0.3625924,9.894082,-1.3341581,1694964540965,,-0.016111558,0.030390523,0.008704823,,,,,,-0.07439639,0.09083278,0.33508977,0.75156575,0.13304463,0.141099,0.62825304
52.54196349,13.37092546,0.28681967,9.858508,-1.2910874,1694964541000,3.968783,-0.019776747,-0.04535671,-0.02367101,,,,,,-0.11763591,-0.008971151,0.07765796,0.7390212,0.14928754,0.15625277,0.6379814
,,0.30157536,9.866566,-1.3616755,1694964541218,,0.03214676,0.029779658,0.014813471,,,,,,-0.14495601,0.011700884,0.103508234,0.7427534,0.14689612,0.15480167,0.63434803
,,0.35381868,9.889375,-1.2744175,1694964541719,,0.14026983,-0.010537418,0.05574141,,,,,,-0.031885702,0.020820428,0.06655174,0.73861605,0.14664158,0.15317582,0.63987225
,,0.5151747,9.882916,-1.3450855,1694964541970,,-0.118125975,0.013286309,0.36300638,,,,,,0.061771933,0.0103342375,0.040656865,0.7402741,0.1446015,0.15524435,0.6378564
,,0.6802795,9.822218,-1.4587443,1694964542223,,0.52083856,0.3846921,0.11804962,,,,,,0.050459616,-0.016435146,0.024016595,0.7442435,0.13962021,0.16122374,0.6325608
,,0.8396416,9.774602,-1.6132408,1694964542476,,-0.12728895,0.058490302,-0.021838415,,,,,,-0.006147305,-0.015535132,0.05312224,0.75039935,0.13434257,0.1672744,0.6244429
,,1.0502099,9.704013,-1.8546767,1694964542726,,-0.112017326,0.084757484,-0.011453714,,,,,,0.02849028,-0.040407784,-0.0111145135,0.75671095,0.12961982,0.1725608,0.61623895
,,1.204148,9.682079,-1.9202403,1694964542978,,-0.1663843,0.14645483,-0.09575305,,,,,,0.01074684,-0.022938441,0.023224017,0.7619883,0.12521069,0.17835909,0.60911614
,,1.3275381,9.635738,-1.7877576,1694964543229,,-0.131565,0.11041381,-0.25885394,,,,,,0.006242462,-0.04912068,0.14724988,0.76435494,0.12136347,0.18344073,0.60569507
,,1.4268403,9.618829,-1.7241086,1694964543480,,-0.6324741,-0.33551747,-0.40118545,,,,,,0.10431172,-0.052213255,0.17925912,0.7626875,0.12535407,0.18695949,0.6055883
,,1.2479368,9.819506,-1.687977,1694964543733,,1.2306634,0.8617775,-0.61254466,,,,,,0.16667172,0.095753826,0.104604594,0.75557417,0.14010082,0.18655027,0.6102989
,,1.0029916,9.675298,-1.7717255,1694964543986,,-1.2372303,0.114079,0.42836893,,,,,,0.21983376,-0.043869972,0.02586517,0.7511055,0.16474016,0.18651865,0.6080739
52.54196097,13.37092493,0.18767709,9.761998,-1.437209,1694964544000,3.7900925,-0.30382887,-0.37216938,0.1669188,,,,,,0.11737113,-0.02473847,0.23875418,0.7293596,0.21867873,0.19342525,0.6144988
,,0.46149573,9.755298,-1.5271791,1694964544236,,-0.61842424,1.017548,0.19685118,,,,,,0.049418513,-0.014016723,0.23035417,0.74134153,0.19080456,0.19072424,0.61015475
,,-0.053758748,9.784331,-1.5917057,1694964544738,,-0.4107302,0.50014555,0.012370012,,,,,,0.16167696,-0.04148318,-0.015764859,0.71762055,0.2427323,0.19785567,0.61930126
,,-0.20315066,9.987882,-1.5861226,1694964544989,,2.095648,-1.0997093,0.043524116,,,,,,0.15352282,0.12818415,-0.14229287,0.7088327,0.2563155,0.20444734,0.62249154
,,-0.49978095,9.549438,-1.7114265,1694964545244,,-0.8511637,0.7371611,-0.10002911,,,,,,-0.0847541,-0.14771429,0.17571779,0.72551364,0.2511368,0.19103734,0.6050786
,,-0.65276206,9.731929,-1.892882,1694964545495,,-0.57016593,0.82207125,0.3434587,,,,,,-0.10599508,0.07610223,0.2641614,0.7353047,0.23987082,0.17322467,0.6003291
,,-0.4669194,9.626165,-2.117648,1694964545745,,-0.5793289,0.53863,-0.035888307,,,,,,0.0058910847,0.009686088,0.07091323,0.7431057,0.22984193,0.16233586,0.59805936
,,-0.39114672,9.581899,-2.1793032,1694964545996,,-0.4907535,1.3999493,0.2328922,,,,,,-0.055227734,-0.05833667,-0.11740599,0.74164134,0.22266427,0.16764326,0.6005537
,,-0.14971085,9.80459,-2.028635,1694964546246,,2.646037,-1.0264056,-0.9100358,,,,,,0.01637516,0.17995793,-0.039045643,0.7373825,0.22494529,0.18413427,0.5970814
,,-0.3142573,9.341261,-2.2641685,1694964546499,,-0.08513928,-0.090560704,0.42897978,,,,,,-0.11044787,-0.11117503,0.34423834,0.75714564,0.2258547,0.16639838,0.57613647
,,-0.35748768,9.50118,-3.1646674,1694964546751,,-0.6905063,0.30772313,-0.06093376,,,,,,-0.085135445,0.056989845,-0.34232998,0.76191574,0.2253562,0.15640526,0.57043713
52.54195151,13.37092078,0.5888736,9.957971,-2.12706,1694964547000,4.663391,2.1029785,-2.5450153,-0.37064222,,,,,,0.34696934,0.5248856,0.23789047,0.7351143,0.25666574,0.2162762,0.5624725
,,-0.047936212,9.33496,-2.6143184,1694964547004,,-1.5872557,-0.30802858,-0.1452331,,,,,,0.04495487,-0.0683451,0.21950147,0.75929886,0.23287843,0.16831549,0.566757
,,0.32039902,9.321239,-2.3114665,1694964547254,,-1.3844486,-0.021532983,-0.05177079,,,,,,0.2248733,-0.1281214,0.07231409,0.7406965,0.24624404,0.19781852,0.57084394
,,0.28354958,8.8615,-2.3133013,1694964547755,,-1.861534,0.07742711,0.59635675,,,,,,0.07408042,-0.30913123,0.9055903,0.76737535,0.24086863,0.18506122,0.53549516
,,0.3215954,9.47853,-2.7280574,1694964548006,,-0.95806503,-4.6274533,-1.496466,,,,,,0.18007809,0.24450831,0.7432867,0.7774993,0.20855017,0.16659571,0.531626
,,0.6638486,9.392548,-1.581576,1694964548256,,-2.837085,2.4488041,1.4081961,,,,,,0.2773392,0.13863498,1.372425,0.7679171,0.19839548,0.16855879,0.5470389
,,1.129173,10.257633,-1.1120243,1694964548507,,2.6808565,-1.5877903,1.8370231,,,,,,0.4598048,0.8188611,0.9382561,0.74155545,0.18521883,0.1960681,0.5720016
,,1.7540984,9.922717,-0.9242676,1694964548757,,-3.0032403,0.5514582,-5.8580403,,,,,,0.39302102,0.64032745,1.0232421,0.7469003,0.15661795,0.210598,0.5661368
,,1.033141,8.603634,0.12969105,1694964549011,,-1.0710751,-1.3672681,0.7979421,,,,,,0.047486424,-0.31848043,0.7784956,0.699835,0.13230857,0.19240978,0.6140991
,,1.2124432,8.45863,1.8691134,1694964549262,,-2.04235,-1.7362304,-0.32177302,,,,,,0.29019707,0.005027922,0.20954505,0.60472125,0.11985083,0.21816042,0.68852174
,,1.1939387,7.237572,3.9983268,1694964549513,,0.9539417,1.4610358,-0.36453354,,,,,,-0.0109655615,-0.21808018,-0.035795372,0.48774257,0.106505305,0.250809,0.7661463
,,0.9119046,5.788238,5.8443885,1694964549765,,1.3711624,4.6692977,-0.81229746,,,,,,-0.09947983,-0.48309383,-0.093026906,0.37869507,0.09404287,0.28332296,0.826564
52.54196424,13.37085836,-0.40095752,2.7034907,7.649455,1694964550000,7.1691008,3.5714972,-2.8565564,-2.6876523,,,,,,-0.946318,-0.92008203,0.012305355,0.23387909,0.10376931,0.42107812,0.7473465
,,-1.038166,4.4746585,6.2064238,1694964550016,,-6.606732,3.8073676,4.0398016,,,,,,-0.7312753,-1.1930394,-0.42090565,0.3214794,0.12793902,0.2650266,0.8552581
,,-2.6419954,3.8068209,8.037492,1694964550268,,1.1842377,0.15195261,6.373305,,,,,,-1.6080401,-1.171362,0.10614618,0.23418334,0.14280768,0.3134709,0.8621938
,,1.6188241,2.86724,6.634738,1694964550769,,2.0174572,0.59299695,3.8369944,,,,,,0.033396278,-0.86713666,0.421209,0.29585013,0.10011288,0.47846836,0.65969485
,,2.8788848,3.8774095,4.945167,1694964551019,,-0.34903285,-0.28542656,-0.26923865,,,,,,-0.042091243,-3.3725897E-4,0.49002016,0.3972476,0.10687696,0.538532,0.5432652
,,4.3921857,4.995496,2.281397,1694964551272,,-0.14072797,2.1751368,0.21639885,,,,,,0.0584706,0.6772892,0.02506682,0.51437175,0.10011995,0.57382494,0.43144232
,,6.6901727,5.3346386,1.2436295,1694964551524,,-0.058261227,3.0291257,-1.3736821,,,,,,0.31345552,0.7394962,0.5347015,0.5973217,0.061804164,0.6142023,0.35274708
,,7.485707,6.472186,-0.7329216,1694964551778,,0.40843946,-0.033139415,0.021532983,,,,,,0.98975337,1.0623947,-0.010059204,0.6735802,0.07705669,0.5529263,0.3548137
,,5.2677994,8.420423,-1.5107485,1694964552030,,1.1341468,-0.60796314,0.81321377,,,,,,0.4814276,1.3784162,0.5667083,0.72737426,0.15514694,0.43864757,0.4168712
,,2.5991638,8.837253,-2.9698915,1694964552280,,1.7181336,-0.6012437,0.04780017,,,,,,-0.7567678,1.4236183,-0.013745324,0.7529805,0.19265875,0.34392294,0.43578556
,,1.0959126,8.754779,-2.8984263,1694964552532,,-3.9513025,1.1745403,0.3996583,,,,,,-0.39036122,0.57030517,0.5103709,0.75838184,0.24071693,0.25585568,0.4757782
,,-0.23322058,9.100542,-2.1918256,1694964552782,,-0.35391977,0.3016145,-0.18738277,,,,,,-0.12414195,0.0775479,0.87360775,0.7289419,0.3037807,0.21451451,0.5303393
52.54198158,13.3708165,-2.1544178,9.107483,-2.5923045,1694964553000,10.166443,-0.22380558,0.8269582,-0.2215912,,,,,,-0.16661479,0.09368493,1.0152026,0.74932164,0.32983202,0.11468139,0.5487108
,,-1.5470394,9.690532,-2.031267,1694964553032,,1.8696281,-0.5193878,-0.23258677,,,,,,-0.14028053,0.44363043,0.67918557,0.70801073,0.34382075,0.176577,0.56830984
,,-2.06357,9.211888,-2.3937795,1694964553282,,-0.8438333,-0.45524698,-0.48548478,,,,,,-0.1321188,0.16772597,1.1434596,0.7363395,0.34728643,0.13736656,0.5482221
,,-1.8293928,9.560285,-1.9779867,1694964553784,,-0.30932665,-0.16081016,0.20112723,,,,,,0.13249491,0.38726893,1.1140822,0.73565483,0.3302022,0.123433016,0.56632006
,,-1.841676,9.51123,-1.7952551,1694964554038,,-0.27450737,0.16294818,-0.04016436,,,,,,0.06716944,0.19409184,0.71727645,0.7185399,0.32723603,0.13741979,0.58917063
,,-2.104408,9.694441,-1.655594,1694964554289,,-0.015500694,-0.01970039,-0.10491603,,,,,,-0.14965081,0.3615703,0.7294153,0.7219748,0.31359354,0.12567411,0.5964157
,,-2.0851853,9.36822,-1.6583856,1694964554541,,-0.056428634,0.089033544,0.0019853106,,,,,,-0.0633545,0.011205196,0.56238824,0.7234455,0.3008432,0.11315321,0.60594445
,,-1.9578873,9.807621,-1.3446866,1694964554806,,0.08590286,-0.25488332,0.030695954,,,,,,0.07988753,0.23849382,0.21858838,0.7037236,0.29690334,0.12209415,0.63068944
,,-1.7759532,9.796692,-1.06353,1694964555058,,0.01809687,-0.14065161,1.527162E-4,,,,,,0.20232774,0.12653634,0.10968522,0.6868981,0.2981209,0.13629845,0.6475198
,,-1.8640887,9.762876,-0.8291927,1694964555309,,-0.03932442,0.18616104,-0.028557928,,,,,,0.06738171,0.026731078,0.09721794,0.67795527,0.29594105,0.14362372,0.6571361
,,-1.8754147,9.750671,-0.82759756,1694964555560,,0.04864011,-0.12538,-0.007177661,,,,,,0.056720924,0.0066799163,0.004078688,0.6728018,0.2986363,0.14923091,0.6601396
,,-1.8970301,9.747323,-0.82209414,1694964555811,,-0.0020616686,0.13912445,0.031306818,,,,,,0.04099412,0.0052164714,-0.0111198425,0.6711651,0.30047923,0.15067106,0.66068107
52.54202495,13.37081929,-1.9207189,9.732648,-0.9083951,1694964556000,10.804671,0.011988222,-0.006872229,0.0044287695,,,,,,0.017958056,6.087621E-5,-0.011858623,0.66946995,0.31086114,0.15881488,0.6555712
,,-1.8926431,9.742537,-0.8449854,1694964556063,,-0.021609342,0.093309596,-0.019394957,,,,,,0.044309948,-0.002977403,-0.011947851,0.67060083,0.30307823,0.15273996,0.65957105
,,-1.9078773,9.737113,-0.8683552,1694964556316,,-0.0063377223,-0.04657844,0.017867794,,,,,,0.030949287,0.005715847,-0.005172229,0.6702581,0.30648088,0.15520334,0.6576995
,,-1.9010178,9.74517,-0.9266605,1694964556820,,-0.06498074,0.12812889,0.015424335,,,,,,0.047563855,0.0068129855,-0.0010299742,0.66872066,0.31434014,0.16118972,0.6541373
,,-1.9539788,9.7444515,-0.9139784,1694964557071,,-0.016111558,0.022449281,-0.034666575,,,,,,0.0041110716,0.0067376136,0.028598359,0.6676172,0.31760034,0.16335171,0.6531503
,,-1.949831,9.744053,-0.92626154,1694964557323,,-0.0051159924,0.04138609,-0.02611447,,,,,,0.024972579,0.008812904,0.0133775715,0.6655384,0.32221195,0.16690437,0.65215313
,,-1.9642681,9.741819,-0.915813,1694964557574,,-0.0045051277,0.057879437,-0.04138609,,,,,,0.030633839,0.01093092,0.019833483,0.66336864,0.32638836,0.1701528,0.65143466
,,-1.9870001,9.737192,-0.9010573,1694964557825,,0.0297033,0.14950916,-0.1262963,,,,,,0.039288107,0.014389992,0.029708646,0.660915,0.3308713,0.17246301,0.650984
,,-1.958366,9.69819,-1.0093724,1694964558077,,0.6961568,-0.37461284,-0.14584397,,,,,,0.12474302,-0.0015781085,-0.025852157,0.65826046,0.33890435,0.1757537,0.64844495
,,-2.0771298,9.630473,-1.442234,1694964558329,,0.7914517,-0.9231694,0.27015495,,,,,,0.042084064,0.046611752,-0.105583265,0.66932327,0.341035,0.16822235,0.6358225
,,-2.058944,9.347163,-2.0347764,1694964558581,,-0.6770672,0.39385507,-0.1122464,,,,,,0.038126823,-0.115827225,-0.20747964,0.69132805,0.32839912,0.14790787,0.61880875
,,-2.2446272,9.279128,-2.4942782,1694964558833,,-1.3416882,0.5184715,-0.42500916,,,,,,-0.1668232,-0.055350732,-0.20756343,0.71393704,0.3102995,0.124676794,0.60364234
52.54204699,13.37082003,-0.7432108,9.674103,-1.8411174,1694964559000,12.446034,-3.6593091,-2.311665,2.6433647,,,,,,0.06115798,0.25384328,0.064148284,0.7145253,0.26772326,0.15693067,0.59381664
,,-2.2555544,9.340063,-2.429273,1694964559085,,-2.7906594,6.452412,0.9995275,,,,,,-0.3184213,0.063430086,0.071151376,0.7290872,0.28708336,0.09749279,0.59975225
,,-1.0275577,9.439527,-2.1529813,1694964559335,,0.8696424,-0.25427246,0.66416276,,,,,,-0.0785209,0.078229494,0.12748994,0.7276054,0.27145135,0.12886406,0.59358203
,,0.078883186,8.617991,-0.3426522,1694964559837,,0.44570222,-2.356869,-2.228282,,,,,,0.04969287,-0.5546239,0.08473721,0.66186976,0.2198631,0.19345404,0.6364249
,,0.46093732,8.799846,1.228874,1694964560087,,-0.7448732,1.6675081,0.84070265,,,,,,-0.37911367,-0.09034422,0.09981278,0.6049882,0.16465078,0.21883178,0.6887345
,,1.3919847,8.189037,3.223212,1694964560339,,-0.9030872,1.2680025,-0.076816246,,,,,,0.017392159,-0.33443406,0.2846406,0.5334402,0.1339509,0.26584232,0.7404863
,,1.5696114,7.316055,4.4134817,1694964560592,,0.16531529,-0.30863944,-1.0187697,,,,,,0.26033655,-0.71392196,0.034176063,0.45875466,0.13894792,0.32959026,0.77501523
,,0.01611163,6.129455,5.710551,1694964560851,,-1.8554254,-1.3978113,-0.38591382,,,,,,-0.20704481,-0.8746998,-0.024451066,0.38095126,0.1292218,0.31351545,0.8263734
,,-0.0047058263,4.540621,7.281997,1694964561104,,0.60269445,0.19593488,-0.38957903,,,,,,-0.28761923,-1.090057,0.12576963,0.29782906,0.082641385,0.28803435,0.88243407
,,-0.4645266,4.6181474,7.897591,1694964561357,,0.50251263,1.2044727,-1.0291544,,,,,,-0.2606744,-0.29572234,0.12713099,0.256649,0.0790015,0.24940854,0.9065629
,,-0.5613562,3.5037305,8.842835,1694964561607,,0.7065415,0.28206682,-0.4384482,,,,,,0.16737674,-0.73874146,0.4536499,0.21003938,0.09482562,0.22319478,0.9264898
,,-1.0151153,3.2038305,8.785487,1694964561859,,-0.45287988,0.6840158,0.28420484,,,,,,0.027146922,-0.6052873,0.06355626,0.18380396,0.09451631,0.17645617,0.943961
52.54214983,13.37086765,-0.7401,3.5146573,9.573605,1694964562000,10.529985,-0.25679228,0.21242823,-0.14584397,,,,,,-0.35110024,-0.19080478,0.40047508,0.18949454,0.0347145,0.083176464,0.97625047
,,-1.251526,2.9276187,9.452287,1694964562109,,-0.13950625,0.0810923,0.5175552,,,,,,-0.33072263,-0.41949043,0.2919943,0.1649353,0.06656995,0.12261918,0.9677801
,,-0.65092754,3.0599413,9.364392,1694964562361,,0.31497714,0.719446,0.1999055,,,,,,-0.14901161,-0.2554695,0.1287619,0.16784261,0.038729493,0.09389314,0.9771128
,,-0.77040917,3.4562724,9.278647,1694964562864,,0.532445,1.3351977,0.13271037,,,,,,-0.3543202,-0.36662117,0.28404903,0.19420551,0.038724158,0.08867184,0.97485596
,,-0.9909476,3.813042,9.219226,1694964563116,,-1.2604431,0.09575305,1.0697769,,,,,,-0.41788816,-0.18248099,0.18811604,0.20126268,0.051843338,0.11147372,0.97009844
,,-1.0800403,3.621697,9.39119,1694964563366,,0.3662898,0.59482956,0.21823144,,,,,,-0.5045709,-0.24457611,0.40080434,0.19329558,0.057588793,0.1481882,0.96577203
,,-0.8835099,3.7457247,9.3028965,1694964563617,,0.115835235,-0.56398094,-0.012675445,,,,,,-0.27601936,-0.06267862,0.24220146,0.18615869,0.0630231,0.18373552,0.9599
,,-1.0708679,3.4167912,9.523196,1694964563908,,0.08223767,0.1036943,-0.41462448,,,,,,-0.21856292,-0.27649888,0.41142625,0.1759257,0.079020195,0.21212506,0.95476735
,,-1.145923,3.273541,9.182138,1694964564158,,0.1909716,-0.7967204,-0.41462448,,,,,,-0.04733552,-0.29647174,0.040169954,0.16447629,0.094293915,0.2297983,0.9517701
,,-1.4387245,3.1838105,9.697392,1694964564408,,-0.03199404,0.5050325,0.3281871,,,,,,-0.09290576,-0.18817791,0.44405583,0.15187465,0.106136195,0.24798368,0.9491648
