98#1#2
key,lat,lon,ts,bike,childCheckBox,trailerCheckBox,pLoc,incident,i1,i2,i3,i4,i5,i6,i7,i8,i9,scary,desc,i10
,,,,1,0,0,0,-5,0,0,0,0,0,0,0,0,0,0,,0

=========================
98#1
lat,lon,X,Y,Z,timeStamp,acc,a,b,c,obsDistanceLeft1,obsDistanceLeft2,obsDistanceRight1,obsDistanceRight2,obsClosePassEvent,XL,YL,ZL,RX,RY,RZ,RC
52.53730644,13.41199506,1.4030715,5.323472,-7.254799,1699795570000,6.899274,-0.85857046,0.32001677,0.24465135,,,,,,0.031182678,0.2741499,0.48537305,0.36281163,-0.87334824,-0.23180573,0.17677641
,,1.3899909,4.929453,-7.245627,1699795570274,,-2.007607,-0.34399322,-0.7626647,,,,,,-0.12546436,0.029292194,0.5319951,0.35513172,-0.8788695,-0.22052452,0.17835933
,,1.2715461,6.184171,-6.840043,1699795570528,,0.93859375,0.2088394,-0.01924224,,,,,,-0.13931929,0.31256264,0.19436713,0.34847802,-0.8618852,-0.2772914,0.19732949
,,1.2516057,6.5303326,-6.843951,1699795570779,,1.4437789,0.04818196,0.04367683,,,,,,-0.11357769,0.2762698,-0.004191621,0.35200942,-0.8526043,-0.29683527,0.20415857
,,1.549273,6.0146,-7.250172,1699795571028,,1.6484187,0.23571745,0.12858704,,,,,,0.12582625,0.35118344,0.18294324,0.3608629,-0.86322576,-0.26202413,0.19535488
,,1.4572291,5.013362,-7.409614,1699795571279,,-1.4480549,0.2796997,0.083993904,,,,,,-0.13023096,0.05173033,0.39509436,0.36442897,-0.8729116,-0.22164337,0.18410937
,,1.6154743,5.408656,-7.3096743,1699795571530,,-1.4639374,-0.055054188,-0.60872674,,,,,,-0.15162471,0.036634985,0.21299794,0.36324558,-0.867535,-0.23740168,0.2003182
,,1.431865,6.0994644,-7.0717483,1699795571783,,0.1915061,0.00481056,0.1188132,,,,,,-0.18071824,0.25400144,0.06329492,0.36848453,-0.85399336,-0.26621693,0.20963259
,,1.5247064,5.927739,-7.070152,1699795572035,,0.96974784,0.13981168,0.14874557,,,,,,-0.07236119,0.13085069,0.15419632,0.376356,-0.8529568,-0.26212567,0.20855053
,,1.5227127,5.6549582,-7.1763935,1699795572286,,1.786474,0.13003784,0.120034926,,,,,,0.00970244,0.13777564,0.27985927,0.381545,-0.8576359,-0.248583,0.20051661
,,1.4543579,5.2942796,-7.2661242,1699795572537,,-0.2452622,0.33467755,0.029626941,,,,,,-0.11577401,0.06395463,0.30043092,0.3838444,-0.8606681,-0.23075496,0.19565041
,,1.5865211,5.528058,-7.2261643,1699795572789,,-1.7253876,-0.14607304,-0.49082986,,,,,,-0.051517837,0.055678234,0.22545442,0.38507855,-0.85709816,-0.23959383,0.20530862
52.5372074,13.41200704,1.479243,6.068677,-7.117929,1699795573000,10.9776125,-0.9275982,-0.62254757,-0.34177884,,,,,,0.011527884,0.25124335,0.11464279,0.38833284,-0.8488391,-0.2590428,0.20969756
,,1.49025,6.040999,-6.968457,1699795573291,,0.67653275,-0.19127703,9.162972E-4,,,,,,0.053935114,0.18330258,0.21050106,0.38859242,-0.846853,-0.26445627,0.20794831
,,1.5785451,5.9230337,-7.1307707,1699795573542,,1.5940516,-0.34032804,0.23365578,,,,,,0.12467737,0.22404131,0.21780463,0.39067072,-0.8512934,-0.2535563,0.20444311
,,1.5460027,5.393662,-7.278168,1699795573792,,0.3912589,0.3334558,0.092546016,,,,,,-4.8274995E-4,0.08762406,0.3032185,0.39241827,-0.8569524,-0.23123154,0.19803849
,,1.5799011,5.301139,-7.3013783,1699795574043,,-2.2098033,0.544815,-0.30512697,,,,,,-0.034150343,-0.052886087,0.30504218,0.3892569,-0.85771763,-0.23131223,0.20151354
,,1.4782063,6.1512294,-7.182536,1699795574295,,-1.172555,-0.4881573,-0.5885682,,,,,,0.051247753,0.3208907,0.07458123,0.38385144,-0.8509433,-0.26119074,0.20862862
,,1.2902898,6.2051477,-6.7058854,1699795574547,,0.77427113,0.109268434,0.11575887,,,,,,-0.030471323,0.24234769,0.38516483,0.38221467,-0.8429118,-0.27924365,0.21151517
,,1.5211971,6.1695743,-6.926026,1699795574808,,1.3319906,0.10254893,0.19883649,,,,,,0.08722555,0.31219515,0.2936292,0.38798043,-0.84400755,-0.2684984,0.21400389
,,1.352902,5.7083173,-7.159007,1699795575061,,0.8194751,0.59307337,0.45295623,,,,,,-0.011727282,0.3128383,0.42585725,0.39655814,-0.84884137,-0.2443307,0.20382968
,,1.4487745,5.6597424,-7.2769732,1699795575312,,-2.0106614,0.50571966,-0.37904158,,,,,,-0.02464935,0.310322,0.3086539,0.39708033,-0.8489842,-0.23741539,0.20762415
,,1.4664017,6.3984876,-7.000203,1699795575561,,-1.1835505,-0.2627482,-0.56535536,,,,,,-0.024571879,0.48312318,0.17111091,0.4010138,-0.8361651,-0.2657512,0.22661638
,,1.3039287,6.501459,-6.5312085,1699795575811,,0.71318465,0.29069528,-0.0736092,,,,,,-0.09840808,0.29184976,0.42218623,0.4116707,-0.82249737,-0.2815794,0.2329773
52.53708604,13.41201062,1.4915262,6.417073,-7.015037,1699795576000,9.0771475,1.6111559,-0.40813404,0.18112141,,,,,,0.1730853,0.32915404,0.10203583,0.42523164,-0.8232582,-0.26848885,0.22713515
,,1.3928621,5.9101124,-7.2313485,1699795576311,,1.574504,0.33956447,0.7663299,,,,,,0.22750725,0.3291394,0.24411012,0.4314011,-0.83191484,-0.2446365,0.20826149
,,1.5219947,5.461379,-7.3623176,1699795576562,,-1.8493931,0.1550833,-0.32833982,,,,,,0.13916926,0.11970527,0.17602538,0.42615387,-0.8373168,-0.22882524,0.2065275
,,1.4912071,5.9235125,-7.105646,1699795576811,,-1.4101813,-0.63843006,-0.8353576,,,,,,0.20690933,0.12757798,0.15316051,0.42652497,-0.8301829,-0.25310376,0.21493131
,,1.2746567,6.3472004,-6.87753,1699795577065,,0.64415693,0.17951788,0.23365578,,,,,,0.30993003,0.3048691,0.16572045,0.42562214,-0.8238138,-0.27574894,0.20805544
,,1.4447064,6.241918,-7.2284775,1699795577317,,1.5512911,0.17035492,0.19272783,,,,,,0.4938088,0.35537535,0.04587315,0.42014492,-0.83270586,-0.269167,0.19844294
,,1.4490136,5.757211,-7.360243,1699795577567,,1.5030328,0.33162323,0.36071566,,,,,,0.37745047,0.33439022,0.23400061,0.40995646,-0.8484389,-0.24424738,0.1863192
,,1.4454244,5.2386866,-7.405706,1699795577818,,-2.2824962,0.24610215,-0.07422007,,,,,,0.1269487,0.0823045,0.30676082,0.4002731,-0.8558896,-0.22582914,0.18794577
,,1.4754943,6.006862,-7.1712885,1699795578068,,-1.474933,-0.66591895,-0.5726857,,,,,,0.20311746,0.22106703,0.16308457,0.3952875,-0.84832394,-0.25791875,0.2022371
,,1.212523,6.5671015,-6.90425,1699795578317,,0.950811,0.31574073,0.109650224,,,,,,0.11142983,0.4185987,0.09381537,0.39031366,-0.8393409,-0.28600535,0.20423703
,,1.4235702,6.302137,-7.132685,1699795578568,,1.6655228,0.16241367,0.27336198,,,,,,0.21417637,0.33257943,0.08222388,0.3881978,-0.84654933,-0.27395386,0.20098655
,,1.3741978,5.5148177,-7.312227,1699795578818,,0.20005822,0.6456077,0.27458373,,,,,,-0.02457991,0.16598698,0.3141205,0.38787597,-0.85925126,-0.23762956,0.19019434
52.53698124,13.412022,1.467199,5.187878,-7.3753967,1699795579000,7.1560783,-2.2049165,0.031688612,-0.5867356,,,,,,-0.16935539,-0.025963854,0.2818336,0.38469028,-0.8616815,-0.22562763,0.19571242
,,1.40355,6.2143993,-7.139625,1699795579318,,-0.9666935,-6.8722287E-4,-0.098654665,,,,,,-0.1365787,0.18625288,0.030810086,0.38248605,-0.84778476,-0.2681732,0.21379597
,,1.2516855,6.5433326,-6.8059845,1699795579568,,1.2660172,-0.022678355,-0.17684536,,,,,,-0.2244265,0.23006824,0.042787887,0.38260478,-0.8367108,-0.29076397,0.2206007
,,1.448216,6.1080775,-7.056513,1699795579819,,2.2733333,-0.22915065,0.43157595,,,,,,-0.113633156,0.17044935,0.14125973,0.3919919,-0.8427626,-0.266498,0.21708295
,,1.4727825,5.1847677,-7.3375096,1699795580070,,-1.2030982,0.024969097,-0.014966187,,,,,,-0.24684867,-0.0013378063,0.26451543,0.40002006,-0.8516481,-0.22391476,0.20492503
,,1.5516658,5.4246883,-7.294519,1699795580320,,-1.75532,-0.31222826,-0.7027999,,,,,,-0.21401262,0.021953544,0.12547106,0.40415525,-0.8459531,-0.2311785,0.2158295
,,1.3229917,6.4537616,-6.8845496,1699795580571,,0.41202828,0.09155336,0.06444623,,,,,,-0.13647331,0.32632905,0.009701093,0.40963835,-0.8275295,-0.274934,0.22733301
,,1.3219547,6.419385,-6.8608613,1699795580824,,1.727831,0.04329504,0.22632541,,,,,,-0.023869412,0.33852622,0.05130768,0.41772324,-0.82386816,-0.27655232,0.22456442
,,1.4649658,5.748677,-7.307043,1699795581074,,1.2953387,0.44463322,0.47067133,,,,,,0.12144532,0.35802904,0.21714924,0.42723078,-0.83769417,-0.23558159,0.20513524
,,1.5062816,5.0761333,-7.487701,1699795581324,,-2.3075416,0.26320636,-0.20494513,,,,,,0.028229205,0.19448656,0.29608113,0.4242431,-0.8478559,-0.20355509,0.19540593
,,1.5227128,5.9370704,-7.2189865,1699795581575,,-1.4364486,-0.4954877,-0.3167334,,,,,,0.06360925,0.3520432,0.19936438,0.4166345,-0.8400297,-0.23859826,0.21225618
,,1.3323237,6.5830536,-6.851369,1699795581826,,0.8854485,0.1636354,0.01802051,,,,,,0.052398756,0.4639061,0.13072386,0.40897602,-0.82941794,-0.27576345,0.21801834
52.53686292,13.41202846,1.4825929,6.2715883,-7.0662436,1699795582000,8.057271,2.0332634,0.16607887,0.332005,,,,,,0.1072573,0.39173058,0.21287014,0.40722933,-0.8380547,-0.2611858,0.21174912
,,1.5446469,5.3667026,-7.276972,1699795582327,,-0.6130028,0.24426955,-0.20799945,,,,,,-0.026571687,0.22604968,0.46989715,0.40532345,-0.8531757,-0.21890871,0.1986369
,,1.6167506,5.277929,-7.2536826,1699795582579,,-1.7724241,-0.32994333,-0.6856957,,,,,,-0.14315094,0.0155986305,0.36432856,0.40234473,-0.85259265,-0.21753806,0.20965497
,,1.4990237,6.316015,-6.8899736,1699795582831,,-0.12614357,-0.031230463,0.12980877,,,,,,-0.11613338,0.22347368,0.18708591,0.40018147,-0.8367701,-0.26631784,0.22612445
,,1.4517255,6.500979,-6.729017,1699795583081,,1.4871503,0.39881834,0.15485422,,,,,,-0.055586588,0.2336851,0.16569439,0.40031105,-0.83105475,-0.28050116,0.22710139
,,1.5944974,5.8928833,-7.086505,1699795583334,,1.7418809,0.49961102,0.40530878,,,,,,-0.0043453495,0.19379808,0.29012516,0.40816554,-0.84210664,-0.24563451,0.2169544
,,1.6534407,5.034659,-7.249376,1699795583584,,-2.1450517,0.24488042,-0.2073886,,,,,,-0.15318425,-0.01715279,0.41708675,0.40995038,-0.8511288,-0.20860383,0.20880629
,,1.6974684,5.723792,-7.0892167,1699795583835,,-1.7712024,-0.8216895,-0.69913477,,,,,,-0.105748095,0.048936352,0.23639044,0.40740922,-0.8422384,-0.23775308,0.2238145
,,1.4830717,6.581698,-6.710672,1699795584086,,1.0198387,0.517937,-0.18784092,,,,,,-0.118255146,0.28365225,0.12626086,0.40138647,-0.82850486,-0.28139362,0.23106267
,,1.6166708,6.402316,-6.8413186,1699795584336,,2.2751658,0.12576179,0.12797616,,,,,,-0.03720868,0.25154814,0.1919469,0.40472522,-0.8318437,-0.27029175,0.22906025
,,1.675933,5.483393,-7.2421966,1699795584587,,-0.07666353,0.29436046,0.2159407,,,,,,-0.12984471,0.14477888,0.3334531,0.41363296,-0.84386456,-0.22288398,0.21395317
,,1.760001,5.2003207,-7.2312703,1699795584837,,-2.1218388,-0.29817837,-0.64293516,,,,,,-0.13499054,-0.012589697,0.36709392,0.4150054,-0.8453837,-0.2107323,0.21401702
52.53676928,13.41201869,1.6262422,6.329015,-6.905128,1699795585000,11.372513,-0.42791077,-0.05688678,0.054061532,,,,,,3.7831266E-4,0.26176888,0.16361064,0.4134036,-0.8306018,-0.25897115,0.22622116
,,1.5378671,6.6133633,-6.7680984,1699795585338,,1.4407246,0.44768754,0.2196059,,,,,,0.09088864,0.34849408,0.08155437,0.41208115,-0.8241012,-0.27861777,0.22533825
,,1.7403795,6.0522475,-7.1286974,1699795585588,,1.949575,0.0891099,0.49449503,,,,,,0.1794638,0.32297462,0.20073022,0.41739732,-0.8363547,-0.24478538,0.21720533
,,1.7156538,5.110591,-7.3402233,1699795585839,,-1.9837834,0.16485713,-0.26053384,,,,,,-0.0030962785,0.110682026,0.35463735,0.41682813,-0.84825504,-0.20544003,0.20603606
,,1.7829721,5.679125,-7.1859655,1699795586091,,-1.8475605,-0.77892894,-0.70951945,,,,,,0.009633156,0.1320749,0.17563774,0.4111531,-0.84220785,-0.22983155,0.22273442
,,1.549911,6.625486,-6.842994,1699795586342,,0.8836159,0.35605782,-0.0070249448,,,,,,-0.05312806,0.36072075,-0.018689029,0.40558955,-0.8270433,-0.27694094,0.23507816
,,1.6517655,6.443392,-6.9241114,1699795586595,,1.9306382,0.15447243,0.2886336,,,,,,-0.037432685,0.3015304,0.045511007,0.4090875,-0.8281543,-0.26988372,0.23567572
,,1.7217157,5.6223354,-7.2942014,1699795586846,,0.14569125,0.35422522,0.20433427,,,,,,-0.114118546,0.26413643,0.21649973,0.41747805,-0.84052545,-0.22429162,0.2228097
,,1.7316858,5.158846,-7.277132,1699795587096,,-2.3307545,-0.15157083,-0.4951059,,,,,,-0.20120777,0.076719716,0.312075,0.41976076,-0.84323364,-0.20696582,0.2202997
,,1.6885351,6.2520475,-6.97085,1699795587348,,-0.74067354,-0.21998768,-0.03084867,,,,,,-0.0605663,0.3349174,0.11483329,0.4176451,-0.8295671,-0.2528223,0.23343305
,,1.5242279,6.6912894,-6.716094,1699795587604,,1.4382812,0.3426188,0.24220788,,,,,,0.020608643,0.4459997,0.11448188,0.41426432,-0.8218871,-0.2796874,0.23182227
,,1.7507484,6.185925,-7.0399237,1699795587854,,2.1401649,0.1514181,0.3735438,,,,,,0.12732722,0.46007055,0.2602677,0.41675815,-0.83456355,-0.24940194,0.22247791
52.53662584,13.41206364,1.7430918,5.2468214,-7.2627745,1699795588000,8.151149,-1.6478077,0.029245151,-0.25870124,,,,,,-0.030726524,0.2741813,0.41705552,0.41532278,-0.8483624,-0.20701972,0.20882405
,,1.8126432,5.615555,-7.120482,1699795588356,,-1.7540982,-0.7587704,-0.5543598,,,,,,-0.034782007,0.21807805,0.3071654,0.4100822,-0.84443396,-0.22492345,0.22098067
,,1.5690535,6.613921,-6.774638,1699795588607,,0.77488196,0.21678063,0.09193515,,,,,,-0.021178493,0.42684412,0.12047633,0.4027802,-0.83063793,-0.27417305,0.2305309
,,1.6440285,6.5662246,-6.84786,1699795588858,,1.9373577,0.29436046,0.27397284,,,,,,0.024376253,0.42143354,0.111648925,0.4016072,-0.83215696,-0.27299616,0.22958475
,,1.7820947,5.6830344,-7.1905117,1699795589110,,0.4395172,0.59796023,0.20494513,,,,,,-0.09043365,0.3230193,0.3165712,0.4070768,-0.845512,-0.22892573,0.22021465
,,1.8281167,5.186763,-7.272586,1699795589363,,-2.0106614,-0.102090776,-0.6056724,,,,,,-0.1951683,0.08288608,0.35432196,0.4092751,-0.84851825,-0.20826028,0.22000314
,,1.805624,6.1762743,-7.066006,1699795589613,,-1.1914917,-0.28046328,-9.162972E-4,,,,,,-0.079673976,0.2693905,0.12804417,0.40835568,-0.8350817,-0.2511049,0.23534058
,,1.5952151,6.666324,-6.770412,1699795589864,,1.2568543,0.23388486,0.1725693,,,,,,-0.06585178,0.33998984,0.09860727,0.40456024,-0.82558703,-0.2808743,0.23739012
,,1.798685,6.2687964,-7.0435925,1699795590114,,2.247066,0.4482984,0.30879214,,,,,,-0.0018475811,0.3431429,0.20426959,0.40954372,-0.8345302,-0.25502458,0.23250379
,,1.8387247,5.232944,-7.3206816,1699795590365,,-1.3509275,0.0457385,-0.2764163,,,,,,-0.16390441,0.09521553,0.3609146,0.4152891,-0.845205,-0.21082097,0.2215454
,,1.904607,5.5361943,-7.2707515,1699795590617,,-1.696066,-0.7887028,-0.6044507,,,,,,-0.09875975,0.043335024,0.19334169,0.41704932,-0.839631,-0.22171073,0.23135811
,,1.6630914,6.5280185,-6.8444295,1699795590870,,0.7761037,0.14836378,0.120034926,,,,,,-0.007215649,0.290238,0.08674689,0.41454536,-0.824486,-0.27030617,0.23932543
52.5364983,13.41211963,1.704248,6.543492,-6.828717,1699795591000,8.760801,1.750433,0.2070068,0.44623673,,,,,,0.07075496,0.32573742,0.1485097,0.41441143,-0.824848,-0.27202696,0.23662716
,,1.8954346,5.7962933,-7.2903724,1699795591374,,0.5225948,0.4482984,0.27458373,,,,,,0.06982011,0.34966698,0.23776564,0.41884556,-0.839799,-0.22696012,0.22399431
,,1.962992,5.1738405,-7.374041,1699795591624,,-2.2733333,0.07994693,-0.5439751,,,,,,-0.021387987,0.13618803,0.33886382,0.41678527,-0.8466839,-0.20224783,0.22027911
,,1.902613,6.211049,-7.068398,1699795591874,,-0.7797689,-0.14424044,0.008246674,,,,,,0.08960646,0.37142667,0.16499656,0.4089966,-0.8365333,-0.24610431,0.2325308
,,1.6607783,6.7832537,-6.7563734,1699795592128,,1.2599086,0.11232276,0.17318016,,,,,,0.06606389,0.5118206,0.13226455,0.3989018,-0.82953036,-0.28006503,0.23282413
,,1.8804395,6.230751,-7.042076,1699795592378,,2.112676,0.33284494,0.2941314,,,,,,0.07801921,0.3615718,0.26178062,0.3980285,-0.8407925,-0.2562245,0.22647294
,,1.857389,5.267242,-7.301379,1699795592634,,-1.782198,0.12820524,-0.014355322,,,,,,-0.14224379,0.14929506,0.43147093,0.39839017,-0.8537778,-0.21386747,0.21494438
,,1.9310876,5.587003,-7.1569333,1699795592886,,-1.5757257,-0.81863517,-0.8133665,,,,,,-0.12545283,0.08913782,0.34163705,0.394208,-0.8489229,-0.23133656,0.2269961
,,1.7418153,6.658348,-6.787002,1699795593137,,1.1230749,0.5167152,0.18234314,,,,,,-0.07622533,0.33742428,0.08962035,0.39022186,-0.8328349,-0.28336138,0.23569046
,,1.9349159,6.541578,-6.959763,1699795593389,,1.7296636,-0.13141228,0.33078328,,,,,,-0.08614414,0.27372107,-0.04110098,0.39192355,-0.83341634,-0.2812599,0.23426104
,,2.100659,5.720361,-7.3353567,1699795593640,,0.0736092,0.49411324,0.040011644,,,,,,-0.021511372,0.25801387,0.18230137,0.3976616,-0.84787726,-0.23404275,0.22274193
,,2.2002802,5.3897533,-7.471269,1699795593892,,-2.0900738,-0.38553202,-0.8713986,,,,,,-0.026617257,0.13827255,0.07757794,0.39665556,-0.8529447,-0.21366091,0.22149749
52.53636541,13.41217072,2.0374885,6.410212,-7.008498,1699795594000,8.917673,-0.06933315,-0.06971494,0.03695732,,,,,,-7.8394613E-4,0.31910756,-0.051776696,0.3912629,-0.83880305,-0.26292104,0.23473532
,,1.8523637,6.829675,-6.778947,1699795594395,,1.565341,0.22411102,0.24770567,,,,,,0.04349376,0.3778227,-0.13654687,0.3909749,-0.8294299,-0.28838715,0.23617025
,,2.0090938,6.2140017,-7.1208816,1699795594646,,1.9275838,0.25587597,0.3081813,,,,,,0.06466762,0.300925,0.05477492,0.3973901,-0.8402987,-0.2546663,0.2304803
,,1.8719054,5.298826,-7.183413,1699795594897,,-2.0381503,0.023747368,-0.16523892,,,,,,-0.03907393,0.11744314,0.42950013,0.40198517,-0.8505357,-0.21262415,0.22005929
,,1.8380071,5.793342,-6.9917474,1699795595148,,-1.5512911,-0.5816196,-0.82191855,,,,,,-0.14630672,0.084513575,0.30035254,0.40162268,-0.8425483,-0.23451051,0.23305367
,,1.6430717,6.6393647,-6.6611395,1699795595398,,1.1762202,0.9168317,-0.2403753,,,,,,-0.22424372,0.26654464,0.19322182,0.4022555,-0.8250951,-0.28117922,0.24242099
,,1.9013368,6.5504313,-6.9781876,1699795595649,,2.0693045,0.11598795,0.57879436,,,,,,0.036436222,0.3270892,0.08938732,0.410878,-0.8256904,-0.2707716,0.24066454
,,2.0383656,5.642196,-7.2534423,1699795595901,,-0.13041963,0.46357,0.332005,,,,,,0.15278572,0.09750852,0.35250613,0.41870013,-0.83956033,-0.22357076,0.2243206
,,2.0508087,5.400123,-7.247939,1699795596153,,-1.9813399,0.018249584,-0.4816669,,,,,,0.14969018,-0.039709218,0.39287204,0.41818428,-0.84341824,-0.20922615,0.22068234
,,2.0197818,6.7343607,-6.906962,1699795596403,,-0.33811367,0.27359107,0.19822562,,,,,,0.46276626,0.21887957,0.15008138,0.4140384,-0.8307999,-0.2564979,0.2311906
,,1.9276578,7.0443907,-6.775437,1699795596653,,1.2104286,0.1984547,0.34544402,,,,,,0.56126034,0.258207,0.074263304,0.41124466,-0.8246306,-0.27931407,0.22869311
,,1.9963319,6.585367,-7.023094,1699795596904,,1.9501858,-0.042836893,0.5238165,,,,,,0.6670598,0.28802127,0.22747585,0.41162008,-0.8384764,-0.24900022,0.21915412
52.5362511,13.41213498,1.9599608,5.602076,-7.1427355,1699795597000,10.177113,-1.6636902,-0.031230463,-0.2452622,,,,,,0.4070448,0.018935064,0.46709618,0.40640888,-0.85311455,-0.2079591,0.20764452
,,1.9461623,6.0150766,-7.0889764,1699795597406,,-1.776013,-0.64492047,-0.722424,,,,,,0.17290291,0.14033124,0.3676731,0.39869633,-0.84972924,-0.22746539,0.22129962
,,1.6656437,6.867081,-6.735158,1699795597658,,0.7267,0.32574365,0.057650365,,,,,,0.111705706,0.37956098,0.1841005,0.39223295,-0.8357828,-0.27427927,0.2309378
,,1.6667606,6.5464444,-6.8439517,1699795597908,,1.6741513,0.09666935,0.37835437,,,,,,-0.051619995,0.3342755,0.19979988,0.39121443,-0.8366123,-0.27336317,0.23138984
,,1.7140584,5.771569,-7.112906,1699795598159,,0.91362464,0.46746427,0.17799072,,,,,,-0.18020512,0.2620488,0.3804732,0.39471924,-0.8494588,-0.2348756,0.22160347
,,1.7333605,5.1550975,-7.2201037,1699795598410,,-2.3752713,0.170584,-0.35651594,,,,,,-0.34847066,-0.006195426,0.4534313,0.3963498,-0.85331607,-0.21276389,0.21975182
,,1.7034503,6.118688,-7.023174,1699795598661,,-1.2042435,-0.45677415,-0.31009024,,,,,,-0.2298877,0.1849433,0.20013362,0.39597204,-0.8403867,-0.25360897,0.23474823
,,1.4604992,6.699745,-6.6668024,1699795598912,,1.1158209,0.21884231,0.12240203,,,,,,-0.20881054,0.29813328,0.100862615,0.39550027,-0.8277042,-0.286029,0.23770516
,,1.7671795,6.351509,-6.953303,1699795599161,,2.204382,-0.2930624,0.18409938,,,,,,-0.014041948,0.25239423,0.1690391,0.4007427,-0.8349451,-0.26518786,0.2332705
,,1.7182862,5.415915,-7.1551785,1699795599412,,-0.63613933,0.310472,-0.33085963,,,,,,-0.16513062,0.1429441,0.4440173,0.40603393,-0.84701806,-0.22120456,0.21891086
,,1.8407187,5.4333024,-7.1645904,1699795599661,,-1.7741804,-0.46654797,-0.86170113,,,,,,-0.13176766,0.009423947,0.3513715,0.40890518,-0.84360546,-0.22210614,0.22624847
,,1.6634105,6.5340014,-6.7858853,1699795599911,,-0.16577344,-0.17272201,0.30077454,,,,,,-0.011702301,0.3437839,0.17200357,0.40760878,-0.82847136,-0.26930624,0.23606052
52.53613987,13.41209722,1.604627,6.7447286,-6.6900125,1699795600000,11.729697,1.6710969,0.12171481,0.33253953,,,,,,0.025735604,0.4481865,0.17781407,0.4057999,-0.8257311,-0.27987862,0.2343957
,,1.7663021,6.1285768,-7.1211996,1699795600411,,1.2196679,-0.28817546,0.38934994,,,,,,0.04323585,0.47177607,0.28699467,0.40768185,-0.8411178,-0.24228778,0.2235325
,,1.6639688,5.4056253,-7.125188,1699795600663,,-2.100382,-0.016951498,-0.3229184,,,,,,-0.17974705,0.26042673,0.46753627,0.40581915,-0.8505954,-0.21046786,0.21720648
,,1.7497116,5.989555,-7.156693,1699795600913,,-1.577482,-0.8489493,-0.7126501,,,,,,-0.12817645,0.18034537,0.014340909,0.40238965,-0.84137213,-0.24180092,0.23404938
,,1.4839491,6.7305307,-6.7278996,1699795601162,,0.41699156,0.023976443,0.07658717,,,,,,-0.15614386,0.3625314,-0.0061973887,0.3958416,-0.8297805,-0.28305328,0.2380658
,,1.7060826,6.522356,-6.8155565,1699795601414,,1.7682245,0.012370012,0.34597853,,,,,,5.0084986E-4,0.31468818,0.052269094,0.39379108,-0.8352934,-0.27433088,0.23539874
,,1.7539389,5.510432,-7.093203,1699795601665,,-0.068035066,0.51083565,0.1107956,,,,,,-0.13557726,0.040344905,0.27556875,0.3975148,-0.84867674,-0.23257832,0.2236518
,,1.9055642,5.139145,-7.1065235,1699795601916,,-2.0722823,-0.05054906,-0.68271774,,,,,,-0.18482001,-0.2648921,0.27081707,0.39836073,-0.8486614,-0.22299288,0.22922622
,,1.8081765,6.0843105,-6.916614,1699795602165,,-0.53717923,-0.21731515,0.052763447,,,,,,-0.12512334,-0.08960675,-0.0020682653,0.3976042,-0.8332055,-0.26759687,0.24288355
,,1.6847864,6.6199822,-6.5303335,1699795602416,,1.6100105,0.5083922,0.105908684,,,,,,-0.047810197,0.121988624,0.12678605,0.3955469,-0.8248425,-0.28978676,0.24431768
,,1.9008583,6.223014,-6.88774,1699795602666,,2.145128,-0.03161225,0.34964374,,,,,,0.088883094,0.12858678,0.14325938,0.40223223,-0.8333576,-0.26238075,0.23958987
,,1.8597019,5.2743397,-7.2090154,1699795602916,,-1.5695407,0.08384119,-0.14515674,,,,,,-0.09585827,-0.13009672,0.25970778,0.40919563,-0.8427849,-0.22062144,0.2274442
52.53602176,13.41208725,1.9315662,5.7860847,-7.114819,1699795603000,12.213106,-1.5249475,-0.7310524,-0.62040955,,,,,,-0.027807971,-0.0080759525,0.1372431,0.41025302,-0.83647543,-0.23591219,0.2379946
,,1.6231314,6.7159343,-6.6932034,1699795603419,,0.7285326,0.21823144,0.14989094,,,,,,0.008844604,0.27388164,0.02373789,0.40836683,-0.82220215,-0.2804633,0.24255536
,,1.7357537,6.638089,-6.714659,1699795603670,,1.8409173,0.12538,0.20609051,,,,,,0.108129345,0.27480432,0.10263976,0.40924314,-0.8237728,-0.2792516,0.23869136
,,1.7836899,5.783452,-7.086823,1699795603921,,0.4909062,0.59391326,0.24579671,,,,,,0.03852677,0.17606618,0.3316246,0.4148982,-0.8387804,-0.23710613,0.22412075
,,1.8262821,5.2248073,-7.1901135,1699795604171,,-2.1052692,0.05146536,-0.5159517,,,,,,-0.10753348,-0.043557566,0.38143387,0.41306743,-0.8449868,-0.21499929,0.221702
,,1.7294525,6.2049084,-6.909754,1699795604422,,-1.1688133,-0.41828966,-0.073685564,,,,,,-0.064865194,0.1953714,0.19006146,0.40782818,-0.83338,-0.2572376,0.23717302
,,1.5350755,6.720801,-6.642794,1699795604672,,1.2862521,0.48395762,0.11568252,,,,,,-0.030327542,0.30544892,0.092488416,0.40256533,-0.82371706,-0.28980052,0.23818584
,,1.7295322,6.3470416,-6.937192,1699795604922,,2.0614395,0.13698642,0.28489205,,,,,,0.05474862,0.3045908,0.19497447,0.40625966,-0.83279914,-0.26645544,0.23189417
,,1.742613,5.37412,-7.253603,1699795605173,,-1.3056471,0.009315688,-0.18547381,,,,,,-0.099843994,0.11013941,0.3463556,0.41178066,-0.84493566,-0.22109608,0.21893722
,,1.8365711,5.6185074,-7.2052684,1699795605423,,-1.7992258,-0.8300125,-0.60513794,,,,,,-0.07922418,0.04432146,0.2188846,0.41166314,-0.8404164,-0.23066877,0.22877307
,,1.5707284,6.6916885,-6.7917085,1699795605675,,0.7242566,0.29825473,0.08147409,,,,,,-0.0032327534,0.32268667,0.03299486,0.40749392,-0.82469785,-0.28042516,0.23721543
,,1.6000007,6.7298126,-6.761,1699795605926,,1.8195372,0.12721258,0.3777435,,,,,,0.054158106,0.3233176,0.025286531,0.40737873,-0.82292503,-0.285586,0.23675147
52.53590025,13.41211501,1.685265,5.8432727,-7.0584273,1699795606000,9.763429,0.6540071,0.7221949,0.049709123,,,,,,-0.04718499,0.13199255,0.25761935,0.41443616,-0.83605653,-0.24363802,0.22697692
,,1.7145373,5.215955,-7.1331635,1699795606430,,-2.371606,-0.010231985,-0.5434406,,,,,,-0.19085497,-0.15429315,0.32689163,0.4188644,-0.8394772,-0.21906209,0.22601928
,,1.6584655,6.2615376,-6.8995447,1699795606681,,-0.9000329,-0.43722647,0.0240528,,,,,,-0.097834356,0.10087568,0.04615229,0.41842878,-0.82453716,-0.26104757,0.24315557
,,1.4876975,6.855916,-6.6088967,1699795606931,,1.259985,0.2829831,0.14744748,,,,,,-0.06477029,0.27213076,-0.068593375,0.41648015,-0.8125278,-0.29286802,0.248079
,,1.7304893,6.368737,-6.9109507,1699795607181,,2.2514186,0.058795735,0.26534438,,,,,,0.021232883,0.20708612,0.08171599,0.42469582,-0.82066065,-0.26537833,0.24247745
,,1.7514666,5.3603215,-7.1754375,1699795607432,,-1.8218279,0.27198756,-0.16165009,,,,,,-0.13136688,0.014238862,0.33572182,0.43305165,-0.83248657,-0.21768206,0.22778465
,,1.8513266,5.7380686,-7.1176906,1699795607685,,-1.6428444,-0.83795375,-0.6601158,,,,,,-0.036478825,0.063766636,0.18877211,0.4346547,-0.82639664,-0.22912522,0.23750134
,,1.6492925,6.805347,-6.7342815,1699795607935,,0.8678098,0.21517712,0.06314815,,,,,,0.051966872,0.37352186,0.01930375,0.42848435,-0.81147504,-0.2791068,0.24594879
,,1.7037693,6.730132,-6.7043715,1699795608185,,1.9820272,0.033139415,0.45287988,,,,,,0.119975396,0.3449152,0.1268728,0.42597288,-0.81400913,-0.27951634,0.24224824
,,1.8287544,5.756813,-7.005069,1699795608437,,-0.07047852,0.42164943,0.12851068,,,,,,0.037257552,0.13299447,0.40992782,0.4285504,-0.830653,-0.23464662,0.22905903
,,1.8794824,5.2762547,-7.066962,1699795608689,,-2.1846814,-0.13240494,-0.7560215,,,,,,-0.11668931,-0.1454893,0.43845776,0.42567942,-0.8356888,-0.21868119,0.229696
,,1.7368699,6.4098134,-6.745128,1699795608938,,-0.30443972,0.14676027,-0.043142326,,,,,,-0.08752253,0.07436533,0.15647551,0.41881767,-0.820482,-0.269182,0.24796978
52.53576217,13.41213965,1.5196817,6.8350973,-6.5030546,1699795609000,8.040417,1.7156901,1.0312924,0.32337654,,,,,,-0.125189,0.17794965,0.0664703,0.41518635,-0.8111456,-0.29628736,0.25203606
,,1.6197814,6.3563747,-6.9194055,1699795609440,,1.6448298,0.4411971,0.25801402,,,,,,-0.094209276,0.3511589,0.08301811,0.4238495,-0.82193476,-0.25926095,0.24456377
,,1.8259628,5.451887,-7.408179,1699795609698,,-2.4430773,0.15531237,-0.20196716,,,,,,-0.023827743,0.11782983,0.054065228,0.4328841,-0.83079743,-0.21505617,0.23346882
,,1.7675781,6.132406,-7.1535826,1699795609948,,-1.2689952,-0.5166389,-0.35101816,,,,,,0.027013224,0.2514833,-0.08422262,0.43502867,-0.8191927,-0.2414418,0.24650449
,,1.4770896,7.0140014,-6.762436,1699795610199,,0.8549816,0.3318523,0.069867656,,,,,,0.10374044,0.4892551,-0.2315499,0.43494034,-0.8020898,-0.28542617,0.25421917
,,1.6638094,6.7769523,-6.9116683,1699795610452,,2.398026,-0.07925971,0.3759109,,,,,,0.28038776,0.47092298,-0.11353895,0.4409043,-0.8058981,-0.2722999,0.24942042
,,1.853321,5.8614583,-7.2993846,1699795610702,,-0.71433,-0.09392046,0.07536544,,,,,,0.22176161,0.37601554,0.1574472,0.44797018,-0.8211306,-0.22321232,0.23314479
,,2.1146967,5.598009,-7.232625,1699795610954,,-1.9036838,-0.8129083,-1.0663408,,,,,,0.2793043,-0.10438326,0.10980163,0.4468591,-0.8211113,-0.22144958,0.23679906
,,1.6047065,6.638807,-6.438926,1699795611205,,0.3888918,0.7020363,0.14072797,,,,,,0.10010362,0.079564445,0.27348107,0.44131982,-0.80531657,-0.27507907,0.25067505
,,1.5894724,6.8727446,-6.4679594,1699795611458,,1.8238132,0.34162614,0.4266127,,,,,,0.22807771,0.29260406,0.13066903,0.44186482,-0.8018802,-0.2851499,0.24911867
,,1.808894,6.1686964,-6.8405213,1699795611709,,0.94844395,0.4393645,0.3191005,,,,,,0.23624092,0.33392927,0.36048996,0.44681266,-0.8179305,-0.24198936,0.2350205
,,1.8116062,5.3672614,-6.917251,1699795611960,,-2.5658612,0.33124143,-0.25266895,,,,,,0.026018612,0.10052156,0.5466284,0.44467735,-0.8294044,-0.20800003,0.22580293
52.53564174,13.41216577,1.7822541,6.164071,-6.641279,1699795612000,6.7982817,-1.2867103,-0.45188722,-0.24900375,,,,,,0.1451263,0.15591834,0.27737904,0.43563244,-0.82042843,-0.2457111,0.24052505
,,1.4258829,6.937112,-6.286344,1699795612461,,1.241659,0.2933678,0.14805835,,,,,,0.016630165,0.49155492,0.28245035,0.42483407,-0.8099067,-0.2862363,0.24573162
,,1.8108082,6.592545,-6.6880193,1699795612712,,2.2874596,0.028863361,0.14683662,,,,,,0.10953676,0.46717396,0.17148016,0.42235267,-0.8198044,-0.26764175,0.24210154
,,1.8805988,5.4853854,-6.967899,1699795612963,,-1.1804198,0.1669188,-0.14210242,,,,,,-0.10466417,0.053435046,0.47644103,0.42295164,-0.83471364,-0.22343978,0.2288319
,,1.93356,5.5787864,-6.939824,1699795613213,,-1.9189553,-0.5557342,-0.6601158,,,,,,-0.16996175,-0.10395117,0.3159959,0.42000347,-0.8314053,-0.23110677,0.24027102
,,1.7008979,6.6247697,-6.6359353,1699795613498,,0.8244384,0.41248643,0.19387321,,,,,,-0.14105526,0.13390331,-0.02062664,0.41551822,-0.8138311,-0.28306425,0.2554688
,,1.7366308,6.6692753,-6.6094556,1699795613750,,2.1518476,-0.054825112,0.17066035,,,,,,-0.09104215,0.16339085,0.067726724,0.41993368,-0.81062424,-0.28485283,0.25670743
,,1.8952751,5.6770506,-6.9766726,1699795614004,,-0.2543488,0.6519454,0.0032833982,,,,,,-0.09352139,-0.04121127,0.31621855,0.4336443,-0.8233903,-0.23543818,0.24363802
,,1.9050859,5.1522245,-7.0545993,1699795614256,,-2.0215807,-0.19410229,-0.7254783,,,,,,-0.23797396,-0.23921652,0.39617518,0.44099045,-0.8255669,-0.21141504,0.2429206
,,1.7641485,6.243512,-6.665925,1699795614508,,-0.26962045,-0.21181737,0.030772313,,,,,,-0.1527756,0.004222679,0.1411976,0.4394835,-0.80864424,-0.2567166,0.26147476
,,1.6245673,6.870193,-6.405427,1699795614759,,1.5513675,0.70692325,0.16943862,,,,,,-0.03608097,0.19276103,0.044183906,0.43984827,-0.79693997,-0.286992,0.26476896
52.53551766,13.41218684,1.8620946,5.3411794,-6.989993,1699795615000,6.1136117,-2.3728278,0.18096869,-0.20013458,,,,,,-0.08964546,-0.06388307,0.36246493,0.4552277,-0.8186508,-0.21097007,0.241093
,,1.8545172,6.3212795,-6.765946,1699795615010,,1.4970005,0.56398094,0.35575238,,,,,,0.070358746,0.1968982,0.19786361,0.44969326,-0.8073165,-0.25295463,0.254
,,1.9157735,5.9964933,-6.816992,1699795615511,,-1.4669154,-0.72555465,-0.270384,,,,,,-1.3639926E-4,0.044194616,0.16950078,0.44868675,-0.81161225,-0.23741403,0.2547855
,,1.6190635,6.8847885,-6.4428344,1699795615761,,0.8733076,0.3507891,0.077198036,,,,,,0.02420206,0.241924,-0.023307372,0.4390598,-0.79834926,-0.28493595,0.2626807
,,1.8325031,6.715776,-6.6966324,1699795616011,,2.5030947,0.102778,0.14133884,,,,,,0.083131395,0.2364504,-0.05458247,0.44111168,-0.80218565,-0.27372992,0.26138335
,,1.9477576,5.6686773,-6.9798636,1699795616262,,-1.0948987,0.048411034,-0.1995237,,,,,,-0.053354662,-0.009705329,0.24928418,0.44988295,-0.8150875,-0.22460549,0.24905123
,,2.0328624,5.7014585,-6.746005,1699795616513,,-1.6660573,-1.0474803,-0.65706146,,,,,,-0.0044145426,-0.18831185,0.23659135,0.452217,-0.81187403,-0.22363591,0.25571495
,,1.8515662,6.96806,-6.545806,1699795616765,,0.63751376,0.23044874,0.2861138,,,,,,0.15011628,0.13810393,-0.2264248,0.45127743,-0.7926708,-0.2760452,0.27010018
,,1.7631911,7.01464,-6.556494,1699795617015,,1.8525238,0.38438666,0.4993056,,,,,,0.105299346,0.13823332,-0.21547665,0.45843753,-0.78636897,-0.2824353,0.2704634
,,1.95693,6.24112,-6.9090366,1699795617267,,0.20685409,0.35017824,0.16149737,,,,,,0.09963811,0.12109996,-0.039377023,0.47343895,-0.7984505,-0.23232017,0.25750875
,,1.9675385,5.497909,-6.9386272,1699795617516,,-2.1168756,-0.3755291,-0.71387184,,,,,,0.0109128,-0.124412306,0.2017248,0.479699,-0.80512965,-0.20160757,0.2485497
,,1.8344178,6.5171714,-6.7113886,1699795617767,,-0.66790426,-0.37919432,0.102854356,,,,,,0.09798376,0.17094226,-0.0889947,0.4745708,-0.7926844,-0.243313,0.26221523
52.53539125,13.41218284,1.7941383,6.323433,-6.7137017,1699795618000,5.25874,1.9484296,0.36422813,0.4822014,,,,,,0.009189988,0.2397528,0.22294466,0.47202057,-0.7950758,-0.24479248,0.25890353
,,1.612603,7.023493,-6.585605,1699795618018,,1.5556436,0.56459177,0.199371,,,,,,0.036365487,0.34669903,-0.16795066,0.46844324,-0.783145,-0.2758273,0.26702753
,,1.9091535,5.416952,-6.914539,1699795618521,,-2.1113777,0.07467822,-0.24411684,,,,,,-0.060646426,0.041610885,0.43923074,0.47330147,-0.80886674,-0.2030593,0.24420537
,,2.009971,5.8818765,-6.8020763,1699795618771,,-1.5793145,-0.8758274,-0.30520332,,,,,,0.079163924,0.06833007,0.36320183,0.46688998,-0.8038359,-0.22715706,0.25409678
,,1.7292134,6.902815,-6.4729834,1699795619023,,0.9026291,0.35017824,0.20059273,,,,,,0.10009814,0.36694166,0.12910905,0.45573753,-0.79162705,-0.2778249,0.26240218
,,1.8975085,6.6897736,-6.517489,1699795619275,,2.1799474,-0.007788526,0.29527676,,,,,,0.21176472,0.33233547,0.24694267,0.45279318,-0.7980788,-0.27026665,0.25758073
,,1.98365,5.715655,-6.8633323,1699795619525,,-0.82611823,0.023365578,-0.0058795735,,,,,,0.07040279,0.1720912,0.5127098,0.45555368,-0.8154773,-0.22152667,0.2434104
,,2.0880568,5.607819,-6.879205,1699795619776,,-1.9177337,-0.73960453,-0.7114284,,,,,,0.026615445,0.033064604,0.44024888,0.44990757,-0.8180708,-0.21732484,0.2484894
,,1.8602602,6.8010397,-6.4944406,1699795620026,,0.4890736,-0.0016798781,0.18287764,,,,,,0.08019159,0.32897052,0.15114024,0.4388397,-0.80387044,-0.27210823,0.2633065
,,1.7640687,7.0266848,-6.3657064,1699795620278,,1.7572289,0.27931792,0.28367034,,,,,,0.06115752,0.36803526,0.108996965,0.43079412,-0.8015945,-0.28918418,0.26442376
,,1.9984058,6.17444,-6.7965746,1699795620528,,0.36262462,0.56153744,0.15172353,,,,,,0.055645227,0.11490655,0.22802672,0.43427083,-0.8164915,-0.24810393,0.25580853
,,2.0106091,5.4696736,-6.9245095,1699795620781,,-2.146808,-0.26435173,-0.817108,,,,,,-0.16391152,-0.19962014,0.30748737,0.4351874,-0.8233241,-0.22055094,0.2545315
52.53527037,13.41222247,1.6430717,7.065527,-6.4049478,1699795621000,5.020091,1.4768419,0.49312058,0.3429242,,,,,,-0.089302935,0.18835841,-0.1373962,0.42980245,-0.79612464,-0.2982433,0.2736892
,,1.9112271,6.4520874,-6.6680784,1699795621033,,-0.40645415,-0.21548255,-0.10545053,,,,,,-0.11199477,0.010732698,-0.023828156,0.43064097,-0.80863994,-0.26408097,0.27013656
,,1.8380866,6.4530444,-6.7324452,1699795621534,,1.6918664,0.41370818,0.24335326,,,,,,-0.06830447,0.096785314,0.011754115,0.4400083,-0.80482376,-0.26448035,0.2669956
,,1.9298912,5.4694347,-7.04423,1699795621785,,-2.3264022,-0.1763872,-0.2673297,,,,,,-0.19448613,-0.14858046,0.18797836,0.45189223,-0.8145212,-0.21710025,0.25635323
,,1.8668002,6.0599036,-6.7609997,1699795622036,,-1.4406482,-0.42134398,-0.4701368,,,,,,-0.17079537,0.045064855,0.13628417,0.45290738,-0.8046967,-0.23921165,0.26598436
,,1.6370094,7.055716,-6.479045,1699795622286,,1.2648718,0.21090107,2.290743E-4,,,,,,-0.029606305,0.36447605,-0.11818736,0.4512353,-0.78809166,-0.28639725,0.2721409
,,1.7349555,6.725188,-6.6495743,1699795622537,,2.402302,-0.024281874,0.50602514,,,,,,0.065103024,0.32791415,0.0127012255,0.45960897,-0.79262984,-0.2696403,0.26332152
,,1.8514065,5.667321,-6.99119,1699795622788,,-1.7418046,-0.18493931,-0.124998204,,,,,,-0.052177265,0.13204017,0.27217403,0.46796492,-0.80785316,-0.21718125,0.24668424
,,1.8049859,5.807381,-6.8199434,1699795623040,,-1.6599487,-0.82084954,-0.7700714,,,,,,-0.08769927,0.08610765,0.27650273,0.4649353,-0.80630016,-0.22437185,0.25072035
,,1.4910474,6.8858256,-6.4365325,1699795623290,,0.7102067,0.52855074,0.15538873,,,,,,-0.024788512,0.321534,0.03516682,0.4569847,-0.7908223,-0.27967846,0.26091698
,,1.5401005,6.9124656,-6.555057,1699795623541,,2.352822,0.01970039,0.27328563,,,,,,0.08362004,0.40559986,-0.022297638,0.45940244,-0.7906528,-0.28004852,0.25735542
,,1.6882961,5.772605,-6.9124656,1699795623792,,-1.0197624,-0.117744185,0.0026725335,,,,,,-0.031069068,0.120355405,0.3036214,0.46959466,-0.8059772,-0.22687374,0.24192116
52.53512443,13.41226353,1.4849058,6.645267,-6.5386267,1699795624000,4.301406,0.8873575,0.3507891,0.061926417,,,,,,-0.026570905,0.17675115,0.06561686,0.46154988,-0.79172534,-0.27325788,0.2578863
,,1.7138993,5.514022,-6.910311,1699795624044,,-1.8578689,-0.8611666,-0.83726656,,,,,,-0.09976656,-0.05974737,0.33391598,0.4683096,-0.80906373,-0.21742271,0.24271658
,,1.4582657,6.939744,-6.576993,1699795624547,,2.4316237,0.18952079,0.3013854,,,,,,0.0906097,0.2807302,-0.0042340118,0.46585408,-0.78401816,-0.28772885,0.25870198
,,1.6952349,5.9468017,-7.0045104,1699795624799,,-0.33681557,0.32940882,0.35514152,,,,,,0.07940046,0.14775085,0.2699119,0.4792888,-0.79716617,-0.2358919,0.24216022
,,1.7363122,5.3152566,-7.0931244,1699795625051,,-2.1071017,-0.8287908,-0.73403037,,,,,,-0.038239557,-0.13198632,0.4590144,0.4821443,-0.80435145,-0.21070537,0.23491213
,,1.5140985,6.485825,-6.7811804,1699795625302,,0.33024877,0.08811724,0.066813335,,,,,,0.011897897,0.22807993,0.15624528,0.4710477,-0.7923117,-0.26054907,0.24706848
,,1.4174284,6.9887958,-6.601479,1699795625552,,1.919719,0.35323256,0.4351648,,,,,,0.04259329,0.3829266,0.053776883,0.46597025,-0.78494453,-0.28704166,0.25134575
,,1.6704293,6.1643095,-6.9742804,1699795625802,,0.4664716,0.43020153,0.20242532,,,,,,-0.0016148448,0.20900784,0.2420349,0.4704781,-0.80011874,-0.24309757,0.24233732
,,1.8150356,5.3134217,-7.098228,1699795626052,,-2.5328743,-0.2997819,-0.7144827,,,,,,-0.15138896,-0.10795693,0.37875378,0.46879297,-0.8122695,-0.20939976,0.23698215
,,1.6684356,6.3240714,-6.7404203,1699795626302,,-0.24457498,-0.15439607,0.01244637,,,,,,-0.13170947,0.10618916,0.1351804,0.4562619,-0.80142885,-0.2543162,0.25451967
,,1.4653646,7.0997443,-6.5068026,1699795626554,,1.7645593,0.5450441,0.4351648,,,,,,-0.11325037,0.33602843,-0.11008121,0.44951698,-0.7897861,-0.29354125,0.26429936
,,1.7084755,6.3736815,-6.8578296,1699795626806,,1.0351868,0.4338667,0.22991423,,,,,,-0.096215405,0.1522651,0.03367804,0.4576275,-0.7999613,-0.2569822,0.25651246
52.53498392,13.41230485,1.6925234,6.272944,-6.808777,1699795627000,4.3384833,-0.6288089,-0.36086836,-0.18669555,,,,,,-0.13607976,0.11636274,0.10281331,0.4588385,-0.8013747,-0.24686247,0.25703034
,,1.8394427,5.452286,-7.1024556,1699795627057,,-2.5139377,-0.15256348,-0.51778424,,,,,,-0.1904934,-0.11146077,0.25171143,0.46337092,-0.81180346,-0.21444345,0.24670412
,,1.4520446,7.2334223,-6.562715,1699795627558,,1.675373,0.41920596,0.20059273,,,,,,-0.036516104,0.43615064,-0.13751303,0.4547593,-0.7871214,-0.29085574,0.26527277
,,1.5593228,6.5904713,-6.8303127,1699795627809,,1.5904628,0.22678354,0.37407833,,,,,,-0.044122994,0.31285495,0.042250395,0.46342114,-0.79522985,-0.26160026,0.25574487
,,1.7210776,5.550072,-7.0991063,1699795628068,,-2.4424665,0.009315688,-0.41271552,,,,,,-0.11940697,0.026738118,0.34279335,0.47128242,-0.8089764,-0.2126519,0.24228738
,,1.602314,6.098428,-6.813403,1699795628319,,-1.1052835,-0.2234238,-0.35162905,,,,,,-0.12531169,0.14405577,0.28313935,0.4668731,-0.80152965,-0.23629552,0.2517684
,,1.3988441,7.13109,-6.577071,1699795628571,,1.6008475,0.5743656,0.24640758,,,,,,-0.012654207,0.44632384,-0.013490184,0.4614395,-0.7861518,-0.2854306,0.262309
,,1.5357134,6.6304326,-6.77735,1699795628820,,1.8341979,0.274431,0.40278897,,,,,,0.009684094,0.31983095,0.09917394,0.4672856,-0.79241043,-0.26519495,0.25426525
,,1.7257036,5.555895,-7.062894,1699795629071,,-2.2402701,0.056352276,-0.36140287,,,,,,-0.08634238,0.052531973,0.39799565,0.47332874,-0.80823654,-0.2138136,0.24049202
,,1.71685,5.8912888,-6.935995,1699795629321,,-1.5994731,-0.6852376,-0.43409577,,,,,,-0.09993242,0.040613722,0.2376297,0.46733925,-0.8042933,-0.22889131,0.24986328
,,1.4928819,7.032665,-6.6041102,1699795629578,,1.142088,0.5780308,0.14133884,,,,,,-0.04324567,0.33637494,-0.065811425,0.45924312,-0.78832805,-0.28243116,0.26366156
,,1.5991232,6.802077,-6.741059,1699795629830,,1.9856924,-0.017562363,0.32032222,,,,,,0.0022016088,0.33040535,-0.0017213344,0.46241748,-0.7912796,-0.272134,0.26056606
52.53483011,13.41231665,1.8774883,5.848537,-6.976754,1699795630000,4.646571,-1.8316017,-0.93752474,-0.60819227,,,,,,-0.1384461,0.045512423,0.22273496,0.46472406,-0.80612695,-0.22327486,0.25549462
,,1.8497316,5.692207,-7.000043,1699795630080,,-1.6593378,-0.098196514,-0.23922992,,,,,,-0.09293713,0.027253803,0.31154063,0.46834508,-0.80726707,-0.21965997,0.24889499
,,1.5943378,6.959924,-6.575556,1699795630580,,0.73097605,0.46196648,0.08452842,,,,,,-0.13367875,0.28825802,-0.018486293,0.45734993,-0.7890874,-0.2777957,0.27047542
,,1.632224,7.020383,-6.529534,1699795630833,,2.2691336,0.09117157,0.4351648,,,,,,-0.08639984,0.38897407,0.04496749,0.46084157,-0.78729546,-0.27755922,0.27061132
,,1.8637695,5.898468,-6.812286,1699795631084,,-0.8731548,-0.047494736,-0.041920595,,,,,,-0.16086672,0.15506563,0.37496692,0.47108576,-0.8016192,-0.22362685,0.25880516
,,1.9203199,5.6495347,-6.8346195,1699795631336,,-1.8645884,-0.8300125,-0.72120225,,,,,,-0.23528142,-0.05131561,0.38917056,0.4725098,-0.802771,-0.21350144,0.26041722
,,1.6218553,6.823055,-6.493642,1699795631586,,0.6460659,0.33735007,0.044822205,,,,,,-0.16975912,0.28823626,0.11566828,0.46746296,-0.7853463,-0.26628748,0.27402037
,,1.5318851,7.028438,-6.351508,1699795631846,,2.073046,0.12049308,0.5860484,,,,,,-0.08109829,0.32253277,0.10797446,0.47043592,-0.7781731,-0.28098628,0.27518818
,,1.7931015,6.03087,-6.6963944,1699795632097,,-0.36186102,0.37033677,0.17371467,,,,,,-0.095491044,0.12067865,0.39659834,0.48073748,-0.7922495,-0.23221895,0.26170975
,,1.8825932,5.4707103,-6.798009,1699795632348,,-2.4436882,-0.57955796,-0.49334967,,,,,,-0.15478624,-0.12128719,0.51947623,0.4817058,-0.7996537,-0.20982689,0.25547603
,,1.605584,6.5924664,-6.417949,1699795632600,,0.4011091,0.40393433,-0.13599378,,,,,,-0.11966524,0.13583754,0.29468077,0.47010326,-0.7866055,-0.26102442,0.26919076
,,1.4942381,7.1553373,-6.253164,1699795632851,,2.0718243,0.3019199,0.42233664,,,,,,-0.09919867,0.4795771,0.14990573,0.46515495,-0.7786759,-0.2895057,0.2730094
52.53469912,13.41232338,2.0658038,5.545766,-6.74106,1699795633000,7.0037937,-2.1565816,-0.30405796,-0.7896191,,,,,,-0.084137045,0.05517548,0.5626299,0.4706261,-0.80525374,-0.21166316,0.25594097
,,1.7380669,6.424968,-6.4453073,1699795633101,,0.6625592,0.33429575,0.29344416,,,,,,-0.11224015,0.4223631,0.48273405,0.47080892,-0.79285866,-0.24712761,0.26333675
,,1.964029,6.4244895,-6.6387267,1699795633604,,-0.45165816,-0.8654427,-0.23678645,,,,,,-0.16113676,0.377483,0.23625419,0.4626802,-0.79430825,-0.25113425,0.26871118
,,1.7455641,7.093043,-6.4177094,1699795633858,,1.3565016,0.6159044,0.36430448,,,,,,-0.16305384,0.4740186,0.108995706,0.45756206,-0.7821365,-0.29033038,0.27565992
,,2.0354145,6.5262637,-6.7874002,1699795634109,,1.707138,0.27992877,0.41195193,,,,,,-0.086308345,0.3984405,0.19566788,0.4652303,-0.7917162,-0.2595497,0.26831216
,,2.167658,5.4923253,-6.967023,1699795634362,,-2.1254277,-0.0108428495,-0.24778202,,,,,,-0.12348666,-0.025211979,0.50202155,0.46900588,-0.80649346,-0.21369296,0.2553283
,,2.1812968,5.865207,-6.89476,1699795634613,,-1.5334997,-1.0377065,-0.5452732,,,,,,-0.072545335,-0.08736602,0.29264674,0.46270028,-0.8015262,-0.23546535,0.26416543
,,1.6476976,6.9238715,-6.489256,1699795634865,,0.8708641,0.7692315,0.23113596,,,,,,-0.2165038,0.28068644,0.10126772,0.45354316,-0.78742903,-0.28645238,0.27155146
,,1.7965312,6.793862,-6.4239306,1699795635117,,2.2752423,-0.15012002,0.32032222,,,,,,0.0057151793,0.18357065,0.21861522,0.45407835,-0.7913342,-0.2768468,0.27104175
,,2.002952,5.864409,-6.6844296,1699795635367,,-0.840779,0.06062833,0.017333288,,,,,,-0.023110008,0.029619073,0.43155384,0.45898902,-0.806494,-0.22916505,0.25971168
,,2.0677977,5.691408,-6.652685,1699795635621,,-1.9397248,-0.73960453,-0.87697273,,,,,,-0.067341805,-0.16519462,0.42092556,0.45641306,-0.80786705,-0.22530915,0.26271132
,,1.77691,6.7973714,-6.3948975,1699795635872,,0.43287405,0.20967934,0.039935283,,,,,,-0.02864583,0.14213641,0.07712633,0.4502306,-0.7918304,-0.2774063,0.27485323
52.53456524,13.41233023,1.9293327,6.1684575,-6.6397634,1699795636000,7.0080423,0.5153408,0.46440995,-0.029092435,,,,,,-0.013650847,0.11336036,0.26844996,0.46225014,-0.7983462,-0.24602959,0.26575285
,,1.6397214,7.0140014,-6.354698,1699795636124,,1.8622977,0.35995206,0.44982556,,,,,,-0.02256924,0.22137862,-0.039760526,0.4511946,-0.78599256,-0.291258,0.27477664
,,1.9701706,5.3785877,-6.823533,1699795636625,,-2.1755185,-0.29550585,-0.4566978,,,,,,-0.14043379,-0.237957,0.39360774,0.4695392,-0.8042029,-0.2154918,0.2583439
,,1.7936599,6.380781,-6.6207805,1699795636876,,-0.66790426,-0.46043932,0.014278964,,,,,,-0.05004801,0.081984416,0.10950532,0.46719748,-0.79063493,-0.25534514,0.2702122
,,1.5133008,7.0693545,-6.3402615,1699795637126,,1.2648718,0.7221949,0.5493965,,,,,,-0.017503733,0.32547346,-0.039497487,0.46478605,-0.7777832,-0.29161486,0.27366498
,,1.7880768,6.526263,-6.5593643,1699795637377,,2.0205116,0.24877468,0.37835437,,,,,,0.042985972,0.23430791,0.1567412,0.47139198,-0.7862913,-0.263907,0.26909366
,,1.9742383,5.4857054,-6.807022,1699795637629,,-1.9030728,-0.2784016,-0.28321218,,,,,,-0.04779909,-0.08012933,0.43191952,0.47778898,-0.7991685,-0.2174994,0.25736475
,,1.9779073,5.9628353,-6.7119465,1699795637878,,-1.5615995,-0.7524327,-0.38950264,,,,,,0.023879413,-0.049179062,0.24809146,0.47402105,-0.79356617,-0.23702604,0.26580867
,,1.6297513,7.0066633,-6.3780684,1699795638128,,0.81527543,0.42897978,-0.00160352,,,,,,0.042196944,0.2774972,-0.020144574,0.46373624,-0.779994,-0.28787982,0.2743553
,,1.7288145,6.846104,-6.455915,1699795638381,,2.3564873,0.12965605,0.30260715,,,,,,0.077755414,0.27609202,0.06806532,0.46535975,-0.7830127,-0.28014052,0.27201214
,,1.9832512,5.7419763,-6.796334,1699795638633,,-1.0472513,-0.043218683,-0.035201084,,,,,,0.0406904,-0.0034290473,0.37508696,0.47486693,-0.7977486,-0.22716159,0.25873896
,,1.9783859,5.660781,-6.7911496,1699795638883,,-1.7448589,-0.9882265,-0.94111353,,,,,,-2.2056898E-4,-0.11820009,0.3591713,0.4751356,-0.7989976,-0.22098485,0.25908983
52.53441832,13.41238905,1.4810776,7.1870017,-6.2582684,1699795639000,7.65984,1.743179,0.28542656,0.533514,,,,,,0.06298166,0.46276075,0.09084589,0.46664074,-0.77903175,-0.28805438,0.2706731
,,1.6827127,6.847061,-6.4581475,1699795639134,,0.63690287,0.26526803,0.18287764,,,,,,0.08631505,0.26472196,0.053113017,0.46763876,-0.78336084,-0.27516973,0.2698825
,,1.7792231,6.2577105,-6.7058063,1699795639635,,-0.16210824,0.5713113,-0.19402592,,,,,,0.03799905,0.27474222,0.3114503,0.47507843,-0.79376274,-0.24170968,0.25927433
,,1.9585253,5.5396247,-6.8993845,1699795639886,,-2.76989,-0.62903804,-0.49579313,,,,,,-0.073828265,-0.03103733,0.41622812,0.47516486,-0.80258393,-0.21526422,0.25347158
,,1.9824535,6.7223964,-6.7673807,1699795640136,,-0.52618366,-0.6681334,-0.39561132,,,,,,-0.007237796,0.1642939,-0.06216939,0.46452844,-0.79069144,-0.2634537,0.26681858
,,1.9994426,7.2329435,-6.612006,1699795640388,,1.7309617,0.7368556,-0.07063124,,,,,,0.22870484,0.22620422,-0.2574224,0.4600436,-0.7796872,-0.29534167,0.27309456
,,1.9967306,6.7080393,-6.854399,1699795640639,,1.5874085,-0.06093376,0.30627233,,,,,,0.055098638,0.20890169,0.006103166,0.47054768,-0.7881139,-0.25957066,0.26825064
,,2.3075583,5.5232725,-7.1916285,1699795640891,,-2.31785,-0.3028362,-0.12072215,,,,,,-0.009819329,-0.285287,0.23593102,0.4792223,-0.7986568,-0.21457395,0.25568447
,,2.2465413,6.2079387,-6.963753,1699795641143,,-1.4803544,-0.80741054,-0.50801045,,,,,,0.07459254,-0.10434155,0.09374423,0.47588834,-0.79121053,-0.23852573,0.2650884
,,1.8463818,7.143054,-6.572926,1699795641392,,0.9453896,0.5071705,0.053985175,,,,,,0.09245421,0.1321733,-0.14165863,0.47048748,-0.7755309,-0.2854075,0.27384612
,,1.7588843,6.7629147,-6.598209,1699795641646,,2.4450626,-0.085979216,0.52801627,,,,,,0.08361357,0.18108264,0.10993802,0.47874185,-0.77793664,-0.26921448,0.27188143
,,1.7896718,5.812485,-6.9009004,1699795641896,,-0.7558688,-0.1886045,0.066813335,,,,,,-0.09766302,0.010900783,0.31975004,0.4892582,-0.7912523,-0.21836026,0.25790754
52.53427818,13.41239408,1.682234,6.8559947,-6.5909505,1699795642000,7.8263574,0.5434406,0.22311836,0.09918917,,,,,,0.04040671,0.20756099,-0.10238584,0.4763343,-0.7782864,-0.27090183,0.27405897
,,2.0034306,5.6798434,-6.8968325,1699795642149,,-1.8328234,-0.88804466,-0.77801263,,,,,,-0.03662432,-0.18292254,0.26804772,0.48599425,-0.7928331,-0.21713768,0.2603231
,,1.6087745,6.9596844,-6.4949174,1699795642653,,1.8280892,0.39599308,0.5493965,,,,,,0.042559896,0.20609635,-0.100640535,0.4769415,-0.7735903,-0.28114942,0.275588
,,1.877648,6.12451,-6.869394,1699795642904,,0.39561132,0.41615164,0.10102176,,,,,,0.026525497,0.080753006,0.12594427,0.48578706,-0.78738415,-0.23562448,0.26567224
,,1.9633107,5.480362,-7.013841,1699795643155,,-2.1944554,-0.2093739,-0.57031864,,,,,,-0.043547973,-0.18441002,0.20850791,0.48737696,-0.7950074,-0.20825416,0.26022106
,,1.7283357,6.409575,-6.7356353,1699795643409,,-0.71738434,-0.33215773,-0.302149,,,,,,-0.12250665,0.0762978,0.06891283,0.48017597,-0.7836014,-0.25064906,0.2738825
,,1.53348,7.0205417,-6.5692544,1699795643659,,1.3644428,0.7362448,0.32582,,,,,,-0.03861041,0.21687691,-0.16083743,0.47632658,-0.77157634,-0.28584665,0.27861127
,,1.7560922,6.575636,-6.8566337,1699795643910,,1.9447644,0.10338886,0.37163487,,,,,,-0.02022287,0.18534674,-0.005392615,0.48438802,-0.7794075,-0.25762042,0.27370644
,,1.9181664,5.63757,-7.139944,1699795644162,,-1.6098578,-0.3773617,-0.31497714,,,,,,-0.081998274,-0.046695884,0.18308681,0.49202976,-0.79088944,-0.21291061,0.26042622
,,1.8489339,6.1094356,-6.9560943,1699795644414,,-1.9244531,-1.0725259,-0.5471058,,,,,,-0.03251825,0.044002675,0.11363379,0.49210167,-0.78450245,-0.22954553,0.26721585
,,1.5026127,7.038728,-6.5422955,1699795644663,,0.7932843,0.617737,0.18409938,,,,,,8.495023E-4,0.287319,-0.028946621,0.48574913,-0.76912457,-0.27940235,0.27534446
,,1.5967306,6.989594,-6.5572114,1699795644914,,1.9875249,0.11071924,0.5622247,,,,,,0.10001262,0.3060108,0.007638534,0.4885739,-0.76981485,-0.27534392,0.27370867
52.53413213,13.4124211,1.883949,5.6051865,-6.825207,1699795645000,7.220537,-2.2714243,-0.45799586,-0.78717566,,,,,,-0.008915353,-0.15208992,0.35947317,0.49288252,-0.7901221,-0.21540068,0.25902185
,,1.8723038,5.9901123,-6.8477798,1699795645166,,-0.26534438,0.28359398,0.12179117,,,,,,0.07851625,0.09203102,0.30577898,0.49517485,-0.7849236,-0.22842479,0.2613834
,,1.59697,6.760202,-6.455596,1699795645668,,-0.07536544,-0.02611447,0.05215258,,,,,,0.023445655,0.19233507,0.0953492,0.4838723,-0.7759038,-0.26635617,0.27364323
,,1.5126628,7.159006,-6.3422565,1699795645919,,1.4090359,0.5700896,0.24579671,,,,,,0.053816598,0.27951163,-0.095692225,0.48031205,-0.7669272,-0.28992453,0.2790379
,,2.119642,6.338986,-6.824808,1699795646170,,1.2379938,0.19318599,0.4125628,,,,,,0.1941074,0.039957214,-0.21805573,0.48879507,-0.77712154,-0.2539913,0.2736787
,,2.1403,5.30066,-6.9169326,1699795646419,,-2.241492,-0.2441932,-0.23556472,,,,,,0.04114658,-0.27742946,0.015199772,0.4929317,-0.787323,-0.21591714,0.2639702
,,2.01356,6.0051064,-6.891968,1699795646670,,-1.2720495,-0.24541493,-0.50190175,,,,,,-0.035286915,-0.17668602,-0.26211682,0.4897725,-0.7775395,-0.24502559,0.2764633
,,1.7971693,6.889654,-6.458867,1699795646922,,1.1457533,0.59757847,0.30627233,,,,,,-0.011590234,0.15243946,-0.50071514,0.48679855,-0.7613398,-0.28737873,0.28589484
,,2.0931613,6.3988857,-6.577231,1699795647171,,2.267912,-0.21670428,0.48097965,,,,,,0.15042351,-0.06446702,-0.36491096,0.49409124,-0.76566213,-0.26692203,0.28466207
,,2.261616,5.2634916,-6.9132633,1699795647422,,-0.9079741,-0.054825112,-0.12438734,,,,,,0.07097537,-0.3660122,-0.07538323,0.50374407,-0.7800582,-0.21516936,0.26833728
,,1.9613967,5.4845896,-6.7555766,1699795647673,,-1.9006294,-0.8465059,-0.78717566,,,,,,-0.067097165,-0.23742934,0.18502288,0.50395423,-0.7803564,-0.21248098,0.268719
,,1.7613567,6.6911297,-6.4977107,1699795647925,,0.34124434,0.108886644,0.03810269,,,,,,0.005258619,0.065923005,-0.08920585,0.49703714,-0.7647852,-0.2645811,0.28028515
52.53402084,13.41245215,1.878366,6.1231537,-6.7229543,1699795648000,5.991795,0.70409805,0.38316494,0.18287764,,,,,,0.087171584,0.044262066,0.24241242,0.5041173,-0.77513015,-0.23136777,0.26935926
,,1.7004994,6.91446,-6.2443905,1699795648174,,1.7859396,0.56214833,0.51763153,,,,,,0.13687085,0.20767882,-0.03282167,0.4965274,-0.7611081,-0.2747226,0.2804052
,,1.8769302,5.5003815,-6.9055266,1699795648676,,-2.2897503,-0.3602575,-0.5342776,,,,,,-0.10270141,-0.12108173,0.37052518,0.5060593,-0.7830519,-0.20453599,0.26039413
,,1.6871792,6.543253,-6.6206207,1699795648927,,-0.76747525,-0.35353798,-0.08773545,,,,,,-0.055149563,0.21586584,0.17163706,0.49915823,-0.7721427,-0.24679308,0.27411896
,,1.4244473,7.171369,-6.3325257,1699795649177,,1.4774529,0.63117605,0.3050506,,,,,,-0.01805966,0.38178915,0.04121124,0.4932714,-0.76180303,-0.28257608,0.27796105
,,1.6865412,6.676533,-6.6837115,1699795649429,,1.8323653,0.11988221,0.5121338,,,,,,0.038894594,0.35213235,0.15619874,0.49885,-0.7723271,-0.2540262,0.2698346
,,1.8646468,5.56714,-6.927222,1699795649679,,-1.8022802,-0.31261006,-0.05169443,,,,,,-0.04910678,0.002929759,0.41224417,0.5024432,-0.7875452,-0.20806322,0.25441316
,,1.8603396,5.742135,-6.779186,1699795649930,,-1.8230495,-0.9668462,-0.7291435,,,,,,-0.012585859,-0.18606243,0.3508685,0.49480057,-0.7859365,-0.2252495,0.26035425
,,1.4045867,6.719206,-6.3574114,1699795650181,,0.94783306,0.7447969,0.3362047,,,,,,-0.13822867,0.039632764,0.16924414,0.48224413,-0.7724677,-0.27919245,0.27047664
,,1.6815957,6.7464848,-6.4929247,1699795650432,,2.3088398,1.5633557,0.29772022,,,,,,-0.18545613,0.051524177,0.15138665,0.48142168,-0.7747758,-0.27454302,0.27124768
,,2.0651655,5.7152576,-7.0323462,1699795650684,,-0.49136436,0.03008509,0.039935283,,,,,,-0.26941252,-0.19899066,0.19184746,0.4886571,-0.7891837,-0.22406808,0.26079375
,,1.9901106,5.229355,-7.090253,1699795650936,,-2.0246348,-0.41095927,-0.84887296,,,,,,-0.61021936,-0.5190348,0.3660614,0.49051908,-0.7901175,-0.21299991,0.26215285
52.53390131,13.41242784,1.7115062,7.064969,-6.7070813,1699795651000,5.4529915,1.6949207,0.7374665,0.52496195,,,,,,-0.2599713,0.17866673,-0.24121913,0.49101081,-0.7609303,-0.28390172,0.28148878
,,1.7651051,6.540861,-6.783572,1699795651188,,0.102396205,-0.4091267,0.08086322,,,,,,-0.5302383,-0.06762914,0.023246828,0.4872022,-0.77192175,-0.2643091,0.27802566
,,2.0204995,6.4435525,-7.0229335,1699795651693,,0.8867466,0.19868377,0.4644863,,,,,,-0.033849876,0.18256442,-0.06465742,0.5039826,-0.77260184,-0.24043353,0.26995042
,,1.9375483,5.378188,-7.0993447,1699795651944,,-2.3508368,-0.2686278,-0.4652499,,,,,,-0.11352647,-0.19927806,0.23935266,0.5074546,-0.7831312,-0.20668355,0.25640312
,,1.7170098,6.3650675,-6.6383286,1699795652194,,-0.81512266,-0.15012002,-0.10483967,,,,,,0.027429812,-0.01152153,0.2297178,0.49853715,-0.7744179,-0.24705221,0.2661704
,,1.521277,7.2835927,-6.2510896,1699795652446,,1.7596724,1.0813833,0.27267477,,,,,,0.28604472,0.2750536,-0.011823535,0.48819968,-0.7643831,-0.28850284,0.27163345
,,1.7166113,6.681,-6.4843893,1699795652697,,2.1573453,0.16081016,0.49502954,,,,,,0.24580815,0.15886778,0.14413947,0.49005112,-0.77550775,-0.26265603,0.26546422
,,1.8381665,5.6173105,-6.7244697,1699795652947,,-1.9684354,-0.25885394,-0.28748822,,,,,,0.018878901,-0.07170437,0.48880142,0.49283838,-0.7921479,-0.21412417,0.25088775
,,1.8766111,6.0392447,-6.714579,1699795653198,,-1.4149919,-1.0975713,-0.41027206,,,,,,-0.005597949,0.006685702,0.33321565,0.48640782,-0.78943926,-0.23091371,0.25792518
,,1.5528622,7.1112304,-6.4126053,1699795653447,,0.7859539,0.21945317,-0.02481638,,,,,,0.084732756,0.19734068,0.054561272,0.4771403,-0.7748253,-0.28351036,0.2692503
,,1.5672191,7.045268,-6.4899735,1699795653698,,2.1054218,0.20479241,0.68256503,,,,,,0.045014553,0.40768793,0.18386516,0.47959664,-0.7777563,-0.27472594,0.26695356
,,1.8389642,5.8876996,-6.8439527,1699795653950,,-0.614759,-0.22403465,-0.13293944,,,,,,0.027025564,0.01339521,0.35670814,0.48667946,-0.79458547,-0.22212553,0.25237373
52.53375311,13.41247408,1.3188442,6.8113284,-6.656992,1699795654000,4.7590866,0.65156364,0.6806561,0.32643086,,,,,,-0.028636878,0.22396345,0.12300636,0.47362787,-0.7836226,-0.27684286,0.25758225
,,1.8428721,5.786643,-7.0917673,1699795654201,,-2.1523056,-0.53129965,-0.53916454,,,,,,0.050277367,-0.12792368,0.22673202,0.48454952,-0.79760605,-0.21936555,0.2482597
,,1.1499904,6.9929442,-6.6122465,1699795654701,,1.7187444,-0.85872316,0.56588984,,,,,,-0.15704428,0.38861942,0.14157785,0.4692692,-0.7822872,-0.28821647,0.25780314
,,1.4442278,5.8422365,-6.943333,1699795654951,,-0.34597853,0.042302385,-0.06207913,,,,,,-0.20074292,0.13303033,0.301421,0.472045,-0.79991114,-0.24069229,0.24647368
,,1.5471194,5.1334825,-7.1462445,1699795655201,,-2.4058146,-0.79152805,-0.690659,,,,,,-0.28692,-0.19797343,0.33881637,0.46820387,-0.8088853,-0.22163272,0.2408864
,,1.1973687,6.336753,-6.79769,1699795655452,,0.1909716,-0.3046688,0.16210824,,,,,,-0.28282982,0.4057464,0.090216875,0.4566286,-0.7961528,-0.2741431,0.25137246
,,0.95681006,6.8077397,-6.366104,1699795655702,,1.8048763,0.581696,0.37346745,,,,,,-0.29704624,0.5220775,0.23313819,0.44851112,-0.7913284,-0.29844898,0.25585774
,,1.4660028,6.0268826,-6.796334,1699795655952,,0.14149155,0.28176138,0.35575238,,,,,,-0.19815533,0.29675755,0.30612114,0.44894984,-0.80941826,-0.2534396,0.24622884
,,1.6826329,5.2256045,-7.110033,1699795656204,,-0.80351627,-0.16172644,0.13645191,,,,,,-0.06544714,-7.6598325E-4,0.29138696,0.44370544,-0.8260174,-0.2172027,0.2315684
,,1.6915663,5.5862837,-7.182456,1699795656455,,-0.021609342,0.06551525,0.19204062,,,,,,-0.031099064,0.28649226,0.21974184,0.43326315,-0.83109003,-0.22330652,0.2297422
,,1.7206787,5.6019177,-7.3709307,1699795656707,,-0.31665704,0.03252855,0.044822205,,,,,,0.043375243,0.360289,0.047847096,0.42161882,-0.83923763,-0.22064419,0.22473495
,,2.0141983,5.0242896,-7.8661656,1699795656957,,0.03642281,0.18096869,-0.04130973,,,,,,0.13996497,0.30008468,0.1295462,0.41312087,-0.8603727,-0.18021458,0.21464579
52.53358852,13.4124766,2.2770896,4.2321057,-8.354701,1699795657000,4.5232825,0.17814344,0.25610507,0.107741274,,,,,,0.07103017,0.24852385,0.032305703,0.38723835,-0.88574713,-0.15081018,0.20370017
,,2.173321,4.219823,-8.253564,1699795657208,,-0.24029893,-0.06276636,0.11934771,,,,,,0.04432021,0.34117973,0.10603865,0.4023239,-0.8791497,-0.14694051,0.20358564
,,2.5941386,4.3960137,-8.42114,1699795657707,,0.06146827,0.16264275,-0.081015944,,,,,,0.22980267,0.15377302,-0.012677256,0.37473372,-0.8887676,-0.16055296,0.20822805
,,2.6715066,4.43733,-8.504091,1699795657959,,0.04741838,-0.20021093,0.033215772,,,,,,0.2774997,0.14504912,-0.08719193,0.36552554,-0.89253896,-0.16095464,0.20860676
,,2.7163324,4.3618765,-8.413643,1699795658211,,-0.11323906,-0.0029016077,0.13889538,,,,,,0.25874126,0.061879005,-0.0050202687,0.35777074,-0.89551246,-0.1640913,0.20706303
,,2.8522453,4.123232,-8.390831,1699795658462,,-0.19814926,0.10522146,-0.0730747,,,,,,0.25203392,-0.24867906,0.031687435,0.3492498,-0.89873624,-0.16644433,0.20561317
,,2.9883966,4.335715,-8.5112705,1699795658714,,-0.5451205,0.29275694,-0.18425208,,,,,,0.41204178,-0.33550084,-0.023749972,0.3398172,-0.9014459,-0.17056565,0.20613804
,,3.012245,4.168138,-8.62764,1699795658966,,-0.3899608,-0.52824533,-0.106672265,,,,,,0.21883178,-0.3500996,-0.09139291,0.33052886,-0.9043203,-0.17191863,0.20723578
,,2.8480172,4.186483,-8.450731,1699795659218,,0.052305296,0.22128576,-0.2031889,,,,,,0.083163224,-0.4743087,0.114281766,0.32238942,-0.90662754,-0.17410678,0.20805098
,,2.5943785,4.2871404,-8.534321,1699795659468,,0.21846052,-0.14462224,0.18409938,,,,,,-0.11710896,-0.11137223,-0.031101402,0.31441724,-0.908851,-0.17615421,0.20916392
,,2.7576482,4.3574095,-8.568937,1699795659717,,0.01687514,-0.038331766,-0.040698867,,,,,,-0.027700705,-0.19319965,-0.08954657,0.30729014,-0.9106273,-0.17672636,0.21192299
,,2.7237499,4.442435,-8.636096,1699795659971,,0.27160576,-0.6070469,-0.18303037,,,,,,-0.092727765,-0.01847434,-0.11430415,0.30338457,-0.91213775,-0.1756138,0.2120473
52.53340382,13.41250251,2.517648,4.3764725,-8.4165945,1699795660000,7.3033953,-0.03810269,0.06062833,0.08025236,,,,,,-0.05626188,-0.13506007,0.058762725,0.30460516,-0.9140435,-0.17238216,0.20357205
,,2.571407,4.1104703,-8.537353,1699795660223,,-0.4406626,0.2762636,0.18898629,,,,,,-0.22156687,-0.21341167,-0.008018907,0.30331475,-0.91423994,-0.17180595,0.20513351
,,2.4677184,4.3533416,-8.553463,1699795660725,,0.43409577,0.027641632,0.07475458,,,,,,-0.11577559,-0.012426646,-0.16817664,0.30638614,-0.91319567,-0.17297594,0.20411243
,,2.7501512,4.381896,-8.484072,1699795660977,,0.112780906,0.080176,0.11873684,,,,,,0.11724154,-0.3897052,-0.0032466887,0.3108563,-0.9114037,-0.17386898,0.20436999
,,2.5538595,4.461976,-8.504809,1699795661229,,-0.061926417,-0.25152358,0.05948296,,,,,,0.08816797,-0.21676128,-0.034808714,0.31562778,-0.90976703,-0.17480664,0.20354603
,,2.5112674,4.6396823,-8.549076,1699795661481,,0.0297033,0.16752967,0.05337431,,,,,,0.2579447,-0.21742494,-0.085868865,0.31897366,-0.90841126,-0.17531818,0.20412941
,,2.7038896,4.9182873,-8.584809,1699795661733,,0.06513346,0.2658789,0.06253728,,,,,,0.37730125,-0.124540925,-0.15026213,0.31869692,-0.9064065,-0.17856275,0.21162233
,,2.6865816,4.9367914,-8.602435,1699795661985,,0.1805869,0.14920372,0.13461933,,,,,,0.34032425,-0.08243499,-0.20009604,0.31857422,-0.90598494,-0.17883466,0.2134375
,,2.7046075,4.880002,-8.587601,1699795662235,,0.115835235,-0.16539164,0.042378742,,,,,,0.3127619,-0.013858327,-0.18617293,0.31916624,-0.90596807,-0.17754711,0.213725
,,2.7239892,4.7052464,-8.509755,1699795662485,,-0.14928009,-0.17699806,-0.20563236,,,,,,0.30070648,-0.14946993,-0.10987708,0.31763855,-0.9068577,-0.17552775,0.21391492
,,2.7310083,4.833582,-8.568698,1699795662737,,0.61674434,0.43875363,-0.19769111,,,,,,0.3908393,-0.13717957,-0.07658259,0.31774357,-0.9073693,-0.1735279,0.21314918
,,2.7525437,4.520839,-8.565587,1699795662988,,0.0028252497,0.11499529,0.072921984,,,,,,0.24934998,-0.14020427,-0.0508711,0.32036784,-0.90856236,-0.16431846,0.20990998
52.53325623,13.41247539,2.382135,5.0328236,-8.084712,1699795663000,6.626923,-0.87620914,-0.20509785,-0.35468337,,,,,,0.2186998,-0.026613982,0.0018220583,0.3284535,-0.8946302,-0.19710878,0.20692167
,,2.6687949,4.3642697,-8.511829,1699795663239,,-2.0258567,-0.18188499,-0.6918807,,,,,,0.20230961,-0.21712032,-0.013613606,0.32449234,-0.90767884,-0.1626978,0.20756356
,,1.9893928,5.901897,-7.5372324,1699795663741,,0.39255697,-0.008399391,-0.11217005,,,,,,0.30439964,0.11137072,-0.11778276,0.33333662,-0.8726586,-0.24824782,0.20629233
,,1.5760726,6.548039,-6.854959,1699795663994,,-0.199371,-0.29184064,0.042378742,,,,,,0.25845316,0.11489679,-0.13387473,0.33836034,-0.85109276,-0.29884943,0.20740621
,,1.2190632,7.2635727,-6.1521864,1699795664246,,0.12744166,-1.0548108,-0.030314164,,,,,,0.10826557,0.13578467,-0.24812922,0.33941278,-0.8287193,-0.35406256,0.20836543
,,0.7446463,8.002875,-5.322993,1699795664496,,0.032757625,-0.19165882,-0.10545053,,,,,,-0.057612587,-0.028505992,-0.18866722,0.33832225,-0.8041877,-0.41836056,0.21400629
,,0.24877386,8.861898,-4.5801015,1699795664747,,0.12744166,0.028252495,-0.08834632,,,,,,-0.117020674,0.104810506,-0.19862512,0.33850476,-0.7810008,-0.47386274,0.21904771
,,0.1477967,8.919725,-4.4031124,1699795664998,,0.16348268,-0.21242823,-0.34307694,,,,,,-0.089262486,-0.06914857,-0.2616117,0.34342796,-0.7698381,-0.4905403,0.2201127
,,-0.03836493,8.749037,-4.2610593,1699795665250,,0.20563236,-0.17760894,0.013668099,,,,,,-0.15022907,-0.24417023,-0.015539503,0.3498933,-0.7678015,-0.49023154,0.21709031
,,-0.13503495,9.042955,-4.295037,1699795665502,,0.0730747,-0.9900591,-0.026648976,,,,,,0.044857137,0.06501648,-0.026836855,0.3540283,-0.7666655,-0.49251667,0.208387
,,-0.29671,8.990314,-4.2270007,1699795665754,,0.090178914,-0.3291034,0.116293386,,,,,,0.15520282,0.17122123,0.1557073,0.35582778,-0.7695001,-0.49134284,0.1953495
52.53312496,13.41244266,-0.5824928,9.28136,-3.9389052,1699795666000,5.9431424,-0.16088651,-0.5050325,0.15844305,,,,,,0.5039233,0.5419322,0.7383616,0.300075,-0.7999019,-0.49513113,0.12332013
,,-0.30205393,9.179506,-4.192624,1699795666004,,0.13477205,-0.6485857,0.35941756,,,,,,0.44819012,0.38975894,0.28381762,0.3499181,-0.77673805,-0.48993272,0.17536744
,,-0.3416951,9.196494,-4.1218762,1699795666254,,-0.17737986,-0.41218102,0.2512945,,,,,,0.49267304,0.4276521,0.5498627,0.3314041,-0.7874846,-0.49071455,0.15020981
,,-0.52362937,9.530931,-3.9937809,1699795666756,,-0.16088651,-0.12018765,0.09185879,,,,,,0.5685206,0.7536278,0.6063978,0.2590737,-0.8130668,-0.50161207,0.098659754
,,-0.68849486,9.403714,-3.8620954,1699795667008,,0.023594651,0.022754714,0.06498074,,,,,,0.30770335,0.5807842,0.7644804,0.21533042,-0.8245426,-0.5089592,0.077475324
,,-0.7704889,9.337671,-3.7726836,1699795667261,,0.0058795735,-0.30344707,0.045433067,,,,,,0.07672811,0.4170214,0.8266518,0.1736254,-0.8327943,-0.5165182,0.06116163
,,-0.8473783,9.440004,-3.7611983,1699795667511,,0.08223767,-0.1018617,0.15661046,,,,,,-0.09159565,0.440742,0.6959891,0.13674012,-0.8367988,-0.524917,0.047815427
,,-0.9665409,9.584769,-3.792465,1699795667761,,-0.19204062,-0.60216,0.3343721,,,,,,-0.23855655,0.35960254,0.5335197,0.10617008,-0.83775216,-0.5321649,0.0381661
,,-0.9299307,9.300105,-3.639882,1699795668011,,-0.30077454,-0.22647811,0.23296855,,,,,,-0.37938488,0.08007048,0.5386438,0.08056202,-0.8369798,-0.53852546,0.031867836
,,-1.0168699,9.243155,-3.444149,1699795668262,,0.29542947,0.47845984,-0.11766783,,,,,,-0.5644687,0.073251024,0.48851857,0.060170993,-0.8336427,-0.54680353,0.025653837
,,-0.85200447,9.375479,-3.5435307,1699795668516,,-0.14439316,0.108886644,0.08086322,,,,,,-0.58873147,0.061715953,0.1833821,0.04626284,-0.82969683,-0.55455333,0.02464172
,,-0.83692956,9.464571,-3.4670403,1699795668769,,0.043753188,0.37888888,-0.05902481,,,,,,-0.71397597,0.07090362,0.008002726,0.03538227,-0.8241189,-0.563695,0.027514242
52.53303214,13.41233658,-0.70652074,9.518809,-3.508037,1699795669000,5.253174,0.031535894,0.6110175,-0.3418552,,,,,,-1.0296434,0.036926713,-0.5326436,0.09058359,-0.79738253,-0.58044285,0.08496805
,,-0.8554342,9.332088,-3.4117663,1699795669020,,-0.108963005,0.56275916,-0.14271328,,,,,,-0.94415635,-0.11317301,-0.098522305,0.03430388,-0.8177194,-0.5719159,0.03868142
,,-0.7180862,9.25424,-3.3636703,1699795669270,,-0.0051159924,0.6195696,-0.23922992,,,,,,-0.985189,-0.12428173,-0.3208435,0.050674953,-0.80893266,-0.57906026,0.058103703
,,-0.82025975,9.465528,-3.4119253,1699795669772,,-0.2861138,0.63056517,-0.18180864,,,,,,-1.0503727,-0.10900164,-0.3820264,0.1474727,-0.78186476,-0.57574856,0.119072154
,,-1.0573086,9.443514,-3.1515868,1699795670024,,0.13110685,0.74052083,-0.68943727,,,,,,-1.0339652,-0.06948306,-0.16724889,0.21439154,-0.7594042,-0.56867856,0.15505253
,,-1.2090133,9.391351,-3.0760534,1699795670273,,-0.36430448,0.30680683,-0.7914517,,,,,,-0.75322044,-0.06537937,-0.046839323,0.29616055,-0.7296675,-0.5551823,0.19224626
,,-1.5487943,9.409138,-2.7371495,1699795670523,,-0.31604618,0.19196425,-0.6931025,,,,,,-0.43019268,0.05784003,0.24624369,0.38025808,-0.68864733,-0.5481242,0.22001338
,,-2.3003001,9.306245,-2.401038,1699795670775,,0.6289616,0.37766716,-0.015042545,,,,,,-0.33491796,0.11838792,0.5641386,0.45478156,-0.6460485,-0.54517436,0.23377796
,,-2.9467614,9.055638,-2.2108085,1699795671026,,-0.12240203,-0.95951587,0.09735657,,,,,,-0.2244915,0.05956351,0.8256795,0.51338786,-0.60976404,-0.5413907,0.23582372
,,-3.3829727,8.936316,-2.2561126,1699795671276,,0.07857248,-0.6253728,0.11262819,,,,,,0.035574205,0.15698811,0.7215941,0.54908836,-0.5819757,-0.54719573,0.22586904
,,-3.7915869,8.796018,-2.2752554,1699795671528,,-0.26962045,0.251829,-0.013820816,,,,,,0.24345995,0.19721788,0.6105726,0.5680201,-0.56482756,-0.5567083,0.20719026
,,-4.158885,8.715379,-2.1974883,1699795671777,,-0.35330892,0.08628465,-0.13171771,,,,,,0.2775026,0.23764066,0.5480527,0.5711164,-0.5567825,-0.5703563,0.18798126
52.53295829,13.41230264,-3.9270213,8.604351,-2.4212174,1699795672000,5.271186,1.3894883,0.35384342,0.52801627,,,,,,0.5883715,0.25222248,-0.123650305,0.5417955,-0.5781373,-0.58886856,0.15644774
,,-4.3359537,8.581779,-2.15697,1699795672030,,-0.84810936,0.8174898,-0.6088031,,,,,,0.28489152,0.16105182,0.42665756,0.56445944,-0.55972266,-0.5792889,0.17344832
,,-4.1635118,8.531689,-2.12036,1699795672280,,0.07246383,0.14492767,0.05459604,,,,,,0.41078132,0.20157473,0.2395381,0.55460584,-0.56766754,-0.5843724,0.16371903
,,-3.8711886,8.364671,-2.611367,1699795672781,,-0.42722356,-0.98395044,-0.31680974,,,,,,0.42676535,0.021928454,-0.08576525,0.530628,-0.59755033,-0.57940614,0.15031502
,,-3.9491148,8.065966,-2.7545373,1699795673031,,0.3491856,-0.8648318,0.6404154,,,,,,0.31877765,-0.23395726,-0.1830896,0.5151084,-0.61265415,-0.578944,0.13511641
,,-4.22421,8.406783,-2.6619353,1699795673281,,0.30520332,1.250593,0.8438333,,,,,,-0.074876174,0.21508828,-0.03287368,0.48684916,-0.635307,-0.5792518,0.11375893
,,-3.7197225,8.553385,-2.8143585,1699795673531,,-0.37713265,0.22189663,0.11751511,,,,,,0.124430165,0.20350863,-0.10252841,0.45373347,-0.65817845,-0.5809096,0.10412152
,,-3.2351758,8.7838125,-2.931846,1699795673783,,0.0040469794,-1.4506512,0.18471023,,,,,,0.21197838,0.18960832,-0.1866095,0.41401118,-0.6783958,-0.5877092,0.09780417
,,-2.9067206,8.899863,-2.2341783,1699795674033,,0.025427246,-0.80313444,-0.031535894,,,,,,0.20795934,0.10310717,0.16202755,0.334962,-0.6006864,-0.5148749,0.07761798
,,-2.6472592,9.404909,-1.4429516,1699795674284,,0.16714787,-0.19654575,0.022831071,,,,,,0.21490707,0.3646358,0.34372213,0.2336292,-0.36775747,-0.31394327,0.06338556
,,-2.2232516,9.915619,-1.0189435,1699795674535,,0.16592614,0.31841326,-0.014431681,,,,,,0.21434969,0.60001165,0.4305663,0.14463243,-0.13419928,-0.10369981,0.06409105
,,-1.6627724,9.690054,-1.0350553,1699795674786,,-0.12728895,0.5236638,-0.234343,,,,,,0.49760994,0.10296777,0.27717277,0.062099036,0.111082025,0.101634994,0.06338519
52.53294098,13.41232764,-2.1455643,9.603435,-1.6161923,1699795675000,4.2556353,-0.17127122,0.3990474,0.03199404,,,,,,-0.03249871,0.08280973,-0.10133939,0.049927138,0.048819784,0.06008313,0.04269503
,,-1.838565,9.613324,-1.1829318,1699795675036,,0.234343,-0.09269873,-0.48296496,,,,,,0.22609282,0.04005324,0.1243186,0.026697662,0.15269299,0.14237204,0.04828618
,,-2.0567904,9.525667,-1.3620744,1699795675286,,-0.29100072,0.16264275,-0.032757625,,,,,,0.05521695,-0.0059178034,0.05914205,0.016642094,0.14456686,0.14564513,0.034725115
,,-2.053919,9.52487,-1.904368,1699795675790,,-0.030772313,0.30619597,-0.017486004,,,,,,0.053598616,0.016588401,-0.22886087,0.11631247,-0.18769568,-0.16058007,0.057633616
,,-1.9713668,9.476215,-1.9488744,1699795676039,,-0.19142975,0.4735729,-0.03581195,,,,,,0.10622532,-0.018439896,-0.19490144,0.18258718,-0.42398548,-0.37897408,0.074949816
,,-1.8671992,9.559249,-1.8521246,1699795676291,,0.1164461,-0.1470657,8.3993905E-4,,,,,,0.1546142,0.013552952,-0.20877248,0.25870088,-0.6624603,-0.59121,0.10130692
,,-1.7794625,9.660065,-1.6191432,1699795676542,,0.05169443,-0.7799216,0.08513928,,,,,,0.16854328,0.060746096,-0.12962084,0.29046327,-0.69966483,-0.63633335,0.12722439
,,-1.7919049,9.7044115,-1.308874,1699795676792,,-0.17799072,0.29275694,-0.05169443,,,,,,0.032384634,0.034845352,-0.020400621,0.29635152,-0.690544,-0.64199203,0.14411873
,,-1.6253647,9.740302,-1.1641878,1699795677042,,-0.07231112,-0.38774642,0.12851068,,,,,,0.106863655,0.03661502,-0.008988461,0.30169487,-0.68370724,-0.6445212,0.1580257
,,-1.6835899,9.736715,-1.1160923,1699795677293,,-0.11140647,-0.08659008,0.06620247,,,,,,-0.02396478,-0.009809494,-0.10324732,0.2993924,-0.6794413,-0.6488768,0.16329905
,,-1.6898111,9.741102,-1.0143973,1699795677543,,-0.060093824,-0.11285727,0.042989608,,,,,,-0.09038803,-0.020851422,-0.14547779,0.2910295,-0.6776101,-0.65466577,0.1625542
,,-1.680001,9.72124,-0.85519475,1699795677794,,-0.0570395,0.074067354,0.013057235,,,,,,-0.13448483,-0.05075741,-0.13204458,0.27805954,-0.6773699,-0.6621735,0.15680762
,,-1.6197814,9.775877,-0.6698307,1699795678045,,3.8179048E-4,0.075289086,-0.03092503,,,,,,-0.13683508,-0.01739874,-0.0951724,0.2696676,-0.67559737,-0.66802335,0.15552096
,,-1.3973286,9.8403225,-0.5606384,1699795678298,,0.02481638,0.19685118,0.049709123,,,,,,0.03764092,0.018959554,-0.08698949,0.26969448,-0.6717518,-0.6703781,0.1620601
,,-1.2702699,9.868719,-0.48007998,1699795678800,,-0.0075594517,0.13454297,-0.015042545,,,,,,0.071400866,0.02485218,-0.061701696,0.2796819,-0.6642967,-0.667888,0.18022381
52.53293189,13.41233702,-1.4966309,9.852286,-0.42193443,1699795679000,3.7900925,0.07002038,0.698982,-0.090178914,,,,,,-0.123101905,0.012929408,-0.011897848,0.26997146,-0.6686957,-0.67168635,0.16811822
,,-1.2297512,9.878052,-0.57244295,1699795679053,,0.12560907,-0.07620538,0.038713556,,,,,,0.09163869,0.02381347,-0.09216576,0.2941508,-0.65985906,-0.66122895,0.19447885
,,-1.229911,9.869357,-0.6770891,1699795679306,,-0.07108939,0.13698642,-0.0834594,,,,,,0.08070707,0.021481482,-0.078268655,0.31186813,-0.6562858,-0.6522351,0.20877676
,,-1.2114065,9.840244,-0.8031908,1699795679557,,0.077961616,-0.27656904,-0.03581195,,,,,,0.10197997,0.0029995283,-0.066514894,0.32997486,-0.65267587,-0.64274204,0.22233939
,,-1.1546168,9.8276415,-1.0084151,1699795679807,,0.10178535,-0.15134175,0.008781182,,,,,,0.15997705,0.008524036,-0.09760551,0.34389466,-0.6526767,-0.63337797,0.23082024
,,-1.1005388,9.796056,-1.3726028,1699795680059,,-0.112017326,-0.3346012,-0.08223767,,,,,,0.20339757,-0.0013244312,-0.24896838,0.35248864,-0.65665364,-0.62384903,0.23409162
,,-1.1784651,9.779705,-1.3856038,1699795680310,,0.031535894,-0.27412558,0.036880963,,,,,,0.10955619,-0.0057174047,-0.11936448,0.3507735,-0.66338,-0.619303,0.22929102
,,-1.0991827,9.785688,-1.3091931,1699795680561,,0.005268709,-1.37918,0.08086322,,,,,,0.17000148,0.0014808655,0.03249108,0.33675167,-0.67260563,-0.6203739,0.2157302
,,-0.9345568,9.802675,-1.1846865,1699795680811,,0.234343,-1.1733185,-0.42432195,,,,,,0.32369748,0.01434927,0.12101419,0.28671217,-0.58766484,-0.5381691,0.18315664
,,-1.1920245,9.864172,-1.3051254,1699795681062,,1.3839905,-0.27351472,0.50846857,,,,,,0.20226242,0.09784565,0.04192794,0.22139059,-0.35465592,-0.3268725,0.16072632
,,-1.3309675,9.72467,-1.5427327,1699795681312,,0.5501601,-0.55023646,1.1846958,,,,,,-0.08645134,0.043667156,0.12687708,0.17971645,-0.10854868,-0.13008825,0.14126259
,,-1.2421143,9.328579,-2.5988448,1699795681814,,-1.5878667,0.6696605,-0.4890736,,,,,,-0.70883596,-0.1887186,-0.16364115,0.14325713,0.38649195,0.2544656,0.10767599
52.53293215,13.41232727,-1.1835697,9.390552,-1.9805393,1699795682000,3.7900925,-0.18165591,-0.8440624,0.2720639,,,,,,-0.29041278,-0.18841298,0.07581105,0.15772083,0.13933812,0.061665248,0.121280745
,,-1.3500305,9.359606,-2.5543387,1699795682064,,-1.2781582,1.7612759,-0.37239844,,,,,,-0.97902083,-0.20073149,0.047329716,0.11666148,0.6279844,0.46941614,0.090748616
,,-1.2807982,9.301699,-2.5828924,1699795682317,,-0.70028013,1.1369721,-0.07735075,,,,,,-1.0618551,-0.3050148,-0.36023748,0.10808217,0.7191022,0.5650886,0.08587136
,,-1.1983255,9.896793,-2.063331,1699795682567,,2.23126,1.8425208,0.46326458,,,,,,-1.196089,0.10469135,-0.17769374,0.12717012,0.48199317,0.33551997,0.07520151
,,-1.0023534,9.420144,-1.9391434,1699795682817,,-1.3349686,-1.1384993,0.40645415,,,,,,-1.1626732,-0.39924937,-0.027779229,0.13346237,0.21384473,0.14644916,0.07796007
,,-0.94947207,10.156495,-1.9105092,1699795683069,,-1.6837724,2.9017603,-2.0034075,,,,,,-1.1449318,0.28676313,-0.24054892,0.111452185,-0.053710643,-0.039921753,0.086597346
,,-0.47673002,10.106246,-0.85344017,1699795683320,,-2.5921283,0.7722858,1.2641083,,,,,,-0.61164284,0.113437496,0.039653562,0.11358479,-0.2915502,-0.24183999,0.1129869
,,-0.031744786,9.828677,-0.19932225,1699795683571,,-1.9959244,0.29825473,0.51946414,,,,,,-0.20910941,-0.020548057,-0.5386799,0.13081433,-0.49260858,-0.48031294,0.16466762
,,-0.18161525,10.052326,1.2575877,1699795683822,,4.278268,-1.0212132,0.9348522,,,,,,-0.35677627,0.6538798,0.11840315,0.16637132,-0.6197535,-0.69007283,0.2281645
,,0.17698912,9.063455,1.7197217,1699795684138,,-1.0270928,-0.24480405,-1.5122721,,,,,,-0.3442236,-0.015302372,-0.0376398,0.16697511,-0.59126645,-0.7015806,0.2696948
,,0.3912265,8.803274,3.405226,1699795684388,,-1.7876195,1.132696,-1.2489893,,,,,,-0.33419755,0.30011493,-0.21843337,0.14158913,-0.5153487,-0.75709516,0.28918618
,,-0.34624144,7.069674,6.9590464,1699795684893,,-1.5145628,-0.20143266,0.086361006,,,,,,-0.5905622,0.18961512,0.113311164,0.11227182,-0.35822627,-0.8649498,0.2801857
52.53290557,13.41230502,0.24558337,7.6636515,5.483552,1699795685000,3.7900925,0.0730747,0.6207913,0.47242755,,,,,,-0.25936413,-0.09756826,-0.050046682,0.13683948,-0.42334554,-0.81999713,0.29156548
,,-0.49340004,6.1276994,7.6349387,1699795685147,,0.473802,-0.8666644,-0.90995944,,,,,,-0.74523264,0.27775094,0.07275842,0.08497523,-0.30503243,-0.89435047,0.26061818
,,-0.25794634,4.698466,8.250293,1699795685399,,-0.33009607,-0.32238388,-0.6295725,,,,,,-0.618762,-0.3625909,0.09564438,0.050159015,-0.26869994,-0.91998315,0.22820118
,,-0.31872398,3.8214178,8.785808,1699795685651,,0.112780906,0.31413722,0.2286925,,,,,,-0.47195202,-0.20285057,-0.24414445,0.037291516,-0.20675129,-0.9503569,0.20368728
,,-0.6003592,3.5696929,9.337991,1699795685905,,0.12072215,-0.02489274,0.4314996,,,,,,-0.35896534,0.05865324,0.039917372,0.04737977,-0.17258112,-0.9620958,0.19208498
,,-0.5244269,3.1489542,9.742936,1699795686410,,1.0632865,1.0899355,-0.08895718,,,,,,-0.29224494,0.042604867,0.31150433,0.044860713,-0.15275969,-0.9633255,0.2053028
,,-0.49196434,2.7021348,9.615317,1699795686663,,0.7254783,-0.08781181,0.124234624,,,,,,-0.27996555,-0.17200038,0.10735366,0.04088896,-0.13893013,-0.96657526,0.20602255
