97#1#0
key,lat,lon,ts,bike,childCheckBox,trailerCheckBox,pLoc,incident,i1,i2,i3,i4,i5,i6,i7,i8,i9,scary,desc,i10
,,,,1,0,0,5,-5,0,0,0,0,0,0,0,0,0,0,,0

=========================
98#1
lat,lon,X,Y,Z,timeStamp,acc,a,b,c,obsDistanceLeft1,obsDistanceLeft2,obsDistanceRight1,obsDistanceRight2,obsClosePassEvent,XL,YL,ZL,RX,RY,RZ,RC
52.59507,13.318383333333335,7.987161,5.4294,-1.8755002,1691392666000,2.1,-0.1837,-0.099275,0.10615,,,,,,0.41752568,-0.24363604,0.69662553,-0.4630562,-0.43312794,-0.48370245,0.06293632
,,8.038825,5.406401,-1.9728703,1691392666670,,0.0336875,-0.13653749,-0.12925,,,,,,0.2903568,-0.08040404,0.46304512,-0.5846355,-0.5299144,-0.60863423,0.073024966
,,7.93249,5.524436,-1.8066354,1691392666921,,0.0517,-0.102437496,-0.27101249,,,,,,0.08471314,0.11995056,0.50287473,-0.58504254,-0.5233147,-0.6134419,0.07759777
,,7.883554,5.426096,-1.8855653,1691392667175,,-0.3466375,0.104225,-0.158125,,,,,,-0.004305069,0.027481535,0.3117489,-0.5885181,-0.5143443,-0.6185866,0.0730203
,,7.9494653,5.6027966,-1.701275,1691392667426,,0.1423125,-0.0759,0.20515,,,,,,0.048633594,0.15453008,0.32342586,-0.59063345,-0.5037563,-0.62655574,0.0643886
,,8.08794,5.7149262,-1.5055699,1691392667679,,0.4789125,0.3757875,0.3287625,,,,,,0.15403737,0.262839,0.38296235,-0.5904659,-0.49711877,-0.6323327,0.062016834
,,8.204841,5.4730606,-1.5367299,1691392667929,,0.062425,-0.6425375,-0.1538625,,,,,,0.221973,0.06101672,0.22334188,-0.5862225,-0.49552932,-0.63652647,0.06798
,,8.241575,5.6174946,-1.2208298,1691392668182,,-0.190025,-0.2866875,-0.2443375,,,,,,0.25983042,0.1896272,0.4956451,-0.58297044,-0.4972021,-0.6379521,0.070065066
,,8.14684,5.4406,-1.376765,1691392668433,,-0.2358125,0.0391875,-0.0270875,,,,,,0.17974266,-0.014018055,0.3196436,-0.58399844,-0.4949663,-0.63908273,0.06617184
,,8.237805,5.5872464,-1.1471403,1691392668683,,0.07205,0.3205125,0.2457125,,,,,,0.2371867,0.15408522,0.44058734,-0.58565587,-0.48773918,-0.64330924,0.063043736
,,8.3701,5.51754,-1.1397053,1691392668933,,0.5022875,0.5548125,0.0666875,,,,,,0.2865017,0.17840716,0.3478937,-0.58624524,-0.48163244,-0.646909,0.06732103
52.595029999999994,13.318386666666667,8.342636,5.239141,-0.8371151,1691392669000,2.0,-0.7258625,-0.623425,-0.3146,,,,,,0.22351356,-0.09613281,0.4418769,-0.5746486,-0.4841978,-0.65347,0.07827867
,,8.386501,5.2607055,-1.0260152,1691392669184,,0.33935,0.4376625,-0.0493625,,,,,,0.24975163,-0.03301536,0.30651194,-0.5789995,-0.48200262,-0.6516469,0.07695956
,,8.284806,5.272375,-0.7952152,1691392669686,,0.187,-0.23773749,0.036849998,,,,,,0.1903925,-0.13043486,0.3492597,-0.5722369,-0.48037302,-0.6590532,0.07314183
,,8.422276,5.3827395,-0.42768002,1691392669937,,0.333025,0.4536125,0.2275625,,,,,,0.28052914,0.005182767,0.5341291,-0.56632584,-0.4778228,-0.6656133,0.07868336
,,8.478315,5.1541357,-0.35164502,1691392670189,,0.2787125,0.0732875,0.061325,,,,,,0.2566492,-0.1387305,0.4534765,-0.5574675,-0.4796375,-0.6701139,0.093968734
,,8.437975,5.0106406,-0.27760997,1691392670443,,-0.526625,-0.23773749,-0.09625,,,,,,0.19904849,-0.25703394,0.52053255,-0.5515939,-0.48623344,-0.6690217,0.10389283
,,8.383,5.123645,-0.61093503,1691392670693,,0.043175,-0.5231875,-0.19745,,,,,,0.19181801,-0.18934043,0.31667513,-0.55722314,-0.48644292,-0.6651434,0.09578147
,,8.304495,5.4276447,-0.77857506,1691392670945,,0.2509375,0.1681625,0.1104125,,,,,,0.18563537,0.033126354,0.26409194,-0.564127,-0.48443726,-0.66232884,0.08273275
,,8.26033,5.2121744,-1.09887,1691392671195,,0.3180375,0.0647625,-0.0919875,,,,,,0.16033554,-0.16660424,0.12111184,-0.56734097,-0.48947218,-0.65560037,0.08354424
,,8.252795,5.2469044,-1.2819002,1691392671447,,0.1241625,-0.2707375,-0.120725,,,,,,0.19381303,-0.1420921,0.14365652,-0.57035714,-0.49652898,-0.6476217,0.083318196
,,8.08696,5.3406754,-1.6174951,1691392671701,,-0.26565,0.0829125,0.0561,,,,,,0.15214296,-0.15863302,0.09973279,-0.5768452,-0.5040103,-0.63775456,0.07205983
,,7.93817,5.4277353,-1.85023,1691392671953,,-0.1772375,0.2000625,-0.054725,,,,,,0.119572274,-0.18367226,0.057235975,-0.581757,-0.50742775,-0.6323192,0.059803274
52.594948333333335,13.318431666666667,7.880746,5.2915955,-2.08379,1691392672000,2.3,-0.125125,0.034925,0.1508375,,,,,,0.14117649,-0.37732682,-0.013700724,-0.5741732,-0.5242644,-0.6247603,0.067638405
,,7.945306,5.4801,-1.86063,1691392672205,,0.47575,0.07755,0.121,,,,,,0.19110368,-0.1937075,0.13520835,-0.5792551,-0.5146664,-0.6288312,0.059512038
,,7.8549104,5.2704954,-2.258165,1691392672706,,-0.311575,-0.1876875,-0.0504625,,,,,,0.14203525,-0.4182796,-0.13877991,-0.5715622,-0.52958024,-0.62245786,0.0699223
,,7.7444444,5.2659607,-2.5404348,1691392672959,,0.197725,-0.4774,0.3586,,,,,,0.05496374,-0.420083,-0.3369031,-0.57541406,-0.52934164,-0.6193497,0.06662116
,,7.75121,5.2213254,-2.5837054,1691392673210,,-0.09955,0.137225,0.1252625,,,,,,0.009819206,-0.34380925,-0.27878994,-0.5821869,-0.5264941,-0.61480445,0.069378965
,,7.647605,5.0559907,-2.7703955,1691392673461,,-4.125E-4,-0.23567499,0.00385,,,,,,-0.15365382,-0.37401697,-0.36216944,-0.5899277,-0.523161,-0.6096003,0.0726456
,,7.7782397,5.065584,-2.8643656,1691392673714,,-0.410575,-0.56581247,0.013475,,,,,,-0.05422623,-0.2597202,-0.32130334,-0.60053486,-0.51750267,-0.60419357,0.070087746
,,7.783536,5.2345905,-2.781165,1691392673965,,-0.007975,-0.3240875,0.0177375,,,,,,-0.0423741,-0.04723548,-0.12019914,-0.5281991,-0.44295585,-0.5215279,0.05635057
,,7.7903605,5.3900504,-2.8076549,1691392674217,,0.280775,0.4184125,-0.0484,,,,,,-0.004102087,0.123207524,-0.022622256,-0.36674652,-0.30753392,-0.35992786,0.04373733
,,7.847655,5.2777853,-2.65812,1691392674468,,0.0900625,-0.1439625,-0.019524999,,,,,,0.0621883,0.019009197,0.17343397,-0.37258464,-0.3027559,-0.35836875,0.038071766
,,7.8094945,5.2366257,-2.8079152,1691392674720,,-0.2806375,0.6155875,-0.2475,,,,,,0.073688425,-0.0746328,0.062167253,-0.3750292,-0.3016662,-0.35725802,0.031704698
,,7.96473,5.44996,-2.7189555,1691392674971,,0.4811125,0.4675,0.267025,,,,,,0.2857034,0.034475055,0.11154694,-0.37330142,-0.3018218,-0.35943386,0.02522773
52.594845,13.318498333333332,8.000535,5.18786,-2.5956955,1691392675000,2.1,-0.0686125,-0.016224999,-0.0132,,,,,,0.31467488,-0.28536388,0.099891804,-0.44635484,-0.37501213,-0.44343922,0.03673767
,,7.888165,5.320495,-2.563725,1691392675223,,-0.13365,0.8828875,-0.16335,,,,,,0.22071223,-0.13727996,0.22035848,-0.369095,-0.30461627,-0.36131513,0.026392864
,,7.884975,5.155501,-2.107065,1691392675727,,-0.36685,-0.0768625,0.1423125,,,,,,0.16353887,-0.33112127,0.45236036,-0.6103808,-0.50706464,-0.60589224,0.046316598
,,7.832541,5.1948404,-2.117635,1691392675979,,0.1571625,-0.3400375,0.115637496,,,,,,0.09597684,-0.3117165,0.34812146,-0.60428435,-0.50979835,-0.60952765,0.0507002
,,8.013131,5.276735,-2.0317001,1691392676229,,0.1071125,-0.12485,0.0485375,,,,,,0.23180972,-0.22701342,0.30620137,-0.5984537,-0.5104536,-0.6145257,0.056059565
,,8.004831,5.18437,-1.8798699,1691392676480,,0.0539,-0.2451625,0.0325875,,,,,,0.15354022,-0.2587584,0.36400253,-0.5938618,-0.51116276,-0.61766845,0.06496297
,,7.9480257,5.2327404,-1.7911601,1691392676731,,-0.2817375,-0.1408,0.129525,,,,,,0.052823924,-0.16244306,0.40993193,-0.5931887,-0.5098342,-0.61902595,0.06884617
,,7.76929,5.0714054,-2.235425,1691392676982,,0.1252625,-0.6243875,0.0922625,,,,,,-0.12589033,-0.28607893,0.04836556,-0.60032743,-0.50539654,-0.6159646,0.0643718
,,7.9885197,5.26704,-2.4036555,1691392677234,,0.0815375,0.0829125,-0.0867625,,,,,,0.11454021,-0.07263365,-0.012275788,-0.6089512,-0.5003414,-0.61202186,0.05695487
,,8.019025,5.2836657,-2.5649202,1691392677485,,0.2072125,0.1392875,0.0603625,,,,,,0.16936187,-0.047956936,-0.07862636,-0.6131275,-0.5000923,-0.60827166,0.053999864
,,7.9218,5.226095,-2.4885604,1691392677736,,-0.0611875,-0.318725,0.0507375,,,,,,0.10580414,-0.109139636,0.09416684,-0.61630857,-0.501168,-0.6044239,0.051291957
,,7.883935,5.2597656,-2.671525,1691392677988,,-0.023924999,-0.26221249,0.0251625,,,,,,0.13779086,-0.10281768,0.07002696,-0.6236351,-0.5003258,-0.59850824,0.04262737
52.59475333333333,13.318610000000001,7.7682657,5.396195,-2.3868902,1691392678000,1.9,0.0644875,0.24475,0.0666875,,,,,,0.1385776,-0.08001604,0.4638745,-0.6259301,-0.5030381,-0.5947236,0.032492634
,,7.763435,5.332961,-2.6622252,1691392678240,,-0.0154,0.121275,-0.1005125,,,,,,0.09753065,-0.09908976,0.17498595,-0.6285871,-0.4990892,-0.59528786,0.032647666
,,7.838166,5.21393,-2.6017299,1691392678742,,-0.16445,-0.098175,-0.0174625,,,,,,0.21884002,-0.26744834,0.265853,-0.6204274,-0.5105828,-0.5935684,0.038731363
,,7.8756657,5.299635,-2.539635,1691392678993,,0.2946625,0.0818125,0.1786125,,,,,,0.2869495,-0.22710674,0.31879616,-0.6169006,-0.51434255,-0.5939167,0.039128266
,,7.908626,5.3790345,-2.5156703,1691392679244,,0.2233,0.0072875,-0.0515625,,,,,,0.33767253,-0.19510122,0.2955666,-0.61252755,-0.5170847,-0.59587175,0.039906733
,,7.79762,5.250165,-2.3838353,1691392679497,,0.20405,-0.2825625,0.1167375,,,,,,0.20134047,-0.33406574,0.33550987,-0.6037894,-0.5228234,-0.5990343,0.0482156
,,7.9774547,5.1555696,-2.67117,1691392679748,,0.1519375,-0.29947498,0.00495,,,,,,0.33838317,-0.39739063,-0.004321301,-0.5965964,-0.5287058,-0.6004455,0.058414
,,8.235266,5.3571653,-2.5650403,1691392680000,,0.1860375,-0.46145,0.088,,,,,,0.5649832,-0.17904833,0.047407843,-0.59312546,-0.5301105,-0.60229206,0.06322107
,,7.961831,5.2196956,-2.6120002,1691392680253,,-0.0356125,-0.047025,0.1337875,,,,,,0.25676027,-0.29060784,-0.04270548,-0.5923666,-0.52888936,-0.6038781,0.065691665
,,7.9921317,5.1838307,-2.5805652,1691392680503,,-0.1293875,-0.1791625,-0.124025,,,,,,0.22134282,-0.2460881,-0.03419179,-0.59169286,-0.52855676,-0.6041924,0.07252936
,,7.9361053,5.1317353,-2.57199,1691392680755,,-0.3221625,-0.22715,0.15619999,,,,,,0.12507984,-0.23639138,-0.012752728,-0.59332186,-0.52733195,-0.60333633,0.07564253
52.59466333333333,13.318721666666667,7.707475,5.2863746,-2.4527652,1691392681000,1.8,-0.072875,0.0402875,-0.003575,,,,,,-0.041650373,-0.08769061,0.27378172,-0.6104661,-0.5155661,-0.5980398,0.057193894
,,8.012911,5.2653995,-2.6199548,1691392681006,,-0.038775,-0.5680125,6.875E-4,,,,,,0.21200983,-0.09394344,-0.010501106,-0.59980667,-0.5222844,-0.6018504,0.069368094
,,7.8825755,5.3799,-2.410765,1691392681257,,0.061325,0.0818125,0.0059125,,,,,,0.110184334,0.0033912421,0.24366154,-0.60623264,-0.51699007,-0.60068756,0.06112417
,,7.8849454,5.4770746,-2.2948701,1691392681760,,0.0133375,0.051975,0.055,,,,,,0.16579564,0.08124907,0.4708893,-0.61285675,-0.514683,-0.5968044,0.053153373
,,7.8155146,5.44844,-2.3031652,1691392682012,,-0.0611875,0.32999998,-0.0515625,,,,,,0.13471445,0.010261087,0.49131635,-0.61571586,-0.51272213,-0.59623265,0.0469082
,,7.84091,5.48487,-2.3468351,1691392682263,,0.117837496,0.220275,-0.0163625,,,,,,0.17687145,0.008856851,0.42049414,-0.6155061,-0.51160455,-0.5977126,0.0439248
,,7.9101706,5.4701343,-2.22183,1691392682513,,0.129525,-0.275,0.079475,,,,,,0.2277978,-0.010732033,0.47837374,-0.6107325,-0.5139013,-0.60016215,0.048290964
,,8.060406,5.431365,-2.2510302,1691392682764,,-0.3744125,-0.4796,-0.2156,,,,,,0.33265373,-0.019130008,0.37693962,-0.60591054,-0.51609576,-0.60258865,0.055401698
,,8.005566,5.3793306,-2.2120645,1691392683015,,-0.022824999,0.0573375,-0.157025,,,,,,0.2524115,-0.06337938,0.3582881,-0.60369426,-0.5158496,-0.6048403,0.057882205
,,7.9158697,5.1705956,-2.3205347,1691392683266,,-0.0196625,-0.232375,-0.23265,,,,,,0.13641739,-0.26239273,0.19670187,-0.6022648,-0.51493645,-0.60691124,0.059729468
,,7.9561987,5.1661954,-2.3040352,1691392683518,,0.2509375,0.14465,-0.0493625,,,,,,0.15865996,-0.25423867,0.18447593,-0.6005993,-0.5154929,-0.60791564,0.062274095
,,8.0202,5.2441254,-2.0915053,1691392683769,,-0.007975,-0.0694375,0.086899996,,,,,,0.22365563,-0.17204157,0.4060896,-0.5988592,-0.5179871,-0.60723,0.0646987
52.594570000000004,13.318831666666664,8.07227,5.034165,-2.5705352,1691392684000,1.8,0.4459125,-0.1376375,0.0155375,,,,,,0.28935465,-0.22549374,0.2511432,-0.6021693,-0.52988,-0.59174424,0.07561251
,,7.9462047,5.1141605,-2.30494,1691392684020,,0.0752125,0.11385,-0.2039125,,,,,,0.1613223,-0.26933107,0.29277256,-0.59978926,-0.5217506,-0.6026625,0.067079
,,7.8499703,5.0846305,-2.331005,1691392684271,,0.4246,-0.2206875,0.1263625,,,,,,0.08430575,-0.27296746,0.37085393,-0.60079515,-0.5256235,-0.5979651,0.0688975
,,8.079966,4.9990997,-2.559065,1691392684774,,-0.226325,-0.0842875,-0.0686125,,,,,,0.2536844,-0.13831551,0.3582972,-0.6041628,-0.5322047,-0.58654284,0.0833286
,,8.099965,4.9104304,-2.7328348,1691392685026,,-0.276375,-0.2729375,-0.1346125,,,,,,0.24571876,-0.114410065,0.30639234,-0.60883105,-0.5326374,-0.58072686,0.087676905
,,8.018695,4.7900248,-3.131235,1691392685278,,0.10175,-0.182325,-0.0941875,,,,,,0.16000658,-0.16732958,0.0212042,-0.6165497,-0.5290154,-0.57615185,0.08515693
,,8.006695,4.91203,-3.06604,1691392685530,,-0.0026125,-0.2655125,-0.0697125,,,,,,0.16052064,-0.03248549,0.13941678,-0.6225954,-0.5245474,-0.57442737,0.079921894
,,7.9431295,4.77877,-3.2532046,1691392685781,,0.093225,0.15853749,0.013475,,,,,,0.11910448,-0.1625863,0.010752511,-0.6279925,-0.5210672,-0.572462,0.074616104
,,7.8252654,4.9573,-3.0668046,1691392686035,,0.07205,0.6122875,0.2116125,,,,,,0.04329471,-0.05328487,0.19421133,-0.6311095,-0.5172492,-0.57375926,0.06616277
,,7.8026,5.0050354,-3.2202055,1691392686285,,0.0144375,-0.1472625,0.20515,,,,,,0.079059176,-0.08094946,0.067474596,-0.6341478,-0.5149584,-0.5737401,0.057504464
,,7.7387357,4.98557,-3.2440352,1691392686537,,-0.1612875,0.0573375,-0.0697125,,,,,,0.06755633,-0.16624366,0.06512307,-0.63721496,-0.5121794,-0.57359797,0.04935383
,,7.640111,4.91971,-3.273965,1691392686788,,0.16995,0.0295625,-0.1709125,,,,,,0.016658215,-0.28618047,0.05780356,-0.6394327,-0.51048136,-0.57297045,0.04294763
52.594485,13.318925000000002,7.7082047,4.62294,-3.6225052,1691392687000,1.8,0.246675,0.270325,-0.111237496,,,,,,0.2798582,-0.8299267,-0.2555688,-0.6358259,-0.5163041,-0.57242996,0.028048532
,,7.70291,4.7781754,-3.5523653,1691392687042,,-0.0771375,0.0477125,-0.1016125,,,,,,0.12718727,-0.47660312,-0.19055574,-0.64035815,-0.5108189,-0.5719278,0.038444735
,,7.9369745,4.950105,-3.501035,1691392687294,,0.2083125,-0.1728375,-0.0919875,,,,,,0.4227152,-0.4061816,-0.16614667,-0.63851565,-0.511684,-0.5735191,0.032459833
,,7.796766,4.6184096,-3.6080353,1691392687797,,0.468325,0.3757875,-0.16335,,,,,,0.46393326,-0.936135,-0.19530004,-0.6281522,-0.5270115,-0.570339,0.028350534
,,7.9920654,4.686576,-3.5081053,1691392688048,,0.4181375,0.155375,-0.053625,,,,,,0.7337767,-0.9634677,-0.08424687,-0.61192006,-0.5450611,-0.5688731,0.03761163
,,8.1703615,4.683011,-3.4655755,1691392688299,,0.44165,0.5462875,-0.09845,,,,,,0.947605,-1.0115329,-0.035778545,-0.5899771,-0.56795233,-0.5663054,0.056093372
,,8.245195,4.765881,-3.26207,1691392688551,,0.5908375,0.5132875,-0.06325,,,,,,1.0052187,-0.9337486,0.11816959,-0.56249356,-0.59180516,-0.5638009,0.0820669
,,8.157236,4.6325755,-3.13446,1691392688832,,-0.0793375,0.0402875,0.1263625,,,,,,0.830877,-0.98173577,0.18427487,-0.529622,-0.6179733,-0.5578773,0.11962129
,,8.398011,4.8267746,-3.076425,1691392689083,,-0.0154,0.2096875,0.055,,,,,,0.93033165,-0.66325265,0.11054181,-0.49912363,-0.6388168,-0.5542399,0.15779637
,,8.350455,4.786771,-3.064625,1691392689335,,-0.5479375,-0.2825625,0.17435,,,,,,0.71074843,-0.5570831,-0.05931742,-0.47526535,-0.6515553,-0.55282307,0.19146201
,,8.20158,4.8147407,-2.98572,1691392689585,,-0.50215,-0.5317125,0.088,,,,,,0.3946378,-0.37819585,-0.13938853,-0.46689802,-0.65209985,-0.55471456,0.21125545
,,8.14601,4.9496746,-3.0113146,1691392689837,,-0.2391125,-0.2718375,0.0400125,,,,,,0.2080677,-0.12163855,-0.28206864,-0.4724093,-0.6423423,-0.55884707,0.21564752
52.59442000000001,13.318981666666666,7.7338347,5.1354947,-3.3225298,1691392690000,1.9,-0.06435,0.0488125,0.1326875,,,,,,-0.24895811,0.10654499,-0.62664497,-0.5459332,-0.5781534,-0.57927483,0.14999923
,,8.015144,4.9804354,-3.093725,1691392690087,,-0.385,-0.268675,0.00495,,,,,,0.00841597,-0.016688734,-0.40945435,-0.4901009,-0.6251489,-0.56366,0.20488729
,,7.85454,5.0747657,-3.3061652,1691392690339,,-0.09955,0.102025,0.03795,,,,,,-0.15114702,0.07889705,-0.6156696,-0.5182987,-0.6017265,-0.5709742,0.17880464
,,7.8227305,5.032065,-3.4282706,1691392690840,,-0.5064125,-0.4731375,0.1903,,,,,,-0.12689339,-0.03243346,-0.6949091,-0.5745098,-0.55333626,-0.586764,0.119009234
,,7.8954406,4.9832606,-3.4068751,1691392691094,,-0.4563625,-0.4103,0.1753125,,,,,,-0.023546137,-0.13136905,-0.67978495,-0.5982007,-0.5277466,-0.59303373,0.08903837
,,7.8576813,4.939086,-3.3179748,1691392691344,,0.011275,-0.250525,0.24035,,,,,,-0.05474656,-0.19274768,-0.60608935,-0.4371597,-0.39125103,-0.4359152,0.06542276
,,7.948446,4.810125,-3.30461,1691392691595,,-0.09845,0.043449998,0.028324999,,,,,,0.0130176535,-0.2729105,-0.5718428,-0.22321291,-0.2322934,-0.24048637,0.048508525
,,8.121146,4.61353,-3.1883452,1691392691847,,-0.022824999,0.102025,-0.003575,,,,,,0.12284019,-0.3655215,-0.4502361,-0.0058555105,-0.078095004,-0.04383413,0.035611868
,,8.272846,4.4664655,-3.0634398,1691392692097,,0.0644875,0.122375,0.080575,,,,,,0.19702645,-0.3853993,-0.3295655,0.070819855,-0.0023005109,0.03486167,0.02277423
,,8.321481,4.548,-2.6991704,1691392692351,,0.046475,0.071225,0.0592625,,,,,,0.14781865,-0.16639389,-0.032562617,0.058805473,0.01936671,0.031399805,0.014755601
,,8.378875,4.4588704,-2.5300653,1691392692610,,0.0592625,0.0391875,-0.0356125,,,,,,0.08798944,-0.09823387,0.02919722,0.053991806,0.033492785,0.027053658,0.016087199
,,8.52654,4.3124104,-2.3366349,1691392692861,,0.088,0.17985,-0.23045,,,,,,0.13310032,-0.13593884,0.0698209,-0.12546797,-0.07075883,-0.14007859,0.01997563
52.59437500000001,13.319015000000002,8.73418,4.3623347,-1.7236348,1691392693000,1.9,0.10505,-1.375E-4,-0.0504625,,,,,,0.13673414,0.037178867,0.18430029,-0.6639013,-0.3945376,-0.6328818,0.044666696
,,8.626506,4.3923707,-1.9839301,1691392693113,,0.22,-0.032175,0.1007875,,,,,,0.15634955,-0.03905356,0.18117222,-0.35015678,-0.20430802,-0.34625927,0.023910534
,,8.685276,4.3980703,-1.7791301,1691392693365,,0.144375,-0.143,0.0902,,,,,,0.14246264,0.009538829,0.20683703,-0.57665294,-0.33721313,-0.5506329,0.032777466
,,8.687241,4.3694654,-1.81573,1691392693871,,0.2594625,0.4610375,-0.3221625,,,,,,0.08150556,0.0434868,0.061438285,-0.6565657,-0.40466034,-0.6332137,0.054871533
,,8.613975,4.491405,-1.9849949,1691392694123,,0.21573749,0.0616,0.0518375,,,,,,0.058369696,0.085884,-0.07272777,-0.6484362,-0.41939026,-0.63110214,0.06230136
,,8.57231,4.475675,-2.1450953,1691392694374,,-0.175175,-0.6276875,0.30745,,,,,,0.094574116,0.018833468,-0.049237635,-0.6473563,-0.43212754,-0.6233154,0.06542173
,,8.476946,4.429514,-2.397825,1691392694626,,0.1423125,0.153175,0.013475,,,,,,0.05466547,0.022921864,-0.018045492,-0.6546311,-0.437788,-0.61143124,0.066528834
,,8.461181,4.440614,-2.5200205,1691392694878,,0.15619999,0.0061875,-0.105875,,,,,,0.07542017,0.060344443,0.039955802,-0.658424,-0.44263262,-0.6038122,0.067747995
,,8.415146,4.4631143,-2.637645,1691392695129,,0.13915,0.0413875,-0.082499996,,,,,,0.07545857,0.055504408,0.032534108,-0.6584268,-0.44904807,-0.5990811,0.068351164
,,8.38735,4.453775,-2.7539852,1691392695381,,0.0922625,0.1276,-0.16665,,,,,,0.096788764,0.030412234,0.05208056,-0.6593275,-0.45538333,-0.59331614,0.06879534
,,8.376085,4.3908997,-2.837155,1691392695633,,-0.0174625,-0.098175,-0.1590875,,,,,,0.12031786,-0.025721319,0.10239872,-0.66086024,-0.46045548,-0.58761626,0.06969507
,,8.342615,4.4970007,-2.8307848,1691392695884,,-0.443575,-0.20047499,-0.0089375,,,,,,0.11026738,0.048176263,0.123338,-0.65668577,-0.466903,-0.5866748,0.07275769
52.59436833333333,13.319026666666666,7.8822403,4.995876,-2.7976046,1691392696000,1.9,-0.4211625,0.1852125,-0.188925,,,,,,-0.12842414,-0.0135967,-0.21495053,-0.6244584,-0.4904568,-0.6029643,0.065235645
,,8.29015,4.6143003,-2.7496247,1691392696136,,-0.259325,-0.114125,-0.0919875,,,,,,0.09901055,0.03972153,0.11582264,-0.6483013,-0.4741041,-0.5905148,0.07262582
,,8.078441,4.9462056,-2.8342597,1691392696386,,0.3884375,0.9414625,0.0166375,,,,,,-0.012202361,0.16574128,-0.0347715,-0.63953,-0.4826282,-0.5937677,0.067401536
,,7.70714,5.3329163,-2.4779003,1691392696890,,-0.1794375,0.5963375,-0.09955,,,,,,-0.1968452,0.031337876,-0.31762007,-0.60401744,-0.49300364,-0.6204184,0.059476104
,,7.583806,5.6264157,-1.935265,1691392697141,,-0.53845,-0.2281125,0.1582625,,,,,,-0.2225766,0.07071723,-0.41100615,-0.5800919,-0.48731098,-0.64534384,0.053701375
,,7.785742,5.8476806,-1.318605,1691392697394,,-0.6598625,-0.5253875,0.62067497,,,,,,0.0014595032,0.16384716,-0.5193141,-0.56150275,-0.4698882,-0.6732426,0.044981666
,,7.90233,5.587176,-0.8176998,1691392697645,,-0.1698125,-0.6914875,0.164725,,,,,,0.02074138,-0.04840946,-0.5938185,-0.35526893,-0.33612663,-0.4512389,0.04092953
,,8.14347,5.0876055,-0.31413987,1691392697897,,-0.2987875,0.0594,-0.4712125,,,,,,0.10166969,-0.3882179,-0.5294214,-0.14484401,-0.20569965,-0.2316629,0.040166434
,,8.631496,5.1673303,0.1645,1691392698148,,-0.3199625,-1.3211,-0.7321875,,,,,,0.5578606,-0.28708455,-0.42869446,0.051220942,-0.0696201,-0.0032037436,0.043435268
,,8.31446,5.3851247,0.34243008,1691392698400,,-0.3977875,-0.4497625,0.0603625,,,,,,0.29865202,-0.13885799,-0.25899535,0.24705344,0.063816175,0.22333248,0.06646044
,,8.035894,5.533796,0.11796501,1691392698652,,0.0496375,0.5324,-0.158125,,,,,,0.07794229,-0.06183226,-0.19078937,0.44251087,0.18624827,0.45232412,0.097045235
,,7.6300898,5.731461,-0.10573003,1691392698903,,0.2498375,-0.0268125,-0.105875,,,,,,-0.19281203,-0.05409069,-0.14287952,0.6357294,0.30405226,0.68982047,0.1298797
52.59435333333332,13.31905,6.37163,7.2940364,-0.41248503,1691392699000,1.7,0.0528,-0.12265,-0.0600875,,,,,,-0.68838346,0.4946824,-0.07988273,0.6459513,0.31386372,0.6608401,0.2140054
,,7.3484945,6.268866,-0.19352499,1691392699154,,-0.2486,-0.3804625,0.0166375,,,,,,-0.21235397,0.13064048,-0.10639092,0.63900274,0.3076789,0.6808654,0.15953064
,,7.0112257,6.9194317,-0.279185,1691392699406,,-0.191125,-0.031075,0.0155375,,,,,,-0.25469044,0.37454858,-0.13120404,0.638831,0.31302595,0.6731481,0.18991739
,,6.5727305,7.221471,-0.36202005,1691392699908,,-0.2902625,0.0488125,0.095425,,,,,,-0.38735515,0.316631,-0.040121906,0.64469105,0.31577176,0.6587657,0.22203064
,,6.702065,7.228436,-0.054265,1691392700160,,-0.056925,-0.15895,0.2116125,,,,,,-0.2004108,0.2565089,0.09274623,0.6356407,0.3210399,0.6653659,0.22229512
,,6.8317304,7.1964006,0.160035,1691392700411,,-0.2817375,-0.4838625,0.112475,,,,,,-0.09247275,0.24858873,0.21413943,0.6349937,0.3145689,0.66741824,0.22660372
,,6.984666,6.9329305,0.074400015,1691392700661,,0.1571625,0.2437875,0.3213375,,,,,,-0.021357305,0.07303228,0.10565166,0.6419184,0.29728705,0.66501826,0.23639797
,,7.3036714,6.4468946,0.09363498,1691392700913,,-0.6215,-1.5939,-0.6139375,,,,,,0.21604078,-0.3195584,-0.011635439,0.64406043,0.27905038,0.66639555,0.24657454
,,7.297836,6.649001,0.09536999,1691392701165,,0.4096125,-0.452925,0.062425,,,,,,0.15438305,-0.062410858,-0.12050922,0.64916044,0.2534193,0.6617184,0.26643938
,,7.378061,6.5965705,-0.10839503,1691392701415,,0.2765125,-0.66385,-0.015262499,,,,,,0.15419744,-0.031010943,-0.29115027,0.6598002,0.22742042,0.6527608,0.28310144
,,7.429721,6.4184003,-0.632525,1691392701666,,5.5E-4,-0.4731375,-0.09955,,,,,,0.20544903,-0.16968411,-0.48123354,0.6803571,0.20296411,0.6304125,0.30067825
,,7.186991,6.3274064,-1.2768301,1691392701919,,-0.121825,0.01155,0.00385,,,,,,0.061581884,-0.30184254,-0.6851551,0.7023904,0.18305974,0.6020155,0.3197917
52.59433666666667,13.319066666666666,6.6906238,6.8533344,-1.8641346,1691392702000,1.7,-0.1282875,0.1329625,-0.0493625,,,,,,-0.08437444,-0.051796295,-0.32935303,0.7431719,0.15829219,0.54132247,0.35752216
,,6.993655,6.5811706,-1.5451701,1691392702171,,-0.10065,0.21505,0.027224999,,,,,,0.0025514774,-0.13878244,-0.5986158,0.71911854,0.1685,0.5771821,0.3379485
,,6.6148543,7.1138053,-1.7415998,1691392702423,,0.0517,0.2267375,-0.0611875,,,,,,-0.2499087,0.282616,-0.44764817,0.7345928,0.15781574,0.55392134,0.3539776
,,6.586935,6.929735,-1.8962696,1691392702925,,-0.17407499,0.0477125,0.0539,,,,,,-0.08943003,-0.06628995,-0.27736303,0.7460129,0.15913743,0.5338203,0.36366183
,,6.497539,7.043106,-1.6438649,1691392703176,,-0.3914625,0.3012625,0.036849998,,,,,,-0.14706591,-0.019265164,-0.24366003,0.7383038,0.15940258,0.5391833,0.3708768
,,6.6126094,7.1437354,-0.98532003,1691392703430,,0.1060125,0.1414875,0.0400125,,,,,,-0.06663529,0.059496637,-0.054100655,0.72151035,0.16030265,0.55654293,0.3766419
,,6.657545,7.2374654,-0.47231504,1691392703681,,0.6887375,0.48345,0.331925,,,,,,-0.07955411,0.16724452,0.0054839477,0.70432943,0.16436781,0.5766207,0.37647045
,,6.8701053,7.003629,-0.009884992,1691392703933,,0.5204375,0.155375,0.0251625,,,,,,0.04287263,2.1026532E-4,0.13510197,0.68863964,0.17764108,0.59877855,0.36157763
,,6.992071,6.8845696,0.31618002,1691392704183,,0.265925,-0.083325,-0.0462,,,,,,0.045645133,-0.013093468,0.23495795,0.67505336,0.19447333,0.61962795,0.33819196
,,7.0893054,6.73247,0.61695004,1691392704436,,-0.071775,-0.1643125,-0.1101375,,,,,,0.028643759,-0.061016176,0.37846482,0.66276014,0.21385875,0.6387907,0.31193608
,,7.175476,6.729205,0.92644507,1691392704688,,-0.461725,-0.840675,-0.0345125,,,,,,0.04355132,0.0032777032,0.6005698,0.653514,0.232598,0.6539639,0.28904277
,,7.229741,6.8443356,0.5840351,1691392704941,,0.4937625,0.795575,0.2371875,,,,,,0.048686862,0.1736752,0.48895806,0.6594026,0.24197604,0.6529406,0.27389157
52.59433166666666,13.319073333333332,7.5062714,6.3806353,-0.46197504,1691392705000,1.7,-0.040975,0.895675,-0.105875,,,,,,0.17584366,-0.050228644,0.3037254,0.68053377,0.2719321,0.6369768,0.22607692
,,7.258376,6.5540757,0.36823007,1691392705192,,0.6375875,0.001925,-0.073975,,,,,,0.034658596,-0.06827681,0.5343086,0.6658194,0.25284773,0.65036374,0.25797606
,,7.1508765,6.374571,-0.11827502,1691392705443,,1.058475,0.04235,0.518375,,,,,,-0.10327247,-0.19335356,0.33116895,0.67285573,0.26238516,0.6442661,0.24459831
,,7.6344705,6.2031007,-0.7971801,1691392705943,,-0.0782375,-0.6670125,-0.14739999,,,,,,0.25058404,-0.12362206,0.24762191,0.6867626,0.28115717,0.6301607,0.21071967
,,7.6803,5.9875355,-1.3567102,1691392706195,,-0.1186625,-0.0449625,-0.2880625,,,,,,0.29456064,-0.25699762,0.11662782,0.69694805,0.2938058,0.617757,0.19560009
,,7.6994004,5.6816697,-1.8197403,1691392706446,,0.1315875,0.220275,-0.053625,,,,,,0.37382066,-0.5495333,-0.04197756,0.6980077,0.31814572,0.6126891,0.17596926
,,7.7110004,5.7097,-2.3477004,1691392706698,,0.1997875,0.0988625,0.122099996,,,,,,0.46991014,-0.53651583,-0.28078267,0.69866383,0.3404867,0.6061999,0.16048856
,,7.7468114,5.8820753,-2.4397948,1691392706949,,0.5311625,0.4217125,0.1615625,,,,,,0.57822233,-0.37012443,-0.12360871,0.69990265,0.35679188,0.59884566,0.15005992
,,7.488581,5.7268405,-2.7324653,1691392707200,,0.4384875,0.3535125,0.0763125,,,,,,0.40351096,-0.5610014,-0.22867037,0.6996078,0.37041268,0.5919507,0.14442785
,,7.4640756,5.50218,-3.1367605,1691392707451,,-0.3796375,-0.5168625,-0.157025,,,,,,0.41069958,-0.76012576,-0.45403862,0.69894516,0.38353178,0.5861588,0.13407066
,,7.488245,5.5921116,-3.2113602,1691392707703,,0.1667875,0.043449998,-0.3647875,,,,,,0.4512227,-0.65909946,-0.46054903,0.69466484,0.39571,0.58536303,0.12423203
,,7.4720454,5.507981,-3.0893998,1691392707959,,0.061325,0.1628,-0.18259999,,,,,,0.47926247,-0.7526541,-0.2610424,0.6876193,0.41225445,0.5848111,0.11296572
52.59430166666666,13.319105000000002,7.4256163,5.5468397,-3.2332053,1691392708000,1.8,0.450175,0.6474875,-0.1079375,,,,,,0.8120157,-1.0241951,-0.23307906,0.6477364,0.47904548,0.5822314,0.0855048
,,7.45081,5.5075793,-3.2136047,1691392708212,,0.2253625,0.2651,-0.124025,,,,,,0.55699795,-0.81187314,-0.30523342,0.678132,0.43165737,0.5836248,0.10359886
,,7.545406,5.5497103,-3.1846051,1691392708463,,0.5204375,0.11275,0.10615,,,,,,0.78456813,-0.8894447,-0.24631195,0.6636273,0.45449558,0.58399117,0.094572574
,,7.3965855,5.691934,-3.137975,1691392708968,,0.414975,0.5335,-0.19965,,,,,,0.92700374,-1.0098493,-0.06970074,0.44095984,0.31050256,0.38600346,0.0771042
,,7.534311,5.5771346,-3.1197455,1691392709219,,0.0389125,0.0221375,-0.1527625,,,,,,1.1717818,-1.2068621,0.012358999,0.23840761,0.13641836,0.1925397,0.0661998
,,7.5756097,5.566106,-3.2172704,1691392709470,,0.0496375,0.2651,0.0741125,,,,,,1.2395527,-1.2311207,-0.058121283,0.04110976,-0.04582572,8.8938477E-4,0.053410828
,,7.72867,5.51977,-2.9531703,1691392709721,,0.0837375,0.095699996,0.17325,,,,,,1.3061277,-1.19943,0.19812714,-0.15125272,-0.23231858,-0.19231987,0.044091396
,,7.67064,5.3368363,-3.1428754,1691392709974,,0.0176,0.188375,-0.1016125,,,,,,1.1290065,-1.2570958,0.026542531,-0.3384843,-0.42372322,-0.38702413,0.044540636
,,7.7559,5.307936,-3.026405,1691392710225,,0.1508375,-0.1695375,-0.2497,,,,,,1.1387423,-1.2306345,0.0951369,-0.5197293,-0.62278944,-0.580553,0.056105368
,,7.746396,5.3783054,-2.9721048,1691392710478,,-0.2519,-0.201575,-0.0493625,,,,,,1.1605064,-1.1772177,0.17537759,-0.506554,-0.6348363,-0.57857424,0.066510744
,,7.6242304,5.414605,-3.1910748,1691392710728,,0.3031875,0.3108875,0.0561,,,,,,1.0691844,-1.1779208,-0.062376034,-0.49796963,-0.6408879,-0.57902145,0.07105056
,,7.660525,5.4049063,-3.0656152,1691392710981,,0.601425,0.5665,0.13915,,,,,,1.0606283,-1.1551653,0.038027365,-0.48835027,-0.64711773,-0.5786174,0.08263981
52.594245,13.319185000000001,7.7266245,5.29558,-3.0990798,1691392711000,1.9,-0.4148375,-0.0182875,0.113575,,,,,,0.7949077,-0.909018,-0.0753398,-0.4489869,-0.67201316,-0.56540626,0.14614977
,,7.6533594,5.2526155,-3.0901499,1691392711232,,0.1881,0.1755875,0.131725,,,,,,0.95229256,-1.1984235,0.0055223983,-0.47413865,-0.6569385,-0.57412505,0.10415534
,,7.767155,5.2640796,-2.9825797,1691392711484,,-0.21133749,-0.1194875,0.055,,,,,,0.951128,-1.06136,0.08013419,-0.4581096,-0.6669419,-0.56877416,0.12814383
,,7.7987247,5.35404,-3.0207753,1691392711986,,-0.341275,-0.233475,0.17105,,,,,,0.6621759,-0.68646014,-0.13718978,-0.4466463,-0.66822094,-0.5678132,0.16321066
,,7.80423,5.298006,-2.8782704,1691392712238,,0.111375,0.2523125,-0.0462,,,,,,0.43678385,-0.5416763,-0.110277034,-0.4482456,-0.66240495,-0.56980246,0.17959186
,,7.78524,5.233491,-2.8764353,1691392712490,,0.1093125,-0.472175,-0.1942875,,,,,,0.28657162,-0.49597228,-0.18762179,-0.4515233,-0.6569656,-0.57177365,0.18663195
,,7.7280746,5.348616,-3.0398996,1691392712741,,-0.3168,-0.4125,-0.055825,,,,,,0.27937686,-0.44594193,-0.36661765,-0.4601821,-0.65051,-0.5759102,0.1741224
,,7.6330457,5.4442506,-3.0450652,1691392712992,,0.1423125,-0.0460625,-0.021724999,,,,,,0.29813403,-0.4982625,-0.39020064,-0.47143447,-0.64219147,-0.58302367,0.15298648
,,7.650541,5.4171157,-3.04094,1691392713243,,0.2413125,0.2864125,0.086899996,,,,,,0.39812925,-0.61783737,-0.36409542,-0.47683048,-0.63919014,-0.58591074,0.1408842
,,7.672675,5.352781,-3.1087453,1691392713494,,0.046475,-0.1854875,-0.1271875,,,,,,0.5048369,-0.75575274,-0.36416104,-0.4734651,-0.64418525,-0.58395725,0.13738665
,,7.6988745,5.3841147,-3.0764153,1691392713745,,-0.26785,-0.1973125,0.122099996,,,,,,0.66091835,-0.83422035,-0.23340908,-0.46775877,-0.65218407,-0.5808012,0.1327698
,,7.638965,5.4473195,-3.054315,1691392713996,,0.0730125,-0.199375,0.081675,,,,,,0.69107336,-0.8444894,-0.14316593,-0.46821636,-0.6545371,-0.57936203,0.1258442
52.59418666666667,13.319338333333333,7.55446,5.5294256,-3.0484097,1691392714000,2.3,-0.0111375,-0.058849998,0.0507375,,,,,,0.62102854,-0.71819663,-0.0055124005,-0.46453604,-0.66232544,-0.5723816,0.13149501
,,7.628166,5.5020504,-3.0390449,1691392714248,,0.280775,0.5207125,0.0485375,,,,,,0.6769325,-0.7699532,-0.089702226,-0.46900624,-0.65544033,-0.5775498,0.12649925
,,7.6117907,5.46962,-3.0569797,1691392714499,,0.0592625,-0.1621125,-0.015262499,,,,,,0.64349943,-0.75809366,-0.052723717,-0.46547234,-0.6601401,-0.57378197,0.13279927
,,7.452331,5.599231,-3.0247397,1691392715001,,0.162525,0.1287,0.045375,,,,,,0.54687554,-0.66943353,0.04187056,-0.4680491,-0.6608265,-0.5725782,0.12646438
,,7.476826,5.557096,-3.1043403,1691392715251,,-0.037675,-0.0119624995,-0.0248875,,,,,,0.52489424,-0.67433375,-0.06577163,-0.46855274,-0.659404,-0.57311344,0.12951264
,,7.5268297,5.587665,-3.0519753,1691392715503,,-0.10065,0.2756875,-0.104775,,,,,,0.5470136,-0.62616825,-0.043278154,-0.46331584,-0.66196346,-0.5730253,0.13586853
,,7.488869,5.6104994,-3.0014098,1691392715754,,0.10395,0.0925375,0.10395,,,,,,0.54256886,-0.66290486,-0.043769754,-0.45821485,-0.6636175,-0.5752682,0.1358878
,,7.460211,5.662065,-2.987675,1691392716005,,0.1656875,0.5196125,0.080575,,,,,,0.53650755,-0.6579071,-0.07615798,-0.45754147,-0.66229784,-0.57795405,0.13315587
,,7.5016413,5.554295,-2.9278347,1691392716256,,-0.0100375,-0.2121625,-0.208175,,,,,,0.5316274,-0.75211585,-0.10065893,-0.45435953,-0.661226,-0.5804564,0.13806115
,,7.587671,5.5210958,-2.9115348,1691392716508,,-0.3625875,-0.268675,0.028324999,,,,,,0.6050497,-0.79496896,-0.13926062,-0.45020488,-0.6619847,-0.5820465,0.14145948
,,7.530271,5.6387954,-2.86073,1691392716759,,0.1892,0.2171125,0.130625,,,,,,0.5655649,-0.7097181,-0.11621938,-0.45126608,-0.66018933,-0.5840407,0.13812572
52.594159999999995,13.319506666666665,7.764867,5.4612045,-2.6537948,1691392717000,2.5,0.0889625,-0.0171875,0.097625,,,,,,0.46415645,-0.56552523,-0.089677505,-0.46640575,-0.64204973,-0.58848435,0.15151082
,,7.5005403,5.576636,-2.944595,1691392717010,,0.1997875,0.3641,0.1189375,,,,,,0.5037604,-0.7375549,-0.20310834,-0.45396486,-0.6582031,-0.58403724,0.13859312
,,7.586601,5.44507,-2.8575602,1691392717261,,-0.20185,0.0169125,-0.037675,,,,,,0.47041258,-0.74190104,-0.13940382,-0.45586646,-0.65594685,-0.58283925,0.14751819
,,7.6678667,5.3752394,-2.7743907,1691392717512,,-0.3818375,0.020075,0.0539,,,,,,0.44675267,-0.7161266,-0.12241159,-0.4591117,-0.6509651,-0.5843994,0.15281132
,,7.8106003,5.42064,-2.581895,1691392718016,,0.3788125,0.4450875,-0.06545,,,,,,0.37240717,-0.47859994,-0.12541917,-0.47265133,-0.6331783,-0.59170586,0.15659556
,,7.9409347,5.2064753,-2.3954604,1691392718268,,-0.1485,-0.166375,-0.0664125,,,,,,0.36546332,-0.5627129,-0.042304207,-0.470353,-0.63072366,-0.5924045,0.16971992
,,8.1196,5.280365,-2.3997302,1691392718519,,-0.0248875,-0.1802625,0.062425,,,,,,0.48867407,-0.46290243,-0.1447277,-0.46920225,-0.62765807,-0.595627,0.17356512
,,8.030301,5.4022994,-2.1999297,1691392718771,,0.061325,0.31625,-0.0919875,,,,,,0.4155069,-0.3669514,0.03991971,-0.4728063,-0.62438107,-0.59771067,0.16827752
,,8.0465355,5.3010945,-2.415435,1691392719022,,0.3916,-0.39325,-0.1804,,,,,,0.46466982,-0.48600724,-0.119827196,-0.47248346,-0.6268701,-0.5956753,0.1668405
,,8.136036,5.3848953,-2.43713,1691392719273,,-0.1485,-0.9194625,0.1892,,,,,,0.6639529,-0.46170053,0.03318107,-0.4677691,-0.6373432,-0.5885154,0.1652915
,,7.7031007,5.2874603,-2.8097603,1691392719524,,0.3361875,0.762575,0.280775,,,,,,0.4247484,-0.61003506,0.011603004,-0.47228318,-0.6477995,-0.57558477,0.15365714
,,7.7245655,5.32076,-3.2179604,1691392719774,,0.128425,0.354475,0.22013749,,,,,,0.5243486,-0.53076524,-0.115163974,-0.48103148,-0.65243775,-0.5651387,0.1463513
52.594095,13.319721666666664,7.3539605,4.9530606,-3.8161597,1691392720000,2.1,-0.004675,-0.02365,-0.223025,,,,,,0.08946695,-0.60045457,-0.2882713,-0.50717556,-0.6495536,-0.5469591,0.14259622
,,7.658361,5.1356297,-3.2502904,1691392720025,,-0.292325,-0.3878875,0.0262625,,,,,,0.45817006,-0.6179014,0.045054905,-0.48701853,-0.6556169,-0.55642426,0.14670984
,,7.639995,5.0901947,-3.6037254,1691392720275,,-0.091025,-0.0790625,0.096525,,,,,,0.46533242,-0.6281916,-0.17497812,-0.49155575,-0.6574372,-0.5510065,0.14437088
,,7.586825,5.191525,-3.5896902,1691392720526,,0.2574,0.1181125,0.1018875,,,,,,0.41853434,-0.48464614,-0.06417228,-0.499196,-0.6553704,-0.5477548,0.14000878
,,7.8037314,5.0393953,-3.6043296,1691392721028,,-0.3977875,-0.4412375,-0.158125,,,,,,0.4132573,-0.47941506,-0.26320812,-0.5063302,-0.6429603,-0.5542773,0.14870127
,,7.6954665,5.17376,-3.4179347,1691392721280,,0.00275,-0.0086624995,-0.03135,,,,,,0.3210945,-0.45440707,-0.22055417,-0.50718033,-0.6365984,-0.56283605,0.1413984
,,7.630971,5.2855654,-3.4582353,1691392721531,,0.181775,-0.0427625,0.0081124995,,,,,,0.2987619,-0.44693667,-0.34913382,-0.5082861,-0.6322361,-0.5690042,0.13330048
,,7.6792707,5.2437997,-3.2874703,1691392721781,,-0.1271875,-0.1706375,-0.120725,,,,,,0.3703684,-0.54485226,-0.23194805,-0.5061401,-0.6317867,-0.5718919,0.13123219
,,7.5920405,5.243105,-3.2733002,1691392722032,,-0.1623875,0.103125,0.0433125,,,,,,0.36367267,-0.6487765,-0.2360671,-0.5053722,-0.631685,-0.5740126,0.12368156
,,7.6552052,5.44824,-3.2762706,1691392722283,,0.2338875,0.17985,0.0752125,,,,,,0.5619222,-0.5977017,-0.2209219,-0.5080971,-0.63021815,-0.57611525,0.10879926
,,7.4489408,5.3855047,-3.3199453,1691392722534,,-0.0122375,-0.36135,-0.221925,,,,,,0.4754798,-0.76890296,-0.20256396,-0.51051843,-0.6307735,-0.5755638,0.09732822
,,7.4040356,5.3495355,-3.40191,1691392722785,,-0.0537625,-0.115225,0.011275,,,,,,0.5678144,-0.8957197,-0.16895117,-0.5127037,-0.6336497,-0.5720114,0.08679602
52.59402,13.319934999999997,7.4968944,5.2893205,-3.5533347,1691392723000,2.0,-0.0473,0.034925,0.010175,,,,,,0.5729752,-0.772046,-0.17473921,-0.50818765,-0.64303577,-0.56181836,0.10427965
,,7.3424006,5.405595,-3.4469054,1691392723036,,0.0517,0.0754875,0.0848375,,,,,,0.61763316,-0.9025582,-0.09501874,-0.5158517,-0.6359018,-0.56819767,0.07777507
,,7.338035,5.3949604,-3.563535,1691392723286,,0.0144375,0.223575,-0.0760375,,,,,,0.6128162,-0.8817384,-0.15242104,-0.5166386,-0.6376365,-0.56525904,0.078982465
,,7.4869647,5.3444905,-3.6890752,1691392723538,,-0.2528625,0.003025,0.1519375,,,,,,0.681827,-0.83644116,-0.27028653,-0.5123274,-0.6412953,-0.5626587,0.09052268
,,7.64769,5.3732505,-3.5559,1691392724040,,-0.005775,-0.249425,-0.06545,,,,,,0.5804447,-0.56842273,-0.27545732,-0.5047724,-0.64183205,-0.5634157,0.117849946
,,7.7112246,5.309291,-3.3906698,1691392724294,,-0.3540625,-0.4412375,-0.109037496,,,,,,0.4894087,-0.52431977,-0.23583673,-0.5006107,-0.64013165,-0.5666611,0.13161601
,,7.6847305,5.2762904,-3.3642402,1691392724544,,0.211475,0.236225,-0.0419375,,,,,,0.38644698,-0.53385425,-0.3238573,-0.49740326,-0.6381106,-0.5708956,0.13752109
,,7.8078003,5.337394,-3.3995454,1691392724796,,0.2360875,0.07755,0.0433125,,,,,,0.5065183,-0.5121533,-0.44074085,-0.4944183,-0.63717777,-0.574488,0.13784608
,,7.70507,5.29407,-3.2172453,1691392725047,,-0.17407499,-0.1854875,-0.003575,,,,,,0.43442872,-0.6009267,-0.273046,-0.49305305,-0.6376127,-0.5757182,0.13560452
,,7.6486416,5.3097053,-3.33098,1691392725298,,0.012375,-0.19305,0.0902,,,,,,0.47004265,-0.6764268,-0.34793442,-0.49179396,-0.6401342,-0.57545686,0.1290919
,,7.558007,5.38204,-3.25624,1691392725549,,0.096525,0.3023625,0.045375,,,,,,0.47464377,-0.6834489,-0.19826832,-0.4922991,-0.64270747,-0.5738861,0.12173446
,,7.4773455,5.3352404,-3.4426298,1691392725801,,-0.0963875,0.122375,-0.037675,,,,,,0.4413284,-0.75156045,-0.3129922,-0.49155205,-0.6461088,-0.5710961,0.12006571
52.59394166666666,13.320193333333334,7.392401,5.4443693,-3.4178655,1691392726000,2.0,-0.091025,-0.0853875,-0.0237875,,,,,,0.46672705,-0.6662384,-0.087442175,-0.5020583,-0.6459177,-0.56472456,0.10704728
,,7.4976454,5.2886105,-3.4382353,1691392726052,,-0.23485,-0.4455,0.0209,,,,,,0.48347345,-0.7892708,-0.23863468,-0.49125832,-0.6490967,-0.5679239,0.12048588
,,7.3743043,5.351505,-3.3915305,1691392726303,,-0.0015125,0.0083875,-0.02805,,,,,,0.39865467,-0.73407966,-0.120923564,-0.49649948,-0.6478179,-0.5658943,0.11455353
,,7.322235,5.4162354,-3.5396302,1691392726553,,0.1434125,0.2853125,-0.2198625,,,,,,0.37708524,-0.6840946,-0.23243047,-0.5014813,-0.64547634,-0.5654373,0.1086137
,,7.4011,5.3758,-3.4119654,1691392727056,,0.036849998,0.0935,-0.0451,,,,,,0.5220819,-0.7804249,-0.06929033,-0.50122815,-0.647034,-0.56476074,0.103858806
,,7.382429,5.4734297,-3.382275,1691392727306,,0.1997875,-0.064075,-0.0408375,,,,,,0.5571794,-0.737902,-0.03000759,-0.5008703,-0.64768326,-0.56521475,0.09952856
,,7.4392853,5.508165,-3.2896397,1691392727558,,-0.2613875,0.0499125,0.07095,,,,,,0.6465942,-0.73423666,0.068063445,-0.4966978,-0.6510103,-0.56478274,0.10041489
,,7.486645,5.5143304,-3.2810397,1691392727810,,0.2935625,-0.0290125,0.2008875,,,,,,0.69457376,-0.7489242,0.035994638,-0.489822,-0.6547105,-0.56571984,0.105144106
,,7.6413107,5.5323954,-3.218535,1691392728060,,0.011275,-0.1109625,0.17215,,,,,,0.8116913,-0.7089348,0.057354562,-0.4844532,-0.6571844,-0.56611454,0.112054326
,,7.523045,5.4457254,-3.22303,1691392728311,,-0.1166,0.21285,-0.0462,,,,,,0.6307259,-0.74200034,0.019169591,-0.48142752,-0.65811414,-0.5660219,0.11940558
,,7.5412507,5.4438004,-3.3035302,1691392728562,,0.0677875,0.103125,0.097625,,,,,,0.5799791,-0.69936043,-0.1241732,-0.47738647,-0.6586584,-0.56717277,0.12734345
,,7.650815,5.4538007,-3.1794603,1691392728813,,0.121,0.169125,0.10505,,,,,,0.5987552,-0.63022256,-0.086994305,-0.47376105,-0.6578955,-0.5690504,0.13629612
52.59386333333334,13.320448333333331,7.6253753,5.3567753,-3.1266701,1691392729000,1.9,-0.0600875,-0.1408,-0.191125,,,,,,0.36234993,-0.588391,-0.24523024,-0.47055605,-0.6519369,-0.574546,0.15262587
,,7.6129208,5.39733,-3.1430557,1691392729064,,-0.224125,0.071225,-0.0441375,,,,,,0.45580038,-0.6096929,-0.13739938,-0.4718288,-0.6559275,-0.5707324,0.14521572
,,7.59653,5.2995358,-3.1230252,1691392729316,,0.0677875,-0.0290125,0.095425,,,,,,0.38072982,-0.66843295,-0.17378016,-0.47006008,-0.65496695,-0.5720126,0.15059134
,,7.570805,5.3847747,-3.0131001,1691392729567,,0.0325875,0.29067498,0.07095,,,,,,0.33128965,-0.5731752,-0.0995855,-0.4699464,-0.6536544,-0.5732909,0.15185298
,,7.599176,5.426406,-2.8865705,1691392730069,,-0.138875,-0.76505,0.1274625,,,,,,0.34591553,-0.5204182,0.011985105,-0.4734713,-0.65045106,-0.5744572,0.14969
,,7.493276,5.49434,-2.83947,1691392730322,,0.0570625,-0.115225,-0.088825,,,,,,0.27944157,-0.45903796,0.13704439,-0.48001748,-0.64860564,-0.57263553,0.14263253
,,7.4989443,5.43741,-3.09961,1691392730573,,0.0155375,-0.403975,-0.1676125,,,,,,0.31899324,-0.52100927,-0.052910462,-0.48643556,-0.64659095,-0.57122064,0.1359051
,,7.5599737,5.5726104,-2.976475,1691392730824,,-0.360525,-0.2740375,0.1007875,,,,,,0.41755387,-0.38140953,0.16704445,-0.4933159,-0.64525867,-0.5684074,0.12919213
,,7.43504,5.4932065,-3.1305401,1691392731075,,-0.09845,-0.081125,0.0677875,,,,,,0.32636148,-0.46783403,0.078530915,-0.5003408,-0.6423539,-0.56715953,0.12177217
,,7.4045405,5.5621104,-3.1271105,1691392731326,,0.012375,-0.1643125,-0.020624999,,,,,,0.3016051,-0.3914087,0.11096812,-0.507233,-0.6381037,-0.56721634,0.115948744
,,7.4208755,5.556545,-3.2531455,1691392731576,,-0.3210625,-0.386925,0.0911625,,,,,,0.30172464,-0.3663372,0.00681094,-0.5144581,-0.6331561,-0.5670941,0.11169207
,,7.48288,5.5365458,-3.3769805,1691392731827,,0.029424999,0.105325,-0.004675,,,,,,0.35030624,-0.38097572,-0.13719375,-0.5211816,-0.626621,-0.5689816,0.10607974
52.593788333333336,13.320708333333334,7.434241,5.578265,-3.2698298,1691392732000,2.0,0.3009875,0.07755,0.0347875,,,,,,0.28250298,-0.36295167,-0.1166381,-0.53780395,-0.6091333,-0.57576066,0.08966516
,,7.4530454,5.6133056,-3.3586051,1691392732080,,0.2998875,0.0605,0.00495,,,,,,0.3087475,-0.30284682,-0.14247999,-0.52820736,-0.61975276,-0.5712357,0.09994037
,,7.4171157,5.5133348,-3.4197054,1691392732331,,-0.2061125,-0.1771,-0.0814,,,,,,0.24400374,-0.38080862,-0.22738223,-0.53353477,-0.6143516,-0.5728027,0.09709965
,,7.406805,5.5389,-3.2823005,1691392732581,,0.1551,0.456775,0.00275,,,,,,0.23575746,-0.36943898,-0.11177953,-0.53696847,-0.6105462,-0.5744102,0.092922874
,,7.438006,5.5113654,-3.2479656,1691392733083,,-0.1783375,-0.0108624995,-0.0078375,,,,,,0.3021072,-0.44531515,-0.08667364,-0.5368224,-0.61032623,-0.5754287,0.08932441
,,7.3792048,5.4319997,-3.2536952,1691392733335,,-0.157025,0.31625,0.1434125,,,,,,0.28267756,-0.5690763,-0.09073036,-0.53398377,-0.6129456,-0.57543784,0.088346876
,,7.4600644,5.55144,-2.974035,1691392733587,,0.298925,-0.015125,0.03795,,,,,,0.39118776,-0.4975565,0.16042624,-0.53143364,-0.61400324,-0.57688344,0.08702926
,,7.393259,5.5015407,-2.9733405,1691392733838,,0.0763125,0.1659625,-0.056925,,,,,,0.34867534,-0.57590985,0.16167185,-0.528811,-0.6162846,-0.57684106,0.08708172
,,7.499705,5.432205,-3.044275,1691392734089,,0.1060125,0.3342625,0.131725,,,,,,0.46503344,-0.6592599,0.084876604,-0.52400744,-0.620136,-0.576565,0.09044205
,,7.6926303,5.5199656,-2.96598,1691392734339,,0.2574,0.0488125,0.212575,,,,,,0.6295292,-0.54851234,0.13733536,-0.5203938,-0.6220834,-0.5766623,0.0957459
,,7.6866956,5.477431,-2.8751447,1691392734591,,-0.2699125,-0.09075,0.045375,,,,,,0.5547716,-0.5452747,0.14824733,-0.5166952,-0.6218662,-0.5786442,0.10326158
,,7.731426,5.460195,-2.812775,1691392734843,,-0.1612875,0.38334998,0.2233,,,,,,0.49639884,-0.48882422,0.10744563,-0.51367825,-0.62014586,-0.58150274,0.112550564
52.593700000000005,13.320963333333335,7.80913,5.451261,-2.6494405,1691392735000,2.1,-0.0589875,0.0925375,-0.0473,,,,,,0.4718282,-0.45301956,0.060804132,-0.51278424,-0.6174392,-0.5837278,0.11981817
,,7.860005,5.589395,-1.8889402,1691393672231,,-0.0281875,-0.0375375,-0.0143,,,,,,0.43295723,-0.4845638,0.123177655,-0.51509804,-0.6117351,-0.5874287,0.12065796
,,7.846505,5.7533298,-1.0359049,1691393672482,,0.0070125,0.0295625,0.0081124995,,,,,,0.32582912,-0.49350885,0.2868312,-0.51939255,-0.6049656,-0.59066784,0.12053676
,,7.641405,5.7374396,-0.2365648,1691393672736,,0.0848375,0.067925,-0.0078375,,,,,,0.10919563,-0.7214798,0.43170008,-0.5248421,-0.59898937,-0.5929891,0.11556794
,,7.6599054,5.898705,0.4283001,1691393672988,,0.0848375,-0.049225,0.046475,,,,,,0.11634237,-0.7913376,0.43289247,-0.5304481,-0.593435,-0.5952703,0.108217664
,,7.6778703,6.0267057,1.24859,1691393673239,,-0.0100375,-0.0864875,0.0092124995,,,,,,0.12955539,-0.8847745,0.6482527,-0.5345725,-0.59043306,-0.59571975,0.10272049
,,7.5876102,6.0358353,1.7582949,1691393673490,,-0.075075,-0.0534875,0.029424999,,,,,,0.05053798,-1.0599513,0.73808295,-0.536829,-0.5899631,-0.5951089,0.097991966
,,7.605665,6.0284295,1.7247652,1691393673741,,0.0176,0.067925,-0.004675,,,,,,0.05053798,-1.0599513,0.73808295,-0.536829,-0.5899631,-0.5951089,0.097991966
,,7.6170206,6.0137353,1.7066303,1691393673992,,0.036849998,-0.0523875,-0.0248875,,,,,,0.05053798,-1.0599513,0.73808295,-0.536829,-0.5899631,-0.5951089,0.097991966
,,7.62629,6.0164013,1.670525,1691393674243,,0.078375,0.1478125,0.00385,,,,,,0.05053798,-1.0599513,0.73808295,-0.536829,-0.5899631,-0.5951089,0.097991966
,,7.632254,6.008471,1.62799,1691393674493,,-0.0771375,-0.0460625,0.00275,,,,,,0.05053798,-1.0599513,0.73808295,-0.536829,-0.5899631,-0.5951089,0.097991966
,,7.632255,6.0040054,1.6260602,1691393674744,,0.1315875,0.07865,0.1753125,,,,,,0.05053798,-1.0599513,0.73808295,-0.536829,-0.5899631,-0.5951089,0.097991966
52.562540000000006,13.326925000000001,7.670446,5.96894,1.6220251,1691393675000,1.4,0.010175,0.0061875,-0.004675,,,,,,0.05053798,-1.0599513,0.73808295,-0.536829,-0.5899631,-0.5951089,0.097991966
,,7.6856165,5.9476094,1.6195998,1691393675247,,0.181775,-0.05775,0.0433125,,,,,,0.05053798,-1.0599513,0.73808295,-0.536829,-0.5899631,-0.5951089,0.097991966
,,7.7472215,5.900971,1.5626649,1691393675498,,-0.071775,-0.2536875,0.0070125,,,,,,0.05053798,-1.0599513,0.73808295,-0.536829,-0.5899631,-0.5951089,0.097991966
,,7.8247204,5.8153057,1.4688,1691393675749,,-0.0515625,-0.0119624995,-0.0334125,,,,,,0.05053798,-1.0599513,0.73808295,-0.536829,-0.5899631,-0.5951089,0.097991966
,,7.8698606,5.768301,1.3863051,1691393676000,,-0.023924999,0.0743875,-0.0248875,,,,,,0.05053798,-1.0599513,0.73808295,-0.536829,-0.5899631,-0.5951089,0.097991966
,,7.8980956,5.755301,1.3080101,1691393676252,,0.093225,0.206525,-0.056925,,,,,,0.05053798,-1.0599513,0.73808295,-0.536829,-0.5899631,-0.5951089,0.097991966
,,7.875666,5.8049703,1.3253452,1691393676503,,0.0985875,0.067925,0.06985,,,,,,0.05053798,-1.0599513,0.73808295,-0.536829,-0.5899631,-0.5951089,0.097991966
,,7.833441,5.8293405,1.3476353,1691393676755,,0.0570625,0.0616,-0.0015125,,,,,,0.05053798,-1.0599513,0.73808295,-0.536829,-0.5899631,-0.5951089,0.097991966
52.562540000000006,13.326925000000001,7.77115,5.869206,1.409605,1691393677000,1.4,-0.056925,-0.049225,-0.0408375,,,,,,0.05053798,-1.0599513,0.73808295,-0.536829,-0.5899631,-0.5951089,0.097991966
52.56235166666667,13.329763333333336,-0.12109999,7.656931,5.9936004,1691394008000,4.2,-0.1549625,0.119075,0.0774125,,,,,,-0.30307105,0.4788493,12.227595,0.87848216,-0.20459421,-0.08299306,0.40526915
,,6.5926204,5.9190054,2.624,1691394285909,,-0.60555,-0.7852625,-0.7236625,,,,,,0.05053798,-1.0599513,0.73808295,-0.536829,-0.5899631,-0.5951089,0.097991966
,,5.4700804,5.66424,3.8560297,1691394286160,,-0.1346125,-0.0077,0.561,,,,,,-0.11427741,-1.5373816,2.2838051,-0.36265355,-0.553831,-0.52200055,0.15825838
,,4.514281,5.208965,5.0405946,1691394286412,,0.128425,1.134375,0.9988,,,,,,-0.4490371,-2.2170672,4.1097565,-0.15274374,-0.5190942,-0.42657137,0.23783472
,,3.4292803,4.7712007,6.3234954,1691394286663,,1.1969374,-0.2888875,-0.543675,,,,,,-1.1772423,-2.6910307,6.114988,0.058721382,-0.48276272,-0.3104614,0.3147398
,,2.3838098,4.8590603,7.3602657,1691394286915,,0.9156125,-0.268675,-0.3529625,,,,,,-1.7061423,-2.5922163,8.184822,0.2839782,-0.43858448,-0.1968483,0.3770354
,,1.1812351,5.0340304,8.103431,1691394287166,,0.30415,-0.1183875,-0.3040125,,,,,,-2.1362276,-2.3514636,10.17502,0.51740533,-0.38952017,-0.091450736,0.42826837
,,1.1928651,5.30386,7.82347,1691394287417,,-0.055825,-0.4390375,-0.3892625,,,,,,-2.3461812,-1.9971249,12.32853,0.7546321,-0.33671904,0.009326338,0.47412694
,,1.1078,5.9613953,7.2627707,1691394287668,,-0.260425,-0.1397,-0.242275,,,,,,-2.2546248,-1.0449737,12.761923,0.8202178,-0.31688535,0.028903862,0.45536453
,,0.74267006,6.7066007,6.807505,1691394287920,,-0.23485,0.0306625,-0.1463,,,,,,-2.0028343,0.024650518,12.994267,0.85134214,-0.28961524,0.021196293,0.41733265
,,0.42454004,7.4311957,6.2951994,1691394288171,,0.122099996,-0.0768625,-0.20487499,,,,,,-1.3361424,0.8528891,13.109159,0.8815626,-0.25797412,-0.010680429,0.3829145
,,0.08863502,7.6190653,5.9856997,1691394288497,,-0.1166,0.231,0.00495,,,,,,-0.76623225,0.87365985,12.793887,0.8893122,-0.23000039,-0.048975565,0.37950066
,,-0.41090006,7.6533604,5.9830003,1691394288997,,0.0559625,0.3322,0.4277625,,,,,,-0.1033032,-0.06785081,11.161839,0.85053474,-0.18161644,-0.11417056,0.4524382
,,-0.55560005,7.51749,6.1945353,1691394289274,,0.010175,0.14355,0.2094125,,,,,,-0.036701035,-0.7617912,9.899202,0.8067785,-0.16116555,-0.135828,0.51760024
,,-0.50627506,7.4627304,6.3179,1691394289525,,0.0581625,-0.0108624995,-0.0589875,,,,,,0.0314691,-1.2955183,8.24594,0.7495871,-0.14466706,-0.14977714,0.5932234
,,-0.38034505,7.425131,6.3342996,1691394289790,,0.03575,-0.0044,0.0262625,,,,,,0.054359242,-1.7049193,6.3763165,0.685805,-0.13356744,-0.16032837,0.6719544
,,-0.27591002,7.4505005,6.33797,1691394290041,,0.044275,0.021175,0.0166375,,,,,,-0.028955612,-1.7791237,4.7097774,0.62548447,-0.12273761,-0.16086324,0.738226
,,-0.20651002,7.564235,6.255636,1691394290292,,0.1093125,0.102025,-0.02915,,,,,,-0.10360527,-1.5443954,3.3004634,0.5752433,-0.11068296,-0.15632878,0.7871095
