98#1#0
key,lat,lon,ts,bike,childCheckBox,trailerCheckBox,pLoc,incident,i1,i2,i3,i4,i5,i6,i7,i8,i9,scary,desc,i10
,,,,1,0,0,0,-5,0,0,0,0,0,0,0,0,0,0,,0

=========================
99#1
lat,lon,X,Y,Z,timeStamp,acc,a,b,c,obsDistanceLeft1,obsDistanceLeft2,obsDistanceRight1,obsDistanceRight2,obsClosePassEvent,XL,YL,ZL,RX,RY,RZ,RC
52.52033013,13.42304043,1.2129219,9.303134,-2.391706,1702335854000,3.8047113,-0.2540434,-0.27366742,-0.15668681,,,,,,0.5045311,-0.2298182,-0.12583753,0.24593966,0.74600154,0.59814733,0.14797917
,,1.1630714,10.079047,-2.6352956,1702335854795,,1.1020764,0.020769402,-0.15241076,,,,,,0.29633287,0.27239865,-0.33340636,0.24368267,0.74121106,0.6052431,0.14483434
,,0.73483586,9.27769,-2.9111078,1702335855048,,-0.36583164,-0.97005326,0.66614807,,,,,,-0.13935198,-0.2837821,-0.045331232,0.24469508,0.75457084,0.5888748,0.1386589
,,0.891486,9.731929,-3.5352361,1702335855300,,-0.4757873,1.7751731,-0.33261588,,,,,,0.10012381,0.18636575,-0.39151466,0.25701392,0.7614368,0.5732383,0.14149715
,,0.64303124,9.423972,-3.0485358,1702335855552,,-0.17279838,0.012217295,-0.10415245,,,,,,-0.18971367,-0.08816164,0.027358728,0.25518113,0.7617517,0.5744966,0.13768488
,,0.9196416,9.468718,-3.4804397,1702335855804,,1.4508802,0.10384701,-0.7052434,,,,,,0.06824716,-0.16692585,-0.47332606,0.24482462,0.761223,0.5821818,0.12760314
,,0.74161553,9.460344,-3.686462,1702335856057,,-0.01886045,-0.40011644,0.12125666,,,,,,-0.29242364,-0.002757136,-0.19094804,0.23575121,0.7768018,0.56968087,0.10913888
,,0.85870427,8.999805,-4.178027,1702335856308,,-0.23449571,1.2162318,-0.2489274,,,,,,-0.05875571,-0.13197142,-0.44645804,0.24257557,0.78884315,0.551379,0.10825656
,,0.8980263,9.49448,-3.8952756,1702335856559,,-0.58574295,-0.10262528,-0.03451386,,,,,,-0.11796109,0.26087835,-0.27986726,0.2448656,0.7880688,0.5517704,0.10662404
,,1.1129814,9.035137,-3.571846,1702335856819,,-0.5136609,0.049480047,0.22266021,,,,,,-0.017156355,-0.25897816,-0.17066306,0.23307464,0.7835121,0.5648909,0.10181734
52.52031713,13.42299705,1.0403196,9.578709,-3.7154956,1702335857000,3.7900925,-0.6132319,0.018936807,-0.05894845,,,,,,0.031090192,0.39549777,-0.036637817,0.24612112,0.787916,0.5511475,0.111405134
,,1.2424333,9.652726,-3.611647,1702335857070,,0.9401972,-1.7006476,0.22327107,,,,,,0.09643661,0.36619532,-0.23202766,0.22704838,0.7847563,0.56651384,0.09692771
,,0.90919286,8.939267,-3.6326241,1702335857323,,0.5284744,-1.0152572,0.21349724,,,,,,-0.1571938,-0.25609046,-0.034351252,0.2325554,0.7900584,0.55601,0.10132476
,,1.0196614,9.023574,-3.0870605,1702335857825,,-0.27725625,0.21135922,-0.28741187,,,,,,0.016112808,-0.21771382,0.3746949,0.24183345,0.7834839,0.55919677,0.1129664
,,1.3034503,9.575678,-3.3132622,1702335858077,,0.48632473,0.3970621,0.11636974,,,,,,0.39478168,0.21329084,-0.051718533,0.23841466,0.77813256,0.56757945,0.11542446
,,1.0570693,9.152628,-3.124149,1702335858329,,-0.8001565,-0.2944368,0.13713914,,,,,,0.12509365,-0.11151899,0.34090772,0.24430141,0.7822301,0.5591902,0.11581628
,,1.1302102,9.255437,-3.6480174,1702335858579,,-0.1984547,-0.46181378,-0.17623448,,,,,,0.15697126,-0.010477415,0.015990479,0.26411918,0.7811337,0.5488433,0.1256922
,,1.0823536,9.321958,-3.3227534,1702335858831,,0.061773703,-0.07880156,-0.20189081,,,,,,0.08637983,0.044594463,0.17323682,0.27405518,0.77408814,0.5511293,0.13454036
,,1.2809579,9.272826,-3.4333022,1702335859084,,1.0269401,0.56504995,-0.1432478,,,,,,0.4001442,-0.09583327,-0.15500851,0.2768222,0.764947,0.5591489,0.14572676
,,0.99278224,9.500623,-3.380181,1702335859337,,0.394695,-0.7159335,0.36621344,,,,,,0.15824948,0.18698712,-0.010627007,0.28339493,0.7654423,0.55397755,0.15154457
,,0.9287344,8.985448,-3.8270006,1702335859587,,0.7813724,0.21563527,0.43646288,,,,,,0.097870395,-0.27065486,-0.25966144,0.30409715,0.7638632,0.542034,0.16488974
,,0.7869197,9.606385,-3.7950966,1702335859841,,-0.36888596,-0.27794346,-0.031459536,,,,,,-0.031496927,0.40034264,-0.23757364,0.3208448,0.7574154,0.5390322,0.1753037
52.52030435,13.42294704,0.8184252,8.957772,-3.4589844,1702335860000,3.7900925,0.019013166,-0.67867076,0.24831653,,,,,,-0.15894817,-0.32416266,0.050035574,0.3221663,0.7545357,0.5440461,0.16935998
,,0.97379905,9.133004,-3.3895128,1702335860094,,-0.48739374,0.8637628,0.027183482,,,,,,0.19374555,-0.1306692,0.034271043,0.32327378,0.7508847,0.54449844,0.18215577
,,0.8548758,9.697153,-3.4273193,1702335860345,,0.29634577,0.2150244,0.05894845,,,,,,0.025716798,0.37321562,-0.108880535,0.3217047,0.7492276,0.54857767,0.17883925
,,1.0405589,9.615239,-3.783292,1702335860847,,-0.67248577,0.09834923,-0.01802051,,,,,,-0.010915339,0.35513017,-0.25486287,0.33308446,0.7525905,0.54067886,0.16890377
,,0.96654093,9.191708,-3.1674592,1702335861109,,-0.32979062,0.29688028,-0.2452622,,,,,,-0.15220664,-0.07556256,0.25250965,0.32823685,0.7521191,0.5462393,0.16316001
,,1.2124432,9.510751,-3.4340997,1702335861359,,0.28779367,0.5931497,-0.022907428,,,,,,0.12542368,0.13298184,-0.16935109,0.31530094,0.7525591,0.5548761,0.15702279
,,1.0423933,9.217632,-3.3798625,1702335861612,,-0.9699769,-0.19486587,0.15546508,,,,,,-0.07390628,-0.072527215,0.007645543,0.30456597,0.76108915,0.5526303,0.14456636
,,1.2553545,9.121839,-3.8882573,1702335861862,,0.02451095,-0.7385355,-0.1499673,,,,,,0.11095493,-0.06883087,-0.3037353,0.3093205,0.76473945,0.54522157,0.14349027
,,1.0305889,9.375398,-3.5452867,1702335862112,,-0.5435933,0.07391464,-0.14385866,,,,,,-0.08926987,0.21666622,0.0053490875,0.3135616,0.762024,0.54565865,0.14660838
,,1.3445271,9.171051,-3.4465423,1702335862364,,-0.017027855,0.8411608,0.33322674,,,,,,0.24449068,-0.1294281,-0.086937204,0.30821788,0.7564557,0.5547277,0.15196864
,,1.1913067,9.535479,-3.391667,1702335862614,,1.1197915,-1.599244,0.38881543,,,,,,0.12938434,0.25118032,-0.07799242,0.3048367,0.7568199,0.55626255,0.15100323
,,1.1410575,8.885029,-3.6937206,1702335862865,,0.9713514,-0.44837475,0.18112141,,,,,,0.06153185,-0.37148327,-0.22598426,0.31704473,0.75702626,0.5467316,0.1583205
52.52029481,13.42289167,1.1707282,9.742059,-3.288855,1702335863000,3.7900925,-0.41225737,0.7965677,0.08277218,,,,,,0.23643404,0.3685642,-0.1217779,0.33188865,0.7430441,0.5509582,0.17882971
,,0.9980463,9.675297,-3.5909882,1702335863117,,-0.32734716,-0.7177661,0.027183482,,,,,,3.9740404E-4,0.44503006,-0.14457603,0.33174422,0.7515666,0.5430737,0.16777414
,,1.0892925,9.120722,-3.0774093,1702335863369,,-0.29069528,0.6542362,-0.01924224,,,,,,0.13861348,-0.21535015,0.23769335,0.33384094,0.7456214,0.54708976,0.17664567
,,0.91692954,9.036814,-3.1741593,1702335863871,,-0.92782724,-0.14599667,0.10109812,,,,,,-0.01715188,-0.21911953,0.2039345,0.33509153,0.74835026,0.542812,0.17579603
,,1.1475978,9.466565,-3.7206795,1702335864124,,-0.32734716,0.76235926,-0.16279547,,,,,,0.2252613,0.18850951,-0.2694163,0.34796715,0.7464519,0.53565234,0.18200697
,,0.9944571,9.323873,-3.1621947,1702335864375,,-0.19478951,-0.2376264,-0.07238748,,,,,,0.048034344,0.06739397,0.22455768,0.3469072,0.7441389,0.5398599,0.18137136
,,1.3745171,9.292687,-3.4309883,1702335864627,,0.84306973,0.69149894,0.07116575,,,,,,0.39444295,-0.08245878,-0.22657865,0.3443112,0.7381886,0.54814804,0.18573982
,,1.1176077,9.479486,-3.3408587,1702335864880,,0.5602394,-0.80878496,0.23793183,,,,,,0.08922488,0.17432374,-0.06113457,0.34004042,0.7423066,0.5477941,0.17760572
,,1.2719446,8.928897,-3.8266814,1702335865130,,0.86445004,0.22357652,0.38209593,,,,,,0.23664841,-0.36562294,-0.32416147,0.34935433,0.7426043,0.5402879,0.18132916
,,1.0269197,9.643952,-3.6135604,1702335865382,,-0.2540434,-0.17898338,-0.16523892,,,,,,-0.036298428,0.35832748,-0.14328156,0.35799837,0.7384517,0.53939015,0.18444127
,,1.1716855,8.999564,-3.1626732,1702335865632,,-0.34139705,0.50152,0.021074835,,,,,,0.09128967,-0.32683954,0.20365874,0.35375264,0.73519886,0.54572695,0.18707043
,,1.1372288,9.736476,-3.3188448,1702335865884,,0.20288347,0.71410096,-0.032681264,,,,,,0.09924119,0.37327334,-0.089524105,0.3500358,0.73269284,0.551246,0.18691866
52.52029412,13.42282955,0.911825,9.332408,-2.8532019,1702335866000,3.8762238,-0.21189372,0.19547673,-0.3601048,,,,,,-0.16022012,0.034613624,0.38937366,0.3481429,0.7364394,0.54930586,0.1825238
,,0.93543416,8.993664,-3.188197,1702335866135,,-0.7964913,-0.3518581,0.14385866,,,,,,-0.13714914,-0.31250784,0.2090374,0.34567133,0.73968565,0.5469649,0.17968926
,,1.1554143,9.575518,-3.47055,1702335866388,,-0.26564983,0.045203995,0.03329213,,,,,,0.097104706,0.26995328,-0.086891145,0.3526141,0.73759043,0.54450744,0.18298344
,,1.3988441,9.410492,-3.1251063,1702335866888,,0.96218836,0.21013749,-0.32223117,,,,,,0.38475144,0.013664086,-0.0812923,0.33628413,0.7345236,0.55900466,0.18334939
,,1.0312268,9.522637,-3.0597827,1702335867139,,0.09598213,-0.85704327,0.19700389,,,,,,-0.011650169,0.1764389,0.058299206,0.3288744,0.7399844,0.558571,0.17508554
,,1.3369497,9.14792,-3.5661035,1702335867392,,0.78625935,-0.09651663,0.5574141,,,,,,0.28662077,-0.21223955,-0.27407873,0.33486164,0.7431253,0.54968125,0.17792633
,,1.0955938,9.775798,-3.4165518,1702335867643,,-0.1740201,0.49480048,-0.33261588,,,,,,0.09305508,0.4635994,-0.1353562,0.34344915,0.74051327,0.54605454,0.18293957
,,1.10684,9.116973,-3.221218,1702335867894,,-0.7060833,0.70799226,0.29290965,,,,,,0.12989935,-0.28235087,-0.014038237,0.34086648,0.7372763,0.5500227,0.18860961
,,1.1125029,9.782018,-3.162275,1702335868152,,0.6964622,1.079398,-0.12675445,,,,,,0.15884885,0.32875642,-0.25335273,0.3370648,0.7304147,0.5601207,0.18904291
,,0.81116694,9.04846,-2.9388652,1702335868402,,-0.100105464,-0.26572618,0.14935644,,,,,,-0.19915399,-0.38636443,-0.017458625,0.33505076,0.73150295,0.56096745,0.18489541
,,0.9048859,9.67857,-3.4198222,1702335868655,,-1.0890956,-0.39461866,0.47311476,,,,,,-0.08447549,0.24365921,-0.42233703,0.34677207,0.7291318,0.55601525,0.18792735
,,0.6933602,9.3746,-2.702613,1702335868905,,-0.6297252,-0.12034036,-0.14508039,,,,,,-0.41720757,-0.053280704,0.18212551,0.34899,0.7230956,0.56290305,0.18689546
52.52030798,13.42277784,1.2743375,9.271389,-2.935116,1702335869000,3.7900925,1.0416008,-0.080634154,0.34300056,,,,,,-0.11154226,-0.23713033,-0.18513174,0.37042814,0.70483804,0.5683451,0.19626322
,,1.2295119,9.435059,-2.7401807,1702335869155,,1.3879611,0.08857539,-0.14508039,,,,,,0.031699758,-0.114822514,-0.22508827,0.34734508,0.70970947,0.57864016,0.19215997
,,1.0676774,9.622336,-2.527459,1702335869406,,0.6671407,-0.80206543,0.08460477,,,,,,-0.22409703,0.11492993,-0.03502907,0.35260946,0.70650315,0.5801416,0.18975493
,,1.2081362,9.919446,-2.7641885,1702335869909,,-0.78488487,0.46975502,-0.160352,,,,,,-0.28791147,0.44966224,0.058890183,0.39328766,0.6961196,0.56159306,0.20462768
,,1.3624732,9.425965,-2.1167705,1702335870161,,-0.11476622,0.7733548,-0.4535671,,,,,,-0.23194163,-0.11388715,0.37952325,0.39160025,0.6853554,0.574603,0.20967706
,,1.6208184,9.865767,-2.0804796,1702335870412,,0.46311185,0.67378384,-0.07666353,,,,,,0.109805696,0.253308,0.16071185,0.37490577,0.6843014,0.5861357,0.20535773
,,1.2114065,9.619866,-2.1131015,1702335870663,,0.74410963,-0.13439025,-0.12980877,,,,,,-0.24149002,0.034631968,0.2856296,0.34726828,0.7002623,0.5857202,0.18456388
,,1.2563118,9.3785095,-2.452723,1702335870914,,-0.6456077,0.05253437,0.35582873,,,,,,-0.024748703,-0.18654603,0.020011323,0.31240654,0.716315,0.58593076,0.16660994
,,1.2427522,9.620743,-2.597808,1702335871166,,-0.7378483,1.0183116,0.026572619,,,,,,0.03913509,0.10299708,-0.1002995,0.27263415,0.7340885,0.5920445,0.13983215
,,1.3151749,9.406743,-2.6532419,1702335871418,,-0.5606975,0.42882708,-0.22266021,,,,,,0.14144081,-0.14878416,-0.26325807,0.22433813,0.74945027,0.60363007,0.10704793
,,1.5297316,9.4219,-2.8601418,1702335871669,,-0.46967867,0.9676098,0.10354158,,,,,,0.4270738,-0.19474697,-0.5879682,0.17557524,0.71043134,0.5688299,0.0753519
,,1.249931,9.6110115,-2.7089949,1702335871921,,1.094746,-0.5772672,-0.12492185,,,,,,0.14135215,0.04798673,-0.46480352,0.12342922,0.4676197,0.35463217,0.05652181
52.52031543,13.42272713,1.3647863,9.157091,-2.5786653,1702335872000,3.7900925,-0.037797257,1.1960733,-0.4205804,,,,,,0.17140551,-0.44300434,0.12422166,0.012371113,-0.33822584,-0.21556273,0.029733013
,,1.360559,9.15494,-2.9881568,1702335872173,,-0.7635046,-0.37201664,0.13652828,,,,,,0.2550055,-0.32288855,-0.29911864,0.08834426,0.201081,0.16308048,0.047731515
,,1.4655242,9.880045,-3.1172893,1702335872424,,-0.9547053,2.1392484,0.24709481,,,,,,0.2651087,0.28595814,-0.3394383,0.051840432,-0.07312028,-0.020140534,0.035704814
,,1.7201205,9.639088,-2.7492738,1702335872928,,3.2211664,0.8967495,-0.35766134,,,,,,0.5862826,-0.004436493,-0.21106432,-0.016323728,-0.5922884,-0.42756784,0.036592975
,,1.2100505,9.332406,-2.6612177,1702335873179,,-0.37743807,-0.54489136,0.12858704,,,,,,0.04724056,-0.0912253,0.36691433,-0.02728603,-0.8063355,-0.5831296,0.0470426
,,1.1369098,9.118887,-3.6980278,1702335873432,,-0.6944769,1.2211187,-0.74067354,,,,,,0.04152833,-0.11484902,0.032897506,-0.013847273,-0.6504634,-0.46120843,0.042122256
,,1.0518849,9.509157,-3.2851858,1702335873684,,-1.5509093,0.60964304,-0.377209,,,,,,-0.045624234,0.27597293,0.23711213,-0.01610089,-0.5914486,-0.4298266,0.039138384
,,1.1750354,9.261499,-2.8315866,1702335873936,,-0.99196804,1.7354668,0.04978548,,,,,,0.12600847,0.010817337,0.19457555,-0.00828274,-0.5753852,-0.4511889,0.04633441
,,0.99653083,9.816874,-2.653401,1702335874187,,1.6109267,-0.9902118,0.3979784,,,,,,-0.052569278,0.56872886,0.20291944,0.006091102,-0.56934285,-0.45761845,0.057033706
,,0.8638888,9.124709,-3.1213574,1702335874439,,0.91331923,-0.018325943,0.33322674,,,,,,-0.17354202,-0.027838087,0.15722127,0.0070851934,-0.5818389,-0.4413568,0.05778065
,,0.8085347,9.797253,-3.0774093,1702335874693,,-1.0585523,-0.39645123,-0.051618073,,,,,,-0.17701174,0.5995432,0.05952525,0.009126974,-0.57981604,-0.4437298,0.06045345
,,1.0056236,9.365907,-2.074019,1702335874945,,-0.60467976,0.62857985,0.009468404,,,,,,-0.01588867,-0.09896307,0.3607836,0.0104143685,-0.7355673,-0.5651487,0.073871516
52.52029998,13.42267995,0.8788837,9.788081,-2.3399415,1702335875000,3.7900925,-1.2699115,-0.089797124,0.32833982,,,,,,-0.050520822,0.2828255,0.24026343,0.047376025,-0.79180455,-0.5947389,0.10388912
,,0.90273213,9.846305,-1.8561922,1702335875214,,1.2767837,-1.0781764,0.12980877,,,,,,-0.08278906,0.2941066,0.15979333,0.029053634,-0.77720135,-0.61584294,0.09334962
,,0.7630711,9.299785,-1.9199212,1702335875464,,0.60361075,-0.9633338,0.3423897,,,,,,-0.24897003,-0.20501743,0.37440443,0.04363905,-0.783821,-0.6053927,0.10368165
,,0.63864434,9.5539055,-1.7387843,1702335875967,,-0.17157665,0.21074834,-0.29596397,,,,,,-0.23130147,-0.05864628,0.41440713,0.06008928,-0.7790233,-0.6103373,0.10928293
,,0.6748558,9.974483,-1.4260424,1702335876218,,-0.83436495,-1.9700389,0.22754712,,,,,,-0.043957498,0.2676356,0.2520866,0.065852344,-0.76029545,-0.6343104,0.101475395
,,0.5919045,9.728021,-1.2707484,1702335876468,,-3.7549095,2.755611,2.9049675,,,,,,0.043505564,0.19813386,-0.1144223,0.058018107,-0.60768,-0.5053441,0.09756632
,,0.8173882,9.77452,-0.6031507,1702335876720,,-0.6914226,0.37995788,-1.8164064,,,,,,0.12612997,0.36195815,-0.1074053,0.04640579,-0.5008014,-0.42530078,0.08320885
,,0.5978866,9.538748,0.52921265,1702335876970,,-2.2692864,-1.662163,0.34177884,,,,,,-0.19993648,0.5022393,-0.4406142,0.04614004,-0.2899857,-0.1814897,0.07408659
,,0.67908305,8.644232,2.5544977,1702335877223,,-0.03291034,1.3200787,1.2880083,,,,,,-0.36020082,0.16835599,-0.24872996,0.06197652,-0.10158784,0.067547336,0.0743831
,,0.54604214,8.249336,4.169733,1702335877472,,0.40569058,-0.03176497,-0.33933538,,,,,,-0.2869361,0.46427634,-0.2218261,0.050451644,0.075196356,0.33399782,0.063061245
,,0.6068198,6.9273014,5.1964936,1702335877725,,-0.5466476,1.3713914,0.1291979,,,,,,-0.14999212,-0.3054566,-0.5266122,0.0413552,0.24898475,0.6071528,0.060178045
,,-0.033020876,6.366424,6.955537,1702335877976,,-0.12148573,-2.7024658,-0.7528908,,,,,,-0.40238,0.039728895,0.13296078,0.026027352,0.25638074,0.7476443,0.059122317
52.52027503,13.42263627,-0.78843504,3.5630732,8.61815,1702335878000,3.7900925,0.3024544,-0.38240135,-0.26847506,,,,,,0.21527646,-0.35963386,-0.20548704,-0.03342592,0.2107255,0.9670917,0.086518414
,,-0.4176273,4.8671613,7.7410207,1702335878228,,0.43012518,0.06963859,0.594066,,,,,,-0.35543755,-0.35671467,-0.24424718,0.018252691,0.29326,0.9392074,0.07778697
,,-0.6059424,4.27079,8.822497,1702335878480,,-0.5142718,1.6120721,0.6221658,,,,,,-0.13431107,-0.13181192,0.30899155,5.226206E-4,0.23679815,0.95819277,0.08821847
,,-0.7048456,3.478766,9.111231,1702335878987,,-0.32917976,0.18936808,-0.341168,,,,,,0.19181874,-0.07490692,0.14541078,-0.024273809,0.18907271,0.9707939,0.10555827
,,-0.7388238,2.9204402,9.324671,1702335879239,,0.462501,-0.8203914,-0.19822562,,,,,,0.15884373,-0.13796619,0.06362068,-0.020852229,0.16256875,0.9753745,0.12788019
,,-0.4719444,3.1054049,9.553426,1702335879496,,0.63598657,-0.11056653,0.24709481,,,,,,0.1605117,0.042126782,0.11419473,-0.0064472375,0.1582093,0.97573143,0.14154895
,,-0.34121647,3.0997424,9.240921,1702335879747,,0.0721584,0.6359102,-0.18967351,,,,,,0.23538648,-0.24759994,-0.04052911,-0.0034949863,0.17233287,0.97468936,0.13283585
,,-0.2648855,3.563392,9.260622,1702335879997,,0.48082694,-0.46242464,-0.18967351,,,,,,0.21118397,0.03882726,0.023319753,5.450914E-4,0.18226528,0.9733832,0.13006656
,,-0.18113667,3.4713476,9.320603,1702335880249,,0.061773703,0.75502884,0.038179047,,,,,,0.08929395,-0.1261135,0.12332856,0.011885102,0.18588896,0.972495,0.13407749
,,-0.5120641,3.437529,9.256556,1702335880503,,-1.9369758,0.1924224,0.49999282,,,,,,0.0749095,-0.06826517,0.0032800674,-0.0043621445,0.18338147,0.97369945,0.12734741
,,-0.85001045,3.1909087,9.701141,1702335880753,,0.1295797,0.22296564,-0.13041963,,,,,,0.009535169,-0.1077091,0.44228753,-0.023921195,0.17298552,0.9761772,0.111988276
52.52023408,13.42260826,-1.4970295,2.7117064,9.949198,1702335881000,3.7900925,-0.24793474,-0.11484258,0.36560258,,,,,,0.021996168,0.003462712,0.5020454,-0.059757672,0.1449372,0.9785468,0.12011918
,,-0.9186047,3.005545,9.0372925,1702335881008,,0.4588358,-1.1117738,-0.54092073,,,,,,0.18590577,-0.12898593,-0.2171821,-0.039602567,0.16514096,0.97798765,0.10057807
,,-1.1194421,3.005624,9.95143,1702335881259,,-0.15569416,0.3988947,-0.24342962,,,,,,0.035005108,0.08609058,0.56186926,-0.043143474,0.15411206,0.9794471,0.10407709
,,-1.1416954,2.612324,9.292687,1702335881512,,0.42340565,-0.24251331,0.040011644,,,,,,0.19334468,-0.18159023,-0.12201459,-0.050506704,0.14765677,0.9790871,0.11373053
,,-1.360878,2.488934,9.460342,1702335882023,,-0.056734066,-0.21380267,-0.20799945,,,,,,0.12610997,-0.16306481,0.0049057645,-0.060693298,0.1415896,0.979462,0.11614755
,,-1.2268002,2.9584062,9.681043,1702335882276,,0.8229112,-0.43493572,-0.29168794,,,,,,0.09071937,0.14351557,0.1978767,-0.04875214,0.14927307,0.9788637,0.12079502
,,-1.0913663,2.8527231,9.797174,1702335882526,,-0.22105668,-0.027488915,-0.41325003,,,,,,0.007845382,-0.018977102,0.3159237,-0.038666938,0.15187916,0.9787417,0.12533031
,,-1.0863415,2.7891538,9.506525,1702335882776,,0.20532693,0.048258316,-0.027794348,,,,,,0.044825807,-0.026449926,-0.019396354,-0.039784558,0.14843045,0.9794587,0.12318886
,,-1.1427323,2.7452054,9.956775,1702335883027,,0.3427715,-0.23273948,0.110871956,,,,,,-0.035229094,0.016807549,0.36822778,-0.04070315,0.14413267,0.9818352,0.10987855
,,-0.95274216,2.7584457,9.495757,1702335883277,,0.73739016,-1.6346742,-0.8188642,,,,,,0.0785453,0.01730777,-0.15650406,-0.038579572,0.1433032,0.98372936,0.09511397
,,-0.6155137,3.1732018,9.958769,1702335883527,,0.16439898,-0.81916964,-0.36315912,,,,,,-0.04796659,0.1212352,0.4434674,-0.012690949,0.15649828,0.9797284,0.10426088
,,-0.24406792,3.164588,9.103016,1702335883777,,-1.5081488,1.6151265,-0.037568185,,,,,,0.017633267,-0.17359835,-0.24986424,0.010325696,0.16903561,0.97369903,0.1200712
52.52019444,13.42258264,-0.07824531,3.771328,9.354182,1702335884000,3.7900925,-0.44585493,-0.1960876,-0.2800815,,,,,,0.029467074,-0.042631745,0.15820941,0.03034389,0.19289404,0.9651538,0.16035663
,,-0.2883351,3.4285161,9.680723,1702335884032,,0.20593779,-0.054366965,-0.1517999,,,,,,-0.05366307,0.0043997527,0.3361654,0.014997053,0.17367505,0.97179896,0.12895802
,,-0.0916451,3.5288548,9.219308,1702335884283,,-0.23327398,0.4581486,0.009468404,,,,,,0.010469405,-0.11894471,-0.07333206,0.023869846,0.18444014,0.96959275,0.13310196
,,-0.1213161,3.9184067,9.463375,1702335884535,,-0.01763872,0.50213087,-3.054324E-4,,,,,,-0.09872642,0.11205423,0.190838,0.031100374,0.19209847,0.9671113,0.14453745
,,-0.51732826,3.478287,9.173365,1702335885041,,0.23587017,-0.4819723,0.13775001,,,,,,0.037601527,-0.02267975,-0.1860551,0.0072445655,0.17916778,0.9676199,0.16563344
,,-0.8947562,3.2725837,9.831231,1702335885293,,0.016569708,-0.34391686,0.118202336,,,,,,0.024970932,0.06391133,0.3410736,-0.019601982,0.16754235,0.9729358,0.15366127
,,-0.7958528,3.2029529,9.280243,1702335885544,,-0.00481056,0.37262753,-0.32956156,,,,,,0.12549694,0.0652646,-0.2698675,-0.021638207,0.16344967,0.97489077,0.14450933
,,-0.9408578,3.168496,9.847102,1702335885798,,-0.8215368,-1.6584979,-0.26908594,,,,,,0.07418947,0.1323806,0.31669426,-0.026707869,0.16021599,0.9752156,0.14616488
,,-0.73140603,2.847379,9.359046,1702335886050,,1.5822161,2.0152428,-0.45234537,,,,,,0.29661462,0.007475992,-0.19431289,-0.028184094,0.1501065,0.97592086,0.15062667
,,-0.97124666,2.8047073,9.801639,1702335886301,,0.19799654,0.5809324,-0.042455103,,,,,,0.07303837,0.037571978,0.18164115,-0.030887656,0.14598492,0.97600675,0.15308768
,,-0.7479963,2.6000414,9.5970545,1702335886552,,0.02573268,0.06902772,-0.30512697,,,,,,0.15752468,-0.0042927307,-0.07396119,-0.024418492,0.13731256,0.977694,0.14966449
,,-0.52729833,2.5384657,9.845349,1702335886802,,-0.27359107,0.34025168,0.083383046,,,,,,0.06627457,0.18555072,0.061594773,-0.009001702,0.12205184,0.9778586,0.16049321
52.5201571,13.42256073,-0.28785652,2.1087947,9.695877,1702335887000,3.7900925,1.0782527,-0.22296564,-0.0027488915,,,,,,0.04594796,0.14299002,-0.21825078,8.7876186E-5,0.09646818,0.97947747,0.1657208
,,-0.40526444,2.1618357,9.943613,1702335887053,,0.6121629,0.33231044,-0.054672398,,,,,,0.04837916,0.01684579,0.15570576,-0.0018424012,0.109665796,0.97657776,0.1770663
,,-0.30795628,2.2065012,9.752826,1702335887305,,0.21448989,0.09651663,0.18356487,,,,,,0.02865959,0.14072952,-0.12650524,0.0040061236,0.10155928,0.97606695,0.18594743
,,-0.43206397,1.9851652,10.003992,1702335887557,,-0.3756055,0.5534435,0.07422007,,,,,,-0.08293514,-0.08653528,0.12220206,9.803842E-4,0.102248155,0.97690964,0.17917164
,,-0.26695922,2.4500911,10.1751585,1702335888064,,-0.40920305,0.11606431,-0.2770272,,,,,,-0.04917927,0.20444976,0.32007673,0.004635857,0.11007084,0.97852004,0.15866162
,,-0.12777671,2.6160734,9.397892,1702335888317,,0.4728857,-0.9450078,-0.27763805,,,,,,0.049166128,-0.09190259,-0.28090516,0.010066045,0.13186523,0.9760021,0.15376624
,,-0.12059822,3.36726,9.450054,1702335888568,,0.5180897,-0.013439025,0.56230104,,,,,,0.0060877106,0.21562628,-0.08469591,0.017340789,0.15611432,0.9731665,0.14559738
,,0.040997054,3.3978083,9.38497,1702335888819,,1.0617594,-1.2895355,-0.5897899,,,,,,-0.018800313,-0.050416708,-0.016907373,0.025701305,0.1712139,0.97233826,0.13306329
,,0.54891354,4.0359735,8.954821,1702335889071,,-0.042684175,-0.33841908,-0.11270455,,,,,,-0.10045506,0.19530323,-0.05744594,0.058438104,0.18849121,0.9659269,0.13862859
,,0.6908876,3.9479172,9.156694,1702335889321,,-0.7262419,0.08552107,0.59284425,,,,,,-0.10285962,0.035648935,0.2067419,0.070173524,0.19187151,0.96337396,0.15191275
,,0.55258244,3.6324632,8.630034,1702335889571,,0.26885685,-0.8197805,0.19700389,,,,,,-0.053945463,-0.033671007,-0.35938945,0.06228412,0.1793371,0.96316147,0.16499273
,,0.31633112,3.508675,9.347561,1702335889821,,-0.7152463,0.34758207,0.5525272,,,,,,-0.049715035,0.12135402,0.23826365,0.05012329,0.16777301,0.965142,0.1680229
,,0.32662028,2.9978878,9.034183,1702335890072,,0.1918879,-0.1423315,-0.4309651,,,,,,0.06137819,-0.046617705,-0.2221082,0.03994481,0.14996685,0.9691719,0.16649514
,,0.19988054,2.9184463,9.517852,1702335890322,,-0.29436046,0.023212861,-0.19761476,,,,,,0.095834695,0.17861408,0.15214437,0.03182259,0.13660139,0.97086114,0.17372656
,,-0.17738794,2.4003205,9.526148,1702335890573,,0.21143557,0.50029826,-0.0736092,,,,,,0.19220977,-0.0038010995,-0.21133177,0.0076298025,0.12026515,0.97548234,0.17861058
52.52010824,13.42252452,-0.12897317,2.5485156,9.343494,1702335891000,3.7900925,-0.4550179,-0.32314748,-0.57696176,,,,,,0.24097274,0.11604123,-0.41236037,0.004845983,0.12147851,0.9749788,0.18263714
,,-0.118125685,2.589433,10.169576,1702335891439,,0.5700132,0.411112,-0.74189526,,,,,,0.15273376,0.12881416,0.38688362,0.011029697,0.122652836,0.9734019,0.19002524
,,-0.038364936,2.4684358,9.477334,1702335891699,,-1.4696643,0.9798271,0.3149008,,,,,,0.17175001,0.1375875,-0.38695225,0.01307365,0.11762706,0.96975034,0.20784521
,,-0.33060834,2.3303697,10.164472,1702335891949,,-0.9614248,1.6297872,0.46639526,,,,,,0.049264774,0.113206886,0.3153572,0.0055396734,0.113982044,0.9662142,0.22550236
,,-0.51964134,2.1138196,9.525988,1702335892199,,0.7880919,-0.33353218,-0.011300999,,,,,,0.13039675,0.0035088935,-0.31888458,-0.007837611,0.10911814,0.9655293,0.23012403
,,-0.663769,2.3657837,9.973922,1702335892450,,-0.37621635,0.30543238,0.047952887,,,,,,0.025407784,0.24733686,0.06599372,-0.009903833,0.11039306,0.96489745,0.23230015
,,-0.7404987,2.1447668,10.108082,1702335892703,,0.26702428,-0.028099779,-0.2764163,,,,,,0.029052015,0.06367158,0.21366833,-0.011815094,0.1091327,0.9632754,0.24036542
,,-0.764108,2.2943978,9.3492365,1702335892953,,-0.7928261,-0.4905244,0.14080434,,,,,,0.09100891,0.091563985,-0.5314706,-0.015318728,0.11590341,0.96040386,0.2483328
,,-0.9050454,2.278047,10.023294,1702335893207,,-0.18257222,-0.38545567,0.3894263,,,,,,0.018443668,0.004881247,0.2928792,-0.015906084,0.11867378,0.9614696,0.24359408
,,-0.6178268,2.4808784,9.346445,1702335893457,,0.08743002,0.039095346,-0.45906487,,,,,,0.118812576,0.0704721,-0.41198188,-0.004647897,0.1227577,0.9621178,0.23988527
,,-0.39688948,2.6545975,9.990993,1702335893708,,-0.50999576,0.8668171,0.17989968,,,,,,0.0066408934,0.15946342,0.23589925,0.013071262,0.1241422,0.9591335,0.25162646
,,-0.29144576,2.3609183,9.463136,1702335893959,,0.22609633,0.025045456,0.01924224,,,,,,0.1494074,-0.08736334,-0.257049,0.012569481,0.12177475,0.9569113,0.26128143
52.52007244,13.42249823,-0.35062826,2.542055,9.859388,1702335894000,3.7900925,0.97684914,0.21135922,0.10231985,,,,,,0.090102956,0.115671545,0.11505365,0.0142278485,0.12158438,0.95568776,0.2658061
,,-0.21591236,2.3964117,9.695637,1702335894461,,0.076434456,-0.82100224,-0.20250167,,,,,,0.12696229,0.04531996,-0.045087717,0.017594617,0.116901755,0.9573205,0.26206252
,,-0.17451653,2.6605794,9.59825,1702335894715,,-0.16913319,0.025045456,0.09010255,,,,,,0.15003364,0.2642117,-0.22247757,0.019303886,0.12037863,0.95611495,0.26479158
,,-0.22125633,2.463172,9.867364,1702335894974,,0.5125919,-0.36712974,-0.26175556,,,,,,0.21048573,0.123332806,0.07769833,0.014060754,0.11948697,0.9539422,0.27335262
,,-0.3729613,2.5422943,9.45484,1702335895230,,0.41118836,-0.7031054,-0.5610793,,,,,,0.2885161,0.18425764,-0.36692524,0.006728528,0.124008626,0.9514723,0.27990884
,,-0.46388856,2.608496,9.941858,1702335895482,,0.349491,-0.5204568,0.21899502,,,,,,0.15866168,0.20659733,0.16993383,0.008185043,0.12713817,0.9496082,0.28453413
,,-0.40749773,2.747519,9.289895,1702335895733,,0.15157083,0.3035998,-0.118202336,,,,,,0.13123366,0.21589543,-0.47925842,0.013122177,0.13140902,0.94762707,0.28870308
,,-0.37686956,2.9400613,9.933963,1702335895983,,-0.35056004,0.39095345,-0.049174614,,,,,,0.12650286,0.24475466,0.25898474,0.020028176,0.13910756,0.941665,0.30349332
,,-0.2678366,2.898745,9.317251,1702335896234,,-0.16485713,0.22174391,0.06994402,,,,,,0.26490745,0.099159144,-0.33327684,0.02108259,0.14269836,0.9354789,0.32003838
,,-0.44985065,3.2537608,9.730174,1702335896484,,-0.17890702,0.6511819,0.422413,,,,,,0.09425012,0.291145,0.12227869,0.026202679,0.15096553,0.9286329,0.33553705
,,-0.3336392,3.1980875,9.30824,1702335896735,,0.042226028,-0.076358095,-0.16707152,,,,,,0.16798624,0.15203947,-0.24263416,0.02878218,0.15324162,0.92569196,0.34250686
,,-0.19772692,3.4778082,9.554221,1702335896985,,-0.34689483,-0.04092794,-0.17928882,,,,,,0.2300819,0.3471621,-0.012045447,0.0369763,0.15461615,0.91908735,0.35822043
52.52003915,13.42246233,-0.0920439,3.2085357,9.645469,1702335897000,3.7900925,0.14546217,-0.49541134,-0.46639526,,,,,,0.34770843,0.16301428,0.09580822,0.039227888,0.14997382,0.9097382,0.38244784
,,-0.15274185,3.1678581,9.231749,1702335897487,,-0.41958773,0.16065744,0.20799945,,,,,,0.23853518,0.18479331,-0.373949,0.043447077,0.14352107,0.8988479,0.4075143
,,-0.061017003,2.9770699,9.837851,1702335897739,,0.42035133,-0.026267186,0.010079269,,,,,,0.18598095,0.13333601,0.2400007,0.049883816,0.13388377,0.8917939,0.42484513
,,0.18217358,2.8349366,9.190909,1702335897989,,0.29756752,0.19792019,-1.131627,,,,,,0.28775615,0.054194886,-0.4662736,0.060419522,0.12445101,0.8835283,0.44304124
,,0.019142598,3.0147972,9.950075,1702335898240,,-0.9889137,0.44470957,0.7510582,,,,,,-0.060985304,0.2017197,0.32612035,0.07495172,0.12006963,0.8658838,0.4755975
,,0.08829517,2.7515068,9.149675,1702335898491,,-0.057955798,-0.13805544,0.20983206,,,,,,0.03928961,-0.0075240256,-0.4946815,0.07578889,0.11576333,0.85464203,0.49763775
,,-0.13112666,2.8924444,9.682078,1702335898743,,-0.8062652,0.41844237,1.0271691,,,,,,-0.21741703,0.0913695,0.07476263,0.08026808,0.11607731,0.8473229,0.51002306
,,0.061415795,2.7728827,9.347002,1702335898995,,0.07704532,-0.40500334,-0.18173227,,,,,,0.036557667,0.019484948,-0.25475731,0.07592367,0.11536174,0.8499482,0.5060471
,,-0.034456633,3.0328228,9.715817,1702335899246,,0.40996662,1.0671808,-0.19883649,,,,,,-0.122748576,0.21863657,0.09168987,0.08125064,0.11620841,0.84663904,0.51080525
,,-0.06141579,2.893242,9.574402,1702335899497,,0.38492116,-0.16004658,-0.19883649,,,,,,-0.14648412,0.06456509,0.0049705664,0.07872078,0.11806785,0.8443946,0.5147494
,,0.10336995,2.929214,9.510752,1702335899748,,-0.62606007,1.1172717,0.7504474,,,,,,-0.029239519,0.12450529,-0.11543623,0.079128176,0.117220886,0.8486536,0.5083696
52.5200128,13.42241444,0.20737793,3.109473,9.3600025,1702335900000,3.7900925,0.059941106,-0.7232639,-0.10537417,,,,,,0.03039818,0.22767337,-0.21606109,0.07865496,0.121163964,0.8629261,0.4821246
,,0.12929219,2.8205,9.808736,1702335900000,,0.4936551,-0.16187917,-0.20922118,,,,,,-0.028751591,0.017557604,0.257561,0.078327976,0.11758895,0.8565858,0.49439195
,,0.14053845,3.095834,9.904771,1702335900503,,-0.31024295,0.2046397,-0.29107708,,,,,,-0.09663974,0.12605934,0.3726848,0.084603354,0.12494675,0.86170006,0.48242268
,,-0.0069391886,3.0924044,8.949954,1702335900754,,0.059941106,-0.5931497,-0.0962112,,,,,,-0.033488665,0.030418118,-0.5529569,0.07612679,0.13300638,0.8630583,0.4792579
,,-0.12091732,3.275535,9.68152,1702335901004,,-0.15263984,0.9957096,0.4101957,,,,,,-0.10233923,0.18028373,0.22918463,0.07350279,0.13759115,0.8676836,0.47008622
,,-0.011326043,3.07717,9.000922,1702335901255,,0.24930918,-0.20402883,-0.5818487,,,,,,0.21425293,-0.06089495,-0.3843412,0.064752996,0.14482155,0.8748794,0.45647708
,,-0.09332014,3.5842888,9.452289,1702335901505,,-0.17707443,0.7177661,-0.6081159,,,,,,0.09853592,0.27977622,0.083892725,0.071453474,0.15072827,0.8691069,0.46416813
,,-0.0774477,3.2253659,9.039446,1702335901756,,0.17295109,-0.0537561,-0.08277218,,,,,,0.18408608,-0.13158743,-0.2769068,0.072342426,0.15429464,0.86163485,0.47614044
,,-0.31401813,3.6635714,9.249935,1702335902007,,0.9041562,0.2376264,0.52748173,,,,,,0.08208136,0.185906,-0.021043427,0.071496755,0.16112047,0.8547602,0.4858646
,,-0.05455639,3.6108491,9.199206,1702335902258,,0.21082471,-0.27183482,-0.31917685,,,,,,0.32844627,-0.019917972,0.005210829,0.07648631,0.1677092,0.8512716,0.4890149
,,-0.24087746,3.987958,9.10485,1702335902507,,1.3079379,0.45203993,0.39492407,,,,,,0.11918173,0.14122345,-0.08115304,0.08427154,0.17552283,0.84147984,0.5017317
,,-0.41978088,4.3382673,9.170095,1702335902758,,1.4575998,2.6346598,0.4480693,,,,,,-0.0074446243,-0.04609061,0.3400872,0.09684947,0.20378111,0.8277888,0.50873226
52.51998696,13.42236878,-1.7438892,5.849096,7.087541,1702335903000,3.7900925,2.9701009,-0.027488915,1.5598432,,,,,,-0.01735576,0.027559884,0.30323473,0.093207,0.34070694,0.77028376,0.48824036
,,-0.567099,4.536792,7.5752783,1702335903008,,2.7446918,0.92362756,-2.848157,,,,,,0.29614398,-0.6474117,-0.36755383,0.0969959,0.2636507,0.8117491,0.49068302
,,-2.1194825,6.543971,5.1376295,1702335903513,,-2.1410048,-0.6084213,1.8628322,,,,,,0.09319616,-0.14304651,-0.37916115,0.11463405,0.41297,0.72893536,0.4813355
,,-2.1208386,7.3794656,5.1633124,1702335903764,,0.0410043,-0.99998564,-2.5598288,,,,,,0.10788763,-0.06213754,0.15337132,0.14196952,0.45238453,0.70737803,0.48114294
,,-2.313062,7.303134,3.644588,1702335904015,,-1.8294636,1.5442661,-2.5152357,,,,,,0.41812152,-0.6457816,-0.6010859,0.16090606,0.49619696,0.6651744,0.5004611
,,-4.3751163,7.206783,3.0009186,1702335904266,,-0.6181188,-0.8662062,-0.05222894,,,,,,-0.30932522,-0.20146681,-0.42397535,0.13449623,0.54333013,0.5867184,0.53791344
,,-5.8259645,6.5520263,3.1918657,1702335904516,,1.7758603,-1.2999202,-0.5054906,,,,,,-0.58020973,0.4444756,-0.11914842,0.092109956,0.5496213,0.5048407,0.6021611
,,-6.2432733,5.643792,3.251048,1702335904767,,0.5626828,1.3439025,2.4205518,,,,,,-0.62678915,0.2857067,-0.526796,0.080426745,0.5302724,0.4580137,0.6512878
,,-6.5599236,4.746642,3.9616363,1702335905025,,-1.1642319,-1.1801908,3.2354453,,,,,,-0.7443262,-0.46364775,-0.018934973,0.08799791,0.51465154,0.43396103,0.6844448
,,-7.252167,4.60762,3.7273796,1702335905276,,-2.8422775,2.873508,4.099208,,,,,,-1.2458682,-0.3579326,-0.4253181,0.07823154,0.51114583,0.43574443,0.68381256
,,-6.2702336,4.082793,4.6865826,1702335905527,,-2.3804636,-4.2387905,0.29352054,,,,,,-1.6522561,-0.31718838,0.20397542,0.0152394585,0.4370427,0.3117793,0.58794636
,,-2.646303,3.3782666,4.4157147,1702335905779,,-0.17524183,0.43737918,-1.9330816,,,,,,-0.9843546,-0.60559785,-0.36931077,0.08824635,0.33025804,0.33032647,0.4735845
52.51995628,13.42232621,3.4301112,3.2996223,4.2046676,1702335906000,3.7900925,0.06055197,0.7147118,-0.51159924,,,,,,-0.8474869,-1.4224265,0.015348224,0.31304377,0.19545911,0.4935695,0.26417807
,,0.59405774,3.1766317,4.6023545,1702335906031,,1.695837,-0.35491243,-1.5977168,,,,,,-0.86027485,-1.183253,-0.016831378,0.21282572,0.25398618,0.417245,0.36456975
,,5.943292,3.9743981,3.981178,1702335906534,,1.095357,0.49357873,1.1957678,,,,,,-0.07499026,-0.65264565,0.1374575,0.37063697,0.15430345,0.5323136,0.20357412
,,7.1088367,3.5968115,2.8407588,1702335906783,,-0.14042254,0.27794346,0.8286381,,,,,,-0.4152018,-0.91418874,0.35653123,0.45246264,0.13323157,0.5179543,0.16185696
,,8.189995,4.734838,1.3878372,1702335907035,,-0.68164873,0.33108872,-2.3887868,,,,,,0.28274086,-0.11273613,0.1421504,0.5923669,0.17068091,0.6582949,0.1826851
,,7.3825765,5.6930833,0.91581285,1702335907286,,-0.65415984,0.126449,-0.98746294,,,,,,0.12873419,-0.41328964,0.44367823,0.6246568,0.24105474,0.6874433,0.23093107
,,6.460302,7.660542,0.3572485,1702335907538,,0.91393006,-0.4386009,-0.20127994,,,,,,0.21993087,0.48515874,0.115205936,0.61195105,0.29896292,0.66181034,0.2726242
,,5.6736217,7.7230744,-0.09212363,1702335907788,,-0.2192241,-0.12217296,-0.6826414,,,,,,0.5079906,-0.12871252,0.46043345,0.6083051,0.36041224,0.6236209,0.29404646
,,4.358207,8.323275,-1.545604,1702335908038,,-0.60406893,0.6487384,-0.3149008,,,,,,-0.20522295,0.29201335,-0.26447976,0.6106026,0.4087052,0.5873268,0.29308787
,,4.032943,8.713623,-1.5641882,1702335908290,,-0.3267363,0.04459313,-0.228158,,,,,,0.26243436,0.2486074,-0.0032806357,0.59539545,0.45251456,0.56623375,0.30677557
,,3.1302104,9.192507,-1.7714865,1702335908542,,0.70440346,-0.021380268,-0.16279547,,,,,,0.27600306,0.119981445,-0.1432409,0.5720518,0.5007081,0.5470666,0.33430764
,,2.6455843,9.520323,-1.8831514,1702335908794,,0.44050986,-0.8845322,0.3912589,,,,,,0.26115245,0.28714353,0.06421081,0.56377417,0.5292651,0.5301808,0.33691978
52.51998172,13.42225354,2.1835303,9.553743,-3.2337408,1702335909000,3.964915,-1.1281909,-0.38789913,0.15241076,,,,,,0.010284138,0.39966473,-0.3600895,0.58736426,0.55026215,0.4914816,0.32630238
,,2.3749564,9.050373,-3.0714273,1702335909044,,1.5370121,0.64201885,0.47372565,,,,,,0.09644647,-0.20256862,-0.44298592,0.57988983,0.54760075,0.5019793,0.327821
,,2.3468006,9.042557,-2.6147168,1702335909547,,-0.32123852,0.98960096,0.01802051,,,,,,0.14403526,-0.28610834,-0.100753255,0.579982,0.5389326,0.5048469,0.33773643
,,2.3657832,9.680325,-2.615435,1702335909798,,1.2767837,-1.0983349,0.19272783,,,,,,0.15471064,0.2921341,-0.25930238,0.5751146,0.53789973,0.50993544,0.33969933
,,2.0345373,8.915498,-2.9450862,1702335910048,,1.5626684,-0.70921403,0.20922118,,,,,,-0.20389105,-0.39826685,-0.22034727,0.5840299,0.5430698,0.49984184,0.33195984
,,2.2672791,9.5068445,-3.1828527,1702335910299,,-0.86185384,-0.6835577,-0.09376775,,,,,,-0.053935003,0.27366433,-0.26900858,0.5936757,0.5417165,0.49233678,0.3282351
,,2.2100909,8.967263,-2.4756143,1702335910551,,0.13324489,0.5577195,-0.22632541,,,,,,-0.09708832,-0.27212635,0.21609981,0.5855387,0.53661406,0.50324607,0.3351266
,,2.4287152,9.531329,-2.5871997,1702335910803,,0.42890343,0.5870411,0.032681264,,,,,,0.10245504,0.1638565,-0.17605714,0.57337606,0.5382295,0.5145107,0.3370616
,,2.2159133,9.090573,-2.6589048,1702335911059,,-0.4880046,-0.23823726,0.17562363,,,,,,-0.11682843,-0.17567202,0.05303983,0.5730879,0.5522579,0.5096901,0.32248873
,,2.3917058,9.230235,-3.2751365,1702335911310,,-1.3004547,0.40439248,-0.0058032153,,,,,,-0.025307791,0.043595187,-0.22820504,0.5824798,0.55678165,0.49898452,0.31484786
,,2.3188047,9.0906515,-2.90704,1702335911561,,0.01962403,0.32986698,-0.27030766,,,,,,-0.13749167,-0.12216895,-0.06683971,0.5787624,0.55334985,0.50478065,0.31822807
,,2.4001608,9.252168,-2.855435,1702335911814,,0.84673494,-0.19853105,0.2886336,,,,,,0.019168861,-0.098680876,-0.31262594,0.5661143,0.5517436,0.5174355,0.32383856
52.5200144,13.42219578,2.2311475,9.010573,-3.3927038,1702335912000,7.506784,-0.5423716,0.5051852,-0.5195405,,,,,,-0.16195685,-0.09639918,-0.32836244,0.5657318,0.57296,0.50695246,0.30260614
,,2.2468605,9.2037525,-2.788755,1702335912064,,-0.81115204,-0.05742129,-0.17745622,,,,,,-0.11115194,-0.03511807,-0.067062,0.5618696,0.5640069,0.515824,0.3122577
,,2.1269004,9.252009,-3.2520852,1702335912572,,6.8722287E-4,0.0018325944,-0.08155045,,,,,,-0.23495029,0.13975786,-0.29061258,0.5566134,0.57713544,0.5131159,0.29994163
,,2.1871994,9.101181,-2.8481765,1702335912823,,1.1423935,0.6084213,-0.3478875,,,,,,-0.019313494,-0.1159284,-0.25530064,0.536411,0.5819051,0.5297266,0.29821244
,,2.0474584,9.497592,-2.7767909,1702335913073,,0.28962627,0.50029826,-0.23243405,,,,,,-0.15272714,0.31215057,-0.102567635,0.5130988,0.6046076,0.53738964,0.2749918
,,2.1686947,9.077493,-3.2546377,1702335913328,,0.28962627,0.8655954,0.0980438,,,,,,-0.0682388,-0.07257833,-0.35611537,0.490228,0.63162297,0.5392937,0.24475895
,,2.0611775,9.555976,-3.2685158,1702335913578,,-0.23938264,0.3695732,-0.23487751,,,,,,-0.22956297,0.4353862,-0.36062023,0.4645253,0.6507263,0.54843986,0.21811715
,,2.2856243,9.1891575,-2.7903504,1702335913829,,-0.6779835,1.0427462,0.05222894,,,,,,0.006824191,-0.114025846,-0.17312615,0.42621863,0.6673805,0.5689151,0.19321506
,,2.280121,9.66868,-2.7808583,1702335914079,,1.0348814,-0.22235478,-0.040622506,,,,,,-0.0023092825,0.3783023,-0.15715924,0.38787577,0.6896963,0.5798406,0.1602432
,,2.168296,9.04471,-3.1648266,1702335914339,,1.4478259,-0.75991577,0.24648394,,,,,,-0.1312197,-0.15897423,-0.16666168,0.35148847,0.7214297,0.57672673,0.123118386
,,2.2766113,9.467283,-3.399483,1702335914590,,-0.7305179,-0.21013749,-0.15729769,,,,,,-0.014130803,0.31383327,-0.21709123,0.32343277,0.7414748,0.57388973,0.09633844
,,2.0603797,8.93775,-2.8973088,1702335914844,,-0.22655447,0.9089668,-0.12492185,,,,,,-0.19652109,-0.2127684,0.21007268,0.29611284,0.7499433,0.58115673,0.07924005
52.52001615,13.4221569,1.9571693,8.956655,-2.941497,1702335915000,5.141011,-0.7427352,-0.03970621,-0.062613636,,,,,,-0.15431672,-0.17873874,0.31427908,0.17076448,0.45230055,0.354505,0.043368056
,,2.289054,9.466644,-2.9915872,1702335915099,,0.14240785,1.047633,-0.3265072,,,,,,0.105037786,0.2142827,0.015656412,0.2512287,0.7063123,0.5491132,0.06014826
,,2.1702104,9.315816,-3.4930425,1702335915602,,-0.5295434,0.993877,0.022296565,,,,,,0.10739715,0.1892719,-0.07112864,0.09582031,0.19075856,0.1652027,0.03282906
,,2.1241088,8.987442,-3.0339396,1702335915857,,-1.0756565,-0.4905244,-1.2611303,,,,,,-0.047607873,-0.1556379,0.21318181,0.037504613,-0.021753782,0.016720379,0.029100632
,,2.0327826,9.509635,-2.5824935,1702335916110,,0.54008085,-0.67622733,-0.22266021,,,,,,0.2984077,0.11860768,-0.03977503,-0.0030121396,-0.12511213,-0.05640883,0.025412288
,,1.6291133,9.964352,-2.2027524,1702335916362,,-1.5936699,0.083688475,2.111454,,,,,,0.15261713,0.50007933,-0.255506,-0.031459514,-0.14330006,-0.03141257,0.024897505
,,1.2007982,9.486743,-0.85088754,1702335916614,,1.2657882,-1.0378592,2.9709408,,,,,,0.060336683,0.013257456,-0.04365635,-0.030902859,-0.1317054,0.042974193,0.04924235
,,1.4277973,9.122875,0.422812,1702335916867,,0.19677481,-1.4446952,-1.3356558,,,,,,0.23605925,-0.07771192,-0.44001392,0.025079805,0.067920074,0.2839055,0.07074162
,,1.0865009,8.423612,2.5075185,1702335917118,,0.6323214,1.6371176,1.0833687,,,,,,0.036894813,-0.25903875,-0.3485157,0.07139478,0.25628528,0.52708226,0.098461404
,,0.6717451,8.462696,4.1054454,1702335917400,,-0.013362667,1.9205588,-0.076052666,,,,,,0.32793203,0.15798618,-0.31342426,0.07737739,0.40453306,0.7346801,0.10386502
,,-0.08143576,7.030273,5.4549174,1702335917655,,-0.65232724,-1.7733405,-0.6539307,,,,,,-0.053625148,-0.53244525,-0.12664093,0.047991037,0.4324011,0.8702221,0.111918025
,,-0.5201996,5.9227147,7.182375,1702335917906,,-1.4580579,0.08735366,0.29352054,,,,,,-0.12244048,-0.48107988,0.23369741,0.025571508,0.35383874,0.9055957,0.13307837
52.51998554,13.42212345,-0.98360956,4.623651,8.572526,1702335918000,4.073313,-0.2796997,-0.47097674,0.4816669,,,,,,-0.101865,0.049400903,0.24794292,-0.02235053,0.25119528,0.9421722,0.15437812
,,-0.4299902,4.648935,7.4550776,1702335918156,,-0.4983893,-0.39950556,-0.31917685,,,,,,0.06810734,-0.6053882,-0.40729582,0.004387353,0.28728536,0.9299568,0.1413068
,,-0.9436493,3.869992,8.573244,1702335918658,,0.82901984,-1.8332052,-0.3197877,,,,,,0.011155474,-0.3486241,0.10372257,-0.028811466,0.23088591,0.9469276,0.16047715
,,-0.77974117,3.665087,9.301699,1702335918908,,0.16439898,-0.524122,-0.5555815,,,,,,-0.10421596,-0.04933804,0.375515,-0.008695967,0.19572851,0.9527624,0.19004297
,,-0.2744568,3.2539995,9.217233,1702335919160,,0.5657371,-0.6169734,0.4101957,,,,,,0.049050394,-0.06778218,-0.03206469,0.02177124,0.16922067,0.9561342,0.22511467
,,0.016271185,3.4793236,9.268119,1702335919410,,-0.8398627,0.3933969,1.2428044,,,,,,0.20443265,-0.018909352,-0.0039772987,0.03622382,0.17420131,0.9521808,0.24085097
,,0.0059022745,3.6728234,9.348201,1702335919661,,-0.09644028,1.2461642,0.14019346,,,,,,0.20387337,0.009061512,0.19272327,0.03715914,0.18444166,0.95118535,0.23905024
,,-0.36586258,3.5657845,9.307841,1702335919912,,1.0177771,-0.7336486,-0.2886336,,,,,,0.13275279,0.021408813,0.0061293286,0.023054902,0.18199454,0.9523773,0.23416963
,,-0.84267235,3.1694527,9.584371,1702335920164,,-0.142866,0.4166098,-0.48777553,,,,,,0.20229438,-0.057627935,0.25696248,-0.006417657,0.17306036,0.95346236,0.23364215
,,-1.2143575,2.9169304,8.972446,1702335920417,,-1.8453461,-0.2516763,-0.09376775,,,,,,0.21156698,-0.14036945,-0.26408026,-0.03174899,0.1691208,0.953585,0.23531826
,,-1.519602,2.6626537,9.574799,1702335920667,,7.63581E-5,0.0971275,0.20861033,,,,,,0.156801,-0.16679873,0.3205326,-0.048721276,0.1611929,0.9568188,0.2262467
,,-1.6305487,2.3625138,9.252806,1702335920919,,-0.07078396,0.17043127,-0.19822562,,,,,,0.18276958,-0.1678253,-0.09882495,-0.060898457,0.14633624,0.9616961,0.21645044
52.51995766,13.42207092,-1.4588242,2.1757934,9.197293,1702335921000,3.7900925,0.9444733,-0.11178826,-0.09193515,,,,,,0.17379573,-0.23896755,-0.11515686,-0.05249939,0.13620539,0.9594533,0.23415788
,,-1.852204,2.24048,9.8238125,1702335921170,,0.20288347,0.2254091,0.25442517,,,,,,0.018094921,-0.133864,0.43032613,-0.06505104,0.13852835,0.9612078,0.22407912
,,-1.0008382,2.6738994,9.703054,1702335921671,,1.2480731,-0.21197008,-0.29718572,,,,,,0.04204962,-0.07109059,0.39988476,-0.019117652,0.14442998,0.95679843,0.24028958
,,-0.52634144,2.8112478,9.366225,1702335921921,,-2.1978152,2.100764,0.7858775,,,,,,-0.065160654,-0.15447569,-0.013024935,0.015322098,0.1503914,0.95647734,0.2330776
,,-0.16127618,2.9865615,9.679686,1702335922174,,0.8821651,-0.4721985,-0.66248286,,,,,,0.034008447,-0.030786054,0.23611264,0.02678536,0.1490075,0.9585721,0.2262601
,,0.086301126,2.9718862,9.553982,1702335922426,,0.5993347,-0.22052218,-0.3509418,,,,,,0.060763933,-0.18536784,0.16519651,0.039186668,0.15395379,0.9570526,0.23074242
,,0.14548366,3.2778482,9.373803,1702335922677,,-1.0848194,0.6988293,0.54275334,,,,,,0.10841083,-0.05843316,-0.06836036,0.044581063,0.16269135,0.9548369,0.23350358
,,-0.0012761534,3.2264822,9.522557,1702335922927,,-1.3316089,0.61147565,0.019853106,,,,,,0.08607792,-0.09808863,0.10012398,0.03624578,0.16470255,0.95658886,0.22491604
,,-0.3261417,2.7654645,9.2698765,1702335923180,,0.20654866,-1.508836,-1.4987568,,,,,,0.103913024,-0.057477243,-0.2830625,0.009540143,0.14606184,0.9618709,0.21399492
,,-0.5462017,2.1369505,10.216317,1702335923432,,1.9768348,1.4465278,0.6013964,,,,,,0.056530554,-0.04231842,0.6481521,-0.008642663,0.11587333,0.964514,0.22328296
,,-0.53511494,1.8762124,9.262775,1702335923684,,-0.07017309,-0.8668171,-0.00763581,,,,,,0.08176012,-0.09475244,-0.2883,-0.00836747,0.106162146,0.9632003,0.23366427
,,-0.82352966,1.6230514,9.824212,1702335923949,,0.9854013,0.77396566,0.34544402,,,,,,-0.11931736,-0.07817877,0.2419721,-0.016834605,0.09354826,0.9656695,0.22836243
52.5199315,13.42202631,-0.14380868,1.9018153,9.768539,1702335924000,3.7900925,0.6109411,-0.77763087,-0.47311476,,,,,,-0.071492426,0.0880036,0.25804374,0.010198694,0.09289757,0.9682552,0.2090702
,,-0.6285945,1.4305091,9.373086,1702335924203,,0.5138136,-0.16859868,-0.3857611,,,,,,-0.055151176,-0.10973599,-0.18115383,-0.01584799,0.0849961,0.97058755,0.21134453
,,0.26927233,2.251407,9.210373,1702335924713,,-1.1178062,0.27794346,0.4065305,,,,,,-0.104714,-0.17878257,-0.07336187,0.042519506,0.11822677,0.9614782,0.2166677
,,0.2912863,2.9903903,9.070952,1702335924964,,-0.3578904,-0.04459313,0.61178106,,,,,,-0.003402976,0.005917764,-0.23994151,0.045357037,0.14564236,0.9607771,0.20837784
,,0.36490545,3.3792238,9.204951,1702335925214,,0.10575596,0.68111426,-0.21105379,,,,,,-0.054162852,-0.06588343,-0.008835745,0.056151725,0.16684632,0.95905405,0.20224422
,,0.63688964,3.8695135,8.869236,1702335925466,,-1.6003894,0.59253883,0.13897173,,,,,,0.051948555,0.13686691,-0.3334087,0.06884796,0.18109137,0.9577825,0.20019804
,,0.59022963,3.4673593,9.484031,1702335925718,,0.039171703,0.9926553,-0.15302163,,,,,,0.10098662,-0.034486588,0.20493275,0.06475656,0.17113392,0.9577751,0.20726587
,,0.32526436,2.9430916,9.015995,1702335925968,,-1.2204314,0.4630355,-0.33994624,,,,,,0.17517191,-0.1732944,-0.40756845,0.047757644,0.15432885,0.9592747,0.217736
,,-0.072343,2.54357,9.777712,1702335926221,,-0.9046144,-1.6041309,0.52870345,,,,,,0.1446374,-0.05683079,0.16243052,0.02117739,0.1310655,0.9642219,0.21863307
,,0.0059820535,2.087897,9.356573,1702335926479,,0.4936551,0.06597339,-0.4205804,,,,,,0.25409532,-0.1017914,-0.34147236,0.015453648,0.110968515,0.96708643,0.21763693
,,0.061096746,1.7608781,9.974879,1702335926732,,-0.5503128,0.6988293,-0.17806709,,,,,,0.30444938,0.010807046,0.16537854,0.010068968,0.09081464,0.96885043,0.22308262
,,-0.022013972,1.4077774,9.688937,1702335926985,,0.34826928,0.4581486,0.29596397,,,,,,0.39854833,-0.1395327,-0.13544679,-3.2271192E-4,0.080507524,0.9677452,0.23434053
52.51990072,13.42199728,-0.3896313,1.7901504,9.719088,1702335927000,3.7900925,-0.3737729,-0.7299834,0.016187917,,,,,,0.11715213,-0.093569756,-0.01399436,-0.005668256,0.09869706,0.9678843,0.22292903
,,-0.34073794,1.6690736,9.860902,1702335927236,,0.62132585,-0.66401,0.6478221,,,,,,0.16741085,-0.045769967,0.07886397,-0.0037720064,0.08975022,0.9656554,0.23906054
,,0.13455638,2.6103303,9.363993,1702335927736,,0.44539678,-0.77457654,-0.205556,,,,,,0.12729043,0.22377017,-0.055844817,0.024788605,0.119405665,0.9646776,0.21474832
,,0.2531606,2.8628533,9.34461,1702335927988,,-0.3982075,0.68050337,0.5378664,,,,,,0.016696064,-0.109355114,0.20744228,0.0448389,0.1460738,0.9592119,0.21365279
,,0.17108682,3.1665027,9.00834,1702335928239,,-0.06589704,0.13500112,0.33933538,,,,,,0.04521423,-0.06950624,-0.13248412,0.040382195,0.15923615,0.961,0.19670247
,,0.030867394,3.3138201,9.450533,1702335928490,,-0.567417,-0.73975724,0.6875283,,,,,,-0.10109598,-0.0820407,0.37939855,0.038423534,0.16786917,0.9649077,0.16891235
,,0.30931222,3.547519,8.761797,1702335928740,,0.35559967,-0.6359102,-0.38820457,,,,,,0.04954831,0.0023482083,-0.27947837,0.04223458,0.17254767,0.9683234,0.14296441
,,0.24622145,3.8009188,9.382895,1702335928995,,-0.031077746,0.70493793,0.18600832,,,,,,-0.124724396,0.14432718,0.44376385,0.04548154,0.17865866,0.96878594,0.13224708
,,-0.10616156,3.4051466,9.460342,1702335929447,,-0.24121523,-0.09773836,0.06383537,,,,,,0.055109307,0.0019075393,0.22679216,0.014568066,0.17085263,0.9754244,0.10623623
,,-0.40167516,3.324189,9.662138,1702335929705,,-0.10193806,-0.36529714,0.09987639,,,,,,0.044153634,0.20497808,0.26249617,-0.007379703,0.13932966,0.85125643,0.0737202
,,-0.34831518,3.2858243,9.56802,1702335929955,,-0.63583386,0.7006619,-0.74006265,,,,,,0.076123685,0.18318926,0.15248547,-0.00682645,0.118350185,0.7211691,0.05429535
52.51986721,13.42197646,-0.38771707,2.4981065,9.976237,1702335930000,3.7900925,-0.28031057,0.0030543238,0.558025,,,,,,0.15310723,-0.019262044,0.36814106,-0.012239919,0.08973167,0.7236153,0.069691464
,,-0.15976079,3.1262224,9.82094,1702335930206,,-0.0029779659,-0.36163196,-0.5708531,,,,,,0.20406036,0.16892408,0.35372704,-0.004561017,0.11109352,0.72236955,0.052288573
,,-0.18073787,2.9332013,9.750913,1702335930457,,-0.019471316,0.15699224,0.038789913,,,,,,0.17990643,0.14051814,0.23719019,-0.004480477,0.10310388,0.72222966,0.06383071
,,-0.28546372,2.2675984,9.529816,1702335930961,,-0.21494804,-0.18814635,-0.14080434,,,,,,0.17793368,-0.1244329,-0.11879517,-0.008913392,0.083025865,0.7240613,0.07837698
,,-0.27804604,2.305086,9.952469,1702335931211,,0.50465065,-0.027488915,-0.2715294,,,,,,0.11865153,0.040273283,0.24883305,-0.00673652,0.096205406,0.8559153,0.0937788
,,-0.46109688,2.0541584,9.708639,1702335931463,,-0.18990259,0.84054995,0.2953531,,,,,,-0.041289285,-0.15264365,0.038872305,-0.008003379,0.11307927,0.98717284,0.108948275
,,-0.52913284,2.231068,9.765348,1702335931715,,-0.61689705,0.6230821,0.65759593,,,,,,-0.0698828,-0.0040316265,0.035909716,-0.009960794,0.11420958,0.9869492,0.10972719
,,-0.66536415,2.1275384,9.900064,1702335931965,,0.16317725,-0.14782928,0.32589635,,,,,,-0.1319497,-0.11503201,0.23217961,-0.014987478,0.11422214,0.9883725,0.092422634
,,-0.49986064,2.3635507,9.50788,1702335932216,,0.30062184,-0.880867,-0.66431546,,,,,,0.012710158,0.06727994,-0.20157233,-0.013371398,0.10050381,0.8571998,0.07155211
,,-0.66536427,2.2080967,10.074661,1702335932466,,-0.15202898,-0.32375833,0.060781047,,,,,,-0.12982418,-0.13144022,0.4027386,-0.015650408,0.10342013,0.85734564,0.061762802
,,-0.6248457,2.1749961,9.4286785,1702335932718,,-0.06467531,0.2614501,0.31245732,,,,,,0.0029303073,-0.15039605,-0.29165098,-0.02235971,0.102648735,0.8581647,0.04850799
,,-0.7517451,2.21695,10.070435,1702335932971,,-0.55275625,-0.0061086477,0.5048797,,,,,,-0.024496676,-0.057521377,0.3756481,-0.02316151,0.08301766,0.7272369,0.03115863
52.5198379,13.4219726,-0.48805606,2.1529818,9.531251,1702335933000,3.7900925,-0.044516772,0.13439025,-0.10598504,,,,,,0.26924345,-0.23406734,-0.1342368,-0.010847454,0.050224505,0.395812,0.03017636
,,-0.5876772,2.1592033,9.368139,1702335933221,,0.37270388,-6.108648E-4,-0.4327977,,,,,,0.13926056,-0.14000797,-0.29048592,-0.011793595,0.04470561,0.39699438,0.020560432
,,-0.40430725,2.3929024,9.888659,1702335933473,,0.9518037,-0.068416856,-0.5891791,,,,,,0.25677678,0.062595025,0.17682238,-0.004707703,0.03108513,0.26460868,0.01710164
,,-0.59342,2.528336,9.567862,1702335933978,,-0.11720968,-0.5858193,-0.19394957,,,,,,0.3228145,0.117275596,-0.1265549,-0.017188756,0.051791687,0.39446875,0.043068234
,,-0.7002994,2.4338193,9.7143,1702335934228,,0.045891218,-0.33780822,-0.34910923,,,,,,0.3235646,-0.13228092,0.15324876,-0.020245504,0.061510626,0.39189783,0.058410704
,,-0.7255038,2.771048,9.222418,1702335934479,,0.13935353,0.02565632,-0.4761691,,,,,,0.34093735,0.03271877,-0.33546945,-0.024470348,0.0880675,0.520398,0.08469974
,,-0.8624529,2.9738,9.708001,1702335934730,,-0.2277762,0.8503238,-0.30879214,,,,,,0.19736741,0.07080813,0.24059296,-0.032392975,0.13689971,0.84596467,0.11604306
,,-1.0348161,2.9357538,9.003952,1702335934981,,0.02573268,0.37751442,-0.02046397,,,,,,0.17796135,-0.11525554,-0.3741573,-0.03721359,0.16167015,0.9715975,0.15460095
,,-1.2390038,3.2676387,9.685825,1702335935232,,1.0532073,0.1075122,0.21716243,,,,,,0.07438367,0.1748813,0.35025343,-0.03592579,0.16729681,0.9660797,0.18199652
,,-1.1187246,3.1125038,8.998769,1702335935484,,-0.36460993,-0.1404989,-0.016798781,,,,,,0.17274259,-0.09817484,-0.26963198,-0.031738184,0.17379989,0.9630424,0.19638729
,,-1.3471589,3.5367515,9.3411,1702335935735,,-0.4880046,0.18997894,0.5073232,,,,,,-0.10569957,0.33835477,-0.015534401,-0.026388485,0.17405407,0.96050656,0.21232542
,,-1.1714461,3.2222548,9.457713,1702335935986,,0.099036455,-0.6841686,-0.5042689,,,,,,0.10026547,-0.041247774,0.1891657,-0.024423366,0.17825237,0.9576147,0.2229878
52.51980753,13.42196755,-1.3347166,3.221457,8.874182,1702335936000,3.7900925,0.2627482,0.007941242,-0.37965247,,,,,,0.035857584,-0.10159161,-0.40936118,-0.032812234,0.18077637,0.96203667,0.19541553
,,-1.3770695,3.3106296,8.984409,1702335936239,,-0.40248352,-0.13805544,0.5061015,,,,,,0.0067639034,-0.0013908783,-0.3067272,-0.027506415,0.18121697,0.95541424,0.22951883
,,-1.5687348,3.2500112,9.461301,1702335936490,,-0.9058361,0.15515965,1.046106,,,,,,-0.14242701,-0.04194595,0.19483313,-0.031407334,0.18199508,0.9577272,0.21735367
,,-1.5404195,3.368217,9.534999,1702335936994,,0.3672061,0.1875355,-0.3197877,,,,,,-0.1921092,0.05196635,0.28036404,-0.033044305,0.18047746,0.96380544,0.18508564
,,-1.3776277,3.0047476,9.013286,1702335937244,,-0.23571745,0.36651886,0.04734202,,,,,,0.06759251,-0.4034159,-0.15053591,-0.03878876,0.18451191,0.964846,0.17426857
,,-1.583889,3.3784268,9.124949,1702335937494,,0.02451095,0.63041246,0.10476331,,,,,,-0.02904783,0.011835233,-0.06489876,-0.047538746,0.18359393,0.96704537,0.16210556
,,-1.5054843,3.1838105,9.366225,1702335937744,,-0.06101012,-0.16737695,-0.3478875,,,,,,0.14720207,-0.20533228,0.2502741,-0.05667428,0.1854423,0.9697917,0.14438026
,,-1.4449458,3.323711,9.103094,1702335937995,,0.045891218,-0.21013749,-0.3979784,,,,,,0.26163176,-0.09715741,-0.013532956,-0.05903851,0.18664987,0.9690824,0.1464594
,,-1.5710474,3.412484,9.496636,1702335938245,,0.91454095,-0.9309579,-0.3100139,,,,,,0.17839701,-0.0357859,0.41614133,-0.059219014,0.1901587,0.96471614,0.16673794
,,-1.5675381,3.2247272,9.036255,1702335938496,,-0.28825182,0.18997894,-0.101708986,,,,,,0.2149438,-0.27886918,-0.040392432,-0.055740878,0.19360504,0.9591027,0.19078921
,,-1.6338192,3.446303,9.282873,1702335938748,,-0.040240716,0.27427828,0.7797689,,,,,,0.16169667,0.0034864664,0.19068705,-0.0541196,0.19200873,0.955634,0.20897508
,,-1.6664414,3.2385263,9.247382,1702335938998,,0.10392337,-0.0097738365,0.43157595,,,,,,0.08707194,-0.15745135,0.12735674,-0.052140776,0.18948783,0.9555443,0.21284238
52.5197828,13.42194881,-1.887937,2.8342187,9.134521,1702335939000,3.7900925,-0.36399904,0.24617851,0.55985755,,,,,,-0.22954293,-0.38009453,-0.12299857,-0.050751377,0.16534086,0.8995713,0.16120926
,,-1.7966111,3.1569307,9.213884,1702335939251,,-0.06406444,0.016493348,0.13897173,,,,,,-0.11827755,-0.14325283,0.017238474,-0.048601266,0.18328783,0.9573997,0.20996927
,,-1.9168103,3.0718257,9.348838,1702335939502,,-0.17951788,0.2583958,0.72356933,,,,,,-0.29157075,-0.18018453,0.119549386,-0.04964408,0.1793944,0.96020967,0.19584523
,,-2.067,2.9122248,9.315577,1702335940004,,-0.32917976,0.29016078,0.6197223,,,,,,-0.2776224,-0.18794635,0.07913152,-0.028703658,0.10811731,0.5790686,0.1220348
,,-2.2278776,2.7093933,9.269155,1702335940255,,-0.37255114,0.23273948,0.8940006,,,,,,-0.34072727,-0.34620586,0.040354744,0.0027447308,0.055311378,0.25906911,0.10042884
,,-2.3810976,2.6720653,9.207022,1702335940507,,-0.19601123,0.19547673,0.6582068,,,,,,-0.42134053,-0.38244942,0.007700062,0.03798872,0.0052180984,-0.06084757,0.108562715
,,-2.4596622,2.8447473,9.160922,1702335940758,,-0.38293585,0.20769402,0.39003715,,,,,,-0.4005268,-0.24240555,-0.0026771864,0.07445474,-0.04473966,-0.37836498,0.13847521
,,-2.1308882,2.9543383,9.222018,1702335941009,,-0.76716983,0.5045743,0.6734784,,,,,,0.014469083,-0.1611537,0.076188944,0.11374479,-0.09240825,-0.6932878,0.1805521
,,-1.9680969,3.0786853,9.202877,1702335941259,,-0.33589926,0.11362085,0.3423897,,,,,,0.20470156,0.053991836,0.05547724,0.14694606,-0.12141074,-0.93917507,0.24740306
,,-1.749632,3.1236708,9.319168,1702335941510,,-0.16546799,0.27427828,0.24342962,,,,,,0.3913651,0.19708158,0.11057374,0.1521365,-0.10618258,-0.919781,0.32044628
,,-1.4396815,3.0695927,9.378907,1702335941761,,0.43867728,-0.3506364,-0.99906933,,,,,,0.6552877,0.18658021,0.1601908,0.15479042,-0.095502146,-0.9026896,0.37632892
52.51976846,13.42197072,-1.189951,2.428077,9.587802,1702335942000,3.7900925,0.530307,0.4477639,-0.5543598,,,,,,0.57931036,-0.10147133,0.21503058,0.11980699,-0.09581088,-0.9316386,0.27471036
,,-1.3050456,3.0013974,9.493124,1702335942012,,0.8076396,-0.32559094,-1.2024873,,,,,,0.7254054,0.19248234,0.22515106,0.15211347,-0.09000058,-0.8974052,0.3965941
,,-1.0632108,2.7935407,9.520164,1702335942267,,0.16806418,-0.3329213,-1.0302235,,,,,,0.9119358,0.0639081,0.21630745,0.14570814,-0.08876315,-0.902824,0.38033882
,,-1.2277573,2.6787646,9.466885,1702335942517,,0.15706861,-0.25656322,-0.3930915,,,,,,0.67540765,0.03154249,0.14215599,0.13511293,-0.09167901,-0.9142487,0.3373789
,,-1.005544,2.2262824,9.468877,1702335943020,,-0.35544693,0.102014415,-0.6270527,,,,,,0.53265554,-0.18867628,0.035426427,0.09731867,-0.08962809,-0.8205914,0.19821693
,,-0.98081803,1.9835702,9.507959,1702335943274,,-0.06223185,-0.30543238,-0.35521787,,,,,,0.2444946,-0.21648934,-0.01928657,0.07008132,-0.06623945,-0.5098623,0.13301297
,,-0.7412964,1.7923038,9.554461,1702335943524,,0.35071275,0.4575377,-0.30879214,,,,,,0.17666274,-0.15548642,-0.05442737,0.049158923,-0.040824216,-0.1908728,0.09251246
,,-0.7371488,1.6645272,9.580383,1702335943775,,0.3653735,0.46792242,-0.07849612,,,,,,-0.070010774,-0.043604117,-0.10537065,0.028814107,-0.007896854,0.13429289,0.07912037
,,-0.6273184,1.423809,9.566027,1702335944026,,-0.19478951,0.14538582,-0.03695732,,,,,,-0.045274537,-0.059942458,-0.1769299,0.0016408773,0.028376943,0.46261057,0.0793633
,,-0.7316456,1.3412569,9.418708,1702335944278,,-0.55458885,0.08735366,-0.2751946,,,,,,-0.037865933,-0.01426911,-0.31467083,-0.02159699,0.05578401,0.7922699,0.09039154
,,-0.94356984,1.0300305,9.648259,1702335944528,,-0.13553563,-0.09040799,-0.28985533,,,,,,-0.12807757,-0.09550732,-0.05205566,-0.0354221,0.06281713,0.989265,0.115149006
,,-1.0139985,0.84594256,9.766306,1702335944779,,-0.093996815,-0.54611313,-0.12858704,,,,,,-0.076130435,-0.014019257,0.068830825,-0.042692542,0.051015038,0.98655564,0.13663146
52.51976892,13.42196833,-0.7256633,-0.16135602,10.509916,1702335945000,3.7900925,1.077031,-0.30726498,0.03573559,,,,,,-0.031027393,-0.06209214,0.6265701,-0.037385244,0.0014317288,0.97780454,0.20389424
,,-1.0046664,0.62149584,9.759766,1702335945031,,0.07093667,0.031154104,-0.016187917,,,,,,0.021763507,0.004660658,0.06326287,-0.049305473,0.03959464,0.98407245,0.15343155
,,-0.87186474,0.3429713,9.8695965,1702335945281,,-0.020693045,-0.032986697,-0.03573559,,,,,,0.17060341,0.006019287,0.13990112,-0.052782632,0.026026918,0.9818344,0.16867091
,,-0.74783677,0.10552348,10.022497,1702335945534,,0.017180571,0.375071,0.068722285,,,,,,0.14240699,0.03693103,0.23691912,-0.045973957,0.011426578,0.9794689,0.1887488
,,-0.5458027,0.09730813,10.124669,1702335946035,,0.33055422,0.060475614,0.24098615,,,,,,-0.016958581,-0.07404561,0.1739261,-0.0253094,0.012339817,0.97643316,0.20999707
,,-0.4664409,0.5240282,9.89105,1702335946286,,-0.25831944,0.70982486,0.4138609,,,,,,-0.024951588,-0.14050293,-0.08273401,-0.016441131,0.035181876,0.97577053,0.20629291
,,-0.5489933,0.98735845,9.859068,1702335946537,,0.19005531,-0.15210533,0.10537417,,,,,,-0.0382845,-0.12053625,-0.10846288,-0.016565766,0.057148203,0.9766644,0.19403544
,,-0.66711897,1.4650457,9.767102,1702335946788,,0.4087449,-0.19120067,-0.16646065,,,,,,-0.10255526,-0.1215606,-0.15072772,-0.016341988,0.080667645,0.97802794,0.17712952
,,-0.7849256,1.9374686,9.595536,1702335947039,,0.18028148,-0.2669479,-0.04734202,,,,,,-0.17455807,-0.16488577,-0.22513126,-0.016025733,0.106761135,0.97908336,0.15933111
,,-0.62979084,2.5162923,9.154699,1702335947290,,-0.20578507,0.12828161,-0.03329213,,,,,,-0.038483027,-0.07357768,-0.5501251,-0.012398154,0.13148086,0.9795338,0.14528008
,,-0.47704908,2.8240094,9.3285,1702335947540,,0.2939023,-0.1301142,-0.062613636,,,,,,0.1446703,0.04513889,-0.2862439,-0.01216127,0.14236376,0.9799729,0.13530459
,,-0.37663028,2.9240298,9.431072,1702335947790,,-0.3163516,0.06475167,0.14813471,,,,,,0.23548707,0.13330513,-0.08854831,-0.011912162,0.14480223,0.9809605,0.12645857
52.51975274,13.42200444,-0.5284948,2.6252458,9.464093,1702335948000,3.7900925,-0.24426955,0.25900668,0.18234314,,,,,,0.33252627,0.029982781,-0.031563632,-0.0296782,0.13468292,0.9859627,0.07564119
,,-0.38364926,2.8847075,9.435379,1702335948040,,-0.2589303,-0.0030543238,0.14691298,,,,,,0.27374277,0.06784972,-0.05457541,-0.013919735,0.14657876,0.9816171,0.11671054
,,-0.37024942,2.8421946,9.440563,1702335948290,,-0.0994946,0.08918626,0.1395826,,,,,,0.3642214,0.054642398,-0.02410612,-0.01941817,0.14534973,0.98255134,0.10492294
,,-0.30436707,2.7459235,9.5132265,1702335948541,,0.5632937,0.5345067,0.25809038,,,,,,0.4503339,0.08123796,0.020707829,-0.021869602,0.13921532,0.984245,0.09292142
,,-0.81555384,2.4273589,9.5932255,1702335949043,,0.86445004,-1.1490366,0.38698283,,,,,,0.13287888,-0.07271652,0.099173,-0.03007924,0.10416397,0.7900313,0.05431659
,,-0.6313862,2.60363,9.459947,1702335949294,,0.19616395,-0.26267186,-0.3130682,,,,,,0.07575702,-0.06867142,0.0455517,-0.025451988,0.08915786,0.65834236,0.036312934
,,-0.19661029,3.1105895,9.0061865,1702335949544,,-1.768988,2.715294,0.5696314,,,,,,0.056333136,0.05188569,-0.22316551,-3.8846483E-4,0.10901702,0.653987,0.031387575
,,-0.086540416,3.133242,9.217393,1702335949795,,0.38675377,0.67928165,-0.14508039,,,,,,-0.013373926,-0.003897039,0.0150087355,0.011365787,0.07538324,0.3898613,0.025714334
,,-0.17475577,3.2714674,9.157412,1702335950045,,0.45822495,0.26511532,-0.21899502,,,,,,-0.09940775,0.03259548,-0.03485867,0.018485876,0.052358333,0.19146493,0.02017871
,,-0.18608187,3.3777087,9.142976,1702335950343,,-0.644386,-0.034208428,0.00763581,,,,,,-0.18860167,0.048977137,-0.009700426,0.021534888,0.05796132,0.19080204,0.019139102
,,-0.037407797,3.3338404,9.156055,1702335950595,,-0.033521205,0.44165525,-0.12492185,,,,,,-0.05895029,0.0687356,-0.05451339,0.014961537,0.08139849,0.3892202,0.021107849
,,-0.381735,3.0077784,9.304332,1702335950845,,0.75266176,-0.102014415,-0.018631376,,,,,,-0.055681013,0.019168155,0.018387938,1.3705157E-4,0.09015756,0.52271706,0.024187146
52.51974906,13.42201087,-0.18177478,2.3270998,9.526706,1702335951000,3.7900925,-1.6187153,-0.5235111,1.1707224,,,,,,0.19881126,-0.0500983,-0.008206257,-0.020104297,0.11161084,0.925848,0.02042199
,,-0.59908295,2.5021746,9.707601,1702335951095,,0.05261073,0.42394015,0.20677772,,,,,,0.044912968,-0.072252825,0.26162955,-0.021910409,0.06902768,0.5278646,0.019503808
,,-0.5269792,2.4955542,9.512587,1702335951346,,-0.013362667,0.37201664,0.08093958,,,,,,0.115067355,-0.0062398356,0.030570062,-0.025459098,0.10227098,0.79242826,0.019538464
,,-0.34512478,2.4002404,9.626724,1702335951595,,0.3409389,0.13255766,0.08032872,,,,,,0.16536416,-0.017628329,0.12503938,-0.027249822,0.12594967,0.9909594,0.020840025
,,0.3247858,2.458386,9.652805,1702335952099,,0.6298779,-2.092212,-0.7516691,,,,,,0.18514521,-0.08062013,0.25419977,-0.026551716,0.06698399,0.59685266,0.023139851
,,1.2333407,2.9695725,9.0855465,1702335952349,,0.41363183,0.69149894,0.34910923,,,,,,0.18468378,0.063340776,-0.0956422,0.022342054,0.08561698,0.5889931,0.02224337
,,1.3682958,2.9370303,9.091131,1702335952600,,-1.2082142,-0.35796675,-0.35399613,,,,,,0.063014336,-0.04221095,-0.08596007,0.0399611,0.07916375,0.45421162,0.022054158
,,1.3830515,2.691686,9.090093,1702335952859,,-0.42019862,-0.03604102,0.18417573,,,,,,0.018409768,-0.04762973,-0.11573521,0.042406164,0.0653985,0.38859367,0.023361702
,,1.321237,2.5872793,9.1561365,1702335953110,,-0.21006113,-0.16187917,-0.44257152,,,,,,0.0412706,-0.08838062,-0.12071044,0.040606968,0.061798945,0.38894138,0.02406721
,,1.2641282,2.475774,9.31175,1702335953369,,0.25175264,0.65790135,-0.11453715,,,,,,0.03227148,-0.057683334,-0.030964263,0.039539263,0.06681899,0.4551571,0.031604696
