98#1#0
key,lat,lon,ts,bike,childCheckBox,trailerCheckBox,pLoc,incident,i1,i2,i3,i4,i5,i6,i7,i8,i9,scary,desc,i10
,,,,1,0,0,0,-5,0,0,0,0,0,0,0,0,0,0,,0

=========================
99#1
lat,lon,X,Y,Z,timeStamp,acc,a,b,c,obsDistanceLeft1,obsDistanceLeft2,obsDistanceRight1,obsDistanceRight2,obsClosePassEvent,XL,YL,ZL,RX,RY,RZ,RC
52.49899641002032,13.324971216298444,-3.1099713,9.28792,-0.49234307,1698249134000,7.355544,3.0457742,1.6108516,-0.8575021,,,,,,-0.14982603,0.36575383,-0.12277139,0.66441524,0.25972217,0.05360818,0.64381135
,,-4.1743193,9.133525,-0.7754939,1698249134082,,-1.2293663,0.04596761,0.043982297,,,,,,-0.16840824,0.37686136,0.7689534,0.63278294,0.3961143,0.08399894,0.6354085
,,-3.6911085,9.249655,-0.5516454,1698249134334,,4.320497,-2.3672554,-1.295187,,,,,,-0.10456766,0.42484656,0.42017522,0.5995972,0.42402872,0.14733914,0.64517266
,,-3.8388054,8.9985895,-0.9094322,1698249134585,,-0.43111816,-1.5490016,0.38133264,,,,,,-0.01322267,0.51392144,0.6571476,0.6116579,0.44570363,0.1311267,0.620957
,,-4.180719,8.71827,-1.5476577,1698249134837,,1.1267409,-3.208417,1.2657127,,,,,,-0.03531494,0.43035224,0.1808127,0.6421053,0.43107137,0.074918196,0.6027928
,,-4.2341595,9.336775,-1.5761323,1698249135088,,-0.57528234,0.5028948,1.5172366,,,,,,-0.1054412,0.8129978,-0.20832546,0.6535758,0.37024012,0.03791236,0.61806184
,,-3.4394033,9.232666,-0.9677171,1698249135347,,-0.40515637,2.0508273,0.4529566,,,,,,0.15219471,0.469202,-0.08902919,0.6613685,0.30783406,0.024941338,0.63689625
,,-3.3710878,9.219945,-0.72107697,1698249135599,,-1.3191634,1.8782579,0.7386888,,,,,,-0.09681146,0.32054058,-0.14167325,0.6710518,0.26765183,0.026110249,0.64870334
,,-2.9761727,9.500483,-0.70955163,1698249136106,,0.8144361,0.9949468,-0.9482156,,,,,,-0.4113472,0.34261817,-0.302704,0.62062556,0.30592474,0.11968626,0.6184021
,,-2.5048265,8.906545,-1.0743574,1698249136358,,-0.22968534,0.7958047,-0.19532417,,,,,,-0.3973051,-0.14093082,0.2780089,0.5662406,0.39138564,0.1948151,0.5690619
,,-2.427698,8.68479,-1.6591034,1698249136611,,-0.14340061,1.3568845,-0.6102544,,,,,,-0.66272575,-0.23872396,0.396907,0.49742392,0.506436,0.28589648,0.50724435
,,-2.5445473,8.461161,-2.8236902,1698249136863,,-0.22678372,0.16355917,-0.52580225,,,,,,-0.66198325,-0.15231742,0.20892139,0.41619602,0.6362036,0.3530091,0.42478287
,,-2.999423,8.066364,-4.0724845,1698249137113,,0.17852537,0.47907108,-1.0404562,,,,,,-0.83801913,-0.085549496,0.12586935,0.3373793,0.74558556,0.37967518,0.34073085
,,-3.5937603,7.0494757,-5.67759,1698249137366,,1.1343768,-0.5519168,-1.1239921,,,,,,-1.0580665,-0.52950823,-4.5585632E-4,0.25869808,0.83271956,0.36394644,0.26869583
,,-4.038286,6.5091357,-6.2189865,1698249137618,,-0.75808376,-0.29749137,-0.42730024,,,,,,-1.0218672,-0.3007706,-0.0010898749,0.17411233,0.8702281,0.3444653,0.24617542
,,-4.0531025,5.97141,-6.273003,1698249137871,,-1.2247849,0.36056322,0.27030787,,,,,,-0.558737,-0.435371,0.040275525,0.08844875,0.8859165,0.34630126,0.23806192
52.49895554797828,13.324813102948637,-4.780521,7.1230345,-4.3536806,1698249138000,6.1570673,1.9480493,-0.9634872,0.094225965,,,,,,0.40919507,0.6654995,-0.10060096,-0.07064926,0.83397907,0.42908096,0.27843493
,,-4.1494737,5.8449883,-6.2520857,1698249138120,,-1.1751521,-0.09560041,0.021380283,,,,,,-0.2227351,-0.4140715,-0.06626269,0.012376868,0.8910897,0.35844582,0.2273365
,,-4.3734617,6.625008,-5.7148585,1698249138373,,-0.5726862,-1.9706513,-0.06841691,,,,,,-0.092210844,0.26618403,-0.21619016,-0.044077747,0.87271905,0.39337608,0.2264577
,,-4.1687756,6.555397,-4.5960746,1698249138627,,1.7573066,-1.751656,-0.6747007,,,,,,0.4928884,-0.020922787,0.057130653,-0.07435859,0.8473708,0.43007898,0.2429723
,,-4.4567513,6.655318,-3.7105498,1698249139133,,-1.881465,1.1696543,0.5225952,,,,,,0.96003914,0.15381186,0.29737064,-0.03851531,0.8257883,0.42017207,0.3020181
,,-4.7071414,8.033363,-3.3820157,1698249139383,,-2.604424,-0.6614143,1.4810427,,,,,,0.61163574,1.094484,0.24631833,-0.0057785395,0.81279373,0.44052914,0.3130166
,,-4.3855853,7.955895,-2.8287952,1698249139634,,0.8895725,0.22006421,-0.2501493,,,,,,0.72471124,0.7642138,0.03739888,0.029834213,0.79171985,0.4644988,0.331036
,,-4.6795635,7.4638114,-3.2346575,1698249139885,,2.031585,-1.0687088,-0.44730607,,,,,,0.5870899,0.55056506,0.10534479,0.06864154,0.8077358,0.42081973,0.3563706
,,-4.8612585,6.7595234,-3.6648073,1698249140136,,-2.8527408,0.892016,-0.03390302,,,,,,0.5673718,0.48806307,0.59580636,0.09338748,0.8356158,0.35501766,0.36458537
,,-4.430869,7.387301,-3.2721646,1698249140393,,0.5346598,0.6093381,-0.09239337,,,,,,0.57977796,0.63658875,0.6165829,0.09123064,0.8275321,0.3886296,0.34376705
,,-4.2968907,8.150512,-3.9188454,1698249140644,,5.5132117,-0.8585711,-0.78984874,,,,,,0.2669989,0.9455053,-0.059940338,0.08019488,0.82439315,0.42295566,0.3189262
,,-4.0468416,6.05444,-4.480899,1698249140894,,-7.410712,2.1830797,0.41141775,,,,,,0.3145575,-0.20362711,0.15867725,0.08624797,0.84922475,0.35919598,0.29485425
52.498857389449974,13.324740050355919,-2.5172296,5.2005,-6.7676406,1698249141000,6.480914,1.4558446,0.028863383,-0.065973446,,,,,,-0.26514938,-0.06434455,0.47390708,0.030243512,0.92214453,0.28827876,0.13269538
,,-3.957211,6.7018785,-5.3350973,1698249141146,,2.2191207,0.68111473,-0.5364924,,,,,,-0.04111652,0.5459544,0.1817004,0.07877807,0.87443125,0.33780125,0.25391823
,,-3.2738602,6.1371512,-5.4993443,1698249141398,,3.7129917,-0.7646506,-0.088728175,,,,,,0.045422427,0.15151927,0.607872,0.057874102,0.88934296,0.3312135,0.20869201
,,-3.2068012,5.7601223,-6.2989864,1698249141649,,-4.6329546,0.6931793,0.47510046,,,,,,-0.48350963,0.36236587,0.32159272,0.038999714,0.903792,0.30622083,0.16968413
,,-2.2381067,5.2319655,-6.744988,1698249142150,,3.9057198,-0.8210029,-0.24556783,,,,,,-0.3613228,0.16980591,0.76785606,0.012227702,0.93477815,0.27616847,0.101527795
,,-2.1726632,5.406881,-7.036115,1698249142400,,-1.8603901,0.5111415,0.25335637,,,,,,-0.55180675,0.55495995,0.64975077,-0.012988692,0.9387053,0.2737798,0.08809654
,,-2.2719257,4.4527645,-7.2158356,1698249142651,,-2.346028,-0.20189096,-0.2591596,,,,,,-0.59414643,0.119822554,0.92563796,-0.027422352,0.9519053,0.24029204,0.083578035
,,-2.3632514,4.9989257,-7.047202,1698249142901,,1.0462594,0.93370754,-0.06719518,,,,,,-0.6940927,0.2404673,0.6032987,-0.038761053,0.9399546,0.26972684,0.07841604
,,-2.062075,6.1638327,-6.9055066,1698249143152,,2.9443705,-0.33261612,-0.18387043,,,,,,-0.5089831,0.58382696,0.35048187,-0.057705365,0.9297091,0.31742457,0.06769078
,,-2.3188846,4.616074,-7.2904315,1698249143407,,-1.5813774,0.43188173,-0.15821409,,,,,,-0.6057479,0.1665335,0.49422616,-0.072586976,0.9437975,0.26012382,0.07255939
,,-2.4665413,4.301657,-7.3891954,1698249143660,,-2.7791314,-0.5842926,-0.36942077,,,,,,-0.80809486,0.010122466,0.58829874,-0.08862894,0.94590265,0.24812888,0.065669216
,,-2.281357,5.72748,-6.952665,1698249143912,,1.6076446,0.34208453,-0.4008803,,,,,,-0.69912046,0.25243258,0.30309424,-0.108555004,0.9245924,0.31903794,0.050991397
52.49869413695341,13.324659708648827,-2.2779074,5.7139606,-6.979983,1698249144000,6.51278,1.8558086,0.019394971,-0.4175264,,,,,,-0.31899354,0.3787228,0.38392934,-0.18456557,0.9150453,0.30993924,0.05227967
,,-2.2099712,5.9023757,-6.962835,1698249144164,,3.254079,-0.6763805,-0.26251933,,,,,,-0.47618872,0.42165858,0.25465012,-0.13097614,0.9206062,0.32322744,0.051874492
,,-2.3218553,4.396014,-7.3897543,1698249144416,,-2.3182335,0.24846944,0.026725354,,,,,,-0.43887234,0.15575151,0.5385498,-0.14964586,0.9372203,0.25287196,0.064536266
,,-2.488655,4.270929,-7.4417777,1698249144668,,-2.033876,-0.48915035,-0.056046885,,,,,,-0.53439254,0.12945406,0.5295631,-0.16646247,0.9359511,0.24594799,0.064130075
,,-2.3288546,5.7184467,-7.0269628,1698249145174,,2.7061331,-0.59605175,-0.10445796,,,,,,-0.16411957,0.6002807,0.40175924,-0.20455913,0.91194403,0.3052812,0.05899238
,,-2.4240687,4.2937407,-7.433482,1698249145426,,-3.4510832,0.441961,0.48548517,,,,,,-0.0729886,0.34791705,0.66180533,-0.22272532,0.926427,0.23647355,0.077867724
,,-2.5090344,4.6174097,-7.2743,1698249145677,,-0.6933321,-0.26099217,0.07941248,,,,,,-0.13366903,0.45044014,0.6148347,-0.18151075,0.7480261,0.15995707,0.071084365
,,-2.335993,5.9422364,-6.9638314,1698249145929,,2.1673498,0.57344973,-0.2556471,,,,,,0.0335437,0.7293615,0.36071378,-0.17744382,0.67221993,0.19194728,0.05126295
,,-2.4212375,5.365586,-7.029854,1698249146184,,0.83092946,0.48579058,0.05177083,,,,,,0.09905875,0.7641872,0.48498574,-0.19235703,0.674214,0.16538163,0.06024807
,,-2.4899514,4.118128,-7.3832736,1698249146438,,-4.0645447,0.37614027,0.21135938,,,,,,0.04805072,0.4714517,0.72031146,-0.2030522,0.6879335,0.10854855,0.07184033
,,-2.466781,4.826722,-7.103295,1698249146690,,1.2089024,0.046120327,-0.14370605,,,,,,0.009959495,0.51768625,0.55264163,-0.13280699,0.45139584,0.018585393,0.0607961
,,-2.3071597,6.025944,-6.83464,1698249146940,,2.6853635,0.024281893,-0.13179417,,,,,,0.08822802,0.75285256,0.40678045,-0.09989642,0.32525152,0.011996893,0.039962247
52.498533557915636,13.324604563919825,-2.364647,6.011488,-6.9293942,1698249147000,7.111681,3.0256155,-0.31398472,-0.1067487,,,,,,-0.024976866,0.6913413,0.27909905,-0.14070979,0.5596358,0.13683978,0.04489027
,,-2.4511678,4.8468413,-7.1298347,1698249147190,,-0.6750061,0.48456886,0.020158553,,,,,,-0.0032134454,0.4995956,0.5193014,-0.15710688,0.50586295,0.056021843,0.05543801
,,-2.4969304,4.0287952,-7.3768134,1698249147441,,-3.1943672,-0.5018258,-0.1414153,,,,,,-0.08257454,0.3033568,0.6975649,-0.16766508,0.57734305,0.04557611,0.06562979
,,-2.458107,5.126742,-7.0372515,1698249147692,,1.4592043,0.89751375,-0.18295415,,,,,,-0.10512653,0.4104138,0.45619065,-0.15091603,0.56472903,0.10055517,0.053963043
,,-2.4757142,4.5241494,-7.2660646,1698249148193,,-1.593442,0.3559817,0.10567969,,,,,,-0.0087489765,0.35581478,0.48118925,-0.20233648,0.80241287,0.19942708,0.06439879
,,-2.6371696,4.06403,-7.3412,1698249148447,,-2.8658743,-0.5746715,0.11988231,,,,,,-0.12360416,0.27934018,0.6247147,-0.2259492,0.92586166,0.23655635,0.07465698
,,-2.4781663,5.380601,-6.917949,1698249148697,,1.5482379,0.7903069,-0.30940324,,,,,,-0.014996644,0.41626698,0.38331774,-0.21223558,0.9105854,0.29945505,0.061972044
,,-2.4272797,5.8333025,-6.8778706,1698249148948,,3.2513304,-0.70234233,-0.21731532,,,,,,0.07728422,0.63581634,0.2927592,-0.21426639,0.9061131,0.31731138,0.05849062
,,-2.4398017,4.2626543,-7.3164544,1698249149202,,-2.3602307,0.10934488,0.20525073,,,,,,0.09478393,0.29772243,0.54831797,-0.22357185,0.92272645,0.2479762,0.075410314
,,-2.5625138,4.190989,-7.321958,1698249149453,,-2.0340285,-0.7858781,0.111941054,,,,,,-0.026230574,0.2701539,0.61060256,-0.23012428,0.92159134,0.24388213,0.07610635
,,-2.459004,5.582356,-6.9111495,1698249149705,,1.7712038,0.5158757,-0.3397938,,,,,,0.03230444,0.50415826,0.39463797,-0.23704085,0.9011042,0.3118504,0.05854685
,,-2.349712,5.618926,-7.0425363,1698249149957,,3.0166054,-0.6618725,-0.0154243475,,,,,,0.13627264,0.6169726,0.3162114,-0.24722876,0.89899814,0.31238696,0.05697547
52.49838266618147,13.324580520054788,-2.48373,5.515376,-6.987721,1698249150000,6.9050717,2.3706152,-0.57726765,-0.07269296,,,,,,0.14546552,0.56268334,0.4336985,-0.24858189,0.9005747,0.30446437,0.062179472
,,-2.4440491,4.1339607,-7.4386477,1698249150207,,-3.025921,0.21777347,0.33475417,,,,,,0.13312906,0.34514987,0.61417985,-0.25372836,0.91682804,0.24189025,0.07460578
,,-2.5579271,4.4420757,-7.290373,1698249150462,,-1.3098478,-0.45020768,0.21960606,,,,,,0.065631,0.42177916,0.6049226,-0.2528307,0.9124641,0.2532055,0.07540978
,,-2.5028725,5.8331437,-6.8478603,1698249150712,,1.8223637,0.48197266,-0.267559,,,,,,0.13388376,0.6219384,0.3921005,-0.24925831,0.8956291,0.32006195,0.05884014
,,-2.4896324,4.1466227,-7.4297748,1698249151215,,-3.5344663,0.11102476,0.2527455,,,,,,0.10854931,0.28893605,0.6516703,-0.24750878,0.91969395,0.23902698,0.078001976
,,-2.588775,4.6808395,-7.1780505,1698249151467,,-0.61666846,-0.03573562,0.087659165,,,,,,-0.008243501,0.3535994,0.54969114,-0.24289545,0.9122105,0.26402628,0.07324717
,,-2.53707,6.0235925,-6.787142,1698249151718,,1.679574,0.31108314,-0.21746802,,,,,,-0.022294946,0.5692644,0.34948272,-0.24362776,0.8951633,0.32938367,0.054142043
,,-2.4911475,5.4490557,-7.015617,1698249151969,,1.9975294,-0.33444872,-0.07925977,,,,,,0.0034881392,0.3820149,0.3847379,-0.24872385,0.9010277,0.30860958,0.05609177
,,-2.5806189,4.2341595,-7.556873,1698249152220,,-0.19624045,-0.0711658,0.01695151,,,,,,-0.042334653,0.30154127,0.48588318,-0.25270084,0.9176456,0.24354711,0.07303639
,,-2.640659,3.7590249,-7.740463,1698249152470,,-1.2000448,-0.10949759,0.16050485,,,,,,0.020433461,0.25240758,0.36432827,-0.2528352,0.92065966,0.22358818,0.083865605
,,-2.6920447,4.387958,-7.7496142,1698249152722,,-0.7643451,-0.21365012,0.079107046,,,,,,0.020868413,0.51806056,0.2095428,-0.2541159,0.91726047,0.24631481,0.07986321
,,-2.6344976,3.897928,-7.9103727,1698249152974,,-1.1652255,-0.24190263,0.041233405,,,,,,0.12484675,0.24719194,0.27004543,-0.25463235,0.92339975,0.23196374,0.08477848
52.498252456293166,13.32457778193784,-2.6526232,5.122714,-7.1468425,1698249153000,7.298197,-1.1833987,-0.044135015,0.055436023,,,,,,0.010199133,0.15312998,0.28415614,-0.23806562,0.90695393,0.3055539,0.068372674
,,-2.7195425,3.9474792,-7.879545,1698249153224,,-0.37888917,0.024587326,0.14187345,,,,,,0.04767247,0.2843505,0.27451614,-0.25118858,0.92353463,0.2331559,0.08807183
,,-2.748755,4.541717,-7.459565,1698249153475,,1.3741413,0.24862215,-0.18768835,,,,,,0.024091125,0.24072771,0.16711988,-0.24269636,0.91135293,0.27154025,0.082798004
,,-2.6446073,5.273183,-7.285965,1698249153727,,2.3269384,-0.34956762,-0.10140363,,,,,,0.048138276,0.28491035,0.14243619,-0.24116041,0.90580946,0.30744597,0.06962236
,,-2.6924245,5.126782,-7.0933633,1698249154230,,-1.9453003,-0.11178834,0.23747386,,,,,,-0.020732729,0.056546766,0.32851627,-0.23659699,0.9060268,0.30869845,0.068728715
,,-2.7769308,5.504708,-6.9846096,1698249154483,,0.27107146,0.24205536,-0.077579886,,,,,,-0.091289006,0.15849921,0.17795129,-0.23410071,0.89946055,0.32668582,0.06635147
,,-2.742135,5.2276993,-7.155936,1698249154738,,0.15195273,0.25167647,-0.08032878,,,,,,-0.093781106,0.010467704,0.17747799,-0.23736979,0.90389454,0.3166014,0.06442657
,,-2.7102506,4.874878,-7.557271,1698249154990,,0.982424,0.20448714,0.020005837,,,,,,-0.14004561,0.015698735,0.15775862,-0.24524756,0.9127309,0.2924028,0.06283722
,,-2.7999015,4.7865624,-7.56786,1698249155241,,0.028099801,-0.19608775,-0.20662516,,,,,,-0.2512713,0.024499543,0.2149274,-0.25149158,0.9135448,0.285408,0.061227493
,,-2.8555346,5.5207996,-7.5177503,1698249155494,,0.029321533,-0.1432479,0.055741455,,,,,,-0.3248448,0.29287618,0.14987138,-0.2605136,0.90753365,0.31087676,0.052680667
,,-2.928775,5.689634,-7.459225,1698249155745,,-0.03680463,-0.08781188,0.12980886,,,,,,-0.36612824,0.44521907,0.22466175,-0.26654428,0.90629256,0.3120627,0.052006237
,,-3.0012774,5.268976,-7.650592,1698249155995,,0.020616703,0.005192355,0.09437868,,,,,,-0.39715624,0.4954899,0.3958207,-0.27124634,0.915176,0.2832072,0.059858225
52.49811911331539,13.324545729562711,-3.2264028,4.860899,-7.917132,1698249156000,6.7003126,-0.012370021,0.013439035,-0.03634648,,,,,,-0.2329395,0.51241964,0.3542157,-0.25300494,0.92694485,0.2605888,0.0922085
,,-3.1063623,5.016872,-7.8688374,1698249156248,,0.0070249503,0.00290161,0.0870483,,,,,,-0.39194807,0.650729,0.45412067,-0.27180386,0.92281437,0.25962326,0.07066817
,,-3.226482,4.8583274,-7.9020586,1698249156501,,-0.059253927,-0.002443461,0.030695979,,,,,,-0.3676341,0.67001116,0.514545,-0.26817566,0.9263796,0.24974585,0.08223746
,,-3.2626734,4.875994,-7.9101534,1698249156752,,7.6358154E-4,-0.025045475,0.029626964,,,,,,-0.2954527,0.64447296,0.4293522,-0.26145974,0.92638224,0.25461563,0.08988117
,,-3.1478581,4.8154955,-8.006862,1698249157264,,-0.07849618,0.04841107,-0.043982297,,,,,,-0.18692245,0.34780475,0.20863596,-0.24733734,0.9270308,0.26637614,0.0910557
,,-3.058207,4.7655654,-8.056414,1698249157515,,0.06872234,0.0015271631,-0.01160644,,,,,,-0.1267862,0.20922504,0.11668522,-0.24574085,0.92619777,0.27172142,0.088338695
,,-2.961577,4.6947784,-8.096514,1698249157767,,-0.21471913,-0.07467828,0.01572978,,,,,,-0.059366066,0.05826095,0.05399801,-0.24671403,0.9248851,0.276135,0.085782625
,,-2.888735,4.7105107,-8.0633135,1698249158019,,-0.6545421,-0.16310102,0.068264194,,,,,,0.009244617,-0.048435133,0.010235786,-0.24855478,0.9222068,0.28380835,0.08317761
,,-2.8612974,4.9770713,-7.859185,1698249158272,,-1.0977248,-0.21013765,0.21105394,,,,,,0.07454135,-0.107485406,-0.048923112,-0.24938695,0.91468704,0.3041093,0.07987949
,,-2.8232317,5.5696135,-7.375337,1698249158524,,0.1217149,0.021991149,-0.014049901,,,,,,0.12563069,-0.07026563,-0.13126959,-0.24680829,0.89923453,0.34165102,0.07337116
,,-2.7462823,6.0917287,-6.928478,1698249158776,,0.68416905,0.09941832,-0.05024367,,,,,,0.19902627,-0.08009919,-0.18724905,-0.243235,0.8853529,0.37680206,0.06666241
52.49805375515305,13.324527153295493,-2.4138794,4.00405,-7.9359956,1698249159000,6.4309516,-1.8936822,0.031306844,0.2434298,,,,,,0.36542872,-0.3405597,-0.15932249,-0.20498405,0.92250717,0.26730677,0.08851289
,,-2.624089,6.4484386,-6.7052083,1698249159026,,0.8561276,-0.07040222,-0.02367103,,,,,,0.30918446,-0.07995636,-0.2503184,-0.24021907,0.87799937,0.39873058,0.06133858
,,-2.5569305,6.536693,-6.6686773,1698249159277,,1.2020301,-0.15027285,0.120493166,,,,,,0.3603754,-0.065082565,-0.27042684,-0.23519836,0.8778476,0.40304154,0.060510233
,,-2.5735805,6.123851,-6.880801,1698249159529,,0.9850202,-0.07574729,0.1049161,,,,,,0.33915597,-0.059200834,-0.25409392,-0.22607008,0.88519126,0.37950495,0.067914054
,,-2.5344977,5.1419163,-7.2942605,1698249159781,,-0.45433104,0.14889841,0.20861048,,,,,,0.33604214,-0.11967912,-0.23811588,-0.21502432,0.9000101,0.32657772,0.07902482
,,-2.3195221,3.6494935,-8.211629,1698249160284,,-1.6878207,-0.32375857,-0.3849978,,,,,,0.3352569,-0.43884608,-0.10285403,-0.19608818,0.9343218,0.24577992,0.09004881
,,-2.4902303,4.046722,-7.818648,1698249160539,,-0.86590147,-0.6598872,-0.16554448,,,,,,0.15720469,-0.3458486,-0.20394419,-0.18707743,0.9226643,0.2694284,0.09132089
,,-2.6921647,4.7579484,-6.865427,1698249160791,,-0.45478916,-0.6046039,-0.18387043,,,,,,0.07661982,-0.28234774,-0.38086182,-0.17460212,0.8898471,0.32857385,0.09693332
,,-2.7373488,5.5367723,-5.4934826,1698249161044,,0.11056661,-0.2658791,0.13194689,,,,,,0.19097792,-0.5282182,-0.46861255,-0.16110106,0.8492214,0.41194853,0.104361005
,,-3.1134412,7.05135,-4.481717,1698249161295,,2.7951667,-0.21685717,-0.78893244,,,,,,0.05112521,-0.2892877,-0.50342673,-0.14951757,0.818057,0.49515364,0.1141319
,,-3.820081,7.768558,-4.1212177,1698249161548,,0.25534168,-0.50320023,-0.07452556,,,,,,-0.15463944,0.026256362,-0.67603874,-0.14178492,0.80506593,0.52648425,0.14231141
,,-4.1569114,7.218129,-3.7002406,1698249161798,,-1.5676329,0.41340306,0.40958515,,,,,,0.12012623,-0.2919673,-0.40871778,-0.13204223,0.80222,0.519344,0.18124697
52.497983795336076,13.324484030947566,-4.373601,6.243393,-4.0061235,1698249162000,6.1208363,-2.2808182,0.16493362,-0.024281893,,,,,,0.43667883,-0.47581965,0.13950469,-0.12528144,0.8321484,0.4590661,0.2209985
,,-4.4808397,7.1289363,-3.658825,1698249162049,,-2.0415115,-0.087964594,0.6033822,,,,,,0.125591,-0.19727911,-0.26677176,-0.12589066,0.806064,0.50876737,0.206316
,,-4.538507,7.295179,-3.6610188,1698249162301,,0.89812464,-0.72066826,-0.23075435,,,,,,0.11644416,0.033575885,-0.3438256,-0.12471459,0.8032542,0.5107365,0.2123536
,,-4.596612,7.2743015,-3.871508,1698249162554,,2.840218,0.34513888,-0.81092364,,,,,,0.1519462,0.06189731,-0.2907439,-0.12514432,0.8124222,0.49839026,0.21563949
,,-4.89049,6.66118,-4.579086,1698249162805,,-0.57864213,0.22724187,-0.032528576,,,,,,-0.0027600448,0.083130665,-0.47114053,-0.12490748,0.8315202,0.45606175,0.22740911
,,-4.66395,7.952965,-3.8506694,1698249163306,,-0.6592763,0.88422745,-0.17119499,,,,,,-0.1909178,0.63828504,-0.41549367,-0.13299422,0.8102133,0.5064935,0.19731967
,,-4.3029127,7.665487,-3.4694133,1698249163560,,4.9422054,-0.1611157,-0.7664832,,,,,,0.069576405,0.25978398,-0.17855568,-0.1371352,0.80360675,0.51712567,0.18767506
,,-4.3219366,6.113581,-4.159364,1698249163812,,-2.31915,2.0112739,0.15897769,,,,,,0.04417557,-0.15139589,0.37312564,-0.13775365,0.8441479,0.42697987,0.200555
,,-4.138188,6.077729,-5.053662,1698249164063,,-2.0098994,-0.30192015,-0.24572055,,,,,,-0.21622774,0.22578286,0.35459468,-0.12000506,0.75372523,0.32140824,0.17804363
,,-3.3381875,6.5461245,-4.8338213,1698249164313,,2.0796907,-0.7872526,-0.59559363,,,,,,-0.012738105,0.17467305,0.49773923,-0.06424965,0.46144235,0.19095057,0.1369085
,,-3.408895,6.5519667,-5.586663,1698249164565,,1.751656,0.419359,-0.12232576,,,,,,-0.4019666,0.7135594,0.14144717,-0.08724675,0.46865705,0.16303149,0.11182501
,,-2.823012,4.4875793,-6.2432723,1698249164819,,-4.3285913,0.44318274,0.30695978,,,,,,-0.030917458,-0.20047912,0.72401655,-0.10290994,0.49994457,0.08108845,0.10465969
52.49787664915702,13.32444101264356,-2.2673392,4.785944,-7.1744394,1698249165000,5.0554295,0.47036624,-0.20326541,-0.049021937,,,,,,0.16292225,0.29568484,0.52858734,-0.2006883,0.7995464,0.21146256,0.063960664
,,-2.6819751,4.864528,-7.0331826,1698249165079,,1.5792394,-0.10888673,-0.26190847,,,,,,-0.21794774,0.29121807,0.3974345,-0.08292235,0.3972494,0.0019711663,0.08113089
,,-2.2374284,5.742057,-7.0698333,1698249165333,,3.5031595,-0.5647449,-0.16814066,,,,,,0.010975794,0.5344647,0.23230062,-0.10204143,0.38878343,0.036125645,0.05151333
,,-2.4356143,4.7083178,-7.2073617,1698249165584,,-1.125061,0.42485678,0.52442783,,,,,,0.029256796,0.36025867,0.44579467,-0.13733283,0.5111641,0.05483601,0.06708675
,,-2.4864624,3.8996427,-7.537331,1698249165836,,-2.2348504,0.18616119,-0.21700987,,,,,,0.086052105,0.2714798,0.6358413,-0.20851465,0.8120781,0.16610318,0.075597666
,,-2.2341385,6.035317,-6.9224954,1698249166341,,1.5954273,0.24801129,-0.22250767,,,,,,0.17588672,0.6046083,0.22938539,-0.19417161,0.78669083,0.26522386,0.05190052
,,-2.3572295,5.1607203,-7.149453,1698249166590,,2.3727534,-0.61651576,-0.08597928,,,,,,0.13331169,0.36985546,0.42582792,-0.22121476,0.91471905,0.28891593,0.06518117
,,-2.568077,4.123411,-7.4401026,1698249166841,,-2.588236,0.22724187,0.37751472,,,,,,-0.056624137,0.15348227,0.5030965,-0.20968159,0.92676586,0.2440329,0.07735532
,,-2.3350158,5.04395,-7.2525454,1698249167093,,-1.9034561,-0.3631594,-0.23289238,,,,,,-0.08600896,0.22034506,0.34620038,-0.16307972,0.74197406,0.20584264,0.05674549
,,-2.3477578,5.868537,-6.812426,1698249167343,,1.1690434,-0.06429356,-0.36453384,,,,,,-0.117947884,0.3405007,0.21776812,-0.15092,0.6691887,0.21835326,0.04689401
,,-2.30698,5.4333825,-7.090432,1698249167596,,3.1031954,-0.9502009,-0.25503623,,,,,,-0.0138534065,0.32434854,0.3298173,-0.15541455,0.67770696,0.19445331,0.054524537
,,-2.5024536,4.1812186,-7.5171323,1698249167846,,-1.4552337,0.39675698,0.038789943,,,,,,-0.080845214,0.19821255,0.45416602,-0.15778667,0.6918669,0.13399504,0.07423563
52.49773974999357,13.324435070481282,-2.4915662,3.9724646,-7.573702,1698249168000,5.138868,-3.2006285,-0.029626964,-0.026572637,,,,,,0.029746901,0.18261614,0.4478601,-0.21590616,0.92744005,0.23858027,0.08004298
,,-2.4009383,4.2180476,-7.4745,1698249168097,,-2.7127,-0.3831652,-0.1695151,,,,,,-0.046091262,0.14578031,0.49284634,-0.16086367,0.69015783,0.1371427,0.07012468
,,-2.391028,5.666981,-7.093064,1698249168348,,1.287704,0.50747633,-0.2228131,,,,,,-0.07906265,0.44660467,0.2122493,-0.16467771,0.6705091,0.20439358,0.05404212
,,-2.325046,5.765845,-7.081139,1698249168601,,2.8877127,-0.31108314,0.054061573,,,,,,0.16403094,0.6226927,0.23029664,-0.21045151,0.8471317,0.28639767,0.059879597
,,-2.4969702,4.3994436,-7.549036,1698249168853,,-1.2515101,0.5392413,0.16355917,,,,,,0.13735443,0.42192525,0.42591998,-0.2228168,0.92241406,0.25252834,0.08030572
,,-2.4076982,5.4775295,-7.0910897,1698249169354,,1.3148874,0.65270954,-0.3707952,,,,,,-0.05235143,0.4373519,0.27779987,-0.21120484,0.9098798,0.30693242,0.056648176
,,-2.3109484,5.888995,-6.980042,1698249169605,,2.8415923,-0.40851614,-0.026419923,,,,,,0.032915976,0.5816352,0.1905384,-0.21195869,0.9055312,0.3233367,0.05178529
,,-2.3862824,4.5130434,-7.359325,1698249169858,,-1.2702943,0.3475823,0.22876903,,,,,,-0.010485777,0.27880982,0.4657291,-0.21286736,0.92381936,0.2579919,0.06849344
,,-2.4750557,4.066761,-7.4025345,1698249170110,,-2.8689287,-0.39400807,-0.19685133,,,,,,-0.18752885,0.031822912,0.590957,-0.2119672,0.92817044,0.24225526,0.0684924
,,-2.3276582,5.5213776,-6.983791,1698249170361,,1.3828462,0.56306505,-0.22999077,,,,,,-0.15378004,0.3140225,0.34284052,-0.21441276,0.90889245,0.30912688,0.049098585
,,-2.3232315,5.9959745,-6.967939,1698249170615,,3.0170634,-0.73807794,0.018936822,,,,,,-0.049270473,0.5838688,0.28037113,-0.22197165,0.9039222,0.32284698,0.04641251
,,-2.374238,4.4487357,-7.3649683,1698249170867,,-1.9758437,0.24404067,0.34880406,,,,,,0.01310606,0.27420053,0.56954485,-0.22607686,0.92204785,0.25378186,0.06729457
52.497599247368356,13.324416801372275,-2.4786453,4.272265,-7.378428,1698249171000,5.6816235,-2.2785273,-0.4474588,0.16661349,,,,,,-0.010734328,0.21870525,0.59118885,-0.24817988,0.9167257,0.2486585,0.06614982
,,-2.5097718,4.1958942,-7.366603,1698249171117,,-2.6196957,-0.39706242,0.005497787,,,,,,-0.0959567,0.13894822,0.68463993,-0.22729667,0.9238302,0.24477074,0.06989439
,,-2.3952954,5.56748,-6.9443297,1698249171367,,1.5234979,0.4456262,-0.32330042,,,,,,0.006702693,0.38548273,0.43251145,-0.23033462,0.9039008,0.31116536,0.05103024
,,-2.3610382,5.9166317,-7.03119,1698249171617,,2.9173398,-0.61300325,-0.021991149,,,,,,0.0804853,0.6491407,0.29242307,-0.23980318,0.90005463,0.31826383,0.047737584
,,-2.4084554,4.370929,-7.4382296,1698249171867,,-2.342821,0.18203785,0.4016439,,,,,,0.086174555,0.3312288,0.56207144,-0.24645884,0.91767335,0.24909224,0.06577981
,,-2.3969102,5.711408,-6.993861,1698249172371,,1.6374242,0.079870634,-0.33536503,,,,,,0.023072617,0.4698015,0.3187423,-0.25143802,0.897509,0.3160794,0.046806574
,,-2.3579671,5.747281,-7.1329255,1698249172626,,2.9518535,-0.75701475,-0.02031127,,,,,,0.0734319,0.6061426,0.2342395,-0.25605643,0.89789635,0.3123308,0.047852475
,,-2.4571495,4.273761,-7.4984493,1698249172878,,-2.5816693,0.28710666,0.43967026,,,,,,0.017795166,0.3624597,0.5246104,-0.2564395,0.91719013,0.24320334,0.06810777
,,-2.5382068,4.3190246,-7.3290763,1698249173129,,-2.0331123,-0.21242839,0.13133603,,,,,,-0.08017545,0.23307262,0.5893595,-0.2493111,0.91596335,0.25132236,0.06881134
,,-2.4936204,5.747899,-6.901618,1698249173380,,1.6879734,0.2733622,-0.31505376,,,,,,-0.08629639,0.43485513,0.35081926,-0.244796,0.8978119,0.32033443,0.049286816
,,-2.4368303,5.696892,-7.076114,1698249173630,,2.9365819,-0.68645984,-0.10598512,,,,,,-0.05821949,0.51844525,0.28284562,-0.24772921,0.8993117,0.31485975,0.0481271
,,-2.471387,4.200221,-7.4569125,1698249173882,,-2.4507914,0.16905695,0.20723604,,,,,,-0.07742127,0.21563022,0.5293773,-0.25033617,0.9171636,0.24834156,0.06662721
52.497450814931995,13.324403534205956,-2.6837106,3.8616369,-7.4900737,1698249174000,6.2159085,-2.1206186,0.0936151,0.21212296,,,,,,-0.0021718543,0.109449975,0.46362412,-0.25773534,0.91585726,0.24197559,0.080131516
,,-2.575734,4.29741,-7.291928,1698249174133,,-2.311056,-0.49296826,0.2593123,,,,,,-0.14591561,0.15568998,0.5828036,-0.24885717,0.9143564,0.25747892,0.066600636
,,-2.5182462,5.7315683,-6.885865,1698249174384,,1.2127203,0.50686544,-0.23762658,,,,,,-0.08889291,0.39856967,0.2821603,-0.24857013,0.8943485,0.32773212,0.049172666
,,-2.508097,5.7622156,-6.947919,1698249174637,,2.083356,0.09193522,-0.061850104,,,,,,-0.0038913726,0.44700816,0.21803533,-0.25482637,0.89303243,0.32866907,0.04947393
,,-2.5967112,4.5789056,-7.387541,1698249174889,,0.24801129,0.13622294,0.0032070426,,,,,,-0.0036627927,0.30057687,0.39582235,-0.25999483,0.91010207,0.2697965,0.066685304
,,-2.7315469,4.8914275,-7.4603033,1698249175392,,-0.46914452,-0.22815818,-0.016493361,,,,,,-0.03727497,0.34461024,0.21758026,-0.25678068,0.90855235,0.28265575,0.06982436
,,-2.7804995,5.0440097,-7.318209,1698249175644,,-1.086882,-0.12690726,-0.02107485,,,,,,-0.040070884,0.25002238,0.19100037,-0.25543627,0.90394086,0.29769143,0.06793085
,,-2.7727628,5.041578,-7.3011804,1698249175895,,1.5541939,0.33368513,-0.07620544,,,,,,-0.0060573895,0.2360281,0.21961461,-0.2569545,0.9035551,0.29758218,0.06901656
,,-2.7599413,5.123093,-7.306265,1698249176151,,2.058005,-0.269697,0.14538592,,,,,,0.046773754,0.28531304,0.096667595,-0.2553958,0.9035112,0.29888514,0.06999607
,,-2.7209787,5.076852,-7.32473,1698249176403,,-0.45952338,0.42287147,0.19807306,,,,,,0.05096538,0.23145585,0.14440595,-0.25114343,0.904594,0.2978287,0.07002064
,,-2.7195425,5.346523,-7.2022567,1698249176655,,-3.5326338,0.13164146,-0.008552114,,,,,,0.0051988047,0.184128,0.21259724,-0.24565308,0.9039042,0.31081817,0.063783415
,,-2.6508088,5.8539615,-6.8221955,1698249176907,,0.97005403,0.505491,0.025198191,,,,,,0.0269116,0.27661997,0.16350731,-0.24129729,0.89322037,0.33808845,0.055475328
52.49730832843113,13.324397244635101,-2.4728026,5.8480587,-6.8732834,1698249177000,6.5915804,1.578934,0.4529566,-0.41584653,,,,,,-0.025320996,0.19944414,-0.021925656,-0.23280379,0.8914039,0.34407574,0.048626076
,,-2.453241,5.9044895,-6.9160147,1698249177157,,2.0566306,0.11133019,-0.22678372,,,,,,0.176749,0.30217746,0.057914574,-0.23929112,0.89293283,0.33954623,0.05351806
,,-2.5540788,4.9778686,-7.4208603,1698249177410,,1.5688547,0.020463986,-0.058337633,,,,,,0.066240534,0.21276022,0.15767793,-0.2377349,0.91099775,0.28834936,0.064933866
,,-2.5691535,3.8532221,-7.5584683,1698249177662,,-3.1447344,0.27183503,0.28420505,,,,,,-0.003658112,-0.14265664,0.44517964,-0.23222032,0.9214048,0.2472023,0.07615896
,,-2.4985657,4.9505105,-7.225327,1698249177914,,-1.2174544,-0.14477506,0.12873985,,,,,,-0.016479798,0.049341425,0.23399344,-0.23108344,0.9085333,0.29556888,0.06081983
,,-2.4574687,5.1533422,-7.182176,1698249178423,,2.6839893,-0.74097955,-0.05421429,,,,,,0.008514727,0.09995653,0.18647589,-0.23975395,0.9036747,0.30854955,0.05466478
,,-2.6046672,3.936373,-7.4566526,1698249178674,,-2.2099578,0.17027868,0.30192015,,,,,,-0.10522866,-0.05895455,0.3360594,-0.24220347,0.9171947,0.25126615,0.071273655
,,-2.4942985,4.354578,-7.2599244,1698249178926,,-2.3499987,-0.65026605,0.06429356,,,,,,-0.046015732,-0.0903086,0.3511356,-0.24480826,0.9111516,0.2725844,0.063197285
,,-2.4662423,5.796015,-6.8233733,1698249179179,,1.3903292,0.25503623,-0.27198774,,,,,,-0.008720175,0.25270683,0.08765211,-0.24799721,0.8900247,0.3381353,0.046955407
,,-2.4995828,5.4811597,-7.0146995,1698249179432,,2.3881776,0.03894266,-0.34147367,,,,,,0.07503685,0.233738,0.11822093,-0.25556812,0.8931948,0.32526758,0.053675868
,,-2.6794827,4.1993437,-7.41414,1698249179683,,-0.75502944,0.37950003,0.33276883,,,,,,0.12779143,0.1388313,0.35533032,-0.26337746,0.9091638,0.2609053,0.07851923
,,-2.77358,3.919224,-7.4576097,1698249179934,,-2.9709432,-0.5439755,0.62858033,,,,,,0.13645257,-5.4397184E-4,0.38005608,-0.2616165,0.91110235,0.25128028,0.087895684
52.49715383180772,13.324419718715184,-3.0293138,4.6543584,-7.458826,1698249180000,6.1827536,-0.49235737,-0.14950927,0.28970283,,,,,,-0.13737011,0.13164096,0.25125924,-0.26828519,0.90370965,0.28497782,0.08068523
,,-2.8203402,5.3646483,-6.9703717,1698249180185,,0.95325524,0.19608775,-0.24266621,,,,,,0.06030615,0.26208815,0.20706919,-0.25593048,0.89320177,0.3188493,0.07218337
,,-2.8340793,5.6238313,-6.956454,1698249180436,,1.8794796,0.6748534,-0.40698898,,,,,,0.06535084,0.30568746,0.053303592,-0.25481066,0.88805896,0.33487245,0.06974474
,,-2.9763324,4.5052466,-7.433882,1698249180689,,0.6881397,0.09758572,-0.2003638,,,,,,-0.081654586,0.11175827,0.24564412,-0.2618018,0.90500337,0.28017446,0.08227087
,,-3.0547175,3.75053,-7.561977,1698249180940,,-2.4040601,-0.1518,0.1873829,,,,,,-0.11885154,-0.027859036,0.38311416,-0.2655117,0.9113858,0.24690025,0.092956714
,,-3.0457044,5.2249675,-7.212605,1698249181446,,-0.48930305,-0.099571034,0.0870483,,,,,,-0.13920881,0.20592536,0.15289387,-0.2709346,0.8939733,0.316375,0.07390841
,,-3.0293927,5.10734,-7.253802,1698249181696,,-0.38683042,0.064751714,-0.06688975,,,,,,-0.036105234,0.14534916,0.22533976,-0.27848965,0.89446986,0.31164598,0.07554361
,,-3.098705,5.253342,-6.915238,1698249181947,,-0.1591304,0.10186178,-0.02611449,,,,,,-0.03666455,0.12983808,0.31496003,-0.2817283,0.8867888,0.32525024,0.07429495
,,-3.0578678,6.239225,-6.306503,1698249182198,,0.03268129,-0.044745877,-0.031154128,,,,,,0.10862676,0.17606334,0.2631851,-0.27978542,0.86829877,0.37994424,0.06237979
,,-3.0313277,7.382815,-5.7377086,1698249182448,,-0.056505036,0.046578474,0.057421334,,,,,,0.14909054,0.28945005,0.15565918,-0.27618867,0.8497064,0.440317,0.046815
,,-2.939782,7.7722473,-5.248118,1698249182698,,0.087201014,-0.15317446,-0.03191771,,,,,,0.21474682,0.26805067,0.18363269,-0.27120078,0.838537,0.46881968,0.039270364
,,-2.8604198,8.037971,-4.971488,1698249182949,,0.11255192,-0.20754147,-0.007330383,,,,,,0.31159583,0.3105075,0.20926292,-0.26827615,0.83165056,0.48420173,0.037243124
52.49702916418189,13.324365640388676,-2.8316066,8.295995,-4.769414,1698249183000,5.3789268,1.5997033,-0.107665,-0.021227567,,,,,,0.8645111,0.811527,0.4551998,-0.17562951,0.8530343,0.466068,0.12402961
,,-2.849513,8.085448,-4.8178287,1698249183199,,0.13698652,-0.2237294,-0.0035124752,,,,,,0.4031708,0.34973946,0.25767297,-0.26471153,0.8297293,0.48900038,0.042234216
,,-2.8196027,8.169476,-4.7925444,1698249183449,,0.2771801,-0.50411654,0.081855945,,,,,,0.5807072,0.48457173,0.29943955,-0.2571345,0.83225214,0.48660704,0.055099104
,,-2.8190444,8.193743,-4.7711887,1698249183700,,0.22464569,-0.3921755,0.43783766,,,,,,0.7281883,0.6394924,0.3567336,-0.24047925,0.83805007,0.4805725,0.075737014
,,-2.8272796,8.293543,-4.780162,1698249183951,,-0.11438452,-0.56001073,0.172264,,,,,,0.8323695,0.81136745,0.40224317,-0.2122954,0.84589875,0.47281867,0.098962106
,,-2.7562127,8.100621,-5.188098,1698249184454,,2.0028744,0.093767814,0.24556783,,,,,,0.938245,0.97458106,0.39782995,-0.13085493,0.8694363,0.43538043,0.14682923
,,-2.8043683,7.2518682,-5.851768,1698249184704,,1.4923438,-0.047800206,0.54718256,,,,,,0.88173157,1.1703298,0.32159328,-0.07268618,0.891431,0.3643159,0.16543247
,,-2.7618356,5.929495,-6.490133,1698249184956,,-2.6473372,0.18692477,1.0343475,,,,,,0.9123384,1.0047508,0.32819715,-0.0029050529,0.91022384,0.28140005,0.18021606
,,-2.6261027,5.7421966,-6.974161,1698249185206,,-1.4156802,-1.9943223,0.3098614,,,,,,0.9952183,1.1016663,0.16186534,0.064727314,0.91743714,0.2442518,0.20020081
,,-2.769951,6.06429,-6.593284,1698249185458,,0.6623306,-1.2342533,0.04337143,,,,,,0.9863908,1.3209224,0.076846264,0.12370805,0.8986493,0.23530906,0.24699706
,,-2.8069801,5.8366137,-6.083154,1698249185708,,2.6885707,-0.6580546,-0.2264783,,,,,,1.2260026,1.0467775,0.14788164,0.1883106,0.8737927,0.21233818,0.30065206
,,-3.6291544,5.9569526,-6.0538616,1698249185964,,1.5920676,-0.7237226,0.18417588,,,,,,0.8262132,1.3258729,-0.029380132,0.26938522,0.8429098,0.16842005,0.3401627
52.496968453356956,13.324159614099509,-5.002275,6.624849,-4.3134017,1698249186000,5.529055,-1.9138408,1.1795808,0.82527894,,,,,,-0.24007577,0.5958124,0.5288163,0.5660387,0.65363103,0.09682034,0.45259044
,,-3.757051,5.802935,-5.2907505,1698249186216,,-1.7683022,0.46013424,0.79213953,,,,,,1.0996059,0.73346597,0.39847946,0.34813923,0.799862,0.1520402,0.37388578
,,-4.2421556,7.456874,-4.531448,1698249186466,,-2.344959,-0.5326745,1.2605205,,,,,,0.7432741,1.184328,0.4277445,0.4067165,0.7494198,0.18387923,0.42235538
,,-4.3100915,7.7515287,-3.4812577,1698249186716,,3.37106,-0.40240747,-0.54611355,,,,,,0.5618482,0.9264304,0.4380423,0.4505245,0.6899678,0.19780177,0.47770938
,,-4.569115,7.3845296,-3.6583464,1698249186966,,3.2232304,-0.57360244,-0.39354995,,,,,,0.25276914,0.6405841,0.43815988,0.5081314,0.66738147,0.15842894,0.48135123
,,-4.4051065,6.363354,-3.7477984,1698249187466,,-2.510656,0.32620203,0.056505036,,,,,,0.0018776178,-0.10193683,1.1328949,0.5907661,0.63226485,0.11202725,0.45103213
,,-4.4294343,8.033006,-3.2735808,1698249187717,,1.8799378,-0.20769419,-0.48899764,,,,,,-0.63841444,0.7064539,0.6473655,0.58194107,0.6036126,0.17583056,0.47931102
,,-4.124907,7.416395,-3.5193038,1698249187968,,4.7928486,-0.9263771,-0.41218132,,,,,,-0.69890964,0.17540564,0.28999385,0.5860083,0.60269666,0.18189992,0.47154346
,,-4.3681574,5.8769126,-4.4416766,1698249188221,,-3.0059152,1.3110695,0.20754147,,,,,,-0.83157897,-0.05552859,0.6868975,0.6107338,0.63456386,0.11452656,0.40368575
,,-3.7879977,5.601419,-4.958367,1698249188472,,-2.0344868,-0.14553864,-0.2826779,,,,,,-0.874479,-0.22294934,0.70130634,0.6067411,0.65207636,0.12780698,0.3689066
,,-3.1135812,6.7644696,-4.9522657,1698249188723,,1.8350391,-0.9326385,-0.55939984,,,,,,-0.80389583,0.20838578,0.39027786,0.5766931,0.6654183,0.19185701,0.36862072
,,-2.9455447,6.493044,-5.698227,1698249188973,,2.9109256,-0.7658723,0.13087788,,,,,,-0.8584,0.54206467,0.07484743,0.5621452,0.6941857,0.18450937,0.33388847
52.49705209431567,13.32385142368195,-2.4423146,3.9777682,-7.522755,1698249189000,6.2535057,-4.8020115,0.8381071,-0.01786781,,,,,,-0.5188545,0.11880469,0.7294752,0.5896445,0.75033265,0.103972346,0.21678792
,,-2.6680968,4.4298725,-6.8205614,1698249189224,,-3.6932912,0.65041876,0.7771733,,,,,,-0.52578634,-0.09146862,0.35530454,0.57763225,0.7325931,0.11695004,0.2611711
,,-2.3439894,4.746862,-6.8746004,1698249189476,,-1.0030408,-0.5360342,0.14263703,,,,,,-0.37609133,0.24482556,0.7448418,0.57809156,0.7424949,0.124840386,0.2383727
,,-1.9515064,6.1677794,-6.7787266,1698249189726,,1.8793269,0.20922135,-0.35201108,,,,,,-0.33598784,0.6078385,0.38307732,0.5650885,0.7357438,0.18527208,0.26388568
,,-2.2484958,5.560342,-7.029773,1698249189977,,1.7107282,-0.07391469,-0.10522154,,,,,,-0.37758604,0.6618227,0.4820417,0.57140636,0.742016,0.15542915,0.24961948
,,-2.3359935,4.8916473,-6.9937415,1698249190477,,1.227381,-0.10522154,-0.1067487,,,,,,-0.58070606,0.24743876,0.67650694,0.5845474,0.73655266,0.14232527,0.23802783
,,-2.1978076,6.147062,-6.8372707,1698249190728,,3.3228016,-0.23716843,-0.31474832,,,,,,-0.6142995,0.5008294,0.38727522,0.57150143,0.7321809,0.19549398,0.2657174
,,-2.3956742,4.872306,-7.1163735,1698249190979,,-0.8313876,0.7623598,-0.040775254,,,,,,-0.55646855,0.2130777,0.46328324,0.57313293,0.7461991,0.15106562,0.23992938
,,-2.6143582,4.1109095,-7.365328,1698249191229,,-3.371518,0.08964448,-0.25579983,,,,,,-0.740039,0.091966584,0.6350047,0.574906,0.75999004,0.12137946,0.21542178
,,-2.2996423,5.1057844,-6.9051075,1698249191479,,1.4178182,1.5706873,-0.16157386,,,,,,-0.37348333,0.20727228,0.48036855,0.55795795,0.7513115,0.16539972,0.24566106
,,-2.2073188,6.2156353,-6.870133,1698249191730,,3.200934,-0.8206975,-0.008399397,,,,,,-0.1783487,0.74381363,0.29840937,0.5453338,0.7529345,0.19106945,0.26375926
,,-2.391028,4.556393,-7.3126245,1698249191981,,-2.7904325,0.44715336,0.22617286,,,,,,-0.09658078,0.4573743,0.60549814,0.55638725,0.7667352,0.12876956,0.22942443
52.497139727384486,13.323586197638422,-2.3240693,4.7957354,-7.105647,1698249192000,6.033447,1.5322027,-0.27000242,-0.10293079,,,,,,-0.045803003,0.56746864,0.7105047,0.5608169,0.7587059,0.12315335,0.24190816
,,-2.484986,4.3762736,-7.350133,1698249192232,,-1.5128077,-0.798859,0.073303826,,,,,,-0.18844461,0.37676775,0.68409,0.5570677,0.76864165,0.120534815,0.22696632
,,-2.2776082,5.715935,-7.0470223,1698249192482,,2.157576,-0.4746423,-0.090713486,,,,,,-0.14459278,0.6819099,0.50052816,0.545121,0.75852674,0.17021686,0.25937983
,,-2.2438893,5.649933,-7.19446,1698249192733,,1.9715676,-0.5635232,0.4071417,,,,,,0.06285865,0.70942754,0.4244896,0.5446657,0.76045215,0.16065797,0.25834632
,,-2.3978276,4.3276386,-7.493264,1698249192983,,-4.1007385,0.47342056,0.21594086,,,,,,-0.08049831,0.46847376,0.76629394,0.561765,0.7702128,0.104878105,0.22425146
,,-2.0514667,5.9553967,-7.003213,1698249193484,,3.1138856,-0.45707992,0.13561209,,,,,,0.051725738,0.6451637,0.34991154,0.55372924,0.75091624,0.16920216,0.26932254
,,-2.1831317,5.061897,-7.07787,1698249193735,,-1.4236214,0.38866302,0.16340645,,,,,,0.07914443,0.512539,0.60835165,0.5653069,0.7535644,0.12924166,0.24742231
,,-2.3765113,4.2449474,-7.2865043,1698249193990,,-2.9568932,-0.4382958,0.02031127,,,,,,-0.021426491,0.16599068,0.8216354,0.57386225,0.7601982,0.1022841,0.22802338
,,-2.3660629,5.2335024,-6.87763,1698249194243,,1.7615826,0.8924741,-0.2125811,,,,,,-0.1109972,0.33392844,0.6101119,0.56011033,0.7498804,0.14715692,0.2571333
,,-2.207698,5.854978,-7.0086575,1698249194494,,2.9385672,-0.89552844,-0.05421429,,,,,,0.013576567,0.545511,0.40258795,0.5482894,0.75371546,0.17105621,0.2690493
,,-2.4210181,4.3605,-7.2933035,1698249194744,,-3.8012617,0.7189884,0.1966986,,,,,,-0.09719267,0.10158736,0.73495954,0.556018,0.7683737,0.11653411,0.2337229
,,-2.594757,4.671927,-7.2453074,1698249194997,,0.09056077,-0.32788193,0.047800206,,,,,,-0.25818303,0.34814847,0.6650167,0.54954815,0.7690721,0.12384883,0.23631904
52.49721256549781,13.323357807779216,-2.2352355,5.9258657,-7.070412,1698249195000,6.3457546,3.1554244,-0.8176431,-0.036651913,,,,,,-0.030393997,0.7039586,0.2743363,0.5402397,0.7617549,0.17157124,0.26552856
,,-2.3557541,5.870771,-7.084689,1698249195248,,2.421928,0.49235737,0.08109236,,,,,,-0.096858054,0.5768307,0.28772262,0.5331693,0.7660802,0.1724081,0.26395103
,,-2.3509881,5.3024955,-7.2375317,1698249195502,,-0.64599,0.46135598,0.18280143,,,,,,-0.12426422,0.55794305,0.26878345,0.5359262,0.7695581,0.15076084,0.25184813
,,-2.345206,4.2651668,-7.372905,1698249195754,,-3.8733437,0.06811147,-0.19868392,,,,,,-0.11694495,0.30602658,0.7113247,0.5511459,0.77806383,0.10958927,0.22336188
,,-2.447459,4.9996243,-7.1008606,1698249196005,,1.7281377,0.853226,-0.172264,,,,,,-0.20418352,0.45248488,0.42918995,0.54575473,0.7654937,0.1373401,0.24724746
,,-2.4052653,4.395934,-7.2468243,1698249196510,,-2.8058567,0.5195409,0.26267207,,,,,,-7.084489E-4,0.2657791,0.5770298,0.55526835,0.7677795,0.11876286,0.23553243
,,-2.5412972,4.2245483,-7.283395,1698249196762,,-1.619862,-0.47067168,0.1966986,,,,,,-0.12354074,0.2762483,0.6951376,0.56039995,0.7673892,0.111623555,0.22993998
,,-2.3603601,5.5216775,-7.006464,1698249197013,,2.1453588,0.4447099,-0.24678956,,,,,,-0.032416295,0.45826608,0.45182064,0.54845136,0.75685805,0.16338326,0.2605645
,,-2.3671997,5.6054068,-7.244471,1698249197265,,1.7744108,-0.24572055,0.003970624,,,,,,-0.08858406,0.5684062,0.2699443,0.544489,0.76082337,0.16383073,0.25751486
,,-2.3901312,4.153541,-7.3556566,1698249197517,,-4.018577,0.27290404,0.16294831,,,,,,-0.06339051,0.05332915,0.75785714,0.5555032,0.7743698,0.115777,0.22118579
,,-2.4872396,4.753522,-7.117889,1698249197769,,1.572978,-0.23854288,-0.09056077,,,,,,-0.20547564,0.2561187,0.6120861,0.546465,0.7681726,0.13966058,0.23552002
52.49728705813278,13.323135432220164,-2.318645,4.456214,-7.371509,1698249198000,6.3899574,-3.0955596,0.42378777,0.27290404,,,,,,-0.01591425,0.2759757,0.49595535,0.52377665,0.79031944,0.1280352,0.22964199
,,-2.1767707,6.028018,-6.995278,1698249198020,,2.9652927,-0.14095716,0.047800206,,,,,,-0.102501124,0.5209961,0.35666886,0.5288809,0.76728076,0.18852094,0.26126054
,,-2.2871997,4.9952564,-7.1410804,1698249198272,,-1.2583824,0.31673363,0.25686884,,,,,,-0.108239986,0.33854273,0.5162567,0.5305897,0.7776832,0.14892676,0.23980217
,,-2.4445274,4.286981,-7.2884583,1698249198526,,-3.180928,-0.16355917,-0.02855795,,,,,,-0.15740916,0.2595376,0.77336615,0.53621167,0.7881587,0.11808599,0.21919854
,,-2.3394628,5.1719866,-6.866305,1698249198778,,1.4097242,0.70524395,-0.20097467,,,,,,-0.049005095,0.3366746,0.5292619,0.52280325,0.7774239,0.16074651,0.24853383
,,-2.213022,6.035854,-7.0350986,1698249199028,,3.034015,-0.7834347,-0.045662176,,,,,,-0.021949785,0.72801274,0.26586565,0.5125341,0.7777338,0.1874521,0.26335648
,,-2.4421546,4.460042,-7.3235726,1698249199529,,-1.5441146,-0.70188415,0.14385876,,,,,,-0.12985034,0.29767314,0.5675575,0.52502054,0.79070294,0.123950645,0.22727297
,,-2.2398818,5.6889358,-7.0130844,1698249199780,,2.0091357,0.45372015,-0.3352123,,,,,,-0.008622953,0.36427504,0.3358659,0.51079977,0.78028226,0.17918207,0.25975662
,,-2.2126033,5.6944985,-7.130393,1698249200031,,2.4075727,-0.5674938,-0.118966006,,,,,,0.06899779,0.5248494,0.19198972,0.5078826,0.7839664,0.17413099,0.2577757
,,-2.2448664,4.165146,-7.4168735,1698249200282,,-3.9408443,0.6365216,0.25152376,,,,,,0.14983705,0.13421027,0.60809267,0.52222663,0.7957254,0.116095826,0.22476639
,,-2.2797818,4.6196227,-7.100024,1698249200536,,0.077121735,-0.30848694,0.1160644,,,,,,0.09256587,0.20982537,0.5075071,0.51942706,0.7870981,0.13422142,0.2393451
,,-2.0947967,5.9726844,-7.0197635,1698249200790,,2.701246,0.19822577,-0.028405234,,,,,,0.2072036,0.58954024,0.19150962,0.5093062,0.77841973,0.18593107,0.2686952
52.49734128372128,13.322926475615352,-2.4876583,4.27422,-7.4542203,1698249201000,6.686306,-2.8614454,-0.3539964,-0.090713486,,,,,,-0.66833776,-0.16121544,0.5626522,0.52247185,0.7921394,0.15302187,0.20970456
,,-2.2004995,5.095995,-7.1817575,1698249201043,,0.39400807,0.44135013,0.14813483,,,,,,0.13313319,0.42789668,0.34864932,0.5185701,0.7824581,0.15310979,0.25162265
,,-2.276571,4.16379,-7.5190063,1698249201295,,-3.7056613,0.44119743,-0.20754147,,,,,,0.011809444,0.27546108,0.5382919,0.53576297,0.78850764,0.11398496,0.22369766
,,-2.2802203,4.947181,-7.139824,1698249201550,,1.5667167,0.34529158,-0.20937407,,,,,,-0.14849022,0.2281674,0.39365032,0.5309626,0.7720135,0.15795718,0.24706653
,,-2.1695123,6.157491,-7.076812,1698249201805,,2.9455922,-0.63499445,-0.09514226,,,,,,-0.2798558,0.53896403,0.057479367,0.520098,0.76721483,0.20744881,0.26396817
,,-2.3287947,4.827759,-7.4354367,1698249202054,,-1.6282613,0.44501534,0.04550946,,,,,,-0.42039064,0.13620123,0.323577,0.5252791,0.7821598,0.16336185,0.22992782
,,-2.3017356,5.3947377,-7.0255265,1698249202558,,1.3035865,0.63041294,-0.30604348,,,,,,-0.6611294,-0.122789875,0.30562267,0.49802864,0.78476757,0.21611561,0.23146452
,,-2.2432513,6.003631,-7.096853,1698249202809,,2.9784262,-0.71776664,-0.34269542,,,,,,-0.7288379,0.12761438,0.08783938,0.47171932,0.79561216,0.24262843,0.23416066
,,-2.3308883,4.474698,-7.534879,1698249203060,,-2.934902,0.6032294,-0.08231409,,,,,,-0.8332175,-0.20288081,0.37488765,0.4598046,0.8256932,0.18707494,0.19569252
,,-2.4269004,4.4947176,-7.5593257,1698249203311,,-1.5037975,-0.026725354,-0.18371773,,,,,,-0.994158,-0.19886406,0.35207528,0.43638924,0.83785284,0.1936288,0.18422133
,,-2.2730622,5.765526,-7.1934023,1698249203562,,1.907274,0.63621616,-0.30298916,,,,,,-0.95703024,0.089205995,0.070913285,0.4007224,0.8360496,0.25799328,0.2015762
,,-2.2012372,5.61735,-7.248,1698249203814,,2.045635,-0.5193882,-0.28252518,,,,,,-0.88918453,0.1452853,0.103159666,0.371978,0.8525459,0.25203457,0.19346929
52.497345397077396,13.322743431797042,-2.3706093,5.2492547,-7.2922673,1698249204000,6.522732,1.2910637,1.5076154,-0.3755294,,,,,,-1.0506408,0.26855892,0.2914473,0.1932777,0.9172818,0.25881523,0.119402744
,,-2.3362525,4.2025347,-7.748299,1698249204064,,-4.039346,0.70539665,-0.15806139,,,,,,-0.9227844,-0.13452381,0.36621237,0.35346457,0.8826203,0.1963782,0.1616527
,,-2.3746974,4.6759143,-7.3404417,1698249204317,,0.7136433,0.2415972,-0.02855795,,,,,,-0.9997607,-0.04216582,0.45107567,0.32315522,0.88422734,0.22540285,0.15751915
,,-2.1360729,5.9378896,-7.0684376,1698249204567,,2.897792,0.676686,-0.61743206,,,,,,-0.8967095,0.2077171,0.18887793,0.2845356,0.8828964,0.28659144,0.16298066
,,-2.2820947,5.107261,-7.297809,1698249204818,,-0.47036624,0.5180137,-0.19043724,,,,,,-0.85431904,0.1966764,0.33951658,0.2557703,0.9024239,0.24805063,0.14962356
,,-2.408615,4.241856,-7.553224,1698249205068,,-3.4822373,0.50762904,-0.40607268,,,,,,-0.9589284,-0.020890793,0.63426894,0.22968647,0.92444295,0.20900606,0.12657931
,,-2.1845477,6.227521,-7.121179,1698249205570,,3.0767756,-0.84329945,-0.19425514,,,,,,-1.0296375,0.609954,0.2363724,0.1515402,0.9179409,0.29887885,0.11254123
,,-2.2962923,4.760999,-7.446643,1698249205821,,-2.149024,0.3323107,-0.10476339,,,,,,-1.0711309,0.24440591,0.50842226,0.11857702,0.93971574,0.23865505,0.09974292
,,-2.4135206,4.468117,-7.5445704,1698249206072,,-2.3913846,-0.35811976,-0.37491855,,,,,,-1.1684661,0.22082932,0.6606811,0.08413831,0.949272,0.2234936,0.08327921
,,-2.2176282,5.586762,-7.10124,1698249206322,,1.8023579,-0.06566802,-0.4981606,,,,,,-1.1098257,0.319679,0.49519947,0.043935224,0.93536556,0.28586873,0.07235626
,,-2.129991,5.8520064,-7.219285,1698249206573,,2.615725,-0.75334954,-0.46700647,,,,,,-0.94018775,0.5390169,0.31904146,7.1238354E-4,0.935655,0.29354823,0.06762586
,,-2.2372694,4.2803407,-7.5010405,1698249206829,,-3.6709948,0.8507826,0.12599096,,,,,,-0.8510915,0.19832374,0.72763187,-0.036460813,0.9532391,0.22660452,0.06771568
52.497253109020114,13.322600443076633,-2.0233312,6.0030737,-7.040662,1698249207000,6.397718,3.4411566,-1.3655893,0.020616703,,,,,,0.008000437,1.0469506,0.6183949,-0.10197973,0.3863672,0.034303598,0.04530068
,,-2.316731,4.7399626,-7.379785,1698249207080,,0.08979719,-0.3061962,-0.14996742,,,,,,-0.83776337,0.4019008,0.59599495,-0.027866535,0.7094965,0.12735882,0.05848507
,,-2.0942783,5.9312296,-7.1513095,1698249207333,,2.6418395,0.52595496,-0.4445572,,,,,,-0.5819351,0.6680388,0.268769,-0.041010268,0.5748543,0.12984984,0.045296498
,,-2.1575086,5.318187,-7.340602,1698249207588,,-0.085673854,0.515723,-0.16233744,,,,,,-0.3969645,0.7368383,0.4257058,-0.075279064,0.57693857,0.097131096,0.056492213
,,-2.2710679,4.2475195,-7.6208615,1698249207839,,-3.6480873,0.25045475,-0.24969117,,,,,,-0.3309209,0.52840596,0.7071958,-0.10389235,0.5875083,0.04609971,0.06377102
,,-2.2548964,5.0887165,-7.202716,1698249208092,,1.6430748,0.9639453,-0.32910365,,,,,,-0.285853,0.7727856,0.6620668,-0.0779809,0.3978979,-0.0033599178,0.054532003
,,-2.2135403,4.5097938,-7.321141,1698249208595,,-2.7105618,0.7629707,0.2854268,,,,,,0.15318942,0.7392655,0.80347025,-0.15965213,0.6319514,0.089805394,0.06961425
,,-2.3285155,4.3098125,-7.3361354,1698249208853,,-1.5969545,-0.2854268,-0.0917825,,,,,,0.076917514,0.7414167,0.98470396,-0.16013408,0.63709646,0.0740719,0.074066386
,,-2.0817957,5.4028745,-6.9574513,1698249209107,,1.5720617,-0.19776763,-0.13225232,,,,,,0.28272092,0.8884791,0.6910355,-0.11568506,0.4503052,0.039688848,0.056297325
,,-2.1423743,5.6037316,-7.0761547,1698249209362,,1.2760975,0.18707748,0.049021937,,,,,,0.3335737,1.140705,0.56638825,-0.12207649,0.44771942,0.04381483,0.05962078
,,-2.1864817,4.238566,-7.3346586,1698249209614,,-3.9605448,0.46731192,0.2041817,,,,,,0.37377104,0.6798069,0.8347731,-0.17221388,0.6343184,0.079410926,0.07914759
,,-2.4198616,4.8240695,-7.2678595,1698249209864,,2.2069035,0.117744274,-0.30558532,,,,,,0.18530677,0.85870713,0.5537224,-0.16975476,0.62483156,0.10594709,0.0751216
52.49713841556903,13.32253286917697,-2.1352954,4.596652,-7.2191257,1698249210000,6.7149653,-4.4118214,0.7664832,0.1142318,,,,,,0.52802986,0.75929046,0.82956254,-0.22957557,0.92584735,0.23429513,0.083012275
,,-2.1204596,5.9400024,-7.078308,1698249210117,,3.3922875,-0.43982297,-0.15653422,,,,,,0.3951171,1.054978,0.49535438,-0.17404929,0.61649036,0.15127903,0.05746322
,,-2.247339,4.9918666,-7.3021164,1698249210374,,-2.3761132,0.75762564,0.24495697,,,,,,0.4478034,0.9021219,0.53183043,-0.20382065,0.7401589,0.16799949,0.07767633
,,-2.419762,4.7305303,-7.371269,1698249210626,,-1.6814066,-0.8677341,-0.13820826,,,,,,0.35800877,0.9503753,0.7130591,-0.2500803,0.91938365,0.23728722,0.08531227
,,-2.1625931,5.609773,-6.9730043,1698249210878,,2.2689064,0.07574729,-0.09407325,,,,,,0.515012,1.0265254,0.6214134,-0.244063,0.90829563,0.28089935,0.07104521
,,-2.2462225,5.948955,-7.0724864,1698249211130,,1.4498887,0.1282817,0.24022275,,,,,,0.4483145,1.281391,0.5115032,-0.240046,0.90866464,0.28687194,0.06765847
,,-2.2512076,5.0891743,-7.126284,1698249211634,,1.6088663,0.06765333,-0.2499966,,,,,,0.2575435,0.89095074,0.54937273,-0.21894377,0.919285,0.25756645,0.07538698
,,-2.0128624,6.1475606,-7.0005426,1698249211887,,3.2901201,-0.72112644,0.0759,,,,,,0.2843564,1.1209934,0.42008048,-0.21817587,0.91153646,0.30262297,0.053752623
,,-2.1320848,5.044788,-7.1626964,1698249212137,,-2.5167649,0.6783658,0.15317446,,,,,,0.135614,0.7777418,0.5453719,-0.21234447,0.9207151,0.26402232,0.065465525
,,-2.316691,4.6180477,-7.30132,1698249212387,,-1.7594446,-0.80863285,-0.2826779,,,,,,-0.06579306,0.49500126,0.7208221,-0.17966034,0.812544,0.18598934,0.06756961
,,-2.1571493,5.58423,-7.0114284,1698249212645,,2.6273315,-0.015271631,-0.19898935,,,,,,0.009395131,0.6515307,0.4709311,-0.14928354,0.6844951,0.1712242,0.05151154
,,-2.281217,5.800801,-7.078048,1698249212897,,1.1841623,-0.05222898,0.21288654,,,,,,-0.024561739,0.9087635,0.3166874,-0.15517393,0.6825789,0.17688483,0.049158607
52.49697768800125,13.322491541112772,-2.1795423,5.6143193,-7.0115685,1698249213000,14.426681,2.49401,0.086132,-0.092240654,,,,,,0.25919923,0.72508144,0.5252875,-0.19093052,0.79609114,0.23366761,0.05908107
,,-2.3326433,4.4931426,-7.253602,1698249213147,,-3.9078577,0.4195117,0.08368854,,,,,,0.04428438,0.43834475,0.7044913,-0.15789661,0.6970159,0.12555388,0.06508717
,,-2.3801413,4.933781,-7.0495334,1698249213398,,1.5769486,0.66645396,-0.377362,,,,,,0.11351847,0.5068664,0.60083824,-0.12890488,0.5744491,0.08345811,0.061674196
,,-2.1780074,5.9836516,-7.0887556,1698249213650,,3.5462255,-1.415222,0.19685133,,,,,,0.28993705,0.8015322,0.35551056,-0.13699144,0.5646861,0.12393924,0.04895719
,,-2.2580068,4.971309,-7.200362,1698249213902,,-2.9539917,0.60154957,0.34009922,,,,,,0.35119134,0.7822985,0.47202274,-0.1645136,0.6889761,0.14127336,0.06835496
,,-2.3775487,4.717649,-7.276973,1698249214153,,-1.3697126,-0.27458394,0.0664316,,,,,,0.21545584,0.7387766,0.6426451,-0.19244173,0.80916816,0.18795243,0.07306317
,,-2.211407,5.6788263,-7.041977,1698249214658,,0.21502456,0.52458054,0.27565295,,,,,,0.25282997,0.85054874,0.43046278,-0.19192122,0.79605675,0.23399821,0.05849492
,,-2.2998817,4.4255857,-7.2829947,1698249214910,,-3.648851,0.8023715,-0.088728175,,,,,,0.17099045,0.45725793,0.76617455,-0.21883981,0.92603976,0.24593806,0.07302796
,,-2.3492737,4.93087,-7.0773315,1698249215162,,1.2571607,-0.23319781,-0.1282817,,,,,,-0.004598073,0.5219391,0.55409557,-0.15558511,0.6913017,0.14190106,0.06665721
,,-2.1351554,6.0949783,-6.880562,1698249215413,,2.4857633,9.162979E-4,0.016646078,,,,,,-0.013726199,0.6213767,0.31197673,-0.1470657,0.6207417,0.16516703,0.04447198
,,-2.1651256,5.124868,-7.1582284,1698249215666,,0.48059824,0.3715588,0.20479257,,,,,,0.09204074,0.39716914,0.36454442,-0.1504059,0.62923706,0.12785976,0.05844283
,,-2.306761,4.0541997,-7.4339614,1698249215916,,-3.5404222,0.39202276,0.021380283,,,,,,0.043257736,0.10692544,0.569169,-0.14862806,0.6435309,0.07922848,0.07371187
52.49684738846331,13.322477186393831,-2.0366712,6.2323465,-6.811908,1698249216000,7.7713237,2.1346686,0.34025195,-0.1928807,,,,,,0.33439255,0.62488824,0.15712081,-0.20104034,0.9038092,0.3315099,0.055914033
,,-2.303949,5.255077,-7.1299925,1698249216169,,1.1618657,-0.1282817,-0.028710667,,,,,,0.017918488,0.426246,0.4075976,-0.14744878,0.62812454,0.13064495,0.059971012
,,-2.1766112,6.168158,-6.956254,1698249216420,,2.4736989,0.1470658,-0.23411411,,,,,,0.12005412,0.6510505,0.15856357,-0.14976881,0.6164594,0.17187315,0.049840067
,,-2.3165114,4.993761,-7.3697343,1698249216673,,0.4016439,0.33765575,0.23762658,,,,,,0.21912196,0.50269294,0.36170408,-0.20645814,0.8589058,0.24517757,0.070312254
,,-2.454079,4.020201,-7.574002,1698249216928,,-3.9730675,0.58078015,0.11957687,,,,,,0.25121227,0.2021767,0.5019533,-0.2123332,0.9287491,0.2334456,0.086617835
,,-2.2363718,5.2623158,-7.11472,1698249217179,,1.4349225,-0.27320948,-0.027488936,,,,,,0.25021115,0.41175097,0.31154695,-0.20490842,0.9146612,0.28724092,0.069663994
,,-2.082972,5.076613,-7.2720866,1698249217682,,0.7165449,0.3199407,0.01160644,,,,,,0.24563022,0.32646447,0.2635861,-0.19630225,0.9205959,0.2808577,0.06905939
,,-2.2405992,4.135914,-7.553124,1698249217935,,-3.6581664,0.53038377,-0.22602014,,,,,,0.040917892,0.080812484,0.3917586,-0.19127327,0.9332688,0.23844895,0.07629664
,,-2.0725234,5.2182674,-7.033183,1698249218187,,1.0034989,-0.2677117,-0.124005646,,,,,,-0.026873525,0.11674463,0.35795835,-0.12167991,0.63059545,0.14000711,0.057260383
,,-1.9767705,6.2616787,-6.8390455,1698249218439,,2.6697865,0.5175556,-0.26251933,,,,,,-0.0425768,0.40437204,0.155263,-0.10012898,0.5027326,0.123405285,0.04048928
,,-2.1655242,5.0750766,-7.318807,1698249218691,,0.91874135,0.23075435,0.06001751,,,,,,-0.09894615,0.21329808,0.24861439,-0.10655945,0.5170296,0.072186604,0.054580316
,,-2.3143182,4.0342793,-7.581279,1698249218943,,-3.670842,0.5366451,0.052381694,,,,,,-0.1530699,0.016244037,0.41683176,-0.10589374,0.5293891,0.02488362,0.06887384
52.49669662735639,13.32245237391645,-2.0334606,6.1468225,-6.9331636,1698249219000,8.160568,2.0349448,0.3407101,-0.124769226,,,,,,0.21255456,0.5690886,0.09051752,-0.195284,0.90411645,0.3352273,0.051730324
,,-2.1577675,5.17426,-7.1129045,1698249219195,,0.5833763,0.10277808,-0.037110064,,,,,,-0.053768504,0.28338104,0.30403545,-0.10681929,0.5137551,0.07488744,0.054843668
,,-2.0204198,6.122595,-6.93791,1698249219446,,2.2508857,0.2666427,-0.18387043,,,,,,0.09683494,0.4948157,-0.005672169,-0.1092977,0.5003704,0.12029404,0.046115343
,,-2.1601207,5.0524845,-7.279486,1698249219699,,1.3782647,0.19975294,0.031001411,,,,,,0.15059167,0.36255088,0.112277076,-0.17762047,0.8027769,0.22408038,0.062224768
,,-2.2793834,3.9774702,-7.508658,1698249219950,,-3.6764925,0.61376685,0.13881913,,,,,,0.14919837,0.18164411,0.36916673,-0.19814117,0.931571,0.23641504,0.08024062
,,-2.143949,5.0650473,-7.1125855,1698249220201,,0.060170226,-0.41386122,0.10903945,,,,,,0.17785482,0.32930663,0.32940143,-0.19328089,0.91872543,0.2838412,0.065737315
,,-2.2176082,5.203731,-7.2689967,1698249220703,,1.8460348,-0.35811976,0.013133603,,,,,,0.164578,0.38670686,0.23547654,-0.19468091,0.9184962,0.2907648,0.06676957
,,-2.3884354,4.0473003,-7.4351983,1698249220957,,-3.5874588,0.7287622,0.32559118,,,,,,0.09593332,0.17457764,0.5493221,-0.18863235,0.9330404,0.23713297,0.08392108
,,-2.2690737,5.1742196,-7.08116,1698249221211,,-0.28695396,-0.63529986,0.04505131,,,,,,0.069073044,0.4973664,0.47851056,-0.1864076,0.92027843,0.2817745,0.06866399
,,-2.1088746,6.2629337,-6.8519073,1698249221464,,1.8402315,0.13118331,-0.10415252,,,,,,0.12640008,0.62065655,0.14260337,-0.18762174,0.90471095,0.3372115,0.052207272
,,-2.2717261,5.4440303,-7.1317873,1698249221715,,1.8976529,-0.50594914,0.029474247,,,,,,0.06724631,0.42060712,0.2109566,-0.18656148,0.9170408,0.30042136,0.063894
,,-2.4540792,4.1410584,-7.340801,1698249221968,,-3.2704198,0.54305923,0.30634892,,,,,,0.02250197,0.16565871,0.5409368,-0.182334,0.93269897,0.24300475,0.08169088
52.496537480237436,13.322442015655488,-1.9840088,6.2171707,-6.947181,1698249222000,8.07589,2.5665503,-0.18768835,0.012370021,,,,,,0.19803743,0.51681674,0.08636618,-0.18639763,0.90645635,0.33855957,0.051833257
,,-2.2975883,4.839663,-7.106025,1698249222225,,-1.0844386,-0.25060746,0.1881465,,,,,,0.050542455,0.23520152,0.39655778,-0.18145572,0.92240727,0.27848867,0.069659956
,,-2.1553152,6.1866627,-6.7920866,1698249222478,,1.9624046,0.03680463,-0.11942416,,,,,,0.069427274,0.5047569,0.15770917,-0.18398328,0.9049035,0.33977428,0.051881474
,,-2.1773689,5.311907,-7.1766934,1698249222729,,2.3451116,-0.9995282,-0.060628377,,,,,,0.08486761,0.1547998,0.22643,-0.18566062,0.9159854,0.30688825,0.060959034
,,-2.3664217,4.1817765,-7.4394245,1698249222981,,-3.6247218,0.49174652,0.13194689,,,,,,0.040129606,0.030919664,0.5233915,-0.18283224,0.93228024,0.24887268,0.07835469
,,-2.2478569,4.9754553,-7.1820164,1698249223231,,0.37843102,-0.0012217305,-0.009468411,,,,,,0.057347536,0.26590267,0.4302922,-0.18191417,0.9205455,0.28475636,0.068518005
,,-2.1835704,5.2208405,-7.1609607,1698249223734,,-0.6948592,0.6728681,0.24923302,,,,,,0.16883539,0.37457445,0.25272688,-0.18391453,0.91830367,0.2946695,0.06892152
,,-2.2420747,4.4197235,-7.2966337,1698249223985,,-3.4710891,-0.014966198,0.0018325958,,,,,,0.14885356,0.22088258,0.5348882,-0.18019527,0.9323645,0.25500205,0.07935981
,,-2.1530616,5.2910895,-6.973005,1698249224237,,1.3316863,1.0877982,-0.21563543,,,,,,0.21293335,0.3883098,0.28536376,-0.17734261,0.9173433,0.29720676,0.07028118
,,-1.9208382,6.0296345,-6.914919,1698249224491,,3.0718887,-0.97402465,-0.049938235,,,,,,0.31927904,0.52238536,0.11049902,-0.18071982,0.91068226,0.3288809,0.060619477
,,-2.1093926,4.5738997,-7.147082,1698249224743,,-3.6187658,0.6591236,0.32070425,,,,,,0.32266638,0.08906267,0.4086026,-0.17611153,0.92594326,0.2723118,0.081029296
,,-2.2556143,4.734917,-7.115456,1698249224993,,-0.2396119,-0.2321288,0.13820826,,,,,,0.16311862,0.22557786,0.44735706,-0.1712523,0.92624444,0.27236408,0.080886714
52.49635067752884,13.32243220159227,-2.158805,4.7091146,-7.311589,1698249225000,8.071165,-3.77698,0.6757697,0.21029036,,,,,,-0.057529844,0.064638935,0.44608647,-0.17141867,0.92778915,0.27258697,0.0660486
,,-2.001317,5.757929,-7.0168734,1698249225243,,2.745534,0.47235155,-0.20112738,,,,,,0.21237852,0.32810333,0.20087093,-0.17122595,0.9135086,0.32040653,0.063115984
,,-2.064707,5.4575505,-7.1671033,1698249225495,,-0.1956296,0.48151454,0.015577064,,,,,,0.15352313,0.30917838,0.21897988,-0.171861,0.91641986,0.30506673,0.06733915
,,-2.1843278,4.489513,-7.345588,1698249225748,,-3.35701,-0.0777326,-0.19058995,,,,,,0.029867936,0.051671408,0.5672457,-0.168731,0.9325612,0.26020864,0.07603798
,,-2.2406988,5.127101,-7.090951,1698249225999,,1.6145169,0.16432275,-0.205098,,,,,,-0.08540726,0.20601575,0.3928028,-0.16567318,0.92023367,0.29302016,0.06752674
,,-2.0074785,6.083433,-7.0692153,1698249226251,,3.0272954,-0.86559606,-0.04795292,,,,,,0.010501476,0.48698008,0.14607316,-0.1707337,0.91387,0.3262595,0.050936628
,,-2.2339392,4.865147,-7.183073,1698249226759,,-0.17806722,0.04444045,-0.033292156,,,,,,-0.16798754,0.21170473,0.4848579,-0.14925957,0.81527203,0.20348868,0.06441494
,,-2.0769098,5.8081975,-6.972665,1698249227016,,2.7356074,0.14355333,-0.2454151,,,,,,-0.05712207,0.32128647,0.18466786,-0.14294438,0.7449675,0.21740256,0.04836454
,,-2.159263,5.5049872,-7.103912,1698249227268,,0.117438845,0.46914452,0.23762658,,,,,,-0.017603032,0.36901987,0.15926793,-0.15090026,0.74596936,0.2039246,0.055260707
,,-2.2295723,4.360301,-7.4185686,1698249227519,,-3.3432655,-0.00870483,0.0047342055,,,,,,7.849018E-4,0.06889715,0.43293947,-0.15343992,0.76284826,0.15071206,0.068727225
,,-2.2886155,4.989235,-7.0971127,1698249227769,,1.0648909,-0.41599923,-0.027030786,,,,,,-0.06838916,0.2552273,0.37693584,-0.15388264,0.7503994,0.18168637,0.06421728
52.49618138983905,13.322418521412688,-2.4409585,4.1153164,-7.4853277,1698249228000,8.32954,-3.2508721,0.50640726,0.22220223,,,,,,0.14082608,0.14232464,0.3592902,-0.16151187,0.93586797,0.24399869,0.083894975
,,-2.098625,6.242197,-6.813064,1698249228019,,2.404213,0.40973786,-0.071318515,,,,,,0.06349639,0.54246193,0.13426064,-0.15648767,0.73610663,0.23621573,0.050481703
,,-2.2174885,5.1921463,-7.1469827,1698249228273,,1.2808317,0.3184135,0.07070765,,,,,,0.16898708,0.28546104,0.24432619,-0.17995732,0.86086,0.26171312,0.06628987
,,-2.365026,4.0994835,-7.372027,1698249228524,,-3.585321,0.63423085,0.03283401,,,,,,0.11040426,0.04516189,0.55136365,-0.1848151,0.9315636,0.24715014,0.08250828
,,-2.2475982,5.3379884,-7.045886,1698249228776,,-0.007330383,0.059406646,0.11133019,,,,,,0.13373153,0.3371063,0.31929976,-0.18051855,0.91740143,0.2988981,0.066620104
,,-2.16704,6.24431,-6.748079,1698249229027,,1.8719965,0.12797627,0.008246681,,,,,,0.17661197,0.5403238,0.124945946,-0.18116912,0.9039041,0.34399423,0.055006064
,,-2.3033514,5.2600827,-7.1729836,1698249229279,,2.1053472,-0.81382525,0.10415252,,,,,,0.17191903,0.33227336,0.22084561,-0.17690665,0.92022485,0.29843673,0.0677505
,,-2.3021545,4.970012,-7.094241,1698249229782,,-1.1863003,-0.088422745,0.110413894,,,,,,0.11678597,0.24843796,0.36206144,-0.15050529,0.926306,0.283817,0.075336404
,,-2.1886353,6.2388673,-6.834679,1698249230034,,1.5932893,0.46379945,-0.11301007,,,,,,0.13946356,0.58283496,-0.016072147,-0.14318392,0.9104892,0.3399467,0.06589223
,,-2.1830318,5.503532,-7.080701,1698249230287,,2.324495,-0.8248208,-0.1001819,,,,,,0.14225088,0.37646407,0.15452637,-0.13478273,0.9237796,0.30720675,0.07493885
,,-2.3672395,4.2633314,-7.4462843,1698249230543,,-2.610227,0.6763805,0.2078469,,,,,,0.02434779,0.09924623,0.4072216,-0.12391958,0.9408157,0.24756752,0.092606254
,,-2.2474186,4.797629,-7.1913896,1698249230795,,-1.9624046,0.03145956,0.08827003,,,,,,-0.03589053,0.089650676,0.43177763,-0.1205131,0.9347441,0.27208605,0.083973624
52.49604360771037,13.322398389585787,-2.4561727,5.4214783,-7.3450875,1698249231000,8.657691,2.2197316,-0.5487097,-0.10980303,,,,,,-0.045158975,0.2623166,0.059345897,-0.1683197,0.9230061,0.30168235,0.072352074
,,-2.1194823,6.097251,-6.735716,1698249231047,,1.487915,0.64553183,-0.20051652,,,,,,-0.035358407,0.27378312,0.24895658,-0.12992541,0.9140895,0.33890864,0.066923834
,,-2.1168501,5.8773103,-6.915078,1698249231300,,2.5071437,-0.4176791,-0.06169739,,,,,,0.017846858,0.27325192,0.22176795,-0.13991258,0.9176724,0.3271073,0.0664781
,,-2.322912,4.6561737,-7.364509,1698249231551,,-0.7049385,0.13133603,-0.018020526,,,,,,-0.035210278,0.08394996,0.42033303,-0.14711103,0.9341136,0.2664244,0.07902606
,,-2.4604595,4.314359,-7.493942,1698249231803,,-2.6893342,-0.17806722,0.053450707,,,,,,-0.055295035,-0.098674856,0.3915524,-0.15242456,0.9355081,0.25496048,0.08473202
,,-2.419403,5.6619573,-7.096453,1698249232055,,-0.59559363,0.009010263,0.21578814,,,,,,-0.06493721,0.28125483,0.18302818,-0.15912037,0.9189846,0.31480488,0.07103215
,,-2.3864021,5.8504715,-6.89087,1698249232307,,1.4468343,0.26557365,-0.25961772,,,,,,0.018302921,0.23088095,0.09891494,-0.16251044,0.9100228,0.3353434,0.06847786
,,-2.6177485,4.4870214,-7.500183,1698249232810,,-1.3396275,0.09972375,0.05085453,,,,,,-0.11749577,0.05192928,0.24266915,-0.1692866,0.93078125,0.262943,0.08377968
,,-2.5399616,5.039523,-7.2337813,1698249233060,,-2.414445,-0.18677205,0.37064248,,,,,,-0.103354566,0.09324242,0.31923974,-0.17556755,0.92473847,0.28979427,0.07519336
,,-2.3870401,6.0004416,-6.78086,1698249233310,,1.0624474,0.0036651916,-0.26374108,,,,,,-0.055692486,0.14534996,0.163733,-0.1796498,0.9070557,0.34001294,0.060716007
,,-2.2874985,5.8064632,-6.9356766,1698249233562,,2.1630738,0.16737708,-0.32177326,,,,,,0.029771637,0.025038743,0.20181829,-0.18768114,0.90898454,0.3324884,0.05764878
,,-2.429632,4.9981084,-7.4422174,1698249233814,,0.9434814,-0.07819075,-0.10522154,,,,,,0.05046208,0.11977668,0.25603533,-0.19630526,0.92340976,0.2807197,0.07288006
52.495909536520365,13.322372028487363,-2.811328,4.9306507,-8.035536,1698249234000,8.723985,-0.04046982,-0.08781188,0.16035213,,,,,,0.1852603,0.7570446,0.36484244,-0.15612964,0.94738305,0.2429283,0.11563608
