98#1#0
key,lat,lon,ts,bike,childCheckBox,trailerCheckBox,pLoc,incident,i1,i2,i3,i4,i5,i6,i7,i8,i9,scary,desc,i10
,,,,1,0,0,0,-5,0,0,0,0,0,0,0,0,0,0,,0

=========================
99#1
lat,lon,X,Y,Z,timeStamp,acc,a,b,c,obsDistanceLeft1,obsDistanceLeft2,obsDistanceRight1,obsDistanceRight2,obsClosePassEvent,XL,YL,ZL,RX,RY,RZ,RC
52.54211334,13.36492775,1.3047262,6.085187,-7.481478,1702575395000,4.4231815,1.6942334,0.1075122,0.10415245,,,,,,-0.048672862,0.24478048,0.022286955,-0.043401297,-0.9345431,-0.32338482,0.05668734
,,1.2991432,5.428676,-7.700501,1702575395256,,0.6814197,0.47036588,-0.040011644,,,,,,-0.21084046,0.170437,0.19139011,-0.039868936,-0.9439356,-0.29042494,0.06663779
,,1.3296117,5.1830134,-7.692366,1702575395508,,-2.252564,-0.034208428,-0.20005822,,,,,,-0.2972441,-0.01370542,0.18337958,-0.035544932,-0.94442374,-0.28508317,0.0740097
,,1.2485747,6.111906,-7.415995,1702575395760,,-0.58307046,0.13133593,-0.0027488915,,,,,,-0.28085896,0.18558112,0.0055478094,-0.027587581,-0.9332609,-0.32571343,0.07123034
,,1.1973683,6.4055066,-7.230312,1702575396009,,1.1206315,0.03970621,-0.25076,,,,,,-0.245727,0.27184513,0.01941657,-0.019755298,-0.9275475,-0.3402592,0.069263525
,,1.4281961,6.011009,-7.525985,1702575396260,,1.669188,0.18570289,0.091324285,,,,,,-0.06410383,0.25070187,0.13387297,-0.010624344,-0.93786377,-0.3149466,0.07529114
,,1.352503,5.187879,-7.678967,1702575396509,,-0.869566,0.036651887,0.027794348,,,,,,-0.21356592,0.17448916,0.30541116,-0.0048319404,-0.9484689,-0.27402338,0.08309351
,,1.4681562,5.3174114,-7.580064,1702575396761,,-1.8640538,-0.45875946,-0.27214026,,,,,,-0.14629652,0.10107853,0.24463326,-0.0029356137,-0.9460479,-0.28286478,0.0858922
,,1.317249,6.3512697,-7.155098,1702575397014,,0.44379327,0.116675176,0.28252497,,,,,,-0.10624317,0.40295547,0.15729655,-0.0033745097,-0.9326214,-0.32806036,0.074909806
,,1.4277972,6.3584476,-7.0833125,1702575397265,,1.4584397,0.16615522,0.43524116,,,,,,0.07716191,0.40560856,0.23800449,-0.0037786474,-0.9317224,-0.33117306,0.069862984
,,1.5069197,5.7020164,-7.453084,1702575397515,,1.3747512,0.30665413,0.21288638,,,,,,0.13725735,0.34961367,0.3792908,-0.006098164,-0.94477814,-0.29423392,0.07038187
,,1.3690135,4.992864,-7.607581,1702575397767,,-2.2275183,0.31642795,-0.1847866,,,,,,-0.113298945,0.103897594,0.46115237,-0.0129060475,-0.9511502,-0.26656446,0.07420067
52.54204659,13.36472347,1.4457436,5.823572,-7.471191,1702575398000,4.1402745,-1.0247257,-0.34391686,-0.21899502,,,,,,-0.06722542,0.18602274,0.25076228,-0.016414916,-0.9408413,-0.30529988,0.073467396
,,1.2820743,6.4965134,-7.2029552,1702575398268,,1.163392,-0.014660755,-0.15851942,,,,,,-0.10428173,0.3303653,0.11432527,-0.015737023,-0.9294603,-0.3391032,0.066095345
,,1.457229,6.1114273,-7.453722,1702575398518,,2.0198245,-0.35124725,0.47372565,,,,,,0.053734925,0.30930895,0.19697444,-0.011683639,-0.93777233,-0.31735,0.069145985
,,1.3449255,5.1038914,-7.688617,1702575398770,,-1.5103632,-0.051923506,0.008857539,,,,,,-0.18877226,0.12453845,0.45359236,-0.009864751,-0.95088875,-0.26951292,0.076057225
,,1.4006785,5.213003,-7.628638,1702575399020,,-1.8115195,-0.5400045,-0.2855793,,,,,,-0.23975793,0.0760946,0.33298868,-0.008660206,-0.9483643,-0.2770669,0.081709124
,,1.3268201,6.3054066,-7.2534432,1702575399271,,0.7345649,0.21135922,-0.057726722,,,,,,-0.18324839,0.41102836,0.14199576,-0.00772985,-0.9338539,-0.3257652,0.07413321
,,1.3794625,6.295756,-7.2183485,1702575399521,,1.8536692,0.28527385,0.083993904,,,,,,-0.036592737,0.44303802,0.2151965,-0.0062555117,-0.9344654,-0.32547507,0.06923062
,,1.4254842,5.3968515,-7.498628,1702575399772,,-0.4413498,0.31948227,-0.107817635,,,,,,-0.09473676,0.37733838,0.4621144,-0.00645759,-0.9491673,-0.27784646,0.07448997
,,1.4324237,5.0049872,-7.600163,1702575400026,,-2.0155482,-0.6664535,-0.318566,,,,,,-0.24434103,0.16908112,0.4632482,-0.010010145,-0.9524182,-0.2634548,0.08150375
,,1.3536996,6.0541596,-7.3183684,1702575400278,,0.3130682,0.25045455,0.13164136,,,,,,-0.20507616,0.3436824,0.16758475,-0.012332491,-0.93817675,-0.3137098,0.07461522
,,1.2732209,6.482954,-7.072147,1702575400531,,1.9446881,0.3329213,-0.00763581,,,,,,-0.1576355,0.45666093,0.15255481,-0.012528868,-0.9312519,-0.3351931,0.067661546
,,1.445903,5.7606406,-7.4786863,1702575400782,,0.66126114,0.6243038,0.17318016,,,,,,-0.090475015,0.37503272,0.22894971,-0.009022488,-0.9442305,-0.2949949,0.07384344
52.54197992,13.36454951,1.4094522,5.037529,-7.6262436,1702575401000,6.1560745,-2.2727225,-0.20158538,-0.5085449,,,,,,-0.26521787,0.14728765,0.37143755,-0.008150545,-0.9524049,-0.2634694,0.08148339
,,1.3294522,5.9291754,-7.4502125,1702575401285,,-0.068722285,-0.15332706,0.160352,,,,,,-0.20999578,0.28905398,0.110956,-0.008463494,-0.9408677,-0.30382738,0.07617227
,,1.2229717,6.585288,-7.19785,1702575401535,,1.4523311,0.5711586,-0.15363249,,,,,,-0.15508057,0.45963052,0.02306253,-0.009920628,-0.9307806,-0.33676407,0.067003064
,,1.3697317,6.0281587,-7.506364,1702575401788,,1.4889829,0.33964083,0.24770567,,,,,,-0.10791407,0.42481238,0.11976908,-0.0051110624,-0.9410388,-0.30568787,0.07438771
,,1.4068998,5.114259,-7.760482,1702575402039,,-2.3838997,-0.03054324,-0.32895067,,,,,,-0.22778362,0.19677025,0.29658028,-0.0011586641,-0.95235485,-0.26435864,0.08415838
,,1.3335202,5.7365537,-7.493204,1702575402290,,-0.7382301,-0.0012217296,0.22510368,,,,,,-0.21211211,0.26078385,0.20128036,-9.665513E-4,-0.943406,-0.29446307,0.08135141
,,1.2268001,6.6523666,-7.213484,1702575402541,,1.5219696,0.3933969,-0.052839804,,,,,,-0.14589933,0.5000877,0.020778624,-0.0030959088,-0.9302695,-0.33796975,0.07210861
,,1.3596017,6.173803,-7.415199,1702575402792,,2.0723588,0.2131918,0.33322674,,,,,,-0.09998364,0.43324777,0.15652865,2.940741E-5,-0.9377342,-0.3155042,0.07717157
,,1.4157535,5.1629934,-7.621699,1702575403043,,-2.1603234,0.03848448,-0.29596397,,,,,,-0.2374851,0.22625242,0.4082249,0.0038329489,-0.95067734,-0.26766482,0.08776811
,,1.4480565,5.559404,-7.495916,1702575403294,,-1.2574651,-0.26083925,0.06383537,,,,,,-0.20487334,0.3014298,0.30972868,0.002670425,-0.9455429,-0.284352,0.08826204
,,1.319881,6.569814,-7.1683383,1702575403546,,1.14079,0.27672175,-0.14080434,,,,,,-0.162933,0.5026223,0.121724255,-1.9772707E-4,-0.9310605,-0.33268216,0.079462305
,,1.4040284,6.3152976,-7.282636,1702575403798,,2.170708,0.17776164,0.2941314,,,,,,-0.14947145,0.53399944,0.17854461,0.002206423,-0.93523806,-0.3208366,0.0817215
52.54188864,13.36437944,1.4813964,5.2145987,-7.5637927,1702575404000,5.3973236,-1.8115195,-0.13683371,-0.18661919,,,,,,-0.23612738,0.30781424,0.39255348,0.006976244,-0.94972855,-0.27007312,0.0913423
,,1.5092329,5.3189244,-7.49464,1702575404301,,-1.7834197,-0.87659097,-0.18967351,,,,,,-0.2240818,0.2729382,0.35060105,0.0066227894,-0.9479107,-0.27552646,0.09202216
,,1.3336796,6.4049473,-7.181818,1702575404552,,0.869566,0.19547673,-0.08277218,,,,,,-0.15696947,0.47718677,0.10944562,0.004547161,-0.93287,-0.32810515,0.08046141
,,1.367897,6.3826947,-7.228876,1702575404803,,1.8823798,0.21807873,0.4346303,,,,,,-0.058214843,0.46991163,0.1375479,0.005792026,-0.9333643,-0.32810634,0.07665899
,,1.5147367,5.39103,-7.4986277,1702575405053,,-0.97341305,-0.0030543238,-0.22754712,,,,,,-0.10150902,0.33656675,0.43251258,0.00784779,-0.94811535,-0.2786784,0.08538159
,,1.5670596,5.1853266,-7.554221,1702575405304,,-1.831678,-0.7684679,-0.28802276,,,,,,-0.12246032,0.16101542,0.45719683,0.0074941968,-0.94998956,-0.27013117,0.090785645
,,1.4739788,6.2908106,-7.259425,1702575405555,,0.7809906,0.23518294,0.08155045,,,,,,-0.051078286,0.36390156,0.21570039,0.0044301446,-0.93511975,-0.3216796,0.08154004
,,1.4573885,6.532965,-7.172805,1702575405807,,1.8530583,0.0061086477,0.16584979,,,,,,0.02563564,0.43299282,0.18687114,0.0021106345,-0.9312259,-0.334561,0.07625277
,,1.6470597,5.6574306,-7.5215983,1702575406058,,-0.30024004,0.2272417,-0.029016078,,,,,,0.01061033,0.3420385,0.39544192,0.0023428504,-0.945278,-0.289097,0.08492541
,,1.6721843,5.1112285,-7.6084566,1702575406309,,-2.0295982,-0.50885034,-0.43157595,,,,,,-0.12562607,0.097041175,0.48435375,-2.0926695E-4,-0.94988257,-0.270316,0.093086414
,,1.5362718,6.1779485,-7.3563337,1702575406560,,0.46944958,-0.1075122,0.035124727,,,,,,-0.072532274,0.33541256,0.19164816,-0.0021870364,-0.93563634,-0.3183841,0.0849752
,,1.4770097,6.6015573,-7.1527843,1702575406813,,1.8359541,0.3243692,0.051618073,,,,,,0.0055487356,0.42949453,0.14214396,-0.0045151743,-0.9284318,-0.3420226,0.07652769
52.54182749,13.36421746,1.5828521,5.764628,-7.4674406,1702575407000,5.3363934,-0.022296565,0.6029235,0.20189081,,,,,,-0.026998444,0.34537825,0.34510365,-0.0029511233,-0.94169766,-0.30005395,0.08324756
,,1.631267,5.1353154,-7.5893946,1702575407318,,-2.1591015,-0.45387253,-0.39370236,,,,,,-0.15513952,0.1707205,0.50652504,-0.0030375207,-0.94953114,-0.27085656,0.092386566
,,1.550549,6.0284777,-7.3074403,1702575407569,,0.24953826,-0.07819069,0.023518294,,,,,,-0.10644209,0.3085738,0.24922344,-0.004687919,-0.9366931,-0.31304237,0.08673964
,,1.4683158,6.690413,-7.0698333,1702575407819,,1.8170173,0.2858847,-0.014966187,,,,,,-0.018588798,0.48828334,0.12636104,-0.004846079,-0.9279124,-0.34269843,0.077488594
,,1.5841281,5.9010196,-7.4182286,1702575408069,,0.6875283,0.3921752,0.41263917,,,,,,0.0011530996,0.3742422,0.25268364,-0.0017524167,-0.9407513,-0.30273774,0.08266079
,,1.6343776,5.1578894,-7.5568533,1702575408323,,-2.1468842,-0.4166098,-0.45906487,,,,,,-0.09313181,0.21042895,0.46191052,-0.0020053773,-0.95094466,-0.2665754,0.09086049
,,1.5060426,5.969375,-7.294281,1702575408574,,-0.16523892,-0.18264857,0.13775001,,,,,,-0.08715475,0.32540512,0.26238173,-0.0059054256,-0.93952626,-0.30410358,0.08415849
,,1.404188,6.6831527,-7.119684,1702575408823,,1.6575816,0.6071996,0.017409647,,,,,,-0.0012399077,0.475644,0.05688154,-0.009302468,-0.9287881,-0.34031966,0.07301014
,,1.4655241,6.0460234,-7.419026,1702575409074,,1.135903,0.4233293,0.23487751,,,,,,-0.02454669,0.39135647,0.2100439,-0.007886607,-0.9396912,-0.30693144,0.07834756
,,1.5720845,5.1803803,-7.6108503,1702575409325,,-2.333809,-0.25961754,-0.5079341,,,,,,-0.15110888,0.14661452,0.4166469,-0.00804094,-0.95017487,-0.2686893,0.089610405
,,1.50357,5.886105,-7.3438115,1702575409576,,-0.29779658,-0.20891576,0.06444623,,,,,,-0.18305919,0.24017261,0.2633107,-0.011609163,-0.9394158,-0.30333248,0.0871606
,,1.3872789,6.7192063,-7.1714487,1702575409829,,1.6771293,0.45937032,0.0754418,,,,,,-0.1353984,0.43976757,-0.016121991,-0.013649392,-0.9272818,-0.3440119,0.07822898
52.54176151,13.36405795,1.5843678,6.1339216,-7.409136,1702575410000,4.725859,1.2385284,0.2480111,0.12125666,,,,,,-0.061998565,0.38077587,0.11094403,-0.00975212,-0.93676263,-0.31404355,0.08682018
,,1.6535999,5.197291,-7.5925064,1702575410332,,-2.2189662,-0.39584038,-0.2073886,,,,,,-0.22561897,0.13297422,0.3545973,-0.0039948826,-0.9487156,-0.2718205,0.09893169
,,1.6115658,5.7816973,-7.352746,1702575410586,,-0.3100139,0.032375835,0.12553272,,,,,,-0.15447472,0.24910353,0.22789827,-0.0049793916,-0.94000137,-0.29979187,0.094337106
,,1.4825131,6.736513,-7.171767,1702575410837,,1.6264275,0.5216785,-0.08155045,,,,,,-0.05160166,0.5400369,-0.029463593,-0.005942681,-0.9278585,-0.3417446,0.083374694
,,1.6181065,6.115896,-7.3533826,1702575411089,,1.3692534,0.28405213,0.33872452,,,,,,-0.027280759,0.41933614,0.12896511,-0.001773801,-0.9368972,-0.3133864,0.087836556
,,1.6871792,5.1582885,-7.5384283,1702575411343,,-2.2824962,-0.11423171,-0.3271181,,,,,,-0.15389474,0.1851558,0.38620985,0.0023436008,-0.9493762,-0.26971513,0.09935947
,,1.5896317,5.7162933,-7.3366337,1702575411597,,-0.34544402,-0.16126831,0.17012584,,,,,,-0.1497534,0.27369735,0.26930174,5.3771667E-4,-0.94121325,-0.2958005,0.09503042
,,1.5474384,6.660262,-7.0976706,1702575411849,,1.7064508,0.5167916,0.04856375,,,,,,0.008902287,0.5085297,0.056379396,-0.0041428613,-0.92877924,-0.33897898,0.08453905
,,1.6559131,6.0389256,-7.302575,1702575412103,,1.407127,0.3866774,0.28924447,,,,,,-0.043623365,0.36931834,0.18734632,-0.0021324868,-0.93710154,-0.3123453,0.09003854
,,1.7212372,5.076213,-7.4649687,1702575412356,,-2.4028366,-0.008552107,-0.3564396,,,,,,-0.1709759,0.12523602,0.45351988,-2.7636244E-4,-0.94960594,-0.26882645,0.10071817
,,1.6641287,5.660142,-7.274101,1702575412608,,-0.35521787,-0.09224058,0.07788526,,,,,,-0.15781815,0.21867757,0.30478153,-0.00371956,-0.9407757,-0.2963141,0.097677834
,,1.6203399,6.6558747,-7.0898542,1702575412859,,1.8096869,0.6988293,-0.011300999,,,,,,-0.060467064,0.4656077,0.06047457,-0.006506523,-0.92744726,-0.3413997,0.08860354
52.5416859,13.36391742,1.7249062,6.0616584,-7.226883,1702575413000,4.231966,1.222035,0.21441354,0.18906265,,,,,,-0.07255028,0.31413975,0.2232609,-0.0023652983,-0.9355752,-0.31500635,0.093518294
,,1.8261224,5.142016,-7.48124,1702575413369,,-2.4260495,-0.17776164,-0.23487751,,,,,,-0.16860233,0.080955334,0.3690496,0.0036931885,-0.9477651,-0.27244943,0.1043398
,,1.7580068,5.7729244,-7.266045,1702575413620,,-0.18417573,-0.252898,0.016798781,,,,,,-0.13486066,0.22143938,0.2250722,0.0031125525,-0.938495,-0.30094084,0.10088904
,,1.7140586,6.680522,-7.074141,1702575413871,,1.6337578,0.5571087,0.101708986,,,,,,0.009842129,0.43609148,8.8438985E-4,0.0028004118,-0.9262014,-0.34383506,0.09109657
,,1.7422941,6.1273813,-7.2838316,1702575414121,,1.2617412,0.33536476,0.15363249,,,,,,0.01985031,0.38006327,0.15498339,0.005976925,-0.9352828,-0.3154925,0.09438863
,,1.8333011,5.183093,-7.4558764,1702575414373,,-2.401615,-0.26755878,-0.40530878,,,,,,-0.038010933,0.14959414,0.3977769,0.009014536,-0.9485092,-0.27110073,0.10317706
,,1.7087147,5.794937,-7.282077,1702575414624,,-0.399811,-0.24312419,0.049174614,,,,,,-0.05285257,0.2770443,0.26821163,0.0049927766,-0.93969816,-0.29931775,0.09769483
,,1.6227326,6.731009,-7.093523,1702575414875,,1.7088943,0.5430588,0.033902995,,,,,,0.03726856,0.5300525,0.06630816,4.4474876E-4,-0.9273853,-0.3419858,0.08771109
,,1.6511273,6.0821557,-7.303134,1702575415127,,1.1334596,0.26267186,0.3735438,,,,,,-0.024690814,0.40495345,0.26735428,0.002870593,-0.93672717,-0.31268045,0.091661766
,,1.7324035,5.1913085,-7.4277205,1702575415378,,-2.2281294,-0.33353218,-0.5549707,,,,,,-0.16539054,0.16803807,0.53554446,0.0050630863,-0.9483621,-0.27152103,0.10357181
,,1.6752152,5.790153,-7.18796,1702575415633,,-0.09376775,-0.31154105,0.08643737,,,,,,-0.16688141,0.2458013,0.40454853,0.003898251,-0.93892395,-0.30080467,0.100534745
,,1.6072589,6.6573915,-7.0433545,1702575415883,,1.7815871,0.35674503,0.082161315,,,,,,-0.041803084,0.4747488,0.182569,0.0022171733,-0.92757726,-0.34144557,0.09017824
52.54162653,13.36374864,1.7265811,5.9557357,-7.285906,1702575416000,4.203439,0.84329885,0.32131487,0.33017242,,,,,,-0.039942548,0.36019582,0.35163516,0.004601921,-0.93751043,-0.30961475,0.093353584
,,1.7841684,5.1154566,-7.4326653,1702575416390,,-2.3264785,-0.2150244,-0.3601048,,,,,,-0.14230728,0.17416777,0.6116383,0.005059516,-0.9494703,-0.26916462,0.10220626
,,1.7040884,5.801558,-7.1832533,1702575416641,,-0.040011644,-0.1197295,0.05222894,,,,,,-0.13139096,0.2731027,0.43475145,-0.0011423362,-0.93915933,-0.30102888,0.09647902
,,1.6355741,6.671668,-7.0757375,1702575416891,,1.6624686,0.63896453,0.010079269,,,,,,-0.009502824,0.48888424,0.14638638,-0.0059008077,-0.9277583,-0.34153658,0.08450415
,,1.7052848,5.999285,-7.3560953,1702575417143,,0.603229,0.5516109,0.31367907,,,,,,-0.037019692,0.37956762,0.2813411,-0.005518718,-0.9376217,-0.30996445,0.08850155
,,1.8305091,5.246185,-7.551987,1702575417397,,-2.148717,-0.4819723,-0.5610793,,,,,,-0.14771405,0.16293284,0.45266506,-0.0052769226,-0.94784427,-0.27398357,0.10003325
,,1.7177275,6.0071807,-7.32427,1702575417647,,0.082161315,-0.24373505,0.08888082,,,,,,-0.15777907,0.30412084,0.20588656,-0.008725682,-0.93671924,-0.30880982,0.09589922
,,1.6547167,6.7424145,-7.1061244,1702575417898,,1.7253876,0.3420843,0.11331542,,,,,,-0.06292536,0.43598604,0.042862795,-0.010702889,-0.92612255,-0.34620735,0.08673312
,,1.7815362,5.981737,-7.373164,1702575418149,,0.29779658,0.505796,0.24831653,,,,,,-0.06551074,0.34924144,0.1806329,-0.007784648,-0.9373899,-0.31001854,0.09369839
,,1.888256,5.294759,-7.507242,1702575418402,,-2.3032656,-0.49663305,-0.49632764,,,,,,-0.13882464,0.20564805,0.40167612,-0.0063717007,-0.9478657,-0.27457884,0.10442435
,,1.76032,6.003433,-7.1951375,1702575418653,,0.22999059,-0.1875355,0.08949169,,,,,,-0.13313654,0.3038679,0.24192852,-0.010848344,-0.93640417,-0.31041744,0.09674326
,,1.6834304,6.746245,-6.9936614,1702575418906,,1.7889175,0.083688475,0.14569125,,,,,,-0.021965174,0.50566036,0.07790884,-0.013468769,-0.92657083,-0.34517682,0.0862373
52.54156767,13.36355382,1.8104894,5.861378,-7.2275205,1702575419000,4.56846,-0.045509428,0.46425724,0.24709481,,,,,,-0.050820373,0.32990417,0.28553373,-0.011846783,-0.9379869,-0.30771592,0.09316325
,,1.8987049,5.193143,-7.419426,1702575419405,,-2.3179264,-0.7937424,-0.31505352,,,,,,-0.15452786,0.16466862,0.41875955,-0.010272977,-0.947337,-0.27526423,0.10379204
,,1.7320845,6.0088563,-7.1272616,1702575419656,,0.33811367,0.27893612,0.05574141,,,,,,-0.13761728,0.28187367,0.25010175,-0.013754899,-0.93484944,-0.31440833,0.09500846
,,1.6540784,6.7019773,-6.9986873,1702575419906,,1.9000949,0.33574656,0.16875139,,,,,,-0.044716977,0.45286056,0.050147217,-0.014567819,-0.92492616,-0.3483575,0.08535754
,,1.7770694,5.8456664,-7.265088,1702575420156,,-0.19822562,0.38767007,0.090560704,,,,,,-0.07634495,0.30512577,0.27187577,-0.009764482,-0.9370692,-0.30860078,0.09456767
,,1.8327425,5.205587,-7.451728,1702575420407,,-2.121228,-0.71860605,-0.33032513,,,,,,-0.16775757,0.11737194,0.39860883,-0.0065457886,-0.9457949,-0.27846962,0.10452293
,,1.6664413,6.07785,-7.146164,1702575420658,,0.60689414,0.12927426,0.06429352,,,,,,-0.15712997,0.21717839,0.20609905,-0.008266241,-0.93287164,-0.3194557,0.096622266
,,1.6690735,6.756135,-7.0519667,1702575420911,,2.003331,0.06513346,0.12110394,,,,,,-0.023045592,0.42833132,0.037358142,-0.007573213,-0.9247524,-0.34831512,0.08903034
,,1.8300308,5.748358,-7.309913,1702575421162,,-0.6013964,0.22151484,-0.04016436,,,,,,-0.07099637,0.2115893,0.28867042,-0.0029202516,-0.9382267,-0.30392507,0.09903428
,,1.8974286,5.248816,-7.4447093,1702575421414,,-2.0967934,-0.7198278,-0.41034842,,,,,,-0.13534991,0.0592904,0.3952442,-0.0013630576,-0.94587654,-0.2788842,0.10838653
,,1.7471594,6.1647086,-7.1403427,1702575421665,,0.8139773,0.23861906,0.0368046,,,,,,-0.13513358,0.24167594,0.14095052,-0.0055610472,-0.9316728,-0.3230385,0.09960009
,,1.719881,6.743054,-6.980024,1702575421914,,2.1994185,0.15615231,0.229227,,,,,,-0.039369266,0.45118606,0.059575655,-0.0063625798,-0.9244282,-0.34859186,0.0938607
52.54149762,13.36333135,1.9002203,5.7730036,-7.2639713,1702575422000,5.428821,-1.1236857,-0.07170025,-0.20631959,,,,,,-0.083200425,0.2673715,0.2651097,-0.002306272,-0.93799984,-0.3030346,0.10527212
,,1.8826728,5.4087367,-7.3810606,1702575422416,,-1.9819508,-1.0661881,-0.32360563,,,,,,-0.19699012,0.17847008,0.3292968,6.8230805E-4,-0.9429795,-0.2856603,0.1131
,,1.746601,6.4209003,-7.0964737,1702575422667,,1.181107,0.2239583,-0.032833982,,,,,,-0.13957438,0.33158022,0.049186993,0.0010926754,-0.9278554,-0.3336507,0.10414295
,,1.7714068,6.7562943,-7.0770116,1702575422920,,2.170708,0.19341506,0.31658068,,,,,,-0.043769665,0.5178665,-0.0037528356,0.00491189,-0.92454505,-0.34659436,0.09898312
,,1.9675384,5.6076593,-7.378827,1702575423170,,-1.7620394,-0.16149737,-0.16539164,,,,,,-0.06647778,0.19478232,0.30974895,0.010113148,-0.94017595,-0.29411417,0.11019816
,,1.9705693,5.4006815,-7.491529,1702575423422,,-1.8377867,-0.8737657,-0.3358229,,,,,,-0.12753852,0.1253415,0.2999588,0.011338407,-0.94369406,-0.28267446,0.11385166
,,1.8141583,6.366662,-7.135557,1702575423673,,1.1175771,0.55260354,0.00320704,,,,,,-0.0499738,0.29660448,0.15158172,0.0075470507,-0.92890966,-0.33097476,0.1018444
,,1.8424734,6.550512,-7.0889764,1702575423924,,2.3985605,0.15615231,0.2603811,,,,,,0.0320676,0.3993519,0.14145952,0.0051456615,-0.9272222,-0.3388336,0.096750125
,,1.9428922,5.4246883,-7.353064,1702575424174,,-2.1591015,-0.075976305,-0.25702137,,,,,,-0.09195611,0.14568307,0.4539076,0.00507087,-0.9427661,-0.28760347,0.10798786
,,1.9096318,5.442475,-7.318927,1702575424424,,-1.5897756,-0.5829941,-0.15867212,,,,,,-0.14660202,0.079701856,0.39639404,0.0022806942,-0.94185334,-0.2890339,0.11009439
,,1.7603196,6.597092,-7.0214987,1702575424676,,1.4187335,0.4652499,0.003817905,,,,,,-0.0962338,0.36408126,0.065772615,-0.0021019664,-0.92569125,-0.342581,0.09899261
,,1.7924633,6.5083985,-6.9931035,1702575424929,,2.2507312,0.027870705,0.260992,,,,,,-0.045931697,0.36166805,0.13274598,-0.0015524415,-0.92644995,-0.34087288,0.09769069
52.54144523,13.36308906,1.917289,5.4136024,-7.291808,1702575425000,8.080768,-2.2953243,0.07185297,-0.37614,,,,,,-0.14701962,0.08823525,0.38949528,0.0019304435,-0.9417764,-0.28996962,0.10923636
,,1.8585854,5.584928,-7.1940207,1702575425431,,-0.82375115,-0.017944153,0.10827578,,,,,,-0.14746226,0.085208416,0.33241463,0.0019343919,-0.93890005,-0.29760036,0.10820271
,,1.8183062,6.7094755,-6.9915085,1702575425688,,1.7186681,0.70043284,0.12110394,,,,,,0.07584042,0.3955477,0.02709287,-0.0012164979,-0.9247863,-0.3459471,0.09616155
,,1.8397617,6.383891,-7.1236725,1702575425939,,1.5207479,0.050472703,0.4167625,,,,,,0.058600288,0.42324275,0.14445302,-0.0017768628,-0.9298743,-0.33011922,0.09591289
,,2.0104496,5.37739,-7.326584,1702575426190,,-2.2763877,-0.3429242,-0.48792824,,,,,,0.03401864,0.17848587,0.43172565,-0.0012703756,-0.9448284,-0.28278548,0.107018255
,,1.878605,5.8675203,-7.2161946,1702575426442,,-0.25809038,-0.23357943,0.12415826,,,,,,-0.029588874,0.32366556,0.27871913,-0.0069729267,-0.9381954,-0.301829,0.10119618
,,1.8241286,6.861259,-7.055716,1702575426694,,1.7492113,0.3907244,0.15164718,,,,,,0.08093907,0.5761872,-0.025785225,-0.013335058,-0.9249146,-0.34790745,0.09116968
,,1.8735006,6.319764,-7.2480187,1702575426944,,0.6832523,0.4805215,0.25060728,,,,,,0.005508812,0.4935435,0.1070068,-0.014793824,-0.93228495,-0.32307422,0.09608165
,,2.0434709,5.3509107,-7.39438,1702575427195,,-2.2617269,-0.7118865,-0.39813113,,,,,,-0.1556832,0.16432956,0.37867692,-0.013278868,-0.94440466,-0.28267682,0.109931014
,,1.8963916,5.914819,-7.149595,1702575427446,,-0.05222894,-0.18654284,0.10583232,,,,,,-0.20934674,0.21476921,0.2351338,-0.016919015,-0.93449277,-0.31206837,0.10343261
,,1.8090535,6.759006,-7.024608,1702575427699,,1.7589852,0.59108806,0.19074252,,,,,,-0.14893603,0.38278487,-0.012614059,-0.019895753,-0.92221314,-0.3535415,0.09286173
,,1.908356,5.983572,-7.204948,1702575427950,,0.37904158,0.496404,0.10399973,,,,,,-0.21185477,0.18990822,0.17635518,-0.017225066,-0.9321981,-0.32145408,0.10168849
52.54137224,13.36282131,2.0598214,5.275376,-7.4160757,1702575428000,10.176674,-2.1755948,-0.5463422,-0.37186393,,,,,,-0.24846318,0.0018768549,0.291679,-0.013595968,-0.9426784,-0.28677523,0.11441633
,,2.0149164,5.9830136,-7.196655,1702575428450,,0.083993904,-0.16210824,-0.023060145,,,,,,-0.19529608,0.11476906,0.04906222,-0.016099092,-0.9310992,-0.3219717,0.10766583
,,1.9117856,6.756533,-7.0342603,1702575428701,,1.7870849,0.28137958,-0.00962112,,,,,,-0.09414663,0.29765934,-0.1632962,-0.017134912,-0.92023945,-0.3589348,0.09741226
,,2.0225732,6.0071015,-7.250731,1702575428951,,0.56046844,0.28748822,0.25854853,,,,,,-0.060411718,0.14899997,0.04914403,-0.012021634,-0.93155897,-0.32335097,0.10531615
,,2.1537795,5.215156,-7.443992,1702575429201,,-2.388176,-0.48586658,-0.35537058,,,,,,-0.092249684,-0.017394101,0.2385801,-0.008212592,-0.9432103,-0.28471982,0.11601909
,,2.0407586,5.969295,-7.2078204,1702575429451,,-0.22204934,-0.23663375,0.013591741,,,,,,-0.033511646,0.118778035,0.07185744,-0.01180264,-0.932145,-0.31950733,0.10596871
,,1.8875384,6.6806016,-6.9398236,1702575429706,,1.6911792,0.26305366,0.009315688,,,,,,0.0051400783,0.30258092,-0.03392134,-0.01570812,-0.92090476,-0.3558206,0.09290813
,,1.9198415,5.999284,-7.1278195,1702575429956,,0.9636392,0.24167338,0.22189663,,,,,,-0.032499075,0.16074063,0.2014529,-0.012714363,-0.93165857,-0.32420012,0.09933258
,,2.055674,5.1997633,-7.367741,1702575430207,,-2.0845761,-0.44310603,-0.47265664,,,,,,-0.089411706,-0.037189476,0.3448499,-0.011331875,-0.9428436,-0.28626093,0.109727874
,,1.9641088,5.9306917,-7.1341214,1702575430456,,-0.34361145,-0.13523018,-0.05054906,,,,,,-0.08945855,0.10070733,0.16483352,-0.016194444,-0.93228656,-0.3197265,0.1033409
,,1.8135203,6.8027945,-6.936394,1702575430708,,1.7760893,0.48296496,0.034361143,,,,,,-0.02019066,0.31027374,-0.060477987,-0.019969,-0.9194666,-0.36118096,0.09056096
,,1.9822145,6.1719666,-7.1937017,1702575430958,,1.4682134,0.29542947,0.1632536,,,,,,0.006326473,0.1927925,0.075090714,-0.016233748,-0.92902255,-0.33329967,0.098268256
52.54107674,13.36242861,2.0928426,5.2677197,-7.4670415,1702575431000,10.846912,-2.157269,-0.18532111,-0.31199917,,,,,,-0.11452293,-0.0050609587,0.27837092,-0.013196037,-0.94207454,-0.28960627,0.110518485
,,2.03693,5.862016,-7.285187,1702575431460,,-0.68019795,-0.26473352,-0.117744185,,,,,,-0.080770425,0.1213617,0.14033428,-0.017199844,-0.93408585,-0.314571,0.10475257
,,1.8628923,6.7562146,-7.027402,1702575431711,,1.5329652,0.6106357,-0.072540194,,,,,,1.10566616E-4,0.35891312,-0.043439437,-0.022004915,-0.921037,-0.3570692,0.09009798
,,1.9938594,6.232665,-7.257352,1702575431961,,1.5732822,0.17814344,0.21884231,,,,,,0.03990155,0.26224086,0.043576337,-0.020168303,-0.929169,-0.33385992,0.095005184
,,2.0392432,5.224329,-7.458507,1702575432213,,-1.9996659,-0.21464261,-0.2441932,,,,,,-0.16115455,0.0043135644,0.341331,-0.017551344,-0.94288456,-0.288195,0.10885193
,,1.9868405,5.593781,-7.331368,1702575432462,,-1.1658354,-0.0045051277,-0.049938194,,,,,,-0.18039183,0.019786406,0.20523442,-0.020960962,-0.93669873,-0.30708313,0.10556649
,,1.8642482,6.6686373,-7.037211,1702575432715,,1.3643665,0.79756033,0.05818487,,,,,,-0.08336441,0.325733,-0.05795711,-0.025588427,-0.9211771,-0.35566157,0.094006486
,,2.0685155,6.3370714,-7.143373,1702575432966,,2.2727225,0.21479532,0.13087778,,,,,,-0.004811756,0.24041434,-0.010377979,-0.022684516,-0.92535704,-0.34326753,0.1002364
,,2.1816962,5.2763333,-7.3793855,1702575433217,,-1.6807945,-0.11262819,-0.2942841,,,,,,-0.17137136,0.01915053,0.28018448,-0.01728538,-0.9397828,-0.2940397,0.114891656
,,2.153939,5.477091,-7.2706714,1702575433467,,-1.6887357,-0.58482665,-0.15867212,,,,,,-0.15909679,0.006088142,0.2513563,-0.017319376,-0.93711036,-0.30230856,0.113866135
,,2.0622144,6.539504,-6.96144,1702575433718,,1.0210605,0.43165234,-0.0065667965,,,,,,-4.5270126E-4,0.26614872,0.003170077,-0.021041298,-0.92157704,-0.351801,0.09909925
,,2.0990639,6.5135813,-6.969575,1702575433969,,2.138943,0.16653702,0.29092434,,,,,,0.046469197,0.33912307,0.10933973,-0.018169148,-0.92353076,-0.34681326,0.10085598
52.54105272,13.36232924,2.2045074,5.3561735,-7.264689,1702575434000,9.528242,-1.5402956,0.016264275,-0.20143266,,,,,,-0.024695365,0.009982554,0.42334735,-0.012164886,-0.9398009,-0.2948018,0.111980066
,,2.1030517,5.3150177,-7.3265834,1702575434469,,-2.1059563,-0.99410605,-0.17272201,,,,,,-0.10320962,-0.03190666,0.39380628,-0.011522573,-0.9410032,-0.2911164,0.11108943
,,1.9144973,6.4733834,-6.985287,1702575434721,,0.79626226,0.48174325,0.025198173,,,,,,0.005094387,0.23967144,0.120065406,-0.01707966,-0.9247924,-0.34401605,0.09564099
,,1.9557338,6.66441,-7.0085764,1702575434971,,2.0906847,0.3125337,0.27504188,,,,,,0.037116986,0.3483429,0.052720103,-0.017139819,-0.9219714,-0.35270396,0.09376115
,,2.1038496,5.65735,-7.3626356,1702575435221,,-0.69302607,0.040088,-0.075594515,,,,,,-0.018533401,0.18301521,0.26333913,-0.01233074,-0.9378218,-0.30227187,0.106655
,,2.0951557,5.33129,-7.4144,1702575435471,,-2.0515893,-0.87804174,-0.1036943,,,,,,-0.056783102,0.056442697,0.33126494,-0.013009178,-0.9422449,-0.28694662,0.1089605
,,1.8872991,6.423454,-7.083632,1702575435726,,0.6881392,0.44997826,0.08689552,,,,,,0.01750653,0.31632996,0.102098145,-0.01988115,-0.92752266,-0.33647364,0.09235993
,,1.815993,6.7164946,-6.9378295,1702575435979,,1.6985096,0.42920887,0.25610507,,,,,,0.07630452,0.38155824,0.100013666,-0.024880012,-0.9227838,-0.35202745,0.08348824
,,1.965624,5.860501,-7.330332,1702575436231,,-0.031459536,0.24411684,0.21090107,,,,,,0.04889535,0.29962188,0.26867688,-0.025073944,-0.9379653,-0.30658185,0.093825676
,,1.981018,5.1994443,-7.3482776,1702575436483,,-2.1316125,-0.6813433,-0.34009898,,,,,,-0.047240417,0.06293947,0.48991162,-0.03104213,-0.9454435,-0.2800677,0.09923144
,,1.8128822,6.17069,-7.056753,1702575436738,,-0.052839804,-0.09369139,0.19562945,,,,,,-0.027335623,0.28004047,0.27621597,-0.041406807,-0.9317902,-0.3251554,0.0853541
,,1.7631114,6.735636,-6.8935633,1702575436990,,1.6325362,0.3174206,0.06062833,,,,,,0.027013196,0.38595554,0.09399947,-0.050964076,-0.9213297,-0.35581878,0.07378461
52.54102016,13.36210239,1.9969699,6.093004,-7.2098136,1702575437000,11.463224,1.5262456,0.087124586,0.30986115,,,,,,0.052633055,0.31225127,0.20938165,-0.05299094,-0.93258834,-0.32303488,0.08489059
,,2.0779274,5.245626,-7.3675795,1702575437492,,-2.1413865,-0.28733552,-0.3480402,,,,,,-0.04915668,0.07887201,0.3776208,-0.057723574,-0.9422479,-0.28634596,0.09586437
,,2.0127628,5.9219165,-7.2105317,1702575437744,,-0.9770782,-0.14744748,0.045967575,,,,,,-0.022184607,0.15747137,0.186714,-0.06652532,-0.9322347,-0.31869552,0.085970744
,,1.8284357,6.7713685,-6.9920664,1702575437994,,1.248913,0.44448048,-0.092087865,,,,,,-0.0030623993,0.37026578,-0.07482077,-0.075113274,-0.91753334,-0.36066213,0.06990273
,,1.9609978,6.3476,-7.174799,1702575438246,,1.9019275,0.43409577,0.1632536,,,,,,0.008240572,0.23492865,0.006542667,-0.075417526,-0.92405117,-0.34367406,0.077138506
,,1.9497515,5.304171,-7.35785,1702575438497,,-2.3594651,0.4560869,-0.87155133,,,,,,-0.24758132,-0.025368031,0.3263996,-0.072646186,-0.9369354,-0.3003753,0.09323375
,,1.7184451,5.7829742,-7.0751777,1702575438749,,-2.098626,0.93072885,-0.21670428,,,,,,-0.18881516,0.20218025,0.6168934,-0.07168306,-0.9326514,-0.31384706,0.094136685
,,1.4951949,6.8544006,-6.378547,1702575439002,,0.47128218,-0.18593197,0.023365578,,,,,,-0.11116478,0.47915635,0.6826366,-0.066693656,-0.91562426,-0.36636582,0.07988193
,,1.5877973,6.8686776,-6.3684974,1702575439253,,1.3069452,0.50739956,0.16203189,,,,,,0.009600767,0.5309026,0.63200897,-0.05424292,-0.9162215,-0.36692923,0.08211498
,,1.7720448,5.7320075,-6.785087,1702575439503,,-0.15851942,0.25450155,-0.2509127,,,,,,0.0881201,0.2806513,0.9784734,-0.04021103,-0.93270046,-0.31995037,0.09377039
,,2.0394826,5.3302517,-6.8278394,1702575439755,,-1.4443898,-1.3203079,-0.4072941,,,,,,0.18644099,0.27429217,0.96588176,-0.03738214,-0.93830216,-0.30027997,0.095241554
52.54095989,13.36190598,1.5164909,6.450412,-6.631788,1702575440000,11.132711,1.3399318,0.9850958,0.091782436,,,,,,0.24755907,0.1976011,0.19179504,-0.030132888,-0.80060875,-0.30164444,0.060128085
,,1.2468998,6.3118668,-6.2869024,1702575440006,,-1.3924663,2.3393831,-0.53007793,,,,,,-0.025410986,0.49774227,0.8833403,-0.034562025,-0.86732095,-0.31139034,0.07575615
,,1.4140781,6.2964735,-7.5310903,1702575440508,,1.4352268,-0.0692568,0.3666716,,,,,,0.20841347,0.46086255,-0.072981246,-0.03229062,-0.81237715,-0.27346906,0.064393125
,,1.5372292,5.112983,-7.578309,1702575440758,,-1.5183045,-0.4822014,-0.20631959,,,,,,0.39435905,-0.14128177,0.54180896,-0.044938367,-0.8232814,-0.23365086,0.06620334
,,1.2301502,5.7521067,-7.5305324,1702575441010,,-2.143219,0.16348268,0.23716825,,,,,,0.0739083,0.005580759,0.3931268,-0.057348046,-0.816572,-0.2567794,0.062041886
,,0.9369497,6.7212005,-7.04455,1702575441260,,0.41935867,0.58620113,-0.034666575,,,,,,0.04317422,0.101167634,0.21158774,-0.06346748,-0.79959357,-0.30277607,0.049354773
,,1.5158532,6.866684,-7.3292165,1702575441512,,1.6594142,0.88185966,0.11133011,,,,,,0.36868343,0.26120028,-0.22422615,-0.0713517,-0.85713154,-0.3353534,0.055492554
,,1.8143977,6.2607403,-7.470312,1702575441765,,1.312443,-0.31971136,0.37949973,,,,,,0.21821205,0.16729459,0.024625126,-0.07944249,-0.92634845,-0.3361935,0.07286697
,,2.2318656,5.2928433,-7.3759546,1702575442020,,-1.3301581,-0.614759,0.041080657,,,,,,0.07639654,-0.68881124,0.098191544,-0.08157208,-0.93039864,-0.3183037,0.08284442
,,1.4473386,6.3291755,-7.1526246,1702575442270,,-2.7803512,1.391321,-0.4922043,,,,,,-0.37464803,-0.11100653,-0.20437379,-0.07490725,-0.91751236,-0.3610562,0.083904795
,,1.8372091,7.0900936,-6.843393,1702575442521,,0.47677997,1.2954152,-0.1311832,,,,,,0.2836689,0.0367057,-0.40012297,-0.06511559,-0.9058088,-0.38949266,0.08144245
,,1.736312,6.783174,-7.150313,1702575442773,,2.0094397,-0.6135373,0.46074477,,,,,,0.23495361,0.003110361,-0.19698836,-0.05179947,-0.9134726,-0.37323716,0.09549913
52.54091678,13.36175906,1.5644276,5.4076996,-7.4494944,1702575443000,11.5712,-2.0515893,0.41027206,-0.9466877,,,,,,-0.14090106,-0.18696257,0.3891247,-0.037222885,-0.93052757,-0.320349,0.103138216
,,1.9902701,5.7174907,-7.705209,1702575443024,,-0.38820457,0.93195057,-0.42378744,,,,,,0.13281292,-0.27719644,0.11260352,-0.042072006,-0.9270306,-0.3323143,0.103784405
,,1.3824135,6.4378896,-7.130372,1702575443530,,-0.16157374,-0.6709586,0.24999641,,,,,,0.21408479,0.4079043,0.30875632,-0.031592723,-0.91951627,-0.3557966,0.09451866
,,1.8272392,6.7213583,-7.014081,1702575443781,,1.0338887,-0.09552398,0.022143848,,,,,,0.29529914,0.33956978,0.20941035,-0.02998821,-0.9158928,-0.36480576,0.09025481
,,1.8522044,6.006224,-7.072705,1702575444035,,1.7608178,0.7596867,-0.5031999,,,,,,-0.014186684,0.12117346,0.3253091,-0.031073837,-0.9266214,-0.34035295,0.09723192
,,1.9298912,4.9472404,-7.213483,1702575444289,,-0.23121232,-0.1297324,-0.25579962,,,,,,-0.19365746,-0.09120194,0.5262024,-0.03590008,-0.9371216,-0.30456418,0.100027055
,,2.1158934,5.1003017,-6.685307,1702575444539,,-1.6368122,-0.33864817,-0.5697841,,,,,,0.06894416,-0.08170079,0.8191675,-0.039729897,-0.93448824,-0.3137521,0.10181952
,,1.8927228,6.0815187,-6.6519666,1702575444792,,-0.31428993,0.8048907,-0.16111559,,,,,,0.024465641,0.25400937,0.46883425,-0.040860016,-0.92111295,-0.35391536,0.09278587
,,1.8961524,6.0563135,-6.5579286,1702575445043,,1.4169009,0.48846275,0.35628688,,,,,,-0.058128666,0.27237844,0.5517864,-0.043861885,-0.91852576,-0.35989612,0.08958531
,,2.0308683,5.619704,-6.912626,1702575445292,,1.9422445,-0.5353466,0.7014255,,,,,,-0.08965118,0.3458691,0.44327047,-0.04624464,-0.9276745,-0.33717355,0.09565167
,,1.8117656,5.0230126,-7.105009,1702575445547,,-0.7651081,-0.20364705,0.0697913,,,,,,-0.33806458,0.37327608,0.5331525,-0.051160883,-0.9353245,-0.30654308,0.10027123
,,1.9391433,5.756811,-6.789076,1702575445797,,-1.6588033,-1.0002147,-0.21487169,,,,,,0.0652128,0.5139726,0.673837,-0.05462874,-0.9307657,-0.32309157,0.10133953
52.54092639,13.3616818,2.2238092,6.603872,-6.6212597,1702575446000,10.734758,1.9501858,-0.022831071,0.34101525,,,,,,0.2659836,0.3235907,0.21770284,-0.05428602,-0.91855896,-0.35858834,0.09100155
,,1.6189836,6.612006,-6.811169,1702575446048,,0.63316137,0.3351357,0.24205516,,,,,,-0.19614244,0.579781,0.20850612,-0.05388985,-0.918377,-0.35865715,0.091243416
,,2.5053647,5.987002,-6.839484,1702575446548,,1.7540982,-0.14500403,0.16203189,,,,,,0.09850837,0.15033405,0.39918151,-0.055175148,-0.92828375,-0.33275467,0.100251846
,,2.5698915,5.2348576,-6.911031,1702575446800,,-1.1804962,0.031535894,-0.05665771,,,,,,0.105006285,-0.22075406,0.6435861,-0.05178003,-0.9354861,-0.30222875,0.10651402
,,2.5753949,5.7048883,-6.895079,1702575447052,,-2.4346015,0.30642503,-0.457385,,,,,,0.1796387,-0.25238952,0.49386686,-0.04573008,-0.93128556,-0.32107705,0.104769945
,,2.5623138,6.4827952,-6.985129,1702575447303,,0.1847866,-0.24885105,-0.09636392,,,,,,0.25171363,0.0803364,0.1699955,-0.045157008,-0.9208949,-0.3509159,0.09244353
,,2.6934404,6.4394045,-6.986006,1702575447556,,1.3112212,0.27160576,0.27565274,,,,,,0.43585187,0.11225131,0.28033555,-0.04698984,-0.922487,-0.34754813,0.093509465
,,2.26385,5.86409,-7.163791,1702575447808,,1.963014,-0.17310381,-0.13179408,,,,,,0.05984883,-0.021056628,0.45530853,-0.047589824,-0.9312392,-0.32423654,0.10149626
,,2.2695923,5.453323,-7.3435726,1702575448059,,-1.3839141,-0.016111558,-0.37491825,,,,,,0.13372746,-0.33464697,0.45779446,-0.047769833,-0.9369989,-0.29911625,0.10500517
,,2.200998,6.1083975,-7.1618776,1702575448311,,-2.0772457,0.18119776,-0.29550585,,,,,,0.10794657,-0.0019408861,0.5429432,-0.050493483,-0.93248785,-0.31931537,0.103003725
,,2.1656642,6.4587865,-6.79769,1702575448565,,0.22327107,0.53549933,0.17974696,,,,,,0.08342598,0.027007468,0.52884823,-0.053193595,-0.92269933,-0.3469557,0.09376001
,,2.037967,6.168457,-6.8330235,1702575448816,,1.2073742,0.13660464,0.14492767,,,,,,-0.1428003,-0.17679152,0.3983024,-0.052101288,-0.92304826,-0.34661773,0.093194656
52.54088249,13.36153176,2.4487348,5.3763537,-7.3183684,1702575449000,12.307468,-0.31184646,-0.35391977,0.14859286,,,,,,0.10251761,-0.10844111,0.412673,-0.054697096,-0.93645483,-0.3036923,0.0962822
,,2.2219748,5.8317876,-7.096633,1702575449068,,1.4193443,0.90812683,-0.14217877,,,,,,0.012587086,-0.14356318,0.40916365,-0.051626302,-0.9305785,-0.32825375,0.09496866
,,2.181297,5.6612597,-7.323553,1702575449574,,-2.0827434,-0.52129674,-0.03894263,,,,,,-0.045858048,0.078061484,0.36050156,-0.06048688,-0.9335054,-0.31739601,0.09224522
,,1.9827724,6.1487565,-7.3266625,1702575449825,,-1.0241148,1.2569306,0.11255184,,,,,,0.041064914,0.21831499,0.059038043,-0.068907045,-0.92394674,-0.3442737,0.07821708
,,2.153939,6.338587,-7.422297,1702575450077,,0.49999282,0.09262237,-0.005345067,,,,,,0.2471168,0.4189499,0.077149644,-0.0808667,-0.92039496,-0.34964377,0.072025895
,,2.2375283,5.9541407,-7.4726253,1702575450329,,1.4217877,-0.034437504,-0.19715661,,,,,,-0.018616136,0.29768422,0.20170505,-0.0920082,-0.9242064,-0.3382704,0.076375656
,,2.001038,5.452446,-7.2816777,1702575450581,,0.52992517,-0.20120358,0.48579022,,,,,,-0.36475644,0.23464265,0.47176144,-0.10051551,-0.92799246,-0.32052928,0.083101034
,,1.8891337,5.680801,-7.30401,1702575450833,,-2.319148,0.5257255,-1.0028872,,,,,,-0.3805776,0.17437276,0.2403899,-0.10431306,-0.92566615,-0.32871714,0.085660584
,,2.048017,6.3808603,-7.0414386,1702575451083,,-0.88605934,0.08468113,-0.525191,,,,,,-0.14428358,0.3841149,-0.10202454,-0.10260088,-0.9170352,-0.35600954,0.08048691
,,2.11366,6.4040713,-6.779186,1702575451336,,0.52992517,0.48174325,0.03375028,,,,,,-0.09761487,0.12827554,-0.14832126,-0.095886864,-0.91344625,-0.3646688,0.08081875
,,2.1506689,6.240243,-6.9094343,1702575451589,,1.2159263,0.8122211,0.39538223,,,,,,-0.10088117,0.09653481,-0.09231423,-0.087116756,-0.92087036,-0.3502714,0.08736547
,,2.1793828,5.8896136,-7.105326,1702575451838,,1.1212423,0.07185297,0.2988656,,,,,,-0.024059702,0.09250641,-0.04639141,-0.08300276,-0.92981964,-0.32300988,0.091628954
52.5408,13.36124679,2.2006795,6.3262234,-7.007062,1702575452000,11.52484,-1.5573997,-0.12912154,-0.44577858,,,,,,0.060241222,0.14142318,-0.27412364,-0.08214377,-0.9249926,-0.33930767,0.08454551
,,2.1048863,5.9806995,-7.1418576,1702575452091,,-2.5176792,0.45242172,-0.53007793,,,,,,0.14891802,0.16600661,-0.1940215,-0.08182187,-0.9316502,-0.31522205,0.09201383
,,1.6995423,6.5879993,-6.596135,1702575452593,,0.716239,0.8678098,0.32391104,,,,,,0.05058666,0.35101396,0.16481824,-0.0852345,-0.9192005,-0.3521634,0.07587635
,,1.7879169,6.4498534,-6.7784677,1702575452843,,1.1823288,0.4004982,0.5890264,,,,,,-0.0061516603,0.5521496,0.19777255,-0.09112886,-0.92315525,-0.34288886,0.07907602
,,1.6631714,6.1757154,-6.8947587,1702575453093,,1.466381,-0.71677345,0.64339334,,,,,,-0.063265875,0.5056323,0.1513061,-0.09703688,-0.9286869,-0.3240124,0.086155064
,,1.6033509,5.716932,-6.8535223,1702575453343,,-1.4547745,-0.40950847,0.05818487,,,,,,-0.1758366,0.2909516,0.3122757,-0.09982131,-0.92941105,-0.3165272,0.092076614
,,1.8117656,5.9531837,-7.13125,1702575453594,,-1.4785982,-0.7100539,-0.6717985,,,,,,-0.17486696,0.180494,0.049178503,-0.100511685,-0.92317945,-0.33980513,0.090695865
,,1.6684357,6.5173316,-6.8930044,1702575453844,,0.36438084,-0.6636282,0.04046979,,,,,,-0.09588675,0.5191056,0.21862586,-0.09890103,-0.9149471,-0.35960504,0.08353464
,,1.6175482,6.1721272,-7.0653677,1702575454095,,0.5519163,0.2917643,0.4045452,,,,,,-0.42122653,0.3142334,-0.06699809,-0.09484396,-0.9163775,-0.35717,0.08794619
,,1.6993029,5.97767,-7.2738614,1702575454346,,2.0558655,0.6766091,-0.016340632,,,,,,-0.46189687,0.28610212,-0.09657248,-0.090940274,-0.92168015,-0.34383342,0.09427225
,,1.7660625,5.4141583,-7.35753,1702575454595,,-0.40591964,0.01687514,0.37705627,,,,,,-0.5549373,0.031183561,0.01815826,-0.086346075,-0.9260372,-0.3254209,0.09847454
,,2.0580664,5.8273187,-7.500462,1702575454849,,-1.0803144,-0.55061823,-0.33154687,,,,,,-0.26156086,0.016082637,-0.49764046,-0.08234451,-0.92404354,-0.33555317,0.0975242
52.54071303,13.3609655,1.8893725,6.2465434,-6.749834,1702575455000,12.207276,1.2018764,0.26305366,0.40882125,,,,,,-0.11195041,0.043195914,-0.12885115,-0.07618674,-0.9183941,-0.35352466,0.08723366
,,2.2071395,6.4304705,-7.1253476,1702575455101,,-0.5726857,-1.2005783,0.044134982,,,,,,0.028612021,0.14242628,-0.411533,-0.07805577,-0.9182139,-0.35321918,0.08912101
,,2.3331614,6.212565,-7.1295753,1702575455602,,1.0308343,0.5464949,0.11560616,,,,,,0.18294458,0.13135292,-0.15957776,-0.07887463,-0.92365384,-0.34107715,0.091326274
,,2.514378,5.7493143,-7.197052,1702575455854,,0.07238748,0.9392809,-0.29917103,,,,,,0.2755928,-0.22111927,0.04494289,-0.08224063,-0.9288581,-0.321095,0.09585484
,,2.548675,5.731528,-7.0632124,1702575456106,,-1.7473787,-0.49258608,0.3336849,,,,,,0.16091785,-0.17022254,0.23668769,-0.08581924,-0.92791307,-0.32337064,0.09724401
,,2.5176482,6.184489,-7.1186476,1702575456358,,-1.0015128,-0.8755983,-0.65591604,,,,,,-0.028538482,-0.04266908,0.13467687,-0.08950754,-0.9210184,-0.34504426,0.09251653
,,2.034537,6.122117,-6.88128,1702575456612,,0.0051923506,-0.18287764,-0.24724752,,,,,,-0.5822427,-0.23466995,0.19917534,-0.09009111,-0.9143442,-0.35808375,0.09209509
,,2.187279,6.0921264,-7.29125,1702575456863,,0.77732545,0.54221886,-0.059101168,,,,,,-0.58251745,-0.25110573,-0.054663625,-0.085409075,-0.9163869,-0.35318086,0.10229036
,,2.2084157,5.9652276,-7.321239,1702575457113,,2.0387611,-0.6788998,0.43692103,,,,,,-0.6355123,-0.26187733,-0.04671173,-0.07837494,-0.92064655,-0.34113875,0.10899426
,,2.0110877,5.860102,-7.1547,1702575457365,,-0.29352054,-0.24274239,-0.020616686,,,,,,-0.72257966,-0.042744733,-0.007266267,-0.06929858,-0.92341846,-0.32939407,0.11198641
,,2.0412376,6.209534,-7.275697,1702575457616,,-2.3973389,1.0162499,-1.2313507,,,,,,-0.5212479,-0.08291754,-0.326227,-0.057496388,-0.9213975,-0.34010744,0.1133628
,,1.7339189,6.524828,-6.7807813,1702575457865,,-1.5396847,0.47563457,-0.44761115,,,,,,-0.56832033,0.119463444,0.10043685,-0.041492693,-0.9178165,-0.3502561,0.11568096
52.54065383,13.36081143,2.2974286,6.555455,-7.0246882,1702575458000,11.693598,0.6716458,0.21479532,0.42592546,,,,,,0.3128625,0.4171153,-0.09661872,-0.023352604,-0.9238424,-0.33994815,0.11621675
,,2.1165314,6.7208,-6.996454,1702575458117,,1.3643665,-0.28367034,0.11438443,,,,,,0.0012188276,0.36529285,-0.015529028,-0.02944655,-0.9197656,-0.34769833,0.11753333
,,2.3410578,6.1942196,-7.0426345,1702575458619,,1.2525783,0.26794055,-0.10980295,,,,,,0.24556294,0.263076,0.020294635,-0.020374577,-0.92754114,-0.32981235,0.1115044
,,2.3771095,6.102016,-7.2211404,1702575458869,,-1.4425572,0.7108175,0.12049308,,,,,,0.29536808,0.14921407,-0.057208538,-0.017752357,-0.92771333,-0.33029422,0.11011792
,,2.646382,6.386683,-7.049176,1702575459121,,-0.9666935,-0.6306415,-0.945466,,,,,,0.644418,0.23591563,-0.115511306,-0.015177294,-0.9246748,-0.33854917,0.114254236
,,2.5278578,6.246144,-7.036095,1702575459371,,-0.18967351,-1.315421,0.10644319,,,,,,0.71240973,0.05334835,-0.22117649,-0.009855428,-0.923272,-0.34215513,0.111493915
,,2.4680371,5.9790254,-6.6729445,1702575459620,,0.107817635,-0.22808164,0.34468046,,,,,,0.7046807,-0.0871463,-0.04838168,-0.009022811,-0.9249985,-0.33898365,0.111066006
,,2.5560129,6.1079984,-6.6743,1702575459873,,1.1249075,0.11339177,0.5542071,,,,,,0.6250831,-0.1157614,0.09174644,-0.015989007,-0.9253301,-0.33829883,0.10735845
,,2.6176682,6.142216,-6.5990067,1702575460124,,0.116980605,-0.40156722,-0.021227552,,,,,,0.822299,-0.097187266,0.16010989,-0.027029164,-0.9250306,-0.33841792,0.10295261
,,2.5244277,6.3359547,-6.960801,1702575460374,,-1.9196426,0.0022143847,-0.86971873,,,,,,0.77990264,-0.14828883,-0.22163464,-0.037520293,-0.9237534,-0.34841496,0.09006827
,,1.9123441,6.2798834,-6.6549983,1702575460624,,-1.6514729,-1.3404664,-0.12812889,,,,,,0.39677727,-0.36966884,0.054641757,-0.041439217,-0.9195883,-0.36610883,0.06660624
,,1.5212771,6.860223,-6.288736,1702575460874,,-0.69424784,0.15554145,-0.32238388,,,,,,0.24806553,-0.02879111,0.10840055,-0.03717675,-0.63583344,-0.19578113,0.056848302
52.54059652,13.36067712,0.60474604,7.313901,-5.5547786,1702575461000,11.562469,1.0558797,0.31558803,0.28176138,,,,,,-0.05386555,-0.14249904,0.022208476,-0.0257234,-0.06875932,0.14432806,0.05012302
,,0.9903893,7.2563934,-5.9653864,1702575461125,,1.2635738,-0.28794637,0.15225805,,,,,,-0.07922062,0.07481451,0.01760358,-0.03672264,-0.36105922,-0.011472774,0.053475067
,,0.15856437,7.630631,-5.4914484,1702575461631,,0.7651081,-0.5164098,0.5731439,,,,,,-0.15626635,0.014632353,0.022949107,-0.0035983657,0.18322676,0.22410472,0.041252706
,,-0.109431766,7.9944215,-4.8931627,1702575461884,,-1.402851,0.6778308,-0.24297146,,,,,,-0.17047182,0.24836618,0.25243175,0.03416302,0.5011736,0.3127542,0.03680922
,,-0.14197412,8.226924,-4.747838,1702575462135,,-1.2330306,-1.2757148,-0.4903717,,,,,,-0.15729539,0.39562163,0.25865945,0.054714773,0.79814994,0.45997974,0.03554707
,,-0.24869403,8.585926,-4.3657045,1702575462387,,-0.36438084,0.5782599,-0.16416991,,,,,,-0.08629094,0.6350449,0.4714665,0.057025094,0.7909695,0.46844432,0.04368715
,,-0.13950154,8.1277,-4.3800616,1702575462640,,1.5457933,0.19036074,0.46013388,,,,,,0.045549113,0.16646512,0.43395063,0.05962285,0.78972876,0.46919143,0.049319427
,,-0.18217354,8.262097,-4.636333,1702575462893,,1.9507967,-0.44982556,0.46746427,,,,,,-0.119037345,0.4343623,0.24273613,0.0666501,0.7941834,0.4608174,0.04884242
,,-0.15050854,8.12451,-4.873063,1702575463143,,-0.5537489,0.21051927,0.087506376,,,,,,-0.11744543,0.25858432,0.12435762,0.0798396,0.8599409,0.47245228,0.051932503
,,-0.17379865,8.048817,-4.5786657,1702575463395,,-1.5738931,0.27282748,-0.35781404,,,,,,-0.07511024,-0.055798594,0.33720824,0.07585759,0.85632604,0.48297712,0.051800832
,,-0.50185466,8.398328,-4.3025346,1702575463645,,-1.1517855,0.08773545,-0.34193155,,,,,,-0.27050847,0.13770169,0.35927188,0.07320487,0.8486193,0.4953423,0.058324285
,,-0.22348963,8.282197,-4.4376483,1702575463896,,1.5500693,-0.30443972,0.27259842,,,,,,0.019987067,0.016600735,-0.062207285,0.07076008,0.84485906,0.50020957,0.059022818
52.54056683,13.36054142,-0.43381867,8.305088,-4.4882174,1702575464000,11.661303,1.8145739,-0.34720027,0.99158627,,,,,,-0.08258747,0.15924518,0.28139302,0.074812464,0.85420936,0.48491257,0.052758586
,,-0.49172503,8.445626,-4.334279,1702575464150,,2.2495096,1.2673154,0.2933678,,,,,,-0.1257475,0.23365107,0.11407432,0.07466079,0.849,0.49509954,0.057605807
,,-0.5016951,7.93795,-4.0634117,1702575464652,,-1.8512257,0.20746495,-0.08048143,,,,,,-0.22692673,-0.14342375,0.59019876,0.07608045,0.8530586,0.48836765,0.049294505
,,-0.41826528,8.395378,-3.8812377,1702575464904,,-1.4517201,-0.3362047,-0.6375901,,,,,,-0.23621154,0.022769038,0.53668034,0.0587766,0.7254588,0.44893086,0.046981733
,,-0.2620938,8.657791,-3.8720653,1702575465156,,-0.66431546,1.4108685,-0.16478078,,,,,,-0.037276402,0.2313837,0.2450912,0.053465243,0.7192997,0.45829958,0.04635282
,,-0.23529418,8.152426,-4.1035314,1702575465406,,0.65881765,-0.29894194,0.1876882,,,,,,-0.18445237,-0.109856606,0.47153997,0.04780731,0.726603,0.45051613,0.036419515
,,0.09619145,8.375597,-4.8743386,1702575465662,,2.012494,0.41149378,1.0764965,,,,,,-0.130255,0.21074145,0.3811084,0.04496018,0.6804239,0.4016264,0.028112326
,,0.19030918,7.6714683,-4.9031324,1702575465913,,-0.8500183,0.5238929,-0.23930627,,,,,,-0.12165319,0.004217561,0.6990045,0.048349,0.6261015,0.35781336,0.027586002
,,0.2392025,8.140621,-4.7683377,1702575466164,,-1.6728532,-0.47609273,-0.5441278,,,,,,-0.08205176,0.1486066,0.6599723,0.02623066,0.44299608,0.2827639,0.0269724
,,0.14867404,8.935678,-4.6968718,1702575466416,,-0.4499019,0.6992111,-0.3205513,,,,,,-0.013648177,0.68673015,0.42671824,0.03207129,0.55388635,0.354786,0.032763135
,,0.3097908,8.568858,-4.6195836,1702575466668,,0.9275982,-0.23541202,0.70997757,,,,,,0.16055368,0.22656743,0.36801976,0.023137957,0.55156666,0.3581232,0.032013237
,,0.2694319,8.493724,-4.8065424,1702575466921,,1.8249586,0.11827869,0.74357516,,,,,,0.2025188,0.19575304,0.31936514,0.03025725,0.5595183,0.34560695,0.03360097
52.5405201,13.3603794,0.35397822,8.0213,-4.7832522,1702575467000,10.458594,-2.2721117,0.47135854,-0.7298307,,,,,,0.16271082,0.033700068,0.17105846,0.057726145,0.688593,0.37935606,0.030237535
,,0.4615755,8.056954,-5.0739,1702575467172,,-0.092546016,0.4249328,0.33979353,,,,,,0.26759046,0.36377996,0.075510696,0.04921886,0.6306059,0.3460935,0.03090561
,,0.07665006,8.72455,-4.189194,1702575467675,,-1.3906337,0.4334849,-0.48365217,,,,,,0.10827522,0.41607898,0.15531144,0.070123285,0.8516652,0.49581924,0.036822915
,,-0.020658037,8.631868,-3.8921657,1702575467930,,1.1658354,-0.5762746,0.17852524,,,,,,0.092735134,0.2769142,-0.009986877,0.065329276,0.83886695,0.511756,0.04258395
,,-0.18711875,8.537431,-3.9513483,1702575468180,,2.1138976,0.9233985,0.60002196,,,,,,-0.033780202,0.26559848,0.17394796,0.07257465,0.84301376,0.5056988,0.045171842
,,-0.23385856,8.381021,-4.3453665,1702575468433,,0.7351758,-0.030161448,0.12110394,,,,,,-0.1142789,0.49549177,0.41123334,0.07520537,0.8550322,0.48208088,0.04185578
,,-0.4612564,8.067959,-3.9778287,1702575468685,,-1.6820161,0.6729439,-0.24174973,,,,,,-0.19728035,0.026724784,0.8101639,0.07021563,0.8563138,0.48048523,0.045067556
,,-0.50464624,8.754302,-3.5866816,1702575468936,,-1.4785982,-0.43944085,-0.5398517,,,,,,-0.051077608,0.48798433,0.81628674,0.060031828,0.84667337,0.5025837,0.050478082
,,-0.40949175,9.12176,-3.9180877,1702575469188,,0.109650224,0.27282748,0.075289086,,,,,,-0.019014984,0.7194952,0.22479792,0.05672134,0.8381167,0.5136924,0.059696727
,,-0.3896313,8.422338,-3.8973496,1702575469439,,1.5628976,-0.3099375,0.17730351,,,,,,0.09722667,0.10306587,0.49425805,0.058772,0.84264827,0.50812745,0.061411396
,,-0.48023948,8.600602,-4.1289754,1702575469691,,2.238514,0.03092503,0.7649554,,,,,,-0.03821546,0.4116702,0.60736597,0.06618321,0.85369813,0.49013188,0.060597036
,,-0.29431716,8.167341,-4.4075,1702575469944,,-0.883005,0.66866785,-0.03527744,,,,,,0.053948436,0.04561167,0.18960947,0.07723138,0.85746187,0.4777437,0.06352139
52.5404739,13.36023818,-0.569412,8.916534,-4.0147576,1702575470000,10.844517,-1.0357212,0.96249384,-0.3602575,,,,,,-0.21265136,0.27005577,-0.026687285,0.08129081,0.8336967,0.51997304,0.07296392
,,-0.26313072,8.19797,-4.0488954,1702575470194,,-1.9000949,-0.6947823,-0.479987,,,,,,0.112345144,-0.18967324,0.36282292,0.07779736,0.84756845,0.5005134,0.06369098
,,-0.5021737,8.49085,-3.6754553,1702575470699,,-0.14691298,0.39683303,0.08506292,,,,,,-0.07737017,-0.2498196,0.09588902,0.077863865,0.82987994,0.5250751,0.070670106
,,-0.3721637,8.587522,-3.9243886,1702575470949,,2.3906193,0.83726656,0.33857182,,,,,,-0.108193204,-0.06791875,0.26416314,0.0810583,0.8380091,0.5143088,0.06686821
,,-0.5346363,7.9771924,-4.7317266,1702575471200,,-1.0070106,-0.0112246405,0.25793764,,,,,,-0.3365338,-0.2727026,0.23120072,0.086832285,0.84762084,0.49369684,0.061261076
,,-0.7387441,8.116933,-4.244628,1702575471449,,-1.6294818,0.44509134,-0.7334959,,,,,,-0.4100914,-0.1982827,0.59931594,0.088821925,0.84363145,0.50327545,0.058833852
,,-0.88095754,8.824092,-3.8593836,1702575471700,,-1.4498875,0.76213014,-0.3346012,,,,,,-0.39239728,0.17097233,0.54857713,0.082256466,0.8330713,0.52167904,0.066747434
,,-0.68211395,8.676932,-3.7794635,1702575471952,,0.065667965,1.4078143,-0.47021317,,,,,,-0.11159976,0.035111617,0.43262142,0.07126175,0.8281327,0.5288343,0.065973416
,,-0.7490332,8.444909,-3.7729232,1702575472203,,2.957502,0.37117672,0.29947644,,,,,,-0.09585629,-0.11488886,0.73474187,0.06871113,0.83167493,0.5245184,0.06737486
,,-0.8249654,8.513982,-4.468676,1702575472455,,2.1780384,-1.0765728,1.2927426,,,,,,-0.091942236,0.1633409,0.3249297,0.06909619,0.84312636,0.5051378,0.063851975
,,-0.5087141,8.104889,-4.2141595,1702575472705,,-1.660025,0.6283508,-0.3639227,,,,,,0.1968486,0.031598218,0.49933323,0.07499504,0.8468595,0.4935112,0.063325964
,,-0.21998015,8.103056,-4.081916,1702575472958,,-1.5030328,-0.40462157,-0.35292712,,,,,,0.26867476,-0.19556636,0.6072632,0.066502735,0.84195924,0.5066455,0.06137359
52.54042377,13.36009849,-0.20354941,8.202755,-4.1659036,1702575473000,10.531005,1.0571015,-0.046043932,0.36850417,,,,,,0.20495924,-0.04279534,0.40706444,0.06438092,0.8370854,0.51408464,0.060978796
,,-0.3436093,8.506086,-4.201876,1702575473210,,-0.05222894,0.96310467,-0.067653276,,,,,,0.0784236,0.34182486,0.3545652,0.0645595,0.8361913,0.51493174,0.06223749
,,-0.112382896,8.20794,-4.617349,1702575473714,,1.9758421,0.22640176,0.3996583,,,,,,0.1619092,0.08772906,0.36747283,0.07081608,0.8475897,0.4999118,0.055727962
,,0.01443671,7.5485578,-4.6809187,1702575473965,,-0.7553343,-0.33925903,-0.29061893,,,,,,0.11181853,-0.21552137,0.744278,0.078429885,0.8556671,0.48117274,0.0505366
,,-0.01595215,8.037012,-4.341139,1702575474215,,-1.8023565,0.5916989,-0.46349365,,,,,,0.015653778,-0.061277915,0.6194657,0.076587275,0.8522043,0.49117044,0.049131583
,,-0.19613168,8.582337,-3.96722,1702575474466,,-1.1884375,0.57031864,-0.47204575,,,,,,0.010648023,0.39408052,0.5491552,0.073992044,0.8430439,0.50737846,0.05549504
,,0.0914856,8.683314,-3.9447277,1702575474721,,1.0290017,-0.11140647,0.40515608,,,,,,0.35360298,0.21145257,0.39316693,0.06992659,0.8392425,0.51280576,0.054446474
,,0.044985063,8.438449,-4.2218957,1702575474972,,2.2183554,1.784107,0.30130905,,,,,,0.23315538,0.05203565,0.4222669,0.074068435,0.8468678,0.50312173,0.051237218
,,-0.028713865,8.258828,-4.84387,1702575475223,,2.2727225,-0.52801627,0.8987348,,,,,,0.15001908,0.15146647,0.2585935,0.08215508,0.859124,0.47959894,0.044396877
,,-0.0745763,7.8553977,-4.6014776,1702575475472,,-2.356411,0.5183951,-0.6992875,,,,,,0.0831406,-0.04979992,0.4211467,0.09427602,0.8603631,0.47161815,0.045238893
,,0.04586243,8.106644,-4.3785467,1702575475723,,-1.3955206,-1.2225695,-0.32421649,,,,,,0.20789027,-0.08011777,0.38444343,0.087918885,0.8508181,0.49350384,0.046277452
,,-0.07465608,8.382775,-4.212804,1702575475974,,-0.56352276,0.97898716,-0.3113883,,,,,,0.15211916,0.005344121,0.37034824,0.08602045,0.8410776,0.5066892,0.05180106
52.54037639,13.35999772,-0.38340995,8.106644,-4.239364,1702575476000,10.487703,2.2782202,0.49518228,0.53343767,,,,,,-0.22200254,-0.21784048,0.7042029,0.09789957,0.8453332,0.49796268,0.055377066
,,-0.21575285,7.885387,-4.206423,1702575476224,,1.4566071,0.38400486,0.581696,,,,,,-4.29523E-4,-0.5216439,0.5150376,0.08969655,0.83938605,0.5080003,0.054831795
,,-0.30947173,7.588279,-4.22086,1702575476729,,-0.98563033,0.04130973,-0.08353576,,,,,,-0.2107562,-0.38907605,0.9681281,0.10765731,0.8492846,0.4859572,0.05590887
,,-0.24518459,8.043714,-4.0528035,1702575476980,,-1.3594795,-0.19509494,-0.5398517,,,,,,-0.24493252,-0.49328163,0.8161666,0.10072296,0.84102374,0.50886047,0.054617338
,,-0.43748772,8.580423,-4.0060635,1702575477232,,-0.67592186,0.052305296,0.13209951,,,,,,-0.4486133,-0.22808832,0.61367035,0.09845677,0.8291276,0.5268823,0.06365374
,,-0.45878384,8.479606,-4.0543985,1702575477484,,1.5916082,-1.6434554,0.84009176,,,,,,-0.40695798,-0.42531964,0.3882396,0.09447903,0.8265831,0.5306757,0.061772704
,,-0.38819557,8.317212,-4.336911,1702575477735,,1.8029674,-0.23602287,0.06429352,,,,,,-0.4377588,-0.3389642,0.53915155,0.09593379,0.8398048,0.51343656,0.054713048
,,-0.18903297,7.6988273,-5.1213584,1702575477986,,-1.0393864,-0.18898629,0.364839,,,,,,-0.17377387,-0.2968892,0.5306738,0.09916565,0.85565174,0.48092118,0.047299266
,,-0.13647063,7.8617783,-4.7234316,1702575478239,,-1.6801835,0.70348716,-0.84161896,,,,,,-0.2396941,-0.4670576,0.5893813,0.09576457,0.8535229,0.4872294,0.047196962
,,-0.39003006,8.6694355,-4.532804,1702575478490,,-0.79076445,0.15554145,-0.04016436,,,,,,-0.35557288,0.1625851,0.34432843,0.08516792,0.8404334,0.51112825,0.05449454
,,-0.2883351,8.8054285,-4.403113,1702575478741,,0.95203274,0.18608469,0.16081016,,,,,,-0.03155974,0.31388396,0.26266828,0.07414978,0.8352236,0.5192074,0.051787183
,,-0.08590233,8.263931,-4.5608,1702575478992,,1.4847069,-0.10529782,0.18646647,,,,,,0.06820913,-0.07029435,0.37046495,0.07312606,0.8458529,0.5054118,0.049202655
52.54033066,13.35991681,0.016111678,7.718687,-4.617909,1702575479000,11.207042,-2.0906847,0.4145481,-0.7866411,,,,,,-0.026717547,-0.27862737,0.4304394,0.08973471,0.85796565,0.4790648,0.044240747
,,-0.026560333,7.955577,-5.2740197,1702575479242,,-0.051007207,-0.050319985,0.4027126,,,,,,0.11565193,0.08871966,0.23005335,0.08183295,0.8603534,0.4756974,0.04460192
,,-0.06867401,8.426325,-4.378388,1702575479745,,-1.0925317,0.3418552,-0.2093739,,,,,,0.038769677,0.13648032,0.2637737,0.084074624,0.8428705,0.5086574,0.04952121
,,0.21152551,8.840443,-4.071946,1702575479995,,-0.028405212,0.39988735,0.1443168,,,,,,0.3789011,0.234661,0.21411403,0.083106406,0.8350192,0.5192457,0.051640935
,,0.03294117,8.433903,-4.275575,1702575480246,,2.3026547,1.2068397,0.47784898,,,,,,0.24059987,-0.10806039,0.050533883,0.08923755,0.8417576,0.5100073,0.051435903
,,-0.09363915,8.25819,-5.0611386,1702575480496,,0.29352054,-0.014889829,0.5933024,,,,,,0.028454578,0.19253178,-0.06835691,0.10180231,0.8566227,0.48116717,0.043717302
,,-0.08015957,7.9677014,-4.7501516,1702575480746,,-1.6838487,0.7560215,-0.4732675,,,,,,-0.0953308,-0.16759843,0.09921584,0.09983624,0.79714066,0.45086774,0.04121761
,,-0.18049859,8.756614,-4.5771503,1702575480999,,-0.91477,-0.71738434,-0.40790495,,,,,,-0.13147943,0.007511727,-0.110657595,0.0804447,0.72386,0.45158434,0.042466592
,,-0.33978078,8.926505,-4.104249,1702575481250,,0.4169152,0.82810354,0.064904384,,,,,,-0.10878912,0.28229812,0.01061759,0.06919181,0.7118056,0.4689277,0.04384383
,,-0.4763312,8.316654,-4.3202415,1702575481502,,2.075413,-0.02527453,0.42653632,,,,,,-0.30795738,-0.04572347,0.12723473,0.06743706,0.71868527,0.46043596,0.038617782
,,-0.09268201,7.9678597,-4.637051,1702575481753,,-0.23915356,-0.21952952,0.0716239,,,,,,-0.2781424,0.068220206,0.4660021,0.07623756,0.7376086,0.425446,0.029865421
52.54029337,13.35973413,0.013080793,8.917971,-3.725067,1702575482000,10.393393,0.86895514,0.14698933,0.0716239,,,,,,-0.11151199,0.49358714,0.3112684,0.05360509,0.7136304,0.4683815,0.033305995
,,-0.04745764,7.76798,-4.31394,1702575482006,,-2.0186026,0.61918783,-0.7139482,,,,,,-0.35063735,-0.17372042,0.8356205,0.071366005,0.6800141,0.3916829,0.027880235
,,-0.053679004,8.646146,-3.964189,1702575482257,,-0.7803798,0.30520332,-0.3272708,,,,,,-0.3086978,0.23113212,0.43616632,0.05908362,0.66501594,0.42234167,0.031118495
,,0.2464607,8.656195,-4.397051,1702575482762,,2.531729,0.5122865,0.72463834,,,,,,-0.003610778,0.26585412,0.08889929,0.055697337,0.7304164,0.44525436,0.02657928
,,0.33754748,7.9854074,-4.861896,1702575483012,,-0.7009673,0.08773545,-0.41218102,,,,,,0.010367751,0.25764397,0.25462857,0.06785763,0.752635,0.40052226,0.020807827
,,0.29096726,7.594739,-4.578267,1702575483263,,-1.9740095,-0.65202177,-0.85689056,,,,,,0.011045396,-0.30133393,0.5683075,0.045192167,0.511693,0.29037568,0.020215614
,,0.30261233,8.899785,-3.955495,1702575483514,,-0.45051277,0.54405147,0.18829907,,,,,,0.20870528,0.5715471,0.14674439,0.035771072,0.54973143,0.35945746,0.030943025
,,0.08590231,8.650133,-3.5648272,1702575483765,,0.24709481,-0.7699187,0.07101303,,,,,,0.22214365,0.2284753,0.34108466,0.031064836,0.59616435,0.40739816,0.03784428
,,-0.018823536,8.641041,-3.422454,1702575484017,,0.503658,-0.5603921,0.27259842,,,,,,0.16332288,0.18947785,0.31820443,0.028280625,0.59367776,0.41013193,0.04119927
,,-0.28019953,8.784052,-2.643511,1702575484269,,-0.19944735,0.44631308,0.075289086,,,,,,0.060868956,-0.047707178,0.54196644,0.018178033,0.57862866,0.43156746,0.04646236
,,-0.66177493,9.806264,-1.7346369,1702575484521,,-0.17623448,-0.47731447,-0.3773617,,,,,,-0.1026211,0.21878229,0.51129514,-0.001874217,0.5494302,0.48559946,0.055842955
,,-0.88773715,10.673344,-1.3633505,1702575484770,,1.7931936,-0.22502731,0.84192437,,,,,,-0.058027457,0.6091798,0.09771499,0.0047558034,0.7660796,0.6382838,0.06594376
52.54024465,13.3595792,-0.625404,8.67757,-3.3733218,1702575485000,10.254127,-1.872606,1.4072034,-0.46105018,,,,,,-0.28959244,-0.47449562,0.38766822,0.058446422,0.82213485,0.54226315,0.052136354
,,-0.9146165,9.746604,-1.5630715,1702575485022,,1.2428044,0.5978075,0.13332124,,,,,,-0.1009213,-0.27522075,0.44337723,0.0070099616,0.77131706,0.631359,0.06356481
,,-0.6489334,9.631031,-2.7508688,1702575485273,,0.7082977,-0.7528145,0.69714946,,,,,,-0.007032746,0.0032032172,0.08819559,0.026299562,0.79649127,0.5897127,0.056892313
,,-0.27294126,8.591429,-3.8281972,1702575485776,,-1.6264275,0.1390481,-0.44516772,,,,,,-0.18547076,-0.2785538,0.403007,0.07765746,0.83413374,0.5244227,0.048695948
,,0.10464612,8.65173,-4.1035314,1702575486027,,0.18417573,-0.14256057,0.16508621,,,,,,0.091312274,-0.24212694,0.046046667,0.08936662,0.8336241,0.523949,0.051940437
,,0.12362916,8.55801,-4.271906,1702575486281,,1.9550728,-0.4437169,0.32330018,,,,,,-0.06240879,-0.20787477,0.1243714,0.10183335,0.8388716,0.51595587,0.05103536
,,0.25818557,8.669916,-4.6291537,1702575486532,,-0.20861033,-0.027717989,0.6653845,,,,,,0.013303069,0.36510506,0.06502501,0.119415514,0.8536329,0.48435163,0.04570089
,,0.17690937,8.183055,-4.078646,1702575486782,,-1.9410229,0.9160681,-0.77503467,,,,,,-0.21076582,0.040179826,0.6623037,0.12891625,0.8555061,0.47689596,0.043192465
,,0.28139594,8.981141,-3.8260431,1702575487031,,-0.9935716,0.14088069,-0.5398517,,,,,,-0.044588488,0.28964388,0.24335095,0.11342721,0.83961815,0.5100782,0.04668606
,,0.13742775,9.202636,-3.73384,1702575487282,,0.029626941,0.3974439,-0.12690715,,,,,,-0.094596356,0.46944997,-0.14601769,0.09927366,0.8248848,0.53067786,0.053275898
,,-0.017387813,8.751589,-3.815116,1702575487537,,2.848768,0.3974439,0.56214833,,,,,,-0.21708795,0.0920435,0.33889186,0.09369291,0.83172244,0.5225168,0.049714845
,,0.30253252,8.538627,-4.3496723,1702575487787,,-0.15424335,0.234343,0.40332347,,,,,,-0.14319511,0.4534,0.288013,0.09912728,0.85086036,0.4868759,0.043172244
,,0.31856444,8.045787,-4.359723,1702575488037,,-1.8219042,0.4218785,-0.95279634,,,,,,-0.24063534,-0.23570581,0.4113786,0.094431095,0.851348,0.4877146,0.041645445
,,0.16055837,8.769217,-3.961397,1702575488290,,-1.5409064,-0.68195415,-0.16844596,,,,,,-0.15522712,0.112477385,0.30241367,0.07220388,0.8341555,0.5239462,0.047571015
,,-0.11629117,8.846186,-3.142095,1702575488792,,-0.13591741,0.1042288,-0.3339903,,,,,,0.11859177,0.26172882,0.7781036,0.054652218,0.8267626,0.535532,0.048847664
52.54017974,13.35934646,0.012123656,8.947401,-3.5088348,1702575489000,10.67184,-0.6343831,1.2404373,0.20234896,,,,,,0.09398777,0.39684233,0.4073616,0.059048608,0.8241414,0.53823906,0.05116299
,,-0.20267217,8.967422,-2.8871806,1702575489044,,0.25503606,-0.5115229,0.08078687,,,,,,0.14221708,0.5175363,0.69763947,0.044897992,0.8211193,0.5434923,0.04708008
,,-0.58392847,9.256395,-2.077927,1702575489297,,0.02535089,0.037644543,0.06307179,,,,,,0.13306494,0.20756468,0.8437097,0.024744766,0.7980414,0.58599067,0.05011362
,,-0.6577073,10.016675,-1.566262,1702575489549,,0.38331765,-0.3172679,0.34590217,,,,,,0.2279687,0.5053485,0.5995065,0.007730085,0.7771316,0.62520707,0.05292982
,,-0.49746794,10.040841,-1.5690535,1702575489799,,0.0858265,-0.22441645,0.09850194,,,,,,0.32915992,0.44006675,0.46601763,0.009474006,0.77645534,0.6268777,0.047651887
,,-0.53001016,10.142856,-1.8378472,1702575490050,,-0.0980438,0.6503419,-0.0065667965,,,,,,0.025378883,0.46961868,0.44524875,0.013125823,0.78559285,0.6159537,0.03680457
,,-0.32510483,9.713345,-2.2593033,1702575490301,,-0.09560034,0.6992111,0.077121675,,,,,,-0.09101193,0.002968931,0.23961781,0.019729411,0.79285806,0.6071407,0.028299933
,,0.07106683,9.7056875,-2.551387,1702575490553,,0.64476776,-1.0680207,0.108886644,,,,,,0.09667211,0.0048740227,0.07428555,0.03003515,0.79853165,0.6000313,0.023216534
,,0.22253253,9.789437,-2.7318854,1702575490802,,0.06139191,-0.2286925,0.12171481,,,,,,-0.0020739953,-0.09381056,0.025361681,0.034668263,0.7484318,0.5559752,0.017852677
,,0.21152553,9.7013,-2.9083166,1702575491052,,-0.3442223,-1.012432,0.050243627,,,,,,-0.054204002,0.05456508,-0.18125632,0.036791734,0.74967283,0.5544287,0.013011859
,,-0.17060824,9.413204,-2.865724,1702575491304,,-0.22510368,0.76762795,-0.14889829,,,,,,-0.37609044,-0.010212453,-0.16238791,0.026011026,0.5353861,0.3962242,0.010597226
,,-0.257707,9.254878,-2.7523842,1702575491804,,-0.19028437,0.37117672,0.0025961753,,,,,,-0.20870638,-0.046384018,0.05464925,0.015434173,-0.002242563,0.00255996,0.013528163
52.54010207,13.35917076,-0.040757705,8.97125,-2.8713875,1702575492000,10.543318,0.003970621,1.2404373,-0.15195261,,,,,,-0.22993334,-0.37345782,-0.046503074,0.01956276,0.2667729,0.19915606,0.012076684
,,-0.62045884,9.352746,-2.678286,1702575492055,,0.19700389,0.7279217,-0.17577635,,,,,,-0.46626338,-0.20810829,0.0101059675,0.007920034,-0.26986077,-0.19582003,0.011270537
,,-0.24031916,9.017431,-2.9374292,1702575492305,,0.62949616,-0.72899073,0.2121228,,,,,,0.063165046,-0.28059572,-0.23106213,0.0032069136,-0.48424357,-0.3542078,0.01100254
,,-0.34608194,8.901858,-2.822414,1702575492556,,0.9166026,1.0919971,0.25427246,,,,,,-0.19263618,-0.50866073,0.16908583,-0.004336966,-0.7561191,-0.546308,0.015946066
,,0.26711878,8.747203,-3.5131419,1702575492807,,0.54641855,0.31497714,0.40149087,,,,,,0.042558797,-0.47564596,0.027213367,-0.0066815666,-0.8250787,-0.5595888,0.027717937
,,0.704447,8.37855,-4.439164,1702575493060,,1.0968077,-0.9348522,0.7832814,,,,,,0.08166863,-0.14581183,-0.11246478,-0.01791347,-0.8490049,-0.50997156,0.039172523
,,1.2030314,7.4651284,-5.4095335,1702575493310,,-0.15118903,-0.65813047,0.4338667,,,,,,0.10663076,-0.023051023,-0.15273987,-0.03779068,-0.8753264,-0.4452979,0.05446772
,,2.1045673,6.4980297,-6.3185673,1702575493561,,-1.4370594,-0.06253728,-0.66263556,,,,,,0.37408492,-0.2576342,-0.1796863,-0.056048203,-0.8967201,-0.39787695,0.07572579
,,2.057987,6.543174,-6.5872016,1702575493812,,-0.6356048,-0.32337654,-0.31505352,,,,,,-0.06377661,-0.15213127,-0.14265203,-0.06403831,-0.90729976,-0.37945667,0.08754598
,,2.352145,6.6189466,-6.7885976,1702575494063,,1.0387756,0.35712683,0.2414443,,,,,,0.20638818,0.07291161,-0.2796832,-0.07229007,-0.909967,-0.37483862,0.08629864
,,2.5883162,6.728698,-6.7020564,1702575494313,,1.2299762,-0.042989608,0.5065596,,,,,,0.45083526,0.07358262,-0.18815371,-0.08490593,-0.90839887,-0.37685046,0.0825057
,,2.8018355,6.326065,-6.62054,1702575494815,,-1.1743876,0.12255475,-0.042607818,,,,,,0.38452682,-0.36366752,-0.035100427,-0.11224504,-0.90242153,-0.3824702,0.08679017
52.54003362,13.35903059,2.656113,6.5731645,-6.605546,1702575495000,10.448966,1.6581924,-0.118125975,0.37888888,,,,,,0.4668707,-0.122652926,-0.0567523,-0.09970244,-0.90526754,-0.3809423,0.08241986
,,2.5639892,6.441559,-6.489893,1702575495067,,-1.5897756,0.39561132,-1.0871866,,,,,,0.114218645,-0.23992258,0.030140575,-0.12485962,-0.89909774,-0.38662252,0.08565025
,,2.4890938,6.5200424,-6.5004225,1702575495319,,0.1273653,0.32719445,0.01725693,,,,,,0.05760782,-0.047755037,0.051732365,-0.1383386,-0.89655775,-0.38931304,0.08155255
,,2.7152152,6.4390864,-6.690971,1702575495570,,0.74372786,0.14698933,0.08506292,,,,,,0.112577885,-0.014510807,-0.0659756,-0.14748073,-0.8977903,-0.38512263,0.08762912
,,2.6570702,6.3037324,-6.7065244,1702575495820,,1.2947279,0.04864011,0.32391104,,,,,,-0.12253405,0.038418658,-0.002740558,-0.15243535,-0.90058976,-0.37660366,0.09400581
,,2.6309881,6.0015182,-6.755576,1702575496073,,0.25625777,0.39683303,0.16447534,,,,,,-0.27706653,0.016476989,0.07195846,-0.15008998,-0.904208,-0.3623336,0.10244059
,,2.6848269,6.087181,-6.7913885,1702575496322,,-1.5598432,-0.03199404,-0.28145593,,,,,,-0.26710752,0.03558318,0.06589821,-0.14479582,-0.90399045,-0.36448848,0.1061119
,,2.69703,6.370732,-6.733961,1702575496577,,-1.2153155,-0.6672934,-0.5648972,,,,,,-0.1880423,0.15090494,-0.009585491,-0.1357303,-0.9020226,-0.37422588,0.104231924
,,2.6703904,6.3529434,-6.470831,1702575496830,,0.42363474,0.48601928,0.11988221,,,,,,-0.18045925,0.099822745,0.21937196,-0.13389224,-0.90192956,-0.37524423,0.10272
,,2.7046876,6.300302,-6.668877,1702575497081,,1.005178,0.15004367,0.18219042,,,,,,-0.207266,0.063784026,0.17127447,-0.13269112,-0.9051998,-0.36915353,0.10523834
,,2.7330022,6.2116084,-6.823932,1702575497333,,1.7840306,-0.1333976,0.6250674,,,,,,-0.16233346,0.107486896,0.1738734,-0.12893121,-0.9094131,-0.3589458,0.108598694
,,2.7390637,6.1056056,-6.8234534,1702575497838,,-0.58001614,-0.39668033,-0.4744892,,,,,,-0.15226343,0.10248905,0.19265342,-0.12557147,-0.912218,-0.3498254,0.10946096
52.53998432,13.35890779,2.7562919,6.1199636,-6.884151,1702575498000,10.798189,-0.228158,0.22884522,0.07895427,,,,,,-0.13128483,0.067217074,0.15865137,-0.12799759,-0.9109918,-0.35291106,0.10962512
,,2.6412776,5.7398224,-7.071748,1702575498090,,0.182954,-0.3502546,0.44852746,,,,,,-0.15541035,0.1893931,0.17990726,-0.120282635,-0.9209743,-0.32559612,0.11350111
,,2.7982461,4.775037,-7.629277,1702575498341,,-0.06933315,-0.13461933,0.2689332,,,,,,-0.25853258,0.118941225,0.1956651,-0.11897454,-0.93683714,-0.28396386,0.12927374
,,3.0356145,4.338985,-8.174042,1702575498590,,-0.82069683,0.6143009,-0.70600694,,,,,,-0.17764948,0.25985354,0.07159875,-0.123183884,-0.94905746,-0.24836408,0.13871025
,,2.899064,4.0504107,-8.13145,1702575498842,,0.16707152,0.0040469794,0.03619374,,,,,,-0.2647399,0.23547289,0.32080728,-0.13469931,-0.95226777,-0.23441818,0.13539298
,,2.7915466,4.26066,-8.147082,1702575499093,,-0.399811,-0.42539096,-0.15134175,,,,,,-0.16164903,0.310114,0.2785188,-0.14846763,-0.949032,-0.24373573,0.118734054
,,2.5268207,4.7984867,-8.085826,1702575499344,,-0.024740024,-0.32093307,0.43508843,,,,,,0.014057279,0.5934295,0.3291979,-0.08248974,-0.6352025,-0.16419877,0.09488069
,,2.3391435,4.9744396,-7.949754,1702575499597,,-0.06994402,-0.23602287,0.12721258,,,,,,0.12874489,0.5456895,0.5676749,-0.017286273,-0.32401317,-0.076199375,0.07847091
,,2.1748366,5.435058,-8.0506525,1702575499849,,-0.03940078,-0.55061823,0.57864165,,,,,,0.5063305,0.63904315,0.48821524,0.05571572,-0.015327224,0.0111982105,0.06866013
,,1.5457635,5.662455,-7.6838317,1702575500101,,-0.04612029,-0.44677123,0.62812173,,,,,,0.44575146,0.67037654,0.7824432,0.14531565,0.2871013,0.09803648,0.06653292
,,1.2237693,6.0565534,-7.800282,1702575500354,,-0.2037234,-0.31971136,0.37827802,,,,,,0.45434424,0.86765677,0.45169923,0.25500098,0.58255076,0.18370152,0.07329235
,,0.7750351,6.058707,-7.8041906,1702575500860,,-0.31428993,-0.0075594517,0.11071924,,,,,,0.2654217,0.69383967,0.40301096,0.4356924,0.84502953,0.26228383,0.10627083
52.53994002,13.35862695,0.9462814,6.275497,-7.8676,1702575501000,11.461422,-0.013744458,-0.0900262,0.6843213,,,,,,0.42913204,0.9595505,0.32954094,0.38055962,0.87269855,0.26643017,0.08758716
,,0.6407979,6.1709294,-7.8621764,1702575501111,,0.19883649,-0.107741274,0.04657844,,,,,,0.07881155,0.7539005,0.26257804,0.48445252,0.8179397,0.2612558,0.12325053
,,0.47026947,6.1250668,-7.8715086,1702575501362,,-0.8439097,-0.07170025,-0.16661337,,,,,,-0.16315123,0.72284967,0.22905119,0.52664083,0.79517287,0.2571352,0.13257498
,,0.61064833,5.9450474,-7.7795453,1702575501612,,-1.4010184,-0.124234624,-0.10063997,,,,,,-0.129748,0.2857808,0.16584148,0.5522921,0.77402586,0.26499313,0.14572972
,,0.5957331,6.3764734,-7.0343404,1702575501863,,-1.2605195,-0.7803034,-0.17150028,,,,,,-0.08590554,0.16173488,0.3614418,0.561591,0.74537265,0.29180446,0.17723718
,,0.34105694,7.3450885,-5.8845906,1702575502118,,-0.057726722,-0.12789981,-0.018784093,,,,,,-0.20147258,0.35204187,0.4728093,0.5585529,0.70901704,0.32779652,0.22786573
,,0.23074785,8.062615,-4.9981284,1702575502370,,0.89033544,-0.37102398,0.3178024,,,,,,-0.10399399,0.33092377,0.26494563,0.5495118,0.67770517,0.36066982,0.2792641
,,0.053599223,8.611689,-4.3869214,1702575502622,,1.1756092,0.34124434,0.4583013,,,,,,-0.1830235,0.3482992,0.31003305,0.55478245,0.6490401,0.37851351,0.31761283
,,0.08765704,8.806544,-4.093163,1702575502874,,1.0467168,-0.497473,0.7564033,,,,,,-0.22665046,0.3118035,0.42863894,0.5751825,0.6217268,0.38646042,0.33389628
,,-0.056390855,8.693843,-4.239444,1702575503125,,-0.36743516,0.0058795735,0.0697913,,,,,,-0.47839025,0.4972224,0.5125627,0.6116895,0.5926276,0.36944142,0.33065903
,,-0.040279172,8.175637,-5.0207796,1702575503376,,-0.05650499,-0.12301289,0.07223476,,,,,,-0.649965,0.49464175,0.32701012,0.6522079,0.5739134,0.33820838,0.31191456
,,0.00773681,6.946762,-6.4370117,1702575503880,,-1.7131703,-1.1602613,-0.7524327,,,,,,-0.90924037,0.3619636,0.64519775,0.74298006,0.54492474,0.25764722,0.25818822
52.54002604,13.3585426,0.12913266,7.2611003,-5.977989,1702575504000,12.636024,-0.6966913,-0.49380782,0.51388997,,,,,,-0.69643146,0.2958674,0.3707671,0.69985837,0.5641276,0.29610595,0.27454725
,,-0.24446675,6.8453875,-6.2658453,1702575504131,,-0.13469568,-0.86948967,0.12232567,,,,,,-0.86973274,0.27967533,0.593693,0.75940245,0.5211163,0.22986007,0.27998334
,,-1.0760523,7.2729044,-5.0675206,1702575504383,,-1.0418298,-0.43027788,0.056963142,,,,,,-1.0259539,0.3732162,1.0124751,0.7648198,0.4864893,0.20869116,0.32870013
,,-1.1593225,7.9484787,-4.1875987,1702575504633,,-0.7137955,0.44020444,0.09728022,,,,,,-0.79257816,0.3307183,0.8484711,0.750915,0.45369986,0.21121201,0.39441973
,,-1.2752945,8.543255,-3.0266016,1702575504883,,-0.051007207,-0.46998408,-0.09392046,,,,,,-0.61164314,0.22342019,0.82706517,0.72774714,0.42124027,0.22131944,0.46251228
,,-1.4847465,9.0620985,-1.9920249,1702575505134,,-0.54702944,0.07979421,-0.028557928,,,,,,-0.50673664,0.0028168997,0.5224401,0.69873506,0.39139292,0.2328458,0.53499454
,,-1.5753548,9.47127,-0.9816954,1702575505384,,-0.5073232,0.78106695,-0.2594648,,,,,,-0.34118268,0.0039000192,0.3396966,0.6630682,0.37564108,0.24819618,0.5893981
,,-1.2737792,9.8314705,-0.6293922,1702575505638,,1.3002257,0.3730093,0.98486674,,,,,,0.04522807,0.21278566,-0.11209558,0.6282862,0.37067607,0.27435845,0.6159746
,,-0.73706913,10.011889,-1.0699905,1702575505889,,2.4168866,-0.72899073,0.29275694,,,,,,0.112705134,0.3104475,-0.54263294,0.60934556,0.385286,0.30658105,0.610265
,,-0.89738834,9.448618,-1.8980668,1702575506142,,0.32895067,-0.6477457,0.36544985,,,,,,-0.08032656,-0.002792851,-0.7391418,0.6148594,0.40953815,0.30881348,0.5789904
,,-1.0561919,9.324511,-2.317688,1702575506395,,-2.3283112,1.2251657,-0.045662142,,,,,,-0.27803835,0.10017753,-0.4352657,0.62600255,0.43437833,0.30602565,0.54476935
,,-0.82823575,9.7698145,-2.3531814,1702575506900,,3.272708,0.2532798,1.3355031,,,,,,-0.12446334,0.49261373,-0.42212772,0.5817264,0.4902453,0.37282044,0.4971676
52.54007355,13.35850929,-0.84945214,9.201121,-2.29033,1702575507000,13.102977,-1.2501348,0.35285076,-0.850171,,,,,,-0.16539855,-0.037660662,-0.3613165,0.6069748,0.46280617,0.33847854,0.5205666
,,-0.8619746,8.929216,-2.6122441,1702575507151,,-0.5659662,-1.0637447,0.3263545,,,,,,-0.56092036,-0.15219961,0.37833545,0.59725213,0.5236816,0.37687317,0.44226238
,,-0.67692953,8.751828,-3.5728827,1702575507404,,-0.8213077,-0.14866921,-0.15073088,,,,,,-0.3591507,-0.224954,-0.17566314,0.608817,0.5344097,0.368416,0.41989204
,,-0.6402396,9.071508,-2.4798417,1702575507657,,-2.3050983,0.5929206,-0.71516997,,,,,,-0.42437464,0.03460703,0.42930892,0.59132856,0.5410715,0.38931248,0.42229822
,,-0.2151945,9.206305,-2.0755343,1702575507909,,-0.31184646,0.77129316,-0.3828595,,,,,,0.13746579,-0.055211924,-0.20133162,0.54105526,0.54893684,0.4337351,0.43528005
,,-0.47361937,9.849498,-1.906282,1702575508160,,2.5738788,0.50923216,0.8126029,,,,,,-0.113414116,0.6089171,0.09841008,0.5305815,0.56183106,0.4393221,0.4234384
,,-0.3191228,8.667124,-2.701337,1702575508412,,-0.49327332,-1.0661881,0.09117157,,,,,,-0.16244666,-0.3975276,0.31741422,0.5649361,0.5758752,0.41140762,0.3902243
,,-0.38061836,9.292926,-2.824647,1702575508662,,-2.8689265,1.0388519,-0.5856666,,,,,,-0.10111251,0.32366604,0.026118184,0.5751142,0.5706968,0.39772233,0.39519244
,,-0.4019942,9.028598,-1.7147764,1702575508912,,-1.5897756,0.9093486,-1.3547454,,,,,,-0.047381055,-0.16922323,0.38931417,0.53996956,0.57297885,0.4266674,0.41307652
,,-0.42767718,10.00463,-1.5826926,1702575509164,,3.3276858,-0.5982657,0.9561561,,,,,,0.25480992,0.5427686,-0.010479136,0.5017825,0.5749695,0.45255342,0.4288204
,,-0.6896913,9.161879,-1.7261026,1702575509416,,-1.041219,-1.346575,0.2432769,,,,,,-0.2452238,-0.053604238,0.88200885,0.5338739,0.5874678,0.42415145,0.40318176
,,-0.7768697,9.287821,-2.305405,1702575509921,,-1.9562944,1.6607122,-0.38530296,,,,,,-0.3290768,0.2906925,0.6651672,0.56428653,0.5705602,0.39833644,0.41317108
52.54007698,13.35832822,-0.7748757,8.736914,-2.8027928,1702575510000,13.570695,-1.0784818,-0.3502546,-1.3132066,,,,,,-0.38776103,-0.2269,0.56420237,0.5740682,0.5800865,0.38898036,0.3938104
,,-0.5361518,9.619946,-1.7790638,1702575510172,,2.4248278,-0.2824486,1.2744167,,,,,,0.19116792,0.29880196,0.42717373,0.5202059,0.56487834,0.43347427,0.43972212
,,-0.74648094,9.917851,-1.802992,1702575510425,,1.5824453,-1.9427791,0.9402736,,,,,,-0.13820833,0.7868458,0.8796576,0.5327782,0.5703572,0.42309198,0.42711073
,,-0.6179863,8.787084,-3.1809387,1702575510677,,1.0241148,-0.384463,0.64522594,,,,,,-0.21168213,-0.054858543,0.64427316,0.58258593,0.567978,0.3824187,0.40662688
,,-0.8333403,9.720204,-3.1724846,1702575510930,,-2.3887868,-0.25557056,-0.3969094,,,,,,-0.4698496,0.7611614,0.76169294,0.59084725,0.55501705,0.3749709,0.41954032
,,-0.3176871,9.759526,-2.3203998,1702575511182,,-0.22082762,0.3937787,-0.2008218,,,,,,0.2518044,0.5420282,0.6607224,0.5507335,0.5514186,0.40814725,0.44529355
,,-0.52745795,10.381978,-2.148595,1702575511433,,2.8817546,-0.14989094,0.79183346,,,,,,0.0860591,1.051353,0.48873273,0.5364421,0.5521371,0.41960564,0.4496353
,,-0.8022337,9.436733,-2.6895328,1702575511685,,-0.15729769,-1.0741293,-0.009010255,,,,,,-0.45445803,0.24938768,1.0488583,0.5836047,0.55482465,0.38554806,0.4209159
,,-0.78317094,9.682159,-3.2579079,1702575511936,,-2.3948953,0.8671989,-0.22586726,,,,,,-0.4461282,0.54889387,0.74562275,0.6082252,0.5435226,0.36305127,0.4198342
,,-0.69750786,9.8404045,-2.0010376,1702575512190,,-1.542739,1.0266346,-1.198364,,,,,,-0.37346914,0.4412553,0.9785983,0.5801326,0.5383045,0.3913837,0.440502
,,-0.58472615,10.398969,-1.7305688,1702575512441,,2.974606,0.29970554,0.91706073,,,,,,0.0333683,0.9172577,0.27690896,0.54572165,0.53710693,0.42009422,0.45719308
,,-0.7849255,9.070233,-3.2237697,1702575512946,,-1.081536,0.11827869,-0.4677697,,,,,,-0.541153,0.09169744,0.5972973,0.6119351,0.5416266,0.36457154,0.41638672
52.5400756,13.35825245,-0.8445069,9.533565,-1.8652846,1702575513000,12.798106,-1.6490295,-1.346575,0.044134982,,,,,,-0.5011467,0.33540636,0.96464574,0.57582355,0.54784936,0.39798698,0.42750674
,,-0.6612166,9.526784,-2.7653053,1702575513197,,-1.8212934,1.7419573,-0.29733843,,,,,,-0.3605247,0.5194918,0.5577988,0.6030808,0.5310944,0.37061045,0.43802157
,,-0.30237305,9.722357,-2.038286,1702575513447,,2.2550073,-0.7974076,0.84009176,,,,,,0.22436765,0.46722898,0.3102464,0.5635022,0.5242924,0.4015826,0.46899736
,,-0.6362515,10.034223,-2.0539987,1702575513698,,1.3154973,-1.8096106,0.48151416,,,,,,-0.17645763,0.9355287,0.77057385,0.57649994,0.5283714,0.39081573,0.45768458
,,-0.6601798,8.911669,-3.2000015,1702575513950,,0.80176,-0.27817255,0.56398094,,,,,,-0.29204446,-0.00901502,0.5243204,0.623036,0.52128845,0.3479578,0.44184187
,,-0.70125663,9.746525,-3.1959333,1702575514201,,-2.2543964,-0.063759014,0.29642212,,,,,,-0.11734262,0.6850682,0.475768,0.63832474,0.49915978,0.3262964,0.46110588
,,-0.37950164,9.519208,-2.015315,1702575514453,,-0.47372565,-0.045433067,-0.58016884,,,,,,0.33080056,0.192261,0.60584,0.62044823,0.4818368,0.33739805,0.49365997
,,-0.43541393,10.14485,-1.9792633,1702575514704,,2.3087635,-1.0429753,0.7790053,,,,,,0.34171402,0.7652074,0.45025617,0.6216576,0.46645823,0.32831538,0.51049155
,,-0.78596246,9.205428,-2.503052,1702575514955,,-1.0088432,-2.1742969,0.16447534,,,,,,-0.10096076,0.05107778,0.92006594,0.6791723,0.43719387,0.2733411,0.49438763
,,-0.6715855,9.358249,-3.1426537,1702575515206,,-0.7504474,-0.19387321,0.41859508,,,,,,0.19265665,0.18084955,0.5656482,0.718903,0.3746827,0.21261355,0.5091755
,,-0.54293144,9.645068,-2.247658,1702575515456,,-0.901331,-0.40950847,0.012370012,,,,,,0.39811996,0.33640158,1.0610092,0.7316058,0.31042388,0.17321935,0.53796524
,,-0.81810606,10.061022,-2.078964,1702575515961,,1.1285727,-0.8517746,0.70509064,,,,,,0.06933288,0.6728825,0.8437207,0.7641841,0.1779325,0.07447159,0.5777844
52.54014675,13.35830402,-0.39106697,9.715817,-2.157369,1702575516000,13.15883,-0.11453715,-0.45837766,0.093615025,,,,,,0.5690015,0.23453824,0.4767851,0.7331851,0.2463197,0.13536769,0.57372296
,,-0.9150952,9.326823,-2.6655247,1702575516213,,-0.46456265,-0.6642391,0.16203189,,,,,,-0.12785466,0.017811028,0.6969461,0.79867536,0.094116546,0.010864634,0.5689313
,,-0.85511506,9.835776,-2.4814372,1702575516464,,-0.39858928,-0.58482665,0.0074830935,,,,,,-0.16338904,0.4253006,0.49888137,0.7985151,0.021415986,-0.032078158,0.58385724
,,-0.65483576,9.695399,-2.0559928,1702575516715,,-0.014355322,-0.35758498,-0.002290743,,,,,,-0.06367411,0.18149815,0.4508005,0.78697747,-0.03053778,-0.06034411,0.5984522
,,-0.735474,9.820065,-1.8962321,1702575516969,,0.011911863,-0.4107302,-0.05054906,,,,,,-0.22425334,0.2494206,0.40092403,0.77788633,-0.07709494,-0.09231137,0.60300404
,,-0.93383896,9.766465,-1.9164116,1702575517222,,0.4309651,-0.26962045,-0.091477,,,,,,-0.47658348,0.2222907,0.56380874,0.779103,-0.121025056,-0.12665579,0.5922186
,,-0.79968137,9.533323,-2.224208,1702575517473,,0.23487751,-0.48586658,-0.07620538,,,,,,-0.28480548,-0.02295858,0.2557999,0.7755848,-0.1567347,-0.1570255,0.585563
,,-0.8368499,9.631829,-2.0894125,1702575517724,,-0.31551164,-0.1523344,0.031306818,,,,,,-0.24497776,-0.0035481772,0.12321256,0.76319593,-0.17635243,-0.17928609,0.5921345
,,-0.9314461,9.68551,-2.0266407,1702575517975,,-0.0058032153,-0.85055286,-0.034666575,,,,,,-0.23331168,-0.05592572,0.03883828,0.75176346,-0.19461249,-0.19938903,0.59559804
,,-0.9363114,9.746126,-1.8165507,1702575518225,,-0.074830934,-0.2787834,-0.0029016077,,,,,,-0.23029882,-0.0031085333,0.15775125,0.7418661,-0.21704774,-0.22091724,0.5923955
,,-0.9034501,9.757293,-1.7967702,1702575518474,,0.1621846,-1.0393101,0.14737113,,,,,,-0.16611835,-0.005627823,0.12332387,0.73219746,-0.23966834,-0.24245319,0.5857622
,,-1.0062617,9.766067,-1.6587843,1702575518981,,0.062002774,-0.05948296,0.07589995,,,,,,-0.20079868,-4.962603E-4,0.08921023,0.7026792,-0.29833984,-0.29810464,0.5640392
52.54014872,13.35841416,-1.014796,9.756495,-1.7128621,1702575519000,5.509436,0.07177661,-0.15722132,0.031917684,,,,,,-0.2346022,0.009134864,0.15000568,0.71971077,-0.26802248,-0.2687799,0.57443625
,,-0.98265254,9.897992,-1.444547,1702575519233,,0.0051923506,-2.290743E-4,-0.046273008,,,,,,-0.109503955,0.10009836,0.1624724,0.68448746,-0.32978162,-0.32908905,0.5520183
,,-1.0021939,9.862657,-1.4412769,1702575519483,,-0.021074835,0.0058795735,-0.0377209,,,,,,-0.02376132,0.082196616,0.15435389,0.6699737,-0.35844672,-0.35855827,0.53583884
,,-1.2951553,9.791271,-1.6149161,1702575519735,,0.05222894,0.07735075,0.025198173,,,,,,-0.15043835,0.028643005,0.005924197,0.6601528,-0.38032013,-0.38291886,0.5184571
,,-1.4184655,9.723234,-1.7679769,1702575519986,,0.0962112,0.16592614,0.09666935,,,,,,-0.16193476,-0.009942372,-0.049653247,0.6549219,-0.39658123,-0.4003564,0.5021384
,,-1.3923037,9.700105,-1.8335401,1702575520240,,-0.076052666,0.14637847,-0.012064579,,,,,,-0.057862338,-0.017877705,-0.048458017,0.6526796,-0.40502822,-0.40896603,0.49221236
,,-1.4259629,9.712308,-1.7912672,1702575520491,,-0.022907428,0.4267654,0.014202606,,,,,,-0.042512737,0.007930565,0.018645434,0.65216434,-0.40690142,-0.4123681,0.4887927
,,-1.4238092,9.739108,-1.783291,1702575520748,,0.045509428,0.36140287,-0.043218683,,,,,,-0.03656079,0.027034156,0.026636843,0.6551446,-0.40151733,-0.40830424,0.4921023
,,-1.3775481,9.771969,-1.7145373,1702575520998,,0.068722285,1.3876557,-0.08720095,,,,,,-0.046752285,0.039462123,0.100306146,0.66160506,-0.39034584,-0.39629406,0.50057113
,,-1.3257833,9.848539,-1.5167307,1702575521248,,0.3930915,1.3729949,0.13454297,,,,,,-0.15474002,0.078410275,0.32863665,0.67391217,-0.3674645,-0.3688506,0.5165821
,,-0.9996415,9.745807,-1.797329,1702575521499,,0.14202607,2.5140903,-1.3345869,,,,,,-0.117532626,0.018981138,0.28260136,0.69653887,-0.32829174,-0.31920177,0.5316072
52.54014187,13.35842888,-0.836451,9.62473,-2.141656,1702575522000,4.7525077,-0.5207622,0.7743475,-1.5758784,,,,,,0.020707618,-0.003965839,0.27550995,0.72497237,-0.24202122,-0.25004002,0.54309624
,,-1.1062815,9.483554,-2.6044278,1702575522002,,-0.3594939,0.7260891,-0.27595815,,,,,,-0.008564444,-0.020324135,0.032421988,0.7425935,-0.1223126,-0.17682958,0.55418265
,,-0.97212404,9.309755,-2.4626927,1702575522254,,-1.7993022,2.3913066,-0.3755291,,,,,,0.22809544,-0.13855796,0.37653723,0.74406123,0.010831083,-0.08166954,0.5600088
,,-0.68362945,9.265647,-2.3720052,1702575522506,,-1.1695006,1.0687842,-0.43539387,,,,,,0.55805176,-0.20571096,0.11821343,0.7093752,0.15448388,0.052112542,0.5580924
,,-0.51054853,9.72818,-2.3180864,1702575522757,,2.7113233,0.78351045,0.37400195,,,,,,0.8005539,0.26373026,-0.15030734,0.6562334,0.2951013,0.18335693,0.54030967
,,-0.66751766,9.171689,-2.1521845,1702575523008,,-0.95936316,-0.840779,-0.004734202,,,,,,0.67353445,-0.07526182,0.36889213,0.6171087,0.43490395,0.26719776,0.4968557
,,-0.7870791,9.308319,-2.7216763,1702575523261,,-1.0632101,-1.2928189,-0.963181,,,,,,0.38676712,0.123448566,0.23714553,0.5860458,0.5196472,0.3180676,0.4632804
,,-0.37176484,9.45101,-2.04036,1702575523511,,-2.0772457,0.9405027,-0.09758565,,,,,,0.5143753,0.22721958,1.0612369,0.55360323,0.5645867,0.37548462,0.44106218
,,-0.19836502,9.972646,-1.9164119,1702575523763,,2.2275183,0.05902481,1.0038035,,,,,,0.6417251,0.68622416,0.6481989,0.5130517,0.5837504,0.42277676,0.43820617
,,-0.5671787,9.94122,-1.9828527,1702575524016,,1.1927135,-1.9580507,0.9286672,,,,,,0.10117123,0.8248352,1.2088852,0.52547854,0.59874344,0.41315022,0.41369143
,,-0.4338985,8.913503,-3.0334613,1702575524271,,0.5561924,0.067576915,0.41737336,,,,,,0.06704281,0.07805785,1.1102265,0.5706459,0.5976775,0.37572557,0.39442453
,,-0.74991053,9.475099,-2.926343,1702575524520,,-2.5451682,-1.4815762,0.09850194,,,,,,-0.21316116,0.49418765,1.0662959,0.5904723,0.5758186,0.3629375,0.40961522
52.54015682,13.35838951,-0.92091763,9.448856,-1.913859,1702575525000,4.566489,-0.2073886,1.0388519,-0.14401138,,,,,,-0.4081564,0.29664776,0.8518388,0.5674675,0.5575677,0.38154188,0.4449342
,,-1.3284951,9.953425,-1.7862418,1702575525025,,3.8096583,1.3558908,1.0135773,,,,,,-0.7241125,0.78712463,0.51534873,0.55823773,0.5489031,0.38929787,0.45819703
,,-1.4720645,9.212768,-2.3351555,1702575525276,,-0.8817833,-0.79801846,0.10338886,,,,,,-1.0165341,0.2035649,0.72301906,0.5948834,0.5568615,0.35979164,0.4283915
,,-1.3989239,9.03833,-2.8999414,1702575525526,,-3.2849255,-1.9275074,-0.03527744,,,,,,-0.8384256,0.21050948,0.36728674,0.6115091,0.5462285,0.3417973,0.4356812
,,-1.7425332,9.676496,-1.9706489,1702575525776,,-0.8713986,0.78228873,0.72769266,,,,,,-1.1740013,0.66415733,0.39685926,0.5832027,0.52510494,0.36022034,0.47764772
,,-0.9663813,9.747562,-0.5258626,1702575526030,,2.8548765,-5.5597095,-5.49763,,,,,,-0.3712861,0.95443577,0.29655913,0.5334772,0.4948576,0.41688934,0.503295
,,-0.3573281,9.024769,0.5746763,1702575526280,,-1.3185517,-1.2512802,1.1131483,,,,,,0.109311074,0.41134962,0.7644519,0.520428,0.4561946,0.4277839,0.5278667
,,0.75046897,8.079923,1.5944176,1702575526532,,0.17745622,2.7486625,-0.19349141,,,,,,0.25128368,-0.06785407,0.6231595,0.5072047,0.36930695,0.43844634,0.56897384
,,0.85726863,7.7486773,2.951467,1702575526782,,-1.5439607,0.013209951,-0.7047852,,,,,,0.14255975,-0.07531981,0.04986402,0.45766506,0.29662403,0.4675036,0.64057803
,,0.66392857,7.206225,5.474858,1702575527033,,-0.22876886,-0.36186102,0.25793764,,,,,,0.06704932,-0.23367873,0.38196978,0.38395867,0.23986898,0.50439346,0.70321906
,,0.762114,6.033822,6.7968926,1702575527286,,0.11270455,-0.1663843,-0.046273008,,,,,,0.37468672,-0.5416429,0.14008118,0.32029706,0.19862396,0.53242415,0.7315114
,,0.27669013,5.451409,7.530293,1702575527537,,1.0668753,0.875751,0.4253146,,,,,,-0.09122767,-0.5707362,0.20743889,0.28265268,0.16624875,0.52107245,0.7698439
52.54018513,13.35832642,-0.13080761,4.875775,7.930611,1702575528000,4.3326592,0.23915356,-1.0307579,0.108886644,,,,,,-0.22006983,-0.22669592,-0.13008852,0.23035638,0.14418453,0.5341832,0.78571737
,,-0.7459226,4.27725,8.710672,1702575528047,,0.14569125,0.07246383,0.82665277,,,,,,-0.13603926,-0.141991,-0.025773875,0.17488386,0.1529532,0.54572177,0.7966227
,,-0.6898508,3.5802205,9.233424,1702575528302,,-1.0668753,0.12560907,-0.25396705,,,,,,-0.055997185,-0.22217417,0.19049653,0.13834468,0.14105101,0.5683919,0.79448646
,,-0.23808588,3.3275392,9.276335,1702575528551,,-0.02046397,-1.0093777,-0.5526799,,,,,,0.03212314,0.008392986,-0.0065012295,0.12182471,0.117506996,0.58627695,0.78919566
,,0.27669007,3.0237308,9.716934,1702575528807,,0.015577052,-0.34781113,-0.24541493,,,,,,0.06646613,-0.06799123,0.39819038,0.12714002,0.088861875,0.5859023,0.7923111
,,0.6127221,2.5848072,9.25799,1702575529060,,-0.123089254,-0.10529782,0.41615164,,,,,,0.12584724,-0.2835273,-0.18494542,0.12920253,0.06774378,0.582601,0.7968202
,,1.0783653,2.6993434,9.683116,1702575529310,,-0.47922343,0.99120444,0.59269154,,,,,,0.19931974,-0.14015225,0.2958,0.14087187,0.04777829,0.58293355,0.7968988
,,1.1944972,2.6239693,9.163554,1702575529561,,0.18784092,0.5690969,-0.55206907,,,,,,0.19468893,-0.26537997,-0.1969523,0.14636442,0.04300899,0.58632636,0.7940904
,,1.3162118,2.8644478,9.866564,1702575529812,,-0.25503606,1.2068397,-0.34254244,,,,,,0.24880156,0.042598702,0.4410604,0.14660028,0.03608694,0.5716579,0.80493414
,,1.3291329,2.6871402,9.313345,1702575530062,,0.3338376,0.14271328,0.2414443,,,,,,0.3591061,-0.1950131,-0.06472848,0.1494669,0.03699537,0.5496724,0.8196425
,,1.0174283,2.9021752,9.700983,1702575530314,,0.36438084,0.9124029,-0.22525638,,,,,,0.28581488,-0.040435906,0.25491908,0.14621827,0.046253435,0.53666854,0.82834625
,,1.0149556,2.659702,9.5214405,1702575530566,,-0.8805616,0.45242172,-0.21548255,,,,,,0.4079379,-0.15047626,0.019362194,0.13884042,0.04904532,0.52972597,0.8338964
52.54021629,13.35827469,0.8996216,2.5233908,9.82469,1702575531000,4.4352107,1.1872157,-1.3942225,-1.1775945,,,,,,0.3782719,-0.034219686,0.19385882,0.12439617,0.045069646,0.5122981,0.84657395
,,0.70301133,2.4407587,9.89137,1702575531150,,-0.35460702,-0.12301289,0.8309288,,,,,,0.23706108,0.06707727,0.2036321,0.1165755,0.03937135,0.47457126,0.86761487
,,0.25826532,2.1664617,9.8409605,1702575531406,,-0.57696176,0.324751,0.7197514,,,,,,0.058818515,-0.0782468,0.117875494,0.106329665,0.046116818,0.45434305,0.879035
,,0.17627126,2.1439695,9.931251,1702575531656,,0.025961753,-0.474871,0.2084576,,,,,,0.106244594,0.03903313,0.1603953,0.09740891,0.04927973,0.45286417,0.88068
