90#1#0
key,lat,lon,ts,bike,childCheckBox,trailerCheckBox,pLoc,incident,i1,i2,i3,i4,i5,i6,i7,i8,i9,scary,desc,i10
,,,,1,0,0,0,-5,0,0,0,0,0,0,0,0,0,0,,0

=========================
90#1
lat,lon,X,Y,Z,timeStamp,acc,a,b,c,obsDistanceLeft1,obsDistanceLeft2,obsDistanceRight1,obsDistanceRight2,obsClosePassEvent,XL,YL,ZL,RX,RY,RZ,RC
53.54955651,10.00720497,0.5890332,7.8343415,5.630631,1650095921000,11.743219,-0.0029016077,0.058032155,-0.044669487,,,,,,0.06582127,0.036303964,-0.05120708,0.45452315,-0.0109381545,0.03984127,0.8896976
,,0.60315067,7.8404026,5.640601,1650095922175,,-0.034666575,-0.12095123,0.002367101,,,,,,0.053208556,0.02792662,-0.039606843,0.45567396,-0.0128333755,0.039186258,0.8891028
,,0.6463013,7.8372912,5.587001,1650095922507,,-0.00962112,-0.0971275,0.023136504,,,,,,0.04116259,0.021708218,-0.054990005,0.45609364,-0.017395306,0.03515532,0.8889783
,,0.6189434,7.825407,5.6275206,1650095922791,,0.008093959,-0.06902772,-0.13141228,,,,,,-0.0042898683,0.021767855,-0.014686139,0.45533645,-0.021364702,0.029590117,0.8894742
,,0.6266803,7.7679,5.628079,1650095923042,,-0.055435978,0.15821397,-0.055054188,,,,,,-0.017205916,-0.021204853,-0.04241519,0.45355892,-0.02404528,0.023825819,0.8904771
,,0.7035696,7.7193265,5.701459,1650095923293,,0.039858926,-0.16126831,-0.2786307,,,,,,0.055499434,-0.02698102,0.00939997,0.450799,-0.027195264,0.019301217,0.89189696
,,0.6664011,7.730253,5.7217183,1650095923554,,-0.047494736,0.10445788,-0.057497647,,,,,,0.026991451,0.0026886782,-0.010163069,0.44858596,-0.03010637,0.012857971,0.89303
,,0.6220541,7.667322,5.745168,1650095923870,,-0.057879437,-0.109344795,0.05184715,,,,,,-0.008682248,-0.027161343,-0.026613077,0.44629017,-0.031005774,0.0075098244,0.8942408
53.54926583,10.00725955,0.55322057,7.4838715,6.0245695,1650095924000,10.944635,0.07834341,-0.03970621,-0.15645774,,,,,,-0.030907283,-0.010851494,0.008925549,0.43223533,-0.025152322,0.01706084,0.9009954
,,0.5952546,7.637572,5.8080993,1650095924120,,-0.18127412,0.11178826,0.18257222,,,,,,-0.004552274,-0.015837925,-0.026940601,0.44348967,-0.030722462,0.006251678,0.89565223
,,0.6421538,7.572247,5.915537,1650095924387,,0.05818487,0.03054324,-0.0019089525,,,,,,0.034209274,-0.013413557,0.005716165,0.4392564,-0.02946713,0.00969042,0.89764535
,,0.6211768,7.5509505,5.9847693,1650095924638,,-0.06582068,-0.06352994,-0.032452192,,,,,,0.031262927,0.0058478834,0.038091358,0.43536106,-0.027532961,0.013543781,0.8994966
,,0.5388637,7.4396844,6.110152,1650095925233,,-0.012675445,0.06963859,-0.16317725,,,,,,-0.026391195,-0.032235958,0.026924165,0.42862326,-0.022022204,0.019505503,0.90282816
,,0.48765725,7.4581895,6.1997232,1650095925484,,0.012370012,0.16859868,5.345067E-4,,,,,,-0.019780155,0.020302884,0.037790887,0.42544326,-0.019033317,0.020384481,0.90442055
,,0.365065,7.4498143,6.249893,1650095925736,,-0.04138609,-0.03054324,0.0060322895,,,,,,-0.050618716,0.0074720383,0.05066568,0.4231375,-0.014809236,0.01961862,0.9055749
,,0.20689942,7.4336224,6.1899924,1650095925998,,-0.07864884,-0.32314748,-0.062384564,,,,,,-0.08292373,-0.031818103,-0.028592888,0.42304084,-0.009282536,0.016735602,0.9056987
,,0.0018345137,7.3935833,6.1983676,1650095926251,,-0.114079,-0.17043127,0.074449144,,,,,,-0.13682403,-0.05500959,-0.041569807,0.42241338,-0.0017121017,0.014672389,0.90603745
,,-0.18313071,7.4253283,6.2352962,1650095926501,,0.16814053,0.0030543238,0.066507906,,,,,,-0.15993288,-0.007333104,-0.0023017724,0.4214284,0.0075083687,0.014188784,0.9064735
,,-0.23218359,7.4019575,6.2351375,1650095926753,,0.011759147,0.18692462,0.029245151,,,,,,-0.101348996,-0.0042263665,-0.013606803,0.4209701,0.01473714,0.018431757,0.9065715
,,-0.15736799,7.363115,6.2263646,1650095927010,,0.023365578,0.15332706,-0.061773703,,,,,,-0.017329121,-0.027213829,-0.0091923075,0.4206137,0.018155916,0.025317548,0.9065589
,,-0.19054845,7.4091363,6.2480593,1650095927278,,0.14187334,0.30298892,0.022525638,,,,,,-0.024580514,0.04137122,0.012910414,0.42051208,0.021108162,0.031295285,0.9063993
,,-0.20251256,7.425088,6.2440705,1650095927529,,-0.053603385,0.5082395,0.040240716,,,,,,-0.027817706,0.06350878,0.011144066,0.42030823,0.023584317,0.036748223,0.9062475
,,-0.21726829,7.4478207,6.241916,1650095927843,,-0.03405571,-0.10690133,-0.07887791,,,,,,-0.023609463,0.07126444,0.019447232,0.42005607,0.025750607,0.042056646,0.9060786
53.54893037,10.00723938,-0.23505495,7.40451,6.2588263,1650095928000,10.953178,0.087506376,-0.045814857,-0.20960298,,,,,,-0.041571993,0.01664451,-0.013347021,0.41976658,0.028037246,0.04518828,0.90597475
,,-0.3673781,7.3861647,6.251248,1650095928409,,0.04535671,0.15027274,-0.09842559,,,,,,-0.09556661,0.0033593497,-0.03048528,0.4192136,0.033128258,0.044930816,0.90602875
,,-0.5953343,7.39781,6.211687,1650095928691,,-0.1452331,-0.62735814,0.14225514,,,,,,-0.14466724,4.5231183E-4,-0.043903477,0.41932866,0.042606667,0.043025542,0.9056181
,,-0.59342,7.3596835,6.143014,1650095928941,,-0.066431545,0.07147118,0.14714205,,,,,,-0.058580793,-0.053016312,-0.095458314,0.4199319,0.04985075,0.04290687,0.9049996
,,-0.5919045,7.3753967,6.1681385,1650095929192,,0.013591741,-0.034208428,-0.102090776,,,,,,-0.004012427,-0.036787733,-0.03784493,0.4203042,0.053346675,0.04289895,0.90466917
,,-0.62652075,7.4031544,6.1521072,1650095929455,,0.031917684,-0.13133593,0.028023422,,,,,,0.00471884,-0.021141784,-0.05267153,0.42134473,0.056860406,0.04177143,0.90405774
,,-0.6260422,7.4101734,6.0819964,1650095929788,,0.017867794,0.073303774,-0.015347977,,,,,,0.045872904,-0.027822018,-0.07814019,0.42238948,0.058419548,0.041867383,0.90348697
,,-0.6279564,7.441918,6.101618,1650095930072,,-0.0065667965,0.116675176,0.002367101,,,,,,0.04087099,0.0056841057,-0.029172849,0.42315137,0.05890161,0.04407568,0.9030022
,,-0.5670193,7.4565134,6.1391053,1650095930369,,-0.045662142,-0.18081598,-0.08071051,,,,,,0.06233724,0.00833346,-0.024135495,0.42258683,0.05716667,0.04679167,0.90328175
,,-0.55992055,7.433383,6.1438913,1650095930668,,-0.05177079,0.0024434591,0.042073313,,,,,,0.04018371,-0.004749584,-0.03091696,0.4219712,0.05538439,0.04791806,0.90363294
,,-0.56670016,7.3989263,6.12108,1650095930953,,-0.032223117,-0.05497783,-0.011071924,,,,,,0.021568147,-0.027374793,-0.06631724,0.42174262,0.055124022,0.04846204,0.90372294
53.54870566,10.00735087,-0.4744967,7.3803415,6.1386266,1650095931000,11.6045685,-0.06887501,0.09529491,0.0035888306,,,,,,0.07879678,-0.026439747,-0.06656351,0.42062193,0.052332256,0.048075326,0.9044184
,,-0.43334013,7.4032335,6.188556,1650095931483,,-0.1244637,-0.077579826,0.040240716,,,,,,0.07165112,0.009198078,-0.042595085,0.41965544,0.049009297,0.047036365,0.9050806
,,-0.31585258,7.3569713,6.208577,1650095931782,,0.009926553,0.02687805,-0.011682789,,,,,,0.099408254,-0.023095082,-0.06494497,0.41819784,0.043153618,0.045598585,0.906071
,,-0.23186451,7.3314495,6.231149,1650095932051,,-0.059101168,-0.27183482,-0.014126248,,,,,,0.08895328,-0.01460301,-0.03455143,0.41743568,0.037900113,0.04393777,0.9067475
,,-0.19661027,7.3092756,6.2780485,1650095932364,,0.00320704,-0.09468404,-0.076434456,,,,,,0.065795965,-0.009592882,0.005042283,0.41621575,0.033226214,0.041871477,0.9076119
,,-0.20235306,7.315099,6.323433,1650095932615,,-0.042607818,-0.16249003,0.101327196,,,,,,0.023239432,0.005188211,0.024671491,0.41504195,0.030143473,0.039358437,0.90840983
,,-0.17587247,7.2969112,6.357251,1650095932929,,0.025809037,-0.126449,0.037797257,,,,,,0.015719919,0.012695488,0.037994638,0.4142173,0.027674202,0.038215283,0.90893155
,,-0.11772688,7.2605414,6.342496,1650095933261,,0.003817905,0.07086031,0.008475749,,,,,,0.041465238,-0.011791627,0.024917921,0.41380844,0.025391264,0.037052996,0.9092411
,,-0.14548363,7.2681994,6.3796644,1650095933527,,0.06429352,-0.034208428,0.06772963,,,,,,0.02532203,-0.0048482576,0.06293974,0.41380998,0.025542924,0.03662742,0.9092557
,,-0.107038945,7.255518,6.3580494,1650095933825,,-0.025503604,-0.025045456,0.034742933,,,,,,0.034298744,-0.01631662,0.010951662,0.41342524,0.023637809,0.036342867,0.90948683
53.54843343,10.00741692,0.029431714,7.246344,6.3911495,1650095934000,12.650974,0.012370012,0.18875721,-0.00923933,,,,,,0.068083555,-0.010814523,0.0064495723,0.4123746,0.016654605,0.034055557,0.9101724
,,-0.0041475785,7.2320676,6.3943405,1650095934093,,-0.0016798781,0.03054324,-0.08193224,,,,,,0.07859704,-0.035819132,0.022327105,0.41301808,0.020649845,0.036271855,0.9097277
,,0.059182473,7.2156363,6.4233723,1650095934624,,-0.0035124724,0.05070178,-0.028176138,,,,,,0.061497204,-0.047012076,0.030935097,0.41188914,0.014499375,0.031333942,0.9105225
,,0.054317072,7.2285585,6.4351764,1650095934958,,-0.004734202,-0.033597562,0.010308343,,,,,,0.037834194,-0.028163688,0.03261005,0.4110727,0.011860005,0.027332671,0.91103524
,,0.07688937,7.217471,6.4403615,1650095935209,,-0.017562363,-0.021991132,-0.023900084,,,,,,0.025218518,-0.029725058,0.02560072,0.41029721,0.008997727,0.022707641,0.911545
,,0.09563314,7.188758,6.4550376,1650095935459,,-0.0029016077,0.054366965,0.035964664,,,,,,0.032125443,-0.049463175,0.037240934,0.409644,0.006542065,0.01812664,0.9119753
,,0.057587266,7.2063847,6.452804,1650095935709,,0.008093959,0.05497783,0.023136504,,,,,,0.011069015,-0.026794577,0.030373447,0.40928492,0.004516677,0.013441448,0.9122559
,,0.1552942,7.1890774,6.4532824,1650095935960,,-0.019394957,0.012217295,-0.028787002,,,,,,0.06999948,-0.039045334,0.039123677,0.40939605,0.0011992516,0.010880187,0.9122368
,,0.19493529,7.190831,6.421059,1650095936209,,-0.032833982,-0.039095346,-0.017791437,,,,,,0.04895485,-0.025092395,0.012680641,0.40966275,-0.0037625208,0.008144238,0.91214913
,,0.26065817,7.1621957,6.44762,1650095936461,,0.0050396346,0.01282816,-0.24258968,,,,,,0.07500564,-0.04552989,0.033723038,0.40977687,-0.007435012,0.0058023348,0.91208655
,,0.1832902,7.177351,6.409415,1650095936712,,0.12049308,-0.11606431,-0.4484511,,,,,,0.049060717,-0.036821906,0.025218884,0.4106031,-0.01003802,-0.002504304,0.9115288
,,-0.006141611,7.246903,6.340341,1650095936963,,0.080176,-0.14294235,-0.06482802,,,,,,-0.0037812353,0.00153869,0.011038033,0.41371828,-0.009356725,-0.017639412,0.90948063
53.5481097,10.00751511,-0.5261817,7.361918,6.227879,1650095937000,11.774488,0.0129808765,-0.12828161,-0.008628465,,,,,,-0.076810576,0.02385521,0.021855338,0.42193177,0.002180928,-0.04746689,0.9042708
,,-0.24829526,7.3267436,6.256912,1650095937233,,-0.09025527,0.16920954,0.018249584,,,,,,-0.052197065,0.033961073,0.0010128816,0.41809723,-0.005581556,-0.033726294,0.9066805
,,-0.7271788,7.392068,6.1438904,1650095937818,,0.038026333,0.056810424,0.048792824,,,,,,-0.06449924,0.008928839,-0.008863735,0.42514327,0.00779899,-0.06152034,0.90217024
,,-0.9326426,7.447342,6.0755363,1650095938081,,0.009315688,-0.07391464,-0.012293654,,,,,,-0.0942208,0.022653485,-0.016548093,0.42859647,0.012167578,-0.07471115,0.8999857
,,-1.0213366,7.50134,6.0370917,1650095938331,,0.020922119,0.039095346,-0.0037415468,,,,,,-0.07773549,0.042245135,-0.019907426,0.43146813,0.015071674,-0.08213181,0.8981683
,,-1.0160722,7.4687977,6.0476203,1650095938582,,0.01847866,0.06108648,0.03657553,,,,,,-0.050111283,0.0020174661,-0.006339741,0.43216068,0.015946705,-0.08256726,0.8977936
,,-0.9312865,7.423733,6.048897,1650095938832,,0.06429352,0.06963859,-0.054443322,,,,,,-0.0010444403,-0.031397946,0.0015972614,0.43163028,0.015075561,-0.08137681,0.8981874
,,-0.8883753,7.443752,6.0400424,1650095939082,,0.01970039,-0.047647454,-0.011071924,,,,,,-0.01189302,-0.009641314,-0.0019806703,0.43118498,0.011749008,-0.08279552,0.8983657
,,-0.9120643,7.4664836,6.075137,1650095939332,,-4.581486E-4,-0.053145237,0.015806125,,,,,,-0.018668957,0.007067156,0.026035722,0.4311943,0.011654822,-0.08350175,0.89830035
,,-0.95744807,7.4565134,6.0550375,1650095939583,,0.012370012,-0.0018325944,0.09644028,,,,,,-0.032656554,-0.0035858948,0.003998852,0.43130478,0.012950062,-0.08358891,0.8982204
,,-0.8996214,7.4145594,6.0453067,1650095939833,,-0.0029016077,-0.06169734,-0.050778136,,,,,,0.010363851,-0.039121248,-0.0013865947,0.4310204,0.01355618,-0.082345374,0.8984611
53.54781368,10.00755244,-0.8622935,7.430352,6.100103,1650095940000,11.08333,-0.005345067,-0.025045456,0.011530072,,,,,,-0.00730413,-0.011213255,-0.010418844,0.42931053,0.010780333,-0.08366065,0.89918053
,,-0.8642875,7.4309106,6.0823956,1650095940093,,-0.004734202,-0.011606431,-0.13874267,,,,,,0.028095134,-0.019582493,0.01738375,0.4302648,0.012554342,-0.082302205,0.8988325
,,-0.9045667,7.4624166,6.0922065,1650095940343,,-0.016951498,0.09529491,0.023136504,,,,,,-0.022733947,0.011831189,-0.0051204045,0.42970684,0.011531906,-0.0837789,0.89897007
,,-0.81818587,7.4197445,6.0966735,1650095940845,,-0.004123337,0.018325943,-0.012293654,,,,,,-4.8154395E-4,-0.01624252,-0.020206785,0.42873737,0.008963265,-0.08324353,0.89951694
,,-0.77870435,7.432585,6.106484,1650095941094,,0.009926553,-0.06352994,0.013362667,,,,,,0.02052925,0.0044503687,-0.007816521,0.42812288,0.00691645,-0.08354772,0.8998073
,,-0.78755766,7.439764,6.110871,1650095941345,,-0.0151189035,0.017104214,-0.025121814,,,,,,0.004084595,0.012137508,-0.019791381,0.42797136,0.005838578,-0.084999785,0.89975816
,,-0.8035098,7.423652,6.098508,1650095941595,,0.031306818,0.100181825,-0.08193224,,,,,,-0.013825888,0.0059482097,-0.032319102,0.42813924,0.005753446,-0.08586653,0.89959615
,,-0.77854466,7.4136024,6.1125445,1650095941845,,0.011148282,-0.028710645,-0.08009964,,,,,,0.011789352,-0.0072332066,-0.009330495,0.42799827,0.005375334,-0.08624282,0.8996286
,,-0.8032705,7.4285984,6.1283383,1650095942102,,-0.020616686,-0.07391464,-0.009850195,,,,,,-0.0036441584,0.0012440999,0.0049250284,0.42785743,0.004504484,-0.08815723,0.899512
,,-0.7873184,7.3887186,6.1166935,1650095942355,,-0.09880738,-0.25045455,-0.12530364,,,,,,0.015439835,-0.03423117,-0.009852569,0.42774025,0.0036215053,-0.090979256,0.89928573
,,-0.8145169,7.3962164,6.089894,1650095942668,,-0.2716821,0.14660755,0.21861324,,,,,,-0.023238922,-0.026522763,-0.03747023,0.42715284,0.0020298772,-0.09471083,0.89916974
,,-0.7753543,7.349795,6.22764,1650095942918,,0.0044287695,-0.076358095,0.100105464,,,,,,-0.01270242,-0.018122038,0.048656955,0.42358986,0.0011369629,-0.0929981,0.9009561
53.54745072,10.00747075,-0.4681159,7.1463246,6.415317,1650095943000,11.834777,-0.017562363,0.014660755,-0.012904518,,,,,,0.038014967,-0.040271617,0.025056314,0.4097948,-0.0076712994,-0.079995245,0.9083489
,,-0.6616952,7.2832737,6.276374,1650095943170,,0.006261364,0.055588696,0.0054214248,,,,,,0.022099666,-0.034850564,0.025687074,0.41892242,-0.001648631,-0.0890152,0.90341127
,,-0.5619943,7.192824,6.3331633,1650095943421,,-0.031001387,0.10690133,-0.0043524117,,,,,,0.03199735,-0.056851115,0.006362184,0.41440445,-0.00514078,-0.08469477,0.90583366
,,-0.39800608,7.1420975,6.504889,1650095943998,,-0.030390523,-0.0024434591,-0.03611738,,,,,,0.009663277,0.006846714,0.031318586,0.4054837,-0.010556534,-0.07524658,0.91073954
,,-0.300698,7.059466,6.585367,1650095944249,,0.020922119,0.06963859,-0.023900084,,,,,,0.024097478,-0.020511389,0.041496675,0.401691,-0.01229167,-0.06986274,0.9129806
,,-0.29798618,7.051967,6.5160546,1650095944499,,0.061239194,0.37873617,-0.03367392,,,,,,-0.015186879,-0.024292788,-0.04637243,0.4007128,-0.014220498,-0.06967915,0.9134257
,,-0.35908288,7.0792456,6.576194,1650095944797,,-0.035888307,-0.08185588,-0.017180571,,,,,,-0.046936933,-0.001016903,0.021146901,0.40084517,-0.013373297,-0.071374185,0.9132465
,,-0.3622733,7.0891356,6.562395,1650095945112,,0.04046979,0.02932151,0.009697478,,,,,,-0.039331246,-0.0072103976,0.009725937,0.4007832,-0.01289721,-0.07295058,0.9131593
,,-0.35134614,7.079007,6.5078387,1650095945362,,0.100945406,0.25595233,-0.048334677,,,,,,-0.025312597,-0.0230855,-0.055471182,0.40087387,-0.013856363,-0.07441048,0.91299284
,,-0.37080774,7.080841,6.526902,1650095945628,,-0.0010690134,0.07513637,-0.017791437,,,,,,-0.025431374,-0.021578725,-0.021187099,0.40091065,-0.013635681,-0.07527246,0.91291076
,,-0.35653058,7.10437,6.5467625,1650095945928,,0.0025961753,0.03604102,-0.041615162,,,,,,-0.0021676123,-0.005188322,-0.010522143,0.40084928,-0.014163242,-0.0758384,0.91288143
53.54718301,10.00746022,-0.2842673,7.1222367,6.538946,1650095946000,10.597947,0.010537418,0.027488915,-0.03611738,,,,,,0.013899722,0.011889188,-0.012552023,0.4008602,-0.01811931,-0.07760521,0.912661
,,-0.32510483,7.108039,6.559524,1650095946210,,-0.046273008,-0.03604102,-0.005574141,,,,,,0.018400796,-0.0039720377,0.0072827023,0.4008256,-0.015218049,-0.07614555,0.9128476
,,-0.29822546,7.111788,6.5123057,1650095946461,,-0.019394957,0.014660755,0.014584397,,,,,,0.014556095,6.4549444E-4,-0.035371654,0.40087175,-0.01699088,-0.07666605,0.91275805
,,-0.2960719,7.11777,6.5647097,1650095946977,,-0.040775225,-0.06108648,-0.02451095,,,,,,0.0045879823,0.0040559294,0.01660603,0.40121278,-0.018318377,-0.079170704,0.9123632
,,-0.28586254,7.1058054,6.5383883,1650095947257,,0.0019853106,0.033597562,-0.0012980876,,,,,,0.005374894,0.0010612488,-0.003990078,0.40132052,-0.01901934,-0.08111605,0.9121279
,,-0.29136604,7.1145,6.542137,1650095947508,,0.029474225,0.053145237,-0.0019089525,,,,,,-0.0031759222,0.01088074,0.008462175,0.40137824,-0.019864509,-0.08346247,0.9118675
,,-0.29016966,7.113622,6.5367126,1650095947759,,-0.0059559317,0.0036651888,0.009086614,,,,,,1.3596614E-4,0.010632117,-5.1287015E-4,0.40144232,-0.020881843,-0.08629261,0.91154945
,,-0.274377,7.1130633,6.528578,1650095948009,,-0.018173227,-0.042760536,0.0011453715,,,,,,0.01745253,0.009564987,-0.0046355086,0.40153882,-0.022202896,-0.089336134,0.9111805
,,-0.25204396,7.11785,6.537271,1650095948261,,0.06918044,0.20952661,-0.022678355,,,,,,0.016463112,0.018779691,-0.0121439295,0.400845,-0.024717456,-0.092512846,0.91108304
,,-0.20227323,7.1022167,6.548517,1650095948511,,0.0056504994,0.07696896,-0.031841327,,,,,,0.022865158,0.02668066,-0.017142693,0.39917845,-0.028615601,-0.095613696,0.91136235
,,-0.18257235,7.0626545,6.57125,1650095948761,,0.0923933,0.06597339,-0.16623157,,,,,,0.033859693,-4.6723682E-4,-0.003827429,0.39782894,-0.030989522,-0.09920878,0.91149306
53.5468674,10.00738773,-0.704447,7.0736628,6.5142994,1650095949000,10.893579,0.0056504994,0.11178826,0.07506001,,,,,,0.0041571897,0.011063735,-0.011466742,0.4019236,-0.017019026,-0.12690184,0.9063137
,,-0.2221337,7.0310698,6.567182,1650095949018,,0.14004076,0.20097451,-0.18516839,,,,,,0.032777537,-0.008533716,-0.021801345,0.39715633,-0.030562453,-0.10412756,0.9112257
,,-0.3554139,7.058986,6.5675,1650095949272,,0.00320704,-0.08613193,-0.09414954,,,,,,0.019532932,0.01396602,-0.011343097,0.3978305,-0.027276348,-0.11084841,0.91013694
,,-0.5159723,7.060981,6.5453267,1650095949523,,-0.009010255,-0.06658426,-0.059941106,,,,,,0.00927578,0.0100946585,-0.018532673,0.3992035,-0.023035815,-0.11897514,0.9084972
,,-0.8595817,7.0868235,6.486702,1650095950025,,-0.4091267,-0.28832817,0.18684827,,,,,,0.0077172974,0.015827673,-0.010553471,0.40411323,-0.010722473,-0.13303389,0.9046763
,,-0.9097512,7.0495753,6.5631933,1650095950276,,0.020922119,-0.17715079,0.012140937,,,,,,0.012756434,0.030451648,-0.0071556726,0.4006866,-0.008563924,-0.13677907,0.90567863
,,-0.9002597,6.9946995,6.6283584,1650095950549,,0.019089524,0.04459313,0.019471316,,,,,,0.026277212,0.025894912,-0.031131092,0.3960993,-0.009489318,-0.13833442,0.9073661
,,-0.8126026,6.8963547,6.7091565,1650095950879,,0.0019853106,0.011606431,0.0561232,,,,,,0.029771978,0.0057267984,-0.042444244,0.39014181,-0.012755071,-0.13800286,0.9098906
,,-0.7094719,6.8362947,6.827521,1650095951131,,-0.10919208,-0.18448116,0.31757334,,,,,,0.010742948,0.01743528,-0.026743492,0.38350153,-0.017099675,-0.13560666,0.9130337
,,-0.38492537,6.6757355,6.9401426,1650095951381,,-0.07987057,0.13377939,0.17768529,,,,,,0.0362229,-0.011956581,-0.05552306,0.37278947,-0.02793572,-0.12721917,0.9181872
,,-0.08159522,6.4857454,7.147919,1650095951647,,-0.118125975,0.012599086,-0.14149155,,,,,,0.057574973,-0.07056769,-0.061088912,0.35936412,-0.0390212,-0.11676676,0.9243073
,,0.069391884,6.331808,7.261579,1650095951901,,-0.2861138,-0.10224349,-0.064522594,,,,,,0.04381563,-0.073921725,-0.09814833,0.34869394,-0.044330973,-0.10857088,0.92894906
53.54657405,10.00732281,0.6400003,5.4550776,8.022336,1650095952000,10.738639,0.63262683,0.38828093,-0.04497492,,,,,,-0.009419608,-0.07339298,-0.0014091491,0.29042214,-0.06658459,-0.10015665,0.9482743
,,0.23385856,6.0906115,7.5078006,1650095952152,,-0.41683885,-0.11995857,-0.07979421,,,,,,0.03185381,-0.07644008,-0.046073295,0.33367097,-0.04788285,-0.10076948,0.93487614
,,0.3991228,5.772525,7.7681394,1650095952405,,0.09078978,-0.10468695,-0.24717116,,,,,,0.016781576,-0.061194308,-0.01918831,0.31286228,-0.052838035,-0.09423266,0.9422258
,,0.6087341,5.492964,7.9209604,1650095952659,,0.5807033,-0.068035066,-0.32414013,,,,,,0.012178672,-0.09500558,-0.05113511,0.2960092,-0.06082852,-0.09298302,0.94766504
,,0.57842505,5.6043897,7.908199,1650095953174,,0.12316561,0.049861837,0.009392046,,,,,,-0.061675496,-0.0036262672,0.0064026196,0.29685214,-0.06906285,-0.10935628,0.94463456
,,0.5610371,5.8186264,7.7256265,1650095953424,,0.1146135,0.13782637,-0.019929463,,,,,,-0.040731028,0.012287331,0.034055885,0.30954552,-0.07215807,-0.11752047,0.9387411
,,0.44681966,6.1410995,7.4032345,1650095953675,,-0.07231112,0.015653409,0.022831071,,,,,,-0.075941496,0.016523886,-0.003988457,0.32925335,-0.07364615,-0.12537798,0.93060815
,,0.35445675,6.5446086,7.072945,1650095953926,,-0.005726857,-0.033826638,0.003894263,,,,,,-0.05382554,0.009734185,-0.025573334,0.35499272,-0.073176555,-0.1315985,0.92103773
,,0.20546363,6.872825,6.838927,1650095954176,,0.026038112,0.019929463,-0.016264275,,,,,,-0.03595134,0.028797468,0.0073324996,0.3766491,-0.068937026,-0.13234766,0.91348743
,,0.043150585,7.0478997,6.6465435,1650095954425,,-0.0032833982,-0.027717989,-0.024205517,,,,,,-0.04448284,0.02266558,-0.023849217,0.39047736,-0.06113828,-0.13034709,0.90907824
,,-0.06165506,7.092326,6.562714,1650095954675,,-0.013668099,-0.020998476,-0.017486004,,,,,,-0.033582214,0.006319523,-0.025770394,0.3961642,-0.055721447,-0.12982225,0.9071977
,,-0.13072789,7.104769,6.545407,1650095954927,,-0.12728895,-0.092469655,-0.010766491,,,,,,-0.05951242,0.0045135976,-0.018602911,0.39786667,-0.05260465,-0.12980542,0.9066832
53.54630177,10.00721401,-0.10145567,6.951469,6.6766934,1650095955000,10.608267,-0.019776747,0.31436628,-0.06879865,,,,,,-0.049521197,0.025792662,-0.025966628,0.38592455,-0.05312819,-0.13467866,0.91091365
,,-0.06564312,7.064491,6.6293955,1650095955187,,-0.047876526,-0.017333288,0.074143715,,,,,,-0.026002053,7.2782836E-4,0.009472752,0.3952241,-0.052826565,-0.12922472,0.9078798
,,0.013559316,6.9922266,6.62461,1650095955440,,-0.036270097,0.16898046,-0.05902481,,,,,,-0.0043676994,-0.02553339,-0.008442291,0.3919629,-0.054491878,-0.1278138,0.909361
,,0.03525425,6.93145,6.686424,1650095955692,,-0.011835505,-0.24029893,-0.49029535,,,,,,0.017578058,-0.043713506,0.010845057,0.3887959,-0.05441724,-0.12883677,0.9105613
,,-0.21016957,6.9028945,6.7519073,1650095956191,,0.04619665,-0.033826638,-0.02481638,,,,,,-0.06495734,0.036259923,-8.860747E-4,0.382749,-0.048756365,-0.13776039,0.9119846
,,-0.28865415,6.8250484,6.7592454,1650095956442,,-0.2164752,-0.5408444,-0.21723878,,,,,,-0.025885897,0.0027161916,-0.017871078,0.38099965,-0.04412795,-0.14256468,0.9121376
,,-0.6400003,6.8245687,6.6886563,1650095956692,,0.07979421,0.25938845,-0.23861906,,,,,,-0.09797068,0.043586556,-0.051138513,0.38200057,-0.035128962,-0.15476705,0.90981066
,,-1.1447263,6.877451,6.6691146,1650095956995,,-0.034437504,0.19341506,0.26045746,,,,,,-0.22367306,0.12715356,-0.010815175,0.3838979,-0.02204935,-0.16965967,0.9066009
,,-1.3698109,6.8958755,6.685227,1650095957247,,0.065744326,-0.18593197,0.41561714,,,,,,-0.22949126,0.14881858,0.01645751,0.38588956,-0.012456372,-0.17726392,0.90464324
,,-1.2244872,6.7720857,6.708517,1650095957511,,0.05108357,0.06696605,0.04848739,,,,,,-0.11356286,0.035657153,0.024648095,0.38518465,-0.012200326,-0.17440514,0.90541947
,,-1.1045269,6.771767,6.7044497,1650095957761,,0.14210242,0.12377647,0.02649626,,,,,,-0.076411635,0.024985965,0.013555622,0.3849397,-0.0153454365,-0.17163086,0.9058178
,,-1.034497,6.814201,6.707161,1650095958012,,0.10728313,0.27832526,-0.093233235,,,,,,-0.07861464,0.037518978,0.006185643,0.38576013,-0.01671732,-0.16523927,0.906437
