100#1#2
key,lat,lon,ts,bike,childCheckBox,trailerCheckBox,pLoc,incident,i1,i2,i3,i4,i5,i6,i7,i8,i9,scary,desc,i10
,,,,1,0,0,0,-5,0,0,0,0,0,0,0,0,0,0,,0

=========================
100#1
lat,lon,X,Y,Z,timeStamp,acc,a,b,c,obsDistanceLeft1,obsDistanceLeft2,obsDistanceRight1,obsDistanceRight2,obsClosePassEvent,XL,YL,ZL,RX,RY,RZ,RC
52.50156595,13.39137689,0.8613364,3.8818758,8.993982,1709050295000,3.7900925,0.075594515,0.16416991,0.47823077,,,,,,0.06350613,0.036775064,0.16207628,0.20230235,-0.05325334,-0.051624335,0.9729168
,,0.71984076,3.641078,9.053085,1709050295194,,0.26923865,-0.30558512,-0.057497647,,,,,,0.06302499,0.01428866,0.15691118,0.19103329,-0.044783965,-0.04343922,0.97472495
,,0.67238307,3.4681566,9.092248,1709050295444,,-0.13209951,-0.07101303,-0.033063058,,,,,,0.1492292,-0.013326804,0.090835065,0.18275447,-0.036804713,-0.036386475,0.976189
,,0.43134606,3.3077579,9.179825,1709050295696,,0.049938194,-0.09422589,-0.032452192,,,,,,0.10198233,0.005809422,0.1132373,0.17155115,-0.026539797,-0.034787834,0.97817665
,,-0.012043876,2.8018363,9.4413595,1709050295951,,0.23686282,-0.19440772,-0.005574141,,,,,,0.16391611,-0.14178766,0.029045407,0.15253657,0.0041679502,-0.025422584,0.98549324
,,-0.17044874,2.6131217,9.540823,1709050296202,,0.14767656,-0.3404044,-0.1277471,,,,,,0.22233206,-0.14597492,0.01136775,0.13952999,0.017601836,-0.021916173,0.9892496
,,-0.17826527,2.7110682,9.51179,1709050296454,,-0.038026333,0.06887501,0.19173518,,,,,,0.163939,-0.12514384,0.0610731,0.14148165,0.011371359,-0.03359933,0.9881738
,,0.06819544,2.842673,9.370453,1709050296704,,0.101250835,0.6986766,0.13858995,,,,,,0.029144859,-0.11310935,-0.005961561,0.14713721,-0.009252037,-0.051441364,0.9859497
,,0.17459628,2.9229922,9.42461,1709050296955,,0.2753473,-0.32085672,0.3768272,,,,,,-0.09198401,-0.11497231,0.13010643,0.15313737,-0.023923075,-0.06410364,0.9841909
,,0.3709673,3.1594834,9.262057,1709050297206,,-0.3336849,0.2600757,0.3982075,,,,,,-0.16920139,-0.013595907,0.06908164,0.1590512,-0.038823977,-0.07333472,0.9826344
,,0.46356955,3.2621353,9.284152,1709050297456,,0.09636392,-0.48640108,-0.07826705,,,,,,-0.19625312,0.011146537,0.07223948,0.16231503,-0.046200223,-0.0744694,0.98198104
,,0.5006583,3.3426933,9.199128,1709050297708,,0.28267768,0.07498365,0.20578507,,,,,,-0.22576505,0.020153452,-0.03127904,0.16581038,-0.048645142,-0.071955726,0.9814005
52.50166776,13.39135212,0.53655064,3.3778677,9.233824,1709050298000,3.7900925,0.6724094,-0.13209951,-0.38736463,,,,,,-0.13458608,0.051337004,-0.006886085,0.16819035,-0.043202676,-0.061781347,0.98182654
,,0.44745788,3.484109,9.170732,1709050298211,,-0.22189663,0.3480402,0.14714205,,,,,,-0.026366469,0.10758103,-0.08128257,0.17192742,-0.03240508,-0.055797987,0.9823419
,,0.34009987,3.5738404,9.088977,1709050298463,,-0.05329795,-0.67821264,-0.054443322,,,,,,0.09958542,0.15659033,-0.16216333,0.17418678,-0.021520946,-0.0517663,0.98255086
,,0.23952153,3.5271802,9.233583,1709050298715,,-0.008704823,0.5239693,-0.06788235,,,,,,0.19369146,0.11408949,-0.059873853,0.17471601,-0.012159017,-0.04941942,0.98292035
,,0.086540416,3.6334214,9.127661,1709050298970,,-0.17241658,0.6522509,0.44707665,,,,,,0.15223357,0.14846605,-0.12310739,0.17935918,-0.0060540605,-0.051942002,0.9820358
,,-0.007736803,3.6338997,9.257431,1709050299223,,-0.13026692,-0.15347977,0.024969097,,,,,,0.17288461,0.155181,0.04820997,0.18048786,-0.0010662521,-0.051855914,0.981856
,,-0.036131613,3.6706693,9.069596,1709050299474,,0.3113883,-0.16447534,-0.20166174,,,,,,0.16568717,0.15027441,-0.10970311,0.18204875,-2.3742645E-5,-0.051380094,0.9816473
,,-0.05854439,3.663092,9.272266,1709050299727,,0.51175195,-0.49861836,-0.44295332,,,,,,0.23627195,0.11456043,0.0694729,0.18278445,0.004015,-0.045850456,0.9818598
,,-0.03501497,3.670829,9.289416,1709050299979,,-0.10644319,-0.2658789,-0.17478369,,,,,,0.21630058,0.06736725,0.071021125,0.1845391,0.0050083636,-0.043373108,0.98167545
,,0.097547404,3.7278585,9.1630745,1709050300230,,-0.1669188,-0.081397735,0.011530072,,,,,,0.21233791,0.15672658,-0.08939799,0.18341096,-4.0036117E-4,-0.042574923,0.98168427
,,0.30843484,3.5864427,9.205189,1709050300482,,-0.21273366,0.2784016,0.2680933,,,,,,0.23406747,0.09237732,-0.0939213,0.17767523,-0.010386629,-0.04420101,0.9823322
,,0.44466624,3.5460832,9.269954,1709050300735,,-0.05818487,-0.6372847,-0.11003202,,,,,,0.22951192,0.08925308,-0.07161767,0.1744537,-0.018099587,-0.05092031,0.98249924
52.50174995,13.39134267,0.5684549,3.5369105,9.349398,1709050301000,3.7900925,0.2997819,-0.2102902,-0.1466839,,,,,,0.1504755,0.07386225,0.01716884,0.17347543,-0.02916615,-0.06139603,0.9816373
,,0.6519644,3.5469604,9.326824,1709050301239,,-0.0074830935,0.96867883,0.10621411,,,,,,0.09018305,0.089705594,-0.011345641,0.17349976,-0.038699903,-0.07059188,0.98078483
,,0.68019974,3.615635,9.249695,1709050301489,,-0.229227,0.2234238,0.10560325,,,,,,0.010114803,0.11228095,-0.053556632,0.17565277,-0.045372114,-0.07433255,0.98006445
,,0.6081759,3.6510484,9.247699,1709050301740,,0.024281874,0.75915223,0.042684175,,,,,,0.019010743,0.053622995,0.009460831,0.18050796,-0.042060178,-0.07653917,0.9792457
,,0.40103707,3.704807,9.236055,1709050301991,,-0.019089524,-0.38438666,-0.005574141,,,,,,-0.026562052,0.041550286,0.12533984,0.1856113,-0.03382421,-0.078272186,0.9785014
,,0.3006183,3.7506697,9.087621,1709050302241,,-0.342237,-0.1547015,0.093996815,,,,,,-0.0470779,0.044106636,-0.0011125406,0.18850967,-0.02991673,-0.079017706,0.9779921
,,0.1507478,3.7898324,9.07111,1709050302492,,0.053603385,4.581486E-4,-0.13568833,,,,,,0.0035226482,0.05407268,0.016372506,0.19168988,-0.020945314,-0.076428875,0.9780136
,,0.117567345,3.859782,8.905686,1709050302744,,-0.14737113,0.8794926,0.038408123,,,,,,0.0591981,0.031043459,-0.072560675,0.19673654,-0.01661727,-0.07786266,0.97702193
,,0.06699904,3.8597028,8.984331,1709050302994,,-0.2432769,0.7163917,-0.027565273,,,,,,0.1514652,0.05978733,-0.004567321,0.19612472,-0.010991919,-0.081928454,0.9768458
,,-0.1745963,3.7654257,9.066882,1709050303246,,-0.4405862,0.57772535,0.26748243,,,,,,0.11116173,0.022526996,0.0391016,0.19427156,-0.0027939256,-0.08729158,0.97665405
,,-0.2745365,3.7608793,9.049814,1709050303496,,-0.6458368,0.26313,0.16913319,,,,,,0.14667271,0.033588808,-0.06167172,0.19425394,0.002020281,-0.093420774,0.97601545
,,-0.3879563,3.7530625,9.113542,1709050303747,,-0.47112945,-0.42042768,0.15935935,,,,,,0.12154453,0.05786083,-0.0062612533,0.19305693,0.0054186853,-0.099564396,0.9756607
52.50184384,13.39131611,-0.49826545,3.7332819,9.1319685,1709050304000,4.4106674,0.14767656,-0.24388777,0.26564983,,,,,,0.0621595,0.08103144,-0.021994289,0.19124432,0.0072726067,-0.10512216,0.9754961
,,-0.7118648,3.6402013,9.24475,1709050304248,,0.102472566,0.06520981,0.020693045,,,,,,-0.042721145,0.05065237,0.01999523,0.18804881,0.013375725,-0.10488078,0.97625154
,,-0.75972116,3.6461031,9.207581,1709050304499,,-0.27504188,-0.0044287695,0.07078396,,,,,,-0.12443372,0.098454006,-0.048939213,0.18553767,0.012616982,-0.10396652,0.97683555
,,-0.28953153,3.4796424,9.186604,1709050304750,,0.018173227,1.7878485,-0.23770276,,,,,,-0.07958321,0.055038776,-0.076120265,0.17751554,-0.00808105,-0.10028353,0.9774755
,,-0.044028006,3.322833,9.284152,1709050305002,,0.18188499,-0.34284785,0.21250458,,,,,,-0.3276823,0.1298047,-0.03588128,0.16287176,-0.032065384,-0.09650445,0.9788812
,,0.27381864,3.1446474,9.244033,1709050305252,,-1.3501639,0.72738725,-0.06666062,,,,,,-0.26005977,0.15771143,-0.11372566,0.15130277,-0.041952096,-0.084804825,0.98128146
,,0.28498515,2.6725438,9.532447,1709050305503,,0.022449281,1.1745403,0.26137376,,,,,,-0.21412621,0.11275414,0.08038306,0.13024342,-0.037839178,-0.06704316,0.98465693
,,0.23146567,2.2859435,9.406345,1709050305754,,0.24480405,-0.048411034,0.31512988,,,,,,-0.24734256,0.056787245,-0.061928764,0.11238192,-0.03209153,-0.04690136,0.987725
,,0.08319041,2.0610182,9.480205,1709050306004,,0.7970258,-0.1583667,0.32979062,,,,,,-0.2298286,0.08909742,-0.04138778,0.098910436,-0.021601204,-0.025866812,0.98988384
,,-0.24662024,2.0268004,9.455237,1709050306254,,-0.4741838,-0.5871938,-0.2041052,,,,,,-0.18129899,0.053259127,-0.09621275,0.09957766,-4.4211216E-4,-0.0067129065,0.9911421
,,-0.3641078,2.0871797,9.454361,1709050306506,,0.02489274,-0.35384342,-0.12713623,,,,,,0.054244574,-0.014200652,-0.06802039,0.1081158,0.0198679,0.009016721,0.9919288
,,-0.68283194,2.254039,9.6097355,1709050306830,,-0.20784675,0.9802852,0.24671301,,,,,,-0.09484888,0.024361562,0.074234724,0.115793474,0.027544651,0.015141214,0.9912666
52.50193402,13.39126462,-0.6384051,2.5331218,9.329217,1709050307000,3.7900925,1.1323906,0.6070469,-0.19005531,,,,,,-0.061809722,-0.07100286,-0.16626805,0.13198051,0.02818378,0.020645041,0.98955655
,,-0.7220741,3.1822152,9.358251,1709050307340,,2.0615158,-1.0025818,0.11720968,,,,,,0.010978993,0.06979868,0.064312935,0.15683222,0.0384223,0.027512832,0.9841878
,,-0.80406815,3.7572901,8.60475,1709050307591,,3.4445138,0.31566438,-1.5974878,,,,,,0.2307929,-0.241003,-0.054031737,0.20476061,0.058695428,0.032222986,0.9684014
,,-1.4211771,4.7508698,7.9873223,1709050307851,,1.7414228,-2.2835653,0.9443206,,,,,,0.17885892,-0.3051786,0.04004449,0.27034906,0.08914975,0.021193838,0.9394154
,,-1.6564713,5.6076593,7.149037,1709050308111,,-1.3318379,2.9173374,3.2717154,,,,,,-0.26903167,-0.44181722,-0.09619894,0.33621934,0.09800482,0.049598735,0.9071345
,,0.18656044,5.050212,6.432625,1709050308364,,-1.6299399,-2.2432482,1.1520146,,,,,,0.29108724,-1.0116373,0.02304945,0.3834562,0.07175712,0.15419956,0.8426009
,,1.5412968,4.5190053,4.749912,1709050308623,,2.6400049,-0.09728022,0.23755004,,,,,,0.14238748,-0.94897527,0.30044267,0.4647268,-0.0037390948,0.23190717,0.7379471
,,4.0465827,3.512504,2.9093535,1709050308874,,-0.5523745,0.52885616,-0.598113,,,,,,0.78978044,-0.9898158,0.10526611,0.5511873,-0.05617384,0.32433793,0.5905271
,,5.4054656,2.0599008,2.1414962,1709050309124,,4.346761,1.0230458,-1.040379,,,,,,-0.1137758,-1.2263533,0.2960672,0.601238,-0.11137726,0.43002087,0.46089476
,,7.9036536,1.511227,1.1537395,1709050309378,,0.7835868,5.3021536,-1.0538181,,,,,,0.11824449,-0.7554715,0.29779187,0.6309699,-0.12856095,0.5495446,0.33867362
,,9.859786,1.5058831,1.2358131,1709050309630,,0.5074759,0.7316633,-1.3653592,,,,,,0.9070143,-0.21501204,-0.25082982,0.62849814,-0.109326474,0.65032935,0.24896008
,,8.682837,1.5468004,0.7657033,1709050309880,,7.6594806,-5.7123494,-0.4673879,,,,,,0.35860893,-0.8258502,-0.8592989,0.62564963,-0.046818297,0.68349963,0.19766073
52.50201335,13.3912543,8.762597,2.902813,0.32654047,1709050310000,4.1574044,-1.0141883,-0.22739442,-1.0440443,,,,,,0.5751611,-0.43842602,-1.4634024,0.6380691,0.071765766,0.7025133,0.16759849
,,7.8798847,4.1674995,0.7606783,1709050310385,,-1.8840597,-1.5969533,1.0426698,,,,,,-0.011713552,-0.37361237,-1.1409278,0.6254419,0.14875521,0.70868343,0.19028328
,,8.380303,5.3107114,0.8095717,1709050310635,,-2.3238823,-1.444848,0.39515316,,,,,,0.6649879,0.14747548,-1.2784157,0.6255567,0.18060349,0.70550954,0.21117625
,,7.594739,4.771209,0.67453676,1709050310885,,0.37797257,0.36086836,-0.24075708,,,,,,0.012448947,-0.43288243,-0.98353505,0.60894275,0.1529755,0.70526904,0.26105508
,,7.478448,4.0951567,0.30516466,1709050311140,,-0.44425142,-0.92378026,-0.11369721,,,,,,-0.275011,-0.8405463,-0.4085225,0.6195395,0.10874077,0.68982255,0.2834383
,,8.613125,4.7713685,-0.4191428,1709050311391,,0.58139056,-0.9298889,-0.4295143,,,,,,0.09873967,0.028977394,-0.0091101015,0.67380357,0.053244684,0.63391745,0.30217043
,,8.175476,4.5273805,-0.37790644,1709050311643,,-0.050243627,-0.108886644,0.83008885,,,,,,-0.14860511,-0.2869625,0.49139985,0.6951516,-0.0034685072,0.59376925,0.3364536
,,8.012526,4.014678,-1.2932409,1709050311895,,0.2838994,0.398742,0.91194475,,,,,,-0.20073213,-0.3660305,0.21307357,0.72384614,-0.06775134,0.5534734,0.35180038
,,7.713263,4.116772,-2.209931,1709050312148,,-0.20662501,1.2001966,-1.4728713,,,,,,-0.009027132,-0.47594133,0.21801871,0.7489596,-0.09017462,0.50146574,0.37216806
,,7.3361554,5.2935624,-2.3451257,1709050312398,,0.107359484,0.8348994,-0.03978257,,,,,,0.23436931,0.058625776,0.08725546,0.7846449,-0.073710956,0.4481143,0.3796222
,,6.6831536,5.8266826,-3.744289,1709050312650,,1.0548108,0.6058251,0.95042926,,,,,,0.09500662,0.023356097,-0.08954822,0.82627493,-0.04925995,0.38694817,0.3829617
,,5.823652,6.0873413,-4.3338003,1709050312901,,0.4744892,-0.2707658,0.36766425,,,,,,-0.25898778,0.2638039,0.032190483,0.8475196,-0.019028695,0.36080024,0.37063226
52.50209083,13.39122786,5.812564,5.808976,-4.79067,1709050313000,5.053058,-0.66171926,-0.14187334,-0.326889,,,,,,-0.14564796,0.08194839,-0.17163554,0.8568817,-0.0020627505,0.3562442,0.3519739
,,5.529016,6.010612,-4.7349973,1709050313403,,-0.32146758,0.41645706,-1.9084179,,,,,,0.0026053428,-0.15837117,-0.102943435,0.86004746,0.036782272,0.3474201,0.3556872
,,4.6227736,6.8989863,-4.481438,1709050313655,,1.478751,0.25824308,0.7604503,,,,,,-0.34920838,0.3254176,0.29080078,0.8527766,0.097096786,0.34120435,0.36460206
,,4.5064826,6.715776,-4.9417367,1709050313906,,0.96867883,-0.51816607,0.34139705,,,,,,-0.034428794,0.004606708,0.15605313,0.852415,0.14131862,0.3310279,0.3541299
,,4.101617,6.5443707,-5.2699523,1709050314158,,1.1036799,-0.0697913,0.28275403,,,,,,0.11519258,0.19402558,0.4716266,0.85838854,0.18481752,0.3184552,0.3243071
,,3.7213974,5.895994,-5.638846,1709050314409,,-1.6617049,0.7609848,-0.3898081,,,,,,0.1597887,-0.07997262,0.6035938,0.86463165,0.22502992,0.29813024,0.29271862
,,3.3331225,6.3263035,-5.7157354,1709050314661,,-1.4558434,0.0059559317,-0.85223275,,,,,,0.3157941,0.07394112,0.65872675,0.858656,0.2673802,0.2883033,0.29523706
,,2.709712,7.0638523,-5.569933,1709050314913,,0.6070469,0.75915223,0.3493383,,,,,,0.06259384,0.4246867,0.66638464,0.84594494,0.30208698,0.2795032,0.3124236
,,2.9665418,6.7552576,-6.03095,1709050315165,,1.2429571,0.30405796,0.28886268,,,,,,0.3455942,0.02479148,0.23950404,0.847575,0.30992037,0.2776371,0.30547768
,,2.9834507,6.4746585,-6.3972907,1709050315417,,1.2698351,0.2784016,0.49105892,,,,,,0.19500433,0.08068714,0.1761593,0.8540636,0.3126379,0.27728966,0.28405228
,,3.0510876,5.9600425,-6.3322854,1709050315669,,-1.195615,-0.031306818,-0.5767327,,,,,,0.0222128,-0.2046627,0.21022664,0.8549225,0.31530318,0.28374612,0.2674469
,,3.1358736,6.6589866,-6.1867228,1709050315920,,-1.1308634,-0.76251197,-0.7728203,,,,,,0.062431533,0.007017525,0.051068615,0.84296364,0.32164535,0.3002961,0.28756708
52.50220229,13.39119802,2.939343,7.048459,-5.883951,1709050316000,5.7747555,0.38163778,0.33826637,0.25282165,,,,,,-0.03340326,0.09462523,0.078016795,0.83232844,0.32717282,0.30022258,0.30861643
,,3.1253455,6.9454074,-6.1639915,1709050316422,,0.92652917,0.5905535,0.29313874,,,,,,0.12824127,0.07784731,-0.007380867,0.83617723,0.3306794,0.29861858,0.29924756
,,3.0555549,6.59773,-6.333562,1709050316672,,1.1000148,0.114079,0.33040148,,,,,,0.02266785,0.066129826,0.18502833,0.84549177,0.33553684,0.29218394,0.2738745
,,3.026761,6.1008997,-6.379185,1709050316925,,-1.2976295,-0.42592546,-0.31894776,,,,,,-0.09911358,-0.16859978,0.388666,0.85072654,0.33891127,0.28327137,0.2573252
,,3.0064223,6.686822,-6.324071,1709050317176,,-1.2799144,-0.4980075,-0.53885907,,,,,,0.07986191,-0.049774908,0.27464065,0.84339315,0.34171364,0.2838632,0.28160077
,,2.8482563,7.1458454,-6.0030336,1709050317426,,0.47937614,0.41340274,0.0891099,,,,,,0.08983595,0.10205083,0.23244509,0.83406186,0.34134212,0.2830497,0.30629846
,,3.0641687,6.92156,-6.27757,1709050317678,,1.2692243,-0.017867794,0.37071857,,,,,,0.18382569,0.0502127,0.08988821,0.83539104,0.34348485,0.28830248,0.2975171
,,3.1896327,6.4439516,-6.4918075,1709050317929,,1.3779582,0.101250835,0.39515316,,,,,,0.16060066,-0.07026723,0.20664655,0.843933,0.3471777,0.28711715,0.26905695
,,3.2249663,5.8203015,-6.557291,1709050318180,,-1.9115486,0.25641048,-0.39774933,,,,,,0.055739712,-0.28260067,0.29708868,0.84908235,0.34593365,0.28453985,0.25028005
,,3.260061,6.486464,-6.3921866,1709050318431,,-1.1247548,-0.7368556,-0.49487683,,,,,,0.2120005,-0.055361032,0.07143081,0.8393372,0.34469974,0.29581884,0.27569658
,,3.0175886,6.850732,-6.0895753,1709050318684,,0.47387835,0.14767656,0.18807,,,,,,0.06740268,0.047379654,0.079884134,0.82996243,0.34366846,0.29985282,0.29666796
,,3.265326,6.545566,-6.2609797,1709050318936,,1.2258528,-0.045967575,0.5680279,,,,,,0.16873057,-0.038027175,0.1220318,0.8349644,0.34465548,0.30232686,0.28226316
52.50231535,13.39118146,3.3522651,5.848616,-6.454957,1709050319000,7.0984235,0.34498587,0.49831295,0.32062766,,,,,,0.0097380085,-0.1768416,0.3644009,0.8475549,0.34439936,0.2959758,0.24843143
,,3.4479778,5.4918466,-6.499863,1709050319438,,-2.0123413,0.46715885,-0.65309083,,,,,,-0.057533264,-0.26819173,0.41704223,0.8520388,0.33973086,0.29523343,0.2361641
,,3.4454255,6.4527235,-6.2775707,1709050319687,,-1.0209078,-0.22311836,-0.32933247,,,,,,0.066734396,0.042994626,0.1348502,0.84050727,0.33677277,0.30654913,0.27027473
,,3.3191643,6.757889,-6.0477,1709050319938,,0.7212786,0.63025975,0.15997021,,,,,,0.033448275,0.093230695,0.11274071,0.83397394,0.33288172,0.3078267,0.28912482
,,3.6320655,6.530492,-6.2138414,1709050320188,,1.8226678,-0.008093959,0.57413656,,,,,,0.20558205,0.10560504,0.1247907,0.84031975,0.3321559,0.31083786,0.27183354
,,3.7036908,5.774121,-6.5143,1709050320439,,-0.2536616,-0.10338886,0.066507906,,,,,,0.055973522,-0.005648947,0.2042754,0.8515698,0.33081716,0.3051447,0.23814012
,,3.704728,5.829873,-6.4099727,1709050320689,,-1.6317725,-0.2243401,-0.96218836,,,,,,0.03273499,-0.037114836,0.15218572,0.85137755,0.32683736,0.30975726,0.23855114
,,3.4988654,6.6252475,-6.152744,1709050320941,,-0.26526803,0.21731515,0.029856017,,,,,,0.052501597,0.16934294,-0.025445286,0.8378549,0.32773563,0.31686023,0.27578795
,,3.4360933,6.7246294,-5.970571,1709050321190,,1.1733185,0.36147922,0.40859216,,,,,,0.10611333,0.12998714,0.034189127,0.8332661,0.32747298,0.31529754,0.28849503
,,3.643152,6.320721,-6.21424,1709050321441,,1.7481422,-0.40882125,0.7250201,,,,,,0.10573656,0.09798778,0.09342264,0.84196955,0.33013812,0.31350818,0.2652156
,,3.6098125,5.5168924,-6.4286366,1709050321691,,-1.0483967,0.0035124724,-0.17905974,,,,,,-0.072002985,-0.13798246,0.23701057,0.85360634,0.32858136,0.30397877,0.23320265
,,3.6260035,5.940901,-6.301179,1709050321943,,-1.2145519,-0.52671814,-0.91454095,,,,,,-0.051227394,-0.1241864,0.09441886,0.8487502,0.3255741,0.31095326,0.24992481
52.50243139,13.39112472,3.3983665,6.736194,-6.0564733,1709050322000,6.6809907,-0.01847866,-0.23777911,0.16241367,,,,,,-0.036031153,0.11314453,-0.0446158,0.83534616,0.32643372,0.31463835,0.2869696
,,3.5598023,6.7381077,-6.0370917,1709050322447,,1.2399027,0.18432845,0.45379618,,,,,,0.1131997,0.08622527,-0.0406011,0.83589756,0.32297146,0.3141457,0.2894763
,,3.7618363,6.2197433,-6.4123654,1709050322701,,1.1635447,0.49098256,0.6608793,,,,,,0.08018055,0.074875526,-0.032015856,0.84903634,0.3204201,0.3105332,0.2583152
,,3.7284164,5.604788,-6.474021,1709050322952,,-1.8315253,1.0566434,-0.8919389,,,,,,-0.18503709,-0.2211299,0.12107335,0.8564978,0.31262726,0.31166345,0.23614913
,,3.8701515,6.422974,-6.2790065,1709050323203,,-1.0612248,-0.6391173,-0.56879145,,,,,,-0.03942299,0.0069879373,-0.13908891,0.84365493,0.3115081,0.32715696,0.26734754
,,3.6385264,6.996294,-5.986205,1709050323454,,0.5080868,0.37003133,0.3426188,,,,,,0.0060342154,0.15760513,-0.17273603,0.8330544,0.31209907,0.32738128,0.29636297
,,3.8871398,6.762915,-6.0978694,1709050323707,,1.9252931,-0.44364056,0.44890925,,,,,,0.16750056,0.15163374,-0.07101515,0.83979475,0.31021795,0.3252458,0.28365403
,,3.8368912,5.890731,-6.4086175,1709050323957,,-0.89079356,0.18738277,0.15813762,,,,,,-0.019741893,0.007112916,0.13919462,0.85591495,0.30923748,0.31280592,0.24308224
,,3.7954154,5.7840905,-6.2877793,1709050324211,,-1.3031273,0.21364996,-1.0574833,,,,,,-0.13322473,-0.17023365,0.23261565,0.85650367,0.3039103,0.3150711,0.24392243
,,3.6162724,6.7594056,-5.9914684,1709050324462,,0.41706792,0.1800524,0.40920305,,,,,,0.0478396,0.15766253,-0.027349822,0.8400471,0.30831978,0.3187044,0.28772917
,,3.4457438,6.886305,-5.8248477,1709050324714,,1.1763729,0.111635536,0.81542814,,,,,,0.060297363,0.13393325,0.054898866,0.8374817,0.30765638,0.31333706,0.3006652
,,3.6772096,6.3712897,-6.180261,1709050324966,,1.4304926,0.49098256,0.47823077,,,,,,0.060638182,0.082762145,0.16798928,0.85028565,0.30554608,0.3098516,0.27020967
52.50251671,13.39115353,3.5489545,5.5708904,-6.2209406,1709050325000,6.5120482,-1.945757,0.85566884,-0.8082505,,,,,,-0.21043324,-0.2105623,0.32940128,0.86061645,0.30064392,0.30686826,0.24010523
,,3.6866214,6.385886,-6.0490556,1709050325469,,-0.85414165,-0.40759954,-0.67019504,,,,,,-0.105952226,0.011098146,0.04109842,0.8471816,0.30118313,0.32388166,0.26925194
,,3.3915067,6.9651084,-5.7844095,1709050325722,,0.5441278,-0.11804962,0.18501566,,,,,,-0.10418139,0.15618262,-0.015038228,0.8340632,0.3087373,0.32438847,0.29926077
,,3.5848472,6.711469,-5.9740806,1709050325975,,1.681558,-0.17424917,0.96447915,,,,,,0.046311393,0.1686273,0.134486,0.84408224,0.30811125,0.31780925,0.28146037
,,3.653681,5.775237,-6.336115,1709050326227,,-1.0453423,0.013286309,-0.17539455,,,,,,-0.093799755,-0.027990254,0.3670238,0.8615819,0.30336174,0.30735323,0.23868102
,,3.6512878,5.718926,-6.2308307,1709050326480,,-1.3080142,-0.5505419,-1.167439,,,,,,-0.13220675,-0.11592565,0.34846961,0.86183417,0.29913166,0.30917588,0.24027112
,,3.535954,6.756215,-6.030073,1709050326732,,0.5270236,-0.050854493,0.37194028,,,,,,0.024128977,0.17670871,0.068647705,0.84636784,0.30216518,0.3103433,0.28601646
,,3.398526,6.7835727,-5.94425,1709050326984,,1.6088651,0.24113888,0.50999576,,,,,,0.07318364,0.15584399,0.22014104,0.8481435,0.29987338,0.30083692,0.29357818
,,3.6627734,6.0378094,-6.3179297,1709050327237,,-0.025198173,0.5221367,0.023136504,,,,,,0.07954319,0.07415633,0.3585528,0.86521053,0.29323193,0.29416326,0.25435677
,,3.7170107,5.496233,-6.417949,1709050327489,,-1.7179044,0.04016436,-1.0324378,,,,,,-0.038961902,-0.19137007,0.3546148,0.871814,0.28721184,0.29465693,0.23541075
,,3.4608192,6.533122,-6.139824,1709050327739,,0.21426082,-0.087506376,0.32551455,,,,,,-0.018309593,0.09843603,0.051720254,0.85624385,0.28759915,0.30237707,0.27967498
,,3.3723648,6.978427,-5.983572,1709050327994,,1.3901756,0.12996148,0.5478693,,,,,,0.09571374,0.19527493,-0.045384534,0.84827596,0.28603402,0.30097115,0.30626923
52.50262895,13.39115084,3.6415572,6.3882785,-6.36419,1709050328000,6.413463,0.72555465,0.6351467,0.47151124,,,,,,0.15137316,0.102461435,0.02271471,0.8616019,0.2819644,0.2994184,0.27304265
,,3.6756942,5.578148,-6.4682784,1709050328497,,-1.805869,0.30344707,-1.2291363,,,,,,-0.13332585,-0.24381663,0.17316657,0.8706273,0.27782527,0.30362654,0.24069372
,,3.634139,6.3302126,-6.1747584,1709050328749,,-0.4479166,-0.23167047,-0.097814724,,,,,,0.027963448,-0.05844795,-0.07046528,0.85675985,0.2804717,0.31378305,0.27251777
,,3.5081172,7.0812397,-5.918885,1709050329001,,1.4268274,0.15683953,0.7555634,,,,,,0.12158313,0.15291238,-0.16302887,0.84312886,0.28389874,0.31511125,0.30971295
,,3.762155,6.6317077,-6.0822363,1709050329252,,1.8214461,-0.06856957,0.7286853,,,,,,0.13822848,0.13563019,0.043593027,0.85245425,0.28546277,0.31295362,0.28369668
,,3.8469408,5.7310495,-6.345287,1709050329503,,-2.1503968,0.48487392,-0.9182061,,,,,,-0.01048855,-0.09495031,0.16165924,0.8650884,0.28658542,0.3115742,0.24029773
,,3.729852,6.2024364,-6.130411,1709050329755,,-0.96715164,-0.25610507,-0.25908303,,,,,,-0.068790674,0.028188404,0.08625878,0.8552503,0.29000694,0.31799757,0.2611031
,,3.584209,7.108519,-5.909075,1709050330006,,1.0132719,0.3260491,0.6120101,,,,,,0.11238508,0.35914242,-0.09972637,0.8411697,0.29460624,0.3169093,0.30193517
,,3.746363,6.7312493,-6.0802426,1709050330258,,1.7505858,-0.090560704,0.6547707,,,,,,0.0938597,0.2596986,0.07031129,0.8487837,0.29437837,0.31320134,0.2842512
,,3.8273997,5.7897534,-6.328697,1709050330509,,-2.012952,0.35231626,-0.8369611,,,,,,-0.07612062,0.0486902,0.28843555,0.8641155,0.292561,0.31057456,0.23799059
,,3.7717261,6.0846286,-6.215516,1709050330760,,-1.1406373,-0.6036871,-0.5791762,,,,,,-0.013513509,0.042648967,0.17437413,0.8577514,0.29413095,0.31539804,0.25112942
52.50273311,13.391087,3.7282572,6.8463435,-5.965865,1709050331000,8.071591,1.9778274,-0.18585561,0.8197042,,,,,,0.14875261,0.29122722,0.18803127,0.8467502,0.2974232,0.3150978,0.28604093
,,3.5537405,7.1208005,-5.8601823,1709050331011,,0.8801034,0.21914774,0.42630726,,,,,,0.08795608,0.3323776,0.0844411,0.8417839,0.29769945,0.31732357,0.29774004
,,3.8801215,5.8644094,-6.191827,1709050331513,,-1.8987205,0.3810269,-0.6897427,,,,,,-0.042069633,0.027188985,0.4426226,0.86202675,0.2951701,0.31382617,0.23918915
,,3.8624144,6.12435,-6.094439,1709050331764,,-1.2896882,-0.8193224,-0.73189235,,,,,,-0.03043755,0.09376265,0.3083235,0.857108,0.29554763,0.31894794,0.24797712
,,3.6428328,7.15151,-5.7985272,1709050332016,,1.2673917,0.62292933,0.47517645,,,,,,0.055288337,0.3333507,0.05714221,0.84085405,0.2974976,0.32153386,0.29620045
,,3.797649,6.884868,-5.8293943,1709050332267,,1.8471024,-0.010537418,0.91011214,,,,,,0.0812308,0.26880577,0.14598778,0.84409237,0.29631063,0.3208326,0.2887646
,,3.9700122,5.8550777,-6.0816784,1709050332519,,-1.8309145,0.30405796,-0.6237693,,,,,,-0.21156709,0.0066164015,0.36824137,0.85890335,0.29334345,0.32220954,0.24190019
,,3.9217567,6.072346,-5.9767137,1709050332769,,-1.3208424,-0.69653857,-0.66958416,,,,,,-0.20873006,0.022422114,0.21998759,0.85461825,0.29378572,0.32813063,0.24725924
,,3.7800217,7.086344,-5.7047286,1709050333019,,0.74326974,0.5881101,0.3768272,,,,,,-0.024749994,0.28388253,-0.05890169,0.8379584,0.2967745,0.33183375,0.2944995
,,3.7392642,6.948517,-5.687421,1709050333272,,1.9136866,-0.37033677,0.8038217,,,,,,-0.13433312,0.3012125,0.09064765,0.83929807,0.2980843,0.3312999,0.28977364
,,3.9436111,5.9440103,-5.9665036,1709050333523,,-1.8309145,0.23564109,-0.63720834,,,,,,-0.23100685,0.078068405,0.36898306,0.8538716,0.29930168,0.33118784,0.24029085
,,3.824847,6.116294,-5.910512,1709050333775,,-1.3935353,-0.70875585,-0.562072,,,,,,-0.26662537,0.10081398,0.30004278,0.8508783,0.3022928,0.33324417,0.24330083
52.50283126,13.39096482,3.73392,7.074619,-5.659424,1709050334000,8.871558,2.0034838,-0.19562945,0.7286853,,,,,,0.047552776,0.38195375,0.18731372,0.83611757,0.30737236,0.33140358,0.2884332
,,3.6740196,7.1716084,-5.6095743,1709050334025,,0.7402154,0.5734493,0.47334385,,,,,,0.040013637,0.35445774,0.062317897,0.83470166,0.3064197,0.33351776,0.29073995
,,3.8161533,5.962595,-5.86098,1709050334527,,-1.769828,0.021227552,-0.61399543,,,,,,-0.17547055,0.11800256,0.5086953,0.85199517,0.3078488,0.32750762,0.23930834
,,3.8363328,6.0647674,-5.8925657,1709050334779,,-1.5279255,-0.7154754,-0.6934079,,,,,,-0.08812575,0.119293466,0.41871184,0.85261405,0.30790275,0.3256267,0.23929158
,,3.6427531,7.0809994,-5.5911493,1709050335030,,0.8440624,0.6375901,0.2870301,,,,,,0.028974582,0.3733424,0.1691354,0.83756644,0.3066798,0.3274855,0.2883764
,,3.7942986,6.951149,-5.6295934,1709050335284,,1.9674428,-0.01970039,0.77999794,,,,,,0.054211482,0.37391394,0.21615963,0.8389416,0.30490685,0.32701698,0.28690913
,,3.9568512,5.919763,-5.961717,1709050335535,,-1.8773402,0.26557347,-0.5632937,,,,,,-0.20428993,0.16865094,0.40797344,0.85495585,0.30249283,0.3261952,0.2378812
,,3.799244,5.961319,-5.8854666,1709050335786,,-1.1992803,-0.717308,-0.7715986,,,,,,-0.28706747,0.12741312,0.44250008,0.8545077,0.3021242,0.32665738,0.23866484
,,3.6872597,7.0926456,-5.6536818,1709050336038,,0.77442384,0.7884737,0.45074186,,,,,,-0.01040887,0.39893657,0.16629606,0.8389858,0.30274,0.3280869,0.2882496
,,3.7148576,6.988158,-5.662296,1709050336289,,2.1525347,-0.16752967,0.79588044,,,,,,-0.043974485,0.38313675,0.19781642,0.8384631,0.30227566,0.32927182,0.2895094
,,3.8821158,5.898786,-5.9737616,1709050336540,,-1.6861395,0.35903576,-0.7538835,,,,,,-0.24618286,0.059784237,0.40961564,0.8535997,0.30271092,0.32778132,0.24079488
,,3.8036315,6.0884566,-6.0260844,1709050336792,,-1.263421,-0.8779654,-0.68729925,,,,,,-0.26443672,0.15530115,0.29513618,0.8520797,0.30321968,0.33051118,0.2411544
52.50296452,13.39088772,3.646981,6.978189,-5.718129,1709050337000,10.132269,2.0181446,-0.12965605,0.8239802,,,,,,-0.02987512,0.32204202,0.13653329,0.8362743,0.307608,0.33132696,0.28802016
,,3.547679,7.023173,-5.7038507,1709050337044,,1.030987,0.638201,0.49350238,,,,,,-0.10874713,0.28968668,0.14434186,0.83589935,0.30574024,0.33237273,0.28961375
,,3.8622549,5.891608,-6.052087,1709050337547,,-1.7899865,0.14156792,-0.5681806,,,,,,-0.26280683,-0.031412568,0.31655708,0.8512367,0.30743,0.33093053,0.23894136
,,3.7844882,6.016274,-6.0846286,1709050337797,,-1.322064,-0.7490729,-0.6317105,,,,,,-0.3316665,7.030169E-5,0.25398928,0.8501598,0.30827755,0.3325247,0.23896247
,,3.596891,7.0803623,-5.7545,1709050338050,,0.8526145,0.5826123,0.26626068,,,,,,-0.15603685,0.32522157,0.057165273,0.83381957,0.3101095,0.335822,0.28686842
,,3.6705897,6.9779496,-5.748996,1709050338301,,2.0444117,-0.20784675,0.8209259,,,,,,-0.08663566,0.2579459,0.110729136,0.83436084,0.31305707,0.33296055,0.28566217
,,3.8797224,5.9783874,-6.0918074,1709050338553,,-1.7624977,0.27290383,-0.58650655,,,,,,-0.22695889,0.071627066,0.30988985,0.85019416,0.31408182,0.32904837,0.2358914
,,3.787519,6.0000825,-6.06421,1709050338804,,-1.2646428,-0.766788,-0.8198569,,,,,,-0.2904497,0.0359217,0.33042464,0.8493898,0.314576,0.33097407,0.23514698
,,3.578945,7.087621,-5.807061,1709050339056,,0.64247704,0.6724094,0.3927097,,,,,,-0.11782154,0.42680913,0.056090355,0.8327777,0.31666812,0.3348809,0.28319496
,,3.70385,7.064091,-5.748517,1709050339308,,2.0993896,-0.2762636,0.7128028,,,,,,-0.0011880477,0.40450057,0.1073031,0.83115077,0.31890061,0.33527055,0.28547648
,,3.9064424,6.0866237,-6.030232,1709050339559,,-1.4253002,-0.041691523,-0.41485354,,,,,,-0.1326102,0.18792324,0.31457436,0.8461196,0.32080534,0.33221924,0.2370274
,,3.9261432,5.970491,-6.000402,1709050339808,,-1.0135773,-0.7478512,-1.0990222,,,,,,-0.21315019,0.10277849,0.30372694,0.84699756,0.31855682,0.33588263,0.23176236
52.5031112,13.39096989,3.819503,7.127979,-5.722595,1709050340000,7.3994308,1.7017165,0.008399391,0.70119643,,,,,,0.049506146,0.40764087,0.013615894,0.8289608,0.32037875,0.33902887,0.28690454
,,3.7155747,6.9962935,-5.750591,1709050340061,,0.54840386,0.4054615,0.3438405,,,,,,-0.07790411,0.3548816,0.040564697,0.8306743,0.3204802,0.3404431,0.27952132
,,4.0060635,6.199724,-5.925666,1709050340563,,-0.9164499,0.0810923,-0.24442227,,,,,,-0.07329605,0.18367225,0.31886548,0.84484637,0.3187584,0.33534393,0.24167809
,,3.9771101,5.8623357,-5.9848485,1709050340815,,-1.0227404,-0.7014255,-1.2340232,,,,,,-0.18656492,0.016169222,0.36117336,0.8494707,0.31542158,0.3357161,0.22923349
,,3.8192642,6.830072,-5.6984277,1709050341067,,0.42867437,0.027947064,0.3334558,,,,,,-0.025314331,0.18535662,0.13647829,0.83461314,0.31495973,0.33857697,0.27630323
,,3.6831129,7.1684976,-5.573123,1709050341317,,1.713323,0.3773617,0.65232724,,,,,,0.0066437083,0.32197616,0.12789427,0.830063,0.31330153,0.33637315,0.29470322
,,3.9771109,6.4379683,-5.765745,1709050341569,,-0.297033,0.25641048,-0.0184023,,,,,,-0.06833995,0.18063027,0.35415375,0.8435344,0.31053987,0.33678207,0.25474486
,,3.9720056,5.8560348,-5.9778295,1709050341819,,-1.2243258,-0.33307403,-1.3897938,,,,,,-0.30880967,-0.08378358,0.30448443,0.84923434,0.30957824,0.33904698,0.23228413
,,3.7887952,6.7741604,-5.761199,1709050342069,,0.3376555,-0.26832235,0.37927067,,,,,,-0.17815614,0.17573465,0.095681205,0.8334976,0.31467178,0.3438893,0.27277583
,,3.724189,7.230951,-5.5731235,1709050342321,,1.4958551,-0.022754714,0.8099303,,,,,,-0.018399835,0.31457743,0.0456652,0.82538384,0.31837246,0.34248146,0.2953696
,,3.9889948,6.562157,-5.892565,1709050342572,,0.22586726,0.5874992,0.46295914,,,,,,-0.04430546,0.28317448,0.22049159,0.8383663,0.3190222,0.33990052,0.2572014
,,4.0445085,5.847022,-6.004788,1709050342823,,-1.525482,0.117744185,-1.3323724,,,,,,-0.19692364,0.017788641,0.3880806,0.8486354,0.31762677,0.3379133,0.22578649
52.50324138,13.39103477,3.7784264,7.228956,-5.607022,1709050343000,6.3811893,1.2936589,0.2698495,0.7152463,,,,,,0.14879908,0.43352777,0.0841049,0.82732457,0.31992286,0.33646926,0.29379064
,,3.9336402,6.569974,-5.8668017,1709050343072,,-0.10461059,-0.20173809,0.11476622,,,,,,-0.03766618,0.20620897,0.10122072,0.8370855,0.3190669,0.33922735,0.26068392
,,4.0927634,6.7066035,-5.794459,1709050343574,,1.2594504,0.06093376,0.61934054,,,,,,0.18685889,0.32363796,0.20708105,0.83884776,0.3160101,0.33468452,0.26623854
,,4.1188455,5.838727,-6.0231333,1709050343827,,-1.9573635,0.36453354,-0.9811252,,,,,,-0.092152596,0.036689162,0.39539862,0.8521602,0.31107494,0.33196208,0.22903183
,,4.00734,6.445785,-5.80092,1709050344078,,-0.9732603,-0.4411971,-0.4240165,,,,,,-0.025426093,0.1364513,0.23956993,0.84336287,0.30960712,0.33677733,0.2556531
,,3.894399,7.234141,-5.681917,1709050344332,,1.0780237,0.36331183,0.60284716,,,,,,0.16072722,0.36104852,0.0035530408,0.830702,0.31142035,0.3358261,0.29506227
,,3.9763134,6.8926854,-5.7202024,1709050344583,,1.7316489,0.05054906,0.72990704,,,,,,0.09275491,0.32587808,0.23950846,0.83907604,0.30848122,0.33516237,0.27520826
,,4.0882173,5.9597235,-5.9723263,1709050344836,,-1.9885175,0.38591382,-0.6121629,,,,,,-0.15216559,0.055841073,0.42953065,0.85411966,0.30335712,0.332765,0.23308529
,,3.97057,6.31402,-5.9290957,1709050345091,,-1.1504111,-0.46257734,-0.5596285,,,,,,-0.21713184,0.12721862,0.26374832,0.8483477,0.30022097,0.3374177,0.24983369
,,3.758965,7.289255,-5.659983,1709050345342,,0.8184061,0.5740602,0.40187266,,,,,,-0.060292568,0.41140077,0.011608744,0.8334793,0.3003968,0.33774152,0.29672533
,,3.8547578,7.116175,-5.7295346,1709050345592,,1.9326234,-0.17486005,0.9076687,,,,,,-0.101410314,0.43565166,0.09486124,0.83669305,0.2976521,0.33814973,0.29015273
,,3.8878584,6.1239524,-5.912505,1709050345844,,-1.4711151,0.03527744,-0.5419134,,,,,,-0.39110252,0.17685857,0.35461667,0.8512803,0.29426613,0.33864263,0.24491164
52.50338454,13.39105167,3.7034516,7.152466,-5.698746,1709050346000,7.5879016,0.47510007,0.69073534,0.3334558,,,,,,-0.24316667,0.39433032,0.014990663,0.83348185,0.29560712,0.34172496,0.29652554
,,3.9702513,6.136314,-6.0161138,1709050346094,,-1.322064,-0.92561287,-0.96279925,,,,,,-0.39292306,0.11222694,0.214141,0.8491854,0.29318568,0.34214565,0.2483613
,,3.7860837,7.116334,-5.607181,1709050346595,,1.8605413,-0.108886644,0.75250906,,,,,,-0.12513007,0.35532233,0.10728499,0.83338094,0.29693124,0.3392014,0.2987504
,,3.971607,6.2013187,-5.8835526,1709050346855,,-0.99158627,-0.2243401,-0.08498656,,,,,,-0.25369516,0.18191329,0.35250276,0.8489966,0.2962282,0.33711898,0.25257722
,,3.9625938,5.954858,-5.9072413,1709050347106,,-1.277471,-0.80466163,-1.1332306,,,,,,-0.28870332,0.005889813,0.35662964,0.8528771,0.29244724,0.33626366,0.24449374
,,3.7971697,6.9832935,-5.6658854,1709050347358,,0.52763444,0.09086613,0.050014555,,,,,,-0.098817125,0.2859115,0.11963899,0.838158,0.2928347,0.33558723,0.29245225
,,3.6333418,7.314699,-5.4233327,1709050347608,,1.1238384,0.38957903,0.56863874,,,,,,-0.019242508,0.38254878,0.11723165,0.83298624,0.29450637,0.33329475,0.30824947
,,3.9532619,6.644949,-5.70728,1709050347857,,0.83673203,-0.18096869,0.60345805,,,,,,-0.078504644,0.23106278,0.21571976,0.84402585,0.29459524,0.33684692,0.27346793
,,3.9528635,5.9753566,-5.999923,1709050348110,,-0.43631017,0.15500695,-0.44600764,,,,,,-0.23551272,0.090844855,0.24459308,0.85545784,0.2903074,0.33297384,0.24117473
,,4.1106305,6.2314687,-6.200203,1709050348360,,0.14401138,-0.014202606,0.24915648,,,,,,-0.0768092,0.22649743,-0.0107874395,0.8542366,0.29045424,0.33468816,0.24541621
,,4.2077785,5.9613986,-6.4142804,1709050348610,,-0.12232567,0.075594515,-0.09048434,,,,,,-0.08671961,0.22751044,-0.029474799,0.8580585,0.2922827,0.33278567,0.23077367
,,4.5481973,5.2938013,-6.793622,1709050348862,,-0.0820086,-0.03924806,0.1220966,,,,,,-0.063370295,0.18857214,0.021027278,0.87162775,0.29215258,0.33421814,0.1882617
52.50351286,13.39108077,4.853043,4.7043686,-7.2076597,1709050349000,7.66819,0.12140937,-0.08261946,-0.13629921,,,,,,-0.032583013,0.16915576,0.045875754,0.88719076,0.2832701,0.33095515,0.15085481
,,4.7515078,4.6924047,-7.108437,1709050349114,,-0.11194097,-0.031306818,0.053068876,,,,,,-0.117479816,0.13200496,0.10154206,0.88399893,0.28752705,0.33224648,0.15555927
,,4.938308,4.91733,-7.29444,1709050349614,,0.22281294,-1.1223114,-0.30184355,,,,,,0.14373404,0.279714,-0.11009595,0.8871259,0.28338012,0.32694086,0.15916681
,,4.579225,4.776711,-7.3634334,1709050349865,,-0.26526803,-0.06856957,-0.27313292,,,,,,0.16333288,0.14187582,0.06785561,0.8912069,0.28612334,0.3073074,0.16375758
,,4.131448,4.8529634,-7.4759755,1709050350115,,-0.5346594,0.22953244,-0.05627592,,,,,,0.20684075,0.062387355,0.06829648,0.8920707,0.2941314,0.2866594,0.17641117
,,3.6078186,5.099823,-7.5122666,1709050350367,,0.049327333,-0.0050396346,-0.2841285,,,,,,0.123741895,0.049152564,0.08707571,0.890189,0.30329746,0.2688338,0.19476445
,,3.105485,5.267639,-7.5929837,1709050350618,,-0.3037525,0.1574504,0.24976733,,,,,,0.085954286,-0.029333988,0.05810267,0.8867605,0.316793,0.2504304,0.21267061
,,2.6094537,5.5127454,-7.637571,1709050350871,,0.009010255,0.032833982,0.09460768,,,,,,0.042977992,-7.431666E-4,0.025552241,0.8842676,0.32575855,0.23369847,0.23123854
,,2.1442883,5.75107,-7.5291758,1709050351122,,0.099418245,0.09025527,-0.051999863,,,,,,-0.07924472,-0.06753842,0.13520089,0.8802149,0.33216104,0.22359917,0.25042686
,,2.0744975,6.104569,-7.3764343,1709050351373,,-0.0386372,0.0059559317,0.017027855,,,,,,-0.12256188,0.0098822275,0.03610716,0.87406474,0.33448,0.2283139,0.26647902
,,2.121636,6.34736,-7.23462,1709050351624,,-0.067958705,-0.07834341,0.09582941,,,,,,-0.13019572,0.10252242,0.032755837,0.8711138,0.33124217,0.23384342,0.27626917
,,2.2610576,6.333881,-7.2050276,1709050351875,,-0.05146536,-0.0019853106,0.10804671,,,,,,-0.056181032,0.03502175,0.00803628,0.87221813,0.3233272,0.23634358,0.27986377
52.50364329,13.39108125,2.5544975,6.3241506,-7.116015,1709050352000,6.742905,0.06459895,-0.10216714,0.033521205,,,,,,0.024342768,0.014246194,0.09474273,0.87737274,0.3047109,0.24147981,0.28065163
,,2.42393,6.377431,-7.1624365,1709050352129,,0.15683953,-0.0129808765,0.0353538,,,,,,-0.02536869,0.03079017,0.022879632,0.87484014,0.31103963,0.24003567,0.28280374
,,2.6683962,6.3290157,-7.133801,1709050352633,,0.014508039,-0.12415826,0.14408773,,,,,,0.062110648,0.08740209,0.11172932,0.8792572,0.30171067,0.2430673,0.2766154
,,2.7539792,6.29751,-7.1113887,1709050352884,,-0.022754714,-0.13515383,0.21372631,,,,,,0.061914183,0.108106725,0.1559032,0.8815219,0.2975389,0.24420382,0.27301338
,,2.7834904,6.269116,-7.1180096,1709050353133,,-0.08933897,-0.108886644,0.18501566,,,,,,0.039435387,0.13756521,0.16162597,0.88442874,0.2914874,0.24431825,0.27006218
,,2.818745,6.277411,-7.1159353,1709050353384,,0.069485866,-0.0594066,0.013362667,,,,,,0.0225288,0.18623161,0.19544218,0.886777,0.28581414,0.24396746,0.26859468
,,2.7872393,6.284909,-7.1427355,1709050353635,,-0.06062833,-0.091782436,0.1532507,,,,,,-0.016106049,0.23245828,0.17902687,0.8888981,0.2813062,0.24245167,0.26751047
,,2.7401807,6.343134,-7.14728,1709050353887,,0.20143266,-0.13271037,0.05978839,,,,,,-0.04401456,0.27690738,0.19264694,0.89131254,0.27347505,0.23902494,0.27015242
,,2.7316463,6.317371,-7.212047,1709050354138,,-0.058795735,-0.56642437,0.40004006,,,,,,-0.009516136,0.2516008,0.19122379,0.8946089,0.266617,0.23340775,0.271069
,,2.6049066,6.389156,-7.2349386,1709050354388,,-0.47112945,-0.30619597,0.76655895,,,,,,-0.038441285,0.29808813,0.21477512,0.8993978,0.25249416,0.22425468,0.27570105
,,2.4161124,6.546126,-7.1412992,1709050354638,,-0.33551747,-0.025198173,0.28275403,,,,,,-0.17935985,0.31951657,0.25954232,0.90343815,0.22629699,0.2150782,0.28752246
,,2.2506092,6.594141,-7.183732,1709050354890,,-0.13942988,0.04382955,0.31696245,,,,,,-0.36924526,0.28240502,0.12518902,0.90644765,0.19271885,0.20617971,0.30202216
52.50370916,13.39106506,1.9802203,6.5953374,-7.3296947,1709050355000,6.404796,0.40973756,0.13729186,-0.68424493,,,,,,-0.8629469,0.11981351,-0.25031665,0.91133434,0.12254728,0.19574766,0.32692978
,,2.0976284,6.634021,-7.180143,1709050355142,,0.547793,0.24846925,-0.19799654,,,,,,-0.6413893,0.2125657,-0.0024181367,0.90855503,0.1540117,0.20014146,0.31722504
,,1.7382259,6.5545793,-7.343493,1709050355647,,0.15195261,-0.0594066,-0.14973822,,,,,,-1.1529135,0.033093326,-0.3495757,0.91463095,0.09786764,0.19069488,0.33545998
,,1.511865,6.3837323,-7.39103,1709050355896,,-1.5279255,0.10919208,-1.447215,,,,,,-1.3392272,-0.27032834,-0.50313187,0.9144481,0.08450641,0.1867176,0.34535643
,,1.184846,6.67111,-7.1988864,1709050356151,,-0.1565341,0.32177302,-0.25175264,,,,,,-1.242036,-0.3377958,-0.72064155,0.8999081,0.099769816,0.1776465,0.37299615
,,0.7521439,6.7251062,-6.486624,1709050356403,,-0.310472,-0.4063778,0.46662432,,,,,,-1.043271,-0.71909016,-0.55065554,0.88039404,0.12520903,0.1640217,0.40586615
,,0.18321037,7.725945,-5.671947,1709050356653,,-0.8278745,-0.016035201,-0.076434456,,,,,,-0.83541614,-0.0770065,-0.47385365,0.8583476,0.14468978,0.14444838,0.44597578
,,0.035015,8.29775,-4.5986857,1709050356904,,-0.14553854,-0.031306818,0.18807,,,,,,-0.43778124,-0.08770393,-0.31160563,0.82626057,0.16380532,0.13521396,0.4972878
,,-0.036610145,8.852487,-3.6748965,1709050357156,,-0.16386448,-1.0703878,0.26320636,,,,,,-0.083726645,-0.14168549,-0.49387202,0.79141676,0.17055054,0.13074297,0.5548203
,,-0.040917225,9.650253,-2.5101504,1709050357407,,0.015729768,-1.1064289,-0.055054188,,,,,,0.21042548,0.114085324,-0.44012854,0.75965476,0.15705639,0.11441786,0.6113756
,,0.09682957,9.857791,-1.7745969,1709050357659,,0.26923865,-0.857196,0.36888596,,,,,,0.26508313,0.13438845,-0.3376303,0.74296975,0.11417474,0.089011036,0.6421085
,,0.22771697,10.269197,-1.6709877,1709050357908,,-0.16203189,-0.48334676,0.109268434,,,,,,0.1375503,0.4416841,-0.52723306,0.73594564,0.05788031,0.061397452,0.65648764
52.50376766,13.39103714,0.401755,9.753384,-1.8755741,1709050358000,6.678677,-0.170584,-0.3837758,-0.0049632764,,,,,,-0.108483426,-0.17080389,-0.7339763,0.7363379,-0.0441823,-0.0052898456,0.65850586
,,0.47952163,9.783851,-1.7440488,1709050358162,,-0.10216714,0.08231403,-0.05688678,,,,,,0.069690816,-0.1766825,-0.6573182,0.73235404,0.009207758,0.033731353,0.6606294
,,0.28562325,9.839286,-1.8034703,1709050358665,,-0.07345649,-0.1443168,0.050014555,,,,,,-0.2723529,-0.07869126,-0.5280659,0.7395792,-0.099432796,-0.051307086,0.65484744
,,0.17028922,9.770375,-2.0297515,1709050358917,,-0.0490219,0.013897174,-0.06666062,,,,,,-0.38919982,-0.09993556,-0.5863505,0.740291,-0.14146522,-0.08877978,0.64726907
,,0.14213368,9.747802,-2.141496,1709050359168,,-0.12049308,-0.048411034,-0.082543105,,,,,,-0.3635427,-0.11076209,-0.5794621,0.74117446,-0.16350536,-0.109024175,0.640353
,,0.044027947,9.8098545,-1.919203,1709050359420,,0.08659008,0.41523534,-0.14546217,,,,,,-0.32366323,-0.05033585,-0.42159784,0.7383225,-0.17077847,-0.12439758,0.6395226
,,0.11054839,9.861859,-1.7562519,1709050359672,,-0.2762636,-0.064904384,0.6468294,,,,,,-0.12060379,-0.020676041,-0.30167446,0.7366943,-0.17045498,-0.13266845,0.6400864
,,0.06285146,9.88507,-1.5101904,1709050359923,,-0.12721258,-0.07895427,-0.14057526,,,,,,-0.19594479,-0.0038530668,-0.12743022,0.73218834,-0.17705536,-0.13805492,0.6425302
,,0.06955137,9.901978,-1.3363916,1709050360174,,0.059101168,-0.49739665,-0.16073379,,,,,,-0.18864897,9.056727E-4,-0.060846742,0.72757894,-0.1808176,-0.14368543,0.6453241
,,0.04418745,9.942178,-1.1867601,1709050360424,,0.009010255,0.11530073,0.01886045,,,,,,-0.20968388,0.02105875,0.0023393254,0.7226768,-0.18681723,-0.15102068,0.64667964
,,0.12450654,9.940504,-1.111147,1709050360675,,0.0377209,-0.3245219,-0.0043524117,,,,,,-0.14428349,0.011467234,0.021449447,0.7183103,-0.19575936,-0.1587572,0.6467781
,,0.22771697,9.950553,-1.0743773,1709050360926,,-0.009926553,-0.053908817,-0.0012980876,,,,,,-0.10278199,0.01479276,0.024247264,0.7135647,-0.20772947,-0.16581187,0.6464011
52.5037763,13.39103711,0.27493536,9.959645,-0.9783453,1709050361000,7.224431,0.15317434,-0.18707734,0.13187043,,,,,,-0.059024937,0.0050094924,0.03363607,0.70236105,-0.23888113,-0.19308457,0.64130074
,,0.2774877,9.953185,-0.9505886,1709050361176,,0.07620538,-0.09300416,0.10560325,,,,,,-0.1108041,-0.0023757617,0.07176957,0.7063921,-0.22505231,-0.17795849,0.64585567
,,0.29463625,9.944092,-1.1336396,1709050361679,,-0.09728022,-0.16875139,0.052458014,,,,,,-0.06472726,0.011936824,0.006467982,0.7003157,-0.25522846,-0.20465682,0.63363296
,,0.51956165,9.891928,-1.2137192,1709050361930,,0.028557928,-0.53221595,-0.10942116,,,,,,0.08514771,-0.008909734,0.02920551,0.69908583,-0.2668065,-0.20864582,0.6287323
,,0.63122666,9.907562,-1.2300702,1709050362184,,0.055435978,-0.6244565,0.084833845,,,,,,0.114482544,0.020754082,0.09128223,0.6958681,-0.28175637,-0.215522,0.62346774
,,0.8356534,9.875737,-1.3089538,1709050362435,,-0.3611738,-0.74540776,-0.08193224,,,,,,0.22417612,0.010504595,0.105771095,0.6908584,-0.30147427,-0.22532244,0.6158976
,,0.97395855,9.848539,-1.1651453,1709050362686,,-0.22861615,-1.5700752,-0.2041052,,,,,,0.34702817,-0.002307447,0.24394812,0.6785899,-0.32602936,-0.24530517,0.60722005
,,0.76618177,9.943454,-1.1464812,1709050362937,,1.0890192,-1.0746639,1.4965423,,,,,,0.1992821,0.09504954,0.26533782,0.657941,-0.3600313,-0.280763,0.5873643
,,0.67964137,9.918651,-1.2354143,1709050363188,,0.07742711,-0.28053966,0.829478,,,,,,-0.055395983,0.1371953,0.30088717,0.6169998,-0.42102373,-0.3138576,0.55301636
,,0.89443696,9.702418,-1.6651653,1709050363438,,-0.170584,-0.12171481,0.6285035,,,,,,-0.16025786,0.07011385,0.1993516,0.563649,-0.4925525,-0.346958,0.5138899
,,0.7724829,9.702656,-1.7735602,1709050363688,,-0.62689996,0.74449146,-0.50587237,,,,,,-0.6007647,0.21416906,0.34445715,0.5126108,-0.5583189,-0.3795063,0.47969252
,,0.8140383,9.676972,-1.6177077,1709050363940,,-0.23838998,0.9503529,-0.37026042,,,,,,-0.7060222,0.20714524,0.43935806,0.47153407,-0.60186124,-0.41437182,0.45868018
52.50378693,13.39103914,1.1503097,9.196894,-2.5899115,1709050364000,6.9427214,-0.062460925,0.032833982,-0.41363183,,,,,,-1.0160909,0.2571037,0.45208094,0.46787834,-0.65096956,-0.38257703,0.42759597
,,0.8074181,9.9058075,-1.9431317,1709050364220,,2.9448264,0.8312343,0.39576402,,,,,,-0.9211309,0.48197317,0.2464603,0.45400375,-0.6274269,-0.42570904,0.44664273
,,1.568575,8.709555,-3.6240895,1709050364725,,-0.19746204,0.18066326,0.026801692,,,,,,-0.7262775,0.1058506,0.17679873,0.50692374,-0.6410372,-0.3382058,0.4218296
,,1.2263217,8.792267,-3.7286556,1709050364977,,-1.2640319,1.491579,-0.7783181,,,,,,-1.0581096,0.38860837,0.38162234,0.55760044,-0.613417,-0.29804742,0.43013746
,,1.5026927,8.6085,-3.7371106,1709050365227,,-0.8016073,0.8061888,-0.4466185,,,,,,-0.7266804,0.14533655,0.19900247,0.6044482,-0.56291944,-0.2589021,0.46163315
,,1.5590835,8.666804,-3.7578485,1709050365479,,0.09269873,0.75670874,-0.40752316,,,,,,-0.5764102,0.16961691,-0.07206427,0.6409142,-0.5050219,-0.21385595,0.4979118
,,1.4079367,8.659945,-3.6298327,1709050365731,,1.4750857,0.04382955,0.03718639,,,,,,-0.72273904,0.1765871,-0.010066057,0.6728333,-0.45086825,-0.1668162,0.52093375
,,1.3544174,8.771928,-3.456433,1709050365983,,-0.77350754,0.35048366,-0.6078868,,,,,,-0.6990476,0.010246626,-0.14980058,0.6981779,-0.39014122,-0.1434069,0.54374945
,,1.3398211,9.305207,-3.039443,1709050366235,,-0.24388777,0.59299695,0.26870415,,,,,,-0.6506373,0.22785415,-0.27170193,0.7175258,-0.32819858,-0.12214225,0.573624
,,1.4400803,9.28104,-2.5585659,1709050366487,,-1.3874266,0.7243329,-0.6243802,,,,,,-0.53813237,0.035105262,-0.21121201,0.7344872,-0.26902333,-0.09247572,0.60024244
,,1.3645471,9.326106,-2.2802806,1709050366741,,-0.5187769,0.6149881,-0.60422164,,,,,,-0.4549322,0.013627783,-0.2955522,0.73932564,-0.222086,-0.06585762,0.6193064
,,1.3384653,9.557095,-2.0553546,1709050366992,,2.856251,-0.3025308,0.6645445,,,,,,-0.37574875,0.25062028,-0.20947891,0.74275005,-0.18327974,-0.03167339,0.628886
52.50382219,13.39110568,1.4675977,9.406585,-2.5470002,1709050367000,8.601328,0.32665995,-0.5713113,0.52404565,,,,,,-0.2909568,0.1774675,-0.38098335,0.7651232,-0.12912644,0.014651929,0.61516595
,,1.2575879,9.227601,-2.2000406,1709050367244,,0.19776747,-0.6788235,0.25159994,,,,,,-0.53349435,0.010278781,-0.009833558,0.7599309,-0.1552152,-3.9839993E-5,0.6149864
,,1.268515,9.371328,-1.9936999,1709050367747,,-1.0502293,0.11346813,-0.47166398,,,,,,-0.50023335,0.1840131,0.14841352,0.76976955,-0.10497789,0.033228017,0.61446553
,,1.3146169,9.441679,-1.8088143,1709050367997,,-1.0276272,0.43966994,-0.38797548,,,,,,-0.34621364,0.088584855,0.040771738,0.76378024,-0.069205485,0.055501256,0.62539077
,,1.321556,9.7947,-1.6797613,1709050368248,,2.4243696,0.9943351,0.6150645,,,,,,-0.25795612,0.42492378,0.021854308,0.7600268,-0.031115703,0.09208177,0.625568
,,1.0206983,9.485787,-2.1296916,1709050368501,,0.7011201,-0.6244565,-0.28046328,,,,,,-0.75923306,0.280972,0.33984086,0.7790457,0.014515857,0.13175441,0.5869823
,,1.2906886,9.199765,-2.8420348,1709050368751,,0.8013019,-0.3733911,0.70363986,,,,,,-0.33525237,0.04987176,-0.14264576,0.77660614,0.07622366,0.15852596,0.5676955
,,1.0589039,9.389356,-2.572524,1709050369004,,-1.1937824,0.5716167,-0.09109521,,,,,,-0.43602788,0.3126499,0.17961735,0.7682048,0.14678124,0.19334504,0.55353415
,,1.0616158,9.277612,-2.358525,1709050369258,,-1.0868812,0.506865,-0.38492116,,,,,,-0.2339029,0.09592638,0.14438914,0.74410266,0.2237553,0.23953758,0.54812825
,,1.2141182,9.558608,-2.37368,1709050369509,,0.115911596,1.5667155,-0.8424589,,,,,,0.19533849,0.33622152,-0.13177572,0.71558475,0.2891574,0.2878969,0.53619796
,,1.1399406,9.593862,-2.399762,1709050369760,,2.1507022,-2.4210098,-0.24258968,,,,,,0.21188441,0.40862778,0.26687443,0.7054774,0.34577212,0.32365164,0.50355333
52.50390956,13.39125269,0.6583453,9.49799,-2.0044675,1709050370000,9.35789,-1.3739876,0.12812889,-0.18272492,,,,,,0.3668341,0.12136555,0.5062595,0.68699104,0.38129953,0.31823477,0.51061
,,0.9927023,8.970613,-2.6293933,1709050370014,,-1.006247,-0.7447969,-0.3171152,,,,,,0.2588105,-0.1486496,0.29313934,0.70159936,0.37529543,0.3270687,0.48847377
,,0.8478567,9.410811,-2.5190837,1709050370265,,-1.4998257,1.5428917,-0.92859083,,,,,,0.26813883,0.22022113,0.30090412,0.69986695,0.3780017,0.32321912,0.49161467
,,0.49531415,9.689177,-1.6771294,1709050370768,,-0.35628688,1.6894993,0.053068876,,,,,,0.59555435,0.27080828,0.29517183,0.6679496,0.38071793,0.31183508,0.53498054
,,0.122432746,9.411688,-1.6294326,1709050371021,,1.7084361,-1.0038035,0.68103784,,,,,,0.16252767,0.40978363,0.6571981,0.68461317,0.3772971,0.28630492,0.53326756
,,-0.11397812,8.6546,-2.285385,1709050371274,,0.042607818,-0.33246315,0.00481056,,,,,,0.064037375,-0.24985835,0.50666445,0.7127189,0.3598852,0.24830073,0.53076744
,,-0.3541378,9.654721,-2.2727826,1709050371532,,-1.781129,1.9021566,-0.2361756,,,,,,0.040226843,0.60458386,0.15303083,0.7127562,0.34035996,0.23170237,0.55253196
,,-0.38436714,9.680724,-1.5414565,1709050371784,,-2.399935,4.894783,-0.10789399,,,,,,0.15513398,0.40891418,0.21284015,0.6738025,0.34417447,0.2549106,0.58378005
,,-0.05503497,9.696834,-0.1568895,1709050372038,,-1.3993385,-3.0085855,1.838932,,,,,,0.54602295,0.44328257,0.52527833,0.62591594,0.3510551,0.2943802,0.60078347
,,-0.18624136,9.033782,0.15409766,1709050372290,,-3.9802423,-0.035506517,-0.9508874,,,,,,-0.13020927,0.05714337,0.31320202,0.61339575,0.31305405,0.31058103,0.61472577
,,-0.27589256,8.457749,1.5373884,1709050372542,,0.11377356,-0.51870054,-0.36140287,,,,,,-0.30428678,-0.28502542,0.076421276,0.5550216,0.26182714,0.31785,0.66746736
,,-0.4435496,8.410132,3.7511487,1709050372799,,-2.4341435,1.0933716,1.6116904,,,,,,-0.37041938,0.16948648,0.04554731,0.4715714,0.22406428,0.33228263,0.7371686
52.50398398,13.39112508,-0.11142577,3.9719262,8.108719,1709050373000,8.186027,0.23594652,-7.63581E-5,-0.15004367,,,,,,-0.37882933,-0.47823086,-0.36574468,0.23372793,0.06306863,0.26805916,0.91161954
,,0.11222336,6.663293,5.763433,1709050373048,,-0.1036943,-0.27313292,-0.23922992,,,,,,0.13293736,-0.45497963,-0.04573547,0.36621636,0.18221258,0.34312168,0.80555266
,,0.08701899,5.3424554,7.869117,1709050373300,,-0.6540835,-0.10575596,0.17676899,,,,,,-0.025177937,-0.36020136,0.3833759,0.29006666,0.12527746,0.3154675,0.8592197
,,-0.007338017,3.374677,9.586606,1709050373975,,0.17791437,-0.40996662,-0.5898663,,,,,,0.10947588,-0.17699946,0.29498142,0.17485657,0.047442146,0.23219596,0.9485987
,,-0.039322052,2.8378081,9.5538225,1709050374229,,0.37827802,0.31207556,0.013057235,,,,,,0.3467696,-0.21945982,0.08879437,0.14662455,0.04555125,0.20728837,0.96219236
