100#1#0
key,lat,lon,ts,bike,childCheckBox,trailerCheckBox,pLoc,incident,i1,i2,i3,i4,i5,i6,i7,i8,i9,scary,desc,i10
,,,,1,0,0,5,-5,0,0,0,0,0,0,0,0,0,0,,0

=========================
100#1
lat,lon,X,Y,Z,timeStamp,acc,a,b,c,obsDistanceLeft1,obsDistanceLeft2,obsDistanceRight1,obsDistanceRight2,obsClosePassEvent,XL,YL,ZL,RX,RY,RZ,RC
52.585803333333324,13.307330000000002,5.63207,0.093890004,8.0196,1707928794000,2.0,-0.1387375,-0.0526625,0.2217875,,,,,,-0.24014735,-0.26802883,0.15841159,0.30689064,-0.073561035,0.90735114,0.27695563
,,5.757376,-0.08010001,7.9551063,1707928794016,,-0.2292125,-0.1208625,-0.474925,,,,,,-0.075630955,-0.34986383,0.065589406,0.3035155,-0.07682686,0.90876424,0.27485946
,,5.676035,-0.045135006,7.9956803,1707928794268,,-0.064075,0.0763125,-0.084975,,,,,,-0.14881021,-0.26017883,0.099394485,0.3017399,-0.08122932,0.90742517,0.2798701
,,5.75353,-0.053065013,7.9773793,1707928794519,,0.3034625,0.010175,0.3144625,,,,,,-0.06867471,-0.23195525,0.0830031,0.30089313,-0.08374796,0.9068223,0.28191355
,,5.6916947,-0.118664995,7.985909,1707928794770,,-0.1695375,-0.2220625,0.02475,,,,,,-0.119064644,-0.2455223,0.081998006,0.30007794,-0.0837412,0.9093618,0.2745736
,,5.7343397,-0.23626499,7.9531736,1707928795021,,-0.12375,-0.0100375,-0.3172125,,,,,,-0.058786627,-0.28571406,0.03577423,0.2986066,-0.0848137,0.9119546,0.26715198
,,5.7021704,-0.200605,7.987241,1707928795272,,-0.029975,0.0774125,-0.170225,,,,,,-0.10549266,-0.23641461,0.07978181,0.29904434,-0.087032795,0.91061133,0.27058172
,,5.717806,-0.024505,7.977475,1707928795523,,0.22247499,-0.0196625,0.1780625,,,,,,-0.13020155,-0.13066417,0.098370716,0.30181873,-0.08618173,0.9080297,0.27653486
,,5.7452803,-0.06706999,7.9692397,1707928795775,,0.1287,0.18493749,-0.0562375,,,,,,-0.09729398,-0.22048849,0.087607406,0.3026441,-0.08223926,0.90935844,0.2725117
,,5.704046,-0.13664,7.965634,1707928796026,,-0.2761,0.17105,-0.2011625,,,,,,-0.11725985,-0.30321386,0.06826488,0.30216748,-0.07905224,0.91165316,0.26649314
,,5.7163043,-0.111504994,8.036535,1707928796277,,-0.0055,-0.1027125,-0.0924,,,,,,-0.08345997,-0.29130605,0.1280999,0.300797,-0.07980829,0.91047835,0.27165985
,,5.7194004,0.06643,8.053635,1707928796528,,0.1648625,0.1434125,0.22825,,,,,,-0.08115325,-0.18679495,0.14630488,0.3010581,-0.079329066,0.90752965,0.28126854
52.585895,13.30722,5.74243,0.020400006,7.9802,1707928797000,2.0,0.204325,0.5396875,0.1398375,,,,,,-0.04178776,-0.26916394,0.061981034,0.300696,-0.07682523,0.9080346,0.2806675
,,5.61073,8.6500245E-4,7.9451957,1707928797031,,-0.2110625,0.044275,-0.1659625,,,,,,-0.14865652,-0.27946284,0.011887058,0.29962143,-0.074897595,0.91023767,0.27499425
,,5.6945653,-0.009405005,7.9453564,1707928797281,,0.0275,-0.0760375,0.0620125,,,,,,-0.060116872,-0.2667313,0.0073771277,0.29903793,-0.07589067,0.9104698,0.27458674
,,5.6100354,0.13959001,7.896756,1707928797533,,0.0488125,-0.0143,0.017324999,,,,,,-0.14230463,-0.14496332,-0.042199206,0.29906088,-0.0757889,0.90935993,0.27831256
,,5.6820455,0.10372502,7.9010253,1707928797784,,0.372625,0.0933625,0.2761,,,,,,-0.06328311,-0.21174741,-0.04312819,0.29944643,-0.07262121,0.9106561,0.27449313
,,5.5738406,0.026859999,7.953756,1707928798035,,-0.0779625,0.2435125,-0.0477125,,,,,,-0.1603966,-0.29141855,-0.011347123,0.2993602,-0.0686449,0.9140855,0.26416907
,,5.65381,0.033595007,8.038085,1707928798286,,0.11385,-0.3232625,-0.22453749,,,,,,-0.073946096,-0.29286763,0.06153584,0.2989845,-0.0674764,0.9148559,0.26229793
,,5.7127748,0.09556,8.090685,1707928798537,,-0.02475,0.14973749,0.1376375,,,,,,-0.04953456,-0.29584777,0.12906605,0.30157053,-0.065766335,0.913381,0.26484278
,,5.7144055,0.11319502,8.11759,1707928798788,,0.137225,0.0187,0.218625,,,,,,-0.06708206,-0.34553346,0.16928348,0.30375877,-0.0620346,0.91351986,0.26272827
,,5.681735,0.044305,8.202891,1707928799040,,-0.26125,0.131725,-0.2267375,,,,,,-0.1258085,-0.45885995,0.2775356,0.30639207,-0.0576001,0.9150431,0.25529212
,,5.7049656,0.054304995,8.206691,1707928799292,,0.018975,-0.0856625,-0.11275,,,,,,-0.13996951,-0.48213252,0.3081196,0.30895016,-0.056826234,0.9140734,0.2558344
,,5.67963,0.15734,8.133824,1707928799543,,0.135025,0.0985875,0.13653749,,,,,,-0.20259804,-0.44945642,0.28134567,0.31192103,-0.057231728,0.9103268,0.26498514
52.585985,13.307111666666666,5.72753,0.21991001,8.126535,1707928800000,2.0,0.337425,-0.0111375,0.403975,,,,,,-0.17244296,-0.46639663,0.29827672,0.3142641,-0.05414983,0.9091475,0.26689807
,,5.618394,0.13051002,8.14684,1707928800044,,-0.031075,-0.1123375,-0.2319625,,,,,,-0.26876011,-0.59176284,0.3316437,0.3146912,-0.05018616,0.91062444,0.2617895
,,5.546126,0.23791505,8.08551,1707928800296,,0.0413875,-0.0174625,0.032175,,,,,,-0.3397364,-0.5284142,0.279171,0.31521907,-0.048606735,0.90981805,0.26428014
,,5.5219254,0.28685004,8.058711,1707928800548,,-0.1013375,0.00385,0.032175,,,,,,-0.36170167,-0.5214931,0.25433716,0.31552613,-0.048392937,0.9082275,0.26965225
,,5.625825,0.31422,7.9588113,1707928800800,,0.0499125,-0.3700125,-0.2330625,,,,,,-0.25739205,-0.5263598,0.15669213,0.31598404,-0.046796605,0.90811557,0.2698668
,,5.579371,0.349785,8.035451,1707928801051,,0.003025,0.2690875,0.1280125,,,,,,-0.33304277,-0.5172107,0.26185015,0.3183262,-0.044644233,0.9086161,0.2660392
,,5.5790353,0.289045,7.931721,1707928801303,,-0.2058375,0.115637496,0.251625,,,,,,-0.3670402,-0.56635416,0.17536224,0.32015035,-0.0447038,0.9088667,0.26302928
,,5.6273007,0.33780497,7.91095,1707928801553,,-0.216425,-0.2358125,-0.1978625,,,,,,-0.34769097,-0.4771169,0.16463785,0.3211737,-0.0469246,0.908675,0.26199585
,,5.7848406,0.21773002,7.978915,1707928801804,,0.0732875,0.022,-0.1978625,,,,,,-0.23011753,-0.5554646,0.2585817,0.3233181,-0.047257707,0.9098639,0.2547436
,,5.87934,0.22022502,8.02768,1707928802056,,0.1159125,0.1934625,-0.15853749,,,,,,-0.20146464,-0.54751354,0.35909408,0.32733622,-0.04711407,0.90968555,0.25026098
,,5.7469454,0.27898505,7.954676,1707928802307,,0.069025,0.23815,0.0716375,,,,,,-0.38577157,-0.52980673,0.3331007,0.33125263,-0.04499387,0.90916854,0.2475296
,,5.7698107,0.21542001,7.858237,1707928802559,,0.24475,0.1753125,0.3251875,,,,,,-0.35847965,-0.6119033,0.2373943,0.3317281,-0.0412852,0.9111707,0.24015681
52.58607666666667,13.307003333333334,5.6906104,0.19501999,7.928226,1707928803000,2.0,-0.42625,0.17325,-0.370425,,,,,,-0.43342617,-0.67274016,0.31615356,0.3325058,-0.035561394,0.9135358,0.23013619
,,5.7788105,0.179985,7.9906607,1707928803061,,-0.0364375,-0.2380125,-0.29479998,,,,,,-0.32573465,-0.7494592,0.3765059,0.3323631,-0.03191117,0.9139651,0.22914721
,,5.683736,0.32676503,7.9515605,1707928803312,,0.1181125,0.0837375,0.1280125,,,,,,-0.41259378,-0.68500125,0.33208624,0.33269468,-0.029179834,0.9127329,0.23384959
,,5.695165,0.310065,7.8524346,1707928803563,,0.2853125,0.2275625,0.2112,,,,,,-0.37490723,-0.72850746,0.17999683,0.33084887,-0.026241066,0.9140801,0.23166153
,,5.532426,0.31834,7.8651347,1707928803814,,-0.1205875,-0.0196625,-0.152075,,,,,,-0.49779165,-0.7391825,0.1673819,0.328978,-0.021547766,0.9170895,0.22280084
,,5.7277203,0.361005,7.8737354,1707928804064,,0.0935,-0.02805,0.1973125,,,,,,-0.28379595,-0.7302236,0.1634195,0.32812202,-0.018524472,0.9181472,0.21998687
,,5.6871557,0.51721007,7.9143705,1707928804315,,0.0658625,0.029424999,0.0801625,,,,,,-0.33514982,-0.6406242,0.22341055,0.32961932,-0.016221333,0.91704327,0.22259307
,,5.7379904,0.54261506,7.8746057,1707928804565,,0.1265,0.0081124995,0.0716375,,,,,,-0.30954418,-0.7017688,0.20980291,0.33224055,-0.009969934,0.9173839,0.21735065
,,5.60753,0.48304504,7.874465,1707928804816,,-0.4390375,-0.4552625,-0.1830125,,,,,,-0.42483753,-0.84012026,0.22342864,0.3328515,-0.0018873992,0.91970783,0.20709053
,,5.6801996,0.43338007,7.9047,1707928805067,,-0.1450625,-0.188925,-0.3097875,,,,,,-0.33026227,-0.9449585,0.27992684,0.33312494,0.002423633,0.92055255,0.20343058
,,5.7051997,0.450275,8.048541,1707928805318,,0.0253,0.0314875,-0.0477125,,,,,,-0.33427468,-0.9735647,0.45017064,0.33540052,0.0024566664,0.9183777,0.20903789
,,5.6934342,0.39481005,8.093275,1707928805569,,0.1500125,-0.056925,0.286825,,,,,,-0.38668364,-1.0802381,0.53616625,0.33877322,0.0033711998,0.9163364,0.21231468
52.586171666666665,13.30689,5.7277403,0.29644,8.051576,1707928806000,2.0,-0.0290125,0.0070125,0.0716375,,,,,,-0.38435796,-1.1926687,0.5270146,0.34100235,0.0039149653,0.91558075,0.21190806
,,5.69321,0.20191002,8.02287,1707928806072,,-0.29205,-0.0132,-0.390775,,,,,,-0.45892704,-1.2591903,0.52781016,0.34311715,0.0018141003,0.9146739,0.2124475
,,5.736776,0.206135,8.027205,1707928806324,,-0.014025,0.047575,-0.0658625,,,,,,-0.47670662,-1.2366041,0.5714792,0.3464537,-0.0032518,0.9114576,0.22070555
,,5.741711,0.279865,8.034935,1707928806576,,0.1159125,0.0422125,0.176,,,,,,-0.521587,-1.2011597,0.6262847,0.3499935,-0.0051249336,0.9080783,0.22872101
,,5.843711,0.21593502,8.005665,1707928806827,,0.1403875,0.1753125,0.1791625,,,,,,-0.43697366,-1.2745357,0.611871,0.3511298,-0.004567167,0.90782714,0.2280099
,,5.7725353,0.15809998,8.024858,1707928807079,,-0.13653749,0.195525,-0.0295625,,,,,,-0.4752725,-1.2464992,0.5897055,0.34796533,-0.006861833,0.910058,0.2234908
,,5.7787,0.108495004,8.05496,1707928807331,,0.14575,-0.056925,-0.016775,,,,,,-0.41035601,-1.1908796,0.5543353,0.3430155,-0.011874766,0.9116732,0.22415131
,,5.7582645,0.18656002,8.034771,1707928807581,,0.01045,0.0485375,-0.034925,,,,,,-0.37062982,-1.0785433,0.47830492,0.33877608,-0.014818098,0.9119876,0.22936517
,,5.787735,0.11269499,8.06264,1707928807832,,0.124437496,0.0422125,0.1461625,,,,,,-0.27457085,-1.1139455,0.44855744,0.33423522,-0.014943266,0.91419566,0.22745055
,,5.6592407,0.052929997,8.082705,1707928808085,,-0.17173749,0.2957625,0.0055,,,,,,-0.34443662,-1.0949363,0.4081646,0.3295973,-0.015754698,0.91750515,0.22132705
,,5.688006,0.008489998,8.068545,1707928808336,,-0.058849998,-0.2102375,-0.24695,,,,,,-0.23973185,-1.0594084,0.32172456,0.3238704,-0.019113865,0.919247,0.22241332
,,5.64038,0.098124996,8.062185,1707928808589,,-0.0044,0.0155375,0.0077,,,,,,-0.24984331,-0.9906935,0.28900164,0.32174596,-0.020759065,0.91764235,0.23155428
52.58627333333334,13.306776666666668,5.670209,0.16773,8.088285,1707928809000,2.0,0.41745,-0.06325,0.3218875,,,,,,-0.1916695,-0.97029144,0.29425964,0.32049683,-0.019684067,0.91669667,0.23714559
,,5.541135,0.27013004,8.119781,1707928809091,,-0.0875875,0.30855,0.0748,,,,,,-0.29743657,-0.91347504,0.31761894,0.31986013,-0.015623599,0.9178918,0.2331981
,,5.6593347,0.332365,8.087445,1707928809342,,0.11165,-0.19745,-0.1414875,,,,,,-0.14236711,-0.8641357,0.25163516,0.3175791,-0.013279965,0.9194594,0.23001881
,,5.64266,0.470665,8.08101,1707928809593,,8.25E-4,0.0752125,-0.089237496,,,,,,-0.14758117,-0.7976708,0.2493429,0.31788749,-0.0090002,0.9196613,0.22877242
,,5.6470304,0.60397,8.050975,1707928809844,,0.206525,-0.0163625,0.2484625,,,,,,-0.15295906,-0.7724326,0.25008017,0.32013908,-0.0017528994,0.9201773,0.2235
,,5.541761,0.6747701,8.03677,1707928810095,,-0.108899996,0.078375,0.15785,,,,,,-0.2814956,-0.7980491,0.27104825,0.322683,0.008040034,0.92262775,0.20914192
,,5.6285653,0.65087014,7.9550047,1707928810347,,-0.102437496,-0.19965,-0.4109875,,,,,,-0.21626902,-0.8873192,0.22162938,0.32486117,0.015309567,0.9245439,0.1973513
,,5.6260657,0.67653,7.99483,1707928810598,,-0.1706375,0.097625,-0.1563375,,,,,,-0.24723387,-0.9175622,0.29869613,0.32733822,0.018234733,0.92382056,0.19642857
,,5.5995646,0.71446514,7.998431,1707928810849,,0.136125,0.1753125,0.2985125,,,,,,-0.30497727,-0.9190156,0.34068558,0.33000478,0.0196789,0.9228121,0.19675437
,,5.525005,0.628,8.025401,1707928811100,,-0.2143625,-0.1368125,0.15785,,,,,,-0.36503476,-0.93887603,0.3477661,0.32836822,0.018452264,0.9246728,0.1905273
,,5.6041045,0.3981,8.055202,1707928811352,,-0.150425,-0.13255,-0.371525,,,,,,-0.24643546,-1.0016049,0.31927714,0.32396215,0.013139567,0.927838,0.18195419
,,5.462035,0.26059997,8.059602,1707928811605,,0.1563375,0.03795,-0.154275,,,,,,-0.30642167,-0.9954183,0.24183896,0.31755787,0.006426401,0.9300271,0.18224491
52.58636,13.306676666666666,5.486565,0.30813006,8.178466,1707928812000,2.0,0.38225,-0.3444375,0.3218875,,,,,,-0.20769069,-0.89357555,0.29892376,0.31254616,0.0037181673,0.93133193,0.18442217
,,5.3402348,0.24747501,8.224975,1707928812107,,-0.2866875,0.265925,-0.3353625,,,,,,-0.35675615,-0.8957996,0.33232468,0.3119906,0.0026248668,0.9327104,0.17851083
,,5.460625,0.125975,8.183605,1707928812358,,0.1606,-0.38073748,-0.1755875,,,,,,-0.19336356,-0.98954195,0.2534561,0.30905667,0.0025212003,0.93417114,0.17639616
,,5.42499,0.21984002,8.237765,1707928812611,,-0.1802625,0.229625,-0.286275,,,,,,-0.24485755,-0.9896026,0.3322415,0.31108645,0.0049950005,0.9320027,0.18325199
,,5.3972607,0.41083997,8.190084,1707928812861,,0.1340625,-0.1335125,0.23567499,,,,,,-0.28476343,-0.9967003,0.3252416,0.31428277,0.0112406,0.9285244,0.19491345
,,5.447771,0.43776995,8.220225,1707928813112,,-0.4764375,-1.0027875,-0.236225,,,,,,-0.24944493,-1.1241107,0.39581165,0.3173643,0.0179171,0.926689,0.19857039
,,5.442805,0.445905,8.13962,1707928813362,,0.135025,-0.3647875,-0.1073875,,,,,,-0.2707709,-1.1960105,0.34551042,0.3194732,0.019367332,0.9242898,0.2059269
,,5.4917693,0.54899997,8.171215,1707928813614,,-0.26221249,0.2211,-0.21285,,,,,,-0.15641157,-1.1956869,0.3473319,0.31706607,0.020714233,0.92199993,0.21986525
,,5.3948746,0.7365049,8.230051,1707928813865,,0.14465,-0.070675,0.2580875,,,,,,-0.22346035,-1.1073126,0.40625912,0.31690925,0.022773633,0.919546,0.22990702
,,5.3912454,0.75143504,8.153226,1707928814116,,-0.1749,-0.3881625,0.0418,,,,,,-0.1479838,-1.1413814,0.28742972,0.31317043,0.025163732,0.9199747,0.23308083
,,5.3674154,0.6998401,8.232031,1707928814367,,-0.1397,-0.03135,-0.0466125,,,,,,-0.122408755,-1.1921914,0.33140004,0.3103094,0.02566963,0.92080945,0.23351897
,,5.3674445,0.7862,8.31409,1707928814618,,0.0061875,0.0240625,-0.014712499,,,,,,-0.11822811,-1.08274,0.40016004,0.30960566,0.022674203,0.9198414,0.2390937
52.586446666666674,13.306576666666668,5.3180103,0.795435,8.297161,1707928815000,2.0,0.11055,-0.1623875,0.0950125,,,,,,-0.16134399,-1.0614845,0.37001467,0.30906612,0.021200072,0.919359,0.24183986
,,5.3393497,0.70390004,8.238831,1707928815120,,-0.1643125,-0.154825,0.15895,,,,,,-0.10751857,-1.0627455,0.2702841,0.30576134,0.0177908,0.92109406,0.23960288
,,5.287915,0.580655,8.272201,1707928815372,,-0.1269125,0.111375,0.0534875,,,,,,-0.13506898,-1.0275446,0.2573699,0.30202833,0.012495232,0.92426777,0.23203161
,,5.308105,0.42239004,8.343156,1707928815622,,0.22247499,-0.1197625,0.117425,,,,,,-0.12584789,-1.002317,0.29969215,0.30008745,0.004560465,0.92616296,0.22701444
,,5.3387957,0.48382005,8.31619,1707928815874,,0.5121875,-0.2358125,0.4593875,,,,,,-0.118139155,-0.8182576,0.26533782,0.29965994,-0.0010787001,0.9271341,0.22374049
,,5.367495,0.33869502,8.261596,1707928816125,,-0.058849998,0.022,-0.2959,,,,,,-0.103405096,-0.88605106,0.2077022,0.29935834,-0.001691833,0.92952234,0.21305121
,,5.3156595,0.25866005,8.296231,1707928816376,,-0.12595,-0.0196625,-0.2756875,,,,,,-0.16254179,-0.888222,0.23430504,0.29865953,-0.0016350335,0.9325827,0.20061544
,,5.330425,0.26470003,8.315565,1707928816627,,0.2938375,-0.0270875,-0.07535,,,,,,-0.18463728,-0.8605419,0.27537617,0.3004941,-9.2759985E-4,0.93358225,0.19370244
,,5.322096,0.32487002,8.2426,1707928816880,,0.21505,-0.1431375,0.09295,,,,,,-0.2376819,-0.91427135,0.2525435,0.304595,0.004514867,0.9323378,0.19322261
,,5.3609953,0.35874,8.268781,1707928817130,,0.124437496,0.384175,-0.0732875,,,,,,-0.22980687,-1.0301956,0.3273316,0.30826887,0.012424467,0.9313553,0.19188362
,,5.2590346,0.33827004,8.272185,1707928817381,,-0.2366375,0.1093125,-0.153175,,,,,,-0.35122064,-1.1433003,0.3611949,0.31055805,0.017919933,0.93110746,0.18925992
,,5.306105,0.4095301,8.27898,1707928817632,,0.0946,-0.0578875,-0.0594,,,,,,-0.30920663,-1.1365108,0.38358963,0.31176454,0.018715966,0.9291975,0.19665648
52.586533333333335,13.306478333333333,5.30677,0.552435,8.259746,1707928818000,2.0,0.1073875,0.0251625,0.1131625,,,,,,-0.31053072,-1.0930083,0.3835144,0.31333587,0.020339701,0.9263607,0.20702152
,,5.3175592,0.53166,8.285506,1707928818135,,0.2629,0.313775,0.0460625,,,,,,-0.2782966,-1.1921513,0.40755853,0.31323308,0.023331832,0.92540634,0.21119648
,,5.2572556,0.54279506,8.327572,1707928818386,,-0.1291125,0.1093125,-0.0328625,,,,,,-0.32844076,-1.1846029,0.44368124,0.3126392,0.023985233,0.92579424,0.21029481
,,5.2912955,0.5750301,8.262095,1707928818639,,0.0413875,-0.1175625,0.049225,,,,,,-0.28979117,-1.1259772,0.36832544,0.31208017,0.021736834,0.925459,0.21296597
,,5.305061,0.62236005,8.239856,1707928818891,,0.051975,-0.020624999,-0.0210375,,,,,,-0.28630906,-1.0911281,0.3558747,0.31302103,0.020590067,0.92413324,0.21762855
,,5.3296857,0.65260005,8.21409,1707928819141,,0.105325,0.0144375,0.318725,,,,,,-0.27043313,-1.0888515,0.341618,0.31384027,0.022402797,0.9241253,0.21620323
,,5.2604146,0.552995,8.265656,1707928819392,,-0.2963125,0.467225,0.0279125,,,,,,-0.34916058,-1.1465198,0.39200088,0.31363302,0.023449965,0.926367,0.20631887
,,5.3679256,0.46926498,8.242726,1707928819641,,0.07975,-0.2261875,0.0471625,,,,,,-0.22555873,-1.140779,0.34321123,0.31137916,0.02086883,0.9284255,0.20044622
,,5.2820606,0.45393503,8.236556,1707928819892,,-0.1472625,0.3447125,-0.1276,,,,,,-0.32081187,-1.0970521,0.3316907,0.3111544,0.01874567,0.9292611,0.19702998
,,5.2991257,0.37173003,8.299526,1707928820143,,0.136125,-0.1027125,0.253825,,,,,,-0.25942904,-1.1294248,0.3589608,0.30791184,0.018693198,0.93154943,0.19110656
,,5.160189,0.29523,8.387462,1707928820395,,-0.1291125,0.30525,0.102437496,,,,,,-0.37321958,-1.1286284,0.4139398,0.30518797,0.019072,0.9348614,0.1788262
,,5.2519245,0.15600005,8.391498,1707928820644,,0.0840125,-0.2167,-0.34814999,,,,,,-0.22067022,-1.1877463,0.3612148,0.30050132,0.018123502,0.937912,0.1710619
52.586625000000005,13.306365000000001,5.1779304,0.21803002,8.401637,1707928821000,2.0,-0.234575,0.1007875,-0.3683625,,,,,,-0.28522718,-1.1709859,0.37352768,0.3004796,0.020145932,0.9376295,0.17225167
,,5.1748962,0.2938,8.370971,1707928821148,,0.1819125,0.047575,0.319825,,,,,,-0.30787754,-1.2030342,0.37669438,0.30295098,0.025114598,0.9364389,0.17353633
,,5.126565,0.318865,8.412334,1707928821400,,-0.199375,0.0900625,-0.0275,,,,,,-0.36806467,-1.270952,0.44604585,0.3045569,0.03147723,0.9365417,0.16886851
,,5.216165,0.277235,8.369005,1707928821651,,-0.097075,-0.2124375,-0.34595,,,,,,-0.31276444,-1.3693615,0.43372235,0.30710113,0.034706663,0.935996,0.16690306
,,5.180731,0.33033508,8.337041,1707928821902,,-0.199375,0.1700875,-0.404525,,,,,,-0.36349764,-1.4079336,0.43055314,0.3092876,0.036648866,0.9337215,0.17506582
,,5.1483006,0.47773513,8.282945,1707928822153,,0.236225,0.029424999,0.3975125,,,,,,-0.41048354,-1.3780335,0.40838048,0.311829,0.03960233,0.9309978,0.18431377
,,5.07663,0.43027505,8.24664,1707928822404,,-0.4571875,-0.408375,-0.154275,,,,,,-0.45648727,-1.4587559,0.36240375,0.3106548,0.042195033,0.9315586,0.18274835
,,5.163865,0.365935,8.2546,1707928822655,,-0.0204875,-0.26565,-0.3108875,,,,,,-0.35205734,-1.4957738,0.3531208,0.30928716,0.041499004,0.93233466,0.18127434
,,5.142201,0.34516504,8.272975,1707928822906,,-0.218625,0.0485375,-0.2990625,,,,,,-0.3675941,-1.507383,0.3641285,0.30908698,0.038698267,0.9312061,0.18819587
,,5.1465306,0.46156505,8.244841,1707928823157,,0.1287,-0.091025,0.3432,,,,,,-0.3626471,-1.4205757,0.34103876,0.3096584,0.037702333,0.929572,0.19555427
,,5.1977305,0.41967005,8.234139,1707928823409,,-0.2143625,-0.3051125,-0.11055,,,,,,-0.31614763,-1.4515071,0.33109614,0.30971184,0.03790841,0.9300356,0.19310793
,,5.302495,0.28723496,8.25356,1707928823661,,-0.0055,-0.0919875,-0.1170125,,,,,,-0.25674406,-1.5109806,0.3674611,0.31122127,0.036057938,0.9310761,0.18590982
52.58673166666667,13.306236666666667,5.3278303,0.31703505,8.31176,1707928824000,2.0,0.04455,0.079475,-0.0477125,,,,,,-0.2911914,-1.4304026,0.45648873,0.3141255,0.032597262,0.93016607,0.18641257
,,5.347525,0.36287004,8.25276,1707928824162,,0.2756875,-0.2050125,0.2666125,,,,,,-0.3129654,-1.3969195,0.42848265,0.31669435,0.032745503,0.9293183,0.18635863
,,5.407585,0.31633502,8.208791,1707928824413,,-0.29205,-0.357225,-0.304425,,,,,,-0.27702433,-1.4351041,0.4006787,0.31776845,0.03429297,0.93015426,0.17976613
,,5.4328547,0.24260505,8.209955,1707928824665,,-0.199375,-0.1144,-0.1947,,,,,,-0.27817142,-1.4849269,0.4160219,0.31877628,0.035382293,0.9312963,0.17220534
,,5.3826547,0.288505,8.259259,1707928824916,,0.003025,0.2116125,0.032175,,,,,,-0.35038343,-1.4524524,0.48519054,0.32022914,0.036004797,0.93081826,0.17199728
,,5.366855,0.40164,8.266264,1707928825167,,0.2299,-0.2102375,0.1749,,,,,,-0.345335,-1.3910474,0.48795348,0.31968507,0.0380081,0.93044096,0.17457014
,,5.3678555,0.33873504,8.18803,1707928825418,,-0.39325,-0.4745125,0.067375,,,,,,-0.30249777,-1.4842695,0.38632885,0.3175071,0.040994234,0.9315504,0.17174171
,,5.241295,0.28126505,8.219476,1707928825669,,-0.1749,-0.0430375,-0.219175,,,,,,-0.3969057,-1.4843972,0.38392657,0.31478608,0.040141568,0.9334304,0.16640213
,,5.281801,0.23764001,8.294841,1707928825920,,-0.0257125,0.064625,0.0119624995,,,,,,-0.34001076,-1.4677092,0.435032,0.31315356,0.0373024,0.9341422,0.16611733
,,5.2626357,0.28650004,8.339906,1707928826172,,0.2319625,-0.175175,0.2963125,,,,,,-0.34376624,-1.4139494,0.46760836,0.31220707,0.0368457,0.9343292,0.16696219
,,5.267505,0.20383501,8.3063345,1707928826424,,-0.2399375,-0.342375,-0.124437496,,,,,,-0.33684596,-1.4856458,0.42928833,0.3116552,0.038437966,0.9355242,0.16063243
,,5.2460055,0.083969995,8.3124,1707928826674,,0.0968,-0.2624875,-0.1978625,,,,,,-0.38988677,-1.5758653,0.45135224,0.31284577,0.039267834,0.93642163,0.1528652
52.58683666666668,13.306096666666667,5.264605,0.06997001,8.367605,1707928827000,2.1,-0.073699996,0.13695,-0.2341625,,,,,,-0.4397299,-1.5985904,0.55930364,0.31701562,0.0393072,0.9351093,0.15216437
,,5.330836,0.11927502,8.33693,1707928827175,,0.135025,-0.073975,0.2558875,,,,,,-0.4282671,-1.644996,0.58943665,0.321519,0.042410478,0.9327479,0.15624
,,5.29053,0.15756503,8.296725,1707928827426,,-0.1067,-0.0600875,0.0204875,,,,,,-0.50825197,-1.6741098,0.59245986,0.3245139,0.046210505,0.9318782,0.15426053
,,5.3079004,0.038100015,8.256296,1707928827677,,0.053075,-0.357225,-0.171325,,,,,,-0.51843846,-1.7870992,0.57074857,0.3258007,0.04791007,0.9324098,0.14779583
,,5.3019657,0.07296501,8.28316,1707928827928,,-0.1962125,0.2211,-0.2629,,,,,,-0.5563213,-1.7577698,0.62398595,0.32777414,0.048258133,0.93186057,0.14678462
,,5.283265,0.12382503,8.27413,1707928828179,,0.07975,-0.0111375,0.2314125,,,,,,-0.5972335,-1.7353647,0.63867885,0.32948568,0.0493284,0.9310846,0.14762813
,,5.297631,0.13216002,8.290025,1707928828431,,-0.1610125,0.162525,-0.0743875,,,,,,-0.59088093,-1.723737,0.6600038,0.32957995,0.051237933,0.93180835,0.14175764
,,5.3030005,0.06538501,8.300596,1707928828683,,-0.0119624995,-0.2358125,-0.2597375,,,,,,-0.5928404,-1.7684841,0.67075485,0.32950714,0.05184107,0.93265915,0.13668396
,,5.3463445,0.101055,8.28927,1707928828934,,-0.148225,0.247775,-0.0732875,,,,,,-0.54631406,-1.7579513,0.66258126,0.32963857,0.052279256,0.9321304,0.13946503
,,5.26754,0.22229002,8.304571,1707928829185,,0.0286,0.0166375,0.252725,,,,,,-0.62031436,-1.685528,0.68577254,0.3301009,0.053108156,0.9311586,0.14438097
,,5.2993994,0.22335002,8.283071,1707928829437,,-0.0928125,0.4214375,0.22715,,,,,,-0.5424731,-1.7005918,0.63313854,0.3274848,0.054290727,0.9319717,0.14457147
,,5.282235,0.18392004,8.311171,1707928829687,,0.0264,-0.24007499,-0.0328625,,,,,,-0.5119056,-1.7251985,0.62227696,0.3244037,0.053879604,0.9330455,0.1445908
52.58691166666667,13.305993333333333,5.349406,0.20835003,8.301875,1707928830000,2.1,-0.117425,0.0603625,-0.1808125,,,,,,-0.40842915,-1.7011291,0.58403945,0.32235715,0.05265387,0.93321675,0.14896154
,,5.260705,0.24956003,8.378645,1707928830188,,0.3001625,0.1615625,0.0875875,,,,,,-0.4678299,-1.6755327,0.6426999,0.32078993,0.053488273,0.93362224,0.14958143
,,5.2321005,0.21742998,8.375111,1707928830440,,-0.2195875,0.3180375,-0.0562375,,,,,,-0.45668027,-1.7110349,0.61247814,0.31829453,0.055642862,0.93509537,0.14489153
,,5.1936703,0.12466,8.320706,1707928830692,,-0.0512875,-0.1687125,-0.14465,,,,,,-0.4834059,-1.7929558,0.54674065,0.31750295,0.055108666,0.93531764,0.14528829
,,5.3039155,0.142435,8.295735,1707928830943,,-0.012925,0.047575,0.0119624995,,,,,,-0.38686162,-1.7984904,0.53805673,0.31907976,0.05343123,0.9334986,0.15325366
,,5.2426095,0.20063502,8.32957,1707928831195,,0.067925,0.10395,0.4156625,,,,,,-0.48254225,-1.7945124,0.60999745,0.3219577,0.05455757,0.93176836,0.1572858
,,5.274145,0.09557498,8.255765,1707928831445,,-0.232375,0.10615,-0.2959,,,,,,-0.4600747,-1.8826977,0.54005545,0.32233474,0.054211035,0.9319238,0.15553416
,,5.242045,0.08610998,8.21539,1707928831696,,-0.1419,-0.0930875,-0.0039875,,,,,,-0.5247621,-1.8754634,0.5194635,0.3242584,0.052026894,0.93087167,0.15844752
,,5.4298754,0.087105006,8.21472,1707928831948,,0.270325,-0.26675,0.0726,,,,,,-0.37815228,-1.8766922,0.5513464,0.32735035,0.049096294,0.9287434,0.16576776
,,5.35394,0.132105,8.255984,1707928832198,,0.305525,0.37345,0.0407,,,,,,-0.4876593,-1.8675425,0.62760043,0.32971987,0.05119217,0.92802453,0.16442585
,,5.4018655,0.034099992,8.235696,1707928832450,,-0.1216875,-0.0163625,-0.323675,,,,,,-0.43253154,-1.9779541,0.60535276,0.3290323,0.054083873,0.9291633,0.15841278
,,5.3209705,0.070305005,8.281826,1707928832701,,-0.0182875,0.2904,-0.087175,,,,,,-0.5077885,-1.9654717,0.65391827,0.3290542,0.055088334,0.92894083,0.15929133
52.58700833333334,13.305864999999999,5.3658657,0.18387,8.255601,1707928833000,2.2,0.1287,0.0433125,0.2143625,,,,,,-0.44624323,-1.9297236,0.6298119,0.32921174,0.056449894,0.9273545,0.16764072
,,5.3212957,0.20593,8.240636,1707928833202,,-0.08965,-0.3498,0.0023375,,,,,,-0.4485493,-1.9764992,0.60192263,0.32745573,0.060496528,0.92774427,0.1675153
,,5.2656307,0.171565,8.27987,1707928833455,,-0.1035375,-0.088825,-0.188375,,,,,,-0.45364872,-2.0404372,0.6098269,0.32446966,0.06364159,0.9290702,0.16494325
,,5.2114654,0.29077,8.31361,1707928833706,,-0.0279125,0.24035,0.083325,,,,,,-0.4714938,-1.9563,0.62551534,0.3229361,0.06436837,0.92885566,0.16893846
,,5.2515,0.404805,8.352873,1707928833957,,0.3205125,-0.0930875,0.3496625,,,,,,-0.41289833,-1.8786426,0.66132283,0.3225317,0.0651108,0.92829627,0.17270128
,,5.2315598,0.40979502,8.248974,1707928834208,,-0.234575,-0.3487,-0.254375,,,,,,-0.44090325,-1.8960056,0.5707494,0.32275483,0.068667166,0.92904055,0.1659415
,,5.30493,0.36206004,8.278706,1707928834460,,-0.049225,-0.1538625,-0.0477125,,,,,,-0.39888343,-1.9568131,0.6344794,0.32446945,0.07202932,0.92961895,0.15765198
,,5.3185954,0.47599998,8.285776,1707928834710,,-0.058849998,-0.0026125,-0.205425,,,,,,-0.4536051,-1.846581,0.6942084,0.32836264,0.072899304,0.92870194,0.15448803
,,5.36516,0.49127004,8.195876,1707928834962,,0.1915375,0.1573,0.301675,,,,,,-0.4759987,-1.8455393,0.6601359,0.33239824,0.0744326,0.92780054,0.15051173
,,5.459851,0.43213502,8.210336,1707928835213,,-0.12485,0.0518375,0.09185,,,,,,-0.45998317,-1.8996688,0.73487663,0.33629715,0.0777188,0.9279318,0.13894492
,,5.4410157,0.31116498,8.1862,1707928835464,,-0.0449625,-0.18259999,-0.121275,,,,,,-0.54007185,-1.9989794,0.7512133,0.33907375,0.07940717,0.92822,0.12980877
,,5.48555,0.34293503,8.183136,1707928835715,,-0.0939125,0.163625,-0.0903375,,,,,,-0.51395965,-1.9579582,0.7593927,0.3400784,0.07885673,0.9279577,0.12952954
52.58711666666667,13.305748333333334,5.34805,0.34186998,8.254665,1707928836000,2.1,-0.1546875,-0.09955,0.3389375,,,,,,-0.6305073,-1.9535229,0.8132053,0.33853957,0.0795098,0.9287739,0.1271401
,,5.2987804,0.18129997,8.3047,1707928836217,,0.0169125,0.6164125,0.2303125,,,,,,-0.6756274,-2.039867,0.8420097,0.3369673,0.0789832,0.9305915,0.117407516
,,5.2009854,0.014464994,8.344035,1707928836470,,-0.0034375,-0.3477375,-0.0466125,,,,,,-0.7567188,-2.110751,0.84429425,0.334476,0.07694472,0.93264174,0.109247394
,,5.201025,-0.07733501,8.313206,1707928836722,,-0.2143625,0.112475,-0.4588375,,,,,,-0.74319524,-2.132781,0.7836178,0.33295387,0.073501475,0.93351245,0.108820096
,,5.049725,-0.06363501,8.3440695,1707928836973,,0.44715,0.35433748,0.5253875,,,,,,-0.87967974,-2.0907633,0.79538804,0.33176538,0.07210236,0.9340444,0.1087639
,,5.13856,-0.22096999,8.391505,1707928837225,,-0.232375,0.2679875,-0.3661625,,,,,,-0.80952317,-2.2083077,0.84685445,0.33211857,0.07181506,0.9345724,0.103431314
,,5.071225,-0.24273999,8.424801,1707928837476,,0.104225,-0.0578875,0.058849998,,,,,,-0.9067432,-2.2143166,0.899431,0.33382237,0.07068507,0.9340193,0.103744626
,,5.282495,-0.22254,8.369031,1707928837727,,0.189475,-0.2294875,0.1291125,,,,,,-0.6999802,-2.2744827,0.868344,0.33537534,0.072461255,0.93249124,0.11084959
,,5.171956,-0.11016999,8.36856,1707928837978,,-0.02255,-0.2784375,-0.013612499,,,,,,-0.85890275,-2.2749758,0.9374809,0.33960685,0.07701633,0.930197,0.11426853
,,5.3049603,-0.16607,8.365325,1707928838229,,-0.2068,-0.02915,-0.471625,,,,,,-0.7582396,-2.4225233,0.98893726,0.34259412,0.0816851,0.92864823,0.11471453
,,5.266895,-0.111835,8.35926,1707928838480,,-0.0759,0.1167375,-0.2234375,,,,,,-0.86291766,-2.4811172,1.0744063,0.34848842,0.08536062,0.9253905,0.119829856
,,5.40527,-0.022170007,8.301225,1707928838731,,0.1744875,0.0592625,0.4136,,,,,,-0.7501824,-2.5128305,1.0775762,0.35242838,0.08768674,0.92219865,0.13050586
52.587208333333336,13.305618333333333,5.387405,-0.015165005,8.197435,1707928839000,2.2,-0.148225,-0.1804,-0.2160125,,,,,,-0.8103185,-2.5736573,1.0310783,0.355964,0.0905391,0.92040914,0.13195519
,,5.40214,-0.047195006,8.187837,1707928839233,,0.0158125,-0.241175,-0.2288,,,,,,-0.793956,-2.6478784,1.0349404,0.35656008,0.091978125,0.919697,0.13430952
,,5.4590454,0.044935,8.202441,1707928839484,,-0.165275,0.1582625,-0.153175,,,,,,-0.7195981,-2.624394,1.0595125,0.35721463,0.0922518,0.9180421,0.14353512
,,5.438105,0.19346,8.20804,1707928839736,,0.1255375,0.044275,0.284625,,,,,,-0.6920083,-2.5387816,1.045112,0.35576874,0.09227751,0.91716176,0.15305799
,,5.4292407,0.21123001,8.220075,1707928839987,,0.054175,0.3447125,0.2121625,,,,,,-0.6490377,-2.4913716,1.0110772,0.351978,0.09182551,0.91900533,0.15085344
,,5.3753996,0.11356501,8.248071,1707928840238,,0.0232375,-0.310475,-0.0488125,,,,,,-0.6507026,-2.5232904,0.9741823,0.3474756,0.0906335,0.9216119,0.14587936
,,5.3806663,0.15902501,8.296836,1707928840488,,-0.15895,0.2457125,-0.1904375,,,,,,-0.6183561,-2.4448893,0.9891975,0.3454755,0.088794425,0.9224686,0.14648537
,,5.3044953,0.14765999,8.377436,1707928840740,,0.3012625,0.063525,0.201575,,,,,,-0.67242235,-2.4247656,1.0418974,0.3436422,0.087758794,0.9234373,0.1452358
,,5.254231,0.09652499,8.358166,1707928840992,,-0.1387375,0.3586,-0.0243375,,,,,,-0.69753,-2.4267051,0.98446167,0.34070733,0.088133134,0.92565733,0.13777147
,,5.223665,-0.0046700034,8.351605,1707928841243,,0.0243375,-0.192225,0.0790625,,,,,,-0.74046844,-2.486103,0.9733905,0.3406734,0.086942606,0.92629546,0.13473845
,,5.395096,-0.030539995,8.292135,1707928841494,,-0.0375375,-0.0259875,0.016224999,,,,,,-0.58880407,-2.5286367,0.9283634,0.34250164,0.08624514,0.92506826,0.13858503
,,5.2136936,0.0266,8.286176,1707928841744,,0.2512125,0.5374875,0.4497625,,,,,,-0.8055847,-2.5054564,0.96122664,0.3453216,0.0871689,0.923677,0.1402459
52.587295,13.305506666666668,5.3375697,-0.048594993,8.27618,1707928842000,2.2,-0.29741248,-0.0163625,-0.18727499,,,,,,-0.6964813,-2.589807,0.9661019,0.3460952,0.08856406,0.92360693,0.13771732
,,5.3041058,-0.011005001,8.24211,1707928842246,,-0.0086624995,0.1263625,0.09185,,,,,,-0.7866729,-2.5747795,0.9863396,0.3500499,0.08877274,0.92189807,0.13901567
,,5.5074296,0.018995006,8.18865,1707928842496,,0.1744875,0.0262625,0.2154625,,,,,,-0.62449574,-2.5585818,0.97175056,0.35333842,0.0871613,0.9200035,0.14452358
,,5.4226947,0.059700012,8.189841,1707928842747,,-0.065175,-0.1431375,-0.0286,,,,,,-0.7387418,-2.51568,0.99612564,0.35484272,0.088177904,0.91984594,0.14113982
,,5.452766,7.700031E-4,8.156101,1707928842999,,-0.0108624995,-0.1016125,-0.2501125,,,,,,-0.7107087,-2.5403373,0.9512092,0.35394034,0.08850723,0.920994,0.13562417
,,5.4174314,0.081865005,8.208596,1707928843249,,-0.064075,0.1167375,-0.0710875,,,,,,-0.7574406,-2.4410233,1.0065839,0.35420853,0.087830946,0.9211427,0.1345094
,,5.53073,0.121630006,8.192922,1707928843501,,0.29067498,-0.0259875,0.3815625,,,,,,-0.6336478,-2.40309,0.9824766,0.35363945,0.08758597,0.92124355,0.13549885
,,5.422431,0.12823,8.183921,1707928843752,,-0.2292125,-0.3125375,-0.2853125,,,,,,-0.7308252,-2.379155,0.96074694,0.3517559,0.09048686,0.9228985,0.12549916
,,5.4055405,0.048935007,8.243845,1707928844003,,0.037125,-0.3210625,-0.25753748,,,,,,-0.7299243,-2.4405754,0.99915963,0.34948584,0.09315797,0.9247491,0.11626907
,,5.372441,0.12036501,8.25492,1707928844254,,-0.0716375,-4.125E-4,-0.1233375,,,,,,-0.76035964,-2.409127,1.0235876,0.34967327,0.095648594,0.9245568,0.11527686
,,5.35658,0.202025,8.33809,1707928844505,,0.1958,-0.0100375,0.2740375,,,,,,-0.7731034,-2.3810568,1.1235108,0.35009825,0.09857366,0.924105,0.11513762
,,5.34365,0.21116,8.294295,1707928844755,,-0.016224999,0.3469125,0.0418,,,,,,-0.78915775,-2.3817184,1.0869071,0.34955564,0.102212474,0.92490214,0.106986
52.58739166666666,13.305381666666666,5.2810755,0.16622502,8.273654,1707928845000,2.1,0.0050875,-0.258225,0.02475,,,,,,-0.8711407,-2.4385746,1.0873375,0.35022953,0.105184235,0.92506135,0.10079481
,,5.41278,0.21136501,8.28226,1707928845255,,-0.1524875,-0.0174625,-0.122237496,,,,,,-0.767362,-2.4224691,1.1273855,0.35239318,0.106176466,0.92398965,0.10223614
,,5.31371,0.24096003,8.292295,1707928845506,,0.07975,0.113575,0.116325,,,,,,-0.897924,-2.408075,1.1696578,0.35453245,0.10700587,0.92313445,0.101887845
,,5.3814154,0.182125,8.294521,1707928845758,,-0.22385,0.162525,-0.288475,,,,,,-0.8428564,-2.4177172,1.164262,0.35417932,0.106532745,0.92398804,0.09599926
,,5.33664,0.07272999,8.232191,1707928846009,,0.1095875,-0.0611875,0.0705375,,,,,,-0.9355431,-2.4737842,1.124216,0.35664558,0.10314226,0.9232855,0.0965275
,,5.5462008,0.09692501,8.140992,1707928846261,,0.17985,0.022,0.3315125,,,,,,-0.7657292,-2.4426918,1.0655321,0.36003587,0.099364676,0.9213758,0.10468137
,,5.4381056,0.07673501,8.15443,1707928846513,,0.0275,0.012375,0.0066,,,,,,-0.896987,-2.4234984,1.0866301,0.36141148,0.09645757,0.9209645,0.10640088
,,5.5008044,0.011905001,8.148002,1707928846765,,-0.1131625,0.0592625,-0.2618,,,,,,-0.82994163,-2.402758,1.0480977,0.36025497,0.092261896,0.92196673,0.105234236
,,5.4566407,0.025374992,8.16674,1707928847017,,-0.1557875,0.1786125,-0.137225,,,,,,-0.89322215,-2.3245769,1.062912,0.36090225,0.08850613,0.92207485,0.105457775
,,5.5911355,-0.014954998,8.177476,1707928847268,,0.0232375,0.039049998,0.0726,,,,,,-0.7709639,-2.3255293,1.0627367,0.36138344,0.08556531,0.9219957,0.10742104
,,5.4505053,0.09358002,8.144276,1707928847521,,-0.26221249,-0.36685,-0.1926375,,,,,,-0.89724934,-2.1898513,1.007736,0.3593827,0.08735851,0.92351747,0.0991287
,,5.48258,-0.072345,8.22891,1707928847773,,0.1639,-0.2124375,-0.0286,,,,,,-0.8462388,-2.2979417,1.0479507,0.35624772,0.088570155,0.9258227,0.08852872
52.587491666666665,13.305256666666667,5.3902106,0.05028001,8.258645,1707928848000,2.1,-0.0768625,0.2244,-0.12979999,,,,,,-0.9500753,-2.1655257,1.0836091,0.35622326,0.090212494,0.9262193,0.08246313
,,5.3846097,0.03721501,8.2384405,1707928848275,,0.2000625,-0.0154,0.050325,,,,,,-0.95408255,-2.2239597,1.0763893,0.35598943,0.09452473,0.9262163,0.07780564
,,5.2718406,0.059645,8.230065,1707928848526,,-0.2569875,0.1199,-0.2597375,,,,,,-1.0715277,-2.2663682,1.0944564,0.35568893,0.10198242,0.9262133,0.0678171
,,5.2125397,0.029009998,8.1182,1707928848777,,-0.0609125,-0.20927499,-0.067925,,,,,,-1.1323369,-2.3641286,1.0165532,0.35594812,0.10767766,0.92593074,0.06272016
,,5.287135,0.06780501,8.22067,1707928849028,,0.01155,-0.0441375,0.104637496,,,,,,-1.0712755,-2.4052653,1.158979,0.35779282,0.11112698,0.9246142,0.06509096
,,5.261831,0.17003499,8.273665,1707928849281,,0.322575,-0.375375,0.33467498,,,,,,-1.1235564,-2.4059381,1.2818795,0.36083725,0.11618955,0.92272174,0.06625693
,,5.4226656,0.052235007,8.216466,1707928849533,,-0.12265,0.029424999,-0.1062875,,,,,,-1.0220668,-2.5927155,1.307174,0.36491325,0.121351235,0.92060155,0.063238464
,,5.36133,0.09070001,8.203265,1707928849784,,-0.0077,-0.191125,0.0055,,,,,,-1.1421211,-2.6192973,1.373438,0.36962306,0.12387876,0.9182149,0.065729626
,,5.588525,0.109505005,8.080734,1707928850036,,-0.02255,0.097625,-0.0594,,,,,,-0.9552475,-2.6504524,1.3086613,0.37378207,0.12332771,0.9160475,0.07396039
,,5.511195,0.15214,8.186669,1707928850287,,0.137225,0.468325,0.0460625,,,,,,-1.0682503,-2.6487386,1.4718184,0.37707797,0.124606125,0.9143668,0.07639526
,,5.634261,0.056739993,8.156329,1707928850538,,-0.216425,-0.0749375,-0.221375,,,,,,-0.95198387,-2.7720673,1.4631153,0.3778531,0.12605454,0.9138435,0.07658022
,,5.5050254,0.090169996,8.1103,1707928850789,,-0.0534875,0.122099996,0.0066,,,,,,-1.069373,-2.7735846,1.4169747,0.37837067,0.125238,0.9129913,0.083568
52.58759,13.30515,5.5532846,0.20504,8.089735,1707928851000,2.1,0.1307625,0.0144375,0.182325,,,,,,-0.95198333,-2.7196121,1.3546752,0.3760311,0.12370286,0.9130629,0.09581452
,,5.502646,0.22093,8.117971,1707928851291,,-0.1302125,-0.0686125,-0.231,,,,,,-0.9571676,-2.7498643,1.3591844,0.37393177,0.12504579,0.9134441,0.09909279
,,5.5171504,0.216325,8.23624,1707928851544,,-0.0077,-0.0345125,-0.0573375,,,,,,-0.88081056,-2.7881153,1.4333041,0.3705196,0.12618025,0.91443735,0.10143963
,,5.4590507,0.332725,8.19051,1707928851795,,-0.0598125,0.13695,-0.033825,,,,,,-0.8970848,-2.721182,1.3622311,0.36878908,0.1269142,0.9144725,0.10670147
,,5.5153203,0.40003002,8.1855755,1707928852047,,0.27995,-0.2187625,0.067375,,,,,,-0.8191711,-2.7150338,1.3615948,0.36848843,0.12921141,0.9139215,0.10984633
,,5.436455,0.4103,8.165404,1707928852298,,-0.056649998,-0.205975,-0.122237496,,,,,,-0.9199539,-2.7643294,1.3937627,0.3696623,0.13520567,0.91325766,0.10331036
,,5.464465,0.289305,8.200936,1707928852548,,-0.1749,-0.1804,-0.205425,,,,,,-0.9314908,-2.9186392,1.4828719,0.37133437,0.14071923,0.91263354,0.094475605
,,5.4145055,0.29484499,8.21783,1707928852799,,-0.24419999,0.114675,-0.2959,,,,,,-1.026809,-2.939978,1.5563439,0.37430495,0.14303212,0.911257,0.092292815
,,5.4132757,0.22701001,8.20109,1707928853052,,0.1010625,-0.0111375,0.115225,,,,,,-1.0693333,-3.03684,1.5926285,0.3773559,0.14469464,0.9097883,0.09205477
,,5.408305,0.10970501,8.21816,1707928853304,,-0.13653749,0.249975,0.0556875,,,,,,-1.1078336,-3.1718404,1.650525,0.3793495,0.14680281,0.9089909,0.08908117
,,5.329215,0.0078350045,8.212336,1707928853555,,0.1511125,-0.17407499,-0.086075,,,,,,-1.1882049,-3.259773,1.6397877,0.37966743,0.14500196,0.9087744,0.09173764
,,5.4458456,-0.014429997,8.229806,1707928853805,,-0.08855,0.0603625,-0.0295625,,,,,,-1.0264972,-3.2801814,1.6099331,0.37787813,0.14154492,0.90905863,0.10028623
52.58767833333333,13.305045,5.3244753,0.06736501,8.30577,1707928854000,2.1,-0.050325,0.0240625,0.0396,,,,,,-1.0836475,-3.1988652,1.6253122,0.37510517,0.13784869,0.9097902,0.10971036
,,5.41081,0.052400004,8.257775,1707928854309,,-0.22385,0.1912625,-0.21285,,,,,,-0.9190987,-3.1961029,1.4947283,0.3707718,0.13428596,0.9113235,0.11670204
,,5.3058057,0.11971,8.24571,1707928854561,,-0.1131625,0.0325875,0.034375,,,,,,-0.9522886,-3.0961075,1.4006283,0.36663368,0.12982953,0.91265625,0.12395767
,,5.4263396,0.17221498,8.2299,1707928854812,,-0.0396,0.0081124995,0.11,,,,,,-0.7608107,-2.9785836,1.2938378,0.3622797,0.123511076,0.91430336,0.13137548
,,5.3535995,0.27978,8.254566,1707928855063,,0.3663,0.4640625,0.5094375,,,,,,-0.7854166,-2.732456,1.2223185,0.35738406,0.11683295,0.9172281,0.12938079
,,5.3893104,0.26140502,8.2838955,1707928855315,,-0.065175,-0.06325,0.05995,,,,,,-0.73053426,-2.5632129,1.1590881,0.35292372,0.110208556,0.9208526,0.11981148
,,5.3280106,0.29464,8.260671,1707928855566,,0.14355,0.010175,0.0864875,,,,,,-0.8040815,-2.3359423,1.073109,0.35055554,0.10347485,0.9236383,0.1092001
,,5.4380064,0.30833498,8.2459,1707928855817,,0.3416875,-0.108075,0.199375,,,,,,-0.71734643,-2.1621702,1.018524,0.3488737,0.099852584,0.9259361,0.09522338
,,5.3903456,0.29406506,8.23453,1707928856068,,-0.3795,-0.544775,-0.237325,,,,,,-0.817775,-2.0686953,1.0122181,0.3485087,0.102070875,0.9276353,0.07358043
,,5.4473095,0.27333006,8.290101,1707928856318,,-0.1269125,-0.2869625,-0.24585,,,,,,-0.82420456,-2.0121582,1.0911483,0.34955272,0.104685195,0.9286203,0.055306733
,,5.4054403,0.24973002,8.29073,1707928856570,,-0.0268125,0.0911625,-0.003025,,,,,,-0.9530307,-2.0692136,1.1792855,0.35421383,0.110264495,0.92714953,0.04487981
,,5.42477,0.23516501,8.247106,1707928856822,,0.2074875,-0.0441375,0.2453,,,,,,-0.99155486,-2.1453516,1.2130196,0.35786098,0.1159098,0.9254468,0.039092537
52.587763333333335,13.304943333333332,5.425841,0.17439501,8.217836,1707928857000,2.2,-0.114125,0.07095,0.02475,,,,,,-1.0328429,-2.2893846,1.2494961,0.36028698,0.123162396,0.9239072,0.03241413
,,5.4025445,0.10883,8.233401,1707928857323,,-0.1131625,-0.3125375,-0.219175,,,,,,-1.0832063,-2.4295423,1.3159205,0.3625487,0.12733774,0.9224942,0.0327283
,,5.4493704,0.12793,8.242771,1707928857575,,-0.0694375,0.062425,0.0108624995,,,,,,-1.0590627,-2.4578564,1.3640689,0.3653932,0.12687086,0.92111474,0.040685166
,,5.3735704,0.08855998,8.206636,1707928857826,,-0.0427625,0.1337875,0.185625,,,,,,-1.1384437,-2.5351455,1.3468195,0.36650482,0.12744683,0.9204033,0.04482257
,,5.35501,0.043460008,8.168469,1707928858077,,-0.0768625,0.1359875,-0.1159125,,,,,,-1.1396216,-2.560876,1.2857028,0.365012,0.1270978,0.92112345,0.043091297
,,5.3485403,-0.0025049965,8.248369,1707928858328,,0.136125,-0.13035,0.0279125,,,,,,-1.1236626,-2.6016057,1.3433436,0.3640154,0.12530017,0.9215396,0.046822496
,,5.4594703,0.022790007,8.181735,1707928858579,,-0.0928125,-0.0111375,-0.0402875,,,,,,-0.9927944,-2.5793943,1.2605472,0.36387193,0.1222974,0.92162627,0.054947298
,,5.3300004,0.038249996,8.223174,1707928858831,,0.2288,0.4140125,0.32945,,,,,,-1.1231186,-2.5356255,1.2921823,0.36406118,0.11968319,0.92177016,0.05741804
,,5.4181004,-0.07198501,8.217606,1707928859081,,-0.1728375,0.0422125,-0.2404875,,,,,,-1.0266045,-2.587992,1.2586535,0.3627391,0.11776507,0.92271703,0.0543829
,,5.323905,-0.042379998,8.237141,1707928859334,,-0.05555,0.0985875,-0.053075,,,,,,-1.1165844,-2.5317602,1.2630028,0.36232555,0.115780786,0.92306584,0.055542596
,,5.4867997,-0.03714501,8.230936,1707928859586,,0.0754875,0.027224999,0.1205875,,,,,,-0.9451438,-2.556755,1.259673,0.36261272,0.11556086,0.92269474,0.06036733
,,5.374535,-0.025545001,8.173531,1707928859838,,-0.1439625,-0.4371125,-0.122237496,,,,,,-1.0589694,-2.5606453,1.2091819,0.36269507,0.11682424,0.92256755,0.059302904
52.58784666666667,13.304843333333334,5.3944654,-0.06940501,8.24796,1707928860000,2.1,-0.0012375,-0.105875,-0.1563375,,,,,,-1.0262477,-2.6120822,1.2693971,0.3616319,0.1179512,0.92294556,0.05765463
,,5.3299313,0.003999993,8.22849,1707928860340,,-0.1408,0.111375,-0.1958,,,,,,-1.0693822,-2.607338,1.2556752,0.36110193,0.12075239,0.92262363,0.060197763
,,5.3715305,0.07623001,8.220429,1707928860592,,0.071225,-0.139975,0.1780625,,,,,,-1.0001134,-2.6287115,1.2558297,0.36071938,0.123812534,0.9220173,0.065643534
,,5.355495,0.10846,8.2109995,1707928860843,,-0.201575,-0.138875,-0.0710875,,,,,,-1.0200323,-2.6548982,1.2721602,0.36133894,0.12740137,0.92134756,0.064691335
,,5.4008245,0.113129996,8.231435,1707928861094,,0.1287,-0.1601875,0.056649998,,,,,,-0.9942544,-2.6842644,1.3289592,0.36273724,0.12996455,0.92054886,0.06312163
,,5.3985257,0.14977,8.18827,1707928861345,,-0.0407,0.130625,0.1376375,,,,,,-1.0318238,-2.6977377,1.3390859,0.36544853,0.13271248,0.9190671,0.0632179
,,5.3832607,0.16537,8.187181,1707928861596,,0.2629,-0.0154,0.275,,,,,,-1.0820993,-2.690766,1.377817,0.3672258,0.13481322,0.91827273,0.05892991
,,5.41366,0.15107001,8.22951,1707928861847,,-0.1865875,0.0677875,-0.303325,,,,,,-1.0947706,-2.695838,1.4584544,0.31990096,0.11781821,0.79520476,0.048788335
,,5.3787246,0.106110014,8.245675,1707928862098,,-0.1472625,-0.2795375,-0.2234375,,,,,,-1.1672851,-2.7705092,1.525291,0.32210624,0.121077925,0.7940594,0.0448912
,,5.482724,0.19348499,8.188471,1707928862349,,-0.0066,0.078375,0.1313125,,,,,,-1.0583675,-2.7418468,1.4903415,0.32296565,0.12274449,0.79313874,0.049025636
,,5.332364,0.20448002,8.213036,1707928862601,,0.1606,0.131725,0.2910875,,,,,,-1.1882042,-2.7522428,1.5010719,0.32182628,0.12382331,0.7933971,0.0493829
,,5.4412003,0.18721004,8.254801,1707928862852,,-0.058849998,0.096525,0.0088,,,,,,-1.0515896,-2.7356334,1.5028532,0.31934503,0.1230346,0.79465926,0.046575498
52.58797166666667,13.30469,5.3225,0.19374505,8.2428255,1707928863000,2.4,-0.0748,0.1530375,0.049225,,,,,,-1.1524817,-2.7226546,1.4720051,0.31837413,0.12204669,0.79513484,0.04812247
,,5.439666,0.19688001,8.181425,1707928863354,,0.0999625,-0.0430375,0.15895,,,,,,-0.9925317,-2.7105417,1.365287,0.36496326,0.13970014,0.9186598,0.05398286
,,5.3021703,0.26394504,8.255196,1707928863605,,0.1095875,-0.27307498,0.09295,,,,,,-1.1001137,-2.6047533,1.3918788,0.36186007,0.1392681,0.92017967,0.049272325
,,5.3369,0.13420501,8.328095,1707928863856,,-0.0108624995,-0.158125,-0.1628,,,,,,-1.0672953,-2.6801963,1.4458748,0.35978746,0.14057645,0.92138,0.038760666
,,5.2336297,0.18451001,8.322895,1707928864108,,-0.0353375,-0.0143,-0.1051875,,,,,,-1.185767,-2.6400557,1.4589065,0.36011076,0.14288965,0.9211355,0.03421944
,,5.2491655,0.19464502,8.311689,1707928864359,,0.095699996,-0.0760375,0.1984125,,,,,,-1.1769202,-2.6924593,1.4874573,0.36087418,0.14688204,0.9202403,0.03303217
,,5.221696,0.24594502,8.396001,1707928864609,,-0.454025,-0.83875,-0.3619,,,,,,-1.2155266,-2.7206433,1.6168246,0.36144134,0.15310985,0.91912436,0.028772566
,,5.2743006,0.20131,8.3828,1707928864859,,-0.1472625,-0.27307498,-0.3865125,,,,,,-1.1862581,-2.8339992,1.6561456,0.36339277,0.1573131,0.91770035,0.028167432
,,5.2642245,0.25824502,8.360226,1707928865110,,-0.1098625,0.2222,-0.020075,,,,,,-1.2259363,-2.8495526,1.6961948,0.36698425,0.15900187,0.915697,0.0343649
,,5.298225,0.30877504,8.300825,1707928865362,,0.105325,0.1189375,0.320925,,,,,,-1.2108296,-2.8532898,1.675565,0.36945927,0.16004571,0.9143463,0.03916714
,,5.369095,0.26261002,8.245291,1707928865614,,-0.1056,0.029424999,-0.020075,,,,,,-1.1876762,-2.9115686,1.6741802,0.37242416,0.16174524,0.9129008,0.037212405
,,5.4127555,0.27470502,8.217996,1707928865865,,-0.0034375,-0.021724999,-0.2842125,,,,,,-1.1938716,-2.929935,1.7067331,0.3763045,0.16296344,0.9109863,0.03904367
52.588088333333324,13.304528333333334,5.51656,0.33617002,8.09992,1707928866000,2.4,-0.0204875,0.1189375,0.0950125,,,,,,-1.1094725,-2.9441533,1.6471884,0.37980214,0.16409364,0.90898174,0.047066603
,,5.4510903,0.40950504,8.11113,1707928866369,,0.0616,0.039049998,0.1791625,,,,,,-1.1818532,-2.9275708,1.6929517,0.38099733,0.1667583,0.90793693,0.048523065
,,5.452566,0.37093005,8.0641,1707928866620,,-0.0875875,0.5215375,0.05775,,,,,,-1.1841056,-2.975484,1.6538819,0.3800549,0.17018923,0.9079917,0.041657936
,,5.4312,0.30023497,8.103664,1707928866873,,-0.1397,-0.208175,-0.1808125,,,,,,-1.1839273,-3.069356,1.6845279,0.37854317,0.17216073,0.90832144,0.040170666
,,5.4765997,0.385035,8.12721,1707928867124,,-0.0097624995,-0.0919875,-0.0158125,,,,,,-1.0901834,-3.0468025,1.6835034,0.3766618,0.17319737,0.9086495,0.04597956
,,5.369475,0.36330003,8.17514,1707928867375,,0.0264,0.117837496,0.048125,,,,,,-1.155479,-3.0961583,1.7019901,0.37414032,0.17446898,0.9094502,0.046512064
,,5.2955403,0.2942,8.183605,1707928867626,,-0.0257125,0.2349875,0.166375,,,,,,-1.2086079,-3.1321542,1.6719364,0.37144178,0.17458622,0.91081464,0.041674536
,,5.29251,0.21926002,8.219906,1707928867877,,0.037125,-0.3125375,0.115225,,,,,,-1.2087711,-3.1889856,1.6968862,0.37093517,0.17406882,0.91117996,0.040544968
,,5.45871,0.20536505,8.213871,1707928868127,,-0.067375,-0.1208625,0.0119624995,,,,,,-1.0460174,-3.2196035,1.7039508,0.37216994,0.1732592,0.91067135,0.044835996
,,5.3374753,0.25163,8.257641,1707928868379,,0.221375,0.163625,0.167475,,,,,,-1.1936271,-3.1905127,1.7731197,0.37418827,0.17382474,0.90970635,0.045723263
,,5.3921347,0.133925,8.2281,1707928868631,,-0.1546875,0.0848375,-0.1265,,,,,,-1.1655469,-3.2878497,1.7760358,0.37547866,0.17426309,0.90928066,0.04206247
,,5.3415303,0.18926503,8.226834,1707928868882,,8.25E-4,0.181775,0.08965,,,,,,-1.2390436,-3.2084749,1.786768,0.3770692,0.1726814,0.90887904,0.0427803
52.58821,13.304401666666669,5.504825,0.20509501,8.231075,1707928869000,2.4,0.2597375,-0.0600875,0.2707375,,,,,,-1.0905244,-3.1820426,1.7980374,0.37822542,0.17145024,0.9085799,0.044113465
,,5.3848257,0.23727001,8.221101,1707928869384,,-0.0364375,-0.1527625,0.0301125,,,,,,-1.2333786,-3.128406,1.7993197,0.3290199,0.14830162,0.78700125,0.038942866
,,5.408359,0.20570502,8.226312,1707928869635,,-0.029975,-0.2635875,-0.1628,,,,,,-1.2180419,-3.1154168,1.7956524,0.30257973,0.13660377,0.7271083,0.03214763
,,5.32556,0.26620004,8.224675,1707928869887,,0.0935,0.18493749,0.09295,,,,,,-1.3125836,-3.0331583,1.8033823,0.30232164,0.13748296,0.7272074,0.027180497
,,5.388565,0.30357,8.282841,1707928870138,,0.2693625,-0.03025,0.2910875,,,,,,-1.2562654,-3.0003307,1.8603073,0.2764115,0.12704872,0.6667736,0.022269465
,,5.3133307,0.29997003,8.295645,1707928870389,,-0.20899999,-0.6513375,-0.388575,,,,,,-1.3502711,-3.033422,1.9078121,0.14993945,0.06535472,0.3649486,0.016097631
,,5.3098006,0.24587502,8.320141,1707928870640,,0.0328625,-0.2806375,-0.18727499,,,,,,-1.3682998,-3.1453435,1.9823718,0.09930408,0.043944936,0.24361363,0.010394567
,,5.3163958,0.332645,8.308545,1707928870891,,-0.083325,0.0422125,-0.0625625,,,,,,-1.3601183,-3.1864188,2.0437787,0.15058286,0.074118264,0.36289254,0.013927968
,,5.2824955,0.41484502,8.3304405,1707928871142,,0.11165,-0.054725,0.2761,,,,,,-1.3902078,-3.2515767,2.1438937,0.17798463,0.09278296,0.42095864,0.018673968
,,5.3339295,0.42081502,8.280511,1707928871393,,-0.081125,0.2253625,0.0077,,,,,,-1.3473536,-3.3584352,2.1768281,0.17953236,0.099529155,0.41880372,0.018778099
,,5.314195,0.42861497,8.291816,1707928871645,,-0.0034375,-0.2699125,-0.0125124995,,,,,,-1.3667204,-3.4539125,2.250622,0.20673634,0.11646249,0.477299,0.023535732
,,5.43283,0.46637496,8.202915,1707928871896,,-0.09075,0.0539,0.0215875,,,,,,-1.2393498,-3.5018756,2.2051613,0.3349199,0.18511142,0.77697057,0.029313931
52.588316666666664,13.304246666666666,5.3278055,0.50077,8.203051,1707928872000,2.4,0.070125,0.064625,0.337975,,,,,,-1.3532604,-3.4968324,2.2317312,0.3877541,0.21235475,0.8962184,0.033746798
,,5.428146,0.40486506,8.196681,1707928872398,,-0.283525,0.0144375,-0.21065,,,,,,-1.2803867,-3.5383477,2.2224057,0.3885263,0.21055253,0.89637977,0.0307642
,,5.39321,0.365195,8.155015,1707928872648,,-0.0853875,-0.03135,0.0716375,,,,,,-1.3402067,-3.5239418,2.1718512,0.39004993,0.20666337,0.8965168,0.03259093
,,5.590911,0.40260002,8.120451,1707928872900,,0.1958,-0.004675,0.267575,,,,,,-1.1512094,-3.4551163,2.1204028,0.39176235,0.20217209,0.8965736,0.038767267
,,5.4478703,0.38643005,8.0684805,1707928873151,,0.14575,0.3916,0.1898875,,,,,,-1.3317207,-3.408965,2.0704284,0.36717424,0.18651494,0.83665925,0.035565235
,,5.558105,0.28716502,8.14484,1707928873402,,-0.082225,-0.2358125,-0.24475,,,,,,-1.2416128,-3.4428415,2.1279032,0.28900975,0.14507414,0.65752405,0.027700739
,,5.4605002,0.343535,8.140905,1707928873653,,0.0732875,0.0900625,-0.0158125,,,,,,-1.3546417,-3.382854,2.1394207,0.2894238,0.14610142,0.6572001,0.0249379
,,5.5708647,0.413435,8.124709,1707928873905,,0.036025,0.0229625,0.33467498,,,,,,-1.2366061,-3.3460715,2.1342003,0.28920937,0.147868,0.6568783,0.025271166
,,5.4070005,0.43267006,8.12394,1707928874156,,-0.56485,-0.8344875,-0.049775,,,,,,-1.4060522,-3.2977357,2.1243556,0.1859042,0.09473754,0.4171169,0.020885633
,,5.3781953,0.29323,8.225306,1707928874407,,0.11385,-0.30085,-0.0732875,,,,,,-1.4417083,-3.3305445,2.1748667,0.056475673,0.03167741,0.11679815,0.015234566
,,5.3055353,0.33127,8.342641,1707928874658,,0.22453749,-0.0760375,-0.018975,,,,,,-1.5170524,-3.247071,2.2691312,-0.04764092,-0.021109669,-0.12286644,0.0160186
,,5.365636,0.392975,8.254271,1707928874909,,0.271425,-0.0345125,-0.0605,,,,,,-1.5166594,-3.2041013,2.2657773,-0.102604784,-0.052240532,-0.24022163,0.019934533
52.58841833333333,13.304120000000001,5.453935,0.39634004,8.216366,1707928875000,2.3,-0.12375,-0.0154,-0.304425,,,,,,-1.5170474,-3.2574193,2.3852124,-0.23850344,-0.13035117,-0.53410435,0.021073466
,,5.4359303,0.469505,8.13426,1707928875412,,-0.08965,-0.19855,-0.1170125,,,,,,-1.6024318,-3.3030815,2.4841416,-0.28890595,-0.15670064,-0.65485626,0.020177968
,,5.6522903,0.59579504,8.083059,1707928875662,,-0.275,0.1359875,-0.0924,,,,,,-1.4030634,-3.3320725,2.5616376,-0.18287091,-0.09466644,-0.41847917,0.022517001
,,5.6232953,0.83183,7.980985,1707928875913,,0.136125,0.0741125,0.4519625,,,,,,-1.4224957,-3.2803087,2.561284,-0.053516332,-0.025412917,-0.11944737,0.024807965
,,5.7775292,0.85042506,7.85722,1707928876163,,-0.0726,0.3617625,0.20693749,,,,,,-1.2620908,-3.3244784,2.4672253,-0.053648632,-0.028822904,-0.11861144,0.023895701
,,5.5854297,0.76042503,7.9259596,1707928876414,,0.00935,-0.06215,0.16005,,,,,,-1.3923141,-3.3576329,2.42681,-0.04897046,-0.024523536,-0.121738106,0.0234073
,,5.6458254,0.730485,7.91783,1707928876664,,-0.0523875,-0.1431375,0.0193875,,,,,,-1.2614467,-3.246682,2.2289188,-0.042736284,-0.014665642,-0.12716298,0.022713002
,,5.4982653,0.52651995,8.074235,1707928876915,,0.003025,0.0314875,-0.1381875,,,,,,-1.3697879,-3.2436268,2.184857,-0.12173875,-0.057841707,-0.30551425,0.025694806
,,5.489941,0.32569498,8.166704,1707928877167,,-0.081125,-0.072875,-0.3246375,,,,,,-1.3650309,-3.27885,2.144788,-0.25428197,-0.13308159,-0.60165906,0.022410301
,,5.3171706,0.15292998,8.229015,1707928877418,,-0.0545875,0.17215,-0.17765,,,,,,-1.53596,-3.3795772,2.1530027,-0.2559552,-0.13625775,-0.60005325,0.019499533
,,5.36457,0.19956502,8.241574,1707928877670,,0.34595,0.2563,0.3815625,,,,,,-1.4529285,-3.4041739,2.1719215,-0.12744242,-0.062011074,-0.3016926,0.020904334
,,5.3059607,0.33183002,8.252505,1707928877921,,-0.33467498,-0.509575,-0.29273748,,,,,,-1.4909174,-3.422433,2.250857,-0.10160621,-0.05379583,-0.24043225,0.018818565
52.58851500000001,13.304001666666666,5.3406954,0.34220502,8.318706,1707928878000,2.2,-0.0119624995,-0.1357125,-0.220275,,,,,,-1.3836304,-3.5848677,2.373852,-0.02537187,-0.012904332,-0.06019128,0.017026268
,,5.2890897,0.54384005,8.273266,1707928878423,,-0.2899875,-0.0259875,-0.31185,,,,,,-1.3526475,-3.5723028,2.3588595,0.102135204,0.06103647,0.2384978,0.018434936
,,5.2581553,0.66370505,8.2536955,1707928878675,,-0.0204875,0.2094125,0.3411375,,,,,,-1.3078644,-3.5715408,2.3390539,0.22842349,0.13211267,0.5384363,0.023820067
,,5.2309904,0.669035,8.267591,1707928878925,,-0.2877875,0.3256,-0.154275,,,,,,-1.2839835,-3.559648,2.3114417,0.2250083,0.1315925,0.53996944,0.023694199
,,5.2270904,0.5774401,8.279996,1707928879176,,0.0743875,-0.2965875,0.0801625,,,,,,-1.2361997,-3.573579,2.2196503,0.22150828,0.12544549,0.54274046,0.026479999
,,5.293595,0.52834004,8.25826,1707928879430,,-0.104637496,0.0433125,-0.041249998,,,,,,-1.1430774,-3.494685,2.0907485,0.32074612,0.18145648,0.78350276,0.030953232
,,5.23936,0.47983503,8.27146,1707928879682,,0.14575,0.0496375,0.2325125,,,,,,-1.2137167,-3.3606513,1.9815147,0.37071893,0.20295884,0.9052617,0.032598667
,,5.3516955,0.36457,8.30536,1707928879932,,0.2107875,0.027224999,0.15785,,,,,,-1.143052,-3.225638,1.9087566,0.2457082,0.13427772,0.6043691,0.028277507
,,5.301091,0.30431,8.295665,1707928880182,,0.337425,0.0985875,0.117425,,,,,,-1.2647692,-3.0858302,1.8511242,0.12018795,0.068109855,0.30307314,0.0227496
,,5.5135255,0.29508004,8.224401,1707928880436,,0.306625,-0.1772375,0.202675,,,,,,-1.1188309,-2.9841626,1.7733055,-0.0038440942,0.0021214236,9.4187655E-4,0.025414435
,,5.35719,0.26077002,8.213429,1707928880686,,0.1958,0.469425,0.2154625,,,,,,-1.3887202,-2.9229834,1.8329021,-0.12794378,-0.06429867,-0.300465,0.031068435
,,5.4413657,0.24770504,8.221595,1707928880937,,-0.242,0.1082125,-0.4610375,,,,,,-1.397281,-2.863098,1.904387,-0.25368527,-0.1302821,-0.6011896,0.038811803
52.58862333333333,13.303893333333333,5.2955003,0.33361003,8.234336,1707928881000,2.2,0.2277,0.029424999,0.1131625,,,,,,-1.6137451,-2.798144,2.0099862,-0.37987816,-0.19578661,-0.90223354,0.044449873
,,5.4212003,0.44254005,8.191236,1707928881439,,0.510125,0.012375,0.488125,,,,,,-1.5485276,-2.798351,2.0931761,-0.38201672,-0.20737776,-0.89815426,0.05495417
,,5.261441,0.513365,8.183725,1707928881691,,-0.3964125,-0.948475,-0.3971,,,,,,-1.7728487,-2.818347,2.2100873,-0.3814956,-0.22258434,-0.8928354,0.07584231
,,5.2754745,0.57500494,8.25936,1707928881942,,0.0295625,-0.2613875,-0.29273748,,,,,,-1.7975287,-2.8757796,2.4044464,-0.38147154,-0.2356083,-0.88861436,0.087874
,,5.1976447,0.76093996,8.33766,1707928882193,,-0.2121625,0.146575,-0.2916375,,,,,,-1.8634903,-2.8737652,2.5843415,-0.38166302,-0.24628678,-0.8857869,0.08643469
,,5.1980696,0.85137004,8.327737,1707928882444,,-1.375E-4,0.129525,0.40507498,,,,,,-1.8213376,-2.9731288,2.643124,-0.38095433,-0.25474703,-0.8843002,0.0801252
,,5.1446056,0.7786351,8.349061,1707928882695,,-0.63085,-0.6939625,-0.472725,,,,,,-1.8475968,-3.109719,2.6709116,-0.37843716,-0.25946617,-0.8839106,0.08307441
,,5.067935,0.5563351,8.376426,1707928882945,,-0.0545875,-0.411675,-0.0903375,,,,,,-1.8701997,-3.3078208,2.6230514,-0.3761487,-0.2548373,-0.88643295,0.07680324
,,5.0921946,0.51830506,8.455195,1707928883196,,-0.17379999,0.30525,-0.2990625,,,,,,-1.7881846,-3.3531868,2.6380033,-0.3776673,-0.24560633,-0.89005345,0.05618123
,,5.06946,0.40856504,8.419196,1707928883447,,-0.066275,0.0485375,0.253825,,,,,,-1.7629632,-3.4312909,2.5222418,-0.3779566,-0.23708159,-0.8931938,0.042353593
,,5.1539903,0.22230498,8.37613,1707928883699,,-0.0023375,0.0528,0.09295,,,,,,-1.6695725,-3.4673338,2.3718321,-0.3775403,-0.22615947,-0.8965232,0.039077573
,,5.11699,0.026434993,8.38896,1707928883951,,0.043449998,-0.2187625,-0.0402875,,,,,,-1.7183511,-3.5164053,2.2998927,-0.378143,-0.2164652,-0.8988917,0.037123136
52.588731666666675,13.303775,5.285795,0.04676501,8.34246,1707928884000,2.3,0.018975,-0.006875,0.1313125,,,,,,-1.5649083,-3.4452972,2.2363477,-0.38086608,-0.21037406,-0.89973485,0.029596735
,,5.1776958,0.105100006,8.327935,1707928884453,,0.001925,0.079475,-0.103125,,,,,,-1.7120423,-3.354351,2.2466795,-0.38316116,-0.20924759,-0.8990032,0.030835133
,,5.2626014,-1.6499912E-4,8.293576,1707928884703,,-0.149325,0.00275,-0.07865,,,,,,-1.635914,-3.4096146,2.19342,-0.382361,-0.20849155,-0.89935917,0.035862837
,,5.1763,0.017435001,8.32614,1707928884956,,0.0477125,0.0209,0.0748,,,,,,-1.7339542,-3.350784,2.2099364,-0.3823747,-0.20691265,-0.89968514,0.037867565
,,5.2212954,0.025264991,8.34191,1707928885207,,0.01265,-4.125E-4,2.75E-4,,,,,,-1.6780366,-3.3422513,2.2146914,-0.38188785,-0.20620868,-0.90011203,0.03661486
,,5.1620007,0.101235025,8.37638,1707928885458,,0.0328625,0.022,0.0631125,,,,,,-1.7155358,-3.217548,2.2078128,-0.3798397,-0.20395905,-0.9013366,0.038984697
,,5.1427293,0.047130004,8.387715,1707928885709,,0.067925,0.0485375,0.0534875,,,,,,-1.6497849,-3.0562522,2.040124,-0.37295517,-0.19472821,-0.90554726,0.046131857
,,5.132234,0.08619501,8.403511,1707928885960,,0.1170125,-0.0697125,0.031075,,,,,,-1.5307664,-2.7677379,1.8346543,-0.3631425,-0.18189892,-0.9111675,0.053655095
,,5.1654997,0.12696001,8.413871,1707928886211,,0.084975,-0.1208625,-0.0380875,,,,,,-1.3416191,-2.4137337,1.5908477,-0.3515814,-0.16638008,-0.91736627,0.064104065
,,5.1794705,0.12003001,8.384771,1707928886463,,0.0977625,-0.0248875,-0.1755875,,,,,,-1.1903557,-2.0951128,1.3231145,-0.34069505,-0.1515025,-0.9230671,0.077384025
,,5.158675,0.16740002,8.333836,1707928886713,,0.0286,-0.0749375,0.0023375,,,,,,-1.0848435,-1.7738115,1.0565696,-0.33097607,-0.1383438,-0.9283486,0.087309174
,,5.1948705,0.14953502,8.36263,1707928886964,,-0.1610125,-0.1038125,-0.1830125,,,,,,-0.9407523,-1.5779692,0.9082504,-0.32288632,-0.1279195,-0.9326665,0.09451401
52.58883666666667,13.303658333333333,5.1302056,0.19644001,8.433064,1707928887000,2.3,-0.117425,-0.0771375,-0.24365,,,,,,-0.94740385,-1.4701611,0.91414297,-0.31889188,-0.12265558,-0.9349292,0.09410453
,,5.1176705,0.23274003,8.539565,1707928887468,,-0.067375,-0.121825,-0.270325,,,,,,-0.931044,-1.4562187,0.99778944,-0.3179538,-0.12107127,-0.93602055,0.08631026
,,5.032971,0.28924504,8.57507,1707928887720,,-0.0683375,-0.021724999,-0.0903375,,,,,,-1.0159395,-1.485729,1.0534734,-0.31940237,-0.121397965,-0.9364334,0.07325766
,,4.951035,0.35217002,8.57564,1707928887972,,8.25E-4,0.1615625,-0.0158125,,,,,,-1.0747088,-1.5018222,1.0528119,-0.31977326,-0.120107226,-0.93753713,0.05717877
,,4.8167005,0.46903503,8.722965,1707928888222,,0.1276,-0.23265,0.02365,,,,,,-1.1764779,-1.4355664,1.1795294,-0.31922382,-0.118155725,-0.9387963,0.043690167
,,4.592875,0.7201651,8.827331,1707928888473,,-0.149325,0.1093125,-0.25753748,,,,,,-1.3704978,-1.2209897,1.2687778,-0.31865275,-0.1164104,-0.9398901,0.033413634
,,4.51344,0.83900005,8.802637,1707928888725,,0.0754875,-0.175175,-0.0946,,,,,,-1.387513,-1.135343,1.2037964,-0.3160247,-0.11475562,-0.9413779,0.023948269
,,4.4800105,0.86360514,8.823701,1707928888977,,-0.6457,0.417175,-0.5995,,,,,,-1.3653072,-1.1308877,1.1915818,-0.23201223,-0.08452174,-0.6903131,0.0186703
,,4.6104403,0.78496003,8.661759,1707928889228,,-0.29741248,-0.021724999,-0.7359,,,,,,-1.135527,-1.1756965,0.94908464,-0.12987806,-0.052896332,-0.3751436,0.024601229
,,4.7317405,0.9349651,8.707259,1707928889480,,0.8562125,0.0336875,0.4668125,,,,,,-0.9419839,-1.0463656,0.94778836,-0.02697895,-0.020335998,-0.06036877,0.034549568
,,4.873474,0.82835996,8.534735,1707928889732,,0.0605,-0.1166,-0.0061875,,,,,,-0.78574526,-1.246745,0.79491884,0.014659662,-0.007792399,0.06574847,0.034908798
,,5.15097,0.4842901,8.307531,1707928889982,,-0.3559875,0.0528,-0.5014625,,,,,,-0.46735695,-1.6818254,0.5642337,0.05667817,0.006466334,0.19144788,0.032400303
52.588946666666665,13.303556666666669,5.3231,0.30156,8.296996,1707928890000,2.3,-0.3474625,-0.087725,-0.658075,,,,,,-0.23977837,-1.9745743,0.5485266,0.15735215,0.0462201,0.50630355,0.041012708
,,5.3351307,0.25498998,8.230636,1707928890485,,-0.5350125,-0.19855,-0.83709997,,,,,,-0.15085267,-2.1484375,0.46839914,0.17728974,0.05285684,0.5670691,0.06666637
,,5.28997,0.426865,8.320202,1707928890737,,-0.0609125,0.0763125,0.081125,,,,,,-0.14042036,-2.1471746,0.56922704,0.17849848,0.052022673,0.5610713,0.09931667
,,5.31191,0.19283503,8.236997,1707928890988,,-0.1269125,-0.06325,-0.050875,,,,,,-0.039340578,-2.4572804,0.45544374,0.17721313,0.046769835,0.5562106,0.130916
,,5.4382105,0.2176,8.4222555,1707928891238,,0.1403875,-0.003575,0.12595,,,,,,0.19116741,-2.3474512,0.54258233,0.23712094,0.05797083,0.740418,0.17065123
,,5.2558455,0.395745,8.426401,1707928891490,,-0.09185,-0.0419375,-0.2671625,,,,,,0.07899931,-2.084813,0.4727556,0.2979986,0.069456965,0.92529684,0.20776099
,,5.2514105,0.47517502,8.354762,1707928891741,,-0.0460625,0.37345,-0.0881375,,,,,,0.10442155,-1.9034737,0.3498068,0.29774502,0.05380123,0.9211486,0.24026415
,,5.3477407,0.50827503,8.295627,1707928891993,,-0.282425,-0.003575,-0.7348,,,,,,0.2487501,-1.7408435,0.22821747,0.29452053,0.040850475,0.91782457,0.26167452
,,5.315041,0.44134,8.283266,1707928892244,,-0.2707375,-0.1282875,-0.590975,,,,,,0.21250205,-1.7212354,0.19142938,0.2936913,0.031196365,0.91310996,0.2775311
,,5.249065,0.6291,8.3242,1707928892495,,-0.09075,0.1274625,-0.1307625,,,,,,0.13491201,-1.542597,0.24206159,0.29537,0.0233744,0.9038353,0.30136824
,,5.2896595,0.70393497,8.079439,1707928892746,,0.004125,0.2360875,-0.1904375,,,,,,0.2175831,-1.599287,0.010334952,0.29668474,0.020631498,0.8916924,0.3312654
,,5.48999,0.85343,8.149105,1707928892997,,-0.081125,0.1337875,0.22495,,,,,,0.5131699,-1.6271741,0.07028328,0.29655185,0.019820401,0.87856656,0.3655394
52.589036666666665,13.303448333333332,5.411595,0.96059996,8.16934,1707928893000,2.2,-0.5413375,-0.088825,-0.070125,,,,,,0.5052012,-1.6555997,0.08736916,0.2964551,0.018498536,0.8676814,0.39388546
,,5.42927,1.070665,8.176706,1707928893499,,-0.3773,0.3597,0.2547875,,,,,,0.52323735,-1.5682199,0.09291328,0.29690316,0.011711467,0.8573915,0.4183572
,,5.7026305,0.8777302,8.235036,1707928893750,,0.0605,0.06985,-0.0829125,,,,,,0.84248036,-1.6240265,0.094056375,0.29110432,0.0024958332,0.85362095,0.4305949
,,5.46003,0.80397016,8.148765,1707928894001,,0.5335,-0.411675,0.5669125,,,,,,0.64763135,-1.5368199,-0.06092784,0.28454155,-0.004801466,0.85417926,0.43367216
,,5.29494,0.75204,8.229095,1707928894253,,-0.26015,0.10615,-0.237325,,,,,,0.4733811,-1.4317386,-0.020406106,0.28100345,-0.010561267,0.8578933,0.42848465
,,5.2225103,0.43557006,8.237895,1707928894504,,0.086075,-0.037675,0.15785,,,,,,0.39080918,-1.5451643,-0.06111962,0.2762783,-0.018910067,0.8615587,0.4244566
,,5.255941,0.31133503,8.239534,1707928894755,,-0.0759,-0.0526625,-0.1958,,,,,,0.4472006,-1.5221223,-0.114866145,0.2713088,-0.025529332,0.86259615,0.42567918
,,5.151065,0.24563502,8.294095,1707928895007,,-0.114125,-0.257125,-0.117975,,,,,,0.4062498,-1.5506991,-0.10630859,0.26694822,-0.026932834,0.86153847,0.43022048
,,4.9643707,0.318435,8.1648245,1707928895258,,-0.1535875,0.07205,0.0438625,,,,,,0.2541247,-1.5364662,-0.24355014,0.26631066,-0.025696669,0.8577135,0.43791598
,,5.2308993,0.253365,8.278495,1707928895509,,0.0275,-0.0345125,-0.252175,,,,,,0.5615496,-1.6414746,-0.14591235,0.26490998,-0.025226166,0.8539599,0.44590253
,,5.2000656,0.22585998,8.3672,1707928895760,,-0.19085,0.080575,-0.6282375,,,,,,0.5986535,-1.7205379,-0.08282356,0.2624574,-0.025389832,0.8476801,0.45936736
52.589075,13.303403333333332,5.2930603,0.60036,8.35109,1707928896000,2.2,0.0818125,-0.02805,0.184525,,,,,,0.7887658,-1.5274776,-0.10333603,0.26193148,-0.024704428,0.82973164,0.4913164
,,5.160525,0.45112503,8.32033,1707928896010,,-0.19305,0.111375,-0.21285,,,,,,0.6192052,-1.5901946,-0.13698544,0.2616306,-0.024689296,0.8387759,0.47582182
,,5.2204256,0.67392504,8.19023,1707928896512,,-0.2195875,0.022,0.0779625,,,,,,0.71550995,-1.5464761,-0.23843183,0.26450565,-0.022168027,0.8261978,0.49608558
,,5.1527205,0.8022601,8.216471,1707928896762,,-0.22715,0.064625,0.23567499,,,,,,0.64585716,-1.474368,-0.19622487,0.2663401,-0.019545,0.8260535,0.4954666
,,5.26619,0.7514601,8.246012,1707928897013,,0.0169125,-0.23045,-0.0807125,,,,,,0.7485711,-1.5423242,-0.15169033,0.2676217,-0.018180834,0.82707655,0.49298328
,,5.184921,0.85945994,8.220676,1707928897265,,-0.5104,0.2776125,-0.48014998,,,,,,0.6082037,-1.4560951,-0.13717486,0.27132717,-0.0173267,0.828555,0.4882242
,,5.3151603,0.74053496,8.239112,1707928897516,,-0.104637496,0.2424125,-0.0710875,,,,,,0.70485777,-1.5429522,-0.1100986,0.27210993,-0.018222133,0.83109117,0.48364672
,,5.2178903,0.68600005,8.332882,1707928897767,,0.38541248,0.1753125,-0.053075,,,,,,0.58211356,-1.583568,-0.005739772,0.2730592,-0.017836433,0.8341685,0.47825474
,,5.25596,0.68960506,8.349682,1707928898017,,-0.0086624995,0.17325,-0.0286,,,,,,0.60825306,-1.6181254,0.029244972,0.27477705,-0.015858768,0.8346188,0.47656053
,,5.3204656,0.75737,8.346816,1707928898269,,-0.1120625,-0.16555,-0.31405,,,,,,0.6894044,-1.6715916,0.051002167,0.27721277,-0.011252501,0.83161366,0.4804388
,,5.1302047,1.009105,8.322375,1707928898521,,-0.0598125,-0.0419375,-0.186175,,,,,,0.5201824,-1.5980587,0.06415094,0.28108683,-0.0056045996,0.82544523,0.48892307
,,5.2789,1.0673751,8.276939,1707928898773,,-0.0086624995,-0.1431375,0.489225,,,,,,0.7342025,-1.6299965,0.008594946,0.2803335,-0.002733566,0.82053715,0.49779266
52.589144999999995,13.303471666666667,5.1184053,1.1927049,8.2288,1707928899000,2.3,-0.1397,-0.6523,-0.01155,,,,,,0.52973306,-1.6007718,0.0132910255,0.28537127,0.0026871332,0.8231199,0.49039856
,,5.1802354,1.1931051,8.274671,1707928899025,,0.1489125,0.088,0.3229875,,,,,,0.6201371,-1.5715584,0.034758672,0.28305727,-7.10012E-6,0.82007915,0.49705967
,,5.27194,1.050205,8.285966,1707928899527,,0.1500125,0.062425,-0.1915375,,,,,,0.661362,-1.665496,0.059650704,0.28430286,-1.4856663E-4,0.8257044,0.4864324
,,5.1802354,0.9777401,8.344561,1707928899777,,0.0477125,-0.02915,-0.1574375,,,,,,0.5261885,-1.6424344,0.11284026,0.28365645,-0.005210033,0.82668656,0.48504525
,,5.2240653,0.8783,8.26289,1707928900029,,-0.0119624995,0.111375,0.1973125,,,,,,0.5037795,-1.6326491,0.033552002,0.28364986,-0.011218967,0.8280737,0.48269188
,,5.277536,0.68200505,8.2473545,1707928900281,,0.2319625,-0.0078375,-0.0061875,,,,,,0.49703732,-1.7378595,0.024043234,0.28406027,-0.0152064,0.83103096,0.4774696
,,5.2422304,0.675905,8.258823,1707928900533,,0.14575,-0.2976875,-0.0295625,,,,,,0.4330171,-1.6929233,0.037024904,0.2840802,-0.0174146,0.8325842,0.4747396
,,5.229965,0.59004,8.0321245,1707928900783,,0.0158125,0.012375,0.118525,,,,,,0.37874871,-1.7479763,-0.18080883,0.2853758,-0.019570401,0.8327009,0.4736605
,,5.23353,0.58650506,8.1391945,1707928901034,,0.18095,-0.3988875,0.4657125,,,,,,0.35282782,-1.7744998,-0.050062433,0.28752688,-0.018788202,0.8328119,0.47212332
,,5.3919997,0.6493051,8.147689,1707928901286,,0.1947,-0.205975,0.082225,,,,,,0.45304784,-1.7476689,0.004030486,0.29166844,-0.017647235,0.83337206,0.46864802
,,5.400561,0.5653751,8.16599,1707928901536,,0.11165,-0.20075,0.1227875,,,,,,0.4345431,-1.8455489,0.0421469,0.29363188,-0.015681634,0.8361855,0.46263137
,,5.2553005,0.57007504,8.120659,1707928901787,,-0.17173749,-0.26565,-0.0999625,,,,,,0.27469727,-1.8553237,0.010745919,0.29486942,-0.0133553,0.8391597,0.4565501
52.589213333333326,13.303541666666668,5.3690705,0.43294498,8.352031,1707928902000,2.3,-0.0279125,-0.0419375,0.1194875,,,,,,0.40034458,-1.9348379,0.2264359,0.29277095,-0.014896866,0.8411258,0.45421228
,,5.2493696,0.45227498,8.104625,1707928902040,,-0.1962125,0.1348875,-0.1628,,,,,,0.2615725,-1.9524426,-0.0062255543,0.29477534,-0.0131041985,0.84135723,0.45256588
,,5.382675,0.51650995,8.346926,1707928902541,,0.0658625,0.264825,0.1419,,,,,,0.389505,-1.86054,0.23927155,0.29427707,-0.015445231,0.8401949,0.454951
,,5.234105,0.43788,8.302835,1707928902792,,0.086075,0.013475,0.056649998,,,,,,0.25222838,-1.9537604,0.19030938,0.29421064,-0.012959232,0.84271175,0.45037237
,,5.199845,0.46571004,8.342271,1707928903044,,-0.19195,-0.0792,0.0939125,,,,,,0.20233984,-1.9634984,0.25189635,0.29607072,-0.009187932,0.84570587,0.44334352
,,5.3620696,0.3477401,8.504901,1707928903295,,-0.1962125,-0.1868625,-0.455675,,,,,,0.3269697,-2.0724595,0.4355377,0.29794005,-0.008828268,0.8474596,0.43854597
,,5.298671,0.34740508,8.506801,1707928903546,,-0.0375375,-0.19745,-0.034925,,,,,,0.21061525,-2.090825,0.47482696,0.30113018,-0.010055034,0.8455172,0.44000885
,,5.330831,0.38164005,8.346,1707928903797,,0.2586375,-0.2816,0.1973125,,,,,,0.18563257,-2.1106248,0.364986,0.30560288,-0.009721599,0.8431861,0.4413682
,,5.352926,0.24187501,8.3495655,1707928904048,,0.136125,-0.0121,0.0045375,,,,,,0.1901644,-2.2705884,0.38687328,0.30715784,-0.009071766,0.8428781,0.44091192
,,5.2252994,0.26937002,8.2972975,1707928904300,,-0.22605,-0.1038125,-0.0540375,,,,,,0.046494342,-2.2705123,0.35602036,0.30867398,-0.008629699,0.84160167,0.44231942
,,5.3496003,0.19190502,8.313961,1707928904551,,0.0946,-0.426525,-0.0455125,,,,,,0.19730316,-2.3341317,0.35172173,0.30690062,-0.0107615655,0.83892566,0.4487391
,,5.2120357,0.353275,8.323695,1707928904803,,0.119075,-0.26675,0.3422375,,,,,,0.09190954,-2.2299726,0.35763368,0.30662122,-0.010689332,0.83422107,0.4579149
52.589279999999995,13.303636666666668,5.1984053,0.44966504,8.298829,1707928905000,2.3,0.17875,-0.0430375,0.469975,,,,,,0.14288363,-2.1719806,0.30346155,0.30436593,-0.0060688653,0.8364989,0.45518672
,,5.4826007,0.43877003,8.375799,1707928905055,,0.44715,-0.0154,0.267575,,,,,,0.38879043,-2.1831162,0.40549418,0.30634424,-0.009152001,0.83281606,0.46070012
,,5.1094756,0.55916005,8.288204,1707928905557,,0.0050875,0.1881,0.1695375,,,,,,0.06292693,-2.079411,0.29235676,0.3043149,-0.002059766,0.84073347,0.44684473
,,5.3354697,0.44365996,8.357234,1707928905809,,-0.1397,-0.19965,-0.089237496,,,,,,0.36068344,-2.1572306,0.44267842,0.3027149,-7.2176626E-4,0.8447432,0.439962
,,5.1722307,0.59816,8.381139,1707928906061,,0.2085875,-0.0803,0.0853875,,,,,,0.4018928,-2.1139925,0.51971895,0.3030466,0.0018002667,0.8487814,0.43176186
,,5.254935,0.61665505,8.221005,1707928906311,,0.14465,-0.0100375,0.37193748,,,,,,0.60031277,-2.156063,0.515207,0.3025006,0.004664066,0.85449785,0.42109725
,,5.06203,0.54232997,8.279164,1707928906562,,0.4109875,-0.0121,-0.0061875,,,,,,0.5715,-2.220597,0.57982635,0.30186933,0.008636535,0.8603748,0.41024068
,,5.19526,0.49716008,8.367564,1707928906812,,-0.115225,-4.125E-4,-0.21285,,,,,,0.9113569,-2.2779307,0.81526494,0.3021787,0.010419266,0.86259305,0.40555534
,,5.249655,0.48316002,8.3144655,1707928907064,,0.2778875,-0.1027125,0.0545875,,,,,,1.0618302,-2.3142464,0.8064162,0.30042127,0.009829899,0.8631075,0.40582067
,,5.122885,0.62586,8.369006,1707928907315,,0.1287,-0.0078375,-0.036025,,,,,,1.088133,-2.286839,0.8282503,0.30007598,0.01,0.8631078,0.40607485
,,6.230615,-0.617205,7.0706315,1707929316987,,-0.1056,0.1018875,-0.0743875,,,,,,1.088133,-2.286839,0.8282503,0.30007598,0.01,0.8631078,0.40607485
52.595145,13.318846666666666,5.74159,-0.027435001,7.6777315,1707929317000,3.2,-0.19305,-0.1538625,-0.1574375,,,,,,1.088133,-2.286839,0.8282503,0.30007598,0.01,0.8631078,0.40607485
,,6.770986,-1.1801451,6.335001,1707929317237,,-0.3496625,0.0144375,-0.0317625,,,,,,1.088133,-2.286839,0.8282503,0.30007598,0.01,0.8631078,0.40607485
,,7.3350263,-1.7774452,5.672071,1707929317490,,-0.301675,0.047575,0.065175,,,,,,1.088133,-2.286839,0.8282503,0.30007598,0.01,0.8631078,0.40607485
,,7.812596,-2.493575,4.848064,1707929317741,,-0.3443,0.1274625,-0.186175,,,,,,1.088133,-2.286839,0.8282503,0.30007598,0.01,0.8631078,0.40607485
,,8.411731,-3.21614,4.00623,1707929317993,,0.0243375,0.2509375,-0.1500125,,,,,,1.088133,-2.286839,0.8282503,0.30007598,0.01,0.8631078,0.40607485
,,8.484391,-3.2405047,3.9070704,1707929318244,,0.338525,0.044275,-0.339625,,,,,,1.088133,-2.286839,0.8282503,0.30007598,0.01,0.8631078,0.40607485
,,8.552331,-3.3741,4.0031705,1707929318494,,-0.4987125,0.212575,-0.4791875,,,,,,1.088133,-2.286839,0.8282503,0.30007598,0.01,0.8631078,0.40607485
,,8.380735,-2.9155602,4.427335,1707929318745,,-0.604175,0.1232,-0.3289,,,,,,1.088133,-2.286839,0.8282503,0.30007598,0.01,0.8631078,0.40607485
,,8.326301,-2.6123252,4.6127295,1707929318995,,-0.6873625,-0.0760375,-0.220275,,,,,,1.088133,-2.286839,0.8282503,0.30007598,0.01,0.8631078,0.40607485
,,8.073606,-2.4041948,5.03023,1707929319247,,-0.923725,0.1786125,-0.1595,,,,,,1.088133,-2.286839,0.8282503,0.30007598,0.01,0.8631078,0.40607485
,,7.8857746,-2.5050604,5.363426,1707929319500,,-0.5317125,0.00275,-0.31295,,,,,,1.088133,-2.286839,0.8282503,0.30007598,0.01,0.8631078,0.40607485
52.59521500000001,13.318850000000001,7.7683105,-2.573695,5.6654954,1707929320000,3.5,-0.5765375,0.012375,-0.8061625,,,,,,1.088133,-2.286839,0.8282503,0.30007598,0.01,0.8631078,0.40607485
,,7.5350347,-2.5340953,5.755565,1707929320002,,-1.5235,0.330825,-0.912725,,,,,,1.088133,-2.286839,0.8282503,0.30007598,0.01,0.8631078,0.40607485
,,7.500635,-2.8409004,5.629236,1707929320252,,-1.045275,0.3042875,-0.8892125,,,,,,1.088133,-2.286839,0.8282503,0.30007598,0.01,0.8631078,0.40607485
,,7.5011005,-3.21793,5.678536,1707929320504,,-1.2571625,0.147675,-0.9180875,,,,,,1.088133,-2.286839,0.8282503,0.30007598,0.01,0.8631078,0.40607485
,,7.7078004,-3.2556245,5.5567007,1707929320755,,-0.63195,-0.0089375,-1.3101,,,,,,1.088133,-2.286839,0.8282503,0.30007598,0.01,0.8631078,0.40607485
,,7.7580304,-2.8048298,5.54437,1707929321006,,-0.285725,0.0911625,-1.7149,,,,,,1.088133,-2.286839,0.8282503,0.30007598,0.01,0.8631078,0.40607485
,,7.539605,-1.5195004,5.4411645,1707929321257,,-0.2143625,0.07095,-1.333475,,,,,,1.088133,-2.286839,0.8282503,0.30007598,0.01,0.8631078,0.40607485
,,7.4185104,0.033765092,5.3877006,1707929321509,,0.0286,-0.1420375,-0.44715,,,,,,1.088133,-2.286839,0.8282503,0.30007598,0.01,0.8631078,0.40607485
52.59500333333334,13.318995,7.096416,0.6529252,5.72339,1707932229869,3.5,-0.00165,-1.375E-4,8.25E-4,,,,,,1.088133,-2.286839,0.8282503,0.30007598,0.01,0.8631078,0.40607485
,,6.65439,1.51858,6.1777496,1707932231046,,-0.00165,-1.375E-4,8.25E-4,,,,,,1.088133,-2.286839,0.8282503,0.30007598,0.01,0.8631078,0.40607485
,,6.15506,2.2210703,6.6550097,1707932231297,,-0.00165,-1.375E-4,8.25E-4,,,,,,1.088133,-2.286839,0.8282503,0.30007598,0.01,0.8631078,0.40607485
,,5.7557697,2.6872668,7.1305346,1707932231547,,-0.00165,-1.375E-4,8.25E-4,,,,,,1.088133,-2.286839,0.8282503,0.30007598,0.01,0.8631078,0.40607485
,,5.4704404,2.2363253,7.654795,1707932231799,,-0.00165,-1.375E-4,8.25E-4,,,,,,1.088133,-2.286839,0.8282503,0.30007598,0.01,0.8631078,0.40607485
,,5.24205,1.48695,8.17395,1707932232051,,-0.00165,-1.375E-4,8.25E-4,,,,,,1.088133,-2.286839,0.8282503,0.30007598,0.01,0.8631078,0.40607485
,,5.24205,1.48695,8.17395,1707932232303,,-0.00165,-1.375E-4,8.25E-4,,,,,,1.088133,-2.286839,0.8282503,0.30007598,0.01,0.8631078,0.40607485
,,5.24205,1.48695,8.17395,1707932232555,,-0.00165,-1.375E-4,8.25E-4,,,,,,1.088133,-2.286839,0.8282503,0.30007598,0.01,0.8631078,0.40607485
,,5.24205,1.48695,8.17395,1707932232807,,-0.00165,-1.375E-4,8.25E-4,,,,,,1.088133,-2.286839,0.8282503,0.30007598,0.01,0.8631078,0.40607485
52.59500333333334,13.318995,5.24205,1.48695,8.17395,1707932232871,3.5,-0.00165,-1.375E-4,8.25E-4,,,,,,1.088133,-2.286839,0.8282503,0.30007598,0.01,0.8631078,0.40607485
,,5.24205,1.48695,8.17395,1707932233061,,-0.00165,-1.375E-4,8.25E-4,,,,,,1.088133,-2.286839,0.8282503,0.30007598,0.01,0.8631078,0.40607485
,,5.24205,1.48695,8.17395,1707932233314,,-0.00165,-1.375E-4,8.25E-4,,,,,,1.088133,-2.286839,0.8282503,0.30007598,0.01,0.8631078,0.40607485
,,5.24205,1.48695,8.17395,1707932233571,,-0.00165,-1.375E-4,8.25E-4,,,,,,1.088133,-2.286839,0.8282503,0.30007598,0.01,0.8631078,0.40607485
,,5.24205,1.48695,8.17395,1707932234093,,-0.00165,-1.375E-4,8.25E-4,,,,,,1.088133,-2.286839,0.8282503,0.30007598,0.01,0.8631078,0.40607485
,,5.24205,1.48695,8.17395,1707932234351,,-0.00165,-1.375E-4,8.25E-4,,,,,,1.088133,-2.286839,0.8282503,0.30007598,0.01,0.8631078,0.40607485
,,5.24205,1.48695,8.17395,1707932234607,,-0.00165,-1.375E-4,8.25E-4,,,,,,1.088133,-2.286839,0.8282503,0.30007598,0.01,0.8631078,0.40607485
,,5.24205,1.48695,8.17395,1707932234875,,-0.00165,-1.375E-4,8.25E-4,,,,,,1.088133,-2.286839,0.8282503,0.30007598,0.01,0.8631078,0.40607485
,,5.24205,1.48695,8.17395,1707932235133,,-0.00165,-1.375E-4,8.25E-4,,,,,,1.088133,-2.286839,0.8282503,0.30007598,0.01,0.8631078,0.40607485
,,5.24205,1.48695,8.17395,1707932235397,,-0.00165,-1.375E-4,8.25E-4,,,,,,1.088133,-2.286839,0.8282503,0.30007598,0.01,0.8631078,0.40607485
52.59500333333334,13.318995,5.24205,1.48695,8.17395,1707932487694,3.5,-0.00165,-1.375E-4,8.25E-4,,,,,,1.088133,-2.286839,0.8282503,0.30007598,0.01,0.8631078,0.40607485
,,5.24205,1.48695,8.17395,1707932724990,,-0.00165,-1.375E-4,8.25E-4,,,,,,1.088133,-2.286839,0.8282503,0.30007598,0.01,0.8631078,0.40607485
,,4.88921,2.2379553,7.556055,1707932725241,,0.1656875,-0.3515875,-0.0545875,,,,,,1.0286412,-2.1108603,0.74191123,0.33212858,-0.0010001664,0.7741902,0.44298875
,,4.2431355,3.5840304,6.3667,1707932725491,,0.1549625,-0.0639375,-0.4497625,,,,,,0.84994626,-1.7359997,0.52716845,0.388781,-0.0221026,0.6249792,0.5015357
,,3.4592307,4.976166,5.1343756,1707932725742,,-0.1742125,-0.181225,-0.1194875,,,,,,0.6147446,-1.3361094,0.35426697,0.4498325,-0.036631033,0.47768208,0.55739415
,,2.6478856,6.340941,3.9648497,1707932725994,,-0.0804375,-0.314325,0.0562375,,,,,,0.4161051,-0.9645542,0.21730317,0.5098912,-0.050703704,0.32588637,0.613988
,,1.858405,7.698886,2.8387897,1707932726284,,-0.027224999,-0.1056,-0.0418,,,,,,0.21702075,-0.59193474,0.07138524,0.56729615,-0.069243364,0.17023763,0.6720435
,,1.1022301,9.063331,1.7436001,1707932726535,,0.056925,0.189475,0.018975,,,,,,0.025685033,-0.20492904,-0.06993263,0.6239804,-0.08942588,0.012696096,0.7303127
,,0.75146,9.658571,1.2286702,1707932726800,,-0.0644875,0.8074,0.4173125,,,,,,-0.11679842,-0.00595427,-0.16416736,0.6481461,-0.097418934,-0.047742136,0.7527162
,,0.8525301,9.59337,1.4319001,1707932727098,,0.0548625,0.11715,0.1637625,,,,,,-0.08536694,-0.044368032,-0.0497861,0.6454247,-0.09273916,-0.036731437,0.75580674
,,1.0867302,9.516246,1.6284002,1707932727381,,0.1379125,0.040425,0.001925,,,,,,-0.03203776,-0.07142763,-0.010719598,0.63892514,-0.09498714,-0.02560314,0.7609407
,,1.36606,9.46811,1.7280351,1707932727648,,0.113437496,0.0947375,0.0039875,,,,,,-0.014463165,-0.06996503,-0.015629465,0.6344141,-0.097951666,-0.008922534,0.7644226
