i23#1#1
key,lat,lon,ts,bike,childCheckBox,trailerCheckBox,pLoc,incident,i1,i2,i3,i4,i5,i6,i7,i8,i9,scary,desc,i10
0,52.467553,13.377565,1680519409000,5,1,0,1,-5,0,0,0,0,0,0,0,0,0,0,,0

===================
i23#1
lat,lon,X,Y,Z,timeStamp,acc,a,b,c,obsDistanceLeft1,obsDistanceLeft2,obsDistanceRight1,obsDistanceRight2,obsClosePassEvent,XL,YL,ZL,RX,RY,RZ,RC
52.467553,13.377565,0.000000,0.000000,0.000000,1680519409000,4.607346,-0.012685,0.066786,0.193302,,,,,0,,,,,,
,,-0.170361,-5.761933,-7.971603,1680519409047,,,,,,,,,,0.022865,0.156250,-0.141646,0.002331,0.015928,-0.014439,-0.014439
,,-0.283940,-5.754818,-7.995044,1680519409149,,,,,,,,,,-0.038192,0.157872,-0.160969,-0.003893,0.016093,-0.016409,-0.016409
,,-0.244497,-5.758924,-7.994500,1680519409249,,,,,,,,,,0.043228,0.147933,-0.160435,0.004407,0.015080,-0.016354,-0.016354
,,-0.281420,-5.799295,-7.962906,1680519409349,,,,,,,,,,0.051909,0.102199,-0.128115,0.005291,0.010418,-0.013060,-0.013060
,,-0.539054,-5.864365,-7.896040,1680519409449,,,,,,,,,,-0.171473,0.030990,-0.070068,-0.017479,0.003159,-0.007142,-0.007142
,,-0.643252,-5.919341,-7.835271,1680519409549,,,,,,,,,,-0.244575,-0.020972,-0.007203,-0.024931,-0.002138,-0.000734,-0.000734
,,-0.497550,-5.936360,-7.827039,1680519409649,,,,,,,,,,-0.080855,-0.030662,-0.010841,-0.008242,-0.003126,-0.001105,-0.001105
,,-0.320643,-5.929664,-7.813956,1680519409746,,,,,,,,,,0.076213,-0.016906,-0.002619,0.007769,-0.001723,-0.000267,-0.000267
,,-0.405282,-5.916162,-7.825507,1680519409849,,,,,,,,,,-0.015404,0.003669,-0.022489,-0.001570,0.000374,-0.002292,-0.002292
,,-0.423210,-5.888375,-7.853613,1680519409949,,,,,,,,,,-0.047125,0.041582,-0.054468,-0.004804,0.004239,-0.005552,-0.005552
,,-0.203158,-5.857679,-7.876865,1680519410046,,,,,,,,,,0.154972,0.087143,-0.084372,0.015797,0.008883,-0.008601,-0.008601
,,-0.096479,-5.828539,-7.892932,1680519410148,,,,,,,,,,0.251989,0.125859,-0.107448,0.025687,0.012830,-0.010953,-0.010953
,,-0.285167,-5.811121,-7.913514,1680519410249,,,,,,,,,,0.074842,0.150333,-0.135053,0.007629,0.015324,-0.013767,-0.013767
,,-0.466081,-5.793088,-7.929980,1680519410349,,,,,,,,,,-0.101645,0.176470,-0.158318,-0.010361,0.017989,-0.016138,-0.016138
,,-0.404988,-5.777625,-7.943781,1680519410449,,,,,,,,,,-0.045917,0.203239,-0.171309,-0.004681,0.020718,-0.017463,-0.017463
,,-0.365789,-5.801715,-7.928777,1680519410549,,,,,,,,,,-0.008063,0.186894,-0.165276,-0.000822,0.019051,-0.016848,-0.016848
,,-0.439052,-5.838234,-7.880368,1680519410649,,,,,,,,,,-0.079731,0.155092,-0.124401,-0.008128,0.015810,-0.012681,-0.012681
,,-0.486169,-5.871874,-7.829608,1680519410749,,,,,,,,,,-0.131143,0.131938,-0.067986,-0.013368,0.013449,-0.006930,-0.006930
,,-0.415840,-5.938855,-7.811715,1680519410850,,,,,,,,,,-0.094147,0.063677,-0.047819,-0.009597,0.006491,-0.004874,-0.004874
,,-0.269405,-5.983587,-7.810249,1680519410949,,,,,,,,,,0.017990,0.018392,-0.042534,0.001834,0.001875,-0.004336,-0.004336
,,-0.234966,-6.020131,-7.775456,1680519411050,,,,,,,,,,0.014577,-0.015538,-0.008077,0.001486,-0.001584,-0.000823,-0.000823
,,-0.244038,-6.018285,-7.757503,1680519411149,,,,,,,,,,-0.046601,-0.009476,0.013514,-0.004750,-0.000966,0.001378,0.001378
,,-0.031001,-5.990228,-7.772836,1680519411249,,,,,,,,,,0.052424,0.027446,-0.014812,0.005344,0.002798,-0.001510,-0.001510
,,0.267010,-5.969207,-7.803088,1680519411349,,,,,,,,,,0.239344,0.046313,-0.050509,0.024398,0.004721,-0.005149,-0.005149
,,0.404189,-5.920922,-7.796931,1680519411449,,,,,,,,,,0.292426,0.096779,-0.052653,0.029809,0.009865,-0.005367,-0.005367
,,0.507430,-5.915344,-7.761141,1680519411549,,,,,,,,,,0.296710,0.114895,-0.015909,0.030246,0.011712,-0.001622,-0.001622
,,0.549682,-5.939683,-7.749310,1680519411649,,,,,,,,,,0.248503,0.088336,-0.018735,0.025332,0.009005,-0.001910,-0.001910
,,0.713706,-5.949258,-7.722271,1680519411749,,,,,,,,,,0.356525,0.074643,0.009428,0.036343,0.007609,0.000961,0.000961
,,0.485336,-6.037380,-7.761694,1680519411850,,,,,,,,,,0.153102,-0.009339,-0.010229,0.015607,-0.000952,-0.001043,-0.001043
,,0.155422,-6.145755,-7.728948,1680519411949,,,,,,,,,,-0.156698,-0.121026,0.014271,-0.015973,-0.012337,0.001455,0.001455
52.467556,13.377566,0.000000,0.000000,0.000000,1680519412000,4.607346,-0.044965,0.200695,0.298286,,,,,0,,,,,,
,,0.049652,-6.215031,-7.650885,1680519412046,,,,,,,,,,-0.256452,-0.199658,0.108917,-0.026142,-0.020353,0.011103,0.011103
,,-0.081585,-6.252618,-7.627509,1680519412149,,,,,,,,,,-0.327880,-0.260008,0.136243,-0.033423,-0.026504,0.013888,0.013888
,,-0.097532,-6.294201,-7.575741,1680519412249,,,,,,,,,,-0.287594,-0.308706,0.200461,-0.029316,-0.031469,0.020434,0.020434
,,-0.043664,-6.336314,-7.569050,1680519412349,,,,,,,,,,-0.191340,-0.355109,0.201919,-0.019505,-0.036199,0.020583,0.020583
,,0.169073,-6.316116,-7.518455,1680519412449,,,,,,,,,,0.052138,-0.362947,0.271944,0.005315,-0.036998,0.027721,0.027721
,,0.252375,-6.277825,-7.497843,1680519412549,,,,,,,,,,0.204155,-0.339619,0.306821,0.020811,-0.034620,0.031276,0.031276
,,0.037976,-6.251091,-7.515821,1680519412649,,,,,,,,,,0.153809,-0.324540,0.296570,0.015679,-0.033083,0.030231,0.030231
,,-0.236104,-6.217850,-7.519628,1680519412749,,,,,,,,,,0.049986,-0.322466,0.308607,0.005095,-0.032871,0.031458,0.031458
,,-0.588386,-6.149248,-7.552719,1680519412849,,,,,,,,,,-0.068313,-0.312571,0.307310,-0.006964,-0.031863,0.031326,0.031326
,,-1.071093,-6.097805,-7.568122,1680519412949,,,,,,,,,,-0.294271,-0.339448,0.327009,-0.029997,-0.034602,0.033334,0.033334
,,-1.494338,-6.060507,-7.558831,1680519413049,,,,,,,,,,-0.431909,-0.388626,0.361228,-0.044027,-0.039615,0.036822,0.036822
,,-1.821093,-6.037046,-7.561910,1680519413149,,,,,,,,,,-0.496786,-0.460605,0.396282,-0.050641,-0.046953,0.040396,0.040396
,,-1.888483,-6.030729,-7.557893,1680519413249,,,,,,,,,,-0.355871,-0.554259,0.439287,-0.036276,-0.056499,0.044780,0.044780
,,-1.770104,-6.056745,-7.519219,1680519413349,,,,,,,,,,-0.067298,-0.677644,0.504529,-0.006860,-0.069077,0.051430,0.051430
,,-1.757241,-6.045089,-7.510163,1680519413449,,,,,,,,,,0.066943,-0.772914,0.546836,0.006824,-0.078788,0.055743,0.055743
,,-1.862716,-5.967391,-7.542106,1680519413549,,,,,,,,,,0.105434,-0.832985,0.558715,0.010748,-0.084912,0.056954,0.056954
,,-2.067017,-5.846332,-7.615653,1680519413649,,,,,,,,,,0.054946,-0.863709,0.532182,0.005601,-0.088044,0.054249,0.054249
,,-2.169663,-5.659910,-7.712801,1680519413749,,,,,,,,,,0.122712,-0.840912,0.504721,0.012509,-0.085720,0.051450,0.051450
,,-2.344994,-5.414341,-7.844178,1680519413849,,,,,,,,,,0.044569,-0.758893,0.431647,0.004543,-0.077359,0.044001,0.044001
,,-2.651651,-5.164485,-8.014519,1680519413949,,,,,,,,,,-0.096752,-0.664456,0.302094,-0.009863,-0.067732,0.030795,0.030795
,,-2.751364,-4.914226,-8.184864,1680519414047,,,,,,,,,,-0.079842,-0.553961,0.186712,-0.008139,-0.056469,0.019033,0.019033
,,-2.754093,-4.772790,-8.241656,1680519414149,,,,,,,,,,-0.036592,-0.520442,0.159193,-0.003730,-0.053052,0.016228,0.016228
,,-2.677412,-4.679694,-8.307205,1680519414249,,,,,,,,,,0.112051,-0.503408,0.200418,0.011422,-0.051316,0.020430,0.020430
,,-2.607148,-4.581563,-8.382848,1680519414349,,,,,,,,,,0.168670,-0.428451,0.098814,0.017194,-0.043675,0.010073,0.010073
,,-2.588118,-4.566619,-8.453147,1680519414449,,,,,,,,,,0.211969,-0.451282,0.052464,0.021607,-0.046002,0.005348,0.005348
,,-2.591391,-4.608596,-8.512982,1680519414549,,,,,,,,,,0.214401,-0.507431,0.027467,0.021855,-0.051726,0.002800,0.002800
,,-2.562317,-4.613601,-8.420699,1680519414649,,,,,,,,,,0.233574,-0.483997,0.076185,0.023810,-0.049337,0.007766,0.007766
,,-2.514486,-4.564992,-8.348674,1680519414746,,,,,,,,,,0.280208,-0.368912,0.150569,0.028564,-0.037606,0.015348,0.015348
,,-2.445200,-4.613571,-8.389718,1680519414849,,,,,,,,,,0.269844,-0.371035,-0.018257,0.027507,-0.037822,-0.001861,-0.001861
,,-2.474694,-4.651826,-8.308877,1680519414949,,,,,,,,,,0.227553,-0.398373,0.064621,0.023196,-0.040609,0.006587,0.006587
,,-2.484633,-4.672853,-8.255702,1680519415049,,,,,,,,,,0.199491,-0.375657,0.103644,0.020335,-0.038293,0.010565,0.010565
,,-2.462529,-4.658557,-8.131945,1680519415149,,,,,,,,,,0.165290,-0.314425,0.182091,0.016849,-0.032052,0.018562,0.018562
,,-2.529365,-4.690247,-8.232166,1680519415249,,,,,,,,,,0.054346,-0.330809,0.119555,0.005540,-0.033722,0.012187,0.012187
,,-2.749572,-4.733422,-8.462497,1680519415349,,,,,,,,,,-0.212592,-0.326793,-0.152174,-0.021671,-0.033312,-0.015512,-0.015512
,,-2.965259,-4.664755,-8.375124,1680519415449,,,,,,,,,,-0.528342,-0.153209,-0.072572,-0.053857,-0.015618,-0.007398,-0.007398
,,-3.220493,-4.647331,-8.485774,1680519415549,,,,,,,,,,-0.972432,0.051481,-0.204571,-0.099127,0.005248,-0.020853,-0.020853
,,-2.981355,-4.670283,-8.173314,1680519415649,,,,,,,,,,-0.992680,0.252707,0.013568,-0.101191,0.025760,0.001383,0.001383
,,-2.624921,-4.904486,-8.361662,1680519415749,,,,,,,,,,-0.970060,0.269928,-0.254590,-0.098885,0.027516,-0.025952,-0.025952
,,-2.186718,-5.161472,-8.215246,1680519415846,,,,,,,,,,-0.891663,0.273918,-0.239584,-0.090893,0.027922,-0.024422,-0.024422
,,-1.538830,-5.347769,-7.969123,1680519415949,,,,,,,,,,-0.574475,0.290235,-0.055865,-0.058560,0.029586,-0.005695,-0.005695
52.467574,13.377581,0.000000,0.000000,0.000000,1680519416000,4.607346,0.059120,-0.407956,-0.159680,,,,,0,,,,,,
,,-0.905537,-5.582062,-7.884988,1680519416047,,,,,,,,,,-0.206769,0.244575,-0.038586,-0.021077,0.024931,-0.003933,-0.003933
,,-0.241378,-5.875711,-7.681032,1680519416149,,,,,,,,,,0.290712,0.079464,0.090400,0.029634,0.008100,0.009215,0.009215
,,-0.072878,-6.178587,-7.828975,1680519416246,,,,,,,,,,0.409799,-0.128323,-0.126980,0.041774,-0.013081,-0.012944,-0.012944
,,-0.102088,-6.204837,-7.483762,1680519416349,,,,,,,,,,0.514187,-0.115293,0.171036,0.052415,-0.011753,0.017435,0.017435
,,-0.494382,-6.267018,-7.382353,1680519416449,,,,,,,,,,0.412538,-0.159984,0.245468,0.042053,-0.016308,0.025022,0.025022
,,-1.094479,-6.343239,-7.349566,1680519416549,,,,,,,,,,0.108539,-0.212759,0.204586,0.011064,-0.021688,0.020855,0.020855
,,-1.767060,-6.308322,-7.380562,1680519416649,,,,,,,,,,-0.203760,-0.203848,0.096863,-0.020771,-0.020780,0.009874,0.009874
,,-2.480452,-6.231357,-7.360559,1680519416749,,,,,,,,,,-0.581072,-0.156917,0.047746,-0.059233,-0.015996,0.004867,0.004867
,,-3.045746,-6.112938,-7.392607,1680519416849,,,,,,,,,,-0.890114,-0.041244,-0.053618,-0.090735,-0.004204,-0.005466,-0.005466
,,-3.440994,-5.974481,-7.387832,1680519416949,,,,,,,,,,-1.169628,0.110457,-0.074653,-0.119228,0.011260,-0.007610,-0.007610
,,-3.266183,-5.946120,-7.425439,1680519417047,,,,,,,,,,-1.070957,0.200698,-0.176085,-0.109170,0.020459,-0.017950,-0.017950
,,-2.751418,-5.904402,-7.418533,1680519417149,,,,,,,,,,-0.722069,0.318639,-0.187835,-0.073605,0.032481,-0.019147,-0.019147
,,-2.216860,-6.027396,-7.306800,1680519417249,,,,,,,,,,-0.413291,0.302981,-0.090948,-0.042130,0.030885,-0.009271,-0.009271
,,-1.722523,-6.137617,-7.273789,1680519417350,,,,,,,,,,-0.122700,0.281629,-0.088903,-0.012508,0.028708,-0.009062,-0.009062
,,-1.319691,-6.254798,-7.201365,1680519417449,,,,,,,,,,0.118052,0.211799,-0.020204,0.012034,0.021590,-0.002060,-0.002060
,,-1.003359,-6.381285,-7.236761,1680519417549,,,,,,,,,,0.318261,0.101618,-0.060710,0.032442,0.010359,-0.006189,-0.006189
,,-1.130050,-6.383376,-7.196510,1680519417649,,,,,,,,,,0.224426,0.081293,-0.005850,0.022877,0.008287,-0.000596,-0.000596
,,-1.583602,-6.438351,-7.306366,1680519417749,,,,,,,,,,-0.127706,-0.030695,-0.029127,-0.013018,-0.003129,-0.002969,-0.002969
,,-1.985536,-6.370053,-7.371231,1680519417850,,,,,,,,,,-0.376726,-0.018697,-0.092871,-0.038402,-0.001906,-0.009467,-0.009467
,,-2.100043,-6.303612,-7.356557,1680519417949,,,,,,,,,,-0.453900,0.011491,-0.046301,-0.046269,0.001171,-0.004720,-0.004720
,,-1.989752,-6.231097,-7.448231,1680519418049,,,,,,,,,,-0.361665,0.072347,-0.047641,-0.036867,0.007375,-0.004856,-0.004856
,,-1.806349,-6.224272,-7.458400,1680519418149,,,,,,,,,,-0.391204,0.115323,-0.115235,-0.039878,0.011756,-0.011747,-0.011747
,,-1.655577,-6.224825,-7.481337,1680519418249,,,,,,,,,,-0.382887,0.143745,-0.136927,-0.039030,0.014653,-0.013958,-0.013958
,,-1.306089,-6.249988,-7.348529,1680519418349,,,,,,,,,,-0.173669,0.186992,-0.093802,-0.017703,0.019061,-0.009562,-0.009562
,,-0.870864,-6.312119,-7.319075,1680519418449,,,,,,,,,,-0.013723,0.180858,-0.064971,-0.001399,0.018436,-0.006623,-0.006623
,,-0.704300,-6.392098,-7.302774,1680519418549,,,,,,,,,,0.023707,0.143324,-0.069065,0.002417,0.014610,-0.007040,-0.007040
,,-0.776071,-6.451604,-7.224287,1680519418649,,,,,,,,,,-0.088527,0.099169,-0.015119,-0.009024,0.010109,-0.001541,-0.001541
,,-0.902329,-6.524397,-7.178083,1680519418749,,,,,,,,,,-0.087003,0.010743,0.069004,-0.008869,0.001095,0.007034,0.007034
,,-0.985830,-6.602480,-7.185268,1680519418849,,,,,,,,,,-0.148992,-0.068940,0.045861,-0.015188,-0.007028,0.004675,0.004675
,,-1.208662,-6.615887,-7.152566,1680519418948,,,,,,,,,,-0.317635,-0.114154,0.083458,-0.032379,-0.011637,0.008507,0.008507
,,-1.423645,-6.620183,-7.120947,1680519419049,,,,,,,,,,-0.425303,-0.134605,0.130568,-0.043354,-0.013721,0.013310,0.013310
,,-1.494198,-6.617524,-7.159103,1680519419149,,,,,,,,,,-0.458686,-0.147601,0.109534,-0.046757,-0.015046,0.011166,0.011166
,,-1.503928,-6.560926,-7.186670,1680519419249,,,,,,,,,,-0.497148,-0.095459,0.056118,-0.050678,-0.009731,0.005720,0.005720
,,-1.462449,-6.537495,-7.249525,1680519419349,,,,,,,,,,-0.501411,-0.062527,0.011575,-0.051112,-0.006374,0.001180,0.001180
,,-1.232692,-6.441126,-7.285270,1680519419449,,,,,,,,,,-0.345189,0.038545,0.009012,-0.035187,0.003929,0.000919,0.000919
,,-0.887963,-6.448361,-7.275770,1680519419549,,,,,,,,,,-0.103774,0.053578,0.025439,-0.010578,0.005462,0.002593,0.002593
,,-0.754122,-6.450796,-7.288069,1680519419649,,,,,,,,,,-0.036989,0.061262,0.012455,-0.003771,0.006245,0.001270,0.001270
,,-0.628603,-6.451105,-7.247938,1680519419746,,,,,,,,,,0.064544,0.063732,0.053043,0.006579,0.006497,0.005407,0.005407
,,-0.658276,-6.557738,-7.360364,1680519419849,,,,,,,,,,0.072920,-0.049507,-0.058190,0.007433,-0.005047,-0.005932,-0.005932
,,-0.861688,-6.504160,-7.232310,1680519419949,,,,,,,,,,-0.050888,-0.008937,0.071703,-0.005187,-0.000911,0.007309,0.007309
52.467583,13.377655,0.000000,0.000000,0.000000,1680519420000,4.607346,-0.032396,-0.003420,-0.024464,,,,,0,,,,,,
,,-1.096565,-6.561924,-7.201664,1680519420046,,,,,,,,,,-0.193669,-0.080526,0.103771,-0.019742,-0.008209,0.010578,0.010578
,,-1.242416,-6.553467,-7.274258,1680519420147,,,,,,,,,,-0.253126,-0.089314,0.036053,-0.025803,-0.009104,0.003675,0.003675
,,-1.317840,-6.540374,-7.288743,1680519420249,,,,,,,,,,-0.251837,-0.093043,0.026662,-0.025671,-0.009484,0.002718,0.002718
,,-1.419957,-6.493537,-7.376555,1680519420349,,,,,,,,,,-0.305060,-0.058879,-0.056380,-0.031097,-0.006002,-0.005747,-0.005747
,,-1.396212,-6.412899,-7.253137,1680519420449,,,,,,,,,,-0.265928,0.014383,0.071327,-0.027108,0.001466,0.007271,0.007271
,,-1.272150,-6.414291,-7.361831,1680519420549,,,,,,,,,,-0.140134,0.003870,-0.029654,-0.014285,0.000394,-0.003023,-0.003023
,,-1.153426,-6.340864,-7.359162,1680519420649,,,,,,,,,,-0.017800,0.064976,-0.016803,-0.001815,0.006623,-0.001713,-0.001713
,,-1.236015,-6.340884,-7.377069,1680519420749,,,,,,,,,,-0.095408,0.052984,-0.025081,-0.009726,0.005401,-0.002557,-0.002557
,,-1.251433,-6.303098,-7.416143,1680519420849,,,,,,,,,,-0.114265,0.081290,-0.055387,-0.011648,0.008286,-0.005646,-0.005646
,,-1.228860,-6.351148,-7.382772,1680519420949,,,,,,,,,,-0.095642,0.026295,-0.015378,-0.009749,0.002680,-0.001568,-0.001568
,,-1.260459,-6.290948,-7.421637,1680519421048,,,,,,,,,,-0.135617,0.080198,-0.047546,-0.013824,0.008175,-0.004847,-0.004847
,,-1.220193,-6.336832,-7.425414,1680519421149,,,,,,,,,,-0.105606,0.032869,-0.048529,-0.010765,0.003351,-0.004947,-0.004947
,,-1.245011,-6.362674,-7.479831,1680519421249,,,,,,,,,,-0.131216,0.005273,-0.101312,-0.013376,0.000537,-0.010327,-0.010327
,,-1.229468,-6.336937,-7.431217,1680519421349,,,,,,,,,,-0.110943,0.029736,-0.052362,-0.011309,0.003031,-0.005338,-0.005338
,,-1.193778,-6.359291,-7.402811,1680519421449,,,,,,,,,,-0.060594,0.003744,-0.023182,-0.006177,0.000382,-0.002363,-0.002363
,,-1.226934,-6.294655,-7.414826,1680519421549,,,,,,,,,,-0.062853,0.058021,-0.031226,-0.006407,0.005914,-0.003183,-0.003183
,,-1.289803,-6.370592,-7.436421,1680519421649,,,,,,,,,,-0.085310,-0.029489,-0.049299,-0.008696,-0.003006,-0.005025,-0.005025
,,-1.390923,-6.294600,-7.413129,1680519421749,,,,,,,,,,-0.149831,0.033929,-0.021096,-0.015273,0.003459,-0.002150,-0.002150
,,-1.412463,-6.273574,-7.326884,1680519421850,,,,,,,,,,-0.146389,0.044085,0.070296,-0.014922,0.004494,0.007166,0.007166
,,-1.426708,-6.270141,-7.359431,1680519421949,,,,,,,,,,-0.145313,0.034558,0.046213,-0.014813,0.003523,0.004711,0.004711
,,-1.486943,-6.222725,-7.372294,1680519422050,,,,,,,,,,-0.209749,0.069648,0.037897,-0.021381,0.007100,0.003863,0.003863
,,-1.507241,-6.232260,-7.381201,1680519422148,,,,,,,,,,-0.244814,0.046754,0.042701,-0.024956,0.004766,0.004353,0.004353
,,-1.460498,-6.154586,-7.346767,1680519422250,,,,,,,,,,-0.231082,0.106573,0.093746,-0.023556,0.010864,0.009556,0.009556
,,-1.431947,-6.140037,-7.486956,1680519422349,,,,,,,,,,-0.240908,0.097852,-0.020980,-0.024557,0.009975,-0.002139,-0.002139
,,-1.427916,-6.105484,-7.594522,1680519422449,,,,,,,,,,-0.288498,0.108334,-0.100681,-0.029409,0.011043,-0.010263,-0.010263
,,-1.378533,-6.043308,-7.611941,1680519422549,,,,,,,,,,-0.309745,0.153617,-0.090672,-0.031574,0.015659,-0.009243,-0.009243
,,-1.233011,-6.022277,-7.651519,1680519422649,,,,,,,,,,-0.239763,0.151950,-0.095198,-0.024441,0.015489,-0.009704,-0.009704
,,-1.094404,-5.989016,-7.674456,1680519422749,,,,,,,,,,-0.184635,0.163149,-0.089826,-0.018821,0.016631,-0.009157,-0.009157
,,-0.998813,-6.018489,-7.729766,1680519422849,,,,,,,,,,-0.159441,0.113858,-0.109352,-0.016253,0.011606,-0.011147,-0.011147
,,-0.898327,-6.026488,-7.661563,1680519422949,,,,,,,,,,-0.122191,0.082151,-0.021756,-0.012456,0.008374,-0.002218,-0.002218
,,-0.773886,-6.029347,-7.645691,1680519423049,,,,,,,,,,-0.044648,0.054866,0.016106,-0.004551,0.005593,0.001642,0.001642
,,-0.755274,-6.044056,-7.680638,1680519423149,,,,,,,,,,-0.061108,0.003995,0.000118,-0.006229,0.000407,0.000012,0.000012
,,-0.826072,-6.033369,-7.664926,1680519423250,,,,,,,,,,-0.135815,-0.019529,0.038705,-0.013845,-0.001991,0.003945,0.003945
,,-0.855950,-6.064733,-7.673857,1680519423349,,,,,,,,,,-0.171601,-0.070507,0.055875,-0.017492,-0.007187,0.005696,0.005696
,,-0.854493,-6.049869,-7.691805,1680519423445,,,,,,,,,,-0.163613,-0.086183,0.068721,-0.016678,-0.008785,0.007005,0.007005
,,-0.823517,-6.055383,-7.675105,1680519423549,,,,,,,,,,-0.123257,-0.116587,0.092842,-0.012564,-0.011885,0.009464,0.009464
,,-0.751702,-6.081693,-7.648200,1680519423649,,,,,,,,,,-0.047486,-0.151154,0.130956,-0.004841,-0.015408,0.013349,0.013349
,,-0.734168,-6.097360,-7.597486,1680519423749,,,,,,,,,,0.034015,-0.189121,0.198267,0.003467,-0.019278,0.020211,0.020211
,,-0.816457,-6.123366,-7.773375,1680519423849,,,,,,,,,,-0.047309,-0.224815,0.047222,-0.004823,-0.022917,0.004814,0.004814
,,-0.952115,-6.045079,-7.723948,1680519423949,,,,,,,,,,-0.110121,-0.169493,0.086281,-0.011225,-0.017278,0.008795,0.008795
52.467580,13.377737,0.000000,0.000000,0.000000,1680519424000,4.607346,-0.023507,-0.204459,-0.508081,,,,,0,,,,,,
,,-1.062670,-5.999484,-7.659447,1680519424049,,,,,,,,,,-0.189276,-0.109552,0.144273,-0.019294,-0.011167,0.014707,0.014707
,,-1.148112,-5.992583,-7.709338,1680519424149,,,,,,,,,,-0.254869,-0.086481,0.106135,-0.025981,-0.008816,0.010819,0.010819
,,-1.198143,-5.988901,-7.718854,1680519424249,,,,,,,,,,-0.329166,-0.080123,0.078540,-0.033554,-0.008168,0.008006,0.008006
,,-1.041784,-5.984715,-7.728583,1680519424349,,,,,,,,,,-0.226412,-0.053706,0.059798,-0.023080,-0.005475,0.006096,0.006096
,,-0.827300,-5.988163,-7.569180,1680519424446,,,,,,,,,,-0.002445,-0.047548,0.203267,-0.000249,-0.004847,0.020720,0.020720
,,-0.811717,-6.039451,-7.606956,1680519424549,,,,,,,,,,-0.024998,-0.099512,0.165486,-0.002548,-0.010144,0.016869,0.016869
,,-0.916055,-6.081254,-7.660111,1680519424649,,,,,,,,,,-0.078124,-0.162220,0.109316,-0.007964,-0.016536,0.011143,0.011143
,,-1.063144,-6.082696,-7.673373,1680519424746,,,,,,,,,,-0.189254,-0.166377,0.102403,-0.019292,-0.016960,0.010439,0.010439
,,-1.239403,-6.045513,-7.698187,1680519424849,,,,,,,,,,-0.303848,-0.156479,0.092658,-0.030973,-0.015951,0.009445,0.009445
,,-1.432047,-6.014932,-7.710860,1680519424949,,,,,,,,,,-0.485821,-0.135720,0.104608,-0.049523,-0.013835,0.010663,0.010663
,,-1.460927,-6.025300,-7.682275,1680519425049,,,,,,,,,,-0.518626,-0.122548,0.127511,-0.052867,-0.012492,0.012998,0.012998
,,-1.271700,-5.982988,-7.803777,1680519425148,,,,,,,,,,-0.375377,-0.092546,0.046789,-0.038265,-0.009434,0.004770,0.004770
,,-1.028207,-5.954039,-7.791937,1680519425249,,,,,,,,,,-0.226439,-0.068198,0.074653,-0.023083,-0.006952,0.007610,0.007610
,,-0.876682,-5.925682,-7.741087,1680519425349,,,,,,,,,,-0.146724,-0.052431,0.131419,-0.014957,-0.005345,0.013396,0.013396
,,-0.758707,-5.935362,-7.762947,1680519425448,,,,,,,,,,-0.076594,-0.042282,0.086317,-0.007808,-0.004310,0.008799,0.008799
,,-0.680929,-5.969057,-7.801816,1680519425549,,,,,,,,,,-0.018346,-0.061649,0.048312,-0.001870,-0.006284,0.004925,0.004925
,,-0.805066,-5.961723,-7.817523,1680519425649,,,,,,,,,,-0.162324,-0.085440,0.049213,-0.016547,-0.008709,0.005017,0.005017
,,-0.927382,-6.013999,-7.709942,1680519425749,,,,,,,,,,-0.244195,-0.116971,0.122100,-0.024893,-0.011924,0.012446,0.012446
,,-0.970237,-6.039890,-7.725944,1680519425849,,,,,,,,,,-0.295638,-0.127595,0.100802,-0.030136,-0.013007,0.010275,0.010275
,,-0.922262,-6.063197,-7.766529,1680519425949,,,,,,,,,,-0.254688,-0.134917,0.056142,-0.025962,-0.013753,0.005723,0.005723
,,-0.869647,-6.073405,-7.729751,1680519426049,,,,,,,,,,-0.215349,-0.135265,0.088111,-0.021952,-0.013788,0.008982,0.008982
,,-0.787652,-6.042654,-7.665764,1680519426149,,,,,,,,,,-0.143658,-0.121046,0.124066,-0.014644,-0.012339,0.012647,0.012647
,,-0.660811,-6.058841,-7.717077,1680519426249,,,,,,,,,,-0.025141,-0.125713,0.102489,-0.002563,-0.012815,0.010447,0.010447
,,-0.571871,-6.036028,-7.705851,1680519426349,,,,,,,,,,0.043173,-0.104969,0.134217,0.004401,-0.010700,0.013682,0.013682
,,-0.550236,-6.067004,-7.674915,1680519426448,,,,,,,,,,0.091174,-0.133482,0.156068,0.009294,-0.013607,0.015909,0.015909
,,-0.625479,-6.067368,-7.654532,1680519426549,,,,,,,,,,0.068789,-0.166088,0.159344,0.007012,-0.016931,0.016243,0.016243
,,-0.777388,-6.022381,-7.702143,1680519426649,,,,,,,,,,-0.030348,-0.158377,0.197152,-0.003094,-0.016144,0.020097,0.020097
,,-0.974044,-6.047978,-7.804436,1680519426749,,,,,,,,,,-0.148705,-0.175916,0.149220,-0.015158,-0.017932,0.015211,0.015211
,,-1.091660,-6.019338,-7.783095,1680519426849,,,,,,,,,,-0.220547,-0.155054,0.158022,-0.022482,-0.015806,0.016108,0.016108
,,-1.147833,-6.020765,-7.797370,1680519426949,,,,,,,,,,-0.257831,-0.138490,0.087251,-0.026283,-0.014117,0.008894,0.008894
,,-1.150283,-5.968449,-7.822229,1680519427047,,,,,,,,,,-0.245349,-0.111642,0.045676,-0.025010,-0.011380,0.004656,0.004656
,,-1.034803,-5.969955,-7.797510,1680519427149,,,,,,,,,,-0.165719,-0.087449,0.064443,-0.016893,-0.008914,0.006569,0.006569
,,-0.898008,-6.043602,-7.727815,1680519427247,,,,,,,,,,-0.074647,-0.119787,0.010056,-0.007609,-0.012211,0.001025,0.001025
,,-0.788296,-6.009334,-7.656448,1680519427349,,,,,,,,,,-0.000354,-0.091868,0.038535,-0.000036,-0.009365,0.003928,0.003928
,,-0.753094,-6.047514,-7.618452,1680519427449,,,,,,,,,,0.034451,-0.086920,-0.006816,0.003512,-0.008860,-0.000695,-0.000695
,,-0.855137,-6.068181,-7.600425,1680519427549,,,,,,,,,,-0.028124,-0.107638,0.013276,-0.002867,-0.010972,0.001353,0.001353
,,-1.002575,-6.089158,-7.550124,1680519427649,,,,,,,,,,-0.142163,-0.116253,0.052612,-0.014492,-0.011850,0.005363,0.005363
,,-1.179637,-6.057453,-7.548049,1680519427749,,,,,,,,,,-0.266069,-0.089937,0.077114,-0.027122,-0.009168,0.007861,0.007861
,,-1.311273,-6.019547,-7.651509,1680519427849,,,,,,,,,,-0.360955,-0.074516,0.009581,-0.036795,-0.007596,0.000977,0.000977
,,-1.351854,-6.037330,-7.699858,1680519427949,,,,,,,,,,-0.404118,-0.095252,-0.034248,-0.041194,-0.009710,-0.003491,-0.003491
52.467578,13.377865,0.000000,0.000000,0.000000,1680519428000,4.747515,-0.008937,-0.118202,-0.315565,,,,,0,,,,,,
,,-1.315315,-5.985957,-7.654897,1680519428045,,,,,,,,,,-0.386287,-0.078354,0.057182,-0.039377,-0.007987,0.005829,0.005829
,,-1.149829,-5.979875,-7.705651,1680519428149,,,,,,,,,,-0.262652,-0.094398,0.041317,-0.026774,-0.009623,0.004212,0.004212
,,-0.962374,-5.957441,-7.747873,1680519428249,,,,,,,,,,-0.132520,-0.053863,0.010452,-0.013509,-0.005491,0.001065,0.001065
,,-0.805944,-5.995313,-7.795674,1680519428349,,,,,,,,,,-0.022490,-0.083292,-0.049296,-0.002293,-0.008491,-0.005025,-0.005025
,,-0.698143,-5.973628,-7.681601,1680519428449,,,,,,,,,,0.077867,-0.049305,0.095543,0.007937,-0.005026,0.009739,0.009739
,,-0.673270,-6.007637,-7.723080,1680519428549,,,,,,,,,,0.114500,-0.074966,0.042270,0.011672,-0.007642,0.004309,0.004309
,,-0.750080,-5.977031,-7.720326,1680519428649,,,,,,,,,,0.078265,-0.051119,0.045596,0.007978,-0.005211,0.004648,0.004648
,,-0.916399,-5.988736,-7.757119,1680519428749,,,,,,,,,,-0.051928,-0.055977,0.006593,-0.005293,-0.005706,0.000672,0.000672
,,-1.083721,-5.975499,-7.738019,1680519428849,,,,,,,,,,-0.172891,-0.054554,0.029750,-0.017624,-0.005561,0.003033,0.003033
,,-1.176074,-5.952986,-7.729357,1680519428949,,,,,,,,,,-0.238483,-0.041037,0.042411,-0.024310,-0.004183,0.004323,0.004323
,,-1.189591,-5.981327,-7.752873,1680519429048,,,,,,,,,,-0.248733,-0.073886,0.021991,-0.025355,-0.007532,0.002242,0.002242
,,-1.145872,-5.936849,-7.676711,1680519429149,,,,,,,,,,-0.227028,-0.028073,0.099553,-0.023143,-0.002862,0.010148,0.010148
,,-1.037947,-5.964617,-7.745473,1680519429249,,,,,,,,,,-0.155212,-0.052314,0.032259,-0.015822,-0.005333,0.003288,0.003288
,,-0.940898,-5.910529,-7.700567,1680519429349,,,,,,,,,,-0.096496,0.006470,0.078029,-0.009836,0.000660,0.007954,0.007954
,,-0.920261,-5.969352,-7.751576,1680519429449,,,,,,,,,,-0.114405,-0.046491,0.026803,-0.011662,-0.004739,0.002732,0.002732
,,-0.863095,-5.902980,-7.794002,1680519429549,,,,,,,,,,-0.091052,0.026537,-0.017170,-0.009282,0.002705,-0.001750,-0.001750
,,-0.821053,-5.924280,-7.817853,1680519429649,,,,,,,,,,-0.061402,0.008759,-0.042440,-0.006259,0.000893,-0.004326,-0.004326
,,-0.945788,-5.923158,-7.832437,1680519429746,,,,,,,,,,-0.189028,0.009904,-0.056759,-0.019269,0.001010,-0.005786,-0.005786
,,-1.041130,-5.951249,-7.806656,1680519429850,,,,,,,,,,-0.308293,-0.012085,-0.033469,-0.031426,-0.001232,-0.003412,-0.003412
,,-1.088566,-5.955805,-7.772143,1680519429949,,,,,,,,,,-0.398148,-0.007960,-0.002029,-0.040586,-0.000811,-0.000207,-0.000207
,,-0.923949,-5.908932,-7.782366,1680519430049,,,,,,,,,,-0.281910,0.047161,-0.014870,-0.028737,0.004807,-0.001516,-0.001516
,,-0.814521,-5.969836,-7.778240,1680519430149,,,,,,,,,,-0.221411,-0.005299,-0.013699,-0.022570,-0.000540,-0.001396,-0.001396
,,-0.788430,-5.926690,-7.859107,1680519430249,,,,,,,,,,-0.248605,0.047277,-0.097717,-0.025342,0.004819,-0.009961,-0.009961
,,-0.693867,-5.946933,-7.804915,1680519430349,,,,,,,,,,-0.195540,0.039422,-0.049615,-0.019933,0.004019,-0.005058,-0.005058
,,-0.579999,-5.915030,-7.822643,1680519430449,,,,,,,,,,-0.093336,0.076751,-0.070606,-0.009514,0.007824,-0.007197,-0.007197
,,-0.480636,-5.950865,-7.891465,1680519430548,,,,,,,,,,0.025589,0.043254,-0.142724,0.002608,0.004409,-0.014549,-0.014549
,,-0.567315,-5.950451,-7.851438,1680519430649,,,,,,,,,,-0.007531,0.042268,-0.105847,-0.000768,0.004309,-0.010790,-0.010790
,,-0.725701,-5.975339,-7.779597,1680519430749,,,,,,,,,,-0.092195,0.012176,-0.036031,-0.009398,0.001241,-0.003673,-0.003673
,,-0.877405,-5.981132,-7.668583,1680519430849,,,,,,,,,,-0.175763,0.004251,0.069482,-0.017917,0.000433,0.007083,0.007083
,,-0.912592,-6.005202,-7.689869,1680519430949,,,,,,,,,,-0.150238,-0.012961,0.040787,-0.015315,-0.001321,0.004158,0.004158
,,-0.949261,-6.040025,-7.691141,1680519431046,,,,,,,,,,-0.132696,-0.054615,0.033660,-0.013527,-0.005567,0.003431,0.003431
,,-0.933075,-6.046127,-7.611881,1680519431149,,,,,,,,,,-0.071657,-0.056288,0.119319,-0.007304,-0.005738,0.012163,0.012163
,,-0.879466,-6.058885,-7.663319,1680519431249,,,,,,,,,,0.025536,-0.074496,0.077567,0.002603,-0.007594,0.007907,0.007907
,,-0.841345,-6.061176,-7.714034,1680519431349,,,,,,,,,,0.092186,-0.088617,0.039267,0.009397,-0.009033,0.004003,0.004003
,,-0.791689,-6.084827,-7.782511,1680519431449,,,,,,,,,,0.211125,-0.119416,-0.024664,0.021521,-0.012173,-0.002514,-0.002514
,,-0.794518,-6.016244,-7.813986,1680519431549,,,,,,,,,,0.291392,-0.075813,-0.030623,0.029704,-0.007728,-0.003122,-0.003122
,,-0.984533,-5.973573,-7.814450,1680519431649,,,,,,,,,,0.200146,-0.062448,-0.020032,0.020402,-0.006366,-0.002042,-0.002042
,,-1.257954,-5.918742,-7.870149,1680519431749,,,,,,,,,,0.017992,-0.047196,-0.085581,0.001834,-0.004811,-0.008724,-0.008724
,,-1.517410,-5.884733,-7.803168,1680519431849,,,,,,,,,,-0.160045,-0.040937,-0.041745,-0.016314,-0.004173,-0.004255,-0.004255
,,-1.705419,-5.821888,-7.759993,1680519431949,,,,,,,,,,-0.283263,0.011485,-0.005826,-0.028875,0.001171,-0.000594,-0.000594
52.467574,13.377921,0.000000,0.000000,0.000000,1680519432000,14.247622,0.015426,-0.085796,-0.338885,,,,,0,,,,,,
,,-1.812800,-5.791786,-7.746621,1680519432048,,,,,,,,,,-0.397512,0.019213,0.017359,-0.040521,0.001959,0.001770,0.001770
,,-1.804398,-5.858881,-7.783828,1680519432149,,,,,,,,,,-0.440840,-0.055639,-0.021408,-0.044938,-0.005672,-0.002182,-0.002182
,,-1.598800,-5.831952,-7.764344,1680519432249,,,,,,,,,,-0.308920,-0.007885,0.027760,-0.031490,-0.000804,0.002830,0.002830
,,-1.319696,-5.840345,-7.732031,1680519432349,,,,,,,,,,-0.104849,-0.009702,0.059843,-0.010688,-0.000989,0.006100,0.006100
,,-1.107971,-5.849800,-7.831804,1680519432449,,,,,,,,,,0.046160,-0.018987,-0.028497,0.004705,-0.001935,-0.002905,-0.002905
,,-1.075039,-5.849631,-7.805089,1680519432549,,,,,,,,,,0.053090,-0.036378,-0.024984,0.005412,-0.003708,-0.002547,-0.002547
,,-1.139765,-5.837710,-7.800279,1680519432649,,,,,,,,,,-0.019818,-0.010214,-0.070816,-0.002020,-0.001041,-0.007219,-0.007219
,,-1.329875,-5.795229,-7.747220,1680519432747,,,,,,,,,,-0.168325,0.063145,-0.046877,-0.017159,0.006437,-0.004778,-0.004778
,,-1.559951,-5.849830,-7.734506,1680519432849,,,,,,,,,,-0.384906,0.016416,-0.051104,-0.039236,0.001673,-0.005209,-0.005209
,,-1.687296,-5.899801,-7.739755,1680519432949,,,,,,,,,,-0.529352,-0.001781,-0.021136,-0.053960,-0.000182,-0.002154,-0.002154
,,-1.691937,-5.932693,-7.647746,1680519433049,,,,,,,,,,-0.596960,-0.005554,0.080205,-0.060852,-0.000566,0.008176,0.008176
,,-1.496608,-6.005726,-7.652786,1680519433149,,,,,,,,,,-0.502105,-0.012664,0.073630,-0.051183,-0.001291,0.007506,0.007506
,,-1.246448,-6.056001,-7.688172,1680519433249,,,,,,,,,,-0.334743,-0.054744,0.097341,-0.034123,-0.005580,0.009923,0.009923
,,-0.962748,-6.062623,-7.648001,1680519433349,,,,,,,,,,-0.169918,-0.075502,0.144798,-0.017321,-0.007696,0.014760,0.014760
,,-0.722273,-6.030654,-7.703815,1680519433449,,,,,,,,,,-0.010797,-0.073200,0.127060,-0.001101,-0.007462,0.012952,0.012952
,,-0.699525,-5.999574,-7.759734,1680519433549,,,,,,,,,,-0.014567,-0.074586,0.087711,-0.001485,-0.007603,0.008941,0.008941
,,-0.894899,-6.025196,-7.752703,1680519433645,,,,,,,,,,-0.217604,-0.087163,0.060736,-0.022182,-0.008885,0.006191,0.006191
,,-1.005489,-5.999933,-7.803368,1680519433749,,,,,,,,,,-0.339379,-0.097942,0.038239,-0.034595,-0.009984,0.003898,0.003898
,,-1.008228,-5.943825,-7.687848,1680519433849,,,,,,,,,,-0.373081,-0.050909,0.120869,-0.038031,-0.005190,0.012321,0.012321
,,-0.921648,-5.975629,-7.720420,1680519433949,,,,,,,,,,-0.312471,-0.079377,0.098764,-0.031852,-0.008091,0.010068,0.010068
,,-0.864512,-6.014034,-7.749385,1680519434047,,,,,,,,,,-0.278035,-0.072843,-0.022960,-0.028342,-0.007425,-0.002341,-0.002341
,,-0.563768,-6.026343,-7.708785,1680519434149,,,,,,,,,,0.004394,-0.077320,0.023826,0.000448,-0.007882,0.002429,0.002429
,,-0.174926,-5.953250,-7.735459,1680519434245,,,,,,,,,,0.384889,-0.018108,0.053376,0.039234,-0.001846,0.005441,0.005441
,,-0.144519,-5.954123,-7.776199,1680519434349,,,,,,,,,,0.499037,-0.029992,0.019697,0.050870,-0.003057,0.002008,0.002008
,,-0.290261,-5.952172,-7.881316,1680519434449,,,,,,,,,,0.511185,-0.040497,-0.090312,0.052109,-0.004128,-0.009206,-0.009206
,,-0.544118,-5.876764,-7.892393,1680519434549,,,,,,,,,,0.398505,0.008526,-0.155408,0.040622,0.000869,-0.015842,-0.015842
,,-0.842807,-5.838374,-7.860125,1680519434648,,,,,,,,,,0.240047,-0.018908,-0.051994,0.024470,-0.001927,-0.005300,-0.005300
,,-1.249317,-5.797998,-7.857346,1680519434745,,,,,,,,,,-0.041845,0.008738,-0.080546,-0.004266,0.000891,-0.008211,-0.008211
,,-1.501612,-5.833654,-7.828032,1680519434849,,,,,,,,,,-0.193956,-0.037097,-0.135391,-0.019771,-0.003782,-0.013801,-0.013801
,,-1.491798,-5.814319,-7.749420,1680519434949,,,,,,,,,,-0.161012,-0.041419,-0.054542,-0.016413,-0.004222,-0.005560,-0.005560
,,-1.435704,-5.825416,-7.720475,1680519435049,,,,,,,,,,-0.141646,-0.040126,0.051138,-0.014439,-0.004090,0.005213,0.005213
,,-1.409459,-5.869010,-7.790225,1680519435149,,,,,,,,,,-0.116844,-0.083599,0.043212,-0.011911,-0.008522,0.004405,0.004405
,,-1.255599,-5.865692,-7.770626,1680519435249,,,,,,,,,,0.027053,-0.042452,0.024802,0.002758,-0.004327,0.002528,0.002528
,,-1.238824,-5.910265,-7.759459,1680519435349,,,,,,,,,,0.024498,-0.065199,-0.017930,0.002497,-0.006646,-0.001828,-0.001828
,,-1.266471,-5.851751,-7.779971,1680519435449,,,,,,,,,,-0.007349,-0.026093,0.025549,-0.000749,-0.002660,0.002604,0.002604
,,-1.296629,-5.839806,-7.757648,1680519435549,,,,,,,,,,-0.045809,0.037357,-0.003634,-0.004670,0.003808,-0.000370,-0.000370
,,-1.341166,-5.854221,-7.742125,1680519435649,,,,,,,,,,-0.069399,0.043539,-0.086754,-0.007074,0.004438,-0.008843,-0.008843
,,-1.220452,-5.835460,-7.726123,1680519435749,,,,,,,,,,0.023094,0.063168,-0.054076,0.002354,0.006439,-0.005512,-0.005512
,,-1.244337,-5.851252,-7.746711,1680519435849,,,,,,,,,,0.010330,0.019493,-0.007896,0.001053,0.001987,-0.000805,-0.000805
,,-1.261212,-5.783363,-7.795838,1680519435949,,,,,,,,,,0.046009,0.043203,0.015099,0.004690,0.004404,0.001539,0.001539
52.467579,13.378031,0.000000,0.000000,0.000000,1680519436000,14.251087,-0.049627,0.149465,0.097045,,,,,0,,,,,,
,,-1.392514,-5.791347,-7.717491,1680519436050,,,,,,,,,,-0.044853,0.041939,0.109525,-0.004572,0.004275,0.011165,0.011165
,,-1.503563,-5.787405,-7.916857,1680519436149,,,,,,,,,,-0.123338,0.003552,-0.010781,-0.012573,0.000362,-0.001099,-0.001099
,,-1.584809,-5.747438,-7.887682,1680519436250,,,,,,,,,,-0.195395,0.009873,0.066436,-0.019918,0.001006,0.006772,0.006772
,,-1.762670,-5.742319,-7.926661,1680519436349,,,,,,,,,,-0.367516,-0.005107,0.059931,-0.037463,-0.000521,0.006109,0.006109
,,-1.730626,-5.696509,-7.859321,1680519436449,,,,,,,,,,-0.403184,0.028020,0.024523,-0.041099,0.002856,0.002500,0.002500
,,-1.695913,-5.703569,-7.772452,1680519436549,,,,,,,,,,-0.487570,0.033816,0.140972,-0.049701,0.003447,0.014370,0.014370
,,-1.399280,-5.718987,-7.916602,1680519436649,,,,,,,,,,-0.308932,0.019097,0.048125,-0.031492,0.001947,0.004906,0.004906
,,-1.006178,-5.725264,-7.878871,1680519436749,,,,,,,,,,0.022465,0.024682,0.042523,0.002290,0.002516,0.004335,0.004335
,,-0.792437,-5.707197,-7.874355,1680519436849,,,,,,,,,,0.046092,0.018325,0.087176,0.004699,0.001868,0.008886,0.008886
,,-0.754920,-5.710500,-7.810827,1680519436949,,,,,,,,,,0.046203,0.050345,0.152670,0.004710,0.005132,0.015563,0.015563
,,-0.802032,-5.794790,-7.881565,1680519437045,,,,,,,,,,0.005648,-0.036419,0.145151,0.000576,-0.003712,0.014796,0.014796
,,-0.852866,-5.763305,-8.029203,1680519437149,,,,,,,,,,-0.076295,-0.016957,-0.051265,-0.007777,-0.001729,-0.005226,-0.005226
,,-0.918949,-5.770665,-7.959388,1680519437249,,,,,,,,,,-0.191278,-0.036807,-0.025138,-0.019498,-0.003752,-0.002563,-0.002563
,,-1.131427,-5.716078,-7.869271,1680519437349,,,,,,,,,,-0.512998,0.007486,0.094622,-0.052293,0.000763,0.009645,0.009645
,,-1.123274,-5.746555,-8.027207,1680519437449,,,,,,,,,,-0.513386,-0.004137,-0.079801,-0.052333,-0.000422,-0.008135,-0.008135
,,-0.875430,-5.714956,-8.010293,1680519437549,,,,,,,,,,-0.404520,0.010267,-0.099190,-0.041236,0.001047,-0.010111,-0.010111
,,-0.630539,-5.626420,-7.981747,1680519437649,,,,,,,,,,-0.302148,0.129929,-0.066784,-0.030800,0.013245,-0.006808,-0.006808
,,-0.304197,-5.606651,-7.739291,1680519437749,,,,,,,,,,-0.042120,0.169060,0.184516,-0.004294,0.017233,0.018809,0.018809
,,-0.322779,-5.578290,-7.957228,1680519437849,,,,,,,,,,-0.063672,0.190180,-0.028028,-0.006491,0.019386,-0.002857,-0.002857
,,-0.512839,-5.654741,-8.208086,1680519437949,,,,,,,,,,-0.217293,0.105787,-0.275271,-0.022150,0.010784,-0.028060,-0.028060
,,-0.635878,-5.695850,-8.360639,1680519438049,,,,,,,,,,-0.281748,0.070753,-0.435090,-0.028720,0.007212,-0.044352,-0.044352
,,-0.736793,-5.628855,-8.056721,1680519438149,,,,,,,,,,-0.309183,0.151871,-0.144625,-0.031517,0.015481,-0.014743,-0.014743
,,-0.952859,-5.647102,-8.108668,1680519438249,,,,,,,,,,-0.470877,0.150283,-0.211018,-0.048000,0.015319,-0.021510,-0.021510
,,-1.140458,-5.720714,-8.301622,1680519438349,,,,,,,,,,-0.655402,0.106526,-0.426359,-0.066810,0.010859,-0.043462,-0.043462
,,-1.072555,-5.765007,-8.127319,1680519438449,,,,,,,,,,-0.633042,0.110841,-0.286083,-0.064530,0.011299,-0.029162,-0.029162
,,-0.786499,-5.677035,-7.880083,1680519438549,,,,,,,,,,-0.408656,0.247150,-0.071810,-0.041657,0.025194,-0.007320,-0.007320
,,-0.693433,-5.664620,-7.559724,1680519438649,,,,,,,,,,-0.376713,0.298097,0.222239,-0.038401,0.030387,0.022654,0.022654
,,-0.787008,-5.859799,-7.847696,1680519438749,,,,,,,,,,-0.541923,0.136931,-0.089054,-0.055242,0.013958,-0.009078,-0.009078
,,-0.723416,-5.903998,-7.868921,1680519438849,,,,,,,,,,-0.548084,0.130485,-0.137415,-0.055870,0.013301,-0.014008,-0.014008
,,-0.663869,-6.013195,-7.758172,1680519438949,,,,,,,,,,-0.550385,0.054364,-0.051640,-0.056105,0.005542,-0.005264,-0.005264
,,-0.580692,-5.857439,-7.793683,1680519439045,,,,,,,,,,-0.539788,0.224014,-0.098074,-0.055024,0.022835,-0.009997,-0.009997
,,-0.546883,-5.899302,-7.941600,1680519439149,,,,,,,,,,-0.591018,0.186342,-0.249873,-0.060246,0.018995,-0.025471,-0.025471
,,-0.379361,-5.648344,-8.041672,1680519439249,,,,,,,,,,-0.531958,0.423164,-0.340943,-0.054226,0.043136,-0.034755,-0.034755
,,-0.020268,-5.421087,-8.174716,1680519439349,,,,,,,,,,-0.293821,0.622580,-0.456360,-0.029951,0.063464,-0.046520,-0.046520
,,0.194580,-5.315476,-8.254076,1680519439449,,,,,,,,,,-0.208656,0.687989,-0.510345,-0.021270,0.070131,-0.052023,-0.052023
,,0.448333,-5.234964,-8.320827,1680519439549,,,,,,,,,,-0.077509,0.722835,-0.548331,-0.007901,0.073684,-0.055895,-0.055895
,,0.677501,-5.393215,-8.234731,1680519439649,,,,,,,,,,0.063122,0.535166,-0.445159,0.006434,0.054553,-0.045378,-0.045378
,,0.916784,-5.402935,-8.107211,1680519439745,,,,,,,,,,0.250218,0.509845,-0.308786,0.025506,0.051972,-0.031477,-0.031477
,,0.921943,-5.612963,-8.096034,1680519439849,,,,,,,,,,0.269430,0.303766,-0.299928,0.027465,0.030965,-0.030574,-0.030574
,,0.626338,-5.664326,-8.059001,1680519439949,,,,,,,,,,0.059217,0.263950,-0.267783,0.006036,0.026906,-0.027297,-0.027297
52.467585,13.378094,0.000000,0.000000,0.000000,1680519440000,14.249993,0.002481,0.117204,0.137216,,,,,0,,,,,,
,,0.412198,-5.677798,-7.986257,1680519440045,,,,,,,,,,-0.034940,0.269259,-0.201233,-0.003562,0.027447,-0.020513,-0.020513
,,0.255414,-5.590405,-8.064969,1680519440148,,,,,,,,,,-0.063058,0.375498,-0.287503,-0.006428,0.038277,-0.029307,-0.029307
,,0.026196,-5.501095,-8.159467,1680519440249,,,,,,,,,,-0.173779,0.479757,-0.387268,-0.017714,0.048905,-0.039477,-0.039477
,,-0.152912,-5.445002,-8.186930,1680519440349,,,,,,,,,,-0.261480,0.543257,-0.416253,-0.026654,0.055378,-0.042431,-0.042431
,,-0.158615,-5.405549,-8.221818,1680519440449,,,,,,,,,,-0.223064,0.579226,-0.447001,-0.022738,0.059044,-0.045566,-0.045566
,,-0.019934,-5.440496,-8.206849,1680519440549,,,,,,,,,,-0.091092,0.535108,-0.425073,-0.009286,0.054547,-0.043331,-0.043331
,,0.096494,-5.518245,-8.160206,1680519440649,,,,,,,,,,-0.001439,0.444688,-0.371359,-0.000147,0.045330,-0.037855,-0.037855
,,0.123304,-5.645695,-8.057255,1680519440749,,,,,,,,,,-0.007383,0.305728,-0.257411,-0.000753,0.031165,-0.026240,-0.026240
,,0.219798,-5.783468,-7.953246,1680519440849,,,,,,,,,,0.056252,0.158734,-0.145412,0.005734,0.016181,-0.014823,-0.014823
,,0.164019,-5.886639,-7.875852,1680519440948,,,,,,,,,,-0.041039,0.047431,-0.062716,-0.004183,0.004835,-0.006393,-0.006393
,,0.127784,-5.977430,-7.785869,1680519441046,,,,,,,,,,-0.127124,-0.050270,0.025603,-0.012959,-0.005124,0.002610,0.002610
,,0.257310,-6.060193,-7.703416,1680519441149,,,,,,,,,,-0.023591,-0.135319,0.109048,-0.002405,-0.013794,0.011116,0.011116
,,0.430904,-6.099666,-7.669227,1680519441249,,,,,,,,,,0.131183,-0.174823,0.142688,0.013372,-0.017821,0.014545,0.014545
,,0.431583,-6.082631,-7.662431,1680519441349,,,,,,,,,,0.127997,-0.156803,0.145903,0.013048,-0.015984,0.014873,0.014873
,,0.342992,-6.069194,-7.665485,1680519441449,,,,,,,,,,0.049035,-0.142185,0.140653,0.004998,-0.014494,0.014338,0.014338
,,0.347418,-6.073146,-7.668623,1680519441549,,,,,,,,,,0.091224,-0.143892,0.138806,0.009299,-0.014668,0.014149,0.014149
,,0.363484,-6.088120,-7.734476,1680519441649,,,,,,,,,,0.129216,-0.138271,0.146256,0.013172,-0.014095,0.014909,0.014909
,,0.162527,-6.089422,-7.737036,1680519441749,,,,,,,,,,0.022635,-0.116852,0.105706,0.002307,-0.011912,0.010775,0.010775
,,0.069530,-6.055273,-7.774483,1680519441849,,,,,,,,,,-0.041858,-0.064478,0.085441,-0.004267,-0.006573,0.008710,0.008710
,,0.038585,-6.049839,-7.838620,1680519441949,,,,,,,,,,-0.021454,-0.045995,0.021775,-0.002187,-0.004689,0.002220,0.002220
,,-0.110186,-6.025749,-7.842536,1680519442049,,,,,,,,,,-0.113935,-0.028190,0.017787,-0.011614,-0.002874,0.001813,0.001813
,,-0.180769,-6.061580,-7.819140,1680519442149,,,,,,,,,,-0.120485,-0.061982,0.033222,-0.012282,-0.006318,0.003387,0.003387
,,-0.224069,-6.089766,-7.743168,1680519442249,,,,,,,,,,-0.080480,-0.107965,0.043578,-0.008204,-0.011006,0.004442,0.004442
,,-0.144609,-6.120582,-7.714897,1680519442349,,,,,,,,,,-0.010933,-0.155889,0.102545,-0.001115,-0.015891,0.010453,0.010453
,,-0.313633,-6.174325,-7.661967,1680519442449,,,,,,,,,,-0.104705,-0.221561,0.136331,-0.010673,-0.022585,0.013897,0.013897
,,-0.397094,-6.177519,-7.610379,1680519442549,,,,,,,,,,-0.119230,-0.231907,0.178731,-0.012154,-0.023640,0.018219,0.018219
,,-0.399000,-6.170563,-7.632683,1680519442649,,,,,,,,,,-0.068944,-0.211684,0.148429,-0.007028,-0.021578,0.015130,0.015130
,,-0.421893,-6.119719,-7.656872,1680519442749,,,,,,,,,,-0.025942,-0.166224,0.121958,-0.002644,-0.016944,0.012432,0.012432
,,-0.653636,-6.092111,-7.666627,1680519442849,,,,,,,,,,-0.175999,-0.141441,0.109736,-0.017941,-0.014418,0.011186,0.011186
,,-0.808648,-6.122044,-7.658230,1680519442949,,,,,,,,,,-0.257701,-0.175891,0.125491,-0.026269,-0.017930,0.012792,0.012792
,,-0.743374,-6.180942,-7.637647,1680519443046,,,,,,,,,,-0.136652,-0.235162,0.139416,-0.013930,-0.023972,0.014212,0.014212
,,-0.652064,-6.200820,-7.575996,1680519443148,,,,,,,,,,-0.021966,-0.253344,0.203893,-0.002239,-0.025825,0.020784,0.020784
,,-0.631612,-6.351228,-7.483643,1680519443249,,,,,,,,,,0.007658,-0.406393,0.315490,0.000781,-0.041426,0.032160,0.032160
,,-0.869841,-6.489904,-7.368886,1680519443349,,,,,,,,,,-0.237464,-0.549673,0.423944,-0.024206,-0.056032,0.043215,0.043215
,,-1.005170,-6.679370,-7.203740,1680519443449,,,,,,,,,,-0.352924,-0.737851,0.578624,-0.035976,-0.075214,0.058983,0.058983
,,-1.049303,-6.829558,-7.024877,1680519443549,,,,,,,,,,-0.369958,-0.903358,0.756732,-0.037712,-0.092085,0.077139,0.077139
,,-0.785332,-6.944184,-6.880697,1680519443649,,,,,,,,,,-0.111375,-1.007110,0.868927,-0.011353,-0.102662,0.088576,0.088576
,,-0.885838,-7.111262,-6.873901,1680519443749,,,,,,,,,,-0.226181,-1.185018,0.918191,-0.023056,-0.120797,0.093597,0.093597
,,-1.146062,-7.160170,-6.749479,1680519443849,,,,,,,,,,-0.501955,-1.208041,0.942446,-0.051168,-0.123144,0.096070,0.096070
,,-1.182671,-7.090141,-6.875467,1680519443949,,,,,,,,,,-0.518314,-1.169684,0.977699,-0.052835,-0.119234,0.099663,0.099663
52.467585,13.378079,0.000000,0.000000,0.000000,1680519444000,14.244728,0.011350,-0.533413,-1.551919,,,,,0,,,,,,
,,-1.044169,-6.980569,-6.947238,1680519444049,,,,,,,,,,-0.553651,-1.032463,0.853816,-0.056437,-0.105246,0.087035,0.087035
,,-0.809207,-6.829034,-7.060288,1680519444149,,,,,,,,,,-0.504776,-0.875334,0.668477,-0.051455,-0.089229,0.068142,0.068142
,,-0.915481,-6.523564,-7.361372,1680519444247,,,,,,,,,,-0.815109,-0.573289,0.264232,-0.083090,-0.058439,0.026935,0.026935
,,-0.638123,-6.235084,-7.415744,1680519444348,,,,,,,,,,-0.759240,-0.258328,0.042165,-0.077394,-0.026333,0.004298,0.004298
,,-0.317560,-5.935866,-7.683332,1680519444449,,,,,,,,,,-0.606729,-0.028965,-0.025349,-0.061848,-0.002953,-0.002584,-0.002584
,,0.021585,-5.799989,-7.574354,1680519444546,,,,,,,,,,-0.521378,0.152323,-0.159102,-0.053148,0.015527,-0.016218,-0.016218
,,0.011790,-5.720923,-7.804121,1680519444649,,,,,,,,,,-0.548333,0.168648,-0.291091,-0.055895,0.017191,-0.029673,-0.029673
,,0.009415,-5.638859,-7.910620,1680519444746,,,,,,,,,,-0.616700,0.235713,-0.492589,-0.062864,0.024028,-0.050213,-0.050213
,,0.064296,-5.650654,-7.688462,1680519444849,,,,,,,,,,-0.657100,0.223931,-0.269397,-0.066983,0.022827,-0.027461,-0.027461
,,-0.037407,-5.727255,-7.741322,1680519444949,,,,,,,,,,-0.738303,0.020766,-0.148970,-0.075260,0.002117,-0.015186,-0.015186
,,0.255035,-5.928941,-7.719338,1680519445048,,,,,,,,,,-0.519359,-0.180058,-0.101868,-0.052942,-0.018355,-0.010384,-0.010384
,,0.447754,-6.121136,-7.701041,1680519445148,,,,,,,,,,-0.363991,-0.444934,-0.018082,-0.037104,-0.045355,-0.001843,-0.001843
,,0.670900,-6.244974,-7.493896,1680519445249,,,,,,,,,,-0.256588,-0.573921,0.230199,-0.026156,-0.058504,0.023466,0.023466
,,0.572609,-6.408434,-7.492170,1680519445349,,,,,,,,,,-0.384691,-0.731067,0.413157,-0.039214,-0.074523,0.042116,0.042116
,,0.703153,-6.598249,-7.498332,1680519445448,,,,,,,,,,-0.183519,-0.962640,0.659424,-0.018707,-0.098128,0.067220,0.067220
,,0.737362,-6.590660,-7.481886,1680519445549,,,,,,,,,,-0.245117,-0.917783,0.678431,-0.024986,-0.093556,0.069157,0.069157
,,0.414059,-6.615488,-7.202178,1680519445649,,,,,,,,,,-0.585663,-0.934099,0.729232,-0.059701,-0.095219,0.074336,0.074336
,,0.350346,-6.864370,-7.119151,1680519445749,,,,,,,,,,-0.684791,-0.957308,0.537566,-0.069805,-0.097585,0.054798,0.054798
,,0.560584,-6.921986,-6.998876,1680519445849,,,,,,,,,,-0.488247,-0.908491,0.359106,-0.049770,-0.092609,0.036606,0.036606
,,0.584150,-6.955765,-6.842256,1680519445949,,,,,,,,,,-0.484313,-0.928771,0.520354,-0.049369,-0.094676,0.053043,0.053043
,,0.209839,-6.914616,-6.936950,1680519446045,,,,,,,,,,-0.910506,-0.938020,0.466224,-0.092814,-0.095619,0.047525,0.047525
,,0.149439,-6.989351,-6.816809,1680519446149,,,,,,,,,,-0.970037,-0.933057,0.426858,-0.098882,-0.095113,0.043513,0.043513
,,0.271730,-7.018091,-6.944204,1680519446249,,,,,,,,,,-0.856395,-0.952101,0.296642,-0.087298,-0.097054,0.030239,0.030239
,,0.136980,-6.754429,-7.024138,1680519446349,,,,,,,,,,-1.002518,-0.864285,0.531455,-0.102194,-0.088102,0.054175,0.054175
,,-0.028306,-6.708899,-7.272996,1680519446449,,,,,,,,,,-1.224985,-0.871295,0.436101,-0.124871,-0.088817,0.044455,0.044455
,,0.013407,-6.608328,-7.249624,1680519446549,,,,,,,,,,-1.272417,-0.775834,0.423955,-0.129706,-0.079086,0.043217,0.043217
,,0.121238,-6.545613,-7.317448,1680519446649,,,,,,,,,,-1.276027,-0.653379,0.189362,-0.130074,-0.066603,0.019303,0.019303
,,0.129920,-6.609271,-7.510432,1680519446749,,,,,,,,,,-1.357200,-0.753358,0.094754,-0.138349,-0.076795,0.009659,0.009659
,,0.266117,-6.517442,-7.497818,1680519446849,,,,,,,,,,-1.310974,-0.655762,0.182765,-0.133636,-0.066846,0.018630,0.018630
,,0.463940,-6.475005,-7.392432,1680519446949,,,,,,,,,,-1.166480,-0.606081,0.259031,-0.118907,-0.061782,0.026405,0.026405
,,0.473101,-6.321474,-7.357635,1680519447049,,,,,,,,,,-1.151355,-0.465791,0.342179,-0.117365,-0.047481,0.034881,0.034881
,,0.662442,-6.318555,-7.604631,1680519447149,,,,,,,,,,-0.902744,-0.441892,0.089419,-0.092023,-0.045045,0.009115,0.009115
,,0.746019,-6.392162,-7.516973,1680519447249,,,,,,,,,,-0.691753,-0.476685,0.169315,-0.070515,-0.048592,0.017259,0.017259
,,0.718137,-6.254139,-7.485174,1680519447349,,,,,,,,,,-0.561645,-0.293376,0.193105,-0.057252,-0.029906,0.019685,0.019685
,,0.540237,-6.249414,-7.677769,1680519447449,,,,,,,,,,-0.577331,-0.245758,-0.006856,-0.058851,-0.025052,-0.000699,-0.000699
,,0.360116,-6.262342,-7.989186,1680519447548,,,,,,,,,,-0.600039,-0.219064,-0.326384,-0.061166,-0.022331,-0.033271,-0.033271
,,0.286120,-6.449758,-8.055229,1680519447649,,,,,,,,,,-0.546226,-0.372982,-0.401780,-0.055681,-0.038021,-0.040956,-0.040956
,,0.056328,-6.460430,-7.842941,1680519447749,,,,,,,,,,-0.676164,-0.363247,-0.194100,-0.068926,-0.037028,-0.019786,-0.019786
,,-0.032687,-6.531079,-7.900112,1680519447849,,,,,,,,,,-0.676127,-0.421423,-0.253183,-0.068922,-0.042958,-0.025809,-0.025809
,,0.005324,-6.610394,-7.650581,1680519447949,,,,,,,,,,-0.527893,-0.483378,-0.010301,-0.053812,-0.049274,-0.001050,-0.001050
52.467516,13.378134,0.000000,0.000000,0.000000,1680519448000,14.246911,0.042957,-0.099642,0.029100,,,,,0,,,,,,
,,0.001896,-6.600095,-7.449234,1680519448048,,,,,,,,,,-0.415422,-0.465970,0.191378,-0.042347,-0.047499,0.019508,0.019508
,,-0.058623,-6.747758,-7.155595,1680519448149,,,,,,,,,,-0.363082,-0.606346,0.483627,-0.037011,-0.061809,0.049299,0.049299
,,-0.004670,-6.645790,-7.286987,1680519448249,,,,,,,,,,-0.189920,-0.503389,0.355744,-0.019360,-0.051314,0.036263,0.036263
,,0.011142,-6.570527,-7.332228,1680519448349,,,,,,,,,,-0.051555,-0.423976,0.310628,-0.005255,-0.043219,0.031664,0.031664
,,-0.014819,-6.502852,-7.135068,1680519448449,,,,,,,,,,0.024640,-0.345602,0.500757,0.002512,-0.035230,0.051046,0.051046
,,-0.186283,-6.650919,-7.227021,1680519448549,,,,,,,,,,-0.075229,-0.493574,0.408393,-0.007669,-0.050313,0.041630,0.041630
,,-0.140837,-6.668538,-7.222985,1680519448649,,,,,,,,,,0.042737,-0.507917,0.408173,0.004356,-0.051775,0.041608,0.041608
,,-0.078776,-6.475399,-7.488802,1680519448749,,,,,,,,,,0.187567,-0.322941,0.145823,0.019120,-0.032920,0.014865,0.014865
,,-0.211291,-6.475095,-7.061860,1680519448849,,,,,,,,,,0.140929,-0.327823,0.573104,0.014366,-0.033417,0.058420,0.058420
,,-0.335378,-6.652197,-7.300134,1680519448949,,,,,,,,,,0.071651,-0.514860,0.340471,0.007304,-0.052483,0.034707,0.034707
,,-0.465891,-6.557050,-7.116207,1680519449047,,,,,,,,,,-0.042324,-0.429308,0.531587,-0.004314,-0.043762,0.054188,0.054188
,,-0.558688,-6.415165,-7.399408,1680519449149,,,,,,,,,,-0.168148,-0.294695,0.254853,-0.017140,-0.030040,0.025979,0.025979
,,-0.762015,-6.512747,-7.329154,1680519449249,,,,,,,,,,-0.468052,-0.392424,0.326424,-0.047712,-0.040002,0.033275,0.033275
,,-0.723820,-6.450022,-7.210895,1680519449349,,,,,,,,,,-0.568251,-0.325150,0.443169,-0.057926,-0.033145,0.045175,0.045175
,,-0.549353,-6.529981,-7.223209,1680519449449,,,,,,,,,,-0.525420,-0.402494,0.432214,-0.053560,-0.041029,0.044059,0.044059
,,-0.316836,-6.499799,-7.158140,1680519449549,,,,,,,,,,-0.369405,-0.369556,0.497592,-0.037656,-0.037671,0.050723,0.050723
,,-0.138357,-6.483243,-7.287915,1680519449649,,,,,,,,,,-0.205840,-0.352033,0.367527,-0.020983,-0.035885,0.037465,0.037465
,,-0.011132,-6.467735,-7.030086,1680519449745,,,,,,,,,,-0.026620,-0.390144,0.321357,-0.002714,-0.039770,0.032758,0.032758
,,0.108634,-6.325316,-7.180957,1680519449849,,,,,,,,,,0.145489,-0.290399,0.352344,0.014831,-0.029602,0.035917,0.035917
,,0.045056,-6.360084,-7.235998,1680519449949,,,,,,,,,,0.215135,-0.322445,0.293343,0.021930,-0.032869,0.029902,0.029902
,,-0.057261,-6.297589,-7.233767,1680519450047,,,,,,,,,,0.222853,-0.238820,0.487297,0.022717,-0.024345,0.049674,0.049674
,,-0.321836,-6.151144,-7.071150,1680519450149,,,,,,,,,,0.031167,-0.084079,0.641009,0.003177,-0.008571,0.065342,0.065342
,,-0.509595,-6.282321,-7.266789,1680519450249,,,,,,,,,,-0.128250,-0.211600,0.441394,-0.013073,-0.021570,0.044994,0.044994
,,-0.402777,-6.275086,-7.294102,1680519450349,,,,,,,,,,-0.024339,-0.153237,0.718827,-0.002481,-0.015621,0.073275,0.073275
,,-0.373528,-6.129159,-7.328221,1680519450449,,,,,,,,,,0.053033,0.023301,0.511130,0.005406,0.002375,0.052103,0.052103
,,-0.361907,-5.975843,-7.600674,1680519450549,,,,,,,,,,0.004508,0.083121,-0.337972,0.000459,0.008473,-0.034452,-0.034452
,,-0.338366,-5.881434,-7.607640,1680519450649,,,,,,,,,,0.022082,0.151258,-0.534166,0.002251,0.015419,-0.054451,-0.054451
,,-0.253154,-5.987249,-7.744889,1680519450749,,,,,,,,,,0.023151,-0.053184,-0.524022,0.002360,-0.005421,-0.053417,-0.053417
,,-0.231314,-5.825985,-7.590002,1680519450849,,,,,,,,,,0.024050,0.174518,-0.481539,0.002452,0.017790,-0.049087,-0.049087
,,-0.340652,-5.824608,-7.980554,1680519450949,,,,,,,,,,-0.087257,0.087153,-1.045995,-0.008895,0.008884,-0.106625,-0.106625
,,-0.304048,-5.874743,-7.761889,1680519451046,,,,,,,,,,-0.162644,0.104930,-0.481925,-0.016579,0.010696,-0.049126,-0.049126
,,-0.320414,-6.280150,-8.372295,1680519451147,,,,,,,,,,-0.197878,-0.198833,-0.124655,-0.020171,-0.020268,-0.012707,-0.012707
,,-0.154813,-6.184634,-8.337851,1680519451249,,,,,,,,,,-0.187007,-0.216408,-0.123108,-0.019063,-0.022060,-0.012549,-0.012549
,,-0.150133,-5.982464,-8.539302,1680519451349,,,,,,,,,,-0.033706,-0.045047,-0.223013,-0.003436,-0.004592,-0.022733,-0.022733
,,0.038216,-5.954128,-8.505762,1680519451449,,,,,,,,,,0.105593,-0.130233,-0.138428,0.010764,-0.013276,-0.014111,-0.014111
,,0.017698,-5.948006,-8.474173,1680519451549,,,,,,,,,,0.176004,-0.064402,0.489250,0.017941,-0.006565,0.049873,0.049873
,,-0.039877,-6.065137,-8.526130,1680519451649,,,,,,,,,,0.091522,-0.213619,-0.045278,0.009329,-0.021776,-0.004616,-0.004616
,,-0.199665,-5.774482,-7.727306,1680519451746,,,,,,,,,,0.073511,-0.018995,0.731848,0.007494,-0.001936,0.074602,0.074602
,,-0.363953,-5.906951,-8.006291,1680519451849,,,,,,,,,,0.047198,-0.019590,0.451549,0.004811,-0.001997,0.046029,0.046029
,,-0.288999,-5.997668,-7.901110,1680519451949,,,,,,,,,,0.013824,-0.002240,0.454419,0.001409,-0.000228,0.046322,0.046322
52.467342,13.378130,0.000000,0.000000,0.000000,1680519452000,14.248374,0.065852,-0.001510,-0.164136,,,,,0,,,,,,
,,-0.501148,-6.118911,-8.094757,1680519452050,,,,,,,,,,-0.166860,-0.071488,0.379452,-0.017009,-0.007287,0.038680,0.038680
,,-0.460872,-6.155295,-7.804336,1680519452149,,,,,,,,,,-0.192916,-0.026736,0.060709,-0.019665,-0.002725,0.006188,0.006188
,,-0.490894,-6.145845,-7.764973,1680519452249,,,,,,,,,,-0.104949,-0.064163,0.085907,-0.010698,-0.006541,0.008757,0.008757
,,-0.356434,-6.181486,-7.818177,1680519452349,,,,,,,,,,-0.121764,-0.110347,-0.014459,-0.012412,-0.011248,-0.001474,-0.001474
,,-0.285322,-6.211598,-7.672425,1680519452449,,,,,,,,,,-0.078603,-0.188004,0.150681,-0.008013,-0.019164,0.015360,0.015360
,,-0.166005,-6.288713,-7.602351,1680519452546,,,,,,,,,,0.081378,-0.271245,0.205492,0.008295,-0.027650,0.020947,0.020947
,,-0.036918,-6.058197,-7.947398,1680519452649,,,,,,,,,,0.170580,-0.304542,0.150025,0.017388,-0.031044,0.015293,0.015293
,,-0.159289,-6.114899,-7.770142,1680519452748,,,,,,,,,,0.172381,-0.367132,0.428745,0.017572,-0.037424,0.043705,0.043705
,,-0.290860,-5.957252,-7.842242,1680519452849,,,,,,,,,,0.047573,-0.300263,0.636004,0.004849,-0.030608,0.064832,0.064832
,,-0.398871,-6.060991,-7.969837,1680519452949,,,,,,,,,,0.073612,-0.309724,0.367799,0.007504,-0.031572,0.037492,0.037492
,,-0.556822,-6.122523,-8.067359,1680519453049,,,,,,,,,,-0.076451,-0.333420,0.225438,-0.007793,-0.033988,0.022980,0.022980
,,-0.802356,-5.920004,-7.758496,1680519453149,,,,,,,,,,-0.353267,-0.088580,0.072374,-0.036011,-0.009030,0.007378,0.007378
,,-0.725222,-6.081533,-7.498801,1680519453249,,,,,,,,,,-0.274669,-0.103707,0.315811,-0.027999,-0.010572,0.032193,0.032193
,,-0.573777,-6.022182,-7.616706,1680519453349,,,,,,,,,,-0.348860,-0.102500,0.229828,-0.035562,-0.010448,0.023428,0.023428
,,-0.384316,-6.246615,-8.099093,1680519453449,,,,,,,,,,-0.320063,-0.292374,-0.209272,-0.032626,-0.029804,-0.021333,-0.021333
,,-0.279359,-6.109954,-7.555563,1680519453547,,,,,,,,,,-0.365940,-0.123254,0.048973,-0.037303,-0.012564,0.004992,0.004992
,,-0.089484,-5.948056,-7.425583,1680519453649,,,,,,,,,,-0.436151,-0.025522,0.303596,-0.044460,-0.002602,0.030948,0.030948
,,-0.147433,-6.025036,-7.924900,1680519453749,,,,,,,,,,-0.543141,-0.124573,0.207851,-0.055366,-0.012699,0.021188,0.021188
,,-0.130479,-6.183846,-7.697094,1680519453849,,,,,,,,,,-0.512290,-0.070808,0.210564,-0.052221,-0.007218,0.021464,0.021464
,,0.067954,-6.131165,-7.811416,1680519453949,,,,,,,,,,-0.379349,0.000723,-0.057364,-0.038670,0.000074,-0.005847,-0.005847
,,0.247141,-6.007033,-7.692169,1680519454049,,,,,,,,,,-0.036178,0.095057,0.385273,-0.003688,0.009690,0.039273,0.039273
,,0.365874,-5.989235,-8.181192,1680519454149,,,,,,,,,,0.263907,-0.088862,-0.003433,0.026902,-0.009058,-0.000350,-0.000350
,,0.251876,-6.010970,-8.130862,1680519454249,,,,,,,,,,0.555234,-0.018853,-0.003476,0.056599,-0.001922,-0.000354,-0.000354
,,0.277204,-6.069823,-7.920504,1680519454349,,,,,,,,,,0.911119,0.050831,0.051114,0.092877,0.005182,0.005210,0.005210
,,-0.096514,-5.961907,-8.104267,1680519454449,,,,,,,,,,0.765149,0.036163,-0.244564,0.077997,0.003686,-0.024930,-0.024930
,,-0.471914,-5.947976,-8.194180,1680519454548,,,,,,,,,,0.606014,0.058692,-0.136030,0.061775,0.005983,-0.013866,-0.013866
,,-0.700563,-5.813880,-7.976797,1680519454649,,,,,,,,,,0.359662,0.080952,-0.149761,0.036663,0.008252,-0.015266,-0.015266
,,-0.918595,-5.984091,-7.778225,1680519454745,,,,,,,,,,0.365060,0.161381,-0.119313,0.037213,0.016451,-0.012162,-0.012162
,,-0.829774,-5.882248,-7.921871,1680519454849,,,,,,,,,,0.606000,0.365037,-0.334140,0.061774,0.037211,-0.034061,-0.034061
,,-0.594733,-5.928552,-8.014614,1680519454949,,,,,,,,,,0.693874,0.299949,-0.425989,0.070731,0.030576,-0.043424,-0.043424
,,-0.318143,-5.811675,-7.878716,1680519455046,,,,,,,,,,0.946399,0.433605,-0.370936,0.096473,0.044200,-0.037812,-0.037812
,,-0.427242,-5.638934,-7.740484,1680519455149,,,,,,,,,,0.896594,0.577760,-0.147569,0.091396,0.058895,-0.015043,-0.015043
,,-0.561053,-5.724411,-8.002184,1680519455249,,,,,,,,,,0.820661,0.756671,-0.390908,0.083656,0.077133,-0.039848,-0.039848
,,-0.619078,-5.406203,-8.162027,1680519455349,,,,,,,,,,0.373239,0.944024,-0.150188,0.038047,0.096231,-0.015310,-0.015310
,,-0.808349,-5.208484,-8.582328,1680519455448,,,,,,,,,,-0.192311,0.998234,-0.508883,-0.019604,0.101757,-0.051874,-0.051874
,,-1.110950,-4.957451,-8.162990,1680519455547,,,,,,,,,,-0.782426,1.126000,0.006185,-0.079758,0.114781,0.000630,0.000630
,,-1.035502,-4.842839,-8.810114,1680519455649,,,,,,,,,,-1.075335,1.209983,-0.534434,-0.109616,0.123342,-0.054478,-0.054478
,,-0.715193,-4.705340,-8.823457,1680519455749,,,,,,,,,,-1.180160,1.285371,-0.657720,-0.120302,0.131027,-0.067046,-0.067046
,,-0.696816,-4.689104,-8.824300,1680519455849,,,,,,,,,,-1.504896,1.200317,-0.926881,-0.153404,0.122356,-0.094483,-0.094483
,,-0.407443,-4.918677,-8.840441,1680519455949,,,,,,,,,,-1.481669,0.951609,-1.142208,-0.151037,0.097004,-0.116433,-0.116433
52.467148,13.378158,0.000000,0.000000,0.000000,1680519456000,14.247541,0.174303,-0.398432,-0.243671,,,,,0,,,,,,
,,-0.219229,-5.150365,-8.507958,1680519456050,,,,,,,,,,-1.516620,0.668137,-0.796925,-0.154599,0.068108,-0.081236,-0.081236
,,0.331062,-5.345130,-8.768201,1680519456149,,,,,,,,,,-1.093728,0.440380,-1.049096,-0.111491,0.044891,-0.106941,-0.106941
,,0.403935,-5.518968,-8.598958,1680519456249,,,,,,,,,,-1.047854,0.261866,-0.880042,-0.106815,0.026694,-0.089709,-0.089709
,,0.430639,-5.770365,-8.401833,1680519456349,,,,,,,,,,-0.946251,0.064890,-0.641771,-0.096458,0.006615,-0.065420,-0.065420
,,0.684926,-5.886494,-8.293688,1680519456449,,,,,,,,,,-0.559513,-0.013942,-0.543901,-0.057035,-0.001421,-0.055444,-0.055444
,,0.755803,-5.878765,-7.907910,1680519456549,,,,,,,,,,-0.266800,0.058761,-0.180067,-0.027197,0.005990,-0.018355,-0.018355
,,0.642110,-5.915164,-7.956729,1680519456649,,,,,,,,,,-0.138074,0.083213,-0.248131,-0.014075,0.008483,-0.025294,-0.025294
,,0.315474,-5.846103,-7.983034,1680519456749,,,,,,,,,,-0.240637,0.199708,-0.289084,-0.024530,0.020358,-0.029468,-0.029468
,,0.165641,-5.914770,-7.722556,1680519456849,,,,,,,,,,-0.192174,0.164961,-0.040519,-0.019590,0.016816,-0.004130,-0.004130
,,-0.020832,-6.039735,-7.711559,1680519456949,,,,,,,,,,-0.208480,0.067846,-0.041489,-0.021252,0.006916,-0.004229,-0.004229
,,-0.112770,-5.913238,-7.715935,1680519457047,,,,,,,,,,-0.184788,0.211529,-0.054332,-0.018837,0.021563,-0.005538,-0.005538
,,-0.271875,-5.943346,-7.930728,1680519457149,,,,,,,,,,-0.286805,0.193177,-0.277510,-0.029236,0.019692,-0.028288,-0.028288
,,-0.209923,-5.917839,-7.918399,1680519457247,,,,,,,,,,-0.181878,0.230090,-0.274251,-0.018540,0.023455,-0.027956,-0.027956
,,-0.238125,-5.838723,-7.952902,1680519457349,,,,,,,,,,-0.161911,0.321710,-0.319188,-0.016505,0.032794,-0.032537,-0.032537
,,-0.228739,-5.702891,-7.959264,1680519457448,,,,,,,,,,-0.122028,0.475579,-0.340634,-0.012439,0.048479,-0.034723,-0.034723
,,-0.180415,-5.540738,-8.239366,1680519457548,,,,,,,,,,-0.041108,0.652417,-0.633375,-0.004190,0.066505,-0.064564,-0.064564
,,-0.113125,-5.552094,-8.144059,1680519457649,,,,,,,,,,0.067366,0.657785,-0.552439,0.006867,0.067053,-0.056314,-0.056314
,,-0.092812,-5.449513,-8.187454,1680519457749,,,,,,,,,,0.139283,0.771116,-0.605944,0.014198,0.078605,-0.061768,-0.061768
,,-0.220491,-5.420438,-8.140272,1680519457849,,,,,,,,,,0.040996,0.809825,-0.567406,0.004179,0.082551,-0.057840,-0.057840
,,-0.302945,-5.519562,-8.230629,1680519457949,,,,,,,,,,-0.038893,0.714504,-0.660946,-0.003965,0.072834,-0.067375,-0.067375
,,-0.324116,-5.545139,-8.087831,1680519458046,,,,,,,,,,-0.068476,0.687697,-0.516925,-0.006980,0.070102,-0.052694,-0.052694
,,-0.278566,-5.567772,-8.108828,1680519458149,,,,,,,,,,-0.042308,0.659189,-0.532598,-0.004313,0.067196,-0.054291,-0.054291
,,-0.307081,-5.612409,-8.089273,1680519458247,,,,,,,,,,-0.093060,0.608750,-0.507706,-0.009486,0.062054,-0.051754,-0.051754
,,-0.046648,-5.631804,-8.047031,1680519458349,,,,,,,,,,0.171983,0.581588,-0.459411,0.017531,0.059285,-0.046831,-0.046831
,,0.064536,-5.692388,-8.047929,1680519458449,,,,,,,,,,0.350347,0.508550,-0.454501,0.035713,0.051840,-0.046330,-0.046330
,,0.038206,-5.639817,-7.932385,1680519458548,,,,,,,,,,0.412638,0.550455,-0.344500,0.042063,0.056112,-0.035117,-0.035117
,,0.028945,-5.654576,-8.042710,1680519458648,,,,,,,,,,0.540083,0.510490,-0.444871,0.055054,0.052038,-0.045349,-0.045349
,,0.087483,-5.643220,-7.984346,1680519458748,,,,,,,,,,0.772103,0.483962,-0.371254,0.078706,0.049333,-0.037844,-0.037844
,,-0.044353,-5.607120,-7.976917,1680519458849,,,,,,,,,,0.840965,0.464765,-0.346484,0.085725,0.047377,-0.035319,-0.035319
,,-0.246632,-5.487474,-8.017308,1680519458949,,,,,,,,,,0.816034,0.518263,-0.356151,0.083184,0.052830,-0.036305,-0.036305
,,-0.261287,-5.388340,-8.229387,1680519459046,,,,,,,,,,0.974312,0.540531,-0.512367,0.099318,0.055100,-0.052229,-0.052229
,,-0.254665,-5.275999,-8.332168,1680519459149,,,,,,,,,,1.148701,0.550244,-0.556382,0.117095,0.056090,-0.056716,-0.056716
,,-0.353380,-5.141428,-8.444095,1680519459245,,,,,,,,,,1.206585,0.593765,-0.616132,0.122995,0.060527,-0.062807,-0.062807
,,-0.612237,-5.039540,-8.617804,1680519459349,,,,,,,,,,1.074677,0.602543,-0.723279,0.109549,0.061421,-0.073729,-0.073729
,,-0.937296,-5.116839,-8.538170,1680519459448,,,,,,,,,,0.808064,0.464303,-0.601002,0.082372,0.047330,-0.061264,-0.061264
,,-1.319297,-5.022850,-8.610774,1680519459549,,,,,,,,,,0.417659,0.534302,-0.654631,0.042575,0.054465,-0.066731,-0.066731
,,-1.323657,-4.959861,-8.466868,1680519459649,,,,,,,,,,0.317897,0.607128,-0.524097,0.032405,0.061889,-0.053425,-0.053425
,,-1.441667,-5.027480,-8.489845,1680519459745,,,,,,,,,,0.097459,0.596013,-0.561142,0.009935,0.060756,-0.057201,-0.057201
,,-1.573702,-5.002792,-8.447858,1680519459849,,,,,,,,,,-0.196430,0.670201,-0.525885,-0.020023,0.068318,-0.053607,-0.053607
,,-1.174168,-4.999718,-8.346154,1680519459949,,,,,,,,,,-0.044662,0.769752,-0.489639,-0.004553,0.078466,-0.049912,-0.049912
52.467052,13.378132,0.000000,0.000000,0.000000,1680519460000,14.248906,0.009501,0.021399,0.248378,,,,,0,,,,,,
,,-0.678674,-4.834457,-8.558512,1680519460046,,,,,,,,,,0.307092,0.988129,-0.717627,0.031304,0.100727,-0.073153,-0.073153
,,-0.519320,-4.841622,-8.604622,1680519460148,,,,,,,,,,0.368166,1.029317,-0.786286,0.037530,0.104925,-0.080151,-0.080151
,,-0.509810,-4.716901,-8.746746,1680519460249,,,,,,,,,,0.303312,1.185635,-0.939023,0.030919,0.120860,-0.095721,-0.095721
,,-0.525981,-4.490741,-8.868398,1680519460349,,,,,,,,,,0.282452,1.410966,-1.066530,0.028792,0.143829,-0.108719,-0.108719
,,-0.399998,-4.384537,-9.004116,1680519460448,,,,,,,,,,0.391961,1.504439,-1.206074,0.039955,0.153358,-0.122943,-0.122943
,,-0.784184,-4.559923,-8.828661,1680519460549,,,,,,,,,,0.108270,1.291382,-0.995360,0.011037,0.131639,-0.101464,-0.101464
,,-1.192834,-4.790089,-8.582049,1680519460648,,,,,,,,,,-0.260377,1.080618,-0.762296,-0.026542,0.110155,-0.077706,-0.077706
,,-1.068827,-5.027500,-8.484546,1680519460748,,,,,,,,,,-0.057851,0.833549,-0.688225,-0.005897,0.084969,-0.070155,-0.070155
,,-1.062491,-5.319199,-8.204728,1680519460849,,,,,,,,,,-0.051154,0.520401,-0.405554,-0.005214,0.053048,-0.041341,-0.041341
,,-1.140972,-5.720000,-7.894678,1680519460945,,,,,,,,,,-0.109050,0.116496,-0.080849,-0.011116,0.011875,-0.008241,-0.008241
,,-1.056139,-6.063765,-7.635422,1680519461045,,,,,,,,,,0.040147,-0.205273,0.180130,0.004092,-0.020925,0.018362,0.018362
,,-0.975866,-6.077157,-7.664676,1680519461148,,,,,,,,,,0.134792,-0.204637,0.113053,0.013740,-0.020860,0.011524,0.011524
,,-1.033261,-5.946165,-7.792191,1680519461249,,,,,,,,,,0.134163,-0.097634,-0.009692,0.013676,-0.009952,-0.000988,-0.000988
,,-1.274545,-5.939609,-7.752529,1680519461349,,,,,,,,,,0.050726,-0.008570,0.201188,0.005171,-0.000874,0.020508,0.020508
,,-1.461631,-5.948914,-7.816515,1680519461449,,,,,,,,,,0.083694,-0.046936,0.228281,0.008531,-0.004785,0.023270,0.023270
,,-1.386946,-5.985972,-7.761744,1680519461549,,,,,,,,,,0.210578,-0.078286,0.269668,0.021466,-0.007980,0.027489,0.027489
,,-1.808275,-6.108028,-7.691161,1680519461648,,,,,,,,,,-0.174435,-0.246600,0.345787,-0.017781,-0.025138,0.035248,0.035248
,,-2.065081,-6.253451,-7.540310,1680519461749,,,,,,,,,,-0.310808,-0.434167,0.485520,-0.031683,-0.044258,0.049492,0.049492
,,-2.104534,-6.549495,-7.273305,1680519461849,,,,,,,,,,-0.302210,-0.763176,0.764288,-0.030806,-0.077796,0.077909,0.077909
,,-2.188255,-6.889583,-6.952377,1680519461948,,,,,,,,,,-0.557918,-1.174546,0.934079,-0.056872,-0.119729,0.095217,0.095217
,,-2.518019,-7.079289,-6.733493,1680519462047,,,,,,,,,,-1.081014,-1.285436,0.996542,-0.110195,-0.131033,0.101584,0.101584
,,-2.246927,-7.205551,-6.591009,1680519462148,,,,,,,,,,-0.953247,-1.419119,1.133769,-0.097171,-0.144660,0.115573,0.115573
,,-1.400034,-7.409716,-6.441510,1680519462248,,,,,,,,,,-0.249411,-1.557717,1.246385,-0.025424,-0.158789,0.127053,0.127053
,,-0.827260,-7.521778,-6.333884,1680519462348,,,,,,,,,,0.094552,-1.597464,1.320659,0.009638,-0.162840,0.134624,0.134624
,,-0.614727,-7.486442,-6.428143,1680519462448,,,,,,,,,,0.175590,-1.463569,1.206323,0.017899,-0.149192,0.122969,0.122969
,,-0.222532,-7.245977,-6.667031,1680519462546,,,,,,,,,,0.614328,-1.232215,0.982958,0.062623,-0.125608,0.100200,0.100200
,,0.576496,-7.098224,-6.743976,1680519462649,,,,,,,,,,1.501752,-1.176671,0.925248,0.153084,-0.119946,0.094317,0.094317
,,0.124287,-7.120882,-6.969133,1680519462749,,,,,,,,,,1.197738,-1.207444,0.863761,0.122094,-0.123083,0.088049,0.088049
,,-0.680021,-6.915050,-7.235708,1680519462849,,,,,,,,,,0.577724,-1.094012,0.597600,0.058891,-0.111520,0.060917,0.060917
,,-1.152334,-6.753237,-7.321640,1680519462948,,,,,,,,,,0.302599,-0.966894,0.653502,0.030846,-0.098562,0.066616,0.066616
,,-1.123354,-6.660789,-7.341034,1680519463049,,,,,,,,,,0.365072,-0.947030,0.623403,0.037214,-0.096537,0.063548,0.063548
,,-1.237686,-6.756959,-7.213839,1680519463149,,,,,,,,,,0.159769,-1.017713,0.678966,0.016286,-0.103742,0.069212,0.069212
,,-1.565569,-6.912111,-7.200941,1680519463248,,,,,,,,,,-0.306946,-1.104516,0.728165,-0.031289,-0.112591,0.074227,0.074227
,,-1.177037,-6.750627,-7.204803,1680519463349,,,,,,,,,,-0.004732,-0.927325,0.662700,-0.000482,-0.094529,0.067553,0.067553
,,-0.694760,-6.708270,-6.960086,1680519463448,,,,,,,,,,0.404467,-0.758806,0.771472,0.041230,-0.077350,0.078641,0.078641
,,-0.306468,-6.719751,-7.016215,1680519463547,,,,,,,,,,0.681743,-0.791945,0.757419,0.069495,-0.080728,0.077209,0.077209
,,-0.146610,-6.768255,-7.148569,1680519463649,,,,,,,,,,0.888807,-0.831910,0.660014,0.090602,-0.084802,0.067280,0.067280
,,-0.221300,-6.757528,-7.300000,1680519463749,,,,,,,,,,1.010165,-0.808593,0.434124,0.102973,-0.082425,0.044253,0.044253
,,-0.239801,-6.596822,-7.306416,1680519463849,,,,,,,,,,0.997013,-0.719446,0.458765,0.101632,-0.073338,0.046765,0.046765
,,-0.319830,-6.599846,-7.426876,1680519463949,,,,,,,,,,1.092350,-0.776887,0.272430,0.111351,-0.079193,0.027771,0.027771
52.467045,13.378174,0.000000,0.000000,0.000000,1680519464000,14.242105,0.091473,0.450296,0.596479,,,,,0,,,,,,
,,-0.440564,-6.529357,-7.534133,1680519464049,,,,,,,,,,1.095999,-0.777343,0.218529,0.111723,-0.079240,0.022276,0.022276
,,-0.585872,-6.445801,-7.826300,1680519464148,,,,,,,,,,1.093539,-0.639436,-0.180825,0.111472,-0.065182,-0.018433,-0.018433
,,-0.836391,-6.171446,-7.850340,1680519464249,,,,,,,,,,0.981271,-0.469723,-0.137956,0.100028,-0.047882,-0.014063,-0.014063
,,-0.884391,-5.890570,-7.847576,1680519464348,,,,,,,,,,0.866243,-0.259918,-0.029318,0.088302,-0.026495,-0.002989,-0.002989
,,-0.911335,-5.722934,-8.395566,1680519464448,,,,,,,,,,1.035862,-0.117824,-0.617980,0.105592,-0.012011,-0.062995,-0.062995
,,-0.751502,-5.434813,-8.172081,1680519464549,,,,,,,,,,1.115945,0.188488,-0.543246,0.113756,0.019214,-0.055377,-0.055377
,,-0.689481,-5.310721,-8.548833,1680519464648,,,,,,,,,,1.144693,0.328667,-0.851055,0.116686,0.033503,-0.086754,-0.086754
,,-0.541669,-5.284925,-8.220261,1680519464745,,,,,,,,,,1.283178,0.313779,-0.548714,0.130803,0.031986,-0.055934,-0.055934
,,-0.178903,-5.342081,-8.224916,1680519464849,,,,,,,,,,1.605583,0.249681,-0.548206,0.163668,0.025452,-0.055882,-0.055882
,,-0.081151,-5.460355,-8.472012,1680519464948,,,,,,,,,,1.811794,0.081262,-0.752638,0.184688,0.008284,-0.076722,-0.076722
,,-0.158915,-5.518175,-8.095595,1680519465049,,,,,,,,,,1.837799,0.014033,-0.346338,0.187339,0.001430,-0.035305,-0.035305
,,-0.332514,-5.522331,-8.445068,1680519465149,,,,,,,,,,1.794465,-0.049891,-0.562654,0.182922,-0.005086,-0.057355,-0.057355
,,-0.371537,-5.446564,-8.465047,1680519465249,,,,,,,,,,1.860991,-0.067294,-0.542123,0.189703,-0.006860,-0.055262,-0.055262
,,-0.506417,-5.275839,-8.667092,1680519465349,,,,,,,,,,1.839250,0.022959,-0.718082,0.187487,0.002340,-0.073199,-0.073199
,,-0.826546,-5.209232,-8.817753,1680519465448,,,,,,,,,,1.600338,0.120621,-0.947915,0.163133,0.012296,-0.096627,-0.096627
,,-0.853939,-4.980124,-8.739137,1680519465549,,,,,,,,,,1.579676,0.349425,-0.871073,0.161027,0.035619,-0.088794,-0.088794
,,-0.745739,-4.879608,-8.818247,1680519465649,,,,,,,,,,1.691165,0.454839,-0.954531,0.172392,0.046365,-0.097302,-0.097302
,,-0.762350,-4.943350,-8.700447,1680519465748,,,,,,,,,,1.674820,0.398550,-0.841865,0.170726,0.040627,-0.085817,-0.085817
,,-0.843366,-4.887791,-8.542401,1680519465849,,,,,,,,,,1.581054,0.462245,-0.685416,0.161168,0.047120,-0.069869,-0.069869
,,-0.939322,-4.906781,-8.592377,1680519465948,,,,,,,,,,1.464208,0.447198,-0.731621,0.149257,0.045586,-0.074579,-0.074579
,,-0.836550,-4.887681,-8.562185,1680519466049,,,,,,,,,,1.555221,0.451550,-0.687958,0.158534,0.046030,-0.070128,-0.070128
,,-1.215552,-5.083858,-8.439570,1680519466148,,,,,,,,,,1.156618,0.235078,-0.545975,0.117902,0.023963,-0.055655,-0.055655
,,-1.638213,-5.080420,-8.380223,1680519466248,,,,,,,,,,0.640270,0.268478,-0.482125,0.065267,0.027368,-0.049146,-0.049146
,,-1.916520,-5.094815,-8.305633,1680519466348,,,,,,,,,,0.191688,0.324648,-0.416448,0.019540,0.033094,-0.042451,-0.042451
,,-2.006223,-5.241785,-8.182734,1680519466448,,,,,,,,,,-0.133209,0.275994,-0.314555,-0.013579,0.028134,-0.032065,-0.032065
,,-2.002581,-5.352809,-8.118243,1680519466546,,,,,,,,,,-0.422117,0.283062,-0.280402,-0.043029,0.028854,-0.028583,-0.028583
,,-1.902304,-5.470220,-7.936606,1680519466648,,,,,,,,,,-0.673295,0.307676,-0.141744,-0.068634,0.031364,-0.014449,-0.014449
,,-1.174383,-5.476936,-7.972771,1680519466748,,,,,,,,,,-0.287050,0.439577,-0.224505,-0.029261,0.044809,-0.022885,-0.022885
,,-0.490640,-5.661462,-7.922630,1680519466849,,,,,,,,,,0.159096,0.349570,-0.210064,0.016218,0.035634,-0.021413,-0.021413
,,-0.242351,-5.855753,-7.887124,1680519466948,,,,,,,,,,0.278390,0.210414,-0.199844,0.028378,0.021449,-0.020371,-0.020371
,,-0.425296,-6.057523,-7.728144,1680519467049,,,,,,,,,,0.009291,0.047641,-0.063714,0.000947,0.004856,-0.006495,-0.006495
,,-0.514695,-6.273938,-7.531284,1680519467148,,,,,,,,,,-0.147149,-0.137641,0.111861,-0.015000,-0.014031,0.011403,0.011403
,,-0.797826,-6.480224,-7.361382,1680519467249,,,,,,,,,,-0.495814,-0.318469,0.261758,-0.050542,-0.032464,0.026683,0.026683
,,-1.316702,-6.603064,-7.196235,1680519467348,,,,,,,,,,-1.160583,-0.428894,0.412381,-0.118306,-0.043720,0.042037,0.042037
,,-1.462090,-6.775510,-7.110324,1680519467448,,,,,,,,,,-1.571613,-0.613169,0.495068,-0.160205,-0.062504,0.050466,0.050466
,,-1.027937,-6.887642,-7.055303,1680519467547,,,,,,,,,,-1.452182,-0.740551,0.548979,-0.148031,-0.075489,0.055961,0.055961
,,-0.723910,-6.869679,-6.989575,1680519467648,,,,,,,,,,-1.460394,-0.757290,0.622036,-0.148868,-0.077196,0.063408,0.063408
,,-0.561373,-6.765032,-7.150131,1680519467749,,,,,,,,,,-1.607568,-0.714425,0.480994,-0.163870,-0.072826,0.049031,0.049031
,,-0.133717,-6.700905,-7.294276,1680519467849,,,,,,,,,,-1.452819,-0.710938,0.334061,-0.148096,-0.072471,0.034053,0.034053
,,0.489572,-6.680238,-7.321709,1680519467948,,,,,,,,,,-0.999428,-0.756683,0.332860,-0.101879,-0.077134,0.033931,0.033931
52.467044,13.378297,0.000000,0.000000,0.000000,1680519468000,14.242690,0.094272,-0.464123,-0.518249,,,,,0,,,,,,
,,0.648272,-6.620238,-7.329453,1680519468049,,,,,,,,,,-0.900116,-0.734778,0.344252,-0.091755,-0.074901,0.035092,0.035092
,,0.667542,-6.570237,-7.266579,1680519468148,,,,,,,,,,-0.892190,-0.717159,0.429958,-0.090947,-0.073105,0.043829,0.043829
,,1.056977,-6.596837,-7.491571,1680519468249,,,,,,,,,,-0.419580,-0.746892,0.220123,-0.042771,-0.076136,0.022439,0.022439
,,1.389326,-6.567418,-7.279138,1680519468348,,,,,,,,,,0.087537,-0.686047,0.429553,0.008923,-0.069933,0.043787,0.043787
,,1.279679,-6.560078,-7.319155,1680519468448,,,,,,,,,,0.235633,-0.646464,0.415079,0.024020,-0.065898,0.042312,0.042312
,,1.018512,-6.525066,-7.362814,1680519468549,,,,,,,,,,0.263381,-0.562038,0.363723,0.026848,-0.057292,0.037077,0.037077
,,0.930605,-6.487848,-7.454294,1680519468649,,,,,,,,,,0.502696,-0.484926,0.264106,0.051243,-0.049432,0.026922,0.026922
,,0.583427,-6.410534,-7.510073,1680519468748,,,,,,,,,,0.488169,-0.374212,0.197289,0.049762,-0.038146,0.020111,0.020111
,,0.048699,-6.298053,-7.439844,1680519468849,,,,,,,,,,0.197157,-0.237516,0.254440,0.020098,-0.024212,0.025937,0.025937
,,-0.388527,-6.224621,-7.737724,1680519468948,,,,,,,,,,-0.047842,-0.167635,-0.035654,-0.004877,-0.017088,-0.003634,-0.003634
,,-0.457459,-6.146284,-7.775441,1680519469046,,,,,,,,,,-0.036913,-0.102955,-0.071372,-0.003763,-0.010495,-0.007275,-0.007275
,,-0.653321,-6.025505,-7.796043,1680519469148,,,,,,,,,,-0.217828,-0.010624,-0.106845,-0.022205,-0.001083,-0.010891,-0.010891
,,-0.857357,-5.944104,-7.762029,1680519469249,,,,,,,,,,-0.521901,0.102757,-0.074407,-0.053201,0.010475,-0.007585,-0.007585
,,-0.966525,-5.907301,-7.807784,1680519469348,,,,,,,,,,-0.770818,0.149545,-0.133812,-0.078575,0.015244,-0.013640,-0.013640
,,-0.868714,-5.796167,-7.880438,1680519469449,,,,,,,,,,-0.849361,0.238517,-0.221532,-0.086581,0.024314,-0.022582,-0.022582
,,-0.807137,-5.737160,-7.959663,1680519469548,,,,,,,,,,-1.050870,0.285123,-0.253958,-0.107122,0.029065,-0.025888,-0.025888
,,-0.949595,-5.664950,-7.997719,1680519469648,,,,,,,,,,-1.447316,0.374814,-0.381401,-0.147535,0.038207,-0.038879,-0.038879
,,-0.872575,-5.693091,-8.054980,1680519469745,,,,,,,,,,-1.667093,0.298299,-0.407820,-0.169938,0.030408,-0.041572,-0.041572
,,-0.623703,-5.722904,-8.194983,1680519469848,,,,,,,,,,-1.722014,0.224289,-0.544090,-0.175537,0.022863,-0.055463,-0.055463
,,-0.300380,-5.679669,-8.314225,1680519469948,,,,,,,,,,-1.720313,0.188620,-0.638285,-0.175363,0.019227,-0.065065,-0.065065
,,-0.074480,-5.718773,-8.180209,1680519470046,,,,,,,,,,-1.751909,0.126818,-0.476988,-0.178584,0.012927,-0.048623,-0.048623
,,0.118244,-5.789595,-8.194574,1680519470148,,,,,,,,,,-1.735558,0.014567,-0.509210,-0.176917,0.001485,-0.051907,-0.051907
,,0.423654,-5.828849,-8.075362,1680519470248,,,,,,,,,,-1.626756,-0.082512,-0.375317,-0.165826,-0.008411,-0.038259,-0.038259
,,0.499182,-5.803062,-7.983064,1680519470345,,,,,,,,,,-1.680111,-0.006513,-0.514272,-0.171265,-0.000664,-0.052423,-0.052423
,,0.418495,-5.748052,-8.086369,1680519470447,,,,,,,,,,-1.857608,-0.037268,-0.562872,-0.189359,-0.003799,-0.057377,-0.057377
,,0.456705,-5.951080,-8.161782,1680519470546,,,,,,,,,,-1.882021,-0.170746,-0.950820,-0.191847,-0.017405,-0.096924,-0.096924
,,0.562455,-6.003121,-7.819993,1680519470649,,,,,,,,,,-1.776951,-0.184163,-0.837612,-0.181137,-0.018773,-0.085384,-0.085384
,,0.698253,-6.130836,-7.687130,1680519470749,,,,,,,,,,-1.670495,-0.319111,-0.666990,-0.170285,-0.032529,-0.067991,-0.067991
,,0.763647,-6.322378,-7.660699,1680519470849,,,,,,,,,,-1.563214,-0.487310,-0.571271,-0.159349,-0.049675,-0.058234,-0.058234
,,0.978041,-6.664102,-7.675359,1680519470948,,,,,,,,,,-1.222475,-0.673722,-0.445315,-0.124615,-0.068677,-0.045394,-0.045394
,,1.007066,-6.589342,-7.326435,1680519471048,,,,,,,,,,-0.995292,-0.527196,-0.241797,-0.101457,-0.053741,-0.024648,-0.024648
,,0.737367,-6.660185,-6.648554,1680519471148,,,,,,,,,,-1.086409,-0.523781,0.089060,-0.110745,-0.053393,0.009079,0.009079
,,0.578911,-6.814135,-6.878007,1680519471248,,,,,,,,,,-1.176928,-0.583695,0.006224,-0.119972,-0.059500,0.000634,0.000634
,,0.457015,-6.931641,-6.666971,1680519471348,,,,,,,,,,-1.201486,-0.517699,-0.036237,-0.122476,-0.052773,-0.003694,-0.003694
,,0.324196,-6.814005,-6.410724,1680519471448,,,,,,,,,,-1.238233,-0.297678,-0.361130,-0.126222,-0.030344,-0.036812,-0.036812
,,0.184466,-6.517751,-6.592571,1680519471545,,,,,,,,,,-1.368590,-0.243132,-0.383718,-0.139510,-0.024784,-0.039115,-0.039115
,,0.176288,-6.828854,-6.921442,1680519471648,,,,,,,,,,-1.410114,-0.561905,-0.764017,-0.143742,-0.057279,-0.077881,-0.077881
,,0.450613,-6.642138,-6.840740,1680519471748,,,,,,,,,,-1.187562,-0.362879,-0.315792,-0.121056,-0.036991,-0.032191,-0.032191
,,0.494806,-6.609036,-7.087501,1680519471849,,,,,,,,,,-1.119602,-0.431005,-0.468872,-0.114129,-0.043935,-0.047795,-0.047795
,,0.421588,-6.539272,-6.994779,1680519471948,,,,,,,,,,-1.026421,-0.269851,-0.392373,-0.104630,-0.027508,-0.039997,-0.039997
52.466997,13.378464,0.000000,0.000000,0.000000,1680519472000,4.741004,-0.090479,0.219396,0.308966,,,,,0,,,,,,
,,0.479638,-6.538353,-7.320761,1680519472050,,,,,,,,,,-0.859747,-0.395428,-0.050343,-0.087640,-0.040309,-0.005132,-0.005132
,,0.361952,-6.568840,-6.992100,1680519472148,,,,,,,,,,-0.889972,-0.309547,0.314794,-0.090721,-0.031554,0.032089,0.032089
,,0.140538,-6.512572,-7.109536,1680519472249,,,,,,,,,,-1.007856,-0.232837,0.497127,-0.102738,-0.023735,0.050675,0.050675
,,-0.138287,-6.472246,-7.634858,1680519472349,,,,,,,,,,-1.208123,-0.336545,0.266123,-0.123152,-0.034306,0.027128,0.027128
,,-0.292786,-6.361865,-7.409197,1680519472448,,,,,,,,,,-1.398076,-0.081936,0.255287,-0.142515,-0.008352,0.026023,0.026023
,,-0.259171,-6.313845,-7.696730,1680519472545,,,,,,,,,,-1.561252,-0.188754,0.071610,-0.159149,-0.019241,0.007300,0.007300
,,-0.227642,-6.347969,-7.896784,1680519472649,,,,,,,,,,-1.738601,-0.204650,-0.115015,-0.177227,-0.020861,-0.011724,-0.011724
,,-0.054013,-6.197437,-7.983493,1680519472748,,,,,,,,,,-1.676308,-0.115405,-0.298923,-0.170877,-0.011764,-0.030471,-0.030471
,,0.237771,-6.023599,-7.622484,1680519472849,,,,,,,,,,-1.468928,0.087794,-0.181006,-0.149738,0.008949,-0.018451,-0.018451
,,0.497700,-6.039471,-7.691056,1680519472948,,,,,,,,,,-1.249629,0.195688,-0.459133,-0.127383,0.019948,-0.046803,-0.046803
,,0.522813,-5.956813,-7.885377,1680519473046,,,,,,,,,,-1.124069,0.137343,-0.363735,-0.114584,0.014000,-0.037078,-0.037078
,,0.432017,-5.947173,-7.973344,1680519473148,,,,,,,,,,-1.042909,0.126190,-0.125346,-0.106311,0.012863,-0.012777,-0.012777
,,0.291559,-5.868721,-7.900710,1680519473248,,,,,,,,,,-0.974394,0.251265,-0.081273,-0.099327,0.025613,-0.008285,-0.008285
,,0.152523,-5.914146,-7.968614,1680519473348,,,,,,,,,,-1.008023,0.240676,-0.217447,-0.102755,0.024534,-0.022166,-0.022166
,,0.065544,-6.034307,-7.900730,1680519473448,,,,,,,,,,-1.157320,0.101581,-0.192126,-0.117973,0.010355,-0.019585,-0.019585
,,-0.156669,-5.877453,-7.934271,1680519473548,,,,,,,,,,-1.361157,0.223741,-0.160212,-0.138752,0.022807,-0.016332,-0.016332
,,-0.092577,-5.903793,-8.059316,1680519473648,,,,,,,,,,-1.324154,0.181767,-0.323729,-0.134980,0.018529,-0.033000,-0.033000
,,0.045296,-5.714242,-7.878866,1680519473748,,,,,,,,,,-1.283728,0.375255,-0.583247,-0.130859,0.038252,-0.059454,-0.059454
,,0.226788,-5.676426,-8.065153,1680519473849,,,,,,,,,,-1.167410,0.255721,-0.615413,-0.119002,0.026067,-0.062733,-0.062733
,,0.446551,-5.633914,-8.156274,1680519473948,,,,,,,,,,-0.951399,0.228950,-0.569461,-0.096983,0.023338,-0.058049,-0.058049
,,0.519804,-5.564189,-8.159088,1680519474049,,,,,,,,,,-0.765986,0.244724,-0.451778,-0.078082,0.024946,-0.046053,-0.046053
,,0.699221,-5.783154,-7.948217,1680519474148,,,,,,,,,,-0.522890,-0.012810,-0.111659,-0.053302,-0.001306,-0.011382,-0.011382
,,0.789393,-5.908937,-8.020890,1680519474248,,,,,,,,,,-0.352510,-0.122238,-0.219082,-0.035934,-0.012461,-0.022333,-0.022333
,,0.785052,-6.000397,-8.054446,1680519474348,,,,,,,,,,-0.261066,-0.242971,-0.054360,-0.026612,-0.024768,-0.005541,-0.005541
,,0.684666,-6.045463,-7.783739,1680519474448,,,,,,,,,,-0.293368,-0.135531,-0.019192,-0.029905,-0.013816,-0.001956,-0.001956
,,0.549772,-6.194029,-7.678078,1680519474548,,,,,,,,,,-0.376792,-0.175657,-0.026308,-0.038409,-0.017906,-0.002682,-0.002682
,,0.475147,-6.245667,-7.851727,1680519474648,,,,,,,,,,-0.380659,-0.149421,-0.214811,-0.038803,-0.015231,-0.021897,-0.021897
,,0.591570,-6.127907,-7.762657,1680519474745,,,,,,,,,,-0.217724,-0.008416,-0.138859,-0.022194,-0.000858,-0.014155,-0.014155
,,0.677546,-6.014383,-7.368447,1680519474849,,,,,,,,,,-0.070917,0.108156,0.257874,-0.007229,0.011025,0.026287,0.026287
,,0.769759,-6.071365,-7.660425,1680519474948,,,,,,,,,,0.148929,0.037283,-0.015716,0.015181,0.003800,-0.001602,-0.001602
,,0.817041,-5.990652,-7.447553,1680519475049,,,,,,,,,,0.369231,0.100433,0.220230,0.037638,0.010238,0.022450,0.022450
,,0.610066,-6.059539,-7.475021,1680519475149,,,,,,,,,,0.293081,0.011949,0.215755,0.029876,0.001218,0.021993,0.021993
,,0.366398,-5.977140,-7.429969,1680519475248,,,,,,,,,,0.144898,0.080140,0.277740,0.014770,0.008169,0.028312,0.028312
,,0.062615,-5.998766,-7.594976,1680519475349,,,,,,,,,,-0.102700,0.055133,0.119446,-0.010469,0.005620,0.012176,0.012176
,,-0.079585,-6.126530,-7.642482,1680519475448,,,,,,,,,,-0.277057,-0.063637,0.062583,-0.028242,-0.006487,0.006380,0.006380
,,-0.084963,-5.911851,-7.505148,1680519475548,,,,,,,,,,-0.403029,0.159180,0.186858,-0.041083,0.016226,0.019048,0.019048
,,0.052341,-6.042415,-7.639449,1680519475648,,,,,,,,,,-0.373212,0.047196,0.034814,-0.038044,0.004811,0.003549,0.003549
,,0.379466,-6.036761,-7.737205,1680519475748,,,,,,,,,,-0.095608,0.064975,-0.073720,-0.009746,0.006623,-0.007515,-0.007515
,,0.685345,-5.974366,-7.646749,1680519475849,,,,,,,,,,0.198336,0.131472,0.013169,0.020218,0.013402,0.001342,0.001342
,,0.718666,-5.991516,-7.811356,1680519475948,,,,,,,,,,0.284568,0.116948,-0.151916,0.029008,0.011921,-0.015486,-0.015486
52.466864,13.378451,0.000000,0.000000,0.000000,1680519476000,4.742080,0.019376,-0.030234,-0.344186,,,,,0,,,,,,
,,0.535052,-5.921232,-8.191306,1680519476045,,,,,,,,,,0.197952,0.187549,-0.527596,0.020179,0.019118,-0.053781,-0.053781
,,0.359912,-6.004010,-7.875243,1680519476148,,,,,,,,,,0.118962,0.119703,-0.217056,0.012127,0.012202,-0.022126,-0.022126
,,0.133428,-5.981332,-8.143955,1680519476248,,,,,,,,,,-0.060849,0.146902,-0.486811,-0.006203,0.014975,-0.049624,-0.049624
,,0.092637,-5.881904,-8.194125,1680519476348,,,,,,,,,,-0.078361,0.251932,-0.540715,-0.007988,0.025681,-0.055119,-0.055119
,,0.109078,-6.012776,-8.206255,1680519476448,,,,,,,,,,-0.033147,0.134508,-0.563151,-0.003379,0.013711,-0.057406,-0.057406
,,0.248573,-5.942313,-7.994251,1680519476546,,,,,,,,,,0.110303,0.219683,-0.362987,0.011244,0.022394,-0.037002,-0.037002
,,0.361174,-5.982210,-7.584907,1680519476648,,,,,,,,,,0.226226,0.200260,0.029831,0.023061,0.020414,0.003041,0.003041
,,0.309232,-6.095085,-7.916537,1680519476748,,,,,,,,,,0.193602,0.094068,-0.306784,0.019735,0.009589,-0.031273,-0.031273
,,0.209624,-5.978607,-7.362080,1680519476849,,,,,,,,,,0.095798,0.216055,0.243222,0.009765,0.022024,0.024793,0.024793
,,0.019514,-6.094002,-7.192508,1680519476948,,,,,,,,,,-0.143235,0.091148,0.418252,-0.014601,0.009291,0.042635,0.042635
,,-0.022134,-5.959492,-7.270411,1680519477046,,,,,,,,,,-0.278466,0.204653,0.353121,-0.028386,0.020862,0.035996,0.035996
,,-0.120045,-5.986541,-7.460451,1680519477148,,,,,,,,,,-0.469356,0.175127,0.240117,-0.047845,0.017852,0.024477,0.024477
,,-0.013203,-5.894502,-7.754215,1680519477245,,,,,,,,,,-0.463586,0.163503,0.137515,-0.047256,0.016667,0.014018,0.014018
,,0.091091,-5.891543,-7.766230,1680519477348,,,,,,,,,,-0.474005,0.151778,0.146132,-0.048319,0.015472,0.014896,0.014896
,,0.198971,-6.007787,-8.072633,1680519477448,,,,,,,,,,-0.414317,0.026782,-0.127174,-0.042234,0.002730,-0.012964,-0.012964
,,0.289757,-5.854810,-8.219118,1680519477548,,,,,,,,,,-0.364836,0.210323,-0.285298,-0.037190,0.021440,-0.029082,-0.029082
,,0.354458,-5.974242,-8.176926,1680519477648,,,,,,,,,,-0.347719,0.089517,-0.213632,-0.035445,0.009125,-0.021777,-0.021777
,,0.496632,-6.006140,-7.868313,1680519477748,,,,,,,,,,-0.248218,0.049829,0.034358,-0.025303,0.005079,0.003502,0.003502
,,0.539039,-6.026972,-7.677599,1680519477849,,,,,,,,,,-0.220387,0.139847,0.024162,-0.022466,0.014256,0.002463,0.002463
,,0.576880,-6.021997,-7.528784,1680519477948,,,,,,,,,,-0.163830,0.154693,0.108189,-0.016700,0.015769,0.011028,0.011028
,,0.711401,-6.037161,-7.478708,1680519478049,,,,,,,,,,-0.090827,0.221509,0.064094,-0.009259,0.022580,0.006533,0.006533
,,0.706825,-6.054380,-7.307055,1680519478149,,,,,,,,,,-0.070829,0.207743,0.255438,-0.007220,0.021177,0.026039,0.026039
,,0.575184,-6.095245,-7.259314,1680519478248,,,,,,,,,,-0.133521,0.210421,0.180430,-0.013611,0.021450,0.018392,0.018392
,,0.580787,-6.110348,-7.447353,1680519478348,,,,,,,,,,-0.044621,0.174720,-0.009946,-0.004549,0.017810,-0.001014,-0.001014
,,0.510194,-6.069942,-7.617025,1680519478448,,,,,,,,,,-0.049054,0.167345,-0.113249,-0.005000,0.017059,-0.011544,-0.011544
,,0.454869,-6.061535,-7.762687,1680519478549,,,,,,,,,,-0.026485,0.167116,-0.142984,-0.002700,0.017035,-0.014575,-0.014575
,,0.268731,-5.964497,-7.882678,1680519478649,,,,,,,,,,-0.095877,0.151136,-0.132279,-0.009773,0.015406,-0.013484,-0.013484
,,0.228225,-5.930018,-7.990988,1680519478748,,,,,,,,,,-0.089862,0.150159,-0.225012,-0.009160,0.015307,-0.022937,-0.022937
,,0.263238,-5.784691,-7.946331,1680519478849,,,,,,,,,,-0.011214,0.237855,-0.036654,-0.001143,0.024246,-0.003736,-0.003736
,,0.191422,-5.836508,-8.003492,1680519478948,,,,,,,,,,-0.033881,0.255647,-0.332917,-0.003454,0.026060,-0.033937,-0.033937
,,0.240769,-5.837685,-7.790654,1680519479046,,,,,,,,,,0.013723,0.294091,-0.142634,0.001399,0.029979,-0.014540,-0.014540
,,0.267539,-5.800493,-7.789711,1680519479149,,,,,,,,,,0.069741,0.337176,-0.392167,0.007109,0.034371,-0.039976,-0.039976
,,0.391566,-5.769996,-7.684201,1680519479248,,,,,,,,,,0.241398,0.389110,-0.488883,0.024607,0.039665,-0.049835,-0.049835
,,0.501592,-5.843354,-7.363867,1680519479348,,,,,,,,,,0.408901,0.321238,-0.203814,0.041682,0.032746,-0.020776,-0.020776
,,0.481075,-5.871615,-7.725939,1680519479448,,,,,,,,,,0.493890,0.251841,-0.536823,0.050346,0.025672,-0.054722,-0.054722
,,0.521081,-5.880891,-7.735524,1680519479549,,,,,,,,,,0.545881,0.145485,-0.305121,0.055645,0.014830,-0.031103,-0.031103
,,0.420900,-5.890745,-7.769029,1680519479649,,,,,,,,,,0.592155,0.015895,-0.356802,0.060362,0.001620,-0.036371,-0.036371
,,0.441662,-5.899143,-7.614670,1680519479745,,,,,,,,,,0.724133,0.022182,-0.054294,0.073816,0.002261,-0.005535,-0.005535
,,0.401111,-6.057977,-7.724377,1680519479849,,,,,,,,,,0.754389,-0.059949,-0.199815,0.076900,-0.006111,-0.020368,-0.020368
,,0.260169,-5.983991,-7.876620,1680519479948,,,,,,,,,,0.706722,0.073692,-0.674930,0.072041,0.007512,-0.068800,-0.068800
52.466736,13.378412,0.000000,0.000000,0.000000,1680519480000,4.743034,0.038364,-0.029537,-0.158333,,,,,0,,,,,,
,,0.097013,-5.914171,-7.557130,1680519480046,,,,,,,,,,0.579794,0.211727,-0.570622,0.059102,0.021583,-0.058167,-0.058167
,,-0.000988,-5.861531,-7.611756,1680519480148,,,,,,,,,,0.563343,0.320380,-0.645616,0.057425,0.032659,-0.065812,-0.065812
,,-0.000524,-5.871375,-7.666897,1680519480248,,,,,,,,,,0.607768,0.407197,-0.665100,0.061954,0.041508,-0.067798,-0.067798
,,0.017958,-5.799585,-7.801711,1680519480348,,,,,,,,,,0.608893,0.404560,-0.717213,0.062069,0.041240,-0.073110,-0.073110
,,0.077604,-5.613616,-7.938272,1680519480448,,,,,,,,,,0.651566,0.401749,-0.385964,0.066419,0.040953,-0.039344,-0.039344
,,0.153990,-5.628735,-8.141100,1680519480549,,,,,,,,,,0.779997,0.319451,-0.229368,0.079510,0.032564,-0.023381,-0.023381
,,0.264310,-5.628630,-8.270007,1680519480648,,,,,,,,,,0.879158,0.304689,-0.099470,0.089619,0.031059,-0.010140,-0.010140
,,0.212164,-5.631669,-8.238014,1680519480748,,,,,,,,,,0.834053,0.258585,-0.126143,0.085021,0.026359,-0.012859,-0.012859
,,0.161080,-5.684424,-8.335516,1680519480849,,,,,,,,,,0.798823,0.179098,-0.229679,0.081429,0.018257,-0.023413,-0.023413
,,-0.012000,-5.692981,-8.129719,1680519480948,,,,,,,,,,0.660003,0.248631,-0.135428,0.067279,0.025345,-0.013805,-0.013805
,,-0.120245,-5.712810,-7.970111,1680519481049,,,,,,,,,,0.559747,0.338337,-0.209229,0.057059,0.034489,-0.021328,-0.021328
,,-0.197315,-5.735583,-7.957123,1680519481148,,,,,,,,,,0.402700,0.322253,-0.269106,0.041050,0.032849,-0.027432,-0.027432
,,-0.173200,-5.819518,-7.939215,1680519481245,,,,,,,,,,0.385866,0.244055,-0.353212,0.039334,0.024878,-0.036005,-0.036005
,,-0.105186,-5.798707,-7.924316,1680519481348,,,,,,,,,,0.396474,0.308013,-0.314759,0.040415,0.031398,-0.032086,-0.032086
,,-0.051498,-5.725294,-7.927056,1680519481448,,,,,,,,,,0.327363,0.353640,-0.273747,0.033370,0.036049,-0.027905,-0.027905
,,0.075673,-5.751160,-8.157047,1680519481545,,,,,,,,,,0.357547,0.312599,-0.411490,0.036447,0.031865,-0.041946,-0.041946
,,0.112636,-5.838234,-7.995957,1680519481648,,,,,,,,,,0.341501,0.297482,-0.496842,0.034812,0.030324,-0.050646,-0.050646
,,0.171942,-5.823984,-7.764723,1680519481748,,,,,,,,,,0.353402,0.336377,-0.181179,0.036025,0.034289,-0.018469,-0.018469
,,0.173065,-5.870592,-8.288714,1680519481849,,,,,,,,,,0.384433,0.313583,-0.734842,0.039188,0.031966,-0.074907,-0.074907
,,0.168505,-5.822866,-8.093759,1680519481948,,,,,,,,,,0.436510,0.345742,-0.527731,0.044496,0.035244,-0.053795,-0.053795
,,0.107247,-5.778943,-7.991651,1680519482049,,,,,,,,,,0.426282,0.435990,-0.527166,0.043454,0.044443,-0.053738,-0.053738
,,0.082977,-5.838883,-8.046238,1680519482148,,,,,,,,,,0.455237,0.434099,-0.591461,0.046405,0.044251,-0.060292,-0.060292
,,0.045885,-5.684374,-8.232311,1680519482248,,,,,,,,,,0.402239,0.540110,-0.685723,0.041003,0.055057,-0.069900,-0.069900
,,-0.089703,-5.707257,-8.109347,1680519482348,,,,,,,,,,0.299758,0.574372,-0.588597,0.030556,0.058550,-0.060000,-0.060000
,,-0.002375,-5.768270,-7.555848,1680519482448,,,,,,,,,,0.371642,0.611077,-0.168304,0.037884,0.062291,-0.017156,-0.017156
,,-0.056517,-5.748007,-7.913773,1680519482548,,,,,,,,,,0.238909,0.614934,-0.414120,0.024354,0.062684,-0.042214,-0.042214
,,-0.037742,-5.773833,-8.165390,1680519482648,,,,,,,,,,0.185326,0.549361,-0.626576,0.018892,0.056000,-0.063871,-0.063871
,,-0.006442,-5.618167,-8.170844,1680519482748,,,,,,,,,,0.209467,0.659606,-0.583909,0.021352,0.067238,-0.059522,-0.059522
,,0.117526,-5.491880,-8.168913,1680519482849,,,,,,,,,,0.281813,0.800380,-0.510772,0.028727,0.081588,-0.052066,-0.052066
,,0.172591,-5.447906,-8.545475,1680519482948,,,,,,,,,,0.326096,0.831727,-0.975537,0.033241,0.084784,-0.099443,-0.099443
,,0.083092,-5.207546,-8.600849,1680519483048,,,,,,,,,,0.246102,0.964966,-0.963374,0.025087,0.098366,-0.098203,-0.098203
,,0.297711,-5.244689,-8.426831,1680519483148,,,,,,,,,,0.502560,0.975290,-0.908745,0.051229,0.099418,-0.092635,-0.092635
,,0.306707,-5.245542,-8.409657,1680519483248,,,,,,,,,,0.601760,1.048718,-0.923873,0.061342,0.106903,-0.094177,-0.094177
,,0.082189,-5.245776,-8.232555,1680519483348,,,,,,,,,,0.462728,1.073061,-0.862277,0.047169,0.109384,-0.087898,-0.087898
,,-0.169103,-5.423427,-8.221089,1680519483448,,,,,,,,,,0.411942,0.896060,-0.856823,0.041992,0.091341,-0.087342,-0.087342
,,-0.250265,-5.368875,-8.246057,1680519483548,,,,,,,,,,0.450052,0.908986,-0.837779,0.045877,0.092659,-0.085400,-0.085400
,,-0.514061,-5.353902,-8.311202,1680519483648,,,,,,,,,,0.294189,0.939627,-0.864456,0.029989,0.095783,-0.088120,-0.088120
,,-0.942086,-5.236446,-8.388087,1680519483748,,,,,,,,,,0.007092,1.052276,-0.928906,0.000723,0.107266,-0.094690,-0.094690
,,-1.016342,-5.191020,-8.264579,1680519483849,,,,,,,,,,0.030439,1.101346,-0.819512,0.003103,0.112268,-0.083538,-0.083538
,,-1.025253,-5.195007,-8.308946,1680519483948,,,,,,,,,,0.053620,1.077045,-0.843991,0.005466,0.109791,-0.086034,-0.086034
