92#1#2
key,lat,lon,ts,bike,childCheckBox,trailerCheckBox,pLoc,incident,i1,i2,i3,i4,i5,i6,i7,i8,i9,scary,desc,i10
,,,,1,0,0,2,-5,0,0,0,0,0,0,0,0,0,0,,0

=========================
92#1
lat,lon,X,Y,Z,timeStamp,acc,a,b,c,obsDistanceLeft1,obsDistanceLeft2,obsDistanceRight1,obsDistanceRight2,obsClosePassEvent,XL,YL,ZL,RX,RY,RZ,RC
52.52494018,13.41020941,-2.390031,4.0130825,-7.7308116,1683793150000,10.971276,-2.0814455,-0.22999059,0.5803979,,,,,,-0.04000839,-0.13483898,0.2624661,0.68246925,-0.09016276,-0.10427796,0.21559374
,,-2.143251,5.6932425,-7.254001,1683793150329,,1.4200315,0.19211698,-0.26870415,,,,,,0.14728904,0.37960643,0.09753393,0.79579395,-0.10764209,-0.12758252,0.28085765
,,-2.331327,5.518088,-7.261101,1683793150580,,2.7028475,-1.1297944,-0.94554234,,,,,,0.17325023,0.28932986,0.023320356,0.7991255,-0.10505492,-0.1274799,0.2714825
,,-2.6249266,4.183053,-7.6632543,1683793150832,,-1.3600141,0.3442223,0.656756,,,,,,0.16847579,0.3033236,0.20514089,0.6187318,-0.08020518,-0.09763412,0.20634049
,,-2.6498117,4.0686755,-7.6824756,1683793151083,,-2.168799,-0.37843072,0.4313469,,,,,,0.037733734,0.16840881,0.27683386,0.6190182,-0.08431325,-0.09500012,0.20325483
,,-2.4885354,5.4728637,-7.270272,1683793151334,,1.426751,0.35521787,-0.2833649,,,,,,-0.042830184,0.29024896,0.07071285,0.7321436,-0.103987,-0.11668919,0.27163082
,,-2.2378476,5.7641506,-7.191549,1683793151585,,2.398026,-0.72540194,-0.50266534,,,,,,0.051396433,0.48208454,-0.09629227,0.72938114,-0.10307689,-0.11831358,0.28144768
,,-2.390031,4.2250066,-7.7224364,1683793151836,,-0.5603921,0.36804602,0.33971718,,,,,,-0.009606496,0.17481461,-0.0050382297,0.6155069,-0.084469415,-0.09799264,0.2183591
,,-2.4328628,3.648895,-7.860103,1683793152086,,-2.7766094,-0.36621344,0.3409389,,,,,,-0.116225876,0.007018566,0.303811,0.6200532,-0.08384733,-0.097766764,0.19667313
,,-2.2277179,5.126303,-7.4158354,1683793152336,,0.93133974,-0.16584979,0.094760396,,,,,,-0.201827,0.1577664,0.09291038,0.800081,-0.1099007,-0.12954625,0.26122463
,,-2.032623,5.658627,-7.2541595,1683793152586,,2.3583198,-0.43646288,-0.5423716,,,,,,-0.025458049,0.27888566,-0.028620036,0.7923003,-0.11096265,-0.12962607,0.28870347
,,-2.048735,4.4795237,-7.6860647,1683793152837,,0.68943727,0.05650499,-0.092164226,,,,,,0.20818825,0.03613337,0.06597757,0.7431669,-0.0989822,-0.118398316,0.23334497
52.52504414,13.41027413,-2.198047,3.570331,-7.6627746,1683793153000,11.214962,-3.199328,0.46334094,0.68668836,,,,,,0.23389848,-0.30437374,0.36847928,0.6865054,-0.08867466,-0.10783915,0.1934449
,,-1.9546967,4.6982274,-7.3499537,1683793153343,,-0.2494619,0.8310815,0.19066617,,,,,,0.23186772,-0.23052244,0.31827915,0.80450565,-0.10654725,-0.12824018,0.24669693
,,-1.8397615,5.720202,-7.1869226,1683793153594,,1.7694461,-0.123089254,-0.4568505,,,,,,0.2002482,0.19389191,0.040118042,0.7923257,-0.10872673,-0.12966362,0.28963003
,,-1.9441683,4.736193,-7.604869,1683793153845,,1.693699,-0.18112141,-0.3511709,,,,,,0.3060204,-0.028145889,0.14088696,0.80616444,-0.102350004,-0.13171062,0.24304599
,,-2.223012,3.4663231,-7.778907,1683793154095,,-3.1321328,0.6850849,1.0312161,,,,,,0.21410729,-0.3330256,0.35696185,0.6872661,-0.0850247,-0.111126706,0.19141029
,,-2.126023,4.4945188,-7.4240513,1683793154347,,-1.057636,-0.032681264,0.38797548,,,,,,0.10296728,-0.06289406,0.3541549,0.7427986,-0.095698334,-0.12084304,0.23173279
,,-2.0382059,5.6852665,-7.3556166,1683793154598,,1.978362,-0.82436204,-0.5955168,,,,,,0.0145342825,0.22448526,-0.0043730577,0.79273313,-0.107071,-0.13106161,0.28864548
,,-1.9764712,4.9112678,-7.6798434,1683793154850,,2.1035893,-0.3179551,-0.74945474,,,,,,0.12630282,0.10641409,-0.0012283325,0.8022699,-0.10357065,-0.13005213,0.25948146
,,-2.2567506,3.6358144,-7.9562154,1683793155102,,-2.9311583,0.88911366,0.6066651,,,,,,0.17249107,-0.033038724,0.21563095,0.6856878,-0.08544058,-0.11081801,0.19809575
,,-2.0632513,4.115495,-7.8602633,1683793155352,,-1.8022802,0.15118903,0.5975021,,,,,,0.17210864,0.01146609,0.0919937,0.6799833,-0.090185374,-0.10613099,0.22382352
,,-1.7627926,5.5821366,-7.398847,1683793155603,,1.490281,0.52687085,-0.40614873,,,,,,0.20154402,0.3205899,-0.11914158,0.79296905,-0.108073704,-0.12726907,0.28868088
,,-1.8709482,5.138666,-7.705527,1683793155856,,2.6545892,-0.42607817,-1.2424226,,,,,,0.101995066,0.16189581,-0.18987353,0.79807895,-0.10464229,-0.12485493,0.2757206
52.52516125,13.41032625,-2.1421347,3.9061234,-7.9497538,1683793156000,11.315151,-1.9018512,0.64354604,0.6598103,,,,,,0.09736669,0.15372087,0.14138518,0.6834057,-0.08608332,-0.10514666,0.21050952
,,-2.1355143,4.0333414,-7.784729,1683793156360,,-2.308687,-0.7828232,0.2334267,,,,,,-0.018107343,0.0671489,0.13686833,0.68346477,-0.08560341,-0.10135274,0.21184751
,,-1.9603598,5.4476595,-7.208379,1683793156611,,1.4414119,0.3497201,-0.37132943,,,,,,-0.056061734,0.13756871,0.015714359,0.796855,-0.10216337,-0.1217498,0.2805275
,,-2.0898912,5.769493,-7.135556,1683793156868,,2.1738386,-1.1627811,-0.6113993,,,,,,-0.09175062,0.4319337,0.004651769,0.796132,-0.099504784,-0.12313387,0.28422222
,,-2.4345374,4.5177283,-7.5241504,1683793157118,,-0.55489427,0.30573782,0.36109746,,,,,,-0.06274437,0.34958246,0.30602857,0.6825796,-0.08055935,-0.10559303,0.21933614
,,-2.3832514,4.0173893,-7.4493356,1683793157368,,-2.7411792,-0.59528774,-0.08849903,,,,,,0.11891973,0.19497575,0.5349424,0.6868815,-0.07929552,-0.10643806,0.19754332
,,-2.19039,5.342296,-7.0167937,1683793157620,,0.3662898,-0.12858704,0.1344666,,,,,,0.09613919,0.35982078,0.3387923,0.80188644,-0.097223066,-0.1278115,0.26134792
,,-2.1854446,5.8561144,-6.936792,1683793157870,,2.0809872,-0.08093958,-0.6950878,,,,,,0.16068922,0.48074964,0.25651696,0.7928377,-0.100634694,-0.13057362,0.2893391
,,-2.303012,4.8128443,-7.408258,1683793158120,,0.79878205,0.33444846,-0.3426188,,,,,,0.22162133,0.48400587,0.3402113,0.7432711,-0.0907697,-0.121360846,0.23452573
,,-2.3878772,3.5333216,-7.5875607,1683793158370,,-3.1553457,0.6893609,0.50465065,,,,,,0.19178995,-0.12504774,0.50114304,0.68620104,-0.082448766,-0.10977603,0.19606464
,,-2.1414964,4.7530227,-7.2745,1683793158621,,-0.17921245,0.07238748,0.27313292,,,,,,0.14317079,0.026407322,0.2977018,0.8048725,-0.096261784,-0.12679495,0.25058466
,,-2.0421944,5.8039517,-7.143532,1683793158871,,1.657047,0.25014913,-0.108657576,,,,,,0.064179845,0.39589354,-0.0026394208,0.79208565,-0.09832012,-0.12677343,0.29603672
52.52526054,13.41040399,-2.1514668,4.7554955,-7.4892154,1683793159000,12.305476,1.919719,0.1395826,-0.8435279,,,,,,0.0759641,0.08296986,0.12610774,0.80538785,-0.09159091,-0.12580745,0.25421146
,,-2.456392,3.6681974,-7.6126056,1683793159372,,-2.981249,0.79198617,0.79664403,,,,,,-0.010108423,-0.08507312,0.39587328,0.6874578,-0.07427034,-0.104576945,0.19924419
,,-2.1705296,4.3613987,-7.4857855,1683793159623,,-1.3459642,0.22021675,0.45272717,,,,,,0.015961668,-0.17547472,0.20831259,0.7440188,-0.08207114,-0.110758886,0.23815909
,,-1.9526231,5.782017,-7.1110687,1683793159872,,1.9038365,-0.12492185,-0.7409026,,,,,,0.037739985,0.26434198,0.06763855,0.793667,-0.08995194,-0.11997416,0.2964972
,,-2.0658832,5.072465,-7.402356,1683793160131,,2.2422554,-0.15118903,-0.9510401,,,,,,0.075399704,0.14206548,0.09408391,0.80294883,-0.084796056,-0.12196792,0.26621848
,,-2.3707287,3.6255248,-7.6421175,1683793160380,,-3.0124032,0.8713986,0.8632283,,,,,,0.01634258,-0.17954375,0.35835865,0.6868198,-0.06815172,-0.103291504,0.20290294
,,-2.2094529,4.292803,-7.5279,1683793160631,,-1.8969642,-0.33017242,0.19677481,,,,,,0.09172705,-0.08482688,0.18929525,0.6812378,-0.06970774,-0.0998625,0.22721931
,,-1.9930618,5.648338,-7.109155,1683793160881,,2.0938153,0.37904158,-0.63766646,,,,,,0.095045246,0.17565069,0.038611315,0.7949196,-0.082646206,-0.119889654,0.29343078
,,-2.1189241,5.3923855,-7.280641,1683793161132,,2.71873,-1.5525129,-0.50999576,,,,,,0.043558322,0.3334042,0.14564529,0.80114996,-0.07713533,-0.11973521,0.27517194
,,-2.417947,3.9412978,-7.517371,1683793161382,,-1.8914664,0.32100943,0.8540653,,,,,,0.108312696,0.1628919,0.42291477,0.62108165,-0.058490705,-0.09114288,0.20667002
,,-2.435415,3.945366,-7.5163345,1683793161634,,-2.3221262,0.286801,0.26335907,,,,,,0.024609383,-0.016750272,0.44387335,0.61882526,-0.058711495,-0.089549154,0.2158496
,,-2.13703,5.4782076,-7.0147185,1683793161885,,1.3192389,-0.22754712,-0.1636354,,,,,,0.061559595,0.25315672,0.27739036,0.7321731,-0.070872314,-0.108530864,0.2861728
52.52532497,13.41045213,-2.0832713,5.364469,-7.1405015,1683793162000,12.396626,2.4811037,-0.7345649,-0.6431643,,,,,,0.084636495,0.34874898,0.2524086,0.73426807,-0.06747686,-0.107920274,0.28152987
,,-2.3514268,3.9583662,-7.611888,1683793162389,,-0.2079231,0.29596397,0.051999863,,,,,,0.1191109,0.19614632,0.3754378,0.55522424,-0.04935841,-0.07727251,0.21382745
,,-2.5689344,3.4326632,-7.7483582,1683793162642,,-0.533514,0.27763805,0.2700786,,,,,,0.091562495,0.056477558,0.3495842,0.49358818,-0.043787472,-0.07109209,0.18773733
,,-2.465724,3.9157736,-8.033343,1683793162891,,0.7981712,-0.43524116,-0.11904228,,,,,,0.03590475,0.12942754,0.066617556,0.6892486,-0.05716591,-0.10237907,0.20502011
,,-2.5974886,3.4879367,-8.159285,1683793163142,,-0.6135373,0.1725693,0.26335907,,,,,,0.05116682,0.2880132,0.08245945,0.69487745,-0.056635514,-0.10720578,0.17371365
,,-2.8193834,2.4284756,-8.779505,1683793163392,,0.11155918,-0.083993904,-0.013973532,,,,,,0.036394406,0.13083087,0.068352446,0.7117427,-0.05478343,-0.109587915,0.11773713
,,-3.0428731,1.795973,-8.931767,1683793163644,,-0.23357943,-0.016798781,-0.037797257,,,,,,-0.043737277,-0.026090216,0.13146502,0.7174313,-0.05532391,-0.114038594,0.08855505
,,-2.9761128,2.0972292,-9.058668,1683793163896,,0.010766491,0.110871956,0.066049755,,,,,,-0.0785624,-0.01121585,-0.0063905716,0.9133183,-0.06891443,-0.14777151,0.09971612
,,-2.9249868,2.1994824,-9.035777,1683793164153,,0.11950042,-0.101708986,0.025121814,,,,,,-0.087281175,0.018159958,0.014019617,0.97877514,-0.07504065,-0.1575874,0.10470797
,,-2.9974892,1.9850059,-9.066565,1683793164408,,0.7792344,0.0015271619,-0.4880046,,,,,,-0.09428147,-0.015003651,0.010039044,0.97964627,-0.07354507,-0.15890248,0.09450434
,,-2.952823,1.8467805,-9.060662,1683793164659,,-2.7411792,0.20799945,1.0244966,,,,,,-0.095333375,-0.10977774,0.036697038,0.84889954,-0.06366535,-0.13380817,0.09201681
,,-2.8139594,2.5851257,-8.692645,1683793164909,,-1.1834742,0.40469792,0.23648103,,,,,,-0.09810208,-0.0656646,0.01792504,0.8396342,-0.06503588,-0.1308859,0.12963107
52.52539453,13.41052056,-2.5517066,3.6064627,-8.171409,1683793165000,12.417058,1.3626102,0.046731155,-0.46357,,,,,,-0.08229807,0.03232956,-0.01914363,0.82304597,-0.06750401,-0.12616642,0.18677734
,,-2.3503103,4.192864,-8.015158,1683793165413,,2.2746313,-0.70951945,-0.775111,,,,,,-0.0037169259,0.0801008,-0.07083632,0.8173314,-0.06682209,-0.1216159,0.2161412
,,-2.3708885,3.9209592,-7.91115,1683793165664,,-0.49319696,0.1933387,0.30917394,,,,,,0.07025061,0.065347925,0.041894246,0.68657565,-0.05542481,-0.102141276,0.20502184
,,-2.2488544,3.9706502,-7.8004427,1683793165915,,-2.7045274,0.021685699,0.71845335,,,,,,0.09733827,-0.100260705,0.11864383,0.68555385,-0.05525716,-0.09896169,0.2152994
,,-2.061975,5.2055864,-7.3940616,1683793166166,,-0.36858055,0.32833982,0.099036455,,,,,,0.08337857,0.1007167,0.0021903673,0.8027161,-0.068715446,-0.118384585,0.273394
,,-1.9877175,5.3773103,-7.336873,1683793166416,,1.5012766,0.30329436,-0.37621635,,,,,,0.07950878,0.11338531,-0.07452083,0.7970703,-0.06909681,-0.116942026,0.28828704
,,-2.0768902,4.839325,-7.708558,1683793166669,,2.3735914,-0.27397284,-0.96264654,,,,,,0.10987119,0.09691835,-0.020346832,0.8096176,-0.06514244,-0.11673016,0.25531933
,,-2.308356,3.9574099,-7.791987,1683793166919,,-0.6672934,0.18539746,0.06666062,,,,,,0.025356269,0.011020169,0.12857951,0.8164151,-0.061102174,-0.12118657,0.21344553
,,-2.1869605,4.279244,-7.787522,1683793167171,,-2.3954298,-0.062002774,0.5504655,,,,,,-0.023446536,-0.11616622,0.07595765,0.9460769,-0.06835173,-0.1369701,0.23293771
,,-2.1100707,5.3321652,-7.405467,1683793167422,,-0.083306685,0.13652828,0.084375694,,,,,,-0.09487887,0.11677204,-0.06333535,0.9319675,-0.07013803,-0.13521451,0.2826106
,,-2.0510478,5.316134,-7.4273214,1683793167672,,1.5067743,0.34910923,-0.25587597,,,,,,-0.07409696,0.087972194,-0.08607818,0.9312914,-0.06649062,-0.13234176,0.28612062
,,-2.099941,4.764429,-7.71454,1683793167922,,2.2654684,-0.59650946,-0.86429733,,,,,,-0.011357093,0.06786018,0.023536937,0.9431679,-0.060065284,-0.13178858,0.25359726
52.52550185,13.41061289,-2.2837102,3.9756746,-7.7709303,1683793168000,12.421403,-1.0631338,0.31917685,0.4276817,,,,,,-5.3917564E-4,0.0012687881,0.12809874,0.8168003,-0.049791217,-0.11610544,0.21579948
,,-2.1091933,4.3185663,-7.742137,1683793168423,,-2.1217625,-0.16523892,0.34826928,,,,,,0.049750764,-0.10084351,0.09009649,0.81499,-0.050583765,-0.111366354,0.23646943
,,-1.9889141,5.150072,-7.4137626,1683793168673,,-0.38751733,0.30757043,0.2871828,,,,,,0.105058104,0.056891713,-0.039810434,0.80307704,-0.054180205,-0.112742394,0.2768296
,,-1.917927,5.1077194,-7.4079404,1683793168924,,1.4908918,0.43524116,-0.34872743,,,,,,0.17666508,0.038364522,-0.026910799,0.80265546,-0.05605354,-0.11355687,0.2773939
,,-1.9590833,4.6084166,-7.69436,1683793169174,,2.1347432,-0.4816669,-1.0585523,,,,,,0.26654613,-0.025020393,0.029893827,0.81215084,-0.055748675,-0.11576188,0.25020763
,,-2.2083359,3.9364321,-7.735837,1683793169427,,-0.5127446,0.51343185,0.13691007,,,,,,0.20115057,-0.09884883,0.1407624,0.81591195,-0.05451016,-0.12372523,0.21739414
,,-2.0730617,4.264648,-7.771808,1683793169679,,-2.697197,0.2764163,0.91454095,,,,,,0.1456179,-0.19628972,0.046749193,0.94601196,-0.06436772,-0.13994463,0.2349245
,,-2.047299,5.1921854,-7.421259,1683793169929,,-0.58849186,0.17195843,0.014126248,,,,,,-0.01842111,0.040810704,-0.045948204,0.93354475,-0.07261763,-0.13713618,0.27663934
,,-2.0504098,5.2153964,-7.4094543,1683793170179,,1.3846014,0.32772896,-0.4379137,,,,,,-0.15428826,-0.026065318,-0.09405252,0.9302489,-0.07362721,-0.130988,0.2854361
,,-2.1284957,4.765625,-7.7103925,1683793170430,,1.9612577,-0.48899725,-1.0982585,,,,,,-0.1974878,-0.13411267,-0.04986547,0.93957716,-0.06703577,-0.12622373,0.26375076
,,-2.3818958,4.03717,-7.8656073,1683793170684,,-0.7772491,0.44929105,0.05627592,,,,,,-0.40953892,-0.27146262,0.0062188627,0.94553536,-0.054368656,-0.12547722,0.23415108
,,-2.1241882,4.326383,-7.8591456,1683793170935,,-2.3795474,0.09193515,0.051999863,,,,,,-0.4526461,-0.40305278,-0.033076905,0.94483864,-0.046252027,-0.10953645,0.25684777
52.52560259,13.41065835,-2.1070395,5.3356757,-7.4689565,1683793171000,12.426116,-0.20486878,0.3252855,0.10147991,,,,,,-0.5353692,-0.16613954,-0.09994095,0.9330351,-0.03399455,-0.10031211,0.3040841
,,-1.9704891,5.330172,-7.5543804,1683793171438,,1.133536,0.3839285,-0.025579963,,,,,,-0.32711986,-0.20156914,-0.18469144,0.9326512,-0.01431702,-0.094601706,0.30856502
,,-2.0206587,4.7587657,-7.856275,1683793171695,,2.2508075,-0.29718572,-1.2027164,,,,,,-0.16671473,-0.21689497,-0.019378185,0.9449021,0.006959064,-0.09522837,0.27676576
,,-2.26034,3.9612386,-7.948957,1683793171945,,-1.1016183,0.85490525,0.2334267,,,,,,-0.15133022,-0.16750605,0.06369036,0.95043826,0.027893163,-0.10817375,0.23471089
,,-2.0286353,4.264569,-7.75131,1683793172195,,-2.2390485,-0.11514801,-0.075670876,,,,,,0.07525755,-0.20466538,0.1262633,0.947698,0.036011532,-0.10802448,0.250269
,,-2.0216165,5.266524,-7.447343,1683793172448,,0.30581418,-0.30024004,0.16867504,,,,,,0.20609795,0.17867406,-0.0702709,0.9346251,0.041545942,-0.11554503,0.29018047
,,-1.892324,5.1972904,-7.516256,1683793172699,,1.5415937,0.29901832,-0.018249584,,,,,,0.48133114,0.17839415,-0.13107648,0.93379253,0.043815017,-0.12361415,0.29029673
,,-2.0661225,4.548437,-7.7328057,1683793172950,,2.1781147,-0.5513055,-0.5295434,,,,,,0.53352946,0.1617275,-0.018433666,0.9441679,0.043648183,-0.13630839,0.25483668
,,-2.2467806,3.7748373,-7.809535,1683793173204,,-1.6782746,0.40408704,0.6164389,,,,,,0.5512112,0.13424034,0.015612046,0.88318634,0.036900107,-0.13715585,0.21505524
,,-2.0201008,4.36068,-7.7046494,1683793173454,,-1.9519421,-0.4914407,0.4258491,,,,,,0.61515176,0.055198494,0.029510656,0.88020384,0.02085796,-0.12859198,0.2450915
,,-2.0080566,5.4089756,-7.409774,1683793173706,,0.52511466,0.14446951,0.021456625,,,,,,0.5354041,0.35293227,-0.17275627,0.8661551,0.003962557,-0.12870248,0.2893847
,,-1.991626,5.254957,-7.5721664,1683793173956,,2.0040183,-0.094378605,-0.48433942,,,,,,0.46877348,0.2567499,-0.16041571,0.8689215,-0.011253783,-0.1274547,0.28312632
52.52596794,13.41090125,-2.198047,4.3817368,-7.8367333,1683793174000,12.002986,1.1610249,0.12553272,-0.12942697,,,,,,0.35156444,0.14124046,0.025199126,0.8813336,-0.018869579,-0.1314153,0.23724985
,,-2.265684,3.8268409,-7.9030147,1683793174461,,-2.7659194,0.65049464,1.0183116,,,,,,0.19131194,-0.047609985,0.14647941,0.88586,-0.024266157,-0.12795171,0.21208999
,,-2.0342982,4.985605,-7.7261844,1683793174712,,-1.3816998,-0.022678355,0.4196641,,,,,,0.026100194,0.06774553,-0.022651037,0.94217014,-0.03471394,-0.1253218,0.26649502
,,-1.9877974,5.709195,-7.4526052,1683793174962,,1.46493,-0.1155298,-0.3817905,,,,,,-0.1967437,0.24586654,-0.14420651,0.93000567,-0.042303775,-0.11802795,0.30344388
,,-2.0444276,5.169215,-7.856992,1683793175215,,3.046459,-1.1210133,-1.0494657,,,,,,-0.30907282,0.16000602,-0.15353633,0.94047457,-0.038512323,-0.11091047,0.27812994
,,-2.257229,3.8136015,-7.9365134,1683793175467,,-1.6058872,1.0726022,0.22357652,,,,,,-0.3338013,-0.18028124,0.15504144,0.95213497,-0.025344903,-0.11666147,0.22362961
,,-2.1611176,4.0247283,-7.8755774,1683793175718,,-2.3908484,0.0457385,-0.124616414,,,,,,-0.5053752,-0.29980367,0.11753249,0.9505919,-0.017914664,-0.10315418,0.23815425
,,-2.0116458,5.387042,-7.367899,1683793175969,,0.73067063,0.4641809,-0.3604102,,,,,,-0.5800508,-0.033475194,-0.032607045,0.93353117,-0.012812541,-0.087341115,0.30392033
,,-1.9546169,5.4136024,-7.3861647,1683793176220,,1.7007239,-0.38797548,-0.5717694,,,,,,-0.5313193,-0.11275411,-0.13393573,0.93153197,0.0057312176,-0.07657608,0.31130573
,,-2.2208583,4.408855,-7.8037124,1683793176470,,0.52236575,0.7879392,0.0,,,,,,-0.48273426,-0.24920999,-0.05310766,0.9455815,0.033821933,-0.08085801,0.2624574
,,-2.254278,3.7979674,-7.771808,1683793176721,,-2.5307364,0.41042477,0.068416856,,,,,,-0.5067515,-0.46916485,0.14310266,0.95052034,0.054326348,-0.07913856,0.23709436
,,-2.0552754,5.1794233,-7.5251083,1683793176972,,-0.13614649,0.28580835,-0.0537561,,,,,,-0.65415245,-0.1678763,-0.12559186,0.9368872,0.065576255,-0.055881687,0.29708937
52.52608848,13.41099209,-1.9955345,5.8395233,-7.3640714,1683793177000,11.849774,1.9407938,-0.19310963,-0.45326167,,,,,,-0.6077105,0.04423561,-0.25758877,0.92537016,0.08384513,-0.04708053,0.3293144
,,-2.1515465,4.826962,-7.8868237,1683793177472,,1.623144,0.048792824,-0.52778715,,,,,,-0.47031668,-0.12636484,-0.23275396,0.9367476,0.11272123,-0.058971863,0.28329578
,,-2.3797421,3.6997025,-7.980223,1683793177725,,-2.8514404,0.6932552,0.80206543,,,,,,-0.46251535,-0.27454135,0.13807149,0.94515747,0.13702229,-0.07446254,0.23258422
,,-2.123391,4.5934215,-7.702098,1683793177975,,-1.0603849,0.36277732,0.02687805,,,,,,-0.2728523,-0.11149747,0.09479057,0.9351824,0.14714646,-0.059581093,0.267735
,,-1.9271793,5.605904,-7.3967743,1683793178226,,1.7941862,-0.23464844,-0.4196641,,,,,,-0.080440804,0.14042003,-0.010301844,0.919776,0.16076806,-0.04845511,0.31558472
,,-2.08032,4.850013,-7.795976,1683793178476,,2.0281475,-0.28168502,-0.31826055,,,,,,0.10070875,0.07814301,0.011224095,0.925374,0.18322621,-0.06468503,0.28265908
,,-2.3538198,3.556373,-7.94098,1683793178726,,-2.9919393,0.9705878,0.97371846,,,,,,0.13326387,-0.24058121,0.3257176,0.93520504,0.20003422,-0.08467912,0.22923532
,,-2.2395222,4.3309298,-7.634541,1683793178979,,-0.2540434,0.5032762,0.36407542,,,,,,0.10202405,-0.024885703,0.32617575,0.9271282,0.200208,-0.069509916,0.26001674
,,-2.0489743,5.627999,-7.4821973,1683793179230,,2.2883759,-0.57428926,-0.5558869,,,,,,0.14719205,0.31782827,0.103346825,0.9144593,0.2010695,-0.04981722,0.31255123
,,-2.296392,4.6519656,-7.71478,1683793179482,,0.49915287,0.71768975,0.27427828,,,,,,0.11849912,0.18188518,0.2186245,0.91847044,0.21700236,-0.06953025,0.27755862
,,-2.4785657,3.641717,-7.8920875,1683793179735,,-3.1495423,0.40431613,0.3420843,,,,,,0.096386306,-0.0871912,0.3870959,0.928347,0.22770151,-0.08571032,0.23281002
,,-2.3781466,4.533921,-7.4770923,1683793179987,,1.3097705,0.19540037,-0.1802051,,,,,,0.027459236,0.09918276,0.38012448,0.9184389,0.22463852,-0.069125846,0.26840952
52.52624992,13.41097978,-2.0198612,5.5318875,-7.4623365,1683793180000,13.08073,3.3054657,-0.86933696,-1.6804891,,,,,,0.1881844,0.441228,0.15715729,0.91088676,0.22480753,-0.05107824,0.3070523
,,-2.2315462,4.314179,-7.7871227,1683793180489,,-2.5289037,0.8080977,0.95478165,,,,,,0.21837768,0.2647514,0.24398617,0.9167245,0.2413884,-0.07477599,0.25751656
,,-2.0658832,4.0364523,-7.740542,1683793180744,,-1.9131521,-0.8577305,0.06780599,,,,,,0.51647264,0.18858226,0.29810274,0.9209417,0.24782033,-0.0808494,0.23958783
,,-1.902294,5.150551,-7.4217377,1683793180995,,2.56693,0.450131,-0.5039635,,,,,,0.36865744,0.3761392,0.15509139,0.90962297,0.24180587,-0.056957703,0.28672716
,,-2.00024,5.145925,-7.5356355,1683793181246,,1.1179589,0.50449795,0.0537561,,,,,,0.47854328,0.48726967,0.06151552,0.9056105,0.24887824,-0.06340778,0.2913949
,,-2.0849464,3.9488752,-7.717013,1683793181496,,-3.4506989,0.73479396,0.40255988,,,,,,0.57264674,0.13977219,0.36047757,0.9152676,0.2597444,-0.082534544,0.24400592
,,-2.2926433,4.4350963,-7.4421573,1683793181748,,0.9371429,-0.358654,-0.091629714,,,,,,0.46715233,0.24102607,0.35210526,0.90833294,0.26416802,-0.07555778,0.2585796
,,-1.9792633,5.2832723,-7.2512107,1683793181998,,3.1277041,-0.71784246,-1.2473859,,,,,,0.66727,0.27894586,0.2614726,0.90232295,0.26303607,-0.05652622,0.2964368
,,-2.494119,4.346883,-7.472704,1683793182249,,-2.5612798,0.86307555,0.8790344,,,,,,0.2894762,0.12666515,0.36843106,0.90619975,0.27178246,-0.074978895,0.26092526
,,-2.3482366,4.0111685,-7.6534433,1683793182500,,-1.1562907,0.31512988,0.29016078,,,,,,0.4047871,0.02387309,0.35153115,0.9126977,0.27758458,-0.076467566,0.24035001
,,-2.072583,4.936951,-7.4917684,1683793182752,,2.3519058,-1.1692716,-0.22235478,,,,,,0.28132153,0.24606617,0.17302306,0.9064074,0.2748768,-0.049437534,0.2722887
52.52639778,13.41092532,-2.1104698,4.0153165,-7.810572,1683793183000,13.253356,-2.63214,-0.5639045,-0.043371398,,,,,,0.2713598,0.06595733,0.24542223,0.91435724,0.28245097,-0.06663816,0.23791414
,,-2.1594427,4.8693137,-7.5227947,1683793183003,,-1.1031455,0.7097485,0.7513637,,,,,,0.300202,0.34838194,0.128338,0.9048056,0.28000164,-0.05461611,0.26974946
,,-2.177389,4.613442,-7.7411804,1683793183507,,2.4991243,0.7464004,-0.835663,,,,,,-0.024442676,0.36796194,0.1651749,0.9094455,0.27691314,-0.054710157,0.25670698
,,-1.9988043,4.9442105,-7.746764,1683793183762,,1.4869212,0.13187043,-0.12278382,,,,,,0.056725692,0.4637156,0.06808557,0.90669626,0.27840936,-0.044893377,0.27417925
,,-2.1395822,4.0717063,-7.82772,1683793184012,,-3.2124615,0.28153232,0.29016078,,,,,,0.04117972,0.17117114,0.25555924,0.9107689,0.28543404,-0.058958072,0.245813
,,-2.336671,4.31051,-7.778667,1683793184265,,1.9328525,0.002367101,-0.4062251,,,,,,-0.081855945,0.2791959,0.3294671,0.9085902,0.28478664,-0.05742953,0.2514487
,,-2.1131816,4.994618,-7.7761946,1683793184517,,2.7679048,-0.43623382,-0.85765415,,,,,,-0.013138938,0.4726308,0.21727926,0.9053571,0.28482577,-0.04070769,0.27366942
,,-2.292404,4.4520864,-7.80786,1683793184768,,-3.3511279,0.99502236,0.9828814,,,,,,-0.002480467,0.44362408,0.3106594,0.9060596,0.2918567,-0.055081423,0.25215256
,,-2.206342,4.275017,-7.7137423,1683793185019,,-0.024969097,-0.059941106,0.04214967,,,,,,0.13032596,0.27882302,0.3751329,0.9079475,0.29453054,-0.057228092,0.24515192
,,-2.0134008,4.786043,-7.684151,1683793185270,,3.006142,-0.9872338,-0.74647677,,,,,,0.2540704,0.31727016,0.24077474,0.9030065,0.29140788,-0.043339644,0.27003804
,,-2.1672592,4.818028,-7.6039124,1683793185522,,-2.947957,0.63461214,1.1490366,,,,,,0.2804795,0.58808583,0.33067286,0.90239173,0.29550248,-0.051748987,0.2622215
,,-2.2476583,4.5942187,-7.7635937,1683793185775,,-1.0390047,0.15691589,0.53145236,,,,,,0.39362234,0.58984005,0.35761037,0.9066698,0.29772848,-0.05835955,0.24806526
52.52660642,13.41092802,-2.333959,5.1515875,-7.484191,1683793186000,15.247524,-1.3707042,0.5820778,0.4214967,,,,,,0.35430247,0.9048518,0.44262382,0.900673,0.29302534,-0.048261642,0.2704877
,,-2.4393234,5.1653066,-7.577831,1683793186025,,2.9487207,-0.59200436,-0.54366964,,,,,,0.233487,0.78041273,0.3573723,0.9013037,0.29186943,-0.048021067,0.2700831
,,-2.5016165,4.6185465,-7.7295356,1683793186526,,-2.9497898,-0.6811906,0.42882708,,,,,,0.32658917,0.8108111,0.5342611,0.90651125,0.2967762,-0.059745736,0.24638833
,,-2.6189444,5.0275593,-7.3767543,1683793186778,,2.4661374,1.015181,-0.8631519,,,,,,0.15904805,0.8840086,0.6274717,0.9025098,0.29182333,-0.055733297,0.2604453
,,-2.5355146,5.3273797,-7.5074816,1683793187028,,1.4771473,0.09766201,0.15699224,,,,,,0.21233478,1.0217028,0.48754326,0.90070754,0.29087132,-0.050316446,0.27404153
,,-2.4361327,4.3339596,-7.54114,1683793187280,,-3.4702466,-0.17722714,0.3817905,,,,,,0.18435898,0.5464646,0.6431992,0.90619284,0.29489797,-0.06353665,0.24435496
,,-2.2806787,4.4687557,-7.473184,1683793187532,,1.8992549,0.24304782,-0.51618075,,,,,,0.1305147,0.447567,0.59694535,0.9049377,0.29016092,-0.060757473,0.2507575
,,-2.307638,5.3311296,-7.683991,1683793187784,,2.441092,-0.70073825,-0.85398895,,,,,,0.008224734,0.67842305,0.28812137,0.902294,0.28600264,-0.04640172,0.2767239
,,-2.3881965,4.5533032,-7.468717,1683793188035,,-3.585089,1.0335069,0.8949169,,,,,,-0.007701989,0.40531313,0.6131845,0.9041065,0.2907054,-0.058802087,0.25534588
,,-2.3777478,4.6068215,-7.5861254,1683793188285,,0.3201695,0.48433942,-0.056199558,,,,,,-0.043185595,0.474829,0.62870586,0.90502,0.2942769,-0.05403794,0.24971452
,,-2.2104895,5.186204,-7.4269233,1683793188536,,3.168632,-1.1643846,-0.57909983,,,,,,-0.074761696,0.36617506,0.5441797,0.8988398,0.29188463,-0.032052595,0.27847514
,,-2.3607588,5.0024347,-7.422377,1683793188786,,-2.126344,0.6230057,0.6395754,,,,,,-0.080491886,0.5301403,0.6240676,0.8982456,0.29706386,-0.038643174,0.27007282
52.5267422,13.41083555,-2.2080965,4.814918,-7.3228345,1683793189000,12.06606,2.156429,0.075670876,-0.5705477,,,,,,-0.20461127,0.21938811,0.55419225,0.8958099,0.3015373,-0.025489312,0.27291265
,,-2.3908286,4.37408,-7.6626964,1683793189036,,-2.5606687,-0.68302315,0.6334668,,,,,,-0.10993652,0.32885233,0.6050026,0.9049244,0.30595577,-0.044702854,0.2433235
,,-2.194936,5.356414,-7.531011,1683793189539,,1.758756,0.021914775,-0.44165525,,,,,,-0.21869688,0.47855705,0.36975643,0.89250535,0.3047704,-0.014059786,0.28973398
,,-2.2299516,4.1161337,-7.6480193,1683793189789,,-3.3932774,0.21189372,0.57665634,,,,,,-0.16870852,0.06379914,0.5922376,0.90036,0.31533048,-0.035702955,0.2472241
,,-2.2671995,4.42377,-7.384331,1683793190040,,1.2572361,0.08727731,-0.21258095,,,,,,-0.2956236,0.14496085,0.6013785,0.89581573,0.31263325,-0.030122587,0.2596433
,,-1.9752749,5.369972,-7.4203024,1683793190291,,2.9022949,-1.0477095,-0.813061,,,,,,-0.2288319,0.31309816,0.2595325,0.8885178,0.31076404,-0.0066006975,0.29840294
,,-2.1711671,4.5304103,-7.4516478,1683793190542,,-2.8569381,0.98036164,0.69088805,,,,,,-0.12251385,0.24062438,0.4689864,0.88954026,0.32163444,-0.028954387,0.26931396
,,-2.235614,4.165904,-7.6636524,1683793190794,,-1.9107087,0.07933606,0.66095567,,,,,,-0.058926962,0.17837459,0.50760007,0.8950503,0.32931483,-0.038506158,0.24782032
,,-2.0717854,5.073581,-7.408499,1683793191047,,2.2309546,0.066507906,-0.80878496,,,,,,-0.101744935,0.28037226,0.25337538,0.88446414,0.32317603,-0.016325979,0.28585133
,,-2.1697319,5.369254,-7.5556564,1683793191300,,1.3745221,0.12087487,-0.18692462,,,,,,-0.0944823,0.5126923,0.10208914,0.88116187,0.32748982,-0.014502035,0.2953189
,,-2.2556343,4.1083164,-7.8036323,1683793191551,,-3.2704937,0.23449571,0.47403106,,,,,,-0.022592274,0.10787172,0.3539868,0.89098036,0.3394996,-0.038323294,0.24692315
,,-2.3646674,4.53743,-7.474142,1683793191804,,1.04099,0.23938264,-0.106290475,,,,,,-0.17574522,0.19586185,0.4225179,0.88471115,0.33750853,-0.029603899,0.26330763
52.52688595,13.41076103,-2.3044474,4.5937405,-7.4361744,1683793192000,11.463124,-2.4055092,0.83008885,0.6139191,,,,,,-0.0640864,0.22355601,0.37826493,0.88009727,0.34514678,-0.026808264,0.27019435
,,-2.080958,5.5685763,-7.4253287,1683793192057,,3.1124325,-0.85040015,-0.8472695,,,,,,-0.08509032,0.34487942,0.121027134,0.8774887,0.33402628,-0.0024977073,0.30445802
,,-2.3857238,4.035575,-7.686304,1683793192560,,-2.2595124,-0.7764855,0.5894845,,,,,,-0.050854437,0.10911017,0.45931283,0.8872114,0.35269365,-0.039382316,0.244265
,,-2.1724439,4.966463,-7.3860846,1683793192811,,2.0238714,0.3023017,-0.641408,,,,,,-0.061246734,0.17397042,0.30976823,0.87728953,0.34261465,-0.014531356,0.28539166
,,-2.1582465,5.383453,-7.486664,1683793193062,,2.2382848,-0.35559967,-0.24190246,,,,,,-0.023721397,0.5113348,0.12919244,0.87397945,0.34428993,-0.0093156835,0.30001885
,,-2.2806792,4.006782,-7.761679,1683793193314,,-3.503844,0.34445137,0.822224,,,,,,0.04049754,0.16766207,0.33346954,0.8839239,0.3564724,-0.037968148,0.24819784
,,-2.3014967,4.299025,-7.533643,1683793193567,,0.5132028,0.48922634,-0.0067195124,,,,,,-0.0648387,0.18389593,0.357131,0.8795969,0.35471857,-0.031186517,0.2593835
,,-1.999203,5.3635917,-7.4337816,1683793193818,,3.16008,-1.2022582,-1.1062762,,,,,,0.035467144,0.29096037,0.10971001,0.871211,0.35015973,1.4751298E-4,0.30378157
,,-2.1988444,4.5992446,-7.423653,1683793194070,,-1.1611776,0.703029,0.50029826,,,,,,0.09435444,0.29363722,0.23999508,0.8705413,0.36232778,-0.023773955,0.27732435
,,-2.3197618,3.8187857,-7.6516886,1683793194321,,-2.9051964,-0.91454095,0.22968516,,,,,,0.09542061,0.12898399,0.39646277,0.87837,0.37525454,-0.041350372,0.2409646
,,-2.1942182,4.7236714,-7.3954973,1683793194571,,1.7129412,0.40920305,-0.37873617,,,,,,0.04672427,0.19533306,0.16428891,0.86771554,0.36783975,-0.01817948,0.27801642
,,-2.030629,5.498946,-7.4401636,1683793194823,,2.9676576,-0.83390677,-1.2760966,,,,,,0.13987312,0.44078672,0.025317859,0.8627545,0.3682336,7.809192E-4,0.30393812
52.52698256,13.41071107,-2.2875383,4.1698923,-7.682556,1683793195000,11.400515,-1.0909282,0.5154935,0.31642795,,,,,,0.028730014,0.23746529,0.27863213,0.86978173,0.3866588,-0.03000463,0.24808782
,,-2.2544377,4.1320057,-7.733444,1683793195074,,-3.1715336,0.70425075,1.0861176,,,,,,0.13781267,0.23294999,0.2934636,0.8699855,0.38419285,-0.030715823,0.251082
,,-1.9558932,5.442236,-7.5227156,1683793195581,,2.2303436,-0.53641564,-0.5571087,,,,,,0.09405882,0.36654127,7.845243E-4,0.8602409,0.37775013,0.008014949,0.29769087
,,-2.097628,5.220102,-7.618348,1683793195836,,0.94874936,0.3804924,0.0061086477,,,,,,0.14530547,0.50387734,0.018250959,0.85773855,0.38532314,-0.0029722347,0.29076424
,,-2.26712,3.905645,-7.865845,1683793196086,,-3.2649958,0.37438375,0.6035344,,,,,,0.1299578,0.16138352,0.32882962,0.8670223,0.40113428,-0.030033763,0.24161176
,,-2.2939193,4.5289755,-7.533643,1683793196339,,1.1228458,0.07811433,0.021380268,,,,,,0.038656723,0.24388768,0.26477998,0.8589752,0.39637718,-0.017535996,0.26688
,,-1.9673786,5.6458645,-7.4465437,1683793196590,,2.9963682,-1.3543636,-0.97432935,,,,,,0.19591965,0.45665985,-0.015179571,0.8525259,0.38904288,0.012931676,0.30985606
,,-2.1757936,4.5035315,-7.5738416,1683793196842,,-1.7524947,0.7916044,0.4233293,,,,,,0.31682178,0.33194435,0.23331909,0.8562407,0.40078354,-0.019256378,0.27047503
,,-2.389951,3.8818767,-7.7303324,1683793197093,,-2.6834526,-0.70318174,0.2773326,,,,,,0.16145465,0.19859503,0.4334198,0.8635361,0.40707543,-0.032924928,0.24353361
,,-2.1388643,4.9231534,-7.426125,1683793197342,,1.8528292,0.644386,-0.4214967,,,,,,0.086492985,0.24777602,0.17969726,0.85451615,0.39390552,1.0921135E-4,0.28752235
,,-2.0353348,5.5602026,-7.434021,1683793197594,,2.75752,-0.4954877,-1.206458,,,,,,0.1738959,0.54560816,0.06161445,0.85158426,0.39136463,0.01299949,0.30719802
,,-2.2054644,4.1789856,-7.72068,1683793197846,,-3.187416,0.8587995,1.0097594,,,,,,0.17745529,0.31047055,0.28258005,0.8606472,0.40516835,-0.020779556,0.25364166
52.52705418,13.41064702,-2.106721,5.620342,-7.4781284,1683793198000,12.457702,2.4209335,0.0054214248,-0.2761109,,,,,,-0.045274414,0.5069245,0.055285357,0.85130674,0.39509162,0.019099873,0.30331942
,,-2.345365,4.2415977,-7.5892344,1683793198099,,-0.8099303,0.1966221,0.39828384,,,,,,0.035609175,0.288639,0.3830776,0.85988957,0.40606257,-0.019776268,0.2534859
,,-2.1071994,5.212605,-7.5178485,1683793198600,,1.0715332,0.60406893,-0.17348559,,,,,,0.06071163,0.51649565,0.11023374,0.8514558,0.40043008,0.0054615256,0.2904882
,,-2.126342,3.9692938,-7.7056856,1683793198851,,-3.544772,0.14042254,0.4905244,,,,,,0.16466166,0.17179489,0.41372603,0.86222565,0.4127538,-0.023006098,0.24120851
,,-2.144607,4.567021,-7.354339,1683793199102,,1.320766,0.21311545,-0.118507765,,,,,,-0.006976465,0.19964437,0.38365847,0.85501444,0.40499705,-0.007458518,0.26732683
,,-1.9559729,5.561399,-7.2701125,1683793199352,,3.497888,-0.6463713,-1.2247839,,,,,,0.030666243,0.39224643,0.20216243,0.8497973,0.3983719,0.021939406,0.3050171
,,-2.1162124,4.415475,-7.5783887,1683793199602,,-2.238743,0.7922153,0.36896232,,,,,,0.049066033,0.22366677,0.2621913,0.8549176,0.40895036,-0.008970545,0.26366258
,,-2.2965517,3.992105,-7.7962155,1683793199853,,-2.4360523,-0.75266176,0.5369501,,,,,,-0.005101522,0.16635725,0.2871602,0.8608332,0.41434333,-0.0215818,0.24205461
,,-2.1172493,5.0142393,-7.3883185,1683793200106,,1.9267439,0.66393363,-0.5754346,,,,,,-0.08301942,0.19742957,0.15566872,0.85093755,0.40245757,0.009506126,0.28629598
,,-2.2084956,5.4342604,-7.5709705,1683793200359,,2.2957063,-0.15706861,-0.6530144,,,,,,-0.09484769,0.4816023,-0.012010622,0.8479244,0.40339747,0.016223619,0.30008832
,,-2.319762,4.1462827,-7.888898,1683793200609,,-3.4067166,0.5820778,1.138652,,,,,,0.033035696,0.26366445,0.22397035,0.8569678,0.4177409,-0.016596673,0.24776219
,,-2.3468008,4.4734616,-7.677771,1683793200859,,0.12041672,0.34811658,0.24862197,,,,,,-0.040472735,0.31903705,0.2904064,0.8541156,0.41260228,-0.011758814,0.25898317
52.52709126,13.41061191,-2.1928625,4.7257457,-7.312147,1683793201000,14.247508,-1.3939171,1.3566543,0.23457208,,,,,,0.09902118,0.29456204,0.46030626,0.8483024,0.4097247,-0.0017129575,0.27950516
,,-2.0496917,5.6390057,-7.4668827,1683793201111,,2.8149412,-0.6292671,-0.7006619,,,,,,0.0067550917,0.49961394,0.12635207,0.8474775,0.40128273,0.02312504,0.30485874
,,-2.3637097,4.103292,-7.6886973,1683793201612,,-2.8086798,-0.8687261,0.21074834,,,,,,0.12317791,0.22944422,0.5273781,0.85625374,0.42092937,-0.01852919,0.24595
,,-2.289373,4.9638305,-7.243154,1683793201861,,1.8711551,0.3108538,-0.7440333,,,,,,0.00991717,0.29943588,0.48291153,0.84518343,0.41416028,0.0078273425,0.2808564
,,-2.234338,5.646024,-7.2454677,1683793202111,,2.8864124,-0.5113702,-0.8454369,,,,,,0.020121973,0.46616372,0.34428772,0.8390795,0.41640216,0.02529337,0.3057799
,,-2.3764718,4.279084,-7.5261455,1683793202361,,-3.5392742,0.88262326,0.8991929,,,,,,0.07826979,0.13618504,0.44985294,0.8445819,0.43288216,-0.009109114,0.25716326
,,-2.5895126,4.351268,-7.4159946,1683793202611,,-0.77999794,0.29985824,-0.023823727,,,,,,-0.049853977,0.21492171,0.59045386,0.84308946,0.43761078,-0.0091088135,0.25452077
,,-2.310669,5.5964932,-7.379385,1683793202861,,2.4569745,0.22655447,-0.38912088,,,,,,-0.12783729,0.45869717,0.2364714,0.83329195,0.4319946,0.031193202,0.29855204
,,-2.4185858,5.065127,-7.4418383,1683793203111,,0.6182715,0.6150645,-0.092851445,,,,,,-0.12410956,0.41743845,0.2954171,0.83068264,0.4420479,0.014211592,0.28441635
,,-2.42377,3.886422,-7.6937237,1683793203361,,-3.3743408,-0.38675377,0.53023064,,,,,,0.04251077,0.15148784,0.5077053,0.8396727,0.45613432,-0.017749362,0.23917581
,,-2.3645873,4.575555,-7.4114485,1683793203612,,1.3653592,-0.21693335,-0.29382595,,,,,,-0.0133591555,0.2553007,0.3271244,0.8323133,0.44754043,0.001129508,0.26700583
,,-2.1667008,5.51745,-7.3996444,1683793203861,,3.1026585,-1.0629811,-0.91996235,,,,,,0.02409414,0.48791346,0.16124687,0.8263284,0.4444192,0.03169662,0.3020771
52.52713556,13.41061014,-2.3669002,3.8644092,-7.719086,1683793204000,14.184775,-2.4000113,-0.19249876,0.53206325,,,,,,0.07214184,0.18225317,0.42461473,0.8353523,0.46394417,-0.016967278,0.23874573
,,-2.329971,4.218785,-7.6573515,1683793204111,,-2.3731334,0.761672,0.38728827,,,,,,0.049614795,0.21966809,0.30371055,0.83043694,0.4581786,-0.003669254,0.2585676
,,-2.0555942,4.9888763,-7.33799,1683793204611,,1.9420155,0.092164226,-0.67378384,,,,,,0.121043585,0.28380272,0.2832924,0.82565045,0.4525432,0.019949589,0.2848577
,,-2.1173291,5.400681,-7.3727655,1683793204861,,2.5296674,-0.67996883,-0.56627166,,,,,,0.087042,0.54090536,0.21873303,0.822443,0.45407292,0.027633255,0.2975325
,,-2.2897716,3.9444087,-7.654559,1683793205112,,-3.0902886,0.80321085,0.8124502,,,,,,0.12361778,0.2521066,0.48515183,0.8311679,0.46914923,-0.012536851,0.24289939
,,-2.2467806,4.173641,-7.4241314,1683793205362,,-0.62422746,0.5167152,-0.02932151,,,,,,0.14155221,0.20324537,0.50273037,0.8280699,0.4675352,-0.0078022634,0.25087792
,,-1.9643477,5.466962,-7.2272816,1683793205613,,2.346408,0.04085158,-0.5229002,,,,,,0.2072534,0.41588897,0.19353075,0.81848085,0.4587815,0.03128834,0.3009105
,,-2.1110277,4.935197,-7.2804813,1683793205864,,1.226082,0.15202898,0.048258316,,,,,,0.2536682,0.393557,0.33694187,0.81831634,0.46595284,0.0130003905,0.28556645
,,-2.294557,3.735356,-7.5773516,1683793206117,,-3.4757442,0.45746136,0.90407985,,,,,,0.22303703,0.16458145,0.555253,0.82833236,0.47782552,-0.020665292,0.23761916
,,-2.2154348,4.499703,-7.314939,1683793206368,,0.6915753,0.06284271,-0.017104214,,,,,,0.100876115,0.24983425,0.4233138,0.8227826,0.46681064,0.002622188,0.26488233
,,-1.9032513,5.621698,-7.24762,1683793206619,,2.6438992,-0.8852194,-0.59192795,,,,,,0.12479894,0.4165923,0.23214737,0.8167613,0.45735362,0.041854884,0.30747813
,,-2.1848068,4.5488358,-7.565547,1683793206870,,-0.3511709,0.8197042,0.14355323,,,,,,0.05728181,0.31527442,0.33323777,0.8211299,0.46884525,0.0100748595,0.27077806
52.52722281,13.41062191,-2.1368706,4.759324,-7.406503,1683793207000,14.944676,1.5547272,-0.10636683,-0.4392118,,,,,,-0.05933873,0.17240398,0.31236178,0.8199402,0.46559367,0.022770057,0.2770558
,,-2.234099,3.6637301,-7.719565,1683793207120,,-3.2252896,-0.46311185,0.07819069,,,,,,0.047579367,0.027505215,0.5398548,0.8288917,0.47737327,-0.012508798,0.23543313
,,-2.0211375,5.646822,-7.4082584,1683793207620,,2.9939246,-1.2541817,-0.82527834,,,,,,-0.014555884,0.44153982,0.048621688,0.8133833,0.4627441,0.046735022,0.3082906
,,-2.267997,4.2028337,-7.663254,1683793207870,,-1.3749802,0.4965567,0.5760455,,,,,,0.13218349,0.27907747,0.30303094,0.8184519,0.47942537,6.393085E-4,0.2597058
,,-2.3988845,3.6347775,-7.710312,1683793208121,,-2.7023895,-1.0751984,0.22052218,,,,,,0.2124794,0.13409519,0.3976672,0.82242817,0.4868019,-0.022848867,0.2371677
,,-2.2151155,5.0115275,-7.365506,1683793208371,,1.7697517,-0.19921827,-0.36468628,,,,,,0.25995395,0.40362468,0.17954595,0.8130816,0.4730797,0.010340284,0.28762758
,,-2.1373487,5.546164,-7.249773,1683793208621,,2.916345,-1.0177771,-0.45875946,,,,,,0.45753327,0.6727372,0.112969115,0.8107221,0.46801168,0.01756832,0.30800977
,,-2.2798815,4.001996,-7.614918,1683793208871,,-2.0286055,0.6236166,0.9004147,,,,,,0.57872456,0.4067197,0.2758618,0.82385886,0.4746694,-0.030436782,0.25260326
,,-2.2382464,3.7042491,-7.5528646,1683793209121,,-2.6749005,-0.7715986,0.5204568,,,,,,0.62283194,0.2467081,0.4353838,0.83332074,0.46492195,-0.04217674,0.23966928
,,-2.0015962,5.095117,-7.197531,1683793209372,,1.4111739,0.17707443,-0.40989026,,,,,,0.44620785,0.31674156,0.1817742,0.8295962,0.43880138,0.0019199565,0.29564634
,,-1.94361,5.4170313,-7.242596,1683793209621,,2.6090798,-0.62071496,-0.84054995,,,,,,0.38404232,0.39296147,0.043626513,0.83272517,0.42533606,0.01464119,0.31037712
,,-2.046661,4.0226536,-7.555098,1683793209871,,-2.0701444,0.6138427,0.74647677,,,,,,0.34259942,0.13314132,0.35595652,0.84931314,0.42881447,-0.017451532,0.25432283
52.52731629,13.41053386,-1.8374486,5.3982077,-7.200322,1683793210000,14.612391,1.1295654,0.25954118,-0.45998117,,,,,,-0.15664305,0.1309641,0.2128956,0.8481171,0.3982881,0.03671569,0.30544016
,,-2.105764,3.8966322,-7.6828756,1683793210121,,-3.0011022,-0.5785653,0.18142684,,,,,,0.044849124,-0.053298004,0.31539658,0.8564833,0.4181328,-0.012490894,0.24716707
,,-1.9084357,5.6327043,-7.402755,1683793210622,,2.464305,-0.5486329,-1.3206897,,,,,,-0.30892003,0.26527795,0.07196568,0.8469574,0.39681008,0.045766223,0.31182018
,,-2.1879969,4.133522,-7.7023363,1683793210873,,-2.2167518,0.78427404,0.3158171,,,,,,-0.2630822,0.021011949,0.349536,0.85589606,0.41558048,0.005088777,0.25536993
,,-2.2638495,4.157928,-7.5708904,1683793211124,,-2.2863905,-0.46922052,0.32925612,,,,,,-0.272769,0.01575296,0.4620915,0.85355675,0.42123383,0.0023085705,0.2528526
,,-2.094996,5.464888,-7.1377106,1683793211376,,1.0464877,-0.21448989,-0.64324063,,,,,,-0.26994273,0.16710806,0.2502818,0.83978623,0.411663,0.037559558,0.30880293
,,-2.1489942,5.500941,-7.1821365,1683793211626,,2.648786,-0.7270054,-0.867428,,,,,,-0.14547531,0.28614405,0.18735133,0.83460516,0.42033222,0.0335363,0.31287333
,,-2.4300714,4.054159,-7.5926647,1683793211877,,-2.2124758,0.50510883,0.74342245,,,,,,-0.02612541,0.020817397,0.38801754,0.8425309,0.4425384,-0.0105558485,0.25547692
,,-2.5127833,3.9996028,-7.3519473,1683793212128,,-2.365803,0.24060437,0.57848895,,,,,,-0.09113156,-0.053185765,0.47196233,0.8402422,0.44628608,-0.0123535395,0.2556714
,,-2.2175882,5.4940796,-7.142975,1683793212378,,1.59199,0.16485713,-0.3830122,,,,,,-0.2317605,0.17888287,0.09258523,0.8282873,0.43148717,0.035943285,0.3119059
,,-2.132882,5.3699727,-7.262057,1683793212629,,2.7624068,-0.81313735,-1.2363904,,,,,,-0.24867754,0.12027579,0.031137927,0.827256,0.43409938,0.04194279,0.31091812
,,-2.40686,3.9243891,-7.718208,1683793212881,,-2.3456445,0.70547247,0.5760455,,,,,,-0.31819955,-0.12293381,0.20506294,0.83475167,0.45486683,0.005922866,0.25421613
52.52739621,13.41044629,-2.1190038,5.4098525,-7.158527,1683793213000,14.748471,0.06666062,0.20822853,-0.091018856,,,,,,-0.50939983,-0.036897738,0.029072572,0.81672513,0.4471799,0.06454169,0.3116135
,,-2.3679368,3.9803007,-7.622096,1683793213133,,-2.501415,-0.17050762,0.2999346,,,,,,-0.42639464,-0.16298485,0.2606826,0.8334879,0.4578842,0.012439078,0.25151473
,,-1.9955344,5.8993435,-6.711069,1683793213634,,-0.21250458,0.5442042,0.15577053,,,,,,-0.5229496,-0.022771629,0.030878568,0.801398,0.4475716,0.09106986,0.33881655
,,-1.9586049,5.974798,-6.4405217,1683793213885,,-0.057344932,0.03901899,-0.12339468,,,,,,-0.45444316,-0.081776686,0.15706068,0.79350674,0.45529398,0.102464534,0.34058625
,,-1.9282959,6.5215583,-5.75434,1683793214138,,0.0080176005,-0.643317,-0.1631009,,,,,,-0.55598104,-0.09374644,0.27457827,0.77534026,0.4544061,0.13284838,0.3689194
,,-1.5929817,8.049774,-5.083631,1683793214389,,-0.026190827,0.23205225,-0.02932151,,,,,,-0.6674927,0.105628334,-0.045634788,0.7526924,0.4468718,0.19375136,0.4279864
,,-1.571127,8.626684,-4.6218166,1683793214641,,-0.1098793,0.18135048,0.03604102,,,,,,-0.8214692,0.101390556,-0.09765772,0.7302135,0.4491273,0.23093061,0.45753863
,,-1.5684153,8.716734,-4.4713874,1683793214894,,-0.03657553,0.42875072,-0.20402883,,,,,,-1.0007993,0.110406205,-0.0646355,0.71802396,0.4610732,0.25195184,0.45345962
,,-1.5207982,8.7628355,-4.4421954,1683793215143,,-0.012140937,0.31879506,-0.13500112,,,,,,-1.1259688,0.06060311,-0.17070685,0.7009295,0.4778178,0.27592278,0.44765037
,,-1.5495921,8.763154,-4.406782,1683793215393,,-0.022525638,0.35850126,-0.08552107,,,,,,-1.2881101,0.022443596,-0.1881704,0.6801636,0.5019256,0.29819098,0.4372594
,,-1.5105889,8.957772,-4.4645286,1683793215643,,0.0049632764,0.39698574,-0.3121519,,,,,,-1.3546802,0.13732137,-0.2997712,0.6570061,0.5283273,0.31942928,0.4245488
,,-1.5520644,9.01464,-4.5099926,1683793215894,,-0.13187043,0.2540434,-0.3090976,,,,,,-1.3286557,0.1214746,-0.2102798,0.6302195,0.55731076,0.3400844,0.40969285
52.52745624,13.41041304,-1.4857036,9.035139,-4.226362,1683793216000,15.601247,-0.24304782,0.26198465,-0.31459537,,,,,,-1.0095112,0.103996865,-0.060605668,0.5602302,0.62455267,0.37640107,0.38121086
,,-1.5092328,9.05412,-4.30038,1683793216146,,-0.04818196,0.33895358,-0.27672175,,,,,,-1.2427446,0.12311234,-0.08445326,0.59790874,0.58921176,0.3601302,0.39508533
,,-1.5566108,9.112029,-4.1833715,1683793216650,,-0.06956223,0.20089816,0.036651887,,,,,,-0.75460535,0.16707271,-0.06373783,0.5211791,0.65681946,0.3875991,0.37182978
,,-1.5141779,8.979066,-4.055834,1683793216900,,1.1973714,-1.5119667,0.68905544,,,,,,-0.91302747,0.38124698,0.1333859,0.48572147,0.6876285,0.38928938,0.36334714
,,-1.8894526,8.578588,-4.202833,1683793217152,,2.454531,-0.99639684,-0.9327905,,,,,,-0.7496763,0.45857522,0.18076913,0.46563962,0.7172765,0.36230537,0.35544264
,,-2.1978874,7.43777,-4.745366,1683793217402,,0.9017128,0.64010996,-0.32559094,,,,,,-0.4770284,0.6472618,0.3672744,0.44995913,0.75033486,0.28796014,0.33918005
,,-2.5659037,6.1081586,-5.5632324,1683793217654,,-3.6040258,0.88262326,0.55894125,,,,,,-0.31500047,0.46823227,0.32161644,0.4413353,0.78172296,0.21413378,0.31317407
,,-2.4437895,6.113901,-5.9111495,1683793217905,,-0.38721192,-0.20654866,-0.034819294,,,,,,0.051028293,0.86755306,0.41373503,0.435024,0.80078644,0.18702142,0.30281153
,,-2.3621945,5.8960733,-6.1921463,1683793218158,,1.5754967,0.22655447,0.22418737,,,,,,0.2205766,0.92100495,0.55206174,0.43670473,0.8124878,0.16606916,0.29535908
,,-2.4334207,5.248816,-7.0404816,1683793218409,,2.360458,0.04818196,-1.0256419,,,,,,0.8077953,0.78620934,0.33158642,0.44842675,0.82453907,0.12325804,0.27831313
,,-2.4341385,4.2023554,-7.5704117,1683793218659,,-1.5173118,0.6132319,0.4544834,,,,,,0.8378582,0.809136,0.35328993,0.44909617,0.8368686,0.07265739,0.24967632
,,-2.0828722,4.259623,-7.534041,1683793218909,,-2.288223,-0.4258491,-0.13255766,,,,,,0.8857696,0.39564103,0.38418677,0.45406455,0.83700126,0.097632006,0.23627356
52.52759785,13.41019886,-1.8187845,5.183013,-7.425009,1683793219000,20.496002,2.061134,-0.1503491,-0.4263836,,,,,,0.7249115,0.48637244,0.12341588,0.46250597,0.8179985,0.15497628,0.2555312
,,-1.7927026,5.51418,-7.1362743,1683793219159,,0.8387937,0.32429284,0.021380268,,,,,,0.88098043,0.759679,0.32103378,0.454315,0.8225454,0.15394941,0.25554684
,,-2.1596024,4.33372,-7.935397,1683793219661,,1.5272382,-0.50648326,-0.08307761,,,,,,0.6062967,0.5564797,0.08536068,0.47215778,0.8254243,0.108853854,0.23864926
,,-2.3133812,3.6482565,-7.765267,1683793219912,,-2.767752,0.61567533,0.81916964,,,,,,0.54701036,0.34676132,0.36570278,0.4751653,0.8277006,0.07825818,0.22599937
,,-1.9750359,4.659384,-7.510192,1683793220163,,-1.5460224,-0.23037238,0.14477496,,,,,,0.60428697,0.26822433,0.3078975,0.4763967,0.8180994,0.13230723,0.24117187
,,-2.0009582,5.6780086,-7.252007,1683793220414,,1.5797727,-0.08315397,-0.22785257,,,,,,0.52160174,0.62341714,0.12278163,0.47106135,0.80577356,0.17210409,0.26061407
,,-1.8901706,5.08403,-7.522557,1683793220666,,2.4331508,-0.8723913,-0.5723803,,,,,,0.6627344,0.5074793,0.22767876,0.47424257,0.8151912,0.14872742,0.24522376
,,-2.2669604,3.92734,-7.631032,1683793220919,,-1.0744348,0.6095667,0.3518581,,,,,,0.5666419,0.39983544,0.44554985,0.4771167,0.82504,0.091713645,0.22398695
,,-2.0428324,3.9433715,-7.5684185,1683793221170,,-2.777526,0.0011453715,0.126449,,,,,,0.543493,0.18764189,0.46459943,0.48179373,0.82281685,0.10140893,0.21892382
,,-1.8417555,5.364549,-7.2299943,1683793221421,,0.9182061,0.17707443,-0.17226386,,,,,,0.41074798,0.46665108,0.24618237,0.47959054,0.8075384,0.16664101,0.24229637
,,-1.8599409,5.504688,-7.334561,1683793221672,,2.5095088,-0.37148213,-0.60781044,,,,,,0.38660508,0.5246072,0.14879617,0.4789422,0.80567443,0.17189123,0.24547188
,,-2.1142182,4.3740797,-7.7966146,1683793221923,,1.3849068,-0.09231694,0.25411975,,,,,,0.37154755,0.4960499,0.22844566,0.4854212,0.81830776,0.11656532,0.22630359
52.52771178,13.41007318,-2.154577,4.211608,-7.896714,1683793222000,23.937315,-2.7103307,-0.17661628,0.4251619,,,,,,0.228311,0.38826814,0.13434133,0.49756542,0.81320786,0.108680174,0.21898803
,,-2.4028726,3.4915276,-7.9814196,1683793222175,,-1.6645302,0.30902123,0.42027497,,,,,,0.23885682,0.37730688,0.20244874,0.49166688,0.8200994,0.074055545,0.21068892
,,-2.067239,5.2191453,-7.3391857,1683793222678,,0.076434456,0.24426955,-0.031154104,,,,,,0.19544794,0.5251543,0.020140838,0.49160308,0.79745924,0.15463307,0.24501334
,,-2.1024137,5.1583676,-7.200164,1683793222932,,-0.19540037,-0.38553202,0.171653,,,,,,0.16892925,0.39155036,0.06817101,0.48925364,0.79377943,0.16102844,0.25067237
,,-2.1336005,5.3450074,-6.676056,1683793223183,,0.1277471,0.16485713,-0.05131264,,,,,,0.06223949,0.2504636,0.22051221,0.48978907,0.7808579,0.1785218,0.26446217
,,-1.8678374,6.4880586,-5.995537,1683793223434,,-0.07750347,-0.40324712,-0.0067195124,,,,,,0.06869758,0.25364947,0.13340144,0.48764125,0.75904095,0.24029972,0.29169172
,,-1.5578867,7.930532,-5.2318273,1683793223687,,0.11247548,-0.2126573,0.13683371,,,,,,0.042814817,0.21858183,0.13893892,0.48295385,0.73650235,0.3189889,0.32872048
,,-1.4878573,8.65811,-4.682833,1683793223939,,-0.21678063,-0.1882227,0.09040799,,,,,,-0.09594811,0.19640034,0.1178826,0.47676185,0.7189213,0.36247492,0.35188875
,,-1.4760529,8.592466,-4.452644,1683793224189,,-0.04329504,-0.044669487,0.0061086477,,,,,,-0.12338856,0.067103624,0.23534082,0.47727388,0.7133068,0.37056264,0.35466763
,,-1.4072986,8.678608,-4.3661833,1683793224439,,-0.029856017,0.06956223,-0.049480047,,,,,,-0.06804811,0.04795936,0.16345754,0.47883067,0.70787185,0.3768248,0.35702705
,,-1.3493923,8.737711,-4.373283,1683793224691,,0.1051451,0.0787252,-0.10690133,,,,,,-0.06123849,0.09379665,0.08414945,0.47740003,0.70607066,0.38224873,0.3566969
,,-1.262214,8.778548,-4.2943196,1683793224941,,-0.017027855,0.0011453715,-0.13316852,,,,,,-0.1135035,0.0059049604,0.09720602,0.4744859,0.70531887,0.38835952,0.3553987
52.52782423,13.40996933,-1.2673985,8.840762,-4.2417564,1683793225000,21.814922,-0.027412556,-0.038560838,-0.046425723,,,,,,-0.07790922,0.0585186,0.056527868,0.46175203,0.70964754,0.3996911,0.3507474
,,-1.3107883,8.818509,-4.2794843,1683793225191,,0.0184023,0.074449144,-0.11300998,,,,,,-0.17138305,0.043862138,0.087282404,0.46946308,0.70653194,0.3942829,0.35302868
,,-1.2887744,8.914063,-4.29719,1683793225691,,-0.025579963,-0.017180571,-0.076358095,,,,,,-0.10134924,0.14464442,-0.00690701,0.45308936,0.71445215,0.40376514,0.34751588
,,-1.3288141,8.911112,-4.208098,1683793225941,,-0.15813762,0.1844048,-0.171653,,,,,,-0.09237678,0.12298444,0.083432674,0.44286177,0.7207305,0.40593004,0.34513107
,,-1.4364115,8.907363,-4.173482,1683793226191,,0.011682789,-0.13080142,0.02932151,,,,,,-0.044562902,0.15148833,0.11427322,0.4306513,0.727997,0.4060845,0.34493732
,,-1.5822941,8.896673,-4.140062,1683793226442,,-0.06406444,-0.3024544,0.3933969,,,,,,0.038427714,0.1821052,0.21517842,0.423187,0.73303163,0.4024309,0.34777346
,,-1.5199212,9.054361,-4.115814,1683793226692,,-0.19967642,-0.06055197,0.4581486,,,,,,0.21101202,0.3184388,0.24710791,0.42231026,0.732834,0.39890704,0.35307905
,,-1.658226,9.126543,-3.8334613,1683793226942,,-0.4709004,-0.23953535,0.17776164,,,,,,0.26837748,0.39950663,0.5785108,0.42473915,0.7293457,0.39736024,0.35872117
,,-1.7115858,9.092248,-3.714139,1683793227194,,-0.046349365,-0.94691676,0.2254091,,,,,,0.2739715,0.35102284,0.57205796,0.42633194,0.7226515,0.39888498,0.36801994
,,-1.7541779,9.078129,-3.428516,1683793227445,,-0.57413656,0.07200569,0.0036651888,,,,,,0.25912392,0.10689058,0.40275392,0.42726386,0.71272856,0.4040507,0.37977278
,,-1.8130419,9.276893,-2.918925,1683793227695,,0.020845762,-0.02328922,-0.1197295,,,,,,0.15637974,0.15637198,0.48052406,0.42685878,0.69745827,0.4163502,0.39370817
,,-1.8311477,9.2692375,-2.436771,1683793227945,,0.055665053,0.3615556,-0.11911863,,,,,,0.07772377,0.032720644,0.44553035,0.4207803,0.6812668,0.43473908,0.40753347
52.52787386,13.40976323,-2.027598,9.406904,-1.6400405,1683793228000,16.840782,0.13752094,-0.13935353,-0.12217296,,,,,,-0.15904923,0.038679346,0.10244991,0.39232633,0.6599559,0.4722423,0.42989963
,,-1.9922642,9.281042,-1.8952752,1683793228196,,0.11675153,-0.3672061,-0.04886918,,,,,,-0.039464056,-0.057484612,0.40314165,0.4066949,0.67048734,0.4540877,0.418403
,,-2.0377274,9.469595,-1.1572491,1683793228698,,0.08498656,-0.16012293,0.13439025,,,,,,-0.13430908,0.0070260367,0.17283247,0.38179275,0.65043676,0.48775154,0.43784744
,,-2.1064014,9.653285,-0.7910671,1683793228949,,0.034284785,0.46173742,0.04092794,,,,,,-0.21498875,0.21890579,0.34281766,0.3759949,0.6413271,0.50084364,0.44266385
,,-2.0311873,9.738868,-0.75796646,1683793229199,,-0.09277509,0.33467755,-0.012217295,,,,,,-0.23550954,0.2643969,0.27158496,0.37329587,0.63665617,0.509664,0.44185746
,,-2.0134802,9.832746,-0.68801624,1683793229451,,-0.07750347,0.122707464,-0.20158538,,,,,,-0.2964791,0.2894765,0.17420901,0.37043113,0.6356787,0.51662487,0.43750125
,,-1.9091533,9.840484,-0.6632107,1683793229700,,-0.0561232,0.41408995,-0.034819294,,,,,,-0.24572667,0.2722693,0.18883017,0.36551067,0.63752526,0.5221912,0.43184817
,,-1.8808383,9.743495,-0.5903891,1683793229951,,0.092927806,0.01763872,0.02565632,,,,,,-0.1850194,0.03547244,0.16118813,0.35910937,0.64192164,0.5256918,0.4260678
,,-1.8483757,9.832506,-0.6295516,1683793230201,,0.09720386,0.25282165,-0.07086031,,,,,,-0.09371522,-0.012975486,0.13835475,0.3543512,0.6462929,0.52639645,0.42266786
,,-1.7730018,9.893844,-0.7878767,1683793230451,,0.01962403,-0.3165043,-0.11423171,,,,,,0.02695812,0.13650711,0.15643083,0.3469662,0.6528097,0.5261176,0.4195024
,,-1.7077576,9.697234,-0.80008006,1683793230702,,-0.053679742,-1.0373248,0.07574723,,,,,,0.24438624,0.024573898,0.18680589,0.34009677,0.65975624,0.5234391,0.41792086
,,-1.734637,9.770135,-0.83804613,1683793230952,,-0.040240716,-0.56940234,0.12095123,,,,,,0.3228111,0.10885595,0.30088958,0.3395883,0.66298145,0.5174964,0.42060396
52.52800771,13.4095184,-1.7977277,9.799006,-0.70133626,1683793231000,15.221266,-0.06284271,0.24182609,6.108648E-4,,,,,,0.24913223,0.15685527,0.46839112,0.36050433,0.65361154,0.5022476,0.4352541
,,-1.8456639,9.781699,-0.72502524,1683793231207,,0.01962403,-0.18211406,0.056199558,,,,,,0.24541298,0.10462789,0.4123716,0.34893808,0.6589193,0.50969166,0.42820987
,,-1.8178272,9.751708,-0.7039686,1683793231710,,0.10270164,0.4079813,-0.048258316,,,,,,0.18995063,0.1910717,0.5184062,0.3671957,0.65152043,0.49710914,0.43870494
,,-1.8305889,9.698508,-0.6802796,1683793231961,,-0.20211989,-0.3446041,0.11911863,,,,,,0.19035573,0.1225865,0.49792665,0.3733017,0.6492085,0.49271345,0.4422042
,,-1.9274185,9.729059,-0.5795416,1683793232212,,-0.0561232,-0.36964956,0.23029602,,,,,,0.031618796,0.05711845,0.5130673,0.3861766,0.63864255,0.48836496,0.4512302
,,-1.9255842,9.656476,-0.40382865,1683793232463,,-0.16668972,0.098272875,0.103236146,,,,,,-0.12853703,-0.04995858,0.49754876,0.40131804,0.6215572,0.48705804,0.4617458
,,-1.8403201,9.728977,-0.3519044,1683793232715,,0.12713623,0.22594361,-0.17409647,,,,,,-0.21735358,-0.001882267,0.37950274,0.41031998,0.606518,0.4905124,0.4689679
,,-1.9204795,9.750274,-0.32741788,1683793232966,,0.051389,1.1526254,-0.20158538,,,,,,-0.39770982,-0.032212257,0.21565746,0.41176993,0.5973192,0.49744162,0.4721128
,,-1.8417556,9.707203,-0.47505507,1683793233216,,0.21387903,0.76472634,-0.19486587,,,,,,-0.35705483,-0.11740254,-0.0594946,0.40052605,0.5982681,0.5090039,0.4654102
,,-1.8076178,9.753543,-0.5858427,1683793233467,,-0.100105464,0.0035888306,0.06780599,,,,,,-0.37296537,-0.06911976,-0.17728263,0.3816284,0.60574913,0.5230545,0.44924262
,,-1.7560924,9.697711,-0.73459655,1683793233719,,-0.020693045,0.1465312,0.09407318,,,,,,-0.37415648,-0.116883546,-0.3104823,0.35702428,0.6197259,0.53969294,0.4255762
,,-1.721237,9.815518,-1.0080163,1683793233969,,0.06666062,0.33162323,0.009162972,,,,,,-0.32021636,-0.002592643,-0.40853813,0.32305473,0.6436554,0.5579466,0.39261803
52.52824533,13.40897033,-1.6547965,9.7415,-1.3521842,1683793234000,13.194779,-0.042073313,0.75250906,-0.13255766,,,,,,-0.1692495,-0.037641603,-0.38018388,0.2357245,0.6978455,0.5939652,0.30784038
,,-1.7208382,9.697311,-1.1960924,1683793234219,,-0.017027855,1.136743,-0.06536253,,,,,,-0.27297685,-0.0921946,-0.45084736,0.28238687,0.6718715,0.57598096,0.35284203
,,-1.7098312,9.870633,-1.2347761,1683793234721,,-0.010308343,0.59796023,-0.17653993,,,,,,-0.25380507,0.08218692,-0.14355154,0.19154611,0.71354604,0.6093527,0.2641079
,,-1.7263417,9.7825775,-1.1779066,1683793234971,,0.08009964,0.60406893,-0.19547673,,,,,,-0.32425174,-0.036129825,-0.07170175,0.1451102,0.72304577,0.62291884,0.220949
,,-1.7214767,9.847899,-1.2295917,1683793235224,,0.075212725,0.93149245,-0.21807873,,,,,,-0.31235024,0.06457186,0.02600792,0.08568288,0.7341182,0.6331146,0.17039636
,,-1.6908485,9.702656,-1.3268203,1683793235474,,0.1955531,0.99380064,-0.76235926,,,,,,-0.16710235,-0.039970875,0.08808394,0.07820083,0.4911047,0.43017942,0.1266714
,,-1.6859828,9.406666,-1.6168302,1683793235725,,1.3959024,-0.3171152,-0.4092794,,,,,,0.027749984,-0.16739546,0.20648213,0.095830746,0.24524733,0.23190406,0.093860306
,,-2.4463422,9.441919,-2.3586051,1683793235976,,0.21326816,-0.5767327,0.27855435,,,,,,-0.2645744,0.24911302,0.26583764,0.041580323,0.20580205,0.17048046,0.0673596
,,-2.959044,8.852487,-2.684428,1683793236227,,-0.9040035,-0.887052,0.7342595,,,,,,-0.27790338,0.08639906,0.55625695,-0.009684566,0.22029026,0.14120273,0.06522723
,,-3.4805994,8.584492,-2.837728,1683793236477,,-0.27359107,-0.4570032,0.30237806,,,,,,-0.3381909,0.03531901,0.6906921,-0.039379723,0.22544861,0.12840925,0.07211829
,,-3.8547575,8.599646,-3.0704699,1683793236728,,-0.57230395,2.1611633,0.83871734,,,,,,-0.3229407,0.10641317,0.49501047,-0.05068652,0.22513871,0.124220476,0.08984201
,,-3.775954,8.57149,-2.9900713,1683793236980,,-0.110490166,-0.19982915,0.47097674,,,,,,-0.21649887,0.14114812,0.41440505,-0.09924889,0.4741229,0.33813074,0.09705127
52.52824766,13.40914009,-2.6117656,8.812208,-1.8116059,1683793237000,13.461065,-0.066507906,0.5264891,0.056810424,,,,,,0.093161196,-0.21252216,0.14493448,-0.10334813,0.75567645,0.6193341,0.1094819
,,-3.6803203,8.917572,-2.6865811,1683793237231,,-0.087888174,-0.8064179,0.40805766,,,,,,-0.3169978,0.29459202,0.2556012,-0.1509722,0.72148335,0.54756176,0.09842089
,,-1.7997218,9.510833,-1.1760724,1683793237734,,-0.15447243,1.927202,0.1404989,,,,,,0.1899821,0.051381923,-0.090127364,-0.04932391,0.7328543,0.6587324,0.10242326
,,-0.9832108,9.878051,-0.8276774,1683793237985,,-0.1306487,1.1000911,0.19669846,,,,,,0.37984368,0.18115559,-0.3119343,-0.011738415,0.5799827,0.5383627,0.08509329
,,-0.3034897,9.9744005,-0.3591627,1683793238234,,1.1533891,1.2937353,-0.07024945,,,,,,0.5181302,0.11989275,-0.25840777,0.038761213,0.3416342,0.31593215,0.08046659
,,-0.54707897,9.966663,-0.24279171,1683793238485,,0.30428702,-0.2334267,-0.4575377,,,,,,0.21554096,0.10646135,0.009418344,0.097921975,0.096945986,0.10246302,0.08372854
,,-0.815793,9.653842,-0.6959923,1683793238736,,-0.8099303,0.73479396,0.08491021,,,,,,0.24981995,-0.035997707,0.00952433,0.15170436,-0.14881118,-0.10836279,0.078614205
,,-1.4384055,9.771569,-1.0059426,1683793238987,,0.3861429,0.3994292,-0.3677406,,,,,,0.00803202,0.23654829,0.05146009,0.19529969,-0.38496873,-0.32412463,0.07859744
,,-1.6278373,9.601281,-1.4321045,1683793239238,,-1.3994149,-0.22609633,0.4166098,,,,,,0.017481593,0.20603986,0.07652191,0.24988076,-0.61499196,-0.53767806,0.09860022
,,-1.6625332,9.759445,-1.1509477,1683793239487,,0.3342194,-1.0751984,1.305418,,,,,,0.07520134,0.37466985,0.65694565,0.30468777,-0.69639343,-0.6161053,0.14689493
,,-1.8599412,9.586365,-1.0159926,1683793239741,,-1.9913428,0.47334385,-1.7360777,,,,,,0.45065022,0.62828267,0.6646308,0.34723413,-0.6680136,-0.60185593,0.19918357
,,-1.4574684,8.548997,0.15202402,1683793239991,,0.65125823,0.83375406,-0.87109315,,,,,,0.34516746,-0.17027038,0.3995799,0.34240595,-0.6085514,-0.6197197,0.26897985
52.52822197,13.40917343,-0.8252846,7.793904,3.6036706,1683793240000,12.487615,-1.1752275,0.7592286,-1.0024291,,,,,,0.36824542,-0.02801698,0.41116518,0.3181819,-0.43692443,-0.6472117,0.4591801
,,-1.1456037,8.461659,1.8566707,1683793240242,,0.4246274,1.4586687,0.8973604,,,,,,0.05421843,0.14298825,0.4120125,0.32487944,-0.53346497,-0.64191717,0.3607386
,,-1.0766904,6.474261,5.2619767,1683793240749,,-1.552131,-1.2841141,1.7476841,,,,,,0.080736555,-0.35058942,0.19641961,0.28980735,-0.32675365,-0.65330786,0.55057454
,,-0.96031946,4.811647,6.6642504,1683793241004,,-0.14408773,1.1959969,0.098960094,,,,,,-0.023705626,-0.56113607,-0.22176538,0.23695745,-0.23042876,-0.645838,0.63413644
,,-0.6515655,3.5105896,8.140462,1683793241255,,-0.88079065,1.5985568,0.2864956,,,,,,-0.5864416,-0.8877046,-0.14434464,0.17622027,-0.16096988,-0.6374852,0.69846624
,,-0.6185446,3.2603004,8.83438,1683793241505,,-0.21067199,-0.46799877,0.07880156,,,,,,-0.36169416,-0.21021608,0.0063762665,0.15004139,-0.110396534,-0.6116264,0.74752754
,,-0.53982073,2.4259236,9.322038,1683793241759,,-0.061620984,-0.26458082,-0.11362085,,,,,,-0.22852589,-0.35230908,0.04881433,0.13060792,-0.073766105,-0.5851398,0.78645337
,,-0.300379,1.7040884,9.656555,1683793242009,,0.4796052,-1.1210133,-0.03176497,,,,,,-0.4216238,-0.49975044,0.1768022,0.09715202,-0.06436494,-0.573795,0.8061198
,,0.3295714,1.948635,9.806265,1683793242264,,-1.3163372,0.27725625,1.0231985,,,,,,-0.14450964,-0.19490458,0.17586896,0.074976176,-0.078970246,-0.5674877,0.8148504
,,0.30508485,2.0242481,9.719565,1683793242514,,0.18394665,0.861243,-0.059253883,,,,,,-0.17282775,-0.23109074,0.099490836,0.07851817,-0.08177126,-0.5587922,0.82027084
,,0.27190444,2.1244276,9.842318,1683793242854,,-0.07994693,-0.07887791,0.0067195124,,,,,,-0.1307195,-0.2424011,0.25156835,0.08717526,-0.080360256,-0.54866093,0.8266252
,,0.15106687,2.2258835,9.799246,1683793243191,,0.20044,0.359723,0.42577276,,,,,,-0.15925208,-0.08477441,0.20174046,0.08949102,-0.07438762,-0.5401961,0.8322689
,,-0.05463616,2.1182861,9.77859,1683793243442,,-0.9211077,-1.4533237,0.2272417,,,,,,-0.09075125,-0.074304454,0.154557,0.09134285,-0.059008464,-0.53260607,0.837448
52.52822624,13.40921249,0.0076569677,1.9471194,9.78178,1683793244000,6.340558,0.68852097,0.39515316,-0.2877173,,,,,,0.079012655,-0.007571129,0.075774,0.08322521,-0.046805922,-0.521999,0.84550196
