92#1#2
key,lat,lon,ts,bike,childCheckBox,trailerCheckBox,pLoc,incident,i1,i2,i3,i4,i5,i6,i7,i8,i9,scary,desc,i10
,,,,1,0,0,2,-5,0,0,0,0,0,0,0,0,0,0,,0

=========================
92#1
lat,lon,X,Y,Z,timeStamp,acc,a,b,c,obsDistanceLeft1,obsDistanceLeft2,obsDistanceRight1,obsDistanceRight2,obsClosePassEvent,XL,YL,ZL,RX,RY,RZ,RC
52.5425048,13.36615664,1.3683754,4.037011,-8.828478,1684143766000,11.067819,0.08972076,0.06635518,0.0035124724,,,,,,-0.12735474,0.17695951,-0.064894944,0.60548526,0.7632442,0.21482554,0.06816467
,,1.3975679,4.036054,-8.849695,1684143766670,,-0.039171703,-0.036270097,-0.020922119,,,,,,-0.072878584,0.106583826,-0.081572644,0.60334516,0.7650979,0.21430759,0.06814189
,,1.4234902,4.1345587,-8.910633,1684143766921,,0.059177525,0.021762058,-0.0368046,,,,,,-0.0279099,0.16306035,-0.115376554,0.6016596,0.76647156,0.21393824,0.06882886
,,1.3828919,4.1334414,-8.819784,1684143767173,,0.012140937,0.050472703,0.03527744,,,,,,-0.09494148,0.1440718,-0.0070968946,0.6003759,0.7672795,0.21448901,0.069268
,,1.3788241,4.1872,-8.840841,1684143767424,,-0.05261073,-0.13767365,0.043218683,,,,,,-0.07688054,0.1948975,-0.02629671,0.59839857,0.768859,0.21435326,0.06929801
,,1.3580066,4.2343388,-8.816355,1684143767675,,0.03657553,0.04741838,0.04138609,,,,,,-0.09987431,0.20096229,-0.0035631657,0.5966266,0.7701998,0.21428221,0.06991548
,,1.3260226,4.232744,-8.791072,1684143767928,,0.06589704,-0.099800035,0.07620538,,,,,,-0.10830737,0.18636313,0.03484381,0.5949814,0.7714508,0.21419246,0.07043221
,,1.3064812,4.2700725,-8.779825,1684143768179,,0.028634287,-0.061926417,0.041996952,,,,,,-0.11638049,0.21045806,0.07319341,0.5930891,0.77282375,0.21410063,0.07162133
,,1.3051254,4.2647276,-8.762997,1684143768430,,0.023747368,-0.0051159924,0.015729768,,,,,,-0.10621593,0.15684444,0.10049074,0.59079415,0.77450496,0.21398695,0.07270185
,,1.3071193,4.263531,-8.776874,1684143768681,,-0.019013166,-0.08758274,0.07925971,,,,,,-0.06197379,0.12572038,0.08651484,0.58929086,0.775574,0.21374328,0.0741625
,,1.3024933,4.2310686,-8.74114,1684143768931,,-6.8722287E-4,-0.0881936,0.16478078,,,,,,-0.03767435,0.0558992,0.13312395,0.5894653,0.7753365,0.21328937,0.07644146
52.54258092,13.36607082,1.2182657,4.269673,-8.803593,1684143769000,7.7625504,0.19112432,-0.08697187,0.10063997,,,,,,-0.020437032,0.10791965,0.090221755,0.5946045,0.7718498,0.20968479,0.08079084
,,1.2904493,4.265286,-8.79123,1684143769182,,0.08055779,-0.05093085,0.067653276,,,,,,0.004109472,0.073603034,0.09201075,0.5920166,0.77340144,0.21227135,0.07858714
,,1.1113067,4.212085,-8.838528,1684143769688,,0.05978839,-0.039935283,0.030390523,,,,,,-0.058219966,0.11327297,0.083668776,0.5976728,0.77068424,0.20458631,0.081736706
,,0.9263414,4.236811,-8.878727,1684143769944,,0.07322741,-0.16516256,-0.102778,,,,,,-0.12553741,0.21482143,0.06904348,0.5986387,0.7712916,0.19842918,0.08359928
,,0.68666035,4.168935,-8.891729,1684143770196,,0.19051345,-0.6049852,-0.0025961753,,,,,,-0.16844991,0.25983626,0.08226242,0.5964298,0.7741662,0.19018279,0.0891399
,,0.27996027,3.9562933,-8.981301,1684143770449,,0.012140937,-0.131565,0.1800524,,,,,,-0.19414929,0.14397526,0.047155064,0.59448844,0.7770882,0.17440666,0.10114862
,,-0.1781855,3.7100716,-9.030752,1684143770701,,0.01886045,0.0028252497,0.025503604,,,,,,-0.21496166,0.0410345,0.03332434,0.5938614,0.7790577,0.15536265,0.11499452
,,-0.49395838,3.4639297,-9.14481,1684143770952,,0.03291034,0.1146135,0.04016436,,,,,,-0.1273211,-0.0912846,-0.02923476,0.59700745,0.77804416,0.1362536,0.12738195
,,-0.7170493,3.2229726,-9.239645,1684143771203,,0.026190827,-0.03810269,0.019394957,,,,,,-0.023739068,-0.20191495,-0.071942836,0.60442233,0.77336323,0.11907993,0.13740174
,,-0.8854243,2.894917,-9.323076,1684143771456,,0.0041996953,-0.024663666,0.021227552,,,,,,0.082713775,-0.35284844,-0.09111668,0.6189271,0.7631457,0.10100036,0.14426938
,,-0.9874383,2.6503708,-9.434262,1684143771707,,0.010308343,-0.014889829,0.009010255,,,,,,0.13396306,-0.43314946,-0.13917789,0.6384611,0.74895626,0.08445351,0.14642711
,,-0.94907326,2.544847,-9.456277,1684143771958,,-0.010461059,-2.290743E-4,0.012675445,,,,,,0.14603934,-0.3537874,-0.11061312,0.65727574,0.7349915,0.07470607,0.14116096
52.54261777,13.3660203,-0.8049455,2.3844478,-9.511393,1684143772000,7.2313,-0.0025198173,0.012599086,4.581486E-4,,,,,,0.13035497,-0.21904561,-0.061355017,0.68668866,0.7124921,0.06336381,0.12686218
,,-0.8484152,2.4543183,-9.491133,1684143772209,,0.010919208,-0.008781182,0.007177661,,,,,,0.16347574,-0.28322074,-0.08612362,0.6734931,0.7228067,0.06826454,0.13346575
,,-0.8283952,2.3632312,-9.507642,1684143772712,,0.00481056,-0.008170316,-0.00320704,,,,,,0.07776482,-0.14559017,-0.03383487,0.69588405,0.70485014,0.059204664,0.12321068
,,-0.8559925,2.3717656,-9.504772,1684143772966,,0.002367101,0.00160352,0.0016798781,,,,,,0.039883725,-0.081807345,-0.018964196,0.70105404,0.7003471,0.05669518,0.12134806
,,-0.8549555,2.3633113,-9.513065,1684143773218,,-7.63581E-5,-0.013668099,0.0029016077,,,,,,0.030772315,-0.054616347,-0.01637001,0.70433795,0.69743544,0.055262584,0.11996993
,,-0.84490556,2.3644278,-9.517452,1684143773470,,0.0060322895,-0.014889829,0.004734202,,,,,,0.029597262,-0.03246939,-0.014240328,0.7065863,0.695411,0.054532655,0.11893808
,,-0.8449057,2.3610778,-9.5208025,1684143773720,,-6.8722287E-4,3.8179048E-4,0.004123337,,,,,,0.02032202,-0.019613003,-0.011682638,0.7081696,0.69397855,0.05392866,0.11820403
,,-0.847139,2.3600411,-9.525029,1684143773973,,-7.63581E-5,9.926553E-4,-0.006872229,,,,,,0.014967094,-0.011000435,-0.0100775715,0.7092775,0.69295293,0.053460997,0.11779998
,,-0.8602198,2.3568504,-9.523194,1684143774224,,0.0011453715,9.926553E-4,-0.010537418,,,,,,0.008505919,-0.008503612,-0.0059467633,0.71013385,0.69211775,0.052819297,0.11783793
,,-0.8725827,2.3532612,-9.52431,1684143774478,,0.0011453715,-0.0026725335,-0.0019853106,,,,,,0.0030367712,-0.0075773797,-0.0049642245,0.71096426,0.69128776,0.05217088,0.11799525
,,-0.88422775,2.3560529,-9.521361,1684143774730,,0.0054214248,-0.0026725335,0.0029016077,,,,,,0.0012818853,-0.0034004927,-0.0022995314,0.71166,0.69056386,0.051546853,0.11831982
,,-0.89842504,2.35366,-9.521839,1684143774985,,0.0017562362,0.0022143847,4.581486E-4,,,,,,-0.0025780797,-0.0035805383,4.6952566E-4,0.712421,0.689779,0.050877936,0.118612505
52.5426303,13.36600681,-0.9096714,2.3487153,-9.524152,1684143775000,7.525506,0.033521205,-0.01244637,-0.013591741,,,,,,0.0010789116,-0.0019144773,-4.029274E-4,0.7139126,0.68825686,0.049819376,0.118932486
,,-0.9066406,2.3526232,-9.524153,1684143775238,,0.0011453715,-0.0014508038,0.0010690134,,,,,,-0.0024740994,-0.002271541,-7.894198E-4,0.7131575,0.6890215,0.050324667,0.118823975
,,-0.90352976,2.311068,-9.556295,1684143775738,,-0.05383246,-0.13950625,0.02611447,,,,,,0.009833139,-0.019539408,-0.0207345,0.71502453,0.68724984,0.04871585,0.11848619
,,-0.96797645,2.2087348,-9.561878,1684143775990,,-0.3256673,-0.14989094,0.005345067,,,,,,0.020264944,-0.12492033,-0.029468536,0.71796703,0.68376386,0.045362815,0.12131987
,,-0.91381896,2.2339394,-9.566266,1684143776242,,-0.8552871,0.7425825,0.398742,,,,,,0.09252518,-0.21551219,-0.0663614,0.72444844,0.67519337,0.046478055,0.12712383
,,-0.49028936,2.4728231,-9.508838,1684143776493,,-0.7899245,0.017486004,-0.10522146,,,,,,0.25936404,-0.38528576,-0.1550758,0.7313505,0.66149205,0.067827925,0.13581586
,,-0.036530454,2.9725237,-9.245627,1684143776746,,-0.8113048,0.019929463,-0.090560704,,,,,,0.38923103,-0.5747669,-0.2558992,0.7341646,0.64430267,0.101909034,0.15610689
,,0.2375276,3.8268418,-8.71849,1684143776997,,-0.73005974,0.16714787,-0.061239194,,,,,,0.42593324,-0.64617276,-0.32377717,0.73142016,0.62329483,0.14416614,0.19027047
,,0.3748756,5.009614,-7.9516687,1684143777250,,0.31574073,0.5171734,0.23441936,,,,,,0.3129728,-0.5147324,-0.36797374,0.7231022,0.6005175,0.19458123,0.23157187
,,0.8166704,6.135277,-7.2658863,1684143777503,,0.6779835,0.087124586,-0.33735007,,,,,,0.27574438,-0.3406964,-0.3163359,0.7134257,0.58394456,0.2509919,0.25819176
,,1.2648461,6.756533,-6.9505124,1684143777753,,1.3285545,-0.102854356,-0.08933897,,,,,,0.27039495,-0.35140404,-0.3966797,0.69945234,0.5827369,0.29645622,0.2680995
52.54264041,13.36597437,1.2078172,5.9460855,-7.3635926,1684143778000,6.1161547,-1.2749511,-0.4822014,-0.52855074,,,,,,-0.11749234,0.011606443,-0.027200285,0.67930764,0.6343662,0.27261522,0.19253206
,,1.1904292,6.862057,-6.8644495,1684143778008,,1.1318561,0.118889555,0.031001387,,,,,,0.11374613,-0.16953106,-0.2603504,0.6877262,0.59644836,0.2999808,0.25957748
,,1.017508,6.335477,-7.127022,1684143778260,,-1.3629156,0.39805475,0.0481056,,,,,,-0.10611362,-0.030748237,-0.12884666,0.6825601,0.61567026,0.2798012,0.22635387
,,1.4077775,5.8169513,-7.584212,1684143778762,,0.2625955,0.19158247,0.25641048,,,,,,-0.061693296,0.055398718,0.014854725,0.67487395,0.6493029,0.27238193,0.17328134
,,1.4911274,5.699384,-7.715897,1684143779014,,1.285794,-0.12728895,0.056046844,,,,,,-4.6839713E-4,0.063811176,0.018803088,0.671294,0.659815,0.2693883,0.1623755
,,1.4217355,5.4966326,-7.846625,1684143779264,,1.8374048,-0.13461933,0.23564109,,,,,,-0.07460046,0.22438447,0.12077117,0.67262524,0.6685549,0.25495002,0.14641437
,,1.4321842,5.136433,-7.8547606,1684143779515,,-2.1472661,0.5330559,-0.19257513,,,,,,-0.2011473,0.17409092,0.18522272,0.62755966,0.6239902,0.23889232,0.12931225
,,1.6335005,5.775955,-7.539944,1684143779766,,-1.3103813,-0.47731447,-0.09911281,,,,,,-0.13076116,0.24265048,0.14211123,0.6209651,0.61906946,0.26650408,0.14618585
,,1.4606588,6.342894,-7.2008023,1684143780019,,0.6767618,0.027870705,-0.008093959,,,,,,-0.26962033,0.44291037,0.1808373,0.6138897,0.6129592,0.28262982,0.16779123
,,1.5617954,6.063652,-7.4343414,1684143780270,,1.845957,0.21479532,0.21364996,,,,,,-0.18445309,0.4232465,0.19590877,0.6170873,0.6182411,0.27325302,0.15456168
,,1.4614565,5.1025357,-7.838968,1684143780521,,-1.1478913,-0.0075594517,0.02367101,,,,,,-0.34437028,0.28655192,0.29178202,0.57800496,0.5826422,0.23171154,0.12068341
,,1.3970895,5.1691346,-7.820065,1684143780772,,-1.7611995,-0.15599959,-0.46440995,,,,,,-0.40359923,0.31659284,0.33312023,0.57787794,0.58209866,0.23396471,0.11753101
52.5427177,13.36591767,1.4062618,5.2591853,-7.755855,1684143781000,6.33999,-1.4588214,-0.049709123,0.17394374,,,,,,-0.15989463,0.37518182,0.34449345,0.5289632,0.5366744,0.22434354,0.12329586
,,1.3317654,6.2266026,-7.346365,1684143781024,,0.6095667,0.059635673,0.041996952,,,,,,-0.33570912,0.5184444,0.23421548,0.6146935,0.6184914,0.276259,0.15550955
,,1.2953945,6.294639,-7.2741804,1684143781276,,2.1287873,-0.0778089,0.21792601,,,,,,-0.2721572,0.5689199,0.2922638,0.6130191,0.61880606,0.2769674,0.1604702
,,1.3727622,4.99071,-7.8121667,1684143781778,,-1.8797073,-0.43638653,-0.2206749,,,,,,-0.24499722,0.25258932,0.38234267,0.5311092,0.5380971,0.21935974,0.1138775
,,1.2730614,6.0481787,-7.2664433,1684143782033,,0.6614902,0.0077121677,0.20021093,,,,,,-0.27062005,0.4661399,0.28596464,0.5688606,0.57238567,0.26259592,0.15234873
,,1.38688,6.226524,-7.1673017,1684143782284,,1.9840125,-0.28733552,0.117744185,,,,,,-0.16852814,0.4792995,0.2642295,0.5665083,0.56984115,0.26957402,0.16304989
,,1.4890534,5.1632333,-7.676017,1684143782536,,-0.8253547,0.38950264,-0.12049308,,,,,,-0.20402241,0.30205998,0.38267866,0.4375451,0.43930608,0.20673734,0.12521762
,,1.4832312,4.7769504,-7.7752385,1684143782790,,-1.623144,-0.3814087,-0.3404044,,,,,,-0.3486192,0.18638441,0.44129935,0.44069797,0.4424037,0.19860186,0.10916038
,,1.404667,5.7950177,-7.3746,1684143783042,,-0.05933024,-0.046043932,0.16722423,,,,,,-0.41743755,0.34756884,0.316875,0.52393335,0.52658165,0.2505723,0.1435317
,,1.4147167,6.331169,-7.0247684,1684143783296,,1.1318561,0.30947936,0.17088942,,,,,,-0.33879215,0.45423704,0.29252928,0.517301,0.51956564,0.26813343,0.16586298
,,1.6539989,5.9074793,-7.4031534,1684143783546,,1.6364304,-0.115071654,-0.25121814,,,,,,-0.16803512,0.34438717,0.28652334,0.52036935,0.52830446,0.2555039,0.14670761
,,1.5836495,5.248497,-7.6041517,1684143783798,,-0.6378192,0.38705918,-0.056963142,,,,,,-0.23803554,0.21326798,0.34196535,0.52283007,0.53725183,0.23240551,0.12409592
52.54279189,13.36579871,1.6094922,6.206104,-7.260462,1684143784000,8.400195,1.3389392,0.2325104,-0.14187334,,,,,,-0.1721864,0.27718067,0.09850666,0.64930654,0.66876054,0.29772228,0.1601988
,,1.672184,5.5275803,-7.5007815,1684143784050,,-1.6921718,-0.43211046,-0.28420484,,,,,,-0.23618294,0.14722393,0.26917595,0.6576706,0.676857,0.27625564,0.1331391
,,1.5406587,6.2398434,-7.215158,1684143784300,,-0.16195552,0.023594651,-0.0716239,,,,,,-0.2191634,0.34203595,0.18646203,0.6516103,0.66922486,0.2936153,0.15884644
,,1.6201802,5.715814,-7.5472803,1684143784804,,1.7005712,0.027259842,0.18921536,,,,,,-0.25609306,0.19598453,0.16053982,0.65016717,0.679896,0.28309765,0.14147086
,,1.5377877,5.1798224,-7.71446,1684143785054,,-1.1820997,0.2636645,-0.0716239,,,,,,-0.34627914,0.10250246,0.23317248,0.56170714,0.5917157,0.24095017,0.120544694
,,1.6319847,5.4449477,-7.6249685,1684143785306,,-1.6060399,-0.27084216,-0.4790707,,,,,,-0.49262872,0.0035640558,0.1358446,0.5573822,0.58813137,0.26153368,0.12966229
,,1.4584254,6.2052283,-7.2264047,1684143785558,,0.098272875,0.12438734,0.17577635,,,,,,-0.49917784,0.20542154,0.05888723,0.5464707,0.5820123,0.28509772,0.15627085
,,1.5597217,6.2025156,-7.285269,1684143785809,,1.7323362,0.06024654,0.06520981,,,,,,-0.42731908,0.19108397,-0.01977698,0.5417599,0.5853463,0.28850597,0.1542151
,,1.6421145,5.686463,-7.5496755,1684143786061,,1.7610468,0.2514472,-0.0050396346,,,,,,-0.34189984,0.15919489,0.13519588,0.54427135,0.598267,0.26724216,0.13063604
,,1.6189038,5.084509,-7.6985884,1684143786312,,-2.0147085,0.36140287,-1.527162E-4,,,,,,-0.36245358,0.04663643,0.16282591,0.4591463,0.5056601,0.22876945,0.11025033
,,1.6600608,5.7349577,-7.5454473,1684143786566,,-1.4276674,-0.49380782,-0.28420484,,,,,,-0.30389264,0.18877655,0.030934699,0.5408012,0.5990248,0.27434418,0.12840873
,,1.4795622,6.473304,-7.0568323,1684143786817,,0.56680614,0.12560907,0.2215912,,,,,,-0.14234851,0.41988727,0.119148575,0.5317766,0.59300524,0.2907186,0.15655404
52.54286793,13.36562269,1.6118852,5.1511884,-7.5657854,1684143787000,7.457473,-2.292041,0.1164461,-0.26526803,,,,,,-0.06418978,0.19290732,0.4031926,0.4576234,0.5098126,0.22429654,0.112536505
,,1.6485751,6.294878,-7.20766,1684143787068,,1.5716788,-0.011835505,-0.0044287695,,,,,,0.026134435,0.4026921,0.17951642,0.5339563,0.5973833,0.28257957,0.149505
,,1.6495322,5.511389,-7.550472,1684143787319,,0.6315578,0.38278314,0.005345067,,,,,,0.027057031,0.2976854,0.31966957,0.49733102,0.5592087,0.24206775,0.12337742
,,1.6350157,6.191667,-7.2189865,1684143787822,,-0.7251729,-0.10102176,0.024281874,,,,,,0.0067677023,0.37499693,0.28887108,0.5396388,0.59689265,0.27571675,0.14309525
,,1.540579,6.513344,-6.958727,1684143788073,,1.1660645,0.09689843,0.114689864,,,,,,-0.03175622,0.38456488,0.24305138,0.5372292,0.5867919,0.28960383,0.16359116
,,1.635893,6.126185,-7.21476,1684143788324,,1.8929936,-0.30382887,0.18555018,,,,,,-9.716153E-4,0.3065128,0.3012099,0.5434647,0.5923571,0.27640066,0.14693138
,,1.5134604,5.2181087,-7.492884,1684143788578,,-1.095357,0.22579089,0.012675445,,,,,,-0.18789002,0.08964355,0.41393158,0.50570273,0.55170596,0.23922227,0.11975107
,,1.6585453,5.4155164,-7.3785872,1684143788829,,-1.7111086,-0.7118865,-0.35995206,,,,,,-0.16951354,0.0061139823,0.33120078,0.5477101,0.5968837,0.26428288,0.123673216
,,1.5833308,6.3725643,-6.9722066,1684143789080,,0.29497132,0.048029244,0.09758565,,,,,,-0.1756917,0.18007192,0.18994555,0.58092064,0.6363127,0.30499703,0.15737084
,,1.6374881,6.349913,-6.9820166,1684143789332,,1.6883539,0.032757625,-0.006261364,,,,,,-0.07708612,0.17617372,0.16715208,0.5779541,0.6374039,0.30684462,0.1599938
,,1.6471393,5.7032137,-7.2855067,1684143789584,,1.5692352,0.16592614,0.25702137,,,,,,-0.05251797,0.17184979,0.36257336,0.5833969,0.65086645,0.2788989,0.13462442
,,1.6096519,5.0348983,-7.5499144,1684143789833,,-2.0373104,0.20624322,0.02367101,,,,,,-0.12274324,0.06503014,0.38209853,0.5877635,0.6573489,0.25545076,0.1132931
52.54293364,13.36543957,1.584607,6.211767,-7.2607813,1684143790000,7.8957925,1.7873139,-0.017333288,0.024281874,,,,,,0.09510667,0.36947784,0.2020216,0.6284983,0.69102204,0.29434967,0.15707208
,,1.7091136,5.9172115,-7.358808,1684143790083,,-1.2657882,-0.34658942,-0.23716825,,,,,,0.03613378,0.2821731,0.20225568,0.62758774,0.69829756,0.28984684,0.13607801
,,1.4327426,6.496274,-6.9805813,1684143790335,,0.8563561,0.27282748,0.25579962,,,,,,-0.03567854,0.4063017,0.2214465,0.62217015,0.6881584,0.30568653,0.16659124
,,1.4310672,5.347878,-7.5387464,1684143790838,,-0.31344998,0.27710354,0.089033544,,,,,,-0.101589605,0.25112846,0.39425147,0.593844,0.6506957,0.25307307,0.12838587
,,1.5568501,5.2177887,-7.596495,1684143791089,,-1.9921064,-0.565279,-0.34590217,,,,,,-0.09586708,0.07350453,0.3153071,0.5960171,0.6482951,0.25615957,0.12202557
,,1.4940783,6.2656865,-7.205029,1684143791340,,-0.022067491,-0.16516256,0.23014331,,,,,,-0.057535294,0.31587654,0.1835945,0.5880684,0.6363837,0.2899996,0.15668884
,,1.5081164,6.43103,-7.0525265,1684143791591,,1.3823106,0.34429866,0.08659008,,,,,,-0.09885418,0.31250113,0.17829403,0.5857656,0.63065624,0.29898363,0.16902933
,,1.7395823,5.9306107,-7.4766936,1684143791842,,1.8819981,0.07063124,-0.0716239,,,,,,0.044457383,0.29736882,0.2263291,0.59404767,0.63936496,0.27849653,0.14369646
,,1.6846268,5.152225,-7.70457,1684143792092,,-2.070297,0.5330559,-0.36911505,,,,,,-0.05731694,0.05600322,0.31861028,0.60112786,0.64566225,0.25322282,0.11656967
,,1.815594,5.7835317,-7.4970317,1684143792342,,-1.5357904,-0.8303943,-0.25732678,,,,,,0.07498026,0.12526019,0.21268885,0.6428592,0.6872967,0.28402176,0.13358516
,,1.6839092,6.623413,-7.0269227,1684143792593,,0.78427404,0.40721774,0.11530073,,,,,,0.058186702,0.32530645,0.16861695,0.6372774,0.6735685,0.3077277,0.16883332
,,1.8611376,6.449295,-7.100064,1684143792843,,1.8978806,0.0064904382,0.28145593,,,,,,0.15247487,0.22234564,0.19258207,0.6410722,0.672762,0.30550927,0.1637318
52.54301696,13.36525147,1.6295123,6.2047486,-6.9927855,1684143793000,7.444158,-0.6219367,-0.008781182,0.22281294,,,,,,-0.06332048,0.2270884,0.33304483,0.59735656,0.62746274,0.2915526,0.15335274
,,1.711905,5.6662045,-7.3953376,1684143793094,,0.5478693,0.21723878,0.07864884,,,,,,0.03202967,0.13337186,0.37311184,0.6491382,0.68324184,0.27768156,0.1329535
,,1.687897,5.238287,-7.4110503,1684143793343,,-2.260276,-0.055206906,-0.30497423,,,,,,-0.07987036,-0.04212874,0.4179186,0.60584486,0.6373857,0.2601777,0.120071076
,,1.598565,6.628198,-6.867322,1684143793847,,1.4299581,0.04497492,0.076816246,,,,,,-0.046606664,0.36152205,0.17839366,0.59326226,0.61971104,0.30455616,0.1717065
,,1.6845472,6.1190057,-7.2701936,1684143794097,,1.913763,-0.29894194,0.09697478,,,,,,0.057375003,0.2723431,0.20980535,0.598993,0.62965417,0.28693342,0.14787203
,,1.6382861,5.116652,-7.5779095,1684143794349,,-1.8962007,0.2984838,0.0065667965,,,,,,-0.07287979,0.084401056,0.34143782,0.5154002,0.5441763,0.2351324,0.117203034
,,1.843351,5.509713,-7.458347,1684143794600,,-1.6781219,-0.55733776,-0.1754709,,,,,,0.019887226,0.0862193,0.18664409,0.51250225,0.539191,0.2516909,0.1286387
,,1.6558331,6.392904,-6.98417,1684143794853,,0.31146467,0.15737404,0.06520981,,,,,,-0.10419057,0.22500567,0.089133196,0.5483807,0.575105,0.29174182,0.16474214
,,1.7501103,6.333483,-7.162834,1684143795107,,1.7928118,-0.15477787,0.054825112,,,,,,-0.044758257,0.24372989,-0.008783658,0.54854625,0.5758827,0.29221904,0.16111967
,,1.7510676,5.3698936,-7.4549193,1684143795357,,0.66943145,0.14271328,0.18432845,,,,,,-0.15141465,0.050660092,0.26478058,0.51002616,0.5409988,0.25389543,0.1282676
,,1.8144776,4.866443,-7.5152984,1684143795608,,-2.3207517,0.25755587,-0.25977024,,,,,,-0.21226914,-0.1387748,0.2694997,0.46641892,0.49739975,0.23200092,0.113548584
,,1.7831314,5.98732,-7.1606817,1684143795859,,-0.60742867,-0.3088685,0.1545488,,,,,,-0.100079075,0.12704474,0.08607901,0.54767704,0.58444995,0.2840025,0.14572598
52.5431005,13.36507396,1.853959,5.0156755,-7.49767,1684143796000,6.9096336,-1.7424154,0.07841977,-0.035430156,,,,,,-0.12153908,-0.036334895,0.35535964,0.46534333,0.49945176,0.22800665,0.118685536
,,1.6659629,6.3747177,-6.9311295,1684143796111,,1.2807543,0.34903285,0.07819069,,,,,,-0.1124123,0.11935323,0.089735776,0.54195994,0.5773077,0.29710618,0.16814856
,,1.8324237,6.01763,-7.335436,1684143796361,,1.9410992,-0.23861906,0.1178969,,,,,,-0.035133358,0.26344225,0.052139077,0.5474486,0.5861024,0.2804466,0.14826712
,,2.0246468,5.4155164,-7.4408016,1684143796864,,-1.5787036,-0.91179204,-0.41355544,,,,,,0.0077867904,-0.07285672,0.13994874,0.5076872,0.54368967,0.25202277,0.12873821
,,1.8247665,6.3746395,-6.9505906,1684143797117,,0.63568115,0.14011711,0.11728604,,,,,,-0.07748713,0.17971823,0.14356811,0.54417866,0.5794087,0.29136673,0.16576464
,,1.8803596,6.254041,-7.02429,1684143797370,,1.5373176,-0.04741838,0.19058982,,,,,,-0.07447203,0.13202716,0.16891779,0.5461164,0.5787303,0.2896004,0.16550654
,,1.9487147,5.4831533,-7.438567,1684143797623,,0.3888918,0.73387766,-0.0097738365,,,,,,-0.021414725,0.14736025,0.21565667,0.5556213,0.5900186,0.25896204,0.13366655
,,1.9527825,5.03075,-7.51769,1684143797878,,-2.2524874,-0.2691623,-0.3573559,,,,,,0.020198535,-0.10251881,0.3537909,0.5614184,0.5912666,0.24527942,0.11922272
,,1.8380868,6.0984282,-7.2004824,1684143798127,,-0.5157989,-0.5128973,0.09590577,,,,,,0.026002403,0.21754971,0.146842,0.64530337,0.67527026,0.2958098,0.15476856
,,1.6335005,6.574679,-6.8902926,1684143798379,,1.3870448,0.28122687,0.17226386,,,,,,-0.040465787,0.3816704,0.18255748,0.64442563,0.66365564,0.30679598,0.18067189
,,1.8100109,6.02066,-7.2815194,1684143798631,,2.3094506,0.26290092,0.07147118,,,,,,0.110747054,0.2814421,0.2156088,0.6556934,0.6677517,0.28730926,0.16091248
,,1.7316854,5.156373,-7.542337,1684143798882,,-2.2445462,0.32643086,-0.076358095,,,,,,0.05808369,0.13591996,0.37662607,0.66835725,0.6719387,0.25690478,0.13013355
52.54318463,13.36489978,1.674258,6.4511294,-6.8791265,1684143799000,6.8513994,2.0247877,-0.15493058,0.040317077,,,,,,0.12264282,0.3072087,0.2677356,0.67099327,0.6404336,0.2977075,0.18408051
,,1.6767304,5.7192454,-7.3194056,1684143799134,,-1.4632503,-0.5648208,-0.39584038,,,,,,0.043307107,0.2085867,0.3578205,0.66948766,0.66162324,0.2739332,0.14635707
,,1.5317255,6.631229,-6.8301535,1684143799384,,0.7743475,0.17676899,0.27427828,,,,,,0.0423139,0.4188312,0.23960266,0.6643805,0.6447314,0.30052644,0.18718152
,,1.6059029,5.481638,-7.2522473,1684143799886,,-0.3661371,0.43577567,0.14294235,,,,,,-0.03904838,0.14893016,0.5384233,0.68288904,0.64910764,0.26844698,0.14794268
,,1.573839,5.3404613,-7.2741017,1684143800137,,-2.082667,-0.428598,-0.58032155,,,,,,-0.14047381,0.107948385,0.5610011,0.6874212,0.64629734,0.26672688,0.13963489
,,1.475813,6.442915,-6.8456264,1684143800388,,0.36690065,0.09063706,0.31520623,,,,,,-0.16185611,0.35956433,0.35501036,0.67839694,0.6319333,0.30061385,0.18228951
,,1.4128819,6.557451,-6.6603417,1684143800640,,1.774944,0.17982332,-0.15332706,,,,,,-0.2532469,0.30950603,0.3469976,0.677328,0.62332946,0.31007993,0.19789349
,,1.4788439,6.0019965,-7.091848,1684143800892,,1.5611413,1.1303289,-0.2828304,,,,,,-0.26453248,0.34920782,0.43604663,0.6885078,0.63121235,0.2886084,0.1666267
,,1.3467604,5.162515,-7.341899,1684143801142,,-2.4412448,0.36430448,-0.30298892,,,,,,-0.45007393,0.11124034,0.5117617,0.6955749,0.63789356,0.26827386,0.13713071
,,1.4797215,6.0607805,-7.056195,1684143801393,,-0.91163933,-0.24045165,-0.15149446,,,,,,-0.2389295,0.2780919,0.22006223,0.6890398,0.628044,0.29548666,0.16338803
,,1.471586,6.741618,-6.720322,1684143801647,,1.0987166,0.16821688,0.15393792,,,,,,-0.25201827,0.37155,0.0296587,0.6803041,0.6172243,0.31684262,0.19633274
,,1.7581666,6.294479,-6.9960546,1684143801899,,2.0217333,-0.211741,-0.16859868,,,,,,-0.23781413,0.27021128,0.114319436,0.6861431,0.62222075,0.30774862,0.1778716
52.54325992,13.36473569,1.8393631,6.2184677,-7.0380096,1684143802000,6.588186,0.7395282,-0.27343833,0.082466744,,,,,,-0.37400723,0.074873276,-0.0635046,0.67303383,0.6264702,0.3213216,0.18737379
,,1.812324,5.05731,-7.381858,1684143802150,,-1.8658102,0.27633995,-0.16187917,,,,,,-0.37759176,-0.11959507,0.25864705,0.6928009,0.6356105,0.2799034,0.14085135
,,1.9021344,5.047021,-7.42126,1684143802401,,-1.6239077,-0.43653923,-0.5216785,,,,,,-0.49310562,-0.3099442,0.15870121,0.68677866,0.63596314,0.29145125,0.14601366
,,1.7612771,6.0375695,-7.0225368,1684143802904,,1.8103741,0.18226677,0.19730933,,,,,,-0.5598579,0.013363218,0.0241007,0.6718231,0.62872505,0.32032242,0.18686278
,,1.6519248,5.090172,-7.296434,1684143803155,,-0.31787875,0.22197299,0.08613193,,,,,,-0.74038506,-0.06953868,0.3227443,0.68009144,0.64406914,0.2907202,0.14668703
,,1.6811175,4.673581,-7.3481197,1684143803407,,-1.9049054,-0.35834855,-0.4422661,,,,,,-0.69791704,-0.33619592,0.33241355,0.67997354,0.6506143,0.28256026,0.13011812
,,1.6111674,6.109594,-6.9773912,1684143803659,,0.20257804,-0.14393501,0.019547673,,,,,,-0.47760764,0.11816755,0.09821113,0.66588944,0.6420367,0.3160003,0.16620311
,,1.5460827,6.5556955,-6.682117,1684143803910,,1.2306634,0.118125975,0.30298892,,,,,,-0.35405472,0.23996602,0.009601656,0.6572207,0.639414,0.3286305,0.18345465
,,1.7293726,5.8632135,-7.0260453,1684143804162,,1.4444661,-0.07735075,0.14905101,,,,,,-0.25539464,0.028564898,0.16931812,0.66363215,0.65204924,0.3075248,0.15277094
,,1.7791435,4.9928637,-7.3102326,1684143804412,,-2.273257,0.35819584,-0.3903426,,,,,,-0.2769989,-0.24103251,0.2846636,0.6671251,0.66299176,0.28582248,0.12227683
,,1.8951157,5.8082576,-7.2142,1684143804664,,-1.0252602,-0.27466008,-0.1075122,,,,,,-0.14358552,-0.0581395,-0.0283223,0.65503466,0.65978396,0.31224474,0.14455988
,,1.681676,6.59749,-6.801439,1684143804917,,1.0522909,0.07903063,0.050090913,,,,,,-0.18651216,0.17911871,-0.05298182,0.64152974,0.6542978,0.33538076,0.17596893
52.54332778,13.36456091,2.022653,5.3766727,-7.3631134,1684143805000,7.2998943,-1.776013,-0.6778308,-0.27672175,,,,,,-0.1631319,-0.041868497,0.04847638,0.6476801,0.6779492,0.29567808,0.12747484
,,1.9377877,6.138627,-7.0544405,1684143805168,,2.0987022,0.0674242,-0.017104214,,,,,,-0.0989873,0.1128,-0.02710096,0.64460605,0.6641938,0.32038084,0.1585969
,,1.9751154,5.185805,-7.444868,1684143805420,,-1.8267148,0.4730384,-0.35307986,,,,,,-0.10847583,-0.07066916,0.16995962,0.6529411,0.6778585,0.2862593,0.122109696
,,1.9635503,6.6234136,-6.8759356,1684143805920,,0.9001856,0.21403174,0.19547673,,,,,,0.00880177,0.31550667,-0.07698121,0.63444245,0.6672409,0.327425,0.16848011
,,1.9128225,6.5663047,-6.8728247,1684143806170,,1.9001713,-0.2514472,0.19181155,,,,,,0.05188895,0.31356463,-0.027009439,0.6349488,0.668076,0.32535875,0.16809438
,,1.920559,5.5020556,-7.311987,1684143806423,,-0.6098721,0.20303617,0.046425723,,,,,,-0.08397101,0.13756749,0.14482339,0.5553805,0.58488435,0.26976067,0.1314669
,,1.940659,5.2513676,-7.378987,1684143806675,,-1.8969642,-0.9905936,-0.6139191,,,,,,-0.10429012,0.012533959,0.14333527,0.5563389,0.58763003,0.26516438,0.119082004
,,1.858266,6.2954364,-6.8339024,1684143806929,,0.54405147,-0.03214676,0.23701553,,,,,,-0.08210802,0.19197056,0.039009888,0.5439387,0.5769285,0.29992533,0.15712649
,,1.7513865,6.647899,-6.6531644,1684143807179,,2.1445172,-0.1268308,0.21197008,,,,,,-0.047889225,0.34063298,0.11506772,0.5400227,0.57327473,0.30864877,0.17007855
,,2.0126028,5.743972,-7.318048,1684143807429,,0.73830646,0.3105484,0.019547673,,,,,,-0.011272327,0.23517156,0.05906148,0.50479645,0.53845114,0.26745528,0.13373318
,,2.1644676,4.939504,-7.5463243,1684143807680,,-2.1889577,-0.10545053,-0.54916745,,,,,,0.041077144,-0.11929,0.21654868,0.42082104,0.44965032,0.22368605,0.109946586
,,2.1388648,6.0141196,-7.2211404,1684143807934,,-0.614759,-0.055970486,0.22479823,,,,,,0.1615439,0.14333338,0.04405023,0.50285685,0.5362003,0.27348194,0.13927415
52.54342956,13.36435517,2.3635504,5.08419,-7.7392664,1684143808000,8.918023,-2.2628722,0.45287988,-0.18203771,,,,,,0.13676514,-0.08903447,0.0667696,0.42563465,0.444831,0.22313088,0.11279371
,,2.1038492,6.6955957,-6.9516287,1684143808184,,1.4279728,0.46082112,0.24373505,,,,,,0.22453514,0.32107693,-0.010865275,0.49757674,0.52537197,0.2928935,0.16823776
,,2.281636,6.1411796,-7.382895,1684143808436,,2.0418918,0.12606722,0.20219624,,,,,,0.2894246,0.24012575,-0.0010396639,0.5065801,0.5314232,0.27560407,0.14552008
,,2.3068404,5.605266,-7.3387876,1684143808940,,-1.364901,-0.519006,-0.4251619,,,,,,0.14001186,-0.10567797,0.07840565,0.4661365,0.4864947,0.25400028,0.1286793
,,2.139662,6.644949,-6.8743405,1684143809194,,0.63384855,-0.05413789,0.09773836,,,,,,0.14764155,0.17847304,-0.014010795,0.5459118,0.57045305,0.305795,0.16604652
,,2.382693,6.3310103,-7.0046697,1684143809447,,2.1530693,0.1834885,0.13744457,,,,,,0.30213022,0.00807999,0.020246983,0.54874676,0.571937,0.30131277,0.15973061
,,2.257628,5.4203815,-7.4029946,1684143809700,,-0.4125628,0.17249294,-0.089797124,,,,,,0.24372022,-0.19861485,0.097760044,0.55839807,0.5843822,0.26768455,0.124595195
,,2.2983859,5.235895,-7.44782,1684143809949,,-2.093052,-0.89713126,-0.20525056,,,,,,0.19306011,-0.35031274,0.07928888,0.5592838,0.58502764,0.26535383,0.12004138
,,2.1107888,6.345447,-6.980661,1684143810200,,0.23556472,0.29955283,0.1838703,,,,,,0.19290873,-0.06716375,-0.00807174,0.63999367,0.66701305,0.32152167,0.16051911
,,2.0890138,6.504968,-6.943413,1684143810451,,1.8024329,-0.1042288,0.10995566,,,,,,0.21115024,-0.046169106,-0.06294751,0.63821673,0.66119665,0.32927167,0.17315498
,,2.1983657,5.791428,-7.411051,1684143810702,,1.2618176,0.36186102,0.10079269,,,,,,0.19520274,-0.12023493,-0.04518412,0.64790606,0.6713125,0.3044725,0.1423345
,,2.1895926,5.2754545,-7.622815,1684143810953,,-2.2085052,0.11934771,-0.4905244,,,,,,0.16722912,-0.22377433,-0.040830024,0.56274945,0.58268875,0.261795,0.11757725
52.54353789,13.3641993,2.3366709,6.335158,-7.1629944,1684143811000,11.648781,1.8128176,-0.33024877,0.13439025,,,,,,0.33372256,0.15560171,-0.11222205,0.54756635,0.5756752,0.29923943,0.1516643
,,2.2380867,6.014279,-7.2118087,1684143811203,,-0.81573355,-0.11339177,-0.015882485,,,,,,0.102860354,-0.064573035,-0.05929848,0.5530003,0.5749639,0.29192656,0.1438422
,,2.0872595,6.8444295,-6.860303,1684143811454,,1.2392156,0.29955283,0.0537561,,,,,,0.18341284,0.24034524,-0.18162909,0.543534,0.5663639,0.31354836,0.17208773
,,2.2365713,5.3789062,-7.541539,1684143811957,,-2.0234132,0.64896744,-0.15149446,,,,,,0.24163552,-0.045074448,0.040434487,0.55533534,0.588946,0.2648725,0.1174332
,,2.271347,5.950312,-7.24084,1684143812208,,-1.2341759,-0.5727621,-0.6976076,,,,,,0.38070112,0.12203058,0.10433904,0.55082184,0.5859415,0.2776395,0.12817068
,,2.0349364,6.792426,-6.821858,1684143812460,,0.9563852,0.57444197,0.2131918,,,,,,0.32174322,0.29675102,0.012922208,0.6307867,0.6687691,0.330058,0.1694849
,,2.1621547,6.7759156,-6.9214,1684143812709,,2.0339506,0.01244637,0.18875721,,,,,,0.48591605,0.30686393,0.04226465,0.6348792,0.6668922,0.32668373,0.1693012
,,2.2775683,5.766064,-7.354979,1684143812960,,-0.2543488,0.108963005,-0.033597562,,,,,,0.5365925,-0.06869598,0.23919694,0.5560669,0.58297557,0.27140695,0.13306028
,,2.257788,5.485306,-7.3709307,1684143813211,,-1.9330052,-0.5800925,-0.38851,,,,,,0.44934183,-0.2277532,0.28980687,0.5587729,0.5848042,0.26480365,0.120507516
,,2.2451057,6.6070614,-6.923074,1684143813462,,-0.23174682,-0.09628756,0.1386663,,,,,,0.49184805,0.03508889,0.14277628,0.5488995,0.5730231,0.29915997,0.15624313
,,2.235614,6.6193457,-6.890292,1684143813714,,1.6949207,0.15783219,0.15882485,,,,,,0.39467946,-0.08210074,-0.0017022291,0.54574746,0.56691587,0.3098475,0.1703229
,,2.3313267,6.0918064,-7.384331,1684143813967,,1.4145337,-0.2606102,0.2809978,,,,,,0.43624273,-0.08708208,0.019265778,0.5541594,0.57779926,0.28750345,0.13928594
52.54362675,13.36406966,2.0567904,6.928737,-6.8209805,1684143814000,11.696238,1.259985,-0.36018115,0.171653,,,,,,0.35285088,0.18755202,-0.05432633,0.58569694,0.6188318,0.32416254,0.1677807
,,2.1625533,5.220581,-7.4358554,1684143814217,,-2.0863323,-0.24656029,-0.06963859,,,,,,0.2516303,-0.366736,0.20368972,0.51403975,0.53961205,0.2518594,0.111374974
,,2.1670997,6.0915685,-7.1792655,1684143814468,,-0.8652136,-0.91301376,-0.27977607,,,,,,0.32375327,6.526152E-4,0.09639732,0.5957262,0.6288706,0.2994746,0.13536741
,,2.2271593,6.389873,-7.0126443,1684143814969,,2.1072545,-0.14026983,-0.01282816,,,,,,0.3121348,0.06921854,0.08585606,0.59020686,0.6241831,0.31359488,0.1529718
,,2.0685952,5.3998036,-7.2630935,1684143815221,,-1.5615995,0.13095413,0.054366965,,,,,,0.15717144,-0.11792516,0.4095863,0.5538824,0.58905846,0.26746646,0.11876807
,,2.1494725,5.3752375,-7.1961746,1684143815473,,-1.6911027,-0.59047717,-0.49663305,,,,,,0.03783263,-0.23399903,0.36223438,0.5515732,0.58848053,0.2734591,0.12060281
,,2.072025,6.44786,-6.9507513,1684143815726,,0.6869938,0.10529782,0.30237806,,,,,,0.04143572,0.14768428,0.10065986,0.5854327,0.62465096,0.31719175,0.15911673
,,2.0078175,6.333483,-6.7941003,1684143815979,,1.9117777,0.08452842,0.10445788,,,,,,-0.15810175,0.07904649,0.16275436,0.58702886,0.62076676,0.32023823,0.16244446
,,1.9979272,5.386643,-7.195775,1684143816231,,0.074907295,0.7112757,-0.12583815,,,,,,-0.24810925,-0.0040653627,0.37612253,0.55355954,0.5842323,0.27707666,0.12924157
,,1.971367,5.0341005,-7.319963,1684143816482,,-1.9305618,-0.14088069,-0.77763087,,,,,,-0.23064181,-0.123077966,0.28842005,0.5121343,0.540516,0.25252897,0.11340162
,,2.0639691,6.137909,-7.1014194,1684143816733,,-0.14866921,-0.16042836,0.30787584,,,,,,-0.09243555,0.16074385,-0.084032364,0.54625946,0.57895976,0.29653838,0.1472137
,,2.063012,6.628756,-6.773044,1684143816985,,1.6466624,-0.21784966,0.13805544,,,,,,0.02639651,0.3129219,-0.051341694,0.54165274,0.5711022,0.31085345,0.16933683
52.54371888,13.3639161,2.2578673,5.906443,-7.2662044,1684143817000,11.290782,-0.97700185,-0.4475348,0.06291907,,,,,,0.1251411,0.204127,0.10676017,0.50704885,0.53528404,0.26977873,0.13311498
,,2.191985,5.9885173,-7.136594,1684143817236,,1.6295582,-0.15370885,0.36896232,,,,,,0.027342726,0.2569674,0.123683214,0.55149096,0.58021486,0.286377,0.14143626
,,2.2332215,5.0274796,-7.479565,1684143817487,,-2.3373978,0.35575238,-0.43432486,,,,,,-0.0051485775,-0.053537033,0.27091053,0.46825168,0.4951096,0.23567767,0.11120989
,,2.1797016,6.7399426,-6.8757753,1684143817991,,1.2972478,0.20975569,0.02932151,,,,,,0.15417744,0.35645285,0.108198196,0.5451512,0.56942886,0.30824324,0.1668394
,,2.2403195,6.3808594,-7.019265,1684143818241,,2.1261911,-0.62224215,0.10995566,,,,,,0.16705199,0.28362206,0.244666,0.553213,0.5705583,0.29903296,0.15136601
,,2.106083,5.2613387,-7.386963,1684143818491,,-1.933616,0.40645415,-0.10873393,,,,,,-0.049188413,0.080152385,0.49079573,0.4727694,0.48626783,0.24329902,0.11535769
,,2.2335403,5.4332232,-7.272586,1684143818745,,-1.5762602,-0.68638295,-0.6236929,,,,,,0.030814596,-0.088585444,0.32593024,0.47039616,0.483172,0.2546027,0.11987731
,,2.1302502,6.548599,-6.761319,1684143818997,,0.8189406,0.41806057,0.25228715,,,,,,0.07272322,0.1684034,0.16068655,0.5500527,0.5655543,0.31032178,0.15949522
,,2.1958933,6.4079804,-6.7881184,1684143819249,,2.11825,-0.1372155,0.07819069,,,,,,0.1126788,0.040068723,0.14139965,0.55087596,0.5647243,0.3108853,0.15914457
,,2.107598,5.6312695,-7.317889,1684143819499,,0.12805253,0.029550584,0.284663,,,,,,-0.058540355,0.19545268,0.16342267,0.5146234,0.53128475,0.2658665,0.12414954
,,1.9747964,5.069673,-7.451649,1684143819750,,-2.6996405,-0.70043284,-0.076358095,,,,,,-0.394498,0.03236939,0.30028358,0.46956366,0.48911902,0.24420351,0.11283169
52.54379772,13.36375885,1.8441483,5.2362933,-7.471667,1684143820000,11.221403,-2.3917646,0.23663375,-0.573602,,,,,,-0.5100218,0.379234,0.47528103,0.46706674,0.49257055,0.24269894,0.10976886
,,1.9769502,6.398966,-6.9901524,1684143820001,,0.211741,0.108963005,0.31459537,,,,,,-0.22903371,0.3781718,0.13102598,0.5476031,0.5736573,0.30278918,0.14953147
,,1.8262023,6.77121,-6.7807007,1684143820252,,1.6552144,-0.027259842,0.3573559,,,,,,-0.33971298,0.610707,0.15553829,0.542667,0.5679578,0.31539708,0.16605367
,,1.9084356,6.083433,-7.290372,1684143820503,,1.4212533,0.25495967,0.032375835,,,,,,-0.34907636,0.6177415,0.2334147,0.55120057,0.57915944,0.29073852,0.13572161
,,1.8244475,5.845825,-7.081718,1684143821006,,-0.77908164,0.42539096,0.028099779,,,,,,-0.45593295,0.2946502,0.5111139,0.50321776,0.53278273,0.28155783,0.13490526
,,1.9063617,6.8008,-6.718568,1684143821256,,1.2850304,0.28916812,0.20647229,,,,,,-0.11759495,0.5675476,0.23525454,0.54142416,0.56930643,0.3167226,0.16448788
,,2.1678972,6.0993834,-7.072626,1684143821507,,1.7816635,-0.920955,0.6090322,,,,,,-0.061850753,0.4075916,0.27072018,0.5504037,0.57494235,0.2995781,0.14277992
,,2.1501105,5.0541997,-7.4109707,1684143821758,,-2.1541383,0.28916812,-0.16676609,,,,,,-0.1032769,0.053455703,0.52493006,0.42380467,0.4442325,0.22986817,0.10919181
,,2.2236497,5.4593043,-7.1938624,1684143822009,,-1.586034,-0.43165234,-0.33597562,,,,,,-0.027149225,0.041520063,0.43807706,0.42127508,0.43967164,0.24226926,0.1191703
,,2.08032,6.5545,-6.7557373,1684143822259,,0.9240093,0.34781113,0.16615522,,,,,,-0.05080517,0.36074144,0.22829631,0.5027091,0.52026,0.29824874,0.15733996
,,2.1659036,6.5597634,-6.708758,1684143822510,,2.0205116,-0.73280865,0.20708317,,,,,,0.048792563,0.4132195,0.22306895,0.50690174,0.5187895,0.2961831,0.1523671
,,2.2311478,5.3170104,-7.103893,1684143822764,,-0.976391,0.09796744,0.34697118,,,,,,-0.029467639,0.0929084,0.38833624,0.4265568,0.43618873,0.23896275,0.11689194
52.54388315,13.36357359,2.314896,5.6176295,-7.078049,1684143823000,11.175913,0.86414456,0.72227126,0.03176497,,,,,,-0.29997012,0.25769612,0.19594751,0.56279117,0.56900483,0.29169735,0.1288478
,,2.1939788,5.1771107,-7.1621175,1684143823015,,-1.8499277,-0.6112466,-0.5968149,,,,,,-0.1672115,-0.1179055,0.30428448,0.42885998,0.43504366,0.23758022,0.11186108
,,2.2252455,6.388916,-6.7973714,1684143823266,,0.33574656,0.038713556,0.16004658,,,,,,-0.029637922,0.20164706,0.010649411,0.55511785,0.56331754,0.30911222,0.15023993
,,2.1946173,6.555775,-6.676772,1684143823518,,1.8085415,-0.013820816,0.29932374,,,,,,-0.18739878,0.33379668,0.0113116745,0.55316925,0.5575401,0.3188177,0.16105208
,,2.3461626,4.6219764,-7.5659466,1684143824021,,-2.0563998,0.0570395,-0.6493493,,,,,,-0.5164859,-0.036700137,0.19437192,0.47655267,0.48272496,0.2454535,0.10646363
,,2.1882365,5.690691,-7.2054276,1684143824274,,-0.70150185,0.116904244,0.13500112,,,,,,-0.56658113,0.22013058,0.20456555,0.5590438,0.5695448,0.2956301,0.13443439
,,1.9515064,6.329654,-6.8741016,1684143824525,,1.3332888,-0.092011504,0.20158538,,,,,,-0.4937644,0.4494146,0.11503471,0.55065143,0.56231016,0.31244484,0.16426271
,,1.9973689,5.7623963,-7.1261454,1684143824778,,1.8024329,-0.40416342,0.2809978,,,,,,-0.46145377,0.31510678,0.267751,0.5590231,0.5691989,0.29316628,0.1458527
,,1.8705491,4.8781676,-7.2894955,1684143825030,,-2.0594542,0.33070692,-0.13622284,,,,,,-0.47657973,0.1886232,0.47714657,0.52328134,0.5318987,0.24818215,0.115044735
,,2.2905693,5.447899,-7.1483183,1684143825281,,-1.346575,-0.694935,-0.700051,,,,,,0.035008464,0.004722023,0.0925338,0.5209263,0.5259497,0.26289427,0.12686728
,,2.2162323,6.5189266,-6.531927,1684143825532,,0.83360136,0.2079231,0.043982264,,,,,,0.16460262,0.13053426,7.254124E-4,0.6027867,0.605413,0.3196829,0.16476646
,,2.422813,6.409973,-6.636333,1684143825782,,2.1353543,-0.039477136,0.30482152,,,,,,0.32923654,0.041855846,-0.09271277,0.60635465,0.6030308,0.3196777,0.1612315
52.54396844,13.36341322,2.1962924,6.520522,-6.7573314,1684143826000,12.4936695,1.6943098,0.13217586,0.21197008,,,,,,0.0213859,0.1629646,0.0985432,0.60727924,0.59754974,0.32635167,0.1640711
,,2.445784,5.5525446,-6.979225,1684143826034,,-0.53779006,0.21891867,0.010995566,,,,,,0.23827893,-0.09440689,0.11257545,0.5719812,0.5662963,0.27747014,0.1246903
,,2.5211577,5.345327,-7.022615,1684143826286,,-1.7167591,-0.49212793,-0.835663,,,,,,0.21269687,-0.17507926,0.14969923,0.5740412,0.5671141,0.2741986,0.11323096
,,2.3750358,6.328139,-6.8118877,1684143826538,,0.0730747,0.029550584,0.2791652,,,,,,0.17506589,0.014969953,-0.047508962,0.60920805,0.60303605,0.31903014,0.15006885
,,2.3510282,5.8970323,-7.204709,1684143827042,,1.3467277,-0.19402592,0.41294459,,,,,,0.14624704,0.15371075,0.17429392,0.6198014,0.60674447,0.29833043,0.13321713
,,2.375036,5.17775,-7.4175105,1684143827293,,-2.1266494,0.27450737,-0.40378162,,,,,,0.06734232,0.0058904807,0.24047546,0.534509,0.5205047,0.251215,0.10843592
,,2.51047,5.931489,-7.122795,1684143827543,,-0.91469365,-0.1476002,-0.059253883,,,,,,0.15245587,0.11113333,0.11073672,0.57422644,0.55786955,0.2894391,0.13326383
,,2.3438494,6.640083,-6.8103724,1684143827794,,1.4383575,0.34048074,0.17348559,,,,,,0.093161695,0.35950756,-0.030991673,0.56717485,0.5463498,0.31140432,0.1651395
,,2.6326632,6.2637715,-7.0443115,1684143828047,,2.0987022,-0.2862665,0.18203771,,,,,,0.21848029,0.24815004,0.038871877,0.5754501,0.54954404,0.29874644,0.14756133
,,2.3779075,5.250491,-7.346924,1684143828299,,-1.8902447,0.63369584,-0.30482152,,,,,,-0.08159289,0.1439568,0.32282943,0.49033362,0.4689113,0.24319221,0.113788635
,,2.4126832,5.5469613,-7.1286182,1684143828550,,-1.6025274,-0.6277399,-0.5864302,,,,,,-0.025517782,0.16027991,0.35876465,0.48758534,0.46581897,0.2543778,0.12077187
,,2.2096124,6.5572906,-6.7120275,1684143828802,,0.6277399,0.30260715,0.171653,,,,,,-0.05423762,0.41789147,0.30443573,0.5705131,0.5458733,0.30832598,0.1595849
52.54406617,13.36323162,2.3285358,6.1102324,-6.839326,1684143829000,11.130676,-0.33009607,0.17554727,0.31520623,,,,,,0.008559374,0.050223622,0.27055684,0.57706153,0.54754466,0.29715306,0.14850226
,,2.2477376,6.5087156,-6.744649,1684143829060,,1.8525238,-0.2520581,0.089797124,,,,,,0.0037879944,0.4179479,0.3221453,0.5724887,0.5441759,0.307417,0.16042185
,,2.2917655,5.56403,-7.1338816,1684143829309,,0.0064904382,0.4266127,-0.028710645,,,,,,-0.0648739,0.20084305,0.51033664,0.5365102,0.5097356,0.26438898,0.12595509
,,2.3631518,5.0924845,-7.2291965,1684143829562,,-2.0625086,-0.17142393,-0.57482374,,,,,,-0.03590886,-0.061625138,0.49941203,0.4922457,0.4676133,0.24148065,0.11250795
,,2.335475,6.4709105,-6.734439,1684143830063,,1.4774529,0.14133884,0.09957096,,,,,,0.01678141,0.13487782,0.07566131,0.57288927,0.5386602,0.3105179,0.17023245
,,2.526183,5.8207803,-7.1700926,1684143830314,,1.9594251,-0.33085963,0.38606653,,,,,,0.08166918,0.035730623,0.0867125,0.5829393,0.54561895,0.2905698,0.14470649
,,2.4153945,4.9639115,-7.426204,1684143830566,,-2.1932337,0.4956404,-0.24129158,,,,,,-0.08747875,-0.17049327,0.20213318,0.49555382,0.46344128,0.24017175,0.11581217
,,2.4907684,5.620581,-7.1805415,1684143830816,,-1.2873212,-0.15859577,-0.36346453,,,,,,-0.036550045,-0.062322043,0.044351373,0.53601223,0.5028847,0.2743264,0.13579634
,,2.296073,6.5839305,-6.800961,1684143831066,,1.1671336,0.07903063,0.16737695,,,,,,-0.07506004,0.260648,-0.06347265,0.5746962,0.53686064,0.31028122,0.17181033
,,2.5598416,6.278527,-7.1146607,1684143831317,,1.8751258,-0.21051927,0.3988947,,,,,,0.15615828,0.28186554,-0.109958775,0.5822554,0.53931886,0.29872912,0.15715775
,,2.3216758,5.271149,-7.4609013,1684143831568,,-1.6666682,0.5164098,-0.28893903,,,,,,-0.11095058,0.17125514,0.17852972,0.49763438,0.46170855,0.23995867,0.11977015
,,2.2379272,5.4006014,-7.3446093,1684143831819,,-2.0081415,-0.4231002,-0.4007273,,,,,,-0.24234511,0.17857614,0.2369315,0.49792907,0.4586958,0.2449148,0.12161876
52.54416033,13.36305401,2.2714267,5.187241,-7.3478003,1684143832000,10.876102,-1.8737514,-0.30825764,-0.700051,,,,,,-0.39454886,0.1936777,0.47388524,0.50287116,0.45525512,0.24145527,0.11562147
,,2.3302104,6.564789,-6.943333,1684143832070,,1.0846667,0.39973465,0.216857,,,,,,-0.12608442,0.49523938,0.077222176,0.5832195,0.5344051,0.30207235,0.16348824
,,2.3604398,6.585845,-6.940542,1684143832319,,2.073046,-0.3333031,0.21624613,,,,,,-0.1541205,0.527645,0.09968805,0.5846794,0.5306492,0.30449608,0.16716771
,,2.368894,5.6373305,-7.322516,1684143832569,,-0.17982332,0.46265373,0.12522727,,,,,,-0.19787243,0.3779134,0.34124592,0.5479466,0.49710467,0.26240358,0.1297072
,,2.5148566,6.411409,-7.1110697,1684143833073,,0.024205517,-0.48174325,0.2535089,,,,,,-0.13473274,0.49109325,0.19372925,0.5884388,0.5338047,0.29726484,0.15251645
,,2.6176684,6.721838,-6.9626346,1684143833324,,1.391321,-0.405996,0.17348559,,,,,,-0.058430266,0.4795189,0.022996156,0.5837924,0.52750885,0.30895212,0.1718391
,,2.6661623,5.7897534,-7.374521,1684143833574,,1.5568652,-0.16348268,0.19120067,,,,,,0.0075508994,0.087103084,0.15916093,0.5928698,0.5372116,0.28710753,0.14295962
,,2.5631917,4.9868817,-7.648817,1684143833826,,-2.268981,0.36980227,-0.27244568,,,,,,-0.028543806,-0.08073593,0.25014347,0.50407743,0.4566765,0.23645796,0.11443566
,,2.663611,5.642036,-7.405386,1684143834081,,-0.99654955,-0.102396205,-0.34636033,,,,,,0.004599297,-0.006702757,0.05857957,0.54610175,0.4929598,0.27245218,0.13713618
,,2.5636702,6.5548186,-6.9855256,1684143834333,,0.96493727,-0.20807582,0.19669846,,,,,,0.1170474,0.22866705,-0.07146697,0.5838853,0.52763194,0.3085822,0.17163259
,,2.4468205,6.0413985,-7.04439,1684143834587,,2.0034075,-0.6399572,0.31642795,,,,,,-0.026469398,0.048442267,0.08044068,0.58967775,0.53083813,0.2994222,0.15741804
,,2.3861227,5.006822,-7.375079,1684143834839,,-1.3563489,0.28672466,-0.3506364,,,,,,-0.061345775,-0.17410542,0.34424892,0.50248533,0.4532894,0.24407014,0.12210191
52.54426535,13.36288991,2.5737994,5.3714876,-7.2536025,1684143835000,10.979498,0.2777144,0.45287988,0.059253883,,,,,,-0.07024275,0.008167132,0.3082815,0.5485007,0.49220192,0.26840335,0.13666283
,,2.321038,5.355855,-7.1634736,1684143835090,,-1.6110795,-0.6430115,-0.5656608,,,,,,-0.11796343,0.03583583,0.3302316,0.5009936,0.4519485,0.24975456,0.12465301
,,2.2648063,6.3642716,-6.690492,1684143835340,,0.78289956,0.267177,0.33597562,,,,,,-0.07270028,0.2243343,0.2002181,0.585939,0.52866054,0.30548173,0.1667088
,,2.4524834,6.4040713,-6.795696,1684143835589,,2.2349253,0.28122687,-0.14905101,,,,,,0.0912285,0.18508354,0.099585466,0.5853875,0.5259458,0.3088178,0.17211585
,,2.6824343,4.666562,-7.476374,1684143836092,,-2.2127812,0.14989094,-0.6829468,,,,,,-0.18838277,-0.32410926,0.36471882,0.50365704,0.45298037,0.24287772,0.118487015
,,2.521955,5.906523,-7.0607424,1684143836343,,-0.5793289,0.042989608,0.29688028,,,,,,-0.19760208,0.1178643,0.14994206,0.5891714,0.5329718,0.29757774,0.15263964
,,2.6320255,6.396972,-6.988398,1684143836594,,1.6271147,0.101632625,0.42699447,,,,,,-0.12085796,0.23854856,-0.03974456,0.5840133,0.5243725,0.31225458,0.17524365
,,2.9616764,5.736314,-7.4421563,1684143836846,,2.1035893,0.24274239,-0.11606431,,,,,,0.101944365,-0.043680508,0.045076285,0.59420216,0.5311899,0.29360092,0.14807151
,,2.656512,4.9618373,-7.4911304,1684143837098,,-2.2017858,0.46265373,-0.15027274,,,,,,-0.12534513,-0.055057295,0.34276384,0.50551957,0.45291197,0.24079715,0.115602024
,,2.6311471,5.6564717,-7.2228956,1684143837349,,-1.4992913,-0.20868668,-0.45020735,,,,,,0.03836093,-0.0074960547,0.17783476,0.5480916,0.4914273,0.27259806,0.13311452
,,2.5272195,6.6928034,-6.7460856,1684143837600,,0.99364793,0.3105484,0.23701553,,,,,,0.17711972,0.30475,0.03750841,0.58568656,0.525143,0.3109668,0.16961193
,,2.7519057,6.321358,-6.855517,1684143837851,,1.9911901,-0.22212571,0.115453444,,,,,,0.25607178,0.16834,0.17108847,0.59120405,0.52689016,0.30307627,0.15910752
52.5443671,13.36276812,2.7147374,6.199405,-6.6884975,1684143838000,11.753479,1.7242422,-0.12621993,0.5381719,,,,,,0.09823251,-0.07375661,-0.016566182,0.58463216,0.5271012,0.3100637,0.16745524
,,2.6012373,5.2930837,-7.208778,1684143838109,,-1.0148755,0.5170207,0.08552107,,,,,,0.15664762,-0.04427201,0.3959119,0.50377685,0.45136496,0.24643093,0.12203367
,,2.7123442,5.2744193,-7.0892954,1684143838360,,-1.699044,-0.8201623,-0.700051,,,,,,0.14546283,-0.08545104,0.2447608,0.5033856,0.451029,0.2489743,0.11795007
,,2.8089345,6.1009,-6.8206615,1684143838611,,0.47135854,0.17615813,0.22846343,,,,,,0.19540599,-0.15013866,-0.05682955,0.5875612,0.52885735,0.30602914,0.15771402
,,2.7455254,5.511308,-7.1418567,1684143839114,,1.0486257,0.30749404,0.09957096,,,,,,0.14208645,-0.12695855,0.06648127,0.5958888,0.5369862,0.28316212,0.13451889
,,2.629393,4.8443494,-7.31103,1684143839365,,-2.1907902,0.3917934,-0.6169734,,,,,,-0.008381749,-0.2701444,0.09605691,0.5040815,0.45384547,0.24220607,0.11230631
,,2.6159933,5.7906313,-6.9357557,1684143839617,,-0.8383356,-0.2514472,-0.10995566,,,,,,-0.04137281,7.2547595E-4,-0.02751139,0.59203076,0.5336517,0.2953409,0.14111653
,,2.233062,6.445547,-6.6404824,1684143839868,,1.3015238,0.05093085,0.17898338,,,,,,-0.2320908,0.2669712,0.009044822,0.5821234,0.52648413,0.31396258,0.17037782
,,2.3192832,6.149394,-6.8634133,1684143840119,,2.0260093,-0.2447277,0.15515965,,,,,,-0.16613248,0.38452035,0.16634712,0.5899913,0.53135324,0.30159882,0.14934134
,,2.2089741,5.2890954,-7.0995846,1684143840370,,-1.5762602,0.38018698,-0.48258317,,,,,,-0.32820448,0.33480424,0.34408748,0.5027569,0.45226273,0.24750642,0.11542766
,,2.2829125,5.5003023,-6.9434123,1684143840621,,-1.694768,-0.8720858,-0.5253437,,,,,,-0.34030753,0.31479996,0.3102846,0.49780566,0.450839,0.26083985,0.12184027
,,2.3219953,6.503932,-6.5870423,1684143840872,,0.9692133,0.46937323,0.3744601,,,,,,-0.13536888,0.4190759,0.19246611,0.58158916,0.53075534,0.3133957,0.15993212
52.54446647,13.36264501,2.644548,6.1159744,-6.995576,1684143841000,12.967462,-0.43944085,0.2683987,0.15332706,,,,,,0.1318994,0.10068738,0.05066864,0.58618426,0.5383209,0.2975743,0.14514157
,,2.478087,6.38461,-6.6981497,1684143841122,,1.8238132,-0.4566978,0.24373505,,,,,,-0.024330202,0.36806282,0.16571353,0.58255553,0.53151304,0.31155264,0.15827654
,,2.4797618,5.4794035,-7.0263658,1684143841375,,0.14882194,0.39484772,0.1631009,,,,,,-0.03386104,0.22349964,0.43824148,0.54577136,0.4991242,0.26740107,0.122566
,,2.5278578,5.055475,-7.0699143,1684143841626,,-1.7185917,0.30749404,-0.9572251,,,,,,-0.023025386,-0.038423397,0.4426141,0.50046265,0.4592899,0.24202235,0.10921654
,,2.572125,6.4397235,-6.7149777,1684143842130,,1.273424,0.45349073,0.4630355,,,,,,0.19794604,0.17900397,0.05780139,0.5814946,0.5315691,0.30935928,0.16578609
,,2.652284,5.719085,-7.138348,1684143842381,,1.9246058,0.31421357,0.25656322,,,,,,0.11623613,0.13828278,0.18396312,0.5914303,0.5392558,0.2885188,0.13823941
,,2.5402207,4.9153357,-7.499744,1684143842632,,-2.029522,0.7436515,-0.34269515,,,,,,-0.059105877,3.577709E-4,0.16283411,0.45440802,0.41393286,0.22642328,0.11038909
,,2.6036298,5.52439,-7.3686967,1684143842884,,-1.5854232,-0.14026983,-0.3866774,,,,,,-0.09113952,0.13922068,-0.052066453,0.4974635,0.45156285,0.26001477,0.12762126
,,2.489174,6.432945,-7.087541,1684143843139,,1.110934,-0.14026983,0.10384701,,,,,,-0.08164323,0.43869543,-0.2236347,0.5348018,0.48467168,0.30024672,0.16282164
,,2.6397622,6.0652466,-7.053962,1684143843389,,1.8855104,-0.60513794,0.2254091,,,,,,-0.0037866752,0.3081879,-6.283124E-4,0.53925526,0.48684493,0.29438677,0.15123352
,,2.5820951,5.2203417,-7.5704927,1684143843639,,-0.49686214,0.38568476,-0.15821397,,,,,,-0.12505916,0.15182061,0.0809482,0.45280805,0.40876383,0.23911613,0.11837312
,,2.661537,5.1550975,-7.436973,1684143843892,,-1.8016694,-0.5086213,-0.5754346,,,,,,-0.043915264,-0.023151644,0.054920625,0.40495592,0.36551434,0.22475381,0.11245083
52.54456856,13.36247806,2.4924438,4.90122,-7.300422,1684143844000,11.477016,-2.0881648,0.5823832,-0.2877173,,,,,,-0.014782111,-0.15597627,0.34306347,0.45179686,0.41367453,0.230619,0.11229794
,,2.5620751,6.0955567,-6.9083986,1684143844143,,-0.17432554,-0.03825541,0.28038692,,,,,,0.035881177,0.122664824,0.05957667,0.53794056,0.49001834,0.29114562,0.14806229
,,2.6034708,6.361,-6.7358756,1684143844393,,1.4261402,0.32582,0.30054548,,,,,,0.1544443,0.14877953,0.018094253,0.5328491,0.48620358,0.2999758,0.16267113
,,2.6172693,5.7447686,-7.0589066,1684143844645,,1.9172754,-0.3675115,0.13805544,,,,,,0.114563756,0.08080331,0.17831685,0.5419977,0.49512708,0.2794666,0.13638802
,,2.5627928,5.683832,-6.84124,1684143845147,,-1.6477314,-0.5122865,-0.34086254,,,,,,0.0920001,0.03853171,0.3534341,0.5418152,0.49654084,0.27766782,0.13136776
,,2.3401806,6.629475,-6.43438,1684143845398,,0.5116756,-0.60819227,-0.06536253,,,,,,0.113042034,0.45247066,0.26961008,0.5796746,0.52967143,0.31636575,0.16506411
,,2.6522841,6.508956,-6.649495,1684143845650,,2.11825,-0.41576985,0.12522727,,,,,,0.24236622,0.44900188,0.2327466,0.5836907,0.53002137,0.3134398,0.15586032
,,2.554019,5.480281,-7.041758,1684143845902,,-0.42722356,0.44677123,-0.049480047,,,,,,0.047194857,0.23157448,0.44123122,0.49728617,0.45224968,0.25888363,0.12222377
,,2.6773295,5.242834,-7.087859,1684143846156,,-1.9213988,-0.58620113,-0.59559315,,,,,,0.015235666,0.11781851,0.45377806,0.45021287,0.40925312,0.24268317,0.11334251
,,2.584089,6.3700128,-6.693283,1684143846408,,-0.041157015,0.09796744,0.16554436,,,,,,-0.024605509,0.47140664,0.2522829,0.53574044,0.48747453,0.299434,0.14905553
,,2.602514,6.499385,-6.707321,1684143846659,,1.3571124,0.23174682,0.5070178,,,,,,-0.07925699,0.45011693,0.092613176,0.5321767,0.48220634,0.30837104,0.16282254
,,2.8855846,5.590352,-7.233742,1684143846909,,1.7010293,-0.4927388,0.1753182,,,,,,-0.10517257,0.06756502,0.15228455,0.54198486,0.49175903,0.2861809,0.13385113
52.54465253,13.36232318,2.831108,6.026164,-7.0882573,1684143847000,10.946832,1.8867322,-0.34979644,0.3017672,,,,,,0.19293614,0.12083971,0.10927464,0.5902418,0.5303515,0.30034912,0.15313497
,,2.6084955,4.5014577,-7.38465,1684143847161,,-2.3520584,0.6587413,-0.23640467,,,,,,-0.39694723,-0.22705412,0.50204897,0.45348358,0.41149095,0.23320465,0.10641943
,,2.748715,5.2952366,-7.1880407,1684143847415,,-1.6544509,-0.21784966,-0.22052218,,,,,,-0.18028642,-0.008907667,0.32284203,0.5449243,0.49503872,0.2758118,0.1245978
,,2.593421,6.1202826,-6.801519,1684143847667,,0.83971,0.26473352,0.21991132,,,,,,-0.11832453,0.12960066,0.22739476,0.58419985,0.52904147,0.30907217,0.16186503
,,2.7226331,5.226004,-7.427959,1684143848170,,-0.08147409,0.09491312,0.08857539,,,,,,0.08142025,0.05919351,0.30351925,0.5043435,0.4519973,0.24444604,0.12072454
,,2.589672,5.1310887,-7.3265033,1684143848421,,-2.0234132,-0.29115343,-0.44959646,,,,,,-0.020257382,0.04018442,0.37662023,0.45884272,0.40727964,0.22737414,0.11498081
,,2.6783662,6.3916273,-6.9241104,1684143848674,,-0.20059273,-0.25389066,0.054366965,,,,,,0.21514443,0.3229187,0.08019342,0.54658544,0.48417962,0.28267652,0.15111934
,,2.6457438,6.623173,-6.8382883,1684143848927,,1.3064107,-9.926553E-4,0.051923506,,,,,,0.19023994,0.2545353,-0.010116959,0.5437882,0.47691193,0.29207006,0.16817155
,,2.6589844,6.0242496,-7.074619,1684143849179,,1.797546,-0.4267654,0.54733485,,,,,,0.06413909,0.30794138,0.20205604,0.55443096,0.48309562,0.27384517,0.14137308
,,2.555375,5.068636,-7.26469,1684143849430,,-1.8016694,0.3105484,-0.17348559,,,,,,-0.17515023,0.030087542,0.40879256,0.413564,0.3610069,0.2116896,0.113636374
,,2.711547,5.5105915,-7.098149,1684143849681,,-1.8768057,-0.031535894,-0.26450446,,,,,,-0.108113766,0.0024282774,0.2403812,0.50817996,0.4404315,0.25682622,0.12920599
,,2.6825936,6.3897943,-6.751668,1684143849936,,0.6558397,0.38263044,0.11056653,,,,,,-0.06324813,0.18076567,0.032406744,0.54776615,0.47155708,0.29494163,0.16486773
52.54474824,13.3621859,2.845704,6.0575895,-7.0301123,1684143850000,11.2873745,-0.7412081,-0.0834594,-0.04214967,,,,,,-0.0300753,0.11607472,-0.03465832,0.55097866,0.4768448,0.29032448,0.14215994
,,2.7152152,6.2594647,-6.8695536,1684143850187,,1.9288819,0.17982332,0.13133593,,,,,,-0.13214797,0.21212468,0.0338315,0.5495723,0.47144234,0.29545337,0.15831277
,,2.698466,5.4943194,-7.1570115,1684143850440,,0.47685632,0.22563818,-0.040317077,,,,,,-0.20624392,0.19254594,0.19097534,0.5088183,0.43804973,0.25996202,0.124087684
,,2.8355744,5.0797224,-7.3295345,1684143850691,,-1.897575,0.116904244,-0.40194902,,,,,,-0.07775522,-0.14623117,0.07448133,0.4122011,0.3550852,0.22550529,0.11061919
,,2.7157743,6.5170913,-6.7363534,1684143851197,,0.807945,0.0032833982,0.08918626,,,,,,0.0462619,0.2293486,-0.031052526,0.54286945,0.47341123,0.30017215,0.16485006
,,2.7617958,6.0197835,-7.0326643,1684143851449,,1.2874739,-0.5959749,0.38423395,,,,,,0.03083018,0.20979235,0.09214929,0.5478791,0.48347598,0.2857627,0.14354119
,,2.6970303,5.202077,-7.372046,1684143851699,,-0.29100072,-0.14271328,-0.022601997,,,,,,-0.022616072,-0.020251235,0.18097728,0.5562486,0.4922676,0.25851867,0.11847963
,,2.6533213,5.253123,-7.437929,1684143851950,,0.04864011,-0.07063124,0.0048869182,,,,,,-0.033752277,0.054503035,0.15737964,0.6072746,0.53524613,0.26675278,0.120663665
,,2.5863223,5.460421,-7.525906,1684143852203,,-0.2409098,0.025885396,0.10384701,,,,,,-0.026669908,0.25526726,0.13214463,0.70659405,0.62090415,0.29121053,0.12473252
,,2.609214,4.818268,-7.848459,1684143852456,,-0.05215258,-0.12927426,0.09834923,,,,,,-0.010091925,0.16332397,0.09831855,0.71698266,0.62420833,0.2709975,0.10046628
,,2.7177684,4.0196233,-8.343135,1684143852708,,-0.083306685,0.06436988,0.022601997,,,,,,-0.09346693,0.08372494,0.18970722,0.7303751,0.6307744,0.2466221,0.065767154
,,2.6769302,3.8615375,-8.5976515,1684143852965,,-0.033826638,-0.065744326,0.040317077,,,,,,-0.08453323,0.13509464,0.10603128,0.73828125,0.6299323,0.23432538,0.05249933
,,2.801437,3.8711884,-8.59135,1684143853215,,-0.025885396,-0.12072215,0.19730933,,,,,,-0.0939102,0.105582364,0.07035864,0.739723,0.62614924,0.23944129,0.055670142
,,2.77703,3.9774294,-8.583773,1684143853466,,-2.290743E-4,-0.23800819,0.12583815,,,,,,-0.12896873,0.2895234,0.029395517,0.7408003,0.62299657,0.24442443,0.056358602
,,2.8235307,4.0679584,-8.587601,1684143853717,,-0.06436988,-0.017486004,0.02687805,,,,,,-0.07907295,0.25760132,-0.024864737,0.741697,0.6207589,0.24760346,0.056428935
52.5448749,13.36203045,2.7999215,4.1209197,-8.54485,1684143854000,11.797826,-0.08025236,-0.14271328,0.12034036,,,,,,-0.10475655,0.30816528,0.060846552,0.7421113,0.62001675,0.2480399,0.057290353
,,2.8296723,4.201717,-8.59805,1684143854219,,-0.056428634,-0.020540329,0.018936807,,,,,,-0.03676703,0.27995965,0.011265516,0.7432499,0.618615,0.2476544,0.059046686
,,2.7810977,4.180341,-8.556654,1684143854472,,-0.1297324,0.02527453,-0.106290475,,,,,,-0.09361841,0.26660544,0.05886526,0.74430853,0.61711675,0.2474595,0.06172011
,,2.698705,4.5215573,-8.577152,1684143854723,,0.06146827,-0.050472703,-0.14110976,,,,,,-0.041624267,0.43513444,0.024097936,0.74467915,0.6159284,0.24846908,0.064681105
,,2.6943183,4.5109496,-8.495077,1684143854974,,-0.0075594517,-0.12988512,-0.06475167,,,,,,-0.04810094,0.21794774,0.083196275,0.7441815,0.615861,0.24920529,0.06801455
,,2.5887945,4.4798427,-8.442357,1684143855228,,-0.086361006,-0.037644543,-0.100181825,,,,,,-0.19168778,0.2696984,0.15119977,0.74299353,0.61641675,0.25017622,0.072230086
,,2.5029721,4.636094,-8.400882,1684143855479,,-0.027107125,-0.15187626,0.013439025,,,,,,-0.22847869,0.31406963,0.16218272,0.74113774,0.6177479,0.25105998,0.07675743
,,2.3475986,4.7532625,-8.339945,1684143855731,,-0.0020616686,-0.20685409,0.09468404,,,,,,-0.29244614,0.40554902,0.19142446,0.7387431,0.62037224,0.25033435,0.08097258
,,2.317209,4.7472796,-8.334122,1684143855981,,-0.1702022,-0.06635518,0.12721258,,,,,,-0.2523039,0.36807033,0.21095172,0.7380065,0.62186617,0.24756609,0.084696986
,,2.1907885,4.823133,-8.344649,1684143856234,,0.19876012,-0.093233235,0.034361143,,,,,,-0.32352474,0.5114638,0.19715628,0.73963857,0.62030274,0.2451803,0.08850109
,,2.0988245,4.85057,-8.3945,1684143856485,,0.10529782,-3.8179048E-4,0.07589995,,,,,,-0.38901326,0.573796,0.18959092,0.7430273,0.6173602,0.24196261,0.08919761
,,1.9676977,4.7484765,-8.499944,1684143856737,,0.074143715,0.13095413,-0.47571096,,,,,,-0.5212875,0.5498106,0.14279246,0.7454186,0.6164374,0.2377912,0.086087465
52.5449478,13.36192809,1.8656839,4.5815372,-8.659307,1684143857000,12.051785,0.2042579,0.066813335,-0.48243046,,,,,,-0.58912784,0.4778032,0.0325792,0.74214524,0.6221365,0.23369251,0.08097396
,,1.7394226,4.4123645,-8.8087,1684143857241,,0.24335326,0.06864593,-0.5771145,,,,,,-0.70268464,0.43757904,-0.05775315,0.7308396,0.6361787,0.22932659,0.073593825
,,1.5503099,4.2795634,-8.906884,1684143857491,,0.22502731,0.17432554,-0.56245375,,,,,,-0.764727,0.45864657,-0.06351969,0.7060918,0.6628434,0.22263193,0.065229364
,,1.4177477,4.010291,-8.994221,1684143857743,,0.24457498,0.13706279,-0.49831295,,,,,,-0.69800895,0.3420748,-0.011333863,0.66761696,0.70104086,0.21157673,0.05503579
,,1.3157334,3.8466218,-9.118567,1684143857996,,0.0881936,-0.23861906,-0.20509785,,,,,,-0.5395847,0.30261108,-0.021796862,0.617184,0.7460528,0.20036171,0.045323037
,,1.2218552,3.7808988,-9.170093,1684143858246,,0.19204062,-0.21235187,0.035582874,,,,,,-0.29059342,0.33907127,-0.011554495,0.5639305,0.79072666,0.18949573,0.04064062
,,1.0699105,3.4971898,-9.263414,1684143858500,,0.010002911,-0.14515674,-0.021838415,,,,,,-0.066377535,0.21657327,0.02270155,0.5202058,0.82729167,0.17454034,0.04030951
,,0.89874417,3.2192233,-9.316135,1684143858752,,-0.04741838,-0.029092435,0.10338886,,,,,,0.12687667,0.10442387,0.06363932,0.48728287,0.85415405,0.15887013,0.042788446
,,0.8438688,2.9730024,-9.422777,1684143859004,,0.050319985,0.07047852,0.03497201,,,,,,0.28928563,0.006392932,0.022568226,0.47025684,0.8679664,0.14629132,0.044231534
,,0.8307083,2.7294133,-9.481482,1684143859253,,-0.060857404,0.045433067,0.0697913,,,,,,0.36516854,-0.09446376,-0.004579862,0.4692952,0.870133,0.13799466,0.04425077
,,0.8283953,2.5142183,-9.547123,1684143859506,,0.027717989,-0.06330086,-0.013897174,,,,,,0.3807863,-0.17905967,-0.04364462,0.48307708,0.86321574,0.13169163,0.045313038
,,0.7639486,2.3195224,-9.585966,1684143859756,,0.08391755,-0.055970486,0.031306818,,,,,,0.32298663,-0.24412486,-0.05252768,0.5025243,0.85326314,0.12509327,0.044959232
52.5449604,13.36190617,0.78596264,2.262015,-9.56523,1684143860000,11.602336,-0.0040469794,0.032604907,0.0074830935,,,,,,0.2350412,-0.20175566,-0.033360608,0.5191543,0.8441377,0.121698715,0.04167571
,,0.8599009,2.2519653,-9.564989,1684143860259,,0.021609342,-0.028481571,0.0050396346,,,,,,0.18914695,-0.1403145,-0.01900425,0.53292406,0.8362513,0.12068545,0.036743898
,,0.85686994,2.2064216,-9.552386,1684143860509,,0.020998476,-0.0058795735,-0.025503604,,,,,,0.11554427,-0.10095256,-0.0056072553,0.5427506,0.8305033,0.11952019,0.03283186
,,0.8176275,2.165345,-9.558369,1684143860761,,2.290743E-4,0.008170316,0.015424335,,,,,,0.05868535,-0.07661888,2.5555294E-4,0.54937106,0.8266772,0.117112525,0.031272035
,,0.77487576,2.1408582,-9.563234,1684143861012,,0.01244637,-0.0064904382,-0.004123337,,,,,,0.029517954,-0.047192015,0.0077528316,0.553004,0.8246896,0.1143844,0.030887237
,,0.7873184,2.1373487,-9.56754,1684143861265,,-9.926553E-4,-0.0064904382,-0.0010690134,,,,,,0.028609129,-0.01962384,0.011041164,0.55538434,0.82330763,0.113133505,0.02984503
,,0.80119675,2.1433308,-9.5735235,1684143861519,,0.003894263,-0.0040469794,0.0044287695,,,,,,0.017359067,-2.3723443E-4,0.009524123,0.5566057,0.822504,0.11327622,0.02877719
,,0.8047062,2.126661,-9.581422,1684143861771,,0.0014508038,8.3993905E-4,-0.0010690134,,,,,,0.013811797,-0.0062824725,0.0023700078,0.5575154,0.8219402,0.11310003,0.028067907
,,0.8056634,2.1170897,-9.588281,1684143862021,,-0.0058795735,-0.005268709,0.009315688,,,,,,0.008145446,-0.009534168,0.0015957196,0.55845207,0.82135266,0.11288257,0.027627707
,,0.7983254,2.125863,-9.593305,1684143862273,,0.0026725335,8.3993905E-4,-0.0016798781,,,,,,-0.0027475974,0.0018976688,-0.0019263903,0.5590947,0.8209203,0.112903334,0.027467405
,,0.78668034,2.1368701,-9.58812,1684143862526,,-3.8179048E-4,0.0063377223,-0.004123337,,,,,,-0.0149410665,0.008000263,0.0030649821,0.559138,0.8208692,0.11303699,0.02756585
,,0.7910672,2.144607,-9.590351,1684143862777,,0.008781182,-9.926553E-4,-0.0010690134,,,,,,-0.009586074,0.006952222,-0.0014804205,0.559021,0.82089835,0.11336842,0.027714724
52.54495936,13.36190967,0.8011968,2.1455643,-9.586924,1684143863000,11.286751,-0.00160352,0.0020616686,-0.0029016077,,,,,,-0.0019138872,0.0028036276,-0.002390925,0.55919176,0.82074237,0.11367238,0.027640091
,,0.80773723,2.1515465,-9.58493,1684143863281,,-3.8179048E-4,-0.0040469794,0.008093959,,,,,,4.3369533E-4,0.0052731675,-0.0017738978,0.5593301,0.82059824,0.11407365,0.027470054
,,0.81675017,2.1749163,-9.577032,1684143863531,,-0.013820816,0.034437504,0.031917684,,,,,,-0.0014346977,0.016110428,0.004573568,0.55929667,0.82056844,0.11448579,0.027320566
,,0.8355736,2.183371,-9.573604,1684143863782,,-0.009544762,0.008170316,-0.024281874,,,,,,-0.0012326797,0.013451417,0.0038956641,0.5599412,0.82003564,0.11520975,0.026980648
,,0.8561519,2.2012374,-9.570573,1684143864032,,0.0045051277,-0.015042545,-0.0065667965,,,,,,0.002755769,0.017252676,0.003953425,0.5603863,0.81959504,0.11621174,0.026774472
,,0.852483,2.2131217,-9.568899,1684143864282,,-3.8179048E-4,-0.01687514,-0.011453714,,,,,,-0.00721726,0.016396603,0.0051166536,0.5603282,0.8195161,0.11701821,0.026880324
,,0.8513662,2.2258036,-9.5671425,1684143864533,,0.010613776,-0.012599086,0.006872229,,,,,,-0.0085314,0.016794713,0.005913798,0.56009686,0.81957597,0.11762217,0.0272458
,,0.852802,2.2286751,-9.567942,1684143864783,,0.011835505,-0.005268709,0.006872229,,,,,,-0.007756221,0.010232615,0.005595843,0.56017524,0.8194672,0.11791907,0.0276313
,,0.841795,2.2154348,-9.576474,1684143865037,,0.010002911,-0.010766491,-0.0059559317,,,,,,-0.008912734,8.345445E-4,-9.928067E-4,0.5605393,0.8192266,0.11777368,0.027994158
,,0.81762755,2.2092133,-9.578389,1684143865293,,2.290743E-4,-0.0034361144,-0.002290743,,,,,,-0.009558855,0.0021418969,-6.0653685E-5,0.56031936,0.81947595,0.11693441,0.02860875
,,0.78883374,2.1921446,-9.585249,1684143865543,,0.0032833982,0.0014508038,0.015424335,,,,,,-0.013484999,-8.919239E-4,5.2153267E-4,0.5603037,0.8196501,0.11564142,0.029189385
,,0.7817351,2.1751554,-9.588758,1684143865799,,-0.0028252497,0.005726857,0.00320704,,,,,,-0.005099535,-0.0011543671,2.2910436E-4,0.560827,0.81945634,0.11439101,0.029526439
52.54495932,13.36190968,0.7743971,2.1654246,-9.595536,1684143866000,10.915062,-0.005268709,-3.8179048E-4,-0.007788526,,,,,,-0.004051125,0.0013621171,-0.0012979507,0.5614554,0.8191491,0.11348976,0.029639704
,,0.76410794,2.1606393,-9.596735,1684143866300,,-0.007101303,0.0063377223,0.008093959,,,,,,-0.0054103294,0.0050133467,-0.0013716698,0.5619133,0.8189097,0.11293833,0.029724944
,,0.7627521,2.16032,-9.593385,1684143866550,,-0.0077121677,0.0020616686,0.0050396346,,,,,,-0.005200233,0.0055455687,0.0012162209,0.56222206,0.81870806,0.112830706,0.029857107
,,0.7661818,2.165505,-9.591629,1684143866802,,0.0051159924,-3.8179048E-4,1.527162E-4,,,,,,-0.004473563,0.0074116467,4.005432E-4,0.5623663,0.81857,0.11308503,0.02996104
,,0.7705687,2.1668608,-9.59817,1684143867056,,0.057650365,-0.010766491,-0.046883874,,,,,,-0.0043125274,0.0050274055,-0.0075026196,0.5625904,0.8183737,0.11340436,0.029909886
,,0.7887541,2.1347969,-9.605985,1684143867307,,-0.06940951,0.019776747,-0.14217877,,,,,,0.008204742,-0.026793277,-0.0014841079,0.5620846,0.81873816,0.11333467,0.02963568
,,0.7956932,2.0574288,-9.65448,1684143867559,,-0.12866339,-0.18364123,0.019089524,,,,,,0.04250082,-0.10377267,-0.018799147,0.56205434,0.8187772,0.11294425,0.030373296
,,0.8173882,1.9625931,-9.666285,1684143867809,,-0.30398157,-0.08590286,0.20967934,,,,,,0.11267708,-0.19959974,-0.045579497,0.56627446,0.8157787,0.11145182,0.034009673
,,0.8644472,2.0413167,-9.645628,1684143868062,,-0.7102067,0.5408444,0.057574004,,,,,,0.09369645,-0.27399972,-0.08079586,0.5761115,0.80683625,0.118382074,0.03870539
,,1.1629916,2.3993633,-9.437533,1684143868312,,-0.7572433,0.44982556,-0.26313,,,,,,0.13100131,-0.3466889,-0.083473414,0.5837387,0.79411674,0.14499521,0.04304485
,,1.559243,3.0225337,-9.028678,1684143868564,,-0.7230348,0.12484549,-0.3602575,,,,,,0.16885544,-0.4382211,-0.11947706,0.5835068,0.77985734,0.18860301,0.051017717
,,1.6840686,4.0204206,-8.406304,1684143868817,,-0.2844339,0.6257546,-0.2753473,,,,,,0.0019017617,-0.34732535,-0.1644071,0.57468146,0.7642189,0.24443297,0.066690825
52.54496237,13.36189268,1.777947,5.1909094,-7.578468,1684143869000,10.618833,0.34781113,0.65263265,0.0129808765,,,,,,-0.22909778,-0.18749695,-0.18579961,0.5549105,0.7509118,0.30834046,0.07995896
,,2.0661225,6.2721457,-6.9083176,1684143869321,,0.67034775,0.6312524,-0.22220206,,,,,,-0.42767283,-0.048254903,-0.25507602,0.52457327,0.7457856,0.3726436,0.07851459
,,2.5349565,6.8740993,-6.5020957,1684143869573,,0.8426116,-0.0040469794,0.17974696,,,,,,-0.385277,-0.071379565,-0.38116303,0.38561848,0.53494173,0.3046727,0.074654885
,,2.6914468,6.940062,-6.381339,1684143869825,,1.2628865,-0.3815614,-0.41951138,,,,,,-0.49457592,-0.048272442,-0.3975658,0.2258253,0.26683542,0.20237306,0.08116409
,,2.5382264,6.420739,-6.702057,1684143870082,,-0.49884745,0.43394306,-0.18249585,,,,,,-0.7792784,0.0399016,-0.45006746,0.082044885,-0.008577299,0.10484322,0.09054005
,,2.9253058,5.6733823,-7.0419974,1684143870336,,-1.1824051,0.13523018,-1.1275036,,,,,,-0.6793453,-0.19877745,-0.46486264,-0.046137776,-0.28079638,-0.016949086,0.09691958
,,3.2149963,5.506284,-7.3127847,1684143870588,,-0.50373435,0.023441937,-0.4677697,,,,,,-0.5423044,-0.23466489,-0.56715375,-0.14893478,-0.54949164,-0.17245217,0.09640647
,,3.102135,5.482435,-7.203592,1684143870840,,0.5353466,-0.37606362,0.1754709,,,,,,-0.57965714,-0.27267894,-0.46732622,-0.23878953,-0.8211742,-0.33473936,0.10399704
,,3.07725,5.5798235,-7.235018,1684143871091,,1.6862159,0.0045051277,0.003817905,,,,,,-0.5132811,-0.117937885,-0.39860564,-0.22846393,-0.88759345,-0.35796958,0.11774477
,,2.866043,5.3064837,-7.3205214,1684143871344,,0.37041312,0.19265148,0.55115277,,,,,,-0.61216486,-0.076879375,-0.27993914,-0.19357891,-0.90273374,-0.3355144,0.12403682
,,3.0561132,5.311589,-7.2315087,1684143871598,,-1.7303509,-0.03825541,-0.7866411,,,,,,-0.42807692,-0.17320828,-0.18696377,-0.16931497,-0.9079359,-0.33459312,0.1283498
,,2.8363726,6.045148,-6.962954,1684143871850,,-0.47807804,-0.3540725,-0.002290743,,,,,,-0.42769948,0.13498943,-0.13667075,-0.14391167,-0.9064611,-0.3550077,0.12166413
52.54492736,13.36179496,2.7113078,6.126823,-6.8652477,1684143872000,10.372335,1.1517092,0.15661046,0.22006404,,,,,,-0.4364985,0.19598408,0.010993377,-0.13431199,-0.9083013,-0.3555175,0.11841177
,,2.9264224,5.739265,-7.248179,1684143872354,,2.0594542,-0.50556695,0.26282457,,,,,,-0.1998054,0.2870473,0.13065866,-0.13318603,-0.92121494,-0.3236323,0.12311836
,,2.6556337,4.8646884,-7.4408007,1684143872606,,-2.0473897,0.8377247,-0.39446592,,,,,,-0.39262965,0.07229612,0.40056846,-0.13231495,-0.93349093,-0.28068525,0.12344418
,,2.817628,5.359125,-7.2554364,1684143872858,,-1.6020693,-0.6466767,-0.45982847,,,,,,-0.16230497,0.09764429,0.35224825,-0.13148464,-0.928107,-0.30101782,0.12035682
,,2.4586253,6.3795843,-6.759724,1684143873109,,0.17432554,0.14805835,0.10338886,,,,,,-0.20743562,0.39280084,0.38696337,-0.12776324,-0.91506517,-0.3447132,0.10268388
,,2.6165514,6.304131,-6.752705,1684143873360,,1.2390629,-0.12072215,0.446084,,,,,,-0.017000357,0.33869463,0.40148684,-0.13435312,-0.91457874,-0.3454035,0.09662457
,,2.675814,5.7040896,-7.1182494,1684143873613,,1.4168245,-0.4890736,0.29825473,,,,,,0.04876767,0.2702809,0.46024275,-0.1438023,-0.92460907,-0.31359673,0.09921792
,,2.4631715,5.101977,-7.308319,1684143873865,,-1.7132466,0.56955504,-0.08781181,,,,,,-0.16914955,0.13540529,0.4506163,-0.15365939,-0.92902195,-0.28867346,0.09981193
,,2.63043,5.7238708,-7.183413,1684143874118,,-1.4059817,0.027717989,-0.68035066,,,,,,-0.13963005,0.30690473,0.28528202,-0.15888903,-0.9201162,-0.31990898,0.10120335
,,2.477768,6.1438117,-6.9123063,1684143874369,,0.1627191,0.06314815,0.28359398,,,,,,-0.2463705,0.41029167,0.24814062,-0.15992323,-0.9108325,-0.34336796,0.09362677
,,2.7857237,6.0026345,-7.0203023,1684143874619,,1.3099232,0.008781182,0.18157956,,,,,,-0.091825165,0.318919,0.17037037,-0.16492115,-0.9115663,-0.33962944,0.09731401
,,2.7453651,5.622096,-7.297869,1684143874870,,1.8450407,-0.3589594,0.22556181,,,,,,-0.24242948,0.2998285,0.19302443,-0.16945043,-0.91775435,-0.31957242,0.10208794
52.54488403,13.3616713,2.6818757,5.159324,-7.355935,1684143875000,3.9937468,-1.7932699,0.4718167,-0.1904371,,,,,,-0.39853632,0.1900319,0.18142508,-0.17073104,-0.9206688,-0.30313474,0.10679596
,,2.9633512,5.7684574,-7.078528,1684143875374,,-1.8317544,-0.7755692,-0.4592176,,,,,,-0.2527764,0.24091433,0.04349998,-0.1666034,-0.91240054,-0.33567682,0.10913012
,,2.7502303,6.1210003,-6.6581883,1684143875627,,0.5023599,1.2225695,0.06429352,,,,,,-0.37212414,0.11395171,0.04136507,-0.16061161,-0.9034007,-0.361671,0.09777155
,,2.7641091,6.0230536,-6.8547187,1684143875878,,2.1663556,-0.292986,0.29275694,,,,,,-0.2994092,0.19540374,-0.009834973,-0.16164875,-0.9081821,-0.35061982,0.10091194
,,2.8429124,5.162276,-7.2333436,1684143876127,,0.27328563,0.07231112,0.116217025,,,,,,-0.2650973,0.06833868,0.12070068,-0.16325116,-0.9213549,-0.30954018,0.10705136
,,2.6174288,4.742894,-7.2457867,1684143876377,,-1.9502622,0.6764564,-0.30955574,,,,,,-0.4547382,-0.014591892,0.36668628,-0.16358654,-0.9258383,-0.29142985,0.107341036
,,2.7483964,5.821579,-6.6369715,1684143876631,,-0.8898009,-0.9062943,0.34590217,,,,,,-0.016244514,0.2760416,0.47065488,-0.16034348,-0.91550434,-0.33165896,0.09553773
,,2.6731021,6.387401,-6.4689965,1684143876880,,1.3563489,0.35636324,0.37400195,,,,,,0.0597295,0.39301047,0.5134862,-0.16441098,-0.90720123,-0.35283086,0.077524975
,,2.8957138,6.140859,-6.798966,1684143877133,,1.7283655,-0.76946056,0.39599308,,,,,,0.2639242,0.7082168,0.5975546,-0.17645574,-0.91553843,-0.32750797,0.081845544
,,2.8439496,5.1604414,-7.062416,1684143877382,,-1.2807543,0.22136213,0.064904384,,,,,,0.13607241,0.47060326,0.778138,-0.19057764,-0.9247535,-0.28640953,0.08551452
,,2.684428,5.5755167,-6.9207616,1684143877635,,-1.7132466,-0.56421,-0.850171,,,,,,-0.06396941,0.5383628,0.6719481,-0.19954725,-0.9184141,-0.30317095,0.08385388
,,2.6575487,6.3968935,-6.47785,1684143877888,,0.06498074,-0.29604036,0.08628465,,,,,,0.0016188383,0.6133966,0.36837634,-0.20343854,-0.9015426,-0.35154617,0.068955354
52.54476918,13.36145927,2.6172693,6.37799,-6.6935225,1684143878000,4.967062,0.407065,-0.1164461,1.123533,,,,,,0.004790719,0.6086692,0.20202164,-0.21409418,-0.89839804,-0.3538039,0.06905909
,,2.5965319,5.4197435,-7.0246887,1684143878391,,0.4822014,0.17615813,0.23167047,,,,,,-0.0978912,0.3821657,0.3328346,-0.22394943,-0.9100086,-0.31419647,0.082383305
,,2.471706,4.991029,-7.036333,1684143878642,,-2.2923465,0.20181446,-0.41645706,,,,,,-0.15457635,0.07680369,0.43709987,-0.23020038,-0.91329426,-0.2954181,0.08826857
,,2.758366,6.0910106,-6.883034,1684143878892,,-0.26427537,-0.099341884,0.0923933,,,,,,-0.009954544,0.2096248,-0.026192458,-0.22770247,-0.89955467,-0.3417552,0.07870213
,,2.754777,6.5371118,-6.52451,1684143879143,,0.8737657,-0.20929754,0.021532983,,,,,,0.09288545,0.16397958,-0.006342999,-0.22464308,-0.8886826,-0.37160105,0.06675797
,,2.917728,6.4048676,-6.900102,1684143879395,,2.1229842,-0.63568115,0.38988444,,,,,,0.24124648,0.319815,-0.046192963,-0.22745529,-0.89717686,-0.3491889,0.07769863
,,2.8476183,5.358726,-7.2755356,1684143879647,,-1.7737223,0.21097742,-0.13057235,,,,,,-0.15160002,-0.060865674,0.07763529,-0.22904512,-0.90832466,-0.3105068,0.08747458
,,2.802394,5.9649873,-7.108678,1684143879897,,-2.0651047,0.42355835,-1.0285436,,,,,,-0.15959035,0.071379036,-0.09070465,-0.22430782,-0.90277153,-0.33207837,0.08286481
,,2.6003602,6.785805,-6.660263,1684143880148,,0.27328563,0.20731224,0.20112723,,,,,,-0.2039989,0.24630857,-0.2496995,-0.20913869,-0.8864301,-0.38378656,0.066337794
,,2.2561123,6.7289357,-6.1894345,1684143880400,,-0.21601705,-0.03825541,0.029474225,,,,,,-0.30867422,0.10007102,0.10848088,-0.19993141,-0.8809995,-0.3983234,0.059820194
,,2.0600605,6.868916,-5.9444094,1684143880650,,-0.22945608,-0.17936517,-0.098196514,,,,,,-0.38900712,0.11973893,0.1585112,-0.19244769,-0.87763983,-0.4069486,0.05665561
,,1.934597,7.310392,-5.4395247,1684143880900,,-0.07063124,-0.30275986,0.0594066,,,,,,-0.41791332,0.011948109,0.16129556,-0.18269269,-0.8646324,-0.43958214,0.043866966
52.54469228,13.36128464,1.7292928,8.482317,-4.728537,1684143881000,5.1531982,0.16821688,0.31238097,-0.16722423,,,,,,-0.4351754,0.18802659,0.082463756,-0.17142841,-0.8443001,-0.49996904,0.02667075
,,1.528216,8.772646,-4.35071,1684143881401,,0.05948296,0.010002911,-0.11835505,,,,,,-0.42911974,0.14716192,0.09195788,-0.1583363,-0.83301204,-0.52948827,0.01908795
,,1.6843876,8.873624,-4.3086762,1684143881651,,0.1004109,-0.30642503,0.04780017,,,,,,-0.3528529,0.12758608,0.033609413,-0.15162258,-0.8339333,-0.5297606,0.020397922
,,1.6556737,8.98146,-4.3745584,1684143881903,,-0.06940951,-0.31680974,-4.581486E-4,,,,,,-0.36169875,0.18689781,0.022694016,-0.14539383,-0.8351333,-0.52956045,0.020561855
,,1.634617,8.9623165,-4.467241,1684143882156,,-0.27282748,-0.11339177,0.10399973,,,,,,-0.33419272,0.15788107,-0.01698118,-0.12210347,-0.72459257,-0.45867968,0.019102061
,,1.5558932,8.886226,-4.3716874,1684143882409,,0.014889829,-0.05780308,-0.016340632,,,,,,-0.3164651,0.11478189,0.07919238,-0.06973658,-0.44693524,-0.2818914,0.018143171
,,1.5692132,8.858309,-4.293203,1684143882662,,-0.09873102,-0.0193186,-0.06398808,,,,,,-0.20157255,0.10124616,0.11547111,-0.015776126,-0.17010775,-0.10433078,0.016476205
,,1.4485352,8.936873,-4.202993,1684143882915,,-0.21051927,0.17310381,-0.16539164,,,,,,-0.22334865,0.16982087,0.2213525,0.031872384,0.10830838,0.07240201,0.013714918
,,1.2728221,9.04136,-4.2112875,1684143883165,,-0.13477205,-0.30825764,-0.021227552,,,,,,-0.1991361,0.21645541,0.28082198,0.073361106,0.38871014,0.24756417,0.012405366
,,1.1017352,9.119844,-3.962275,1684143883418,,-0.09873102,-0.43409577,0.07589995,,,,,,-0.1540155,0.32595265,0.42123845,0.11649213,0.66955304,0.42154634,0.01671441
,,0.78763735,9.2444315,-3.5597222,1684143883671,,-0.09995275,-0.04619665,0.03619374,,,,,,-0.2661297,0.43573436,0.73530847,0.14357822,0.83648664,0.52770674,0.026357876
,,0.4874179,9.378749,-3.3493934,1684143883921,,-0.30581418,-0.30764678,-0.10491603,,,,,,-0.3447746,0.44789982,0.8727351,0.14064851,0.83403724,0.5314363,0.037149116
52.54461444,13.36111577,0.20546369,9.539944,-3.1152158,1684143884000,4.394648,-0.1476002,-0.47746718,0.061239194,,,,,,-0.37248865,0.51968026,0.9567925,0.13835233,0.82847196,0.5384627,0.054001775
,,-0.026161542,9.707442,-2.7888346,1684143884424,,-0.029092435,-0.8592577,0.116217025,,,,,,-0.3481631,0.5429071,0.9900297,0.14335115,0.8187457,0.5474388,0.07742072
,,-0.35078782,9.75442,-2.282274,1684143884678,,-0.027259842,-0.4267654,-0.06459895,,,,,,-0.37873986,0.47358724,1.1605438,0.15983835,0.8047458,0.55498284,0.11064657
,,-0.57962143,9.836016,-1.9503102,1684143884936,,0.10346522,-0.53916454,0.119271345,,,,,,-0.31990305,0.38948008,1.1356426,0.18117641,0.78738576,0.56150514,0.14880332
,,-0.561755,9.888899,-1.8213371,1684143885188,,0.13584106,-1.3119085,0.10583232,,,,,,-0.060804073,0.29063654,0.91690433,0.21018271,0.76675636,0.5641911,0.19060057
,,-0.68825555,9.979826,-1.5661025,1684143885439,,0.23785548,-1.1475859,0.49739665,,,,,,0.016357848,0.2974772,0.8778537,0.2554031,0.73937154,0.5559553,0.24317501
,,-0.838445,9.999527,-1.4854642,1684143885691,,0.09124792,-0.5568796,0.2084576,,,,,,-0.067506105,0.24611832,0.7817401,0.31580988,0.7042407,0.5356093,0.29791325
,,-1.0066605,9.948798,-1.4063416,1684143885943,,0.015500694,-0.1824195,0.044745844,,,,,,-0.18514134,0.12808898,0.749987,0.37838653,0.66575015,0.508394,0.3497466
,,-1.129173,9.910434,-1.4720645,1684143886193,,0.014889829,-0.20868668,0.028863361,,,,,,-0.3607388,0.06574885,0.6393763,0.43430722,0.6287452,0.48155633,0.3923923
,,-1.204228,9.654162,-1.5177674,1684143886443,,0.17554727,-0.34857473,0.056963142,,,,,,-0.53715235,-0.18516614,0.623114,0.4865465,0.5940628,0.45438555,0.42766467
,,-1.4998213,9.983572,-1.8132012,1684143886696,,0.5628355,-1.1683552,0.21700971,,,,,,-0.9786938,0.19976625,0.43713042,0.5374689,0.56215066,0.4230657,0.45353413
,,-1.74692,9.469677,-2.2786052,1684143886948,,-0.17264566,0.028328855,0.17730351,,,,,,-1.249489,-0.20967463,0.2601925,0.5837825,0.53059644,0.38451383,0.47022069
52.54462849,13.36107809,-1.8447068,9.661899,-2.2902503,1684143887000,4.633802,-0.58681196,1.3545163,0.41737336,,,,,,-1.3980037,0.013625797,0.3684274,0.6141981,0.49959645,0.35317135,0.4871563
,,-1.4111274,9.723475,-2.37376,1684143887451,,-0.09078978,0.24396412,0.38805184,,,,,,-1.1258683,0.107708916,0.19490117,0.63278604,0.4687942,0.3390921,0.50262284
,,-1.1133803,9.676255,-2.4453053,1684143887702,,-0.24045165,-0.36567894,-0.08353576,,,,,,-1.0454699,0.05102868,-0.052594077,0.64866143,0.43730155,0.33103755,0.5165397
,,-0.68179476,9.812247,-2.324627,1684143887951,,-0.2532798,-0.36690065,-0.48670653,,,,,,-0.77882874,0.1589206,-0.21077202,0.66417354,0.40050265,0.31823438,0.5357252
,,-0.51573294,9.500622,-1.7796218,1684143888203,,-0.31558803,1.4644719,-0.24724752,,,,,,-0.69289494,-0.22933705,-0.095469706,0.6678847,0.36865443,0.31157902,0.56043184
,,0.026161503,10.177712,-1.3816159,1684143888453,,1.2176826,0.97761273,0.56275916,,,,,,-0.29856268,0.29362896,-0.3416211,0.64720327,0.3580429,0.33512166,0.57801384
,,0.34273192,9.922477,-1.4051452,1684143888704,,1.0680207,-0.39622217,0.08628465,,,,,,-0.073381014,0.028151734,-0.43941784,0.63411534,0.3709966,0.35940364,0.5671542
,,0.15481564,9.542977,-1.7809778,1684143888956,,-0.4548652,0.520075,-0.14217877,,,,,,-0.25826457,-0.23775642,-0.45462978,0.63220054,0.39562896,0.36321598,0.54531324
,,-0.12474586,9.745488,-1.8691136,1684143889206,,-0.6301834,0.57199854,-0.37614,,,,,,-0.4522583,0.06388181,-0.21742755,0.61996204,0.42641506,0.37214428,0.5264484
,,-0.20857435,9.921999,-1.9234308,1684143889458,,0.16210824,0.48769918,-0.1262963,,,,,,-0.4742562,0.21779019,-0.22731304,0.5896192,0.46862033,0.40460095,0.49793532
,,0.21216361,9.854841,-2.1298516,1684143889708,,-0.3589594,0.65080005,-0.41523534,,,,,,-0.0042815804,0.17848794,-0.37536374,0.5537765,0.51237315,0.44446924,0.46150252
,,-0.14524435,9.883954,-2.042992,1684143889961,,1.3361903,0.6440806,0.5102248,,,,,,-0.26072657,0.21917525,-0.18380152,0.5228318,0.5482858,0.47086313,0.42738092
52.54464064,13.36106416,-0.24039893,9.677771,-2.1595225,1684143890000,5.474404,0.7088322,-0.8898009,0.16081016,,,,,,-0.2916475,0.044117354,-0.15732487,0.49132505,0.5836347,0.4859721,0.39882582
,,-0.4455436,9.725549,-2.2242882,1684143890462,,-0.16531529,0.4107302,-0.1244637,,,,,,-0.36514968,0.10202356,-0.12891859,0.4594746,0.61621606,0.49863383,0.38015
,,-0.40853456,9.496715,-2.436133,1684143890714,,-0.6973785,0.73632115,-0.30039275,,,,,,-0.16109571,-0.066113904,-0.22771618,0.43249574,0.64760286,0.504287,0.3586468
,,-0.59158546,9.435937,-2.7181668,1684143890967,,-0.55077094,1.2567779,-0.092087865,,,,,,-0.39878204,-0.028929949,0.30439758,0.403847,0.67640233,0.5072595,0.33288434
,,-0.6736593,9.456914,-2.8486555,1684143891218,,0.12362376,0.267177,-0.3755291,,,,,,-0.3989658,0.041692812,0.4263683,0.36839208,0.70023406,0.5160175,0.30136913
,,-0.45567316,9.272108,-2.884707,1684143891468,,0.63858277,0.5164098,-0.059101168,,,,,,-0.17404844,-0.13300355,0.5052339,0.3330165,0.7202643,0.52614796,0.26544365
,,-0.6076972,9.602557,-2.9387853,1684143891719,,-0.2880991,0.15477787,0.54443324,,,,,,-0.368523,0.24879643,0.7123382,0.28294796,0.7367096,0.54050255,0.23636769
,,0.23122644,10.565988,-2.6159933,1684143891971,,-3.2691193,0.3239874,-1.7909029,,,,,,0.2578405,1.494547,-0.29819992,0.22313441,0.6927361,0.53277713,0.19351396
,,0.66305125,10.574601,-1.0229317,1684143892224,,-3.0742533,-1.4010947,1.8089234,,,,,,0.28612468,1.6945103,-0.101659015,0.17529319,0.6629016,0.59489614,0.15458909
,,1.1365907,9.484509,0.6296312,1684143892476,,0.98433226,2.7399576,-1.5172354,,,,,,0.25585002,1.0944954,-0.8815832,0.16667284,0.58366114,0.65860325,0.13048597
,,1.2050254,8.921879,2.0448265,1684143892725,,-0.50923216,0.6636282,-0.2600757,,,,,,0.04385859,1.0844,-1.141872,0.14627756,0.51637006,0.71029645,0.12385785
,,1.1302896,7.7947,3.8264427,1684143892979,,0.21586435,-0.96432644,-0.66507906,,,,,,0.13261099,0.9084516,-1.0137693,0.11616707,0.43122974,0.76494616,0.12331638
52.5446569,13.36106046,1.1383456,6.6843505,5.7174106,1684143893000,6.2890444,-0.9233985,-0.79023,-1.1763729,,,,,,0.39450502,0.7705876,-1.4696391,0.08934711,0.32880527,0.82658154,0.14192536
,,0.37455657,4.632505,7.8835526,1684143893492,,1.1339941,0.61598074,0.06185006,,,,,,-0.1883546,-0.37902397,-0.24993353,0.07328543,0.27183023,0.9189089,0.1859903
,,0.16957137,3.5256643,8.57803,1684143893742,,0.058872093,-0.11155918,0.013591741,,,,,,-0.049015984,-0.60348535,-0.4203763,0.055066075,0.20471923,0.937138,0.22757462
,,-0.28450662,3.4380074,8.90784,1684143893995,,0.23663375,-0.27710354,-0.26801693,,,,,,0.15437846,-0.09849178,-0.19872671,0.016320184,0.18631244,0.93917584,0.26179138
,,-0.54628146,2.8799217,9.414559,1684143894250,,-0.16531529,-0.18730642,-0.07864884,,,,,,0.1739119,-0.08177115,0.059617393,0.00610572,0.15576845,0.9399158,0.29058793
,,-0.4473781,2.7369905,9.507083,1684143894501,,0.69783664,-1.5104395,-0.3480402,,,,,,-0.01625305,0.0064789453,0.040504202,0.017488377,0.13987125,0.9341875,0.32153395
,,-0.002871402,2.8011978,9.610454,1684143894752,,-0.074907295,1.5402192,0.3666716,,,,,,0.066380344,0.045106627,0.024325466,0.044800866,0.1350811,0.9257129,0.34587428
,,0.15649061,2.9062424,9.585409,1684143895003,,0.12728895,-0.6466767,-0.038331766,,,,,,0.15820779,0.021174796,0.03507417,0.05168913,0.14062457,0.92226374,0.3531229
,,0.14803599,3.053241,9.58517,1684143895253,,-0.1164461,-0.34490952,0.1754709,,,,,,0.109742284,0.067951865,-0.008564981,0.057688724,0.14228535,0.91762006,0.36336806
,,0.12809578,3.1117857,9.570812,1684143895506,,0.6477457,0.42355835,0.16569707,,,,,,0.07692565,0.091564976,-0.017612679,0.059030645,0.14465597,0.914576,0.37020865
,,0.042113625,3.0542784,9.591949,1684143895760,,-0.43470666,0.30627233,0.23777911,,,,,,0.08745397,0.0758244,0.011440849,0.05380904,0.14377764,0.914579,0.37064937
52.54466137,13.3610638,-0.7143373,2.6588247,9.679128,1684143896000,4.225142,0.21281002,-1.7645593,-0.18921536,,,,,,0.06422308,0.0037054778,0.15680018,0.0089305965,0.14118896,0.92316973,0.352435
,,-0.20642084,2.962155,9.5484,1684143896009,,0.10224349,0.005726857,-0.031001387,,,,,,0.1426761,0.11029579,-0.05896422,0.03771533,0.14312445,0.9172128,0.36406282
,,-0.83326066,2.6644082,9.564511,1684143896614,,-0.3852266,-0.037033677,0.13209951,,,,,,0.10161492,0.10408912,-0.060829036,-1.3095401E-4,0.13896035,0.926518,0.34486732
