88#1#0
key,lat,lon,ts,bike,childCheckBox,trailerCheckBox,pLoc,incident,i1,i2,i3,i4,i5,i6,i7,i8,i9,scary,desc,i10
,,,,7,0,0,0,-5,0,0,0,0,0,0,0,0,0,0,,0

=========================
88#1
lat,lon,X,Y,Z,timeStamp,acc,a,b,c,obsDistanceLeft1,obsDistanceLeft2,obsDistanceRight1,obsDistanceRight2,obsClosePassEvent,XL,YL,ZL,RX,RY,RZ,RC
52.51437656104957,13.396935500546693,0.41914493,-7.0304728,-6.3025756,1661168886999,8.0,-1.027399,-0.02031127,0.027259862,,,,,,0.029334886,-0.018615691,-0.319258,-0.60509026,0.6577117,-0.31903675,0.2623361
52.51451986251116,13.396927292731029,0.53781766,-7.132307,-6.250234,1661168889999,8.0,-1.7909806,0.36086863,-0.06925685,,,,,,0.06900809,-0.11953198,-0.27307993,-0.60720086,0.6561595,-0.32042015,0.25955427
,,0.39520296,-6.985143,-6.3298903,1661168890569,,-1.7146224,0.3474296,0.14576772,,,,,,0.010784356,-0.023789788,-0.22887477,-0.60430336,0.66383785,-0.31572846,0.25630778
,,0.49823335,-6.745394,-6.4751387,1661168890822,,-1.5692364,0.34009922,-0.5341253,,,,,,0.06296192,-0.0048683803,-0.18793792,-0.6083319,0.6676454,-0.30745745,0.24441537
,,0.5928842,-6.497655,-6.4539104,1661168891074,,0.9646326,-0.49678615,0.24900395,,,,,,0.18899824,0.111824825,-0.1365935,-0.61189777,0.6668689,-0.30058843,0.24152556
,,0.46327803,-6.8935156,-6.342899,1661168891325,,2.3427446,-0.52305335,-0.15661058,,,,,,0.24872388,0.02250258,-0.22243546,-0.60967094,0.66232014,-0.30536202,0.26079425
,,0.49344498,-7.2531238,-6.233323,1661168891575,,0.21326832,0.08536842,-0.1333977,,,,,,0.300502,-0.11369839,-0.49472865,-0.6000923,0.65580964,-0.31960785,0.2744704
,,0.4969565,-7.0927134,-6.159811,1661168891825,,-1.1959978,0.18310685,-0.08513934,,,,,,0.3196538,0.021964137,-0.35060132,-0.5996176,0.659175,-0.31782997,0.27180433
,,0.5407704,-6.901656,-6.3849564,1661168892078,,-1.8777235,0.51175237,-0.44249552,,,,,,0.31526676,0.06332466,-0.34496695,-0.60486877,0.6635637,-0.30966648,0.2622418
,,0.65305847,-6.5670066,-6.424222,1661168892331,,-0.3823253,-0.124769226,0.104228884,,,,,,0.23794828,0.124916665,-0.20472012,-0.612585,0.66260606,-0.30245942,0.24634673
,,0.6450777,-6.6216736,-6.389346,1661168892582,,2.1613176,-0.8394816,0.2599995,,,,,,0.21822445,0.12517557,-0.15791295,-0.61334443,0.660786,-0.30485386,0.24821277
,,0.57333153,-7.161277,-6.240019,1661168892832,,2.1014528,0.268628,-0.209145,,,,,,0.13539726,-0.1406048,-0.28053272,-0.6083836,0.6543064,-0.31893906,0.26199707
52.51469603082015,13.396877362622378,0.6389326,-6.7542524,-6.361265,1661168892999,8.0,-1.639486,0.27840182,-0.6538549,,,,,,0.1482466,-0.052028038,-0.1049829,-0.05871797,0.12691016,-0.18498993,0.056775536
,,0.59615624,-7.1942368,-6.1609206,1661168893087,,-1.081766,-0.014813482,0.16287194,,,,,,0.091121346,-0.100111276,-0.37681103,-0.602819,0.65209395,-0.32886323,0.26347107
,,0.62177426,-6.7601485,-6.3959603,1661168893590,,-1.6327665,0.68951416,-0.64102674,,,,,,0.1168246,-0.005200195,-0.15423398,-0.6169889,0.65671664,-0.30786827,0.2492767
,,0.58338714,-6.4651628,-6.270823,1661168893842,,0.8290205,-0.28909197,0.21174116,,,,,,0.09383594,0.11522237,0.09115057,-0.6256495,0.6514853,-0.29992375,0.24477902
,,0.39632022,-6.822637,-6.333552,1661168894096,,2.4246006,-0.44303003,-0.04970916,,,,,,0.05425354,0.032441344,-0.12713565,-0.62792104,0.64311445,-0.30416024,0.26323768
,,0.4177882,-7.186157,-6.252867,1661168894348,,0.14301883,0.030390546,-0.05459608,,,,,,0.057331618,-0.11423864,-0.38801175,-0.62120247,0.63548,-0.31784394,0.27514714
,,0.47987783,-7.0601425,-6.2482276,1661168894602,,-1.1190288,0.3370449,0.18791743,,,,,,0.060704183,-0.044258084,-0.22391875,-0.6095503,0.65093666,-0.32264385,0.2574252
,,0.50828904,-6.7570367,-6.503699,1661168894853,,-1.829465,0.6241516,-0.28244883,,,,,,-0.030438,0.03229359,-0.13184221,-0.57844603,0.6818506,-0.3229135,0.22312835
,,0.6224126,-6.4756274,-6.5730515,1661168895104,,-0.47762027,-0.15042557,0.09323331,,,,,,-0.11305221,-0.014611037,0.0011882146,-0.46981615,0.5333428,-0.2759489,0.1930442
,,0.5741295,-6.545937,-6.5328293,1661168895357,,2.295708,-0.8211556,0.4469243,,,,,,-0.09095375,-0.010375325,-0.012333568,-0.33978075,0.25903037,-0.21044798,0.18883905
,,0.39935285,-7.091126,-6.2555003,1661168895609,,2.1796436,0.51053065,-0.21586451,,,,,,-0.10768482,-0.20262943,-0.0792476,-0.22849181,0.11720451,-0.16917466,0.15652059
,,0.47253558,-7.15186,-6.1744857,1661168895869,,-1.0341185,-0.17608191,-8.399397E-4,,,,,,0.0050666244,-0.18654397,-0.2442397,-0.14262053,0.15073638,-0.20523854,0.10480251
52.51485331526988,13.396832808281804,0.43558508,-9.575511,-2.2202232,1661168895999,12.0,-0.07689266,0.07742717,-0.035659257,,,,,,-0.107382394,-0.051500194,-0.026887719,-0.2662043,0.7356091,-0.59583306,0.17980781
,,0.40900943,-7.0327086,-6.1894307,1661168896121,,-1.8331302,0.47326785,-0.049098294,,,,,,-0.004752814,-0.120648704,-0.114456385,-0.09917189,0.17507264,-0.21108215,0.07543571
,,0.72648054,-6.475548,-6.294387,1661168896625,,0.94203055,-0.44913867,0.32414037,,,,,,0.21236822,0.092522405,0.026449649,-0.029545141,0.06878821,-0.16554736,0.05385194
,,0.622652,-6.907721,-6.2986164,1661168896879,,2.2975404,-0.77595156,-0.16699529,,,,,,0.24313332,-0.036826555,-0.15953799,-0.12303443,0.36535752,-0.24470112,0.071143575
,,0.6607996,-7.2523265,-6.1697083,1661168897132,,0.78442734,0.19043724,-0.083306745,,,,,,0.24564452,-0.16961285,-0.37734258,-0.19306758,0.51619476,-0.32497412,0.121023096
,,0.6290365,-7.0828967,-5.790837,1661168897383,,0.3262784,-0.21945333,0.12133311,,,,,,0.16463116,0.044823788,-0.09592667,-0.2359048,0.50055516,-0.32030502,0.15404387
,,0.72456515,-7.159112,-5.272212,1661168897635,,0.11614075,-0.05024367,0.070631295,,,,,,0.21863934,0.11309245,-0.040208224,-0.25223628,0.47986656,-0.3352038,0.17285591
,,0.57101715,-7.8295774,-4.4052215,1661168897887,,-0.07383834,0.063988134,0.10178542,,,,,,0.15407257,-0.004719496,-0.1113952,-0.28173307,0.50791097,-0.39590588,0.20408474
,,0.35936972,-8.987863,-3.4897888,1661168898139,,0.05627596,0.007788532,-0.033826664,,,,,,0.14659074,-0.14495964,-0.37335014,-0.36283767,0.7195813,-0.5162673,0.23539497
,,0.32992098,-9.72778,-2.7002106,1661168898394,,-0.024358252,0.0010690142,0.028481591,,,,,,0.08022751,-0.23850536,-0.54068893,-0.3271574,0.70614624,-0.5713623,0.24249215
,,0.42425257,-9.60025,-2.2037828,1661168898647,,-0.056123246,0.08597928,-0.077198096,,,,,,0.05731119,-0.014773115,-0.2996844,-0.29568544,0.7130803,-0.59445566,0.22095732
,,0.4595271,-9.5799,-2.1563776,1661168898898,,-0.059788436,0.13362677,0.0022143866,,,,,,0.026650306,-0.024548786,-0.18474236,-0.2824729,0.7209962,-0.5976652,0.20454137
52.515000210326725,13.396831336887303,0.34859574,-8.982218,-4.1623197,1661168898999,12.0,-1.3108405,0.16783522,0.41271582,,,,,,-0.72739005,-0.7939764,-0.07161401,-0.055097427,0.056068875,-0.18218938,0.061400197
,,0.45809057,-9.622278,-2.2279642,1661168899154,,0.02023491,0.0010690142,-0.04604397,,,,,,-0.041814443,-0.09904807,-0.131779,-0.27443704,0.7287667,-0.5964293,0.19174455
,,0.41507477,-9.59586,-2.268586,1661168899665,,-0.03596469,0.16661349,-0.08697194,,,,,,-0.13804348,-0.09396152,0.008284255,-0.2584611,0.7412921,-0.5950456,0.17100754
,,0.42042172,-9.573355,-2.2668304,1661168899917,,-0.077503525,0.28023443,-0.0026725354,,,,,,-0.15135726,-0.091588564,0.062252957,-0.25257868,0.74514496,-0.5950492,0.16331738
,,0.4303976,-9.668325,-2.2385783,1661168900173,,-0.0066431593,0.22403483,0.05352707,,,,,,-0.15623541,-0.18931818,0.107532464,-0.24586098,0.74808544,-0.5961212,0.15568979
,,0.41930452,-9.618125,-2.2235749,1661168900426,,-0.18318321,0.26435193,0.12255484,,,,,,-0.14999515,-0.12637895,0.14636488,-0.23551856,0.7513598,-0.5979809,0.1470256
,,0.4187459,-9.60464,-2.161485,1661168900679,,-0.005421429,0.14950927,0.12927435,,,,,,-0.12786874,-0.08882467,0.1923328,-0.21978386,0.75521857,-0.6011395,0.13513333
,,0.45473874,-9.635923,-2.1195066,1661168900929,,0.046502117,0.15928312,0.099952824,,,,,,-0.06606798,-0.12924056,0.20291106,-0.20020968,0.75941366,-0.60474104,0.12147391
,,0.44979075,-9.664095,-2.1842303,1661168901182,,-0.04757113,0.11407909,0.066355236,,,,,,-0.0422577,-0.14370538,0.097936146,-0.17816718,0.7633362,-0.6090963,0.10640247
,,0.4511474,-9.718523,-2.2505493,1661168901433,,-0.031688634,0.111635625,-0.023441954,,,,,,0.0065026325,-0.18067826,0.038124196,-0.15481897,0.7687495,-0.61144376,0.09121311
,,0.45386088,-9.625788,-2.3413696,1661168901683,,-0.10743593,0.27779096,-0.008781188,,,,,,0.014198538,-0.10239855,-0.0047801416,-0.13299753,0.7746471,-0.61192876,0.07489253
,,0.44204953,-9.698093,-2.6047318,1661168901935,,-1.847791,0.61254513,0.12377657,,,,,,-0.084617294,-0.22384468,-0.1286782,-0.09719459,0.61929363,-0.49360242,0.057189763
52.51516385071153,13.397001335837627,0.25522193,-7.2653546,-6.3739333,1661168901999,12.0,1.742264,0.22342396,-0.19265163,,,,,,0.8369049,-0.6036452,0.27211437,-0.56604445,-0.70883566,0.3230215,0.20436303
,,0.2090936,-9.624911,-3.265402,1661168902191,,-2.0212767,1.306488,0.65522933,,,,,,-0.48360872,-0.532174,-0.20113435,-0.055332415,0.3429397,-0.318092,0.046641793
,,0.46974236,-7.859766,-4.90952,1661168902695,,1.5400677,-0.5297729,0.80611306,,,,,,-1.0557029,-0.8844956,0.31804696,-0.100945204,-0.22218224,-0.071356624,0.08310093
,,0.328245,-7.42896,-5.514176,1661168902947,,2.44537,0.6424775,0.25266913,,,,,,-1.3466176,-1.0173905,0.4961743,-0.1685365,-0.48424906,0.07027383,0.11225396
,,0.2654372,-7.90334,-6.0937724,1661168903199,,-1.3065645,0.6241516,0.3290273,,,,,,-1.5300651,-1.6207612,0.21523346,-0.21900633,-0.7415218,0.24172872,0.15749435
,,0.10510542,-7.7167506,-6.366033,1661168903452,,-1.4800501,0.7279987,0.8250499,,,,,,-1.6946568,-1.7083992,0.41631013,-0.2880374,-0.8479981,0.28449538,0.19516867
,,0.57037854,-7.1552114,-6.705391,1661168903707,,-1.3456597,-0.47907108,-0.5420666,,,,,,-1.2231754,-1.583871,0.51222014,-0.39462364,-0.83153427,0.23787999,0.22372194
,,0.45274356,-6.5475235,-6.5859203,1661168903959,,1.8974239,-0.9433287,0.42371142,,,,,,-1.0837281,-1.1843617,0.8570001,-0.48020184,-0.7979015,0.21668759,0.2186285
,,0.213483,-7.165187,-6.449211,1661168904211,,2.2700517,0.06887506,-0.60498565,,,,,,-0.6376595,-1.1280665,0.6962795,-0.5200757,-0.7631414,0.2585684,0.21792234
,,0.31292215,-7.8275137,-6.440123,1661168904463,,-1.6016123,0.47876564,0.06085745,,,,,,-0.22153936,-1.3196046,0.15518895,-0.5129195,-0.746369,0.29882553,0.22542302
,,0.23511058,-7.18482,-6.3696437,1661168904716,,-1.9027689,0.9363037,0.044364087,,,,,,-0.021463731,-0.80751395,0.44688132,-0.52269375,-0.7482736,0.29504153,0.20907709
,,0.6019821,-6.5621476,-6.745303,1661168904970,,-1.0041862,-0.01786781,-0.25373816,,,,,,0.4000118,-0.64598715,0.5882581,-0.5545824,-0.7410435,0.26515314,0.19844383
52.515237234440654,13.39724487325653,0.7483476,-7.1386724,-6.297379,1661168904999,8.0,0.78381646,0.19226983,-0.011224649,,,,,,0.77953583,-0.62070954,0.20540443,-0.4818927,-0.76447815,0.3258861,0.1909057
,,0.4900133,-5.971149,-6.551523,1661168905225,,2.808224,-1.2927436,0.3308599,,,,,,0.54378504,-0.18334107,0.86418086,-0.57416546,-0.728031,0.2637065,0.1877961
,,0.4248112,-7.9329476,-6.101044,1661168905727,,-1.3358859,-0.13820826,-0.16088663,,,,,,1.0993081,-0.7733934,-0.2196271,-0.538282,-0.70226324,0.36416906,0.21642074
,,0.31802982,-7.467754,-5.9811554,1661168905977,,-1.3395511,-0.37705657,0.15065464,,,,,,1.0846947,-0.40613192,0.040427446,-0.53034604,-0.7129257,0.36373302,0.19874564
,,0.57636416,-7.1889887,-6.3074245,1661168906227,,-1.675527,0.42195517,-0.9904416,,,,,,1.3909539,-0.38348073,-0.01686821,-0.5329169,-0.7202106,0.3500051,0.18724082
,,0.55393845,-6.8397346,-6.322587,1661168906479,,0.76976657,-0.1498147,0.21723895,,,,,,1.426516,-0.29628292,-0.05610865,-0.52051127,-0.7322382,0.3426404,0.17864732
,,0.44691768,-7.1261706,-6.410546,1661168906731,,2.1582632,-0.64828074,-0.023441954,,,,,,1.3464922,-0.45759058,-0.20584108,-0.5040727,-0.7437555,0.35177866,0.17817125
,,0.5751671,-6.9904804,-6.3753405,1661168906982,,1.4985288,0.33948836,-0.30505082,,,,,,1.3126868,-0.233608,-0.11510169,-0.49166855,-0.7552165,0.3515673,0.17618757
,,0.5387752,-7.065659,-6.4398227,1661168907233,,-2.1086304,-0.43325618,0.10789407,,,,,,1.1196282,-0.30397242,-0.13194661,-0.48064,-0.76407284,0.35005793,0.17475139
,,0.66542834,-7.075475,-6.3836284,1661168907483,,-1.2760211,0.97234476,-0.093080595,,,,,,1.1378667,-0.3602694,0.04903139,-0.4717818,-0.7719627,0.34438094,0.1743001
,,0.64356136,-6.911611,-6.3897753,1661168907735,,-1.435457,0.1647809,-0.53107095,,,,,,0.9059364,-0.32787687,0.14251035,-0.46992964,-0.7760523,0.33244893,0.17891927
,,0.7544928,-6.9376984,-6.3991933,1661168907986,,0.51809007,-0.45952338,0.3833943,,,,,,0.85709393,-0.40284392,0.16809596,-0.4771768,-0.7719599,0.32466558,0.18193288
52.5153165975816,13.397498635203018,0.4448427,-7.1153975,-6.267371,1661168907999,8.0,-1.349325,-0.2518292,0.052916203,,,,,,0.37772718,-0.38577917,0.023290746,-0.39274484,-0.8074133,0.3534949,0.16264372
,,0.7704541,-7.0097737,-6.324573,1661168908238,,2.2663865,-0.43386704,-0.17432567,,,,,,0.8349879,-0.45315927,0.2687839,-0.48437187,-0.76566565,0.32438573,0.18520163
,,0.6718928,-6.9133782,-6.2107096,1661168908744,,-0.564974,0.1928807,0.13477215,,,,,,0.6595805,-0.45325655,0.44563133,-0.4797981,-0.77101505,0.31987277,0.18726611
,,0.54970866,-6.790315,-6.3483963,1661168908996,,-1.7219528,0.86299986,0.13171782,,,,,,0.57004905,-0.38298103,0.3780901,-0.48557946,-0.77040786,0.31603813,0.18645182
,,0.6393317,-6.805887,-6.3629994,1661168909248,,-1.5869515,0.06765333,-0.594601,,,,,,0.7530174,-0.44940403,0.40524247,-0.49174112,-0.76820946,0.31471643,0.18246308
,,0.44228885,-6.6864963,-6.328353,1661168909502,,1.4496596,-0.42103887,0.25205827,,,,,,0.6395391,-0.30953565,0.44240612,-0.4920325,-0.76811856,0.31791985,0.17958671
,,0.3280057,-6.9535403,-6.31343,1661168909762,,2.0935116,-0.09483683,-0.3392593,,,,,,0.61354035,-0.3888891,0.29132956,-0.48490918,-0.7688254,0.33053192,0.18233691
,,0.37796468,-7.062317,-6.270404,1661168910014,,-0.42875105,-0.032528576,-0.025885414,,,,,,0.64058894,-0.38372216,0.14374067,-0.46876612,-0.7730615,0.34221968,0.17842342
,,0.4381389,-6.9596853,-6.311515,1661168910265,,-1.2332605,-0.3098614,0.11033753,,,,,,0.679798,-0.29486784,0.13443254,-0.45317575,-0.7809618,0.34462264,0.16847914
,,0.5331089,-6.9508266,-6.4557347,1661168910518,,-1.911321,0.35964692,-0.43211082,,,,,,0.6459075,-0.35107237,0.09678394,-0.43364722,-0.7923428,0.33974236,0.16206862
,,0.44109175,-6.7051616,-6.3748116,1661168910771,,-0.51427215,0.009010263,0.2111303,,,,,,0.3808939,-0.31277755,0.26847184,-0.419621,-0.8027623,0.32745972,0.16170551
52.51539858841727,13.397730593215146,0.6778783,-7.184272,-6.4285,1661168910999,8.0,-2.5747206,0.66691214,-0.119347796,,,,,,0.36732224,-0.14508227,0.11104013,-0.2853308,-0.8515145,0.36943272,0.12785466
,,0.53342813,-6.761984,-6.3770556,1661168911023,,1.9371301,-0.9512699,0.25633433,,,,,,0.48965535,-0.27931613,0.22878133,-0.41697675,-0.8033311,0.3322851,0.1636097
,,0.48785847,-7.058725,-6.203856,1661168911274,,2.2211823,0.52824575,-0.4095088,,,,,,0.46464574,-0.3932056,0.1819871,-0.40492883,-0.80532986,0.34614503,0.16558942
,,0.32976136,-7.0970426,-6.2683287,1661168911781,,-1.7024051,0.34865135,-0.09246973,,,,,,0.34935287,-0.41355413,0.10516146,-0.38800275,-0.8117941,0.35216415,0.15265846
,,0.40725368,-6.904618,-6.417887,1661168912033,,-1.892995,0.41706824,-0.70028067,,,,,,0.4354201,-0.42002124,0.11878845,-0.39562267,-0.81379014,0.34032038,0.1513385
,,0.489295,-6.538444,-6.390902,1661168912285,,0.76426876,-0.5896377,0.33574682,,,,,,0.47509608,-0.19358458,0.17574345,-0.40356705,-0.8114188,0.3327338,0.15006751
,,0.3600879,-6.87054,-6.2938466,1661168912547,,2.3757312,-0.7851145,0.059024855,,,,,,0.47220314,-0.24489662,0.11713335,-0.40595996,-0.8048631,0.3488451,0.1545566
,,0.3571351,-7.21746,-6.223069,1661168912817,,0.32322407,4.5814895E-4,-0.11995866,,,,,,0.46963197,-0.291822,-0.21297441,-0.39216977,-0.7992728,0.36997414,0.16208881
,,0.41403723,-7.036848,-6.1641026,1661168913074,,-1.4067463,-0.3623958,0.10789407,,,,,,0.5090914,-0.18579899,-0.11349988,-0.38240284,-0.80606,0.3683797,0.15504852
,,0.537179,-6.8446736,-6.4819727,1661168913326,,-2.0481548,0.9833403,-0.37652206,,,,,,0.5057831,-0.16795608,-0.08083345,-0.37696686,-0.8161827,0.3526699,0.15333603
,,0.67843693,-6.3365936,-6.411901,1661168913579,,-0.25526533,-0.10705414,0.15370896,,,,,,0.42438012,-0.011460427,0.207402,-0.37391683,-0.8234777,0.3300204,0.15627246
,,0.6710947,-6.532609,-6.5696096,1661168913831,,2.440483,-1.0917689,0.28076893,,,,,,0.5179708,-0.057988063,0.035771165,-0.3710043,-0.82351,0.3388314,0.15557615
52.51548230088749,13.397961660022311,0.7438784,-6.5249476,-6.504029,1661168913999,8.0,-1.0115165,0.035277467,-0.22441661,,,,,,0.24062112,-0.032304756,0.06965537,-0.19960982,-0.8857096,0.35894907,0.10121227
,,0.5434838,-7.2961497,-6.4098372,1661168914081,,1.6799558,0.22342396,-0.35147658,,,,,,0.4976731,-0.32079086,-0.22713967,-0.34413502,-0.82615054,0.37075195,0.15518887
,,0.6293558,-7.3001404,-6.30097,1661168914332,,-1.648649,-0.50228393,-0.16638441,,,,,,0.45725158,-0.20468158,-0.24041332,-0.31379852,-0.83468133,0.3821174,0.14348105
,,0.77731764,-6.7729263,-6.641524,1661168914839,,-1.5997797,0.04810564,0.019318614,,,,,,0.21306086,-0.17069183,0.1620431,-0.25936416,-0.8649327,0.3439141,0.12679063
,,0.72528344,-6.5773897,-6.5308332,1661168915094,,1.7074447,-0.86086184,0.6924921,,,,,,0.1358444,-0.17472315,0.3639504,-0.24826318,-0.87007797,0.33488175,0.12377533
,,0.5071717,-7.0987873,-6.377525,1661168915346,,2.14177,-0.27748555,-0.30810517,,,,,,0.13910815,-0.3261195,0.26101303,-0.23952633,-0.8666862,0.36075804,0.12110499
,,0.5817112,-7.408119,-6.2528663,1661168915598,,-0.5075527,-0.0355829,-0.09980011,,,,,,0.24543667,-0.5004868,-0.008267077,-0.22646631,-0.85920006,0.38237557,0.12234836
,,0.54316443,-7.216742,-6.3759284,1661168915863,,-1.598558,0.1788308,0.18608482,,,,,,0.31111163,-0.424803,0.020971067,-0.21814802,-0.8661487,0.37792635,0.11002303
,,0.65864486,-6.848823,-6.6558323,1661168916113,,-1.8807777,0.47448957,-0.77236277,,,,,,0.51687163,-0.3605496,-0.12504879,-0.22775806,-0.8719379,0.36279386,0.1069556
,,0.7158663,-6.444093,-6.5481734,1661168916365,,0.51564664,-0.44180828,0.34246632,,,,,,0.6028296,-0.18197155,0.08897769,-0.25343865,-0.8714079,0.34880012,0.10772176
,,0.7030174,-6.654713,-6.619679,1661168916616,,2.3305273,-0.93538743,-0.12606731,,,,,,0.7945228,-0.07827316,-0.13689108,-0.26875153,-0.8635648,0.3662634,0.104630366
,,0.69623375,-7.141235,-6.417278,1661168916866,,1.4411075,0.24174993,-0.35697436,,,,,,0.75808567,-0.23125598,-0.3135633,-0.25074142,-0.8591211,0.39017245,0.10722145
52.51555446007838,13.398190376174506,0.7514601,-6.6211243,-6.6589036,1661168916999,8.0,2.4032202,-0.86819226,0.15798502,,,,,,0.0802029,-0.21387132,-0.13027877,-0.17572695,-0.8883778,0.35873672,0.105111666
,,0.6365384,-6.9960666,-6.3697834,1661168917119,,-1.1434634,0.27840182,0.05963572,,,,,,0.476629,-0.05776866,-0.25758073,-0.22038691,-0.8682179,0.39183637,0.09990924
,,0.69288194,-6.897426,-6.434996,1661168917373,,-1.5753452,0.5190827,0.14210252,,,,,,0.3812876,-0.12218925,-0.056407128,-0.20202133,-0.87948966,0.37790233,0.09525405
,,0.7437188,-6.374911,-6.4114428,1661168917879,,1.8442786,-1.1033753,0.5190064,,,,,,0.22637245,0.11329579,0.18913363,-0.20893873,-0.883229,0.3563743,0.10407236
,,0.5904101,-6.8960786,-6.240556,1661168918130,,2.472248,-0.30680707,-0.11018482,,,,,,0.20602989,-0.028785229,0.053721294,-0.21256222,-0.8722215,0.38071865,0.10914884
,,0.6811504,-7.4376574,-6.276798,1661168918382,,-1.109255,0.17333302,-0.12851077,,,,,,0.29655966,-0.38110128,-0.38012046,-0.20063166,-0.8632099,0.40027997,0.109036066
,,0.65337765,-7.1895385,-6.258842,1661168918635,,-1.3969724,0.065209866,-0.001450805,,,,,,0.34992787,-0.21614759,-0.19630867,-0.18826777,-0.8699178,0.39419633,0.09448576
,,0.73709494,-6.8427777,-6.5288386,1661168918885,,-1.7964783,0.7341073,-0.6123161,,,,,,0.3583779,-0.11171743,-0.22034302,-0.17607687,-0.87727654,0.3783492,0.09159453
,,0.7171432,-6.453291,-6.531791,1661168919139,,0.7337255,-0.43264532,0.40355286,,,,,,0.20541295,-0.0016172727,-0.09447478,-0.16995369,-0.8813203,0.36274713,0.09484894
,,0.5510655,-6.9704585,-6.602171,1661168919396,,2.4979043,-0.22922719,0.15004377,,,,,,0.17540817,-0.22452246,-0.32369235,-0.17077778,-0.8766966,0.38043085,0.09491985
,,0.6257645,-7.4693403,-6.539682,1661168919648,,0.59933513,0.28389964,0.22823453,,,,,,0.13028535,-0.4302204,-0.6793653,-0.14950952,-0.8711837,0.40337124,0.09955613
,,0.5995081,-7.0794053,-6.263361,1661168919904,,-0.7366271,0.050549097,0.065133505,,,,,,-0.026973393,-0.15158793,-0.2984477,-0.1316157,-0.87941444,0.39797595,0.09334273
,,0.6959147,-6.931603,-6.5935416,1661168920158,,-1.938199,0.6088799,-0.5396231,,,,,,-0.010472389,-0.2254545,-0.29787937,-0.1281151,-0.88941485,0.3798969,0.09414963
,,0.7951941,-6.4875183,-6.761854,1661168920411,,-0.19540052,-0.19807306,0.30703613,,,,,,-0.0151517475,-0.21054624,-0.19008738,-0.14784236,-0.8950318,0.35414934,0.10535303
,,0.67197245,-7.1835527,-6.394194,1661168920915,,1.7978528,0.55573463,-0.29710957,,,,,,0.13619415,-0.33234087,-0.3041082,-0.18135142,-0.87346554,0.38795426,0.11151803
52.51566468586671,13.398519413314263,0.3716599,-7.1556005,-6.176003,1661168920999,8.0,1.8296177,0.082924955,-0.51518846,,,,,,0.085606165,-0.14011984,-0.13064553,-0.31956562,-0.8327146,0.3767698,0.15624523
,,0.6574477,-7.3786016,-6.3122425,1661168921166,,-1.4244614,-0.22983804,0.06207918,,,,,,0.104932174,-0.4451389,-0.41484973,-0.17705981,-0.8688128,0.3964759,0.113587834
,,0.58003527,-7.054257,-6.509623,1661168921420,,-1.6669749,0.38041633,0.082237735,,,,,,0.07036916,-0.19431116,-0.30002525,-0.18482639,-0.8760461,0.38335526,0.11278176
,,0.74539477,-6.684811,-6.690865,1661168921673,,-1.4776067,0.26923886,-0.5726098,,,,,,0.19099903,-0.10265439,-0.22473028,-0.21139102,-0.87979454,0.3630077,0.12269901
,,0.7046934,-6.4917483,-6.496697,1661168921924,,1.37941,-0.6000224,0.28565586,,,,,,0.19402985,0.045381308,-0.020913173,-0.236453,-0.8760291,0.35672608,0.12419451
,,0.54771346,-6.906604,-6.461023,1661168922176,,2.2065215,-0.21700987,-0.31665727,,,,,,0.21881188,-0.011593,-0.21974593,-0.24846019,-0.8650542,0.37838188,0.12670153
,,0.5593652,-7.2627816,-6.3699536,1661168922427,,-0.3560581,0.037110064,0.15798502,,,,,,0.19156656,-0.17683585,-0.47160733,-0.2430962,-0.8560296,0.3942299,0.13427849
,,0.4782019,-7.0361304,-6.335457,1661168922682,,-1.1727849,-0.045356743,0.23434319,,,,,,0.1479034,-0.0025755882,-0.28524062,-0.24556905,-0.8598886,0.38811246,0.13271311
,,0.59136784,-6.849303,-6.5756054,1661168922933,,-1.829465,0.41157046,-0.6062074,,,,,,0.2389581,0.01670904,-0.3089646,-0.2584397,-0.86342263,0.37421143,0.1367993
,,0.52456963,-6.5131364,-6.4539,1661168923184,,-0.16302466,-0.49434268,0.489074,,,,,,0.033092957,0.08418047,-0.03573602,-0.27674955,-0.8625438,0.35506192,0.14405383
,,0.44691765,-6.624626,-6.420221,1661168923434,,2.3622923,-1.0447323,0.3730096,,,,,,0.03249041,0.10259935,-0.036332622,-0.30834398,-0.8482408,0.3583846,0.14813651
,,0.44149077,-7.0468946,-6.171294,1661168923941,,-1.5564083,-0.7997753,0.3271947,,,,,,0.2478892,-0.013431898,-0.27060646,-0.31120187,-0.83001965,0.38577726,0.15234423
52.51572580912853,13.398752993535686,0.522335,-7.1176915,-6.367231,1661168923999,12.0,-1.0561097,0.205098,0.15431984,,,,,,-0.13848643,-0.110956416,-0.44367647,-0.24217121,-0.85483605,0.38600472,0.14914341
,,0.37525117,-6.945938,-6.310637,1661168924194,,-2.1306217,0.82818055,-0.0894154,,,,,,0.16564187,0.04467578,-0.28480297,-0.30066413,-0.8356041,0.38329613,0.1427069
,,0.43702158,-6.7653155,-6.4441543,1661168924445,,-1.5655713,0.43844852,-0.3374267,,,,,,0.074600555,0.011629709,-0.24039505,-0.29917136,-0.8409004,0.36900312,0.14594845
,,0.5031814,-6.631389,-6.451495,1661168924700,,1.130177,-0.41798455,0.44203737,,,,,,0.10709025,0.035225075,-0.19922705,-0.30382156,-0.8405228,0.36208048,0.1464767
,,0.4695029,-6.9860005,-6.456523,1661168924953,,2.3421338,-0.5028948,-0.10285444,,,,,,0.17148764,-0.057685304,-0.39065665,-0.3010797,-0.83697784,0.3778061,0.14983083
,,0.48354885,-7.200522,-6.426596,1661168925205,,0.26885706,0.15439619,-0.02893974,,,,,,0.07606396,-0.11965142,-0.6204086,-0.28693303,-0.83481055,0.39084703,0.15543701
,,0.45641455,-7.119847,-6.3592987,1661168925458,,-0.94493216,0.513585,0.003436117,,,,,,-0.067784585,-0.043135118,-0.44952247,-0.28221795,-0.8407169,0.38544747,0.1527466
,,0.56040275,-6.9762745,-6.4891744,1661168925710,,-1.816026,0.527024,-0.024663685,,,,,,-0.024107307,-0.08056963,-0.34939945,-0.27767357,-0.84921294,0.37160894,0.15087155
,,0.6269615,-6.6826563,-6.5507855,1661168925964,,-0.6688211,0.047494773,0.20807597,,,,,,-0.023366699,0.004360668,-0.2694064,-0.26988706,-0.85485214,0.35925695,0.1493987
,,0.5901707,-6.6638217,-6.548551,1661168926217,,1.9530126,-0.6262896,0.38705948,,,,,,-0.008846474,0.06896897,-0.27963245,-0.2644439,-0.85637057,0.36321372,0.1470647
,,0.4758874,-6.9933543,-6.3827124,1661168926468,,2.0898464,0.26740626,-0.39057195,,,,,,-0.105716124,-0.054054275,-0.29760838,-0.25340423,-0.85565543,0.37838072,0.14813234
,,0.51658887,-6.9686127,-6.4170303,1661168926980,,-1.154459,-0.016035212,0.14882204,,,,,,-0.16841692,-0.027189987,-0.32496014,-0.23668842,-0.86142355,0.37967208,0.14391416
52.51575861154406,13.398999844567898,0.55210286,-6.9628673,-6.420401,1661168926999,12.0,-0.98097324,0.27351493,0.05169447,,,,,,-0.10123417,0.029662387,-0.36037463,-0.16871603,-0.8739279,0.39563692,0.10518198
,,0.68458205,-6.7763586,-6.5613985,1661168927233,,-1.7042377,0.46593747,-0.78396916,,,,,,-0.012506531,0.049624365,-0.32916674,-0.24280919,-0.8643779,0.37022814,0.14590065
,,0.7051723,-6.4972544,-6.434346,1661168927490,,0.51686835,-0.40393466,0.4218788,,,,,,-0.007831035,0.18235917,-0.10097268,-0.2471344,-0.86544746,0.362284,0.14638357
,,0.7086838,-6.7353387,-6.4446425,1661168927742,,2.3464098,-0.9078985,-0.06498079,,,,,,0.16058047,0.17414178,-0.22540729,-0.25265196,-0.8603948,0.37646943,0.14419527
,,0.7099607,-7.111398,-6.291244,1661168927993,,1.6445256,0.31566462,-0.4162283,,,,,,0.22880194,0.034203067,-0.3833528,-0.23629957,-0.8565293,0.39751047,0.13964163
,,0.7441978,-6.986979,-6.184372,1661168928248,,-1.1428525,0.24358252,-0.099189244,,,,,,0.2553081,0.15919203,-0.32825896,-0.21265274,-0.86142194,0.40391463,0.122934364
,,0.74914575,-7.001824,-6.3923087,1661168928499,,-1.589395,0.6614143,0.11033753,,,,,,0.20392963,0.043804806,-0.35263997,-0.19238864,-0.8689331,0.39818186,0.11217971
,,0.7962317,-6.73868,-6.418565,1661168928752,,-1.4745524,0.07620544,-0.1895973,,,,,,0.08106637,0.10801349,-0.21313813,-0.18334107,-0.87464535,0.38518104,0.114861086
,,0.8285534,-6.6991754,-6.426626,1661168929005,,1.1827115,-0.65133506,0.45058948,,,,,,0.11316869,0.0897572,-0.22268096,-0.18928012,-0.874083,0.38061416,0.11498274
,,0.641646,-6.8884077,-6.3565555,1661168929256,,2.2199607,-0.41126502,-0.295277,,,,,,0.00958845,0.06119508,-0.27616832,-0.1896084,-0.87046,0.3912649,0.114502996
,,0.6407681,-7.070128,-6.3902335,1661168929507,,-0.05917757,0.08964448,-0.16210836,,,,,,-0.024720935,-0.038223106,-0.5009382,-0.17806026,-0.8683172,0.40069896,0.11263562
52.51578895116845,13.399231451759928,0.49152958,-7.098948,-6.3360147,1661168929999,8.0,-1.7787633,-0.030085113,-0.13584116,,,,,,0.05681064,-0.042908095,-0.26833814,-0.15867767,-0.8784056,0.40092105,0.09295097
,,0.5415684,-6.752896,-6.461822,1661168930014,,-1.6498706,0.75915277,-0.14622587,,,,,,-0.10593273,0.14534616,-0.2769476,-0.1631004,-0.87846714,0.38771313,0.101382144
,,0.5661489,-6.646264,-6.5060334,1661168930265,,-0.5857434,-0.32330042,0.06269005,,,,,,-0.092455454,0.06693817,-0.21423241,-0.16211028,-0.8816511,0.3773799,0.10069445
,,0.4516262,-6.653288,-6.4740314,1661168930516,,1.7819703,-0.56398135,0.4609742,,,,,,-0.17496802,0.109206885,-0.20710774,-0.16300727,-0.88118845,0.37967744,0.09890794
,,0.42568907,-6.9149036,-6.331647,1661168930770,,2.1875849,0.08659015,-0.48647782,,,,,,-0.16701059,0.038265124,-0.2562842,-0.15738478,-0.8775661,0.39297727,0.09976994
,,0.45665404,-7.0272717,-6.337382,1661168931023,,-1.0548879,0.2576324,0.08651379,,,,,,-0.19665308,-0.0166097,-0.41016617,-0.15049304,-0.8745493,0.39950752,0.101094894
,,0.49879202,-6.8947124,-6.3216496,1661168931275,,-1.2729669,0.48365256,0.26488644,,,,,,-0.13601771,0.07333099,-0.29847863,-0.14913543,-0.8780524,0.3950243,0.09750387
,,0.666865,-6.867738,-6.4331403,1661168931526,,-1.7677677,0.18188512,-0.7405977,,,,,,0.07772362,0.0069313846,-0.30131683,-0.1557433,-0.88077635,0.3881829,0.09738167
,,0.5450002,-6.6579967,-6.3456726,1661168931778,,0.094149604,-0.24266621,0.2410627,,,,,,0.023541963,0.14408283,-0.15402322,-0.16374138,-0.8812386,0.38336203,0.09524393
,,0.49903145,-6.8561664,-6.3799086,1661168932034,,2.2883775,-0.9983065,-0.11568261,,,,,,0.15343891,0.14749925,-0.27099064,-0.17308457,-0.87578183,0.39608487,0.09313734
,,0.4226564,-7.3362126,-6.305051,1661168932284,,1.3775775,0.42745295,-0.6660722,,,,,,0.06901835,-0.14538412,-0.4421314,-0.16564722,-0.8706888,0.41041678,0.09512039
,,0.43167457,-7.1002254,-6.2067995,1661168932538,,-1.2338715,0.18982637,0.23128885,,,,,,0.012877482,0.078660406,-0.30801347,-0.15776423,-0.8733598,0.4093229,0.09312627
52.51583380910167,13.399473708041722,0.57341135,-6.839227,-6.368846,1661168932999,12.0,-1.6828574,0.39385536,-0.6831764,,,,,,0.23349188,0.09583796,-0.34782076,-0.089337066,-0.43204868,0.12808572,0.0643692
,,0.45976648,-6.7958217,-6.5309825,1661168933043,,-1.5472453,0.29856038,-0.52984923,,,,,,-0.03734762,0.053966697,-0.28108564,-0.16471238,-0.88294226,0.3870591,0.097292095
,,0.5174668,-6.5863194,-6.596105,1661168933295,,1.3568081,-0.6366743,0.5617669,,,,,,0.01995489,0.16728146,-0.30256766,-0.16870491,-0.8834296,0.38172504,0.09717601
,,0.43837827,-6.893356,-6.4285107,1661168933547,,2.3971117,-0.28420505,-0.33070716,,,,,,0.039689787,0.0743965,-0.30052063,-0.16497134,-0.8799827,0.39616528,0.094896935
,,0.5205793,-7.072043,-6.3858852,1661168933800,,-0.21311562,-0.010537425,0.14149167,,,,,,0.10887468,0.033898704,-0.5348489,-0.1458711,-0.8758566,0.4116084,0.08824744
,,0.4889758,-7.009873,-6.38397,1661168934054,,-1.208826,-0.1919644,0.16287194,,,,,,0.12964557,0.055938054,-0.42322272,-0.13205157,-0.88053906,0.40858647,0.07455
,,0.5137957,-6.8086796,-6.645197,1661168934305,,-1.9882901,0.5093089,-0.40889794,,,,,,0.116183706,0.1368611,-0.4818035,-0.118550934,-0.7691734,0.33459932,0.0677333
,,0.5864198,-6.4994793,-6.500827,1661168934557,,-0.24304801,-0.21945333,0.3638466,,,,,,0.013746926,0.19811338,-0.20360915,-0.1057043,-0.77345455,0.32080162,0.072038665
,,0.5844246,-6.611208,-6.4139175,1661168934809,,2.1790328,-1.1650727,0.16287194,,,,,,0.060075607,0.20096357,-0.17961508,-0.10861964,-0.77141476,0.32658908,0.0723419
,,0.51012456,-7.1516795,-6.280151,1661168935061,,2.091068,0.051159963,-0.2879466,,,,,,0.049063206,-0.0494349,-0.3655296,-0.09896097,-0.76444,0.3477312,0.070132
,,0.5494693,-7.1340427,-6.2282867,1661168935314,,-1.1959978,-0.25244007,0.019929478,,,,,,0.0980903,0.02198585,-0.4802555,-0.08385434,-0.7082387,0.31533983,0.060504064
,,0.5342262,-7.060781,-6.301409,1661168935566,,-1.4073572,0.46838093,-0.033826664,,,,,,0.18443227,0.03649141,-0.4285663,-0.08399821,-0.43091783,0.13230275,0.059735235
52.51587049110894,13.399712280016752,0.70852405,-6.5817704,-6.296422,1661168935999,8.0,0.091095276,-0.3556763,0.33208162,,,,,,0.37395924,0.27652228,-0.2427661,-0.14369495,0.54906136,-0.333447,0.066188194
,,0.5374983,-6.6812887,-6.4252696,1661168936073,,0.7942012,-0.25793785,0.3644575,,,,,,0.21267147,0.13826433,-0.32136545,-0.09990981,-0.43315542,0.12067728,0.065134235
,,0.37237817,-7.027031,-6.3505697,1661168936327,,2.3060927,-0.25793785,-0.06742425,,,,,,0.116210096,0.012485862,-0.3925176,-0.098352954,-0.43019792,0.13338234,0.062870264
,,0.39400578,-7.171242,-6.1912456,1661168936581,,0.74960804,0.26251933,-0.17982346,,,,,,0.03173732,0.032970715,-0.50434005,-0.07561227,-0.42592245,0.1478466,0.059339426
,,0.42752454,-7.13533,-6.1321793,1661168936834,,-1.1153636,0.14767668,0.030925052,,,,,,-0.011002402,0.041443426,-0.3536666,-0.07087394,-0.48227024,0.18442859,0.059245095
,,0.45106754,-7.014901,-6.3178196,1661168937085,,-1.897882,0.72127914,-0.24213171,,,,,,-0.10251828,0.042317946,-0.3437004,-0.066564135,-0.5937256,0.25667313,0.05383293
,,0.5640739,-6.7568755,-6.323884,1661168937336,,-1.0231229,-0.44241914,0.03520111,,,,,,-0.1736524,0.07232304,-0.18739195,-0.054738004,-0.71848506,0.2997512,0.05868087
,,0.5530606,-6.742511,-6.2843013,1661168937587,,1.8033506,-0.8266534,0.53427804,,,,,,-0.08801564,0.12114939,-0.17102942,-0.037253205,-0.71904355,0.3032315,0.0508039
,,0.46263954,-7.0412464,-6.2068887,1661168937841,,2.2786038,0.15867224,-0.48342347,,,,,,0.04272634,0.08678045,-0.33015004,-0.009905832,-0.4126712,0.18699214,0.045613125
,,0.46008578,-7.315065,-6.320543,1661168938093,,-0.6675994,0.4934264,-0.1633301,,,,,,0.106185354,-0.11813685,-0.6714594,-0.013884467,-0.14463624,-0.005611505,0.053570766
,,0.52879936,-7.1305513,-6.2809496,1661168938345,,-1.8196912,0.31810808,0.04314236,,,,,,0.21427564,0.025693368,-0.51481444,-0.033894338,0.12335478,-0.19848843,0.0644518
,,0.70038384,-6.8034925,-6.299295,1661168938602,,-1.9809597,0.16722436,-0.6556875,,,,,,0.35909984,0.21005747,-0.3414636,-0.0710252,0.24118382,-0.24841411,0.075827464
52.51591382234116,13.39996089529694,0.7434096,-6.650543,-6.525956,1661168938999,8.0,1.8546633,-1.0905472,0.40905064,,,,,,0.34498483,0.3334046,-0.54246086,-0.49343678,0.74348044,-0.3489274,0.20365006
,,0.65688914,-6.629416,-6.2972994,1661168939112,,2.4166594,-1.2915218,0.09323331,,,,,,0.3983835,0.40092376,-0.29633865,-0.22734398,0.8505723,-0.4072243,0.0752281
,,0.7222509,-7.179543,-6.2833934,1661168939364,,1.1845441,-0.07162395,-1.029537,,,,,,0.41596428,0.05095895,-0.5559808,-0.3028921,0.81891674,-0.40678075,0.11591694
,,0.7833828,-7.028628,-6.1552243,1661168939617,,-1.2790755,-0.101556346,-0.10407617,,,,,,0.38500944,0.20883414,-0.44068366,-0.34850597,0.80383015,-0.39731443,0.14606547
,,0.69647324,-6.921208,-6.35516,1661168939870,,-1.5551865,0.20021108,0.0687987,,,,,,0.21251869,0.20663391,-0.43938828,-0.3864949,0.79823756,-0.3819622,0.16183613
,,0.71379125,-6.7644672,-6.5804644,1661168940120,,-1.7384461,0.1385137,-0.32765284,,,,,,0.11017802,0.16979471,-0.52225286,-0.41644412,0.7919167,-0.3699253,0.1635137
,,0.7133923,-6.6186504,-6.585252,1661168940375,,1.1882093,-0.59635717,0.3198643,,,,,,0.2027198,0.24716356,-0.52643573,-0.44286212,0.77877295,-0.3646053,0.16914253
,,0.5935226,-6.9765234,-6.5369687,1661168940625,,2.2578342,-0.50656,-0.30810517,,,,,,0.21335664,0.093752824,-0.654746,-0.46540245,0.75791687,-0.36558825,0.18907046
,,0.5898515,-7.0821776,-6.4241323,1661168940883,,-0.11965323,-0.06001751,-0.14805846,,,,,,0.18417259,0.10641886,-0.7840065,-0.47287783,0.74327093,-0.3697699,0.20241795
,,0.73087,-7.0053144,-6.4716964,1661168941135,,-0.87346095,0.68645984,-0.058872137,,,,,,0.3153553,0.14231104,-0.70079577,-0.48067957,0.7434719,-0.3625889,0.20369916
,,0.7646283,-6.845381,-6.6144705,1661168941386,,-1.9082667,0.32727104,-0.32398766,,,,,,0.39433306,0.22275385,-0.6975094,-0.48097372,0.74762684,-0.35562575,0.20192775
,,0.69551563,-6.586767,-6.436093,1661168941640,,-0.5509241,0.11530081,0.10361802,,,,,,0.2746645,0.29643777,-0.38257492,-0.4923258,0.74531406,-0.3459747,0.19871052
52.51598503649845,13.400197282351693,0.41515455,-6.823763,-6.4412913,1661168941999,8.0,2.4172702,-0.019089539,-0.33070716,,,,,,-0.011224065,0.22689374,-0.56879425,-0.2036502,0.59841865,-0.34196946,0.12015533
,,0.60430646,-7.079844,-6.3580227,1661168942142,,2.045864,-0.008093964,-0.34536794,,,,,,0.30487594,0.2355695,-0.5502808,-0.47766882,0.74787384,-0.36391154,0.2100229
,,0.63678783,-7.0207877,-6.264399,1661168942395,,-0.90461504,0.08536842,-0.094913185,,,,,,0.31370962,0.3465232,-0.6168985,-0.45875892,0.7551882,-0.3792813,0.20122193
,,0.44828433,-6.9579897,-6.2366366,1661168942652,,-1.4941,0.062155537,-0.15661058,,,,,,0.16298941,0.38358918,-0.5243284,-0.44545075,0.7645386,-0.38082108,0.19187626
,,0.534316,-6.7978964,-6.331137,1661168942902,,-1.9394208,0.3810272,-0.8969793,,,,,,0.18055633,0.36931401,-0.4571614,-0.43197918,0.775326,-0.374631,0.17665116
,,0.8106867,-6.583695,-6.446786,1661168943152,,0.3030655,-0.5981898,0.27893636,,,,,,0.3590944,0.4212879,-0.49104348,-0.29612836,0.48513237,-0.29094926,0.17143363
,,0.7275979,-6.707635,-6.409117,1661168943405,,2.4331527,-1.3141239,0.36140314,,,,,,0.29852262,0.4294698,-0.471068,-0.2638732,0.49965885,-0.29946747,0.17015322
,,0.81323045,-6.9577594,-6.3222985,1661168943658,,1.2169199,0.3126103,-0.07475463,,,,,,0.3570088,0.26365522,-0.7434531,-0.22086518,0.51146156,-0.32522005,0.15821129
,,0.8314264,-7.001494,-6.310327,1661168943909,,-0.868574,0.15317446,-0.11140655,,,,,,0.34142634,0.20802988,-0.7024701,-0.19212918,0.5252601,-0.3354037,0.1338741
,,0.7679002,-6.825759,-6.52406,1661168944163,,-1.6944638,0.5148067,0.08590292,,,,,,0.25349134,0.27809018,-0.69498605,-0.18001363,0.5372254,-0.3296963,0.11918939
,,0.77420497,-6.596613,-6.695804,1661168944415,,-1.2790755,0.41890085,-0.36491564,,,,,,0.1778219,0.3144226,-0.6943213,-0.15884,0.4817465,-0.30121192,0.11158255
,,0.58721787,-6.5506444,-6.6646795,1661168944667,,1.307328,-0.58169645,0.76640683,,,,,,0.06040071,0.31055805,-0.6240148,-0.20413113,0.6026781,-0.33305833,0.10945977
52.51606988419008,13.400403325131778,0.7774771,-6.707245,-6.478331,1661168944999,8.0,2.1069505,-0.11071932,0.05047274,,,,,,-0.05291638,0.15464266,-0.3435478,-0.07745242,0.3062255,-0.2664531,0.065858826
,,0.4136382,-7.1180224,-6.3691254,1661168945174,,-0.025579982,-0.31658092,0.12377657,,,,,,-0.102700084,0.03558356,-0.7192822,-0.20197196,0.5918124,-0.35367623,0.118778154
,,0.27836582,-6.979637,-6.3173995,1661168945425,,-1.1202505,0.13729197,0.6033058,,,,,,-0.22141007,0.16172253,-0.5899935,-0.2025288,0.59433335,-0.35018396,0.118387334
,,0.3192269,-6.8113246,-6.357133,1661168945678,,-1.7641025,0.8801041,-0.71616316,,,,,,-0.08454242,0.25828606,-0.5291186,-0.19254056,0.6001691,-0.34481138,0.116569474
,,0.38099733,-6.6214547,-6.3005514,1661168945930,,-0.5955173,-0.2958115,0.18486309,,,,,,-0.08736699,0.23592761,-0.3038027,-0.14417973,0.4157476,-0.28792232,0.1142708
,,0.3181096,-6.694716,-6.199835,1661168946203,,2.01471,-0.6586655,0.101174556,,,,,,-0.05589695,0.22387083,-0.22145471,-0.13555029,0.34983262,-0.278223,0.11573031
,,0.28722438,-7.132386,-6.118751,1661168946460,,2.0446424,0.42928556,-0.34170276,,,,,,-0.039146822,0.035507083,-0.38044056,-0.096454225,0.35232946,-0.29911736,0.10556921
,,0.34380737,-7.106519,-6.1174946,1661168946715,,-1.1336895,0.10430524,0.05047274,,,,,,-0.03216783,0.08187237,-0.4512116,-0.078196764,0.3551146,-0.30597678,0.08991621
,,0.4680664,-6.897027,-6.1225224,1661168946967,,-1.0713813,0.52519137,-0.06253733,,,,,,0.04156319,0.21226363,-0.2518725,-0.068177365,0.36424214,-0.2998219,0.07662773
,,0.58402556,-6.774843,-6.3129606,1661168947227,,-1.611997,0.62781674,-0.15172365,,,,,,-0.0073895217,0.1473263,-0.21314289,-0.06263257,0.37215415,-0.28920227,0.061112665
,,0.62903666,-6.5534396,-6.3017874,1661168947479,,0.12041681,-0.111941054,-0.1297325,,,,,,0.017420629,0.28957045,-0.16866015,-0.057231896,0.3078811,-0.27258998,0.064096324
,,0.71929806,-6.6783466,-6.514712,1661168947730,,1.7844137,-0.44425175,0.16592628,,,,,,0.034607347,0.212183,-0.41293213,-0.059467696,0.30830562,-0.2693412,0.06543359
52.516145661514045,13.400580588854696,0.6979895,-9.664576,-2.323094,1661168947999,6.0,-0.2888629,-0.15714508,0.038255434,,,,,,0.07962655,-0.11541346,-0.09173115,-0.2180288,0.7523087,-0.6068766,0.1343318
,,0.86151356,-6.6347027,-6.319327,1661168948234,,-0.015195273,-0.09850202,-0.104687035,,,,,,0.010071564,0.25207368,-0.24479203,-0.0885433,0.30144262,-0.26761156,0.07403127
,,0.92918974,-6.8055696,-5.8932977,1661168948483,,0.038560867,-0.19135354,-0.083306745,,,,,,0.03062505,0.20242837,-0.21017121,-0.09652715,0.28656632,-0.283179,0.08312467
,,0.91833603,-7.315374,-5.0965366,1661168948735,,-0.024969118,0.01572978,-0.05826127,,,,,,-0.014264449,0.12320039,-0.17547232,-0.106783636,0.26051596,-0.32007116,0.09909394
,,0.73302466,-8.389622,-4.175917,1661168948987,,0.08498663,0.1470658,-0.06620252,,,,,,-0.051750388,-0.047741428,-0.31158987,-0.17213799,0.546007,-0.45714256,0.11326861
,,0.5962361,-9.432895,-3.2461188,1661168949242,,-0.02313652,0.17088956,0.07979427,,,,,,-0.048982263,-0.22488783,-0.4394897,-0.22747262,0.7675225,-0.57789594,0.1296424
,,0.6392519,-9.676464,-2.6385796,1661168949496,,0.061773747,0.12507465,0.08712465,,,,,,0.01919781,-0.14985847,-0.44336683,-0.22682196,0.74858487,-0.6065384,0.14096671
,,0.65465456,-9.55923,-2.2995508,1661168949748,,-0.0017562376,-0.18402316,-0.07658723,,,,,,0.025892489,-0.030662775,-0.10858161,-0.22692809,0.7483092,-0.6069524,0.14108524
,,0.6264827,-9.584529,-2.3659503,1661168950001,,-0.03596469,-0.0936151,-0.07658723,,,,,,-0.027959399,-0.06742155,-0.09981176,-0.22699599,0.75094146,-0.60441655,0.13824132
,,0.60541385,-9.572477,-2.304419,1661168950253,,-0.08544478,0.043829583,-0.059483003,,,,,,-0.039551392,-0.05845987,-0.021448275,-0.22588015,0.7518641,-0.60384744,0.13764037
,,0.6023013,-9.600249,-2.3171082,1661168950504,,-0.08483391,0.087201014,0.049861874,,,,,,-0.043623384,-0.0835156,-0.044891674,-0.22432873,0.7519801,-0.60455185,0.13653365
,,0.63629895,-9.597377,-2.2748108,1661168950763,,0.0978148,0.2826779,0.06269005,,,,,,0.030276079,-0.06655968,-0.018076472,-0.22112894,0.75243646,-0.60521096,0.13626231
52.51622318904084,13.400737023569377,0.4094085,-6.651302,-6.3706317,1661168950999,6.0,2.0177643,0.07315111,-0.14866933,,,,,,-0.086101055,-0.09032883,0.14532642,-0.14271396,0.497628,-0.29135248,0.0923952
,,0.7280768,-9.638397,-2.5970104,1661168951266,,-0.7036404,-0.16325374,-0.119347796,,,,,,0.089429244,-0.18249507,-0.11053763,-0.21872012,0.7603866,-0.5963601,0.1292862
,,0.7104395,-9.2133465,-3.3618484,1661168951519,,-1.5087608,0.75243324,-0.18654297,,,,,,0.049828365,-0.16797347,-0.13563329,-0.22128828,0.7826722,-0.56060606,0.11675937
,,0.82911205,-8.347973,-4.2546163,1661168951772,,-0.4733442,-0.45769078,0.47807842,,,,,,0.034332644,-0.15997018,0.019482661,-0.14211076,0.5009662,-0.41986063,0.097635604
,,0.97108823,-7.2962294,-5.197183,1661168952024,,1.2914455,-0.6586655,0.19280434,,,,,,0.23246773,-0.047295403,0.1834328,-0.12881659,0.46986416,-0.34030324,0.08123484
,,0.8578424,-6.6444287,-6.104795,1661168952276,,1.6512451,-0.36911532,-0.5377905,,,,,,0.3831056,0.07707039,0.10843447,-0.13015404,0.4951865,-0.29395014,0.08197333
,,0.68442243,-6.6201673,-6.4890842,1661168952532,,0.78259474,-0.008093964,-0.54023397,,,,,,0.43286803,-0.035072614,0.015178084,-0.12888715,0.50559795,-0.27764347,0.08900054
,,0.59025055,-6.7184896,-6.5224333,1661168952783,,-1.0390054,0.07009678,-0.055206947,,,,,,0.41855976,-0.07093571,-0.15608001,-0.12993737,0.50092465,-0.2823094,0.09702513
,,0.47069997,-6.9822507,-6.2541037,1661168953035,,-1.3688726,0.33093625,0.033368513,,,,,,0.39738557,-0.1044426,-0.18058524,-0.13119403,0.49186566,-0.29711217,0.108671464
,,0.40094894,-7.2823544,-6.2254534,1661168953286,,-1.3645966,0.3578143,-0.5341253,,,,,,0.44721475,-0.09991692,-0.3428449,-0.21413587,0.7988158,-0.3935299,0.11335967
,,0.41762862,-7.3140383,-6.2023096,1661168953538,,0.21082486,-0.33673948,0.2795472,,,,,,0.25914764,-0.1933939,-0.31824124,-0.13703994,0.54986125,-0.33926994,0.112159565
,,0.47564805,-6.9189754,-6.208135,1661168953789,,2.0177643,-0.70631295,0.3027601,,,,,,0.01111686,-0.15946946,-0.046457607,-0.13282666,0.4900597,-0.3090958,0.09562462
52.51632457405288,13.400873989788696,0.48490566,-9.738087,-2.8590958,1661168953999,8.0,-0.20517437,0.40240747,0.09201158,,,,,,-0.1575416,-0.47200426,0.0063591204,-0.3769471,0.70911807,-0.54276615,0.2400292
,,0.46926358,-6.767899,-6.4786305,1661168954293,,-0.73296195,-0.5682574,-0.06681339,,,,,,0.03155147,-0.21102914,0.048736222,-0.14239325,0.49809885,-0.28992298,0.095486246
,,0.5361416,-6.8684554,-6.376467,1661168954545,,-1.222265,0.053603426,-0.020387627,,,,,,0.1496609,-0.23553666,0.0074884417,-0.14408748,0.4930962,-0.29529318,0.10224059
,,0.5194619,-7.0340548,-6.2831726,1661168954798,,-1.5790102,0.3034473,-0.35941783,,,,,,0.24837938,-0.21963789,-0.065414175,-0.1494223,0.48659736,-0.30456573,0.114242546
,,0.568144,-7.158882,-6.3810964,1661168955052,,-0.7183012,-0.46502116,-0.13217597,,,,,,0.40168035,-0.15618776,-0.23863108,-0.26009017,0.7913025,-0.37916952,0.11616471
,,0.7057308,-7.0003757,-6.4024835,1661168955303,,1.4911984,-0.656222,-0.1175152,,,,,,0.6043097,-0.077665016,-0.23192944,-0.29848337,0.84738487,-0.38519004,0.12104022
,,0.81841785,-6.672201,-6.601064,1661168955555,,1.7569247,-0.48517972,-0.44188464,,,,,,0.7285126,0.07467756,-0.22657141,-0.3270114,0.8417122,-0.36799508,0.12848313
,,0.71490854,-6.6231995,-6.6143026,1661168955814,,0.46250135,0.10308351,-0.4602106,,,,,,0.5995745,0.06573423,-0.101505876,-0.35442823,0.83534354,-0.35516426,0.1424791
,,0.7599195,-6.665259,-6.2462134,1661168956065,,-0.12576188,-0.06246097,-0.33376148,,,,,,0.5059202,0.11667588,0.004319147,-0.376434,0.8168601,-0.36194652,0.1570495
,,0.79080486,-7.0314116,-5.477704,1661168956319,,-0.24121541,0.046883907,-0.2213623,,,,,,0.39251593,0.075649865,0.12521568,-0.39631462,0.78673273,-0.38900197,0.17832316
,,0.54428184,-7.9313526,-4.4935575,1661168956574,,-0.11415544,0.40851614,0.088346384,,,,,,0.19133507,-0.024099508,0.12275309,-0.40295592,0.7522046,-0.43940422,0.21439596
,,0.46016556,-9.150779,-3.6267273,1661168956825,,-0.1288162,0.536187,-0.01366811,,,,,,0.050339688,-0.31380552,-0.040592726,-0.3926693,0.7244358,-0.5002331,0.24111709
52.51640072860866,13.401015877806643,1.1599109,-9.702223,-1.3850659,1661168956999,8.0,-0.0884991,0.4250095,0.20318905,,,,,,0.16295871,-0.667558,1.4370916,-0.19478351,0.7101463,-0.56004184,0.094490334
,,0.55792886,-9.660196,-2.5407267,1661168957334,,-0.45868343,0.6235407,0.339412,,,,,,-0.2500712,-0.35004038,0.21396977,-0.35977402,0.7130228,-0.5557017,0.22145624
,,0.7184201,-9.640972,-2.528606,1661168957585,,0.0037415496,0.68768156,0.14637859,,,,,,-0.1144675,-0.4707438,0.90562415,-0.3350359,0.7339696,-0.54909843,0.1972281
,,0.8809065,-9.986705,-3.0401971,1661168957839,,-2.310216,0.27473664,0.15248723,,,,,,0.061124202,-0.8956212,0.6788169,-0.3022602,0.7569932,-0.5439845,0.16844301
,,0.9870495,-9.574971,-3.2609627,1661168958092,,-2.405511,0.77381355,0.67660964,,,,,,0.06737243,-0.6440876,0.8315807,-0.26689205,0.7801618,-0.5392755,0.13163246
,,1.204124,-9.373041,-4.051817,1661168958343,,-2.3896284,0.15683965,0.30459267,,,,,,0.07605133,-0.9644733,0.76240534,-0.18208915,0.50770146,-0.3883401,0.10205828
,,1.5106616,-8.5091715,-4.760551,1661168958598,,1.7227163,-0.60918534,0.56848645,,,,,,0.07234147,-1.0071546,0.98404557,-0.09265046,0.22747792,-0.25793734,0.087188594
,,1.5945383,-8.059121,-5.067188,1661168958851,,1.637806,0.49464813,0.17753272,,,,,,0.022672513,-0.9651432,1.2796782,-0.07716273,0.1844948,-0.20836027,0.07019471
,,1.6698759,-8.393901,-4.971091,1661168959106,,0.58528525,0.75915277,0.3748422,,,,,,0.017006984,-1.2172554,0.8135851,-0.0825738,0.17633311,-0.21748511,0.06983166
,,1.5821683,-8.168118,-4.2946186,1661168959357,,-0.58146733,0.26557365,0.123165704,,,,,,-0.076421656,-0.8436874,1.0355399,-0.08073653,0.16192314,-0.23674615,0.074811816
,,1.6203957,-8.667798,-3.6164815,1661168959609,,-0.50266576,0.37858373,-0.03688099,,,,,,0.06049416,-1.189927,1.1764032,-0.07797147,0.1480815,-0.25572136,0.08396002
,,1.4120204,-8.846973,-2.3921964,1661168959860,,-0.14592044,0.0035124752,0.16287194,,,,,,0.05893383,-0.79061294,1.5128655,-0.13235795,0.42627987,-0.41930118,0.093673825
52.5163800208627,13.401178384908276,0.86207217,-9.746626,-1.1206459,1661168959999,8.0,0.13935363,0.31138855,-0.09980011,,,,,,0.021492923,-0.1198716,0.05992697,-0.06433956,-0.74533296,0.6528514,0.11448834
,,1.145386,-10.096648,-0.69886756,1661168960361,,0.1735621,0.4036292,0.21357377,,,,,,0.3270882,-0.58175206,1.189676,-0.18475181,0.74880546,-0.6256334,0.098521285
,,1.0111512,-9.927458,-0.44643873,1661168960612,,0.2755766,0.18921551,0.1793653,,,,,,0.3422889,-0.30016604,0.97119313,-0.15387364,0.74023205,-0.646222,0.088683166
,,1.035173,-9.851491,-0.4564147,1661168960865,,-0.6034585,-0.2041817,0.48540878,,,,,,0.49890757,-0.22345427,0.74349093,-0.12965757,0.7367747,-0.65570843,0.07748591
,,0.9320627,-9.682222,-0.68466187,1661168961122,,-0.12454015,-0.044745877,0.09506591,,,,,,0.5403622,0.015772121,0.31850693,-0.10786184,0.7322397,-0.6646784,0.06894801
,,0.9666189,-9.747583,-0.88218343,1661168961375,,0.10514518,-0.38560867,-0.06681339,,,,,,0.68581975,-0.034871053,-0.08883473,-0.085542515,0.72818017,-0.6744279,0.0574275
,,0.95049787,-9.724837,-1.0065224,1661168961630,,0.10819951,-0.32330042,-0.100410976,,,,,,0.6755504,0.018093698,-0.39745817,-0.060280837,0.5773249,-0.54822904,0.04421496
,,0.9192137,-9.705685,-1.134692,1661168961881,,0.035506543,-0.047800206,-0.04848743,,,,,,0.5983349,0.037590552,-0.5192789,-0.053510938,0.33127865,-0.32965088,0.055133868
,,0.8801883,-9.611833,-1.2703633,1661168962133,,0.042836927,0.17455475,-0.012446379,,,,,,0.48082417,0.11499988,-0.51793265,-0.053433996,0.08822661,-0.10635435,0.06959564
,,0.79766816,-9.635923,-1.1866461,1661168962384,,0.022678372,0.16172658,-0.04970916,,,,,,0.29427436,0.102838404,-0.28696597,-0.0572544,-0.15492235,0.11860542,0.08291194
,,0.84235996,-9.770408,-1.1838529,1661168962637,,-5.345071E-4,0.033444874,-0.042378776,,,,,,0.19149822,-0.06417827,-0.16017126,-0.06275854,-0.3995832,0.34257162,0.09574167
,,0.84986174,-9.725956,-1.1901575,1661168962892,,0.082543164,0.09025534,-0.043600507,,,,,,0.06861774,-0.03433658,-0.063369535,-0.0633912,-0.64520997,0.5657477,0.10571147
52.51632328140116,13.401286818973828,2.0416257,-8.494289,-4.45916,1661168962999,8.0,0.14424056,0.11835514,-0.69600457,,,,,,0.012011861,-0.42086652,0.3549227,0.03838104,-0.7038353,0.36940038,0.07462553
,,0.8681376,-9.776472,-1.0873667,1661168963395,,0.020845776,0.09758572,0.024816401,,,,,,-0.005398965,-0.08021561,0.10406585,-0.052897137,-0.74654657,0.65405995,0.104475334
,,0.8708511,-9.761069,-1.1085153,1661168963645,,0.07276932,0.17088956,0.037033707,,,,,,0.02616315,-0.0664831,0.114302665,-0.04323594,-0.7483677,0.6545915,0.093915805
,,0.82615924,-9.799537,-1.142114,1661168963897,,0.14301883,0.15745051,0.019318614,,,,,,0.018245963,-0.12759192,0.12770525,-0.037300896,-0.7499668,0.654391,0.08618655
,,0.850181,-9.817644,-1.1692483,1661168964152,,0.045280386,-0.28237244,0.07918341,,,,,,0.10813715,-0.12577043,0.10677246,-0.033761133,-0.7506645,0.6549654,0.07808561
,,0.8311072,-9.776782,-1.1647793,1661168964403,,-0.05245805,0.01817324,0.14637859,,,,,,0.1194822,-0.08197532,0.09767507,-0.030561132,-0.75036913,0.65609527,0.0732902
,,0.8623914,-9.861378,-1.2741942,1661168964655,,-0.75250965,0.21670444,-0.14256068,,,,,,0.15666656,-0.11766198,0.031042553,-0.0302931,-0.7515766,0.65478843,0.07233253
,,0.971567,-9.913253,-1.5255055,1661168964911,,-0.98586017,0.2753475,-0.17066048,,,,,,0.27813062,-0.30886424,0.07209193,-0.028446462,-0.76113796,0.642929,0.07103036
,,1.1493764,-9.792983,-1.8653225,1661168965164,,-0.68164927,-0.2396119,-0.2567925,,,,,,0.34498832,-0.38733834,0.2519494,-0.02164776,-0.7777644,0.62004757,0.07070283
,,1.3962982,-9.482137,-2.5118766,1661168965416,,-0.43730316,0.06337727,-0.41500658,,,,,,0.32043064,-0.33870247,0.23263903,-0.007732002,-0.798041,0.5897524,0.075419664
,,1.6357986,-9.02556,-3.326753,1661168965671,,-0.18562667,-0.31108314,-0.020387627,,,,,,0.19047,-0.2943467,0.22130717,0.013989233,-0.82231927,0.55065984,0.08267907
,,1.7571845,-8.482397,-4.020213,1661168965922,,1.6591864,0.038331795,-0.13523029,,,,,,0.014595135,-0.23538525,0.44423702,0.045263004,-0.84824854,0.5065784,0.082105026
52.516319419420014,13.401307265000215,1.0040482,-9.873031,-0.6839636,1661168965999,8.0,0.10819951,-0.22311853,0.04925101,,,,,,0.4468806,-0.1613784,-0.71383864,-0.09108344,0.5106119,-0.5177692,0.05891197
,,2.1327646,-8.449048,-3.8461554,1661168966426,,0.8815549,0.049938235,-0.096134916,,,,,,-0.29045027,-0.40166995,0.6642554,0.0115220435,-0.49821696,0.20733434,0.06481694
,,2.0207958,-8.742258,-3.4311604,1661168966677,,-0.69264483,0.2826779,0.42371142,,,,,,-0.71270865,-0.58870494,0.20160753,-0.030771697,-0.2504887,-8.373737E-4,0.05640934
,,1.7121832,-8.944965,-2.5059214,1661168966931,,0.0025198192,1.6302466,0.46341765,,,,,,-1.06376,-0.56438446,-0.0010315299,-0.027445294,-0.1674305,-0.0022633474,0.044155963
,,1.3627098,-9.389251,-1.3086107,1661168967185,,0.20593795,1.5795448,0.3748422,,,,,,-1.0853914,-0.61261356,-0.18393017,-0.0385116,-0.12157888,0.05775585,0.030389067
,,1.027681,-9.91007,-0.3731763,1661168967438,,0.086819224,0.8501717,-0.4302782,,,,,,-0.87949616,-0.68493956,-0.75153786,-0.06187891,0.049199205,-0.03450585,0.020220835
,,0.51962155,-9.878069,0.4930559,1661168967691,,-0.5894086,0.9363037,0.069409564,,,,,,-0.89200574,-0.5048668,-0.8304684,-0.0507148,0.13511947,-0.13534102,0.020616567
,,0.30829334,-9.879253,0.32569125,1661168967943,,0.4563927,-0.86819226,-0.13706289,,,,,,-0.55923784,-0.41634092,-1.4557849,-0.03259774,0.17105886,-0.19763897,0.029358666
,,0.1053449,-9.96752,0.3636792,1661168968193,,-1.3762031,1.3052663,0.3497967,,,,,,-0.39490584,-0.41834933,-1.4209912,-0.021232136,0.1746047,-0.19591604,0.043858133
,,0.5300762,-9.797533,0.24516626,1661168968444,,1.1320096,0.4427246,-0.25862506,,,,,,0.30933365,-0.2058399,-0.989607,-0.0470546,0.36425415,-0.37979692,0.043662734
,,0.72767764,-9.786999,-0.32754675,1661168968695,,0.631711,0.12568553,0.004046982,,,,,,0.50258744,-0.17246787,-1.086102,-0.064904064,0.5883406,-0.6241686,0.04505144
,,0.88601416,-9.885718,-0.4899534,1661168968949,,0.20715968,-0.27198774,-0.025885414,,,,,,0.4571913,-0.22197084,-0.8611969,-0.07728464,0.6847688,-0.7162437,0.048687834
52.516319419420014,13.401307265000215,2.526761,-9.441356,-0.6673438,1661168968999,6.0,0.091095276,0.02611449,-0.006948592,,,,,,0.076419234,-0.026522573,-0.22097163,-0.3523515,-0.63087237,0.49737343,0.47262102
,,0.8611942,-9.90152,-0.7099806,1661168969453,,-0.042073343,0.18005253,0.06207918,,,,,,0.25065976,-0.16554399,-0.48437127,-0.10835147,0.28942618,-0.2774309,0.08118324
,,0.8619923,-9.656513,-0.599528,1661168969707,,0.036728274,0.52946746,-0.027107146,,,,,,0.41573438,0.10886992,-0.24204668,-0.116758,0.06891257,-0.045229837,0.101357706
,,0.43454763,-9.87638,-0.55252177,1661168969962,,0.0978148,0.20204368,0.032757647,,,,,,0.08769584,-0.0796642,-0.50529116,-0.14986587,-0.16463906,0.16891687,0.14767909
,,0.19033903,-9.887076,-0.073342405,1661168970213,,0.023900103,0.18066339,-0.08575021,,,,,,-0.055207882,-0.083301954,-0.1790715,-0.18868695,-0.3887674,0.388725,0.1974101
,,0.12856863,-9.877499,0.12848882,1661168970463,,-0.015195273,-0.12843442,-0.094913185,,,,,,-0.0890224,-0.07129634,-0.04065629,-0.23234959,-0.607736,0.61230314,0.2510626
,,0.08627107,-9.860659,0.1943294,1661168970718,,-0.04024075,0.2509129,-0.27695104,,,,,,-0.15661666,-0.05676721,-0.03395861,-0.27045652,-0.64097524,0.6487465,0.29462627
,,0.2953647,-9.83999,0.24301149,1661168970969,,-0.06467536,0.5850562,-0.27328584,,,,,,-0.042313006,-0.043713983,-0.033198953,-0.29577523,-0.62988544,0.63580424,0.32683402
,,0.6283981,-9.80671,0.3168327,1661168971222,,-0.27725646,0.73532903,-0.28000537,,,,,,-5.262494E-4,-0.044901848,-0.05143292,-0.31278566,-0.61897606,0.6181907,0.36475524
,,1.0652602,-9.780852,0.2546633,1661168971474,,-0.6443865,0.107359566,-0.35453093,,,,,,0.035392806,-0.07990589,-0.0722445,-0.32470542,-0.61469537,0.5929845,0.39747256
,,1.5590246,-9.633051,0.0084595485,1661168971729,,0.13080151,-0.15225816,0.012599096,,,,,,0.011673296,-0.03190708,-0.07405064,-0.3354357,-0.61861646,0.5584429,0.42652467
,,2.065877,-9.551408,-0.3601677,1661168971978,,-0.086055644,-0.16081028,-0.068645984,,,,,,0.041741226,-0.044972897,-0.18980439,-0.34359053,-0.62438744,0.5271594,0.4510092
52.516319419420014,13.401307265000215,1.0873166,-9.813015,-0.47431138,1661168971999,6.0,0.10209085,-0.46013424,-0.07780896,,,,,,-0.17232029,-0.13027309,-0.003946485,-0.27950677,-0.6662829,0.5915615,0.35064563
,,2.828031,-9.359473,-0.971966,1661168972491,,0.009850202,0.09208794,9.92656E-4,,,,,,0.046294164,-0.03422855,-0.22208738,-0.35996678,-0.6388797,0.4715378,0.48632622
,,3.0024884,-9.30305,-1.2712413,1661168972742,,0.018402316,-0.11255192,0.014431692,,,,,,0.04218819,-0.04025688,-0.1717121,-0.36724484,-0.6489335,0.4520605,0.48837557
,,3.0400774,-9.236093,-1.4339674,1661168972992,,0.026343564,-0.23777929,0.0028252518,,,,,,0.015781147,-0.0057783443,-0.117885605,-0.36760905,-0.6572071,0.44527504,0.48396966
,,3.0306609,-9.300496,-1.4607824,1661168973245,,-0.023747386,-0.38988474,0.06574437,,,,,,0.050380483,-0.058893714,-0.11542032,-0.36125523,-0.6618521,0.45177945,0.47638288
,,2.9222832,-9.294829,-1.4176066,1661168973499,,0.13507758,-0.4888449,0.016264288,,,,,,-0.009139252,-0.04537789,-0.013258771,-0.35242206,-0.66863066,0.45929724,0.4655964
,,2.875516,-9.3531685,-1.5089056,1661168973749,,0.030619621,-0.2744312,0.14882204,,,,,,0.03715038,-0.09122796,-0.008874281,-0.34086803,-0.6775577,0.46894592,0.44937244
,,2.7234144,-9.4852495,-1.5037981,1661168974001,,-1.1966087,-2.0147862,-0.580551,,,,,,0.06398267,-0.1537586,-0.014721036,-0.3251932,-0.6841564,0.4861489,0.42922416
,,2.425895,-9.565694,-1.3915101,1661168974252,,0.14668402,0.54901516,0.11033753,,,,,,-0.05253342,-0.19708504,0.116714194,-0.30569836,-0.69356436,0.5045041,0.4046221
,,2.0823367,-9.651007,-1.4813124,1661168974505,,0.6494261,0.93752545,0.82199556,,,,,,-0.10506342,-0.2206513,-0.04776848,-0.28883103,-0.6999103,0.5263326,0.37811705
,,1.7253712,-9.671356,-1.1947266,1661168974759,,0.1961641,-0.12660182,0.31742084,,,,,,-0.12488961,-0.14027257,-0.009224791,-0.27703863,-0.69510275,0.5527323,0.3589958
52.516319419420014,13.401307265000215,2.5891697,-9.434174,-1.3073939,1661168974999,6.0,0.94386315,-0.08689558,0.08712465,,,,,,0.056833673,-0.08799334,0.13721895,-0.3562078,-0.6663192,0.47419983,0.44599357
,,1.4292088,-9.760901,-0.8697537,1661168975012,,-0.2607631,-0.2854268,-0.13156511,,,,,,-0.08373307,-0.15128261,-0.008811903,-0.2753823,-0.68320626,0.57481855,0.34909377
,,0.86456615,-9.756751,-0.10799847,1661168975517,,-0.5765804,-0.4027129,-0.23113614,,,,,,-0.2975689,-0.06347844,0.06921907,-0.28730536,-0.65175146,0.5980671,0.36036026
,,1.0848328,-9.71661,-0.1392827,1661168975770,,-0.28153253,-0.5554292,-0.53290355,,,,,,-0.07095058,-0.009695228,-0.009226207,-0.3057346,-0.64210486,0.5896567,0.37520424
,,1.2159451,-9.622437,-0.17198355,1661168976024,,0.22915083,0.021838432,-0.14989106,,,,,,-0.116890885,0.040815752,0.106369644,-0.32361606,-0.63799256,0.57117695,0.39407167
,,1.4766636,-9.640153,-0.5259263,1661168976276,,0.10758864,-0.15775596,-0.020998493,,,,,,-0.115165435,-0.056133796,0.0017981728,-0.33881515,-0.64104176,0.5462258,0.41162503
,,1.7392277,-9.560986,-0.8732452,1661168976531,,0.05138904,-0.15042557,-0.0045051314,,,,,,-0.14507812,-0.046226516,0.012557459,-0.35525593,-0.64622027,0.5158019,0.42822513
,,2.0638816,-9.50145,-1.1469822,1661168976797,,-0.031688634,-0.13576481,-0.009392053,,,,,,-0.06998995,-0.05023621,0.09195498,-0.3699698,-0.6521375,0.4882688,0.4409804
,,2.3594859,-9.4554,-1.4794571,1661168977048,,-0.017638734,0.053603426,-0.022220224,,,,,,0.03971358,-0.060048245,0.07875424,-0.38316518,-0.6576088,0.46508363,0.45009315
,,2.3488717,-9.432177,-1.6029979,1661168977301,,0.02023491,-0.06490443,-2.2907447E-4,,,,,,-0.08654717,-0.066425785,-0.011141185,-0.38787162,-0.6559534,0.45598206,0.45874795
,,2.4368982,-9.472879,-1.5378755,1661168977552,,0.023900103,0.02977968,0.02115121,,,,,,-0.032659195,-0.1079092,0.008087528,-0.39109144,-0.6523647,0.45317382,0.46438488
,,2.5111184,-9.434969,-1.4468958,1661168977809,,0.06727154,-0.34895676,0.059024855,,,,,,0.029382221,-0.07391094,0.11010256,-0.39349732,-0.651465,0.45077392,0.46618986
52.516319419420014,13.401307265000215,0.980665,-9.76186,0.7466716,1661168977999,6.0,0.0110719325,-0.11133019,0.022372939,,,,,,0.092349,-0.03623457,-0.008649013,-0.34507418,-0.58503425,0.59530187,0.42872107
,,2.6049712,-9.410549,-1.4313337,1661168978063,,0.21754439,-0.63423085,-0.4376086,,,,,,0.105519846,-0.06314885,0.097608946,-0.38130558,-0.6573378,0.45801067,0.45998147
,,2.492524,-9.463781,-1.1730791,1661168978565,,0.27313313,-0.41493022,0.26244298,,,,,,0.03679917,-0.07892631,0.022526616,-0.32610682,-0.6705118,0.50137913,0.4257685
,,2.2649946,-9.53425,-0.87180865,1661168978819,,0.045280386,-0.066737026,0.17325665,,,,,,-0.01841517,-0.09480057,0.006216983,-0.30107945,-0.67023855,0.5311298,0.4061016
,,1.9571,-9.5771055,-0.46974233,1661168979072,,0.12102768,0.034055736,0.17264579,,,,,,-0.058660045,-0.072963044,0.035635125,-0.28593868,-0.66345245,0.55986667,0.391381
,,1.5125767,-9.647815,-0.13583106,1661168979324,,0.014737124,0.026725354,0.061468314,,,,,,-0.12370133,-0.07902193,-0.015562719,-0.27879623,-0.65170735,0.58801633,0.3782493
,,1.0068415,-9.7427845,0.31563562,1661168979576,,-0.005421429,-0.11560625,-0.005726862,,,,,,-0.18843652,-0.09447937,0.010938265,-0.28135598,-0.6328622,0.6136707,0.37008527
,,0.6018226,-9.773749,0.608207,1661168979831,,-0.07322747,0.08231409,-0.087582804,,,,,,-0.15329976,-0.060614936,-0.05788781,-0.29682693,-0.61112267,0.6295659,0.37014684
,,0.3610457,-9.794419,0.85576737,1661168980084,,-0.064064495,0.1244638,-0.10896309,,,,,,-0.10519135,-0.054995347,0.02829152,-0.32056338,-0.59371966,0.6298883,0.38057783
,,0.34604195,-9.787874,0.9651026,1661168980337,,-0.049403727,-0.08323039,-0.06803512,,,,,,0.0058526853,-0.038358178,0.06503968,-0.33986822,-0.581318,0.62416667,0.3943716
,,0.42552948,-9.792184,0.92368305,1661168980588,,0.0067958757,-0.02031127,-0.059483003,,,,,,0.06296284,-0.047898546,0.021936309,-0.34830704,-0.5767033,0.6174171,0.40484253
,,0.56750566,-9.790268,0.86733943,1661168980841,,0.058108557,0.009010263,-0.01366811,,,,,,0.056697067,-0.052093633,-0.0014779787,-0.3496068,-0.5774247,0.6097663,0.41407222
52.516319419420014,13.401307265000215,1.2644577,-9.7525215,0.6423643,1661168980999,6.0,-0.056123246,-0.1253801,0.029703323,,,,,,0.065739095,-0.04179325,0.010822803,-0.32619998,-0.60099137,0.59360504,0.4240467
,,0.7879318,-9.773272,0.77388567,1661168981094,,0.03611741,-0.22800545,0.024205536,,,,,,0.09057128,-0.03929774,-0.030194763,-0.34863546,-0.5808073,0.60159516,0.422282
,,1.0907186,-9.756272,0.75050235,1661168981602,,0.0012980887,0.005955936,0.0064904434,,,,,,0.060464755,-0.039133515,0.008337172,-0.339285,-0.5889657,0.5931917,0.43106455
,,1.0880051,-9.75332,0.75177926,1661168981853,,6.872234E-4,0.033444874,-0.0026725354,,,,,,-0.007974726,-0.04411262,-0.0016357462,-0.33371884,-0.591663,0.59448177,0.4300119
,,1.1059616,-9.755715,0.80397284,1661168982108,,-0.018860465,0.012675454,9.92656E-4,,,,,,-0.0024359366,-0.045795187,0.022247603,-0.3304502,-0.5923936,0.5968855,0.42825603
,,1.1093136,-9.750209,0.83565605,1661168982361,,-0.02069306,-0.012980887,-0.006337727,,,,,,0.008076324,-0.04311091,0.030643718,-0.32781738,-0.5927975,0.5995158,0.4261417
,,1.0797051,-9.751084,0.8323841,1661168982613,,-0.008475755,-0.03680463,-0.006948592,,,,,,-0.015714837,-0.043692686,0.0182604,-0.32579046,-0.5935574,0.6013501,0.42414865
,,1.0739592,-9.752442,0.8024567,1661168982871,,-0.002977968,-0.007483099,-0.011835515,,,,,,-0.012292425,-0.041250166,0.0013354977,-0.32651788,-0.5936763,0.60109097,0.42379463
,,1.08601,-9.754836,0.778754,1661168983122,,-0.0041996986,0.035277467,-0.027107146,,,,,,-0.004417956,-0.04251356,-0.0021140794,-0.32807508,-0.593692,0.59949434,0.42483738
,,1.1067598,-9.754756,0.7595206,1661168983386,,0.01656972,0.04932737,-0.027107146,,,,,,5.928358E-4,-0.041929245,-0.0018532038,-0.32941294,-0.59382665,0.5975972,0.42627138
,,1.1651781,-9.751803,0.75082165,1661168983637,,-0.014584408,-0.13209961,-0.0051159966,,,,,,0.03009523,-0.04078207,0.0038630287,-0.32993928,-0.5941121,0.59568155,0.4281254
,,1.1831346,-9.753239,0.73270553,1661168983888,,-0.03596469,-0.025198191,-0.0045051314,,,,,,0.019736689,-0.044039216,0.004821346,-0.32886094,-0.5954967,0.5948427,0.428161
52.516319419420014,13.401307265000215,0.80708534,-9.784364,0.39432493,1661168983999,6.0,0.105756044,-0.1516473,-0.20731239,,,,,,-0.06796792,-0.028175227,0.0062025804,-0.3803439,-0.5788251,0.5642937,0.44859508
,,1.2484965,-9.757309,0.71067894,1661168984151,,-0.07811439,-0.22250767,0.047418416,,,,,,0.07148927,-0.04739262,0.017340282,-0.32772028,-0.59757775,0.5945048,0.4265436
,,1.2683685,-9.757628,0.52600616,1661168984677,,-0.021303926,0.0035124752,0.02603813,,,,,,0.06518882,-0.04328731,-0.011125332,-0.32654607,-0.6047661,0.5916247,0.4210769
,,1.2441866,-9.756832,0.41786805,1661168984936,,-0.034132097,0.20326541,-0.016722437,,,,,,0.055402037,-0.03641971,-0.011827016,-0.3283184,-0.6083322,0.5892465,0.41783714
,,1.1989362,-9.76984,0.28363317,1661168985189,,0.015347989,0.07376198,0.030314188,,,,,,0.03651509,-0.04124028,-0.032485455,-0.33262175,-0.6106889,0.58560055,0.41601303
,,1.1681309,-9.769361,0.20047449,1661168985442,,-0.011530082,0.2857322,-0.057039544,,,,,,0.04000171,-0.03272651,-0.014544428,-0.34067315,-0.6104324,0.57994175,0.41752002
,,1.1348515,-9.772633,0.12386004,1661168985694,,0.008628472,-0.012980887,0.037033707,,,,,,0.0013478517,-0.034369215,-0.025987962,-0.34925058,-0.6082162,0.57250506,0.4235768
,,1.1139423,-9.787316,0.096087284,1661168985949,,-0.0011453723,-0.018478673,0.039477166,,,,,,0.007583046,-0.044548385,-0.021933855,-0.35800043,-0.6045498,0.5669599,0.4291649
,,1.0746773,-9.7854805,0.14229538,1661168986203,,0.0055741454,0.10125092,0.016264288,,,,,,-0.0026660163,-0.038762156,0.014713411,-0.364436,-0.6003702,0.5638581,0.4340122
,,1.0877656,-9.791785,0.18195933,1661168986456,,0.031841353,-0.120493166,0.029092457,,,,,,0.032596488,-0.043072954,0.019465264,-0.36934134,-0.59597087,0.5619466,0.43867555
,,1.0377268,-9.788195,0.2243367,1661168986709,,-0.011530082,0.07925977,0.022983804,,,,,,0.006284082,-0.037307262,0.018659713,-0.37098724,-0.59307986,0.56246036,0.4406366
,,1.017775,-9.791227,0.22258094,1661168986960,,0.00496328,0.313832,0.051083606,,,,,,0.014493978,-0.0387709,-0.026182957,-0.37226862,-0.5902867,0.5631853,0.44235656
52.516319419420014,13.401307265000215,2.9871857,-9.488202,-1.2682984,1661168986999,6.0,1.125901,-0.2060143,0.2551126,,,,,,0.44401178,-0.26706848,-0.3226755,-0.1666809,-0.7205716,0.5882318,0.3183335
,,0.87891144,-9.791546,0.32816517,1661168987214,,0.02939789,0.30650163,-0.09246973,,,,,,-0.06521564,-0.034206294,0.03867209,-0.37558082,-0.5863205,0.56385446,0.44379285
,,0.77085316,-9.788593,0.54069054,1661168987724,,-0.16485725,0.046883907,-0.30138564,,,,,,-0.10912709,-0.040696494,0.034637723,-0.38114223,-0.5731121,0.56475395,0.45455852
,,0.9644643,-9.76904,0.60150325,1661168987976,,-0.30596712,-0.2835942,-0.25434902,,,,,,-0.025925478,-0.039292272,0.035044756,-0.3758258,-0.57365996,0.56439453,0.45840448
,,1.2544819,-9.743663,0.5976725,1661168988228,,-0.002977968,-0.15958855,-0.1474476,,,,,,0.020796053,-0.035311826,0.04250153,-0.3581453,-0.5830162,0.56596845,0.45552072
,,1.5707558,-9.679017,0.50254285,1661168988490,,0.033673946,0.0053450707,-0.047265697,,,,,,0.032278616,-0.019539643,0.016090155,-0.32893398,-0.5993932,0.5705799,0.4442334
,,1.9768126,-9.602485,0.35737452,1661168988748,,-0.002977968,-0.03313944,-0.013057245,,,,,,0.10954755,-0.0053432784,-0.0057446817,-0.28937817,-0.62147593,0.5788924,0.4242336
,,2.380156,-9.546859,0.26104778,1661168989002,,0.06543894,-0.0355829,-0.020998493,,,,,,0.12789169,-0.015565395,0.0413025,-0.24493685,-0.64629436,0.5883522,0.40152296
,,2.7546887,-9.472241,0.05530605,1661168989253,,0.04344779,0.0047342055,0.008933905,,,,,,0.171274,-0.007227421,-0.0042696795,-0.20147027,-0.6697735,0.5984647,0.3759557
,,2.8475838,-9.435609,-0.090181604,1661168989508,,0.017180584,0.0065668016,0.051083606,,,,,,0.05835184,-0.017983278,-0.030288484,-0.16450511,-0.6876886,0.6094524,0.35131744
,,2.894909,-9.45181,-0.26735252,1661168989763,,-0.45685086,-0.14492778,0.1970804,,,,,,0.056936342,-0.06718477,-0.12908673,-0.14272791,-0.6969738,0.61708677,0.3334374
52.516309881001696,13.401311197788123,0.19663376,-10.54637,-0.29800823,1661168989999,6.0,-2.841058,-0.8810204,1.0584004,,,,,,0.044368125,-1.1130359,0.105142914,-0.23582299,-0.6718907,0.6459169,0.22900048
,,2.9237192,-9.446142,-0.46144247,1661168990019,,-0.4892267,-0.33124167,-0.3826307,,,,,,0.15454592,-0.07085256,-0.09243677,-0.13758485,-0.7064845,0.6152565,0.31944793
,,2.922123,-9.257161,-0.9209795,1661168990275,,0.17172949,-0.24083363,-0.030772336,,,,,,0.20286109,0.08182882,-0.20582063,-0.14771788,-0.7159518,0.60169125,0.31598642
,,2.4831266,-9.573674,-1.1137924,1661168990783,,0.8284096,-0.45646906,0.13843733,,,,,,0.23632921,-0.2908405,-0.18270159,-0.18148278,-0.71645015,0.5912907,0.3125138
,,2.062545,-9.585405,-0.8778839,1661168991036,,0.8711702,-0.51144695,-0.16271923,,,,,,0.1678754,-0.26909956,-0.28806725,-0.18660803,-0.7020779,0.6091019,0.29996797
,,1.6995041,-10.040864,-0.7727786,1661168991291,,-3.443371,-0.905455,0.45120034,,,,,,0.07760879,-0.73865086,-0.663168,-0.18129125,-0.68412244,0.63250995,0.28423566
,,1.2899363,-9.882356,-0.18979059,1661168991545,,-0.6889796,1.64674,0.3271947,,,,,,0.047783952,-0.57149696,0.06962183,-0.18463063,-0.6878895,0.63447684,0.26066828
,,1.0177952,-10.300794,-0.27709898,1661168991798,,-0.07994699,0.6589709,-0.6098726,,,,,,0.21053381,-0.9847518,-0.055186376,-0.2041323,-0.68638784,0.6358081,0.24132885
,,0.23980927,-10.020832,0.27046496,1661168992055,,1.3305409,-1.1711814,0.2251802,,,,,,-0.21149963,-0.5273812,0.39003703,-0.20528655,-0.6806041,0.65253377,0.21918632
,,0.2546533,-10.0916195,0.20765711,1661168992307,,-0.1923462,-0.34773505,0.2673299,,,,,,-0.056103565,-0.6205027,-0.034842245,-0.1966848,-0.6687521,0.6697739,0.20824091
,,0.38888815,-10.643016,-0.144929,1661168992558,,-2.0127246,-0.15653422,0.8464302,,,,,,0.1349565,-1.1730984,-0.0034852186,-0.19951576,-0.6823176,0.65784085,0.19931698
,,0.232058,-9.785879,-0.5909089,1661168992812,,-0.22044599,0.17088956,0.15798502,,,,,,0.24471854,-0.39888847,0.6874661,-0.23968066,-0.7117544,0.61373967,0.1940258
52.516321899007245,13.401340963010714,0.14806142,-10.43417,-0.8386391,1661168992999,6.0,1.3067172,-0.03313944,-0.5774967,,,,,,0.6103251,-0.99306613,0.1485826,-0.22215281,-0.70278054,0.6425155,0.16549481
,,0.18744606,-10.021561,-0.6448383,1661168993067,,1.810681,0.86116725,-0.8102364,,,,,,0.22640486,-0.63345945,0.63047856,-0.26493388,-0.70286316,0.60779256,0.21193643
,,-6.583611E-4,-9.813095,-0.044921175,1661168993320,,0.4020257,-0.7228063,-0.118126065,,,,,,0.010103949,-0.35289273,0.627574,-0.24864367,-0.68076545,0.63452333,0.22539477
,,0.30325553,-9.841805,-0.12123637,1661168993824,,1.656132,0.38713586,0.17753272,,,,,,0.38787404,-0.55513304,1.3335996,-0.2553996,-0.7035646,0.60954505,0.21016407
,,0.23997882,-9.456807,-0.30751526,1661168994080,,2.57243,0.6962337,-1.074741,,,,,,0.6576413,-0.37854803,1.4944009,-0.27550977,-0.7152575,0.5921797,0.20051832
,,0.033927847,-9.8010235,0.23263654,1661168994332,,1.3158801,-0.09850202,-0.35941783,,,,,,0.425472,-0.5693673,1.2844828,-0.25404164,-0.7013851,0.6199856,0.19972554
,,-0.2169047,-10.200943,-0.2735276,1661168994582,,-2.6461918,0.26618454,-0.26290113,,,,,,0.1071279,-0.9438836,0.08008985,-0.22119212,-0.6868195,0.6511236,0.18933156
,,-0.15992267,-10.332137,-0.0922866,1661168994832,,-0.9015607,1.8849775,1.4023175,,,,,,0.19699271,-1.1452892,0.9061583,-0.21612981,-0.7109234,0.6337464,0.16626705
,,-0.21962811,-9.50955,-0.5070521,1661168995082,,1.0635928,0.6565274,-0.6007096,,,,,,0.4865059,-0.4344908,1.3237294,-0.24553782,-0.7315009,0.60263294,0.15206896
,,-0.11865266,-10.425052,-1.1811095,1661168995333,,0.91270906,-0.77656245,-0.011224649,,,,,,0.4383444,-1.2133161,0.19442445,-0.24921751,-0.7152455,0.61626625,0.17145245
,,-0.25577056,-10.225056,-0.62492657,1661168995584,,0.15767959,-0.46746463,0.085292056,,,,,,-0.0052806367,-0.78933054,0.09032942,-0.23195048,-0.69130117,0.64347744,0.18875612
,,0.06856395,-10.8885,-0.78197616,1661168995834,,-2.6431375,-0.66721755,1.0309114,,,,,,0.2040924,-1.4786172,-0.09432866,-0.22353789,-0.6876996,0.6480472,0.19044189
52.516341672144115,13.401371242821156,-0.44404462,-9.689754,-0.57734174,1661168995999,8.0,2.2572234,0.19776763,-0.5933792,,,,,,0.46235085,-0.38459378,1.1778165,-0.24941498,-0.71906096,0.6181489,0.14397006
,,0.45083815,-9.757608,-0.42459172,1661168996087,,2.308536,-0.9665415,-0.27023152,,,,,,0.8339978,-0.48502153,1.2612594,-0.24328135,-0.7177742,0.6119159,0.1736491
,,0.2366369,-10.316924,-1.3934752,1661168996342,,0.9835694,0.031001411,-1.1865294,,,,,,0.82512075,-1.0235801,0.32224986,-0.25068292,-0.716683,0.61305815,0.16705394
,,-0.2794831,-10.529379,-0.6917946,1661168996845,,-3.9400046,-0.049632803,0.0077121737,,,,,,0.13174514,-1.0675164,-0.24697438,-0.19544588,-0.69031197,0.66568255,0.15698144
,,-0.16687584,-10.52091,-0.5478133,1661168997098,,0.02023491,1.3718506,0.85925835,,,,,,0.37565917,-1.1339314,0.6496427,-0.19779864,-0.7167906,0.64121807,0.13629754
,,-0.42817304,-10.258427,-1.4235724,1661168997352,,-0.104992464,0.91553426,-0.43272167,,,,,,0.387946,-0.96618146,0.2886807,-0.2208741,-0.7332591,0.6180471,0.123849966
,,-0.61036193,-10.78564,-1.3712889,1661168997604,,0.7966446,-0.09056077,-0.16638441,,,,,,0.27730387,-1.2966679,-0.18952551,-0.21643762,-0.7173212,0.6381932,0.13291965
,,-0.587617,-10.158898,-0.5506864,1661168997857,,-0.08239045,-0.66966105,-0.09246973,,,,,,0.09062922,-0.59995437,-0.07914689,-0.20401374,-0.6952463,0.6616108,0.14775473
,,-0.40869018,-10.747003,-0.5580285,1661168998110,,-1.8856647,-0.14370605,1.2202797,,,,,,0.1734839,-1.2247711,0.06480363,-0.20506354,-0.6999579,0.65401745,0.15267436
,,-0.3767775,-10.032622,-0.75739574,1661168998367,,0.0019089539,-0.13454308,1.0614548,,,,,,0.44966713,-0.6538926,0.8737652,-0.23657179,-0.7263655,0.6152066,0.14538439
,,-0.5766036,-10.149698,-0.9200418,1661168998620,,0.99456495,-0.2396119,-0.069867715,,,,,,0.38000232,-0.73173064,0.5598851,-0.2529426,-0.7160098,0.6203026,0.15305261
,,-0.5228039,-9.699101,0.089064315,1661168998872,,0.6329327,-0.4961753,-0.36796996,,,,,,0.27450404,-0.1791172,0.9955278,-0.23631157,-0.6959268,0.64671046,0.16276218
52.51638115816733,13.401416209256574,0.35705534,-10.17104,-0.7985162,1661168998999,8.0,1.9951622,-0.86635965,-0.5555056,,,,,,0.8355037,-0.8035848,1.0508983,-0.34979564,-0.66551554,0.5796597,0.27402276
,,-0.55633265,-10.462472,-0.065760694,1661168999122,,-3.0328696,0.122020334,0.23556492,,,,,,-0.04399468,-0.9839508,0.4676758,-0.22002491,-0.6850083,0.6608403,0.16603032
,,-0.35035154,-9.899644,0.026655488,1661168999375,,1.4020121,0.6656904,0.3992768,,,,,,0.2924504,-0.54318124,1.4367385,-0.22900611,-0.7133633,0.6300494,0.15041892
,,-0.5255972,-9.942761,-0.07374145,1661168999882,,1.3366495,-0.0777326,-0.57077724,,,,,,0.5153918,-0.37090233,0.8294066,-0.23723136,-0.69914544,0.6450359,0.15424833
,,-0.69136566,-10.345087,-0.5462172,1661169000134,,-3.797673,-0.05207626,0.054137934,,,,,,0.14899461,-0.7357667,-0.32165688,-0.21822457,-0.6792955,0.66834646,0.1652124
,,-0.47852108,-10.4106865,-0.12953633,1661169000387,,-0.18562667,1.4769194,0.76396334,,,,,,0.36545518,-0.8709223,0.67912525,-0.22923088,-0.69754237,0.64451444,0.16273755
,,-0.44150075,-10.301511,-1.20162,1661169000638,,0.9029352,-0.11499538,-0.6202573,,,,,,0.6182807,-0.8784706,0.4192691,-0.2669995,-0.7144606,0.6110207,0.16419467
,,-0.5557042,-10.707997,-1.3944329,1661169000890,,1.1790463,-0.15103643,-0.06681339,,,,,,0.43382403,-1.1929593,-0.11845371,-0.27999106,-0.6959111,0.62278515,0.18488425
,,-0.5691914,-10.4554,-0.7999327,1661169001144,,-0.2784782,-0.43692136,-0.17066048,,,,,,0.13989964,-0.8833949,-0.37071437,-0.2665812,-0.67093396,0.6461925,0.20911591
,,-0.39305803,-11.067935,-0.81669223,1661169001398,,-1.6633097,0.84772825,1.404761,,,,,,-0.063105084,-1.5941209,-0.053715214,-0.26911342,-0.67473036,0.6364113,0.21980117
,,-0.0027333735,-10.190511,-1.1572474,1661169001649,,0.29145908,0.45921794,0.24778222,,,,,,0.356641,-0.9670315,0.5782376,-0.3106219,-0.6955735,0.59273595,0.221148
,,0.16574863,-10.613427,-1.5863082,1661169001900,,1.8290069,0.065209866,0.049861874,,,,,,0.7237475,-1.2752594,0.23471794,-0.33417055,-0.6786089,0.59067464,0.24513239
,,0.03256119,-10.151655,-0.4956397,1661169002152,,0.03611741,-0.7002043,-0.11568261,,,,,,0.43591645,-0.7164414,0.4363024,-0.32404533,-0.64886755,0.61606425,0.27261487
,,0.064882874,-11.064902,-0.56028306,1661169002407,,-2.721939,-0.61346143,1.1091022,,,,,,0.36047304,-1.6293254,0.019363793,-0.31787795,-0.6396467,0.6221316,0.28512654
,,0.38147622,-9.671657,-0.7115168,1661169002918,,1.5767195,-1.3629931,0.019318614,,,,,,0.89299315,-0.5352312,1.5409663,-0.37490588,-0.66709673,0.5623661,0.27830735
52.516413955586735,13.401468806885417,0.44517186,-10.556346,-0.76743144,1661169002999,8.0,-2.2546272,0.082924955,1.0907762,,,,,,0.33874568,-1.4130272,-0.20052283,-0.36252865,-0.62862384,0.5791601,0.34194583
,,0.21508916,-10.00447,-0.06209965,1661169003173,,1.3568081,-0.4167628,-0.47853658,,,,,,0.6933769,-0.61852545,1.4495351,-0.35769457,-0.64688534,0.58953744,0.29457805
,,-0.2970506,-10.284662,-0.10981407,1661169003424,,-4.051182,1.1702651,0.014431692,,,,,,-0.08314896,-0.93066716,0.5580367,-0.3347011,-0.6332141,0.6113907,0.3022376
,,-0.012938666,-9.961106,0.16304518,1661169003674,,0.3806454,1.2814425,0.3131448,,,,,,0.2102656,-0.69969624,1.7044528,-0.35124132,-0.6586664,0.58093774,0.28761667
,,0.11690687,-9.383445,-0.42156905,1661169003926,,-1.6474272,-6.2175393,-0.06620252,,,,,,0.39889112,-0.13607582,1.9176387,-0.38550395,-0.66683733,0.5476629,0.2915965
,,-0.05123596,-10.004053,-0.12315173,1661169004177,,1.2236395,-0.31047225,-0.32948545,,,,,,-0.053456508,-0.6700516,1.4443065,-0.3764096,-0.6481157,0.56359106,0.31953028
,,0.08411627,-10.287547,-0.29067606,1661169004432,,-1.3542119,0.8538369,0.7034877,,,,,,-0.23606823,-0.75968945,0.3781852,-0.3487531,-0.6301796,0.5851118,0.34285268
,,0.313002,-10.57445,-0.1840443,1661169004687,,-1.0212903,0.8703303,1.1909581,,,,,,-0.010304022,-1.0958241,0.9288642,-0.3531502,-0.6444672,0.56982195,0.33524835
,,0.77143174,-9.660803,-0.6361693,1661169004939,,1.6897296,2.0163136,-1.0729084,,,,,,0.5071803,-0.5306906,1.3997986,-0.38567263,-0.6653016,0.53781146,0.31478292
,,0.3821245,-10.011974,-1.2142891,1661169005191,,1.7874681,0.6626361,1.0791699,,,,,,0.29284224,-0.8839586,0.37488025,-0.38764662,-0.6518721,0.5466101,0.32774127
,,0.20623057,-9.803518,-0.40988728,1661169005445,,0.072158456,-0.68798697,-0.36247218,,,,,,0.13755901,-0.6251961,0.18859679,-0.36697897,-0.6279977,0.5782065,0.34244737
,,0.3766877,-9.881948,-1.2243448,1661169005951,,-0.35972327,0.16600263,0.67233354,,,,,,0.60030633,-0.88261116,0.4131804,-0.40108177,-0.6489352,0.5434422,0.31951764
52.51644144551819,13.401490081214241,-0.522734,-10.349723,-0.70480305,1661169005999,8.0,-2.6089292,-0.053297993,0.16959146,,,,,,-0.3881272,-0.86991805,-0.34282762,-0.43836138,-0.5619614,0.5536358,0.40906584
