88#1#2
key,lat,lon,ts,bike,childCheckBox,trailerCheckBox,pLoc,incident,i1,i2,i3,i4,i5,i6,i7,i8,i9,scary,desc,i10
,,,,1,0,0,0,-5,0,0,0,0,0,0,0,0,0,0,,0

=========================
88#1
lat,lon,X,Y,Z,timeStamp,acc,a,b,c,obsDistanceLeft1,obsDistanceLeft2,obsDistanceRight1,obsDistanceRight2,obsClosePassEvent,XL,YL,ZL,RX,RY,RZ,RC
,,0.41459647,1.8947167,9.733922,1664728227765,,0.20761767,-0.13141228,-0.22044583,,,,,,0.05713317,0.42764035,-0.055108037,0.04920796,-0.05544936,-0.57143676,0.81522405
52.51159979,13.38429225,0.85032946,1.8016357,9.786326,1664728228000,4.3491354,0.061620984,-0.017180571,0.15951207,,,,,,0.08584841,0.4245511,0.005205965,0.036005862,-0.07017488,-0.567362,0.81715786
,,0.24335006,2.2266011,9.5436945,1664728228016,,0.28153232,0.15630503,0.29756752,,,,,,0.058344718,0.27080834,-0.19102733,0.0741272,-0.062113903,-0.5775292,0.8089502
,,0.03996015,2.6391242,9.644032,1664728228265,,0.024969097,0.10071633,-0.15752676,,,,,,0.010096967,0.37357074,-0.02093428,0.092265815,-0.06867068,-0.5792784,0.8057626
,,-0.066281185,2.9154153,9.582777,1664728228515,,-0.13385575,-0.4741074,0.11186461,,,,,,0.01911761,0.32990077,-0.029306745,0.10697795,-0.07196858,-0.5758574,0.806518
,,-0.07784653,2.9414968,9.5099535,1664728228768,,0.29985824,0.89422965,0.2615265,,,,,,-0.048351265,0.27274096,-0.09045909,0.11179136,-0.07351377,-0.570961,0.80931735
,,-0.060697924,3.0341787,9.427401,1664728229020,,-0.015347977,0.050014555,0.19799654,,,,,,-0.012720313,0.2681527,-0.13724762,0.116245896,-0.07452595,-0.5691826,0.8098837
,,0.023130627,3.0698318,9.3237915,1664728229270,,-0.5840631,-0.029397868,0.36231917,,,,,,0.0050583244,0.27663764,-0.22887264,0.11606818,-0.07781616,-0.5692648,0.80960363
,,0.030867409,2.8149962,9.507083,1664728229521,,-0.5632937,-0.07948878,0.46860963,,,,,,0.097767524,0.19106483,-0.13661343,0.11186305,-0.07049488,-0.56365204,0.8149038
,,0.045304112,2.5992434,9.574082,1664728229772,,0.15080725,0.37988153,-0.24121523,,,,,,0.13044794,0.14769799,-0.10059034,0.10475773,-0.06351255,-0.56078076,0.8184467
,,-0.035334032,2.4281569,9.543933,1664728230024,,-0.06055197,0.045127634,0.3012327,,,,,,0.036152527,0.13878368,-0.1542004,0.09865867,-0.059171893,-0.5610363,0.8194171
,,-0.14699908,2.3673792,9.566984,1664728230277,,-0.012904518,0.120264,0.22976151,,,,,,0.036503006,0.11372079,-0.09820493,0.099012055,-0.05541345,-0.5588515,0.8210723
,,-0.27772695,2.2011573,9.718929,1664728230783,,-0.22365287,0.052458014,-0.17646356,,,,,,0.11853092,0.14966124,0.13373798,0.09532741,-0.042643316,-0.5473605,0.82971674
52.51162952,13.38446483,-0.278046,2.2900908,9.565466,1664728231000,3.7900925,0.48006335,0.57413656,0.33177593,,,,,,-0.0021231612,0.113478616,-0.0141066555,0.09696833,-0.051780604,-0.5531693,0.8252465
,,-0.150349,2.1693332,9.571849,1664728231033,,-0.2694677,-0.65125823,-0.5820778,,,,,,0.18731962,0.12189727,0.044419,0.09344903,-0.04390454,-0.5469732,0.8300349
,,-0.09730811,2.3035703,9.5953,1664728231284,,0.6321687,0.41042477,-0.29619306,,,,,,0.20126988,0.14521772,0.11911831,0.09639077,-0.050803006,-0.5511762,0.8260561
,,0.025523415,2.4441092,9.6217785,1664728231534,,0.57658,0.22227842,-0.32368198,,,,,,0.28169358,0.17388798,0.19156434,0.10367055,-0.05635623,-0.55761665,0.8198243
,,0.0023130537,2.7049267,9.414559,1664728231787,,-0.1796706,-0.10881029,0.15095995,,,,,,0.26523578,0.14618947,0.041660085,0.113656536,-0.066946305,-0.5731506,0.80559367
,,0.13766703,2.9170904,9.463774,1664728232037,,0.1844048,-1.0446551,-0.013362667,,,,,,0.24554087,0.17233156,0.060885526,0.117820665,-0.08076211,-0.59224874,0.7898249
,,0.17316054,3.0587454,9.259266,1664728232289,,-0.12224931,0.1532507,-0.38660106,,,,,,0.073951766,0.101222984,-0.05690654,0.11969408,-0.09817156,-0.60958016,0.7754304
,,0.053758748,3.3387854,9.198089,1664728232540,,-0.12652537,0.36033386,7.63581E-5,,,,,,-0.07274258,0.20846395,-0.0762633,0.124538824,-0.105927415,-0.6227141,0.7641413
,,-0.0733799,3.4085758,9.130612,1664728232791,,-0.027565273,0.041462447,0.050778136,,,,,,-0.131713,0.21990642,-0.14924322,0.12862916,-0.10474522,-0.62986296,0.75824475
,,-0.10233307,3.426044,9.057631,1664728233043,,-0.014126248,0.07322741,-0.024358233,,,,,,-0.09538787,0.17863001,-0.20942704,0.12874989,-0.105013855,-0.63242495,0.75618255
,,-0.088454686,3.3954954,9.221061,1664728233294,,-0.34032804,-0.11491894,-0.04940369,,,,,,-0.067088276,0.27315706,-0.074391045,0.12522343,-0.100831226,-0.62832963,0.76077694
,,-0.22348963,3.3088748,9.289098,1664728233799,,-0.13019055,-0.24075708,-0.36949682,,,,,,-0.15293016,0.27882534,-0.078366265,0.12564093,-0.091068745,-0.6222834,0.76702654
52.51162154,13.38462587,-0.14444675,3.3095927,9.232786,1664728234000,3.7900925,0.15874848,0.14897464,-0.16913319,,,,,,-0.09626701,0.2339116,-0.10828485,0.12463086,-0.09617818,-0.62385046,0.765153
,,-0.40223348,3.264129,9.381699,1664728234052,,0.35056004,0.029856017,0.0019089525,,,,,,-0.2469023,0.23484462,0.011633475,0.12725274,-0.08976409,-0.6229119,0.76640594
,,-0.5429315,3.3255446,9.364868,1664728234304,,-0.16073379,0.18562654,0.38125598,,,,,,-0.39122057,0.22553518,-0.017444849,0.1302484,-0.0916369,-0.6212172,0.7670449
,,-0.47003016,3.3465211,9.41759,1664728234556,,0.35666868,0.027412556,0.20044,,,,,,-0.36651924,0.20413785,0.036921166,0.13132198,-0.0931359,-0.6141683,0.77208537
,,-0.34855452,3.2888548,9.42118,1664728234807,,0.269315,-0.37331474,0.4606684,,,,,,-0.37834188,0.1579568,0.039868817,0.12736093,-0.09777681,-0.6069516,0.77748185
,,-0.11900301,3.242913,9.376355,1664728235058,,-0.19616395,-0.04772381,-0.23510659,,,,,,-0.3013731,0.20173378,-0.04428808,0.12044146,-0.09937469,-0.59720826,0.7853277
,,-0.16358933,3.13045,9.40499,1664728235309,,-0.3238347,-0.051999863,0.08681916,,,,,,-0.37558457,0.16745938,-0.07855169,0.11398022,-0.099204354,-0.5861586,0.7944955
,,-0.1180459,2.9517863,9.566107,1664728235565,,-0.17295109,0.19417864,0.53641564,,,,,,-0.45572075,0.188196,0.022001347,0.10519648,-0.095311806,-0.5703274,0.8078183
,,-0.03605187,2.764189,9.62505,1664728235816,,0.86735165,0.19234605,0.053221595,,,,,,-0.43080536,0.18638113,0.07154469,0.097595304,-0.08906855,-0.551322,0.82261425
,,-0.09523435,2.683391,9.545529,1664728236067,,0.5778017,-0.5327504,-0.5771909,,,,,,-0.49408847,0.17391178,-0.016332896,0.09563533,-0.08346192,-0.5338776,0.8345171
,,-0.21998018,2.7205596,9.520083,1664728236319,,-0.41851872,-0.48204866,0.11980586,,,,,,-0.52129567,0.1812476,-0.05991036,0.100283995,-0.07820784,-0.5211534,0.84252894
,,-0.2872185,2.8973095,9.43466,1664728236823,,-0.32994333,0.14103341,0.08926262,,,,,,-0.3842481,0.16008101,0.03420491,0.11733229,-0.07299585,-0.5065496,0.8500237
52.51162661,13.38480146,-0.39026928,2.7746377,9.467204,1664728237000,3.7900925,-0.030619597,-0.26213735,0.023900084,,,,,,-0.5547782,0.14390698,8.799235E-4,0.10901873,-0.073953494,-0.5133862,0.8466147
,,-0.16510476,3.0242088,9.307682,1664728237075,,0.1758527,-0.3024544,0.07582359,,,,,,-0.15860488,0.09612122,-0.03420027,0.12846732,-0.0730695,-0.50261104,0.8511932
,,-0.18664019,3.2067816,9.246426,1664728237327,,0.19540037,-0.19860741,0.075212725,,,,,,-0.12666741,0.1391373,-0.09134053,0.13558412,-0.075678386,-0.50566936,0.8482161
,,-0.18552352,3.2184265,9.30776,1664728237577,,-0.06055197,-0.09659299,0.14973822,,,,,,-0.11419294,0.11450302,-0.03362956,0.13724364,-0.07889525,-0.5110473,0.8446166
,,-0.14412767,3.2119658,9.387523,1664728237828,,0.13553563,0.28214318,0.4673879,,,,,,-0.13850598,0.14662266,0.06159935,0.13534416,-0.079206295,-0.51347965,0.84349036
,,-0.21950158,3.2447472,9.354023,1664728238078,,-0.13568833,0.060399257,-0.31390813,,,,,,-0.067627065,0.0863402,0.015936216,0.14243415,-0.07794381,-0.5127846,0.8426058
,,-0.36075786,3.2885358,9.410414,1664728238329,,0.27053675,-0.073380135,-0.20456335,,,,,,-0.02497133,0.08453168,0.10544154,0.1493919,-0.07098632,-0.51134473,0.8427091
,,-0.34759733,3.3533013,9.272188,1664728238581,,-0.4154644,-0.5150354,0.06421716,,,,,,0.10911763,0.110357076,-0.015203809,0.15499707,-0.06705351,-0.51035523,0.8426071
,,-0.27030918,3.2786453,9.339425,1664728238832,,0.046349365,-0.13752094,0.10636683,,,,,,0.28068084,0.079413876,0.06012181,0.15544672,-0.06372081,-0.51041,0.84279263
,,-0.22763719,3.273142,9.341021,1664728239083,,0.19540037,0.09582941,-0.22105668,,,,,,0.29342097,0.104267284,0.061880793,0.15312512,-0.06403989,-0.5129141,0.84158915
,,-0.26025933,3.2480178,9.298669,1664728239334,,0.101327196,0.7109702,0.1277471,,,,,,0.26155463,0.06334975,-0.006326898,0.15235144,-0.064536996,-0.5131102,0.8415269
,,0.01826522,3.1838098,9.366863,1664728239837,,0.45196357,0.019471316,-0.23693918,,,,,,0.15813574,0.13344602,-0.01986936,0.13698213,-0.07472138,-0.50836325,0.84646004
52.51166803,13.38498079,-0.11501503,3.2433116,9.37109,1664728240000,3.7900925,-0.017791437,0.16607887,0.094760396,,,,,,0.20502628,0.12334389,0.04875466,0.1444826,-0.06851945,-0.5120153,0.84338063
,,-0.03836492,3.1487153,9.358011,1664728240087,,-0.58284134,-1.0788635,-0.8245911,,,,,,-0.010949191,0.11671737,-0.07168736,0.13136038,-0.07877786,-0.50457275,0.84940904
,,0.007816559,3.1934612,9.329696,1664728240340,,0.0561232,0.5606975,-0.026801692,,,,,,-0.12955637,0.13285466,-0.101191886,0.13050549,-0.083498724,-0.50197005,0.850645
,,-0.054875385,3.3631124,9.367422,1664728240591,,-0.075212725,1.0976477,-0.12331833,,,,,,-0.14513142,0.19049224,-0.05901359,0.13606963,-0.08506245,-0.49840766,0.85173166
,,-0.08247261,3.3688552,9.337911,1664728240844,,-0.12041672,-0.062384564,0.038560838,,,,,,-0.12567157,0.15299065,-0.061895084,0.14122982,-0.08397749,-0.49605936,0.8523767
,,-0.13543375,3.366143,9.380662,1664728241095,,0.28458664,0.4171443,-0.20334162,,,,,,-0.13980745,0.13637872,-0.025653712,0.14248905,-0.08273501,-0.49622896,0.8521897
,,-0.2008376,3.3395033,9.344212,1664728241346,,-0.055054188,-0.28473935,-0.18318307,,,,,,-0.13914159,0.08495388,-0.0642326,0.14560598,-0.08014875,-0.49819535,0.8507575
,,-0.15026927,3.3410184,9.428918,1664728241598,,-0.2438114,0.10377065,-0.24365869,,,,,,-0.04372889,0.08788107,0.034345817,0.14753038,-0.07794903,-0.4999518,0.84959215
,,-0.22436704,3.3352752,9.336556,1664728241849,,-0.7428879,0.11415535,0.35559967,,,,,,0.025309863,0.061061263,-0.054516394,0.15042314,-0.07362715,-0.50034684,0.8493443
,,-0.2532404,3.166981,9.353782,1664728242101,,-0.26335907,-0.1277471,0.09353867,,,,,,0.047740933,-0.0067708255,-0.04012432,0.14819168,-0.06802521,-0.5015143,0.8495464
,,-0.22293133,3.1314871,9.37173,1664728242352,,-0.16684245,-0.27740896,0.09720386,,,,,,0.13552529,0.0069707315,-0.023920171,0.14605035,-0.065594725,-0.50514466,0.84796345
,,-0.20059827,3.082195,9.375876,1664728242856,,0.007864884,0.08239039,-0.024358233,,,,,,0.12034007,0.029463466,-0.039418235,0.14073195,-0.06728348,-0.5131059,0.84391063
52.51170334,13.38515643,-0.28004,3.1086755,9.329456,1664728243000,3.7900925,-0.24258968,0.016416991,0.16989677,,,,,,0.094307885,0.030655868,-0.09238257,0.14435329,-0.06475068,-0.5096516,0.84560513
,,-0.1714856,3.0817962,9.39143,1664728243109,,-0.14912736,-0.18944444,0.031230463,,,,,,0.09149616,0.050507426,-0.022575427,0.13877983,-0.06950852,-0.5157199,0.84247565
,,-0.16087742,3.065525,9.450693,1664728243359,,-0.13080142,0.25954118,0.12835796,,,,,,0.040673062,0.032245565,0.02894519,0.13719836,-0.0722698,-0.51786464,0.84118086
,,-0.10751749,3.1099517,9.37524,1664728243611,,0.08727731,-0.3024544,0.09048434,,,,,,0.06464967,0.03442355,-0.021454366,0.1382754,-0.07473663,-0.51895416,0.8401454
,,-0.13343975,3.1587648,9.388399,1664728243861,,-0.53641564,-0.14424044,0.1381318,,,,,,0.020979019,0.038797226,0.0056930543,0.13926776,-0.07649729,-0.5190181,0.8397835
,,-0.1461217,3.217469,9.363595,1664728244113,,0.42142034,-0.1155298,0.0080176005,,,,,,0.021738477,0.087499216,0.0357859,0.14045037,-0.07563408,-0.5189584,0.839694
,,-0.17547366,3.2642093,9.274581,1664728244364,,-0.19494222,-0.0037415468,0.042836893,,,,,,0.033396386,0.09664775,-0.046256192,0.14381598,-0.07500197,-0.5194993,0.83884966
,,-0.22795624,3.3685362,9.251371,1664728244615,,-0.25663957,0.2485456,0.11308634,,,,,,0.030721998,0.16039327,-0.06104428,0.14675091,-0.074568525,-0.5205027,0.83776194
,,-0.18560328,3.3952558,9.190433,1664728244865,,-0.13385575,0.016416991,-0.120264,,,,,,0.14193246,0.16846107,-0.080365084,0.1498604,-0.07216728,-0.51956445,0.8380207
,,-0.25730816,3.4747775,9.219067,1664728245116,,-0.1485165,-0.17905974,0.2126573,,,,,,0.08615573,0.24804331,-0.05845105,0.15020126,-0.07166544,-0.52183044,0.83658993
,,-0.27413768,3.4238899,9.143136,1664728245366,,-0.65431255,-0.33299765,0.5803979,,,,,,0.08080407,0.24014823,-0.1295913,0.149808,-0.07147353,-0.52361286,0.83557624
,,0.7227919,2.8818357,9.304252,1664728245868,,1.3474914,4.747565,0.8491784,,,,,,-0.16503648,0.15125601,-0.0014648438,0.10295875,-0.10708878,-0.5015918,0.84569675
52.5117385,13.38531791,0.27964118,3.1725633,9.336715,1664728246000,3.7900925,0.038408123,-0.4570032,1.6261984,,,,,,0.08659633,0.19308916,-0.041068427,0.12994118,-0.083178945,-0.51993835,0.8377712
,,1.1114662,3.0699122,9.163952,1664728246119,,1.809916,1.8538983,0.85162187,,,,,,-0.031301897,0.19836086,-0.015732415,0.10535114,-0.11518039,-0.47085553,0.8588534
,,0.87832546,3.5008597,8.5029745,1664728246370,,-0.8589522,0.5460368,-1.3432153,,,,,,0.08082002,-0.061279163,-0.27354255,0.14702263,-0.10493097,-0.42546093,0.86523616
,,0.3582854,4.1784267,8.433423,1664728246621,,-1.0544289,-1.257847,-0.5319869,,,,,,0.14136928,0.22463512,0.022046916,0.18295671,-0.0772381,-0.38608673,0.8726335
,,0.08247256,4.100261,8.350872,1664728246874,,0.050014555,-0.1277471,-0.2796997,,,,,,0.13062686,0.120957546,-0.048500873,0.19094828,-0.059164915,-0.3548747,0.88668364
,,-0.82959175,4.1496334,8.154738,1664728247127,,7.0395293,3.8098872,2.685438,,,,,,0.049848516,-0.12210889,-0.098008014,0.22258754,-0.032325137,-0.33014694,0.89613533
,,-2.10696,5.2224154,6.9742794,1664728247379,,0.110490166,-0.16378812,2.4117706,,,,,,0.1318167,-0.18339148,-0.3443826,0.3203621,-0.0025464667,-0.3218561,0.8695584
,,-2.4185853,5.7544193,6.456633,1664728247629,,-0.17356196,0.40431613,4.6579204,,,,,,0.089974925,-0.3351879,-0.18946365,0.37521935,-0.0060219634,-0.29556105,0.8547285
,,-0.591665,4.9352756,6.148039,1664728247879,,-0.18944444,-2.5345542,1.890092,,,,,,0.111727096,-0.46233162,0.07687309,0.3628973,-0.07018518,-0.21962991,0.84450203
,,1.7488346,3.673541,5.030351,1664728248130,,-0.06666062,-0.13507748,-0.82031506,,,,,,0.2951625,-0.7767006,-0.2372585,0.35019702,-0.18501967,-0.1155178,0.8103071
,,3.9418564,3.581896,3.9197621,1664728248382,,-0.31772605,-0.47594002,-1.40308,,,,,,0.325576,-0.61967105,-0.31311873,0.37604877,-0.28705645,-0.011261889,0.77081585
,,7.6814394,3.0371299,1.6360526,1664728248884,,1.2521964,-0.20349433,0.715399,,,,,,0.64049834,-0.56331,0.056087438,0.41042587,-0.46426412,0.16354953,0.7058737
52.51177516,13.3854892,5.835456,3.7203605,2.6297917,1664728249000,3.7900925,0.8062652,-1.7984623,-0.22411102,,,,,,0.30890235,-0.35875416,-0.44375122,0.4060588,-0.37534425,0.092517614,0.7390236
,,8.122198,2.6955147,-0.31090736,1664728249134,,-0.24992006,1.8355724,1.2425753,,,,,,0.25005502,-0.23983127,0.24825408,0.44142696,-0.5441409,0.19625029,0.6314847
,,7.506844,3.124787,-1.8906491,1664728249385,,-0.42829257,2.270508,-0.60529065,,,,,,0.16535638,-0.28428265,0.27593496,0.49906063,-0.5751544,0.16525023,0.5692865
,,6.159285,4.9027343,-2.8752158,1664728249635,,1.7402774,-2.265163,-1.7604359,,,,,,-0.22956868,0.22933573,0.34631872,0.57781607,-0.54390603,0.10529287,0.5407656
,,5.382096,4.7311687,-2.8556743,1664728249886,,2.9772785,0.18135048,-0.75250906,,,,,,-0.23904829,0.51153815,0.6585447,0.6672754,-0.504437,0.05048772,0.47708616
,,4.0585465,4.662096,-4.3374696,1664728250138,,-2.5876997,-0.16989677,0.16562071,,,,,,-0.09498935,0.3708784,0.9930709,0.75778806,-0.47098592,0.0036140583,0.38501924
,,3.3721251,5.260381,-4.7653856,1664728250390,,0.21800236,0.15935935,-0.068340495,,,,,,-0.19001704,0.7108049,0.69726086,0.80143017,-0.42638412,-0.01996454,0.36211437
,,3.1685755,5.5063634,-4.927699,1664728250639,,2.2002585,-0.02328922,-0.18196134,,,,,,0.21191218,0.49505195,0.31702736,0.8309859,-0.3757755,-0.036005847,0.3634437
,,2.2380068,5.4066615,-5.2567124,1664728250890,,-0.81313735,0.36277732,0.019013166,,,,,,0.011248267,0.9180189,0.50536996,0.8734221,-0.33259255,-0.044455115,0.31670198
,,2.0863817,4.469633,-5.9969716,1664728251140,,-2.066021,-0.46677706,0.10758856,,,,,,0.25824922,0.3646758,0.47419778,0.89749163,-0.31606996,-0.045374654,0.27886477
,,1.269552,5.660701,-7.3339214,1664728251392,,1.1202496,-0.34521496,0.03611738,,,,,,0.2788492,0.09386797,0.3470851,0.8894688,-0.31261116,-0.05209497,0.30114204
,,1.143211,5.42429,-7.68766,1664728251893,,-2.8186064,0.45135272,0.08498656,,,,,,0.16754277,0.21737242,0.31630465,0.8927115,-0.32261506,-0.047269356,0.28309754
52.51182262,13.38567834,1.3186047,6.2107315,-7.528298,1664728252000,4.383501,2.189263,0.15447243,0.3910298,,,,,,0.324902,0.35812905,0.004793501,0.8825921,-0.31732416,-0.059931703,0.3198323
,,1.0967902,5.439124,-7.7092757,1664728252146,,-0.7263946,0.18257222,0.2248746,,,,,,0.001853768,0.216181,0.24423572,0.8931066,-0.32182264,-0.042547926,0.28378198
,,1.3659028,6.270711,-7.4125667,1664728252396,,1.015181,-0.26213735,-0.024358233,,,,,,0.08215485,0.25997177,-0.018315013,0.87656796,-0.32267112,-0.049966346,0.33073846
,,1.3941381,6.393702,-7.3485174,1664728252646,,2.1019094,-0.47349656,-0.1966221,,,,,,0.06474288,0.28206062,-0.03422869,0.8729481,-0.32610053,-0.0522807,0.33931333
,,1.3278571,5.426763,-7.732167,1664728252899,,-1.1497239,0.29497132,0.09109521,,,,,,0.05823683,0.16575871,0.1279366,0.88867193,-0.32746595,-0.038005136,0.29118443
,,1.4441483,5.238766,-7.620901,1664728253150,,-1.5034146,-0.439899,-0.30291256,,,,,,0.04711581,-0.01586332,0.27794418,0.8904663,-0.32492256,-0.029043976,0.289928
,,1.6161121,6.095557,-7.4140015,1664728253400,,-0.2664134,-0.39713848,0.16684245,,,,,,0.18532953,0.15206261,0.0070503713,0.8789073,-0.31960052,-0.041159533,0.33061883
,,1.6813567,6.088697,-7.3518686,1664728253651,,1.6168827,-0.55474156,-0.17524183,,,,,,0.39310107,0.15370531,0.10553293,0.8777284,-0.3227333,-0.048426427,0.3292259
,,1.3383859,5.6279984,-7.8588266,1664728253905,,1.0952042,0.13492475,0.22243114,,,,,,0.5175404,0.37409383,0.13133916,0.89046896,-0.32854307,-0.053568684,0.2842448
,,1.1574084,4.8476195,-7.7908716,1664728254155,,-2.0953426,0.21555892,0.45517063,,,,,,0.6719369,0.044703912,0.47498885,0.89391,-0.33861965,-0.06174308,0.25240213
,,1.1122634,5.7698135,-7.499186,1664728254406,,-0.76793337,0.61995137,-0.01763872,,,,,,0.6987465,0.21239713,0.30965787,0.87811005,-0.34709585,-0.08418013,0.28913575
,,1.0005985,6.0410004,-7.4980693,1664728254909,,2.334038,-0.38736463,0.13507748,,,,,,0.81665444,0.316887,0.1484881,0.86396164,-0.3700729,-0.108950906,0.29591525
52.51187363,13.38588066,1.0887341,6.426963,-7.2130837,1664728255000,5.5739713,2.2362995,-0.68729925,-0.06589704,,,,,,0.7653631,0.39930972,0.17272902,0.8625456,-0.3541439,-0.10605934,0.31696117
,,0.72701925,5.0899324,-7.7324853,1664728255160,,-1.8473314,0.6749292,-0.03046688,,,,,,0.6051028,0.15752934,0.3589405,0.86943966,-0.38808566,-0.09822295,0.2518195
,,0.9761918,5.2051864,-7.465766,1664728255411,,-1.8094578,-0.18577924,-0.054901473,,,,,,0.43268296,-0.08319075,0.365216,0.8593549,-0.39862278,-0.091951154,0.27332583
,,1.110828,6.424489,-7.276175,1664728255664,,1.0286199,0.22838707,0.05016727,,,,,,0.16764563,0.3025104,-0.10658472,0.83999956,-0.39956322,-0.09649154,0.32691807
,,1.2562318,6.202356,-7.349237,1664728255916,,2.0750313,-0.76304644,-0.20089816,,,,,,0.18246269,0.21128123,-0.057107083,0.8393319,-0.40355805,-0.0885564,0.32660142
,,1.0121641,5.1039705,-7.769974,1664728256167,,-0.39713848,0.142866,0.21571162,,,,,,0.05023209,0.037853185,0.1308174,0.85451436,-0.41018543,-0.07316939,0.27556977
,,0.957847,4.810132,-7.7095942,1664728256418,,-2.3360233,0.015806125,-0.056734066,,,,,,-0.06286792,-0.0427971,0.28537086,0.8573989,-0.41144425,-0.06572196,0.26341313
,,1.1761521,5.978148,-7.3214784,1664728256670,,0.38110328,-0.15584688,-0.09338595,,,,,,-0.031846963,0.18852326,0.027840853,0.84224397,-0.4041466,-0.08077917,0.31636947
,,1.1972088,6.159843,-7.155975,1664728256921,,1.8062508,-0.63598657,-0.059177525,,,,,,0.011729379,0.15470594,0.032593235,0.83739656,-0.4005974,-0.08753506,0.33147916
,,1.0472587,5.3704505,-7.548159,1664728257171,,0.71891147,0.38110328,-0.12881611,,,,,,0.039238233,0.16559257,0.23982602,0.8540814,-0.40365475,-0.07447051,0.2858635
,,0.9085548,4.694159,-7.7580895,1664728257423,,-2.7880633,0.47884163,0.3097848,,,,,,-0.07054823,-0.0054638702,0.34132227,0.86375165,-0.40453777,-0.06354832,0.2552671
,,1.2338989,6.3889956,-7.164429,1664728257923,,1.7152319,-0.082543105,-0.19112432,,,,,,-0.13548619,0.26406485,-0.062488396,0.835153,-0.4013154,-0.08256944,0.33996737
52.51189359,13.38608151,1.12016,5.685825,-7.413124,1664728258000,7.2651367,-0.31222826,0.1862374,0.08743002,,,,,,-0.09889663,0.08729661,0.11762524,0.8481906,-0.40382645,-0.07306861,0.3029992
,,1.1441681,5.6949973,-7.5915494,1664728258174,,2.0970225,0.110490166,-0.27175847,,,,,,-0.13864498,0.12288464,0.016335884,0.8487318,-0.40120476,-0.070267394,0.30869034
,,0.9682159,4.7509494,-7.923993,1664728258425,,-1.20348,-0.014126248,0.016569708,,,,,,-0.21224572,0.04223037,0.17638542,0.8641617,-0.40082234,-0.05312289,0.2598211
,,1.0421542,4.758127,-8.1211605,1664728258675,,0.7134137,0.068340495,-0.06101012,,,,,,-0.21509036,0.022060703,9.992123E-4,0.86601573,-0.3977587,-0.049586184,0.26049134
,,1.0147164,4.7263823,-8.273264,1664728258925,,0.2540434,0.023136504,-0.053068876,,,,,,-0.21561828,0.13480228,-0.117264986,0.86910796,-0.3946165,-0.046819694,0.2535981
,,0.9038489,3.7284963,-8.676932,1664728259177,,-1.9976041,0.057344932,-0.10254893,,,,,,-0.21220358,-0.027152661,0.037647758,0.8863636,-0.39215747,-0.030606052,0.2064375
,,0.812443,3.5137002,-8.812445,1664728259427,,-1.5131884,0.04940369,0.42523825,,,,,,-0.19190171,-0.07431752,0.10710955,0.89574015,-0.3886464,-0.02705486,0.18937771
,,0.89754784,4.107439,-8.289455,1664728259678,,0.89850575,0.048792824,-5.345067E-4,,,,,,-0.15519886,-0.042246006,0.118662186,0.8822742,-0.38556796,-0.040334243,0.22318678
,,1.0313864,5.0392847,-8.051529,1664728259928,,1.4513384,-0.12408191,-0.21250458,,,,,,-0.059198253,0.09606636,-0.02618707,0.8707274,-0.38421452,-0.057233643,0.26550934
,,0.9522638,5.0681577,-7.909316,1664728260180,,0.75128734,0.009697478,0.20044,,,,,,-0.0555178,0.057182766,0.12095931,0.8692446,-0.38507298,-0.0630942,0.26843527
,,0.9198011,5.1581283,-7.83131,1664728260430,,-0.48449212,0.1392008,-0.012140937,,,,,,-0.036273446,0.06594269,0.18347771,0.8662671,-0.39071792,-0.06858178,0.2706907
,,0.8261618,4.9493146,-8.182097,1664728260931,,-0.06666062,0.04085158,0.0037415468,,,,,,-0.1021976,0.13695024,0.08947509,0.8662631,-0.4034686,-0.067548916,0.25972253
52.51192126,13.38631287,0.9033702,5.4122458,-7.8586674,1664728261000,6.121173,0.11843141,0.0035888306,-0.007864884,,,,,,-0.051365636,0.14757507,0.097977355,0.8616569,-0.3963093,-0.07500493,0.2819141
,,0.6987042,4.2345786,-8.742336,1664728261183,,-0.0080176005,0.012751802,6.8722287E-4,,,,,,-0.15984017,0.10087916,0.10025368,0.8805476,-0.41023156,-0.05363483,0.21834747
,,0.57834524,3.7701313,-9.007064,1664728261434,,0.014584397,0.057955798,-0.015806125,,,,,,-0.23836163,0.06584896,0.1160258,0.8871816,-0.41546354,-0.04548552,0.19307514
,,0.6013162,3.799802,-9.046543,1664728261685,,-0.028787002,0.009697478,-0.07933606,,,,,,-0.23018962,0.055577863,0.026003964,0.88548046,-0.41960308,-0.045595277,0.19301456
,,0.6021936,4.0069404,-9.036893,1664728261936,,0.0353538,-0.0043524117,-0.107435845,,,,,,-0.19799814,0.08731725,-0.01287454,0.8833189,-0.4199603,-0.050750725,0.20169108
,,0.5489134,4.1111875,-9.014082,1664728262187,,0.05184715,-0.07032581,0.044669487,,,,,,-0.122952715,0.113102846,-0.009508737,0.88343847,-0.419263,-0.055757646,0.20118971
,,0.54133624,4.1340795,-8.986485,1664728262439,,-0.015958842,-0.014737112,0.16378812,,,,,,-0.045799207,0.10147211,0.014443238,0.8835457,-0.41849527,-0.06084293,0.20090242
,,0.539741,4.1698127,-8.9947,1664728262689,,0.0041996953,0.0011453715,-0.0891099,,,,,,0.017064357,0.11199315,0.0063949903,0.88316727,-0.4185249,-0.06454275,0.20144133
,,0.51788664,4.1906304,-8.955217,1664728262940,,-0.0410043,-0.051999863,0.1277471,,,,,,0.05958686,0.12885018,0.027915955,0.8828056,-0.41870227,-0.06786919,0.20161451
,,0.5005785,4.212245,-8.906644,1664728263192,,-0.022067491,0.011530072,0.028787002,,,,,,0.07297739,0.119270824,0.06925939,0.8811554,-0.42095897,-0.070971556,0.2028489
,,0.50799626,4.2545185,-8.910632,1664728263442,,-0.0043524117,5.345067E-4,0.058108512,,,,,,0.07888947,0.09736947,0.048184775,0.87830263,-0.42545176,-0.073362686,0.20457324
,,0.51389855,4.278846,-8.835339,1664728263947,,-0.0080176005,-0.061162837,-0.025579963,,,,,,0.017905291,0.037234284,0.073626325,0.86855495,-0.4417465,-0.07777609,0.20983574
52.5119166,13.38650339,0.51820564,4.266403,-8.862934,1664728264000,5.1507206,-0.055054188,-6.8722287E-4,0.049556404,,,,,,0.04122851,0.07520554,0.074249394,0.87374085,-0.4331297,-0.07524291,0.20708828
,,0.46883377,4.3137007,-8.831828,1664728264201,,0.057955798,-0.03733911,0.1466839,,,,,,-0.0025394086,0.023389522,0.04906289,0.864377,-0.44908968,-0.08177476,0.21009721
,,0.45639104,4.2543583,-8.79147,1664728264452,,0.015195262,0.12454005,0.28351763,,,,,,-0.018921342,-0.06778528,0.08725675,0.8590385,-0.4586061,-0.08516898,0.21019746
,,0.49300125,4.3078785,-8.849696,1664728264704,,-0.16317725,0.19173518,0.14546217,,,,,,-0.017971788,-0.044728693,-0.028283246,0.8524336,-0.46958524,-0.0870876,0.21145512
,,0.5281757,4.3475986,-8.83183,1664728264954,,0.040240716,0.18196134,-0.32368198,,,,,,-0.08454104,-0.030332088,-0.064185716,0.8450306,-0.48063916,-0.08717677,0.21543472
,,0.56949174,4.3092346,-8.879287,1664728265205,,0.10071633,0.08727731,-0.3475057,,,,,,-0.119706765,-0.0906949,-0.13901351,0.8424273,-0.48424494,-0.08515666,0.21839522
,,0.59062845,4.28403,-8.913743,1664728265455,,0.12942697,0.055512335,-0.31146467,,,,,,-0.13385983,-0.09114966,-0.16645673,0.8455392,-0.47874242,-0.08126601,0.21854734
,,0.6366504,4.149075,-8.936953,1664728265706,,0.24915648,-0.04405862,-0.28886268,,,,,,-0.1099374,-0.11858972,-0.1516978,0.8525602,-0.46665198,-0.075160414,0.21579559
,,0.6574679,4.026323,-9.064492,1664728265957,,0.101327196,-0.10575596,-0.1392008,,,,,,-0.042046435,-0.07671818,-0.21434046,0.8644694,-0.44593564,-0.06820099,0.20843217
,,0.5272983,3.7526636,-9.143134,1664728266209,,0.42142034,-0.13935353,-0.17951788,,,,,,-0.020204972,-0.08453882,-0.14083093,0.8809379,-0.41819593,-0.06309675,0.19467777
,,0.37184465,3.3761933,-9.252009,1664728266458,,-0.07154754,0.08972076,0.31955865,,,,,,0.081716314,-0.076401725,-0.07960882,0.9003516,-0.38767672,-0.059411682,0.17180924
,,0.11413764,2.7901907,-9.4235735,1664728266961,,-0.058719378,-0.08620829,0.16012293,,,,,,0.14192358,0.054846466,2.5218326E-4,0.9213887,-0.35914168,-0.051999543,0.13210712
52.51193257,13.38660196,0.23282167,3.0908885,-9.322436,1664728267000,4.7681584,0.110490166,0.034742933,0.118584126,,,,,,0.13650933,0.0020447373,-0.0022557895,0.9138502,-0.36802483,-0.05600877,0.15116072
,,-0.008454645,2.5601609,-9.498309,1664728267213,,0.009086614,-0.0049632764,-0.08055779,,,,,,0.09553104,0.09572817,0.01597732,0.92386186,-0.35943645,-0.0494691,0.116708845
,,-0.21567306,2.5196426,-9.5176115,1664728267464,,0.122707464,-0.10758856,-0.3077995,,,,,,-0.021300929,0.25061744,0.052403547,0.92178327,-0.36805916,-0.05073758,0.10499626
,,-0.45830527,2.5056047,-9.499743,1664728267716,,0.4220312,-1.2541817,0.25541782,,,,,,-0.07452997,0.36284748,0.0755949,0.916016,-0.3830124,-0.05860872,0.09342153
,,-1.0920045,2.1311278,-9.400603,1664728267967,,0.035964664,-0.3171152,-0.074449144,,,,,,-0.17682429,0.14153552,0.07676458,0.67400366,-0.28180966,-0.026738686,0.08118418
,,-1.7402202,1.6541579,-9.267083,1664728268217,,0.08239039,0.20639594,0.21021384,,,,,,-0.1477509,-0.12963426,0.08976834,0.37591597,-0.14686379,0.018800944,0.07256292
,,-2.3533413,1.2883754,-9.172166,1664728268470,,0.042684175,0.14897464,0.057497647,,,,,,-0.1293973,-0.27554995,0.102892846,0.07704839,-0.010190157,0.057706766,0.06519695
,,-2.8679576,0.9172487,-9.13508,1664728268721,,-0.0721584,-0.034284785,-0.013973532,,,,,,-0.054642003,-0.38648924,0.061029688,-0.22308806,0.12587298,0.09349511,0.05798494
,,-3.349074,0.51206416,-9.073026,1664728268973,,0.21494804,-0.1503491,-0.07689261,,,,,,0.0014140527,-0.53178865,0.057536505,-0.5234491,0.26089016,0.13380559,0.051003575
,,-3.7438898,0.04737788,-9.0014,1664728269224,,-0.006185006,0.087888174,-0.09338595,,,,,,0.025687091,-0.7235097,0.04847835,-0.8216252,0.3986186,0.18394938,0.049383987
,,-3.6605399,0.025603203,-9.064411,1664728269474,,0.0994946,-0.0184023,0.016569708,,,,,,0.11747361,-0.5670936,0.00879364,-0.88651776,0.41598096,0.19198895,0.054899476
,,-3.5408194,0.04506483,-9.161399,1664728269975,,-0.04344776,0.00481056,-0.023136504,,,,,,0.08325464,-0.24712907,-0.014196713,-0.9023362,0.38623896,0.17967571,0.058805168
52.51192608,13.38661859,-3.583172,0.07617153,-9.139147,1664728270000,5.693111,0.0035888306,-0.0067958706,-0.031688612,,,,,,0.08585892,-0.3487411,-0.013743178,-0.89474046,0.40177438,0.18383104,0.056644738
,,-3.5724838,0.026799623,-9.139068,1664728270226,,0.0011453715,0.008475749,0.022678355,,,,,,0.050642505,-0.16745144,0.0070493063,-0.9080583,0.3728632,0.1786584,0.06077425
,,-3.5405798,-0.070428744,-9.161241,1664728270476,,-0.006185006,-0.003130682,0.0012980876,,,,,,0.057300884,-0.16794066,-0.024779065,-0.9125558,0.3627502,0.17589384,0.0635855
,,-3.4764524,-0.10408778,-9.183096,1664728270726,,0.0017562362,0.002367101,0.009850195,,,,,,0.057521265,-0.113149405,-0.02216959,-0.9171063,0.35367477,0.1711832,0.0651498
,,-3.4669607,-0.11461619,-9.173366,1664728270977,,-0.0074067353,-0.0043524117,-0.0066431547,,,,,,0.034841944,-0.07270271,-0.008083915,-0.9195952,0.34830233,0.16898923,0.06619743
,,-3.4676788,-0.09874381,-9.182297,1664728271230,,-0.0067958706,0.026190827,0.026954409,,,,,,0.019014843,-0.043227475,-0.011469936,-0.92092115,0.3453693,0.16800088,0.06619986
,,-3.4434319,-0.09028918,-9.20487,1664728271480,,-0.019013166,-0.008628465,-0.10254893,,,,,,0.025049336,-0.044580188,-0.024065273,-0.92171234,0.3437554,0.16729821,0.06537637
,,-3.4078584,-0.1934996,-9.216833,1664728271731,,0.014584397,-0.17661628,0.015347977,,,,,,0.07097532,-0.11598846,-0.024095949,-0.92322123,0.33942813,0.16715316,0.0659583
,,-3.4391243,-0.45966122,-9.204232,1664728271982,,-0.20593779,-0.2529744,-0.010919208,,,,,,0.108892195,-0.2947791,-0.034921203,-0.92585236,0.32900485,0.16998535,0.06951162
,,-3.568656,-0.715454,-9.132926,1664728272233,,-0.91270834,0.30291256,-0.10621411,,,,,,0.13716657,-0.47920367,-0.032204214,-0.9300269,0.30927184,0.17780808,0.072234064
,,-3.4684763,-0.2986243,-9.180463,1664728272484,,-2.381838,1.0707695,0.9401972,,,,,,0.15066677,-0.41590536,-0.101674624,-0.74530786,0.24075003,0.14845712,0.072895214
,,-2.233939,2.1463618,-8.227242,1664728272987,,-0.45272717,0.33467755,0.19799654,,,,,,0.27109244,-0.42615655,-0.07836203,-0.14737211,0.039499026,0.050659064,0.18059082
52.51190349,13.38662177,-2.7231915,0.67964137,-8.938707,1664728273000,6.1237326,-0.89865845,-0.15584688,0.2578613,,,,,,0.35792017,-0.536935,-0.18646172,-0.4420756,0.13988753,0.1010381,0.11683066
,,-1.6914067,4.0459437,-7.2209806,1664728273238,,-0.9542471,-0.07399099,0.10392337,,,,,,0.15030518,-0.06331339,0.010919801,0.13996519,-0.057208817,-0.0018063023,0.25701338
,,-1.0904094,5.8136015,-6.003831,1664728273490,,0.7903827,-0.18028148,0.19127703,,,,,,2.9975772E-4,0.023675743,0.17695668,0.420936,-0.14970359,-0.060454454,0.33917883
,,-0.258664,7.3970914,-5.4015574,1664728273743,,1.8276311,0.29802567,-0.21555892,,,,,,-0.038802285,0.11003187,0.12411945,0.7123106,-0.23911268,-0.11834917,0.40710887
,,0.10983052,8.219823,-5.246981,1664728273994,,1.2974005,-0.7954223,-0.3340667,,,,,,-0.2115671,0.2873785,0.079233676,0.83104324,-0.27621847,-0.12977031,0.44751635
,,-0.29575285,7.958766,-5.346443,1664728274248,,-2.0770166,1.0726022,0.061773703,,,,,,-0.5836388,0.33501858,0.24871033,0.83716893,-0.27519473,-0.12510549,0.43046314
,,-0.280359,7.660542,-5.3000226,1664728274499,,-1.2773947,-0.39347327,0.10636683,,,,,,-0.6964579,0.07688492,0.3395443,0.8414009,-0.266039,-0.111815795,0.4293153
,,-0.18903299,7.9678597,-5.299384,1664728274749,,0.09766201,0.8526909,-0.0353538,,,,,,-0.7044473,0.30710047,0.23904805,0.8410283,-0.2519747,-0.10098377,0.43774396
,,-0.067876376,7.6417174,-5.6543994,1664728275001,,2.3401465,0.119653136,-0.5423716,,,,,,-0.5883881,0.07511433,0.08538917,0.8533531,-0.23132025,-0.08317927,0.43148693
,,-0.3154538,7.4398437,-6.259306,1664728275250,,2.5405102,-0.49304423,-0.63644475,,,,,,-0.49356169,0.44432688,0.056289356,0.8769298,-0.20432223,-0.077043384,0.3927576
,,-0.096350975,6.471787,-6.0089355,1664728275502,,-2.4612505,0.10804671,0.32933247,,,,,,0.0019675652,0.05917801,0.6005946,0.8893148,-0.18245451,-0.07770918,0.35978284
52.51192061,13.3867128,0.14763717,7.165706,-5.7239504,1664728276000,6.8437896,-0.31528258,0.24976733,0.12286018,,,,,,0.07416043,0.38387612,0.5430669,0.8853038,-0.16858488,-0.07036746,0.38318342
,,0.41954157,7.3200436,-6.1571317,1664728276006,,1.9155955,-0.8595631,-0.15019637,,,,,,0.35979936,0.7150135,0.32991505,0.89073044,-0.16567332,-0.068557344,0.37350047
,,0.39306104,5.981818,-7.1010203,1664728276257,,1.6089414,-0.26458082,0.32139122,,,,,,0.56282693,0.46147683,0.4178871,0.91874105,-0.17253043,-0.06269156,0.30286306
,,0.26161525,5.1047688,-7.8759766,1664728276510,,-2.3665664,0.8899536,0.3916407,,,,,,0.5364962,0.77804846,0.63846093,0.9421555,-0.18983316,-0.05567605,0.2255878
,,0.6829116,5.101657,-7.728578,1664728276763,,-1.2437971,-0.016569708,0.24625486,,,,,,0.49759942,0.62330973,0.66508114,0.93560696,-0.21050048,-0.042164467,0.23646267
,,0.8396415,6.182735,-7.4987063,1664728277018,,0.6089558,-0.091706075,-0.15447243,,,,,,0.1430983,0.8826694,0.33782706,0.915774,-0.23285364,-0.036674157,0.28829098
,,1.132842,5.94122,-7.6209,1664728277268,,1.7763184,-0.14729477,-0.291917,,,,,,0.30837804,0.7648147,0.34318325,0.91184705,-0.25386828,-0.035382345,0.28500098
,,0.94779706,5.2223353,-7.8959947,1664728277520,,1.0115157,0.17768529,-0.039629854,,,,,,0.1710288,0.73386633,0.48609027,0.9186502,-0.27025422,-0.031265505,0.24643111
,,0.9682158,4.801996,-7.9840517,1664728277773,,-2.309756,0.6407208,0.3635409,,,,,,-0.018633166,0.5169363,0.46776903,0.9162701,-0.2849492,-0.021864144,0.23713197
,,1.2969098,5.698508,-7.7438917,1664728278024,,-1.3366485,-0.012293654,0.1051451,,,,,,0.09471377,0.72971064,0.2650912,0.9024128,-0.2970676,-0.022505175,0.28054878
,,1.2224929,5.8861837,-7.4404016,1664728278274,,0.6077341,-0.5773436,0.0049632764,,,,,,-0.012688001,0.66037947,0.40883306,0.8921395,-0.30639935,-0.031290334,0.2970329
,,1.2340583,5.6316676,-7.7544994,1664728278525,,1.4641665,-0.4832704,0.028176138,,,,,,0.044747252,0.64661795,0.34499276,0.89568883,-0.3165194,-0.030498644,0.2798084
52.51197542,13.3868614,1.0064212,5.080442,-7.925985,1664728279000,6.27458,0.19906557,0.25526512,0.19677481,,,,,,-0.08650026,0.72701687,0.48816532,0.901377,-0.3267183,-0.02577084,0.24488083
,,1.097508,4.847062,-7.9054074,1664728279028,,-2.5345542,0.8991166,-0.04696023,,,,,,-0.12546857,0.46721822,0.35534516,0.8974969,-0.33763283,-0.018748226,0.24548152
,,1.2586247,5.810571,-7.4680796,1664728279279,,-0.36964956,0.2796997,0.07704532,,,,,,-0.12973818,0.5998601,0.27372876,0.88309,-0.3423397,-0.026413826,0.29259256
,,1.2680364,5.9483967,-7.24762,1664728279532,,0.8587995,-0.7752638,0.1833358,,,,,,-0.18607567,0.47600365,0.35816053,0.8765212,-0.34363842,-0.033873223,0.30618587
,,1.3299308,5.637171,-7.605347,1664728279783,,1.9381976,-0.6769145,0.0080176005,,,,,,0.009025355,0.5195246,0.25304452,0.88356835,-0.34928662,-0.03307008,0.28267735
,,1.0815558,4.8750567,-7.8542805,1664728280035,,-0.837572,0.32612544,0.020234896,,,,,,-0.045859266,0.4833197,0.3045126,0.89203084,-0.35109654,-0.02912184,0.24269481
,,1.2476974,4.905605,-7.838568,1664728280285,,-1.8363359,-0.44600764,-0.26442808,,,,,,0.00760896,0.21815602,0.20472172,0.88861567,-0.35183588,-0.029464483,0.2564483
,,1.360479,5.8987865,-7.375078,1664728280537,,0.34811658,-0.2438114,0.22059855,,,,,,0.059106793,0.45993504,0.25456163,0.87377685,-0.35326484,-0.046424024,0.299808
,,1.4982259,5.87414,-7.4054666,1664728280786,,1.5057054,-0.5266418,0.10453424,,,,,,0.21263346,0.38343924,0.23914509,0.869503,-0.36201867,-0.05278393,0.30026004
,,1.3125432,5.2645283,-7.9175315,1664728281036,,1.6712496,0.22472188,-0.22411102,,,,,,0.2039354,0.44313228,0.20549314,0.876964,-0.3751961,-0.049170844,0.26305965
,,1.189233,4.5883965,-8.095636,1664728281288,,-2.69399,0.5729148,0.34032804,,,,,,0.014467537,0.33569986,0.34597594,0.879987,-0.38355345,-0.036873914,0.23528072
,,1.4778073,5.3894343,-7.766463,1664728281539,,-1.2266928,-0.0025198173,0.16928591,,,,,,-0.02676649,0.3194893,0.25125706,0.8654354,-0.39039135,-0.03938945,0.2807493
52.51199418,13.38704594,1.5869999,6.113343,-7.366225,1664728282000,5.803105,0.94309884,-0.24258968,0.062384564,,,,,,-0.14742917,0.43040365,0.15609415,0.84787583,-0.3962897,-0.049677167,0.31918553
,,1.6551155,5.7272215,-7.6491365,1664728282045,,1.9534692,-0.46799877,-0.3523926,,,,,,-0.07935155,0.3427826,0.1593002,0.85190177,-0.40284136,-0.04373316,0.30334535
,,1.292204,4.8031135,-7.9002233,1664728282296,,-0.9744057,0.5020545,0.25663957,,,,,,-0.22550416,0.26640755,0.39859948,0.8656404,-0.40262297,-0.032432742,0.25602356
,,1.3980466,4.782216,-7.9004626,1664728282546,,-2.2083526,0.10682498,-0.02008218,,,,,,-0.3088065,0.09124888,0.25991958,0.8652576,-0.40057296,-0.025291888,0.2607504
,,1.5574088,5.8237314,-7.4957566,1664728282797,,0.0035888306,-0.1796706,-0.21311545,,,,,,-0.35134155,0.21362107,-0.032108385,0.8484118,-0.39839855,-0.037511904,0.3149482
,,1.5562919,5.872465,-7.392466,1664728283048,,1.891161,-0.6909644,-0.1306487,,,,,,-0.31893635,0.20341735,-0.018731976,0.8450247,-0.3974027,-0.0424525,0.32321686
,,1.3765111,5.2177095,-7.9468827,1664728283298,,1.4959315,0.32368198,-0.25709772,,,,,,-0.1974177,0.23404537,-0.01333162,0.8608648,-0.3982131,-0.035420056,0.28075412
,,1.1755939,4.5488353,-8.099864,1664728283550,,-2.6017494,0.8105412,0.14607304,,,,,,-0.29173052,0.15346055,0.036336582,0.8697322,-0.3972373,-0.024990844,0.24814682
,,1.5390636,5.454279,-7.860502,1664728283800,,-1.0495421,0.010308343,-0.05184715,,,,,,-0.20625448,0.29289314,-0.17972757,0.8571967,-0.39798644,-0.029571773,0.29262894
,,1.617947,6.073941,-7.3006616,1664728284051,,0.793437,-0.41241008,-0.29252788,,,,,,-0.20584439,0.3779014,-0.07236611,0.8440146,-0.39482245,-0.040556785,0.33004084
,,1.5054842,5.6859846,-7.5752773,1664728284303,,1.9510257,-0.28962627,-0.15263984,,,,,,-0.077164,0.2858825,0.0072060744,0.85433424,-0.3931809,-0.040955234,0.30777863
,,1.2423536,4.8106103,-8.001598,1664728284553,,-0.77892894,0.32795802,-0.014584397,,,,,,-0.109437026,0.24951223,0.12805493,0.8697318,-0.39270276,-0.031208513,0.25773615
52.51204686,13.38716427,1.2542379,4.72375,-7.8980694,1664728285000,7.058017,-2.1130576,0.30108,-0.25770858,,,,,,-0.2016345,0.09578673,0.19267745,0.8696686,-0.38983786,-0.026926104,0.2626848
,,1.4566706,5.8253264,-7.558767,1664728285054,,0.1098793,-0.42829257,-0.13492475,,,,,,-0.18396235,0.27863458,0.010239919,0.85497814,-0.38467413,-0.04199074,0.31453323
,,1.3975679,5.8414373,-7.511309,1664728285307,,1.3590977,-0.5113702,-0.090942495,,,,,,-0.15698263,0.18393537,0.018892908,0.85383385,-0.38188225,-0.049784686,0.31928012
,,1.2051852,5.2458644,-8.017073,1664728285560,,1.7714314,-0.069104075,-0.37255114,,,,,,-0.087454095,0.2105237,0.05016219,0.86854464,-0.38377985,-0.046964947,0.27799553
,,1.0917653,4.5257053,-8.081999,1664728285812,,-2.5791473,0.41470084,0.41424268,,,,,,-0.10164093,0.16683146,0.2920378,0.87690043,-0.38449642,-0.038206115,0.24241774
,,1.262852,5.340461,-7.7642303,1664728286065,,-1.3287072,0.19540037,0.09598213,,,,,,-0.07715844,0.24544868,0.22733109,0.8654052,-0.38708898,-0.049310986,0.2801136
,,1.4000407,6.108637,-7.31095,1664728286315,,0.8716277,-0.108199425,-0.048792824,,,,,,0.0071561933,0.3866507,0.13378797,0.84869057,-0.38973948,-0.06550518,0.31784257
,,1.3680565,5.7935824,-7.383452,1664728286565,,1.8019748,-0.08743002,-0.24671301,,,,,,0.013658452,0.27146417,0.265521,0.8516277,-0.396932,-0.06501997,0.30416554
,,1.134198,4.93727,-7.7667027,1664728286816,,-0.045891218,0.3578904,0.029397868,,,,,,-0.074701086,0.22761211,0.37619397,0.8636341,-0.4008377,-0.05459254,0.2603635
,,1.1243873,4.651886,-7.749156,1664728287069,,-2.7000988,0.1844048,0.34765843,,,,,,-0.1193065,0.06652677,0.46861365,0.86530465,-0.4013137,-0.04850731,0.25253603
,,1.3023335,5.682076,-7.3579297,1664728287319,,-0.5284744,0.11843141,0.108199425,,,,,,-0.1395873,0.18078932,0.27602845,0.84980065,-0.40329772,-0.062099215,0.30172676
,,1.4031512,5.910751,-7.230073,1664728287570,,1.2870157,-0.22609633,-0.15935935,,,,,,-0.09295061,0.17214364,0.15631314,0.8414948,-0.40397033,-0.06834523,0.31860378
52.51204036,13.3873359,1.2985053,5.505565,-7.5803823,1664728288000,8.246674,2.098855,-0.22853978,-0.25465426,,,,,,-0.07919798,0.15478654,0.21344428,0.8514556,-0.40850967,-0.06313587,0.2921606
,,1.1161721,4.6544394,-7.875817,1664728288071,,-0.88338685,0.0457385,-0.068340495,,,,,,-0.1315254,0.05846835,0.30256897,0.86229295,-0.4093175,-0.051443603,0.2525201
,,1.2228124,4.8671613,-7.724111,1664728288323,,-2.0666318,0.03718639,-0.12576179,,,,,,-0.11225045,-0.07769087,0.2350266,0.8594,-0.40795594,-0.050823916,0.26844102
,,1.4097714,5.8360147,-7.3749986,1664728288575,,-0.111253746,-0.10331251,-0.11904228,,,,,,-0.09774974,0.12219775,0.0039382298,0.8445444,-0.40477914,-0.062436033,0.31479976
,,1.4202201,5.8011584,-7.399325,1664728288826,,1.5655701,0.040240716,-0.113544494,,,,,,-0.120525025,0.089666225,0.0065146447,0.8442374,-0.39982733,-0.060652394,0.3209324
,,1.2906088,5.3308887,-7.7355165,1664728289078,,2.0231078,-0.41241008,-0.17524183,,,,,,-0.08847532,0.09768834,0.09279987,0.8591208,-0.39542314,-0.050980005,0.2911412
,,1.1639487,4.581698,-7.8469424,1664728289329,,-1.3378702,0.4825068,0.19372049,,,,,,-0.11143525,-0.019332636,0.25747102,0.87001115,-0.3893658,-0.040783294,0.25714582
,,1.3030515,5.105566,-7.728818,1664728289580,,-1.7844124,0.014584397,-0.13309216,,,,,,-0.04367412,0.017412234,0.14196533,0.8658327,-0.3861925,-0.04586999,0.28099424
,,1.3931012,5.8930435,-7.390552,1664728289830,,0.17279838,-0.12408191,-0.01763872,,,,,,-0.04048358,0.24700375,0.07394012,0.8527281,-0.38413474,-0.059605364,0.31590852
,,1.380579,5.7580886,-7.3802633,1664728290084,,1.3908627,-0.33177593,-0.08544471,,,,,,0.01920906,0.1879864,0.14693633,0.85417616,-0.38413826,-0.05956493,0.31314412
,,1.317249,5.287021,-7.723234,1664728290335,,1.9375867,-0.32994333,-0.31512988,,,,,,0.085621744,0.1457681,0.20584045,0.86493695,-0.38645092,-0.05395721,0.28361598
,,1.2496916,4.6798816,-7.851409,1664728290587,,-1.686674,0.47517645,0.18211406,,,,,,0.059190076,0.017101586,0.28236303,0.87035733,-0.3869975,-0.045898445,0.25753164
52.51207006,13.38747078,1.4559529,5.3240304,-7.7184477,1664728291000,9.114331,-1.5211296,0.06223185,-0.28397575,,,,,,0.058110036,0.06939973,0.12703209,0.86271924,-0.3875686,-0.049700297,0.28967884
,,1.5250256,5.8821955,-7.3487573,1664728291090,,0.70119643,-0.22365287,-0.108657576,,,,,,0.070544,0.14632314,0.100212365,0.85084003,-0.38494122,-0.060214218,0.32099622
,,1.5338789,5.71422,-7.4676003,1664728291340,,1.5576289,-0.13691007,-0.08116866,,,,,,0.12816112,0.080646805,0.12839957,0.85430104,-0.3852735,-0.0583015,0.3141884
,,1.3939784,5.2515287,-7.816793,1664728291591,,2.1061854,-0.08071051,-0.36949682,,,,,,0.13660462,0.095805615,0.17041302,0.86559474,-0.38803563,-0.053071786,0.2806919
,,1.2797612,4.6372113,-7.934041,1664728291842,,-2.1313837,0.5332086,0.12652537,,,,,,0.14528368,0.010560016,0.25769827,0.8705142,-0.38951078,-0.046535533,0.25353277
,,1.4287544,5.3639903,-7.7466035,1664728292094,,-1.6207006,-0.04344776,0.27252206,,,,,,0.15199281,0.12396257,0.13077639,0.86095345,-0.39311525,-0.0553505,0.28575382
,,1.4334604,5.8287563,-7.401718,1664728292344,,0.52160215,0.3126864,0.008628465,,,,,,0.14438324,0.153854,0.10218511,0.84755313,-0.39518487,-0.06821329,0.31305286
,,1.4380068,5.7060843,-7.53787,1664728292597,,1.7140102,-0.5174788,-0.27359107,,,,,,0.14763147,0.12852894,0.10931832,0.84932816,-0.3998236,-0.066572316,0.3054014
,,1.3070395,5.199285,-7.880363,1664728292847,,1.5802308,0.09277509,-0.24793474,,,,,,0.11977598,0.18006787,0.12726885,0.8580499,-0.40529048,-0.059829656,0.27425605
,,1.2496117,4.685067,-7.9528656,1664728293098,,-2.1362705,0.5002219,0.17539455,,,,,,0.02596051,0.020151082,0.21603216,0.8607339,-0.40790287,-0.050623763,0.25626215
,,1.4679967,5.589235,-7.6105323,1664728293350,,-1.3488657,0.28153232,-0.23083054,,,,,,-0.01384865,0.12861516,0.10016448,0.84909314,-0.4106614,-0.056872435,0.29718006
,,1.4671991,5.9326844,-7.2603817,1664728293601,,0.8416953,0.35056004,0.07032581,,,,,,-0.09460906,0.10740844,0.061930783,0.8375842,-0.4077302,-0.06355723,0.32565126
52.51208047,13.38762453,1.5088341,5.6938806,-7.4893746,1664728294000,8.858646,1.4385102,-0.47594002,-0.32368198,,,,,,-0.06828287,0.071481705,0.06995306,0.84406286,-0.40574458,-0.05643301,0.31608042
,,1.3611971,5.173124,-7.796693,1664728294105,,1.3187807,0.09277509,-0.17463097,,,,,,-0.044738553,0.16345929,0.1601859,0.8571644,-0.4035802,-0.048413943,0.28154707
,,1.2982658,4.707082,-7.8031545,1664728294355,,-2.310978,0.45807222,0.498542,,,,,,-0.07673173,-0.023296542,0.27953613,0.86238104,-0.39936846,-0.042129908,0.26561725
,,1.5325233,5.56754,-7.5330853,1664728294607,,-1.2334124,0.07322741,0.062384564,,,,,,0.040487938,0.14333907,0.14409752,0.8522964,-0.39840648,-0.054013234,0.3036934
,,1.5125031,5.858029,-7.2748194,1664728294859,,0.861243,-0.10636683,0.030619597,,,,,,0.037801012,0.16983135,0.14396243,0.8434016,-0.39647466,-0.06484376,0.32341975
,,1.5471196,5.611328,-7.5657067,1664728295110,,1.5777874,-0.41363183,-0.1532507,,,,,,0.1316347,0.14638901,0.20884241,0.8509101,-0.39982828,-0.06184536,0.3051582
,,1.3379071,5.0672,-7.8622565,1664728295361,,0.6944769,0.36766425,-0.060399257,,,,,,0.1146543,0.27883202,0.28057104,0.8612328,-0.40418732,-0.054392513,0.26737437
,,1.3509079,4.6912875,-8.009813,1664728295610,,-2.188194,0.49533498,0.10453424,,,,,,0.01648879,0.024414659,0.27981466,0.8614875,-0.4074547,-0.048021134,0.25988734
,,1.5180068,5.57767,-7.752187,1664728295862,,-0.8106939,0.51854783,0.09231694,,,,,,0.028532803,0.1646711,0.10295684,0.8478605,-0.4104794,-0.059076358,0.30177343
,,1.4833108,5.8104115,-7.574161,1664728296113,,0.9266055,-0.06666062,0.05627592,,,,,,-0.048385397,0.20894839,0.026668454,0.8397737,-0.40965712,-0.06374208,0.3195761
,,1.510589,5.4669623,-7.8630548,1664728296364,,1.7842597,-0.51992226,-0.07139482,,,,,,0.023827115,0.14376497,0.037428394,0.8487488,-0.4105454,-0.056301408,0.30105004
,,1.3380665,4.787559,-8.111749,1664728296617,,-0.0037415468,0.37988153,0.045891218,,,,,,-0.0028071036,0.12226705,0.108648986,0.85934526,-0.41096595,-0.046923146,0.26409608
52.51208354,13.38775441,1.3481959,4.6703906,-8.087422,1664728297000,8.853204,-2.540663,0.67126405,0.25053093,,,,,,0.005198586,-0.07054338,0.0762442,0.8591557,-0.4115292,-0.045673687,0.26302764
,,1.5058032,5.72092,-7.6429954,1664728297120,,-0.60544336,0.10193806,0.031230463,,,,,,0.089429475,0.26521438,-0.04724722,0.84512585,-0.4130039,-0.06037234,0.30342346
,,1.5218351,5.9036517,-7.4083385,1664728297371,,1.0732131,-0.24320054,0.026954409,,,,,,0.07116733,0.24184994,-0.04804098,0.8382479,-0.41437286,-0.066319264,0.3152729
,,1.5322838,5.5197625,-7.7342405,1664728297623,,1.665141,-0.66775155,0.088651754,,,,,,0.1503596,0.14582796,0.0021380107,0.84549934,-0.41977173,-0.06210675,0.29404172
,,1.3038487,4.8680387,-7.91418,1664728297874,,-0.25053093,0.17829616,0.03611738,,,,,,0.049324196,0.1878429,0.17544828,0.8528237,-0.42490622,-0.053044572,0.2593141
,,1.3540982,4.912385,-7.863612,1664728298124,,-2.3989422,0.36766425,0.22548546,,,,,,0.027276643,0.08018027,0.18768288,0.849069,-0.42883426,-0.05207821,0.26862317
,,1.545923,5.79741,-7.5412984,1664728298375,,-0.6720276,0.11293363,0.20654866,,,,,,0.051734593,0.26446965,0.07803481,0.8340694,-0.43050572,-0.06587287,0.30958483
,,1.5124234,5.7830534,-7.408258,1664728298625,,1.2735767,0.03046688,0.04772381,,,,,,-0.005963111,0.10515199,0.09229492,0.8280914,-0.43198645,-0.07068304,0.31887233
,,1.5626727,5.39765,-7.764549,1664728298876,,1.6266565,-0.27191117,-0.27053675,,,,,,0.093254775,0.09850602,0.1377685,0.83514744,-0.43656772,-0.06376993,0.2996153
,,1.3945372,4.8283167,-7.893602,1664728299127,,-0.4069123,0.23449571,0.0037415468,,,,,,0.0111058755,0.14068788,0.23611055,0.8432923,-0.4375668,-0.053483084,0.2684161
,,1.5285351,4.9990845,-7.8850684,1664728299378,,-2.074573,0.15874848,-0.13309216,,,,,,-0.037040133,-0.0014178792,0.08954784,0.84052783,-0.43748248,-0.051611803,0.28143623
,,1.6744175,5.849653,-7.5522265,1664728299630,,-0.5492438,0.09033163,0.045891218,,,,,,-0.0643981,0.17755198,-0.09173033,0.8281049,-0.43529192,-0.062887244,0.3186662
52.51208542,13.3879145,1.6997814,5.8568316,-7.4595447,1664728300000,9.880847,1.5582397,-0.64881474,-0.010919208,,,,,,-0.06286899,0.13719784,-0.09362793,0.8257798,-0.43292302,-0.063366614,0.3256086
,,1.6936398,5.3499527,-7.768298,1664728300131,,1.7335579,-0.5089267,-0.37255114,,,,,,0.031342324,0.060721908,-0.0028494834,0.8372628,-0.4331964,-0.054479323,0.30153072
,,1.4825928,4.689773,-7.9161754,1664728300382,,-1.0599267,0.39454228,0.07948878,,,,,,-0.05853967,0.008444158,0.09994451,0.8484455,-0.42957684,-0.044110883,0.2664661
,,1.6382858,4.984169,-7.7792263,1664728300634,,-1.4056762,-0.03489565,-0.43730283,,,,,,-0.07532308,-0.10028921,0.10182799,0.84521425,-0.42752364,-0.044335023,0.2846023
,,1.7714864,5.823172,-7.4140806,1664728300885,,-0.038560838,-0.30428702,0.061773703,,,,,,0.06068467,0.12309788,0.026493566,0.8345785,-0.42204416,-0.059155915,0.3196334
,,1.7968503,5.7683773,-7.389514,1664728301138,,1.5411354,-0.35437793,-0.19112432,,,,,,0.14835505,0.07111943,0.07455324,0.83475643,-0.42016336,-0.061702307,0.32086462
,,1.6914067,5.23087,-7.76423,1664728301391,,1.9870667,-0.1051451,-0.27359107,,,,,,0.2423069,0.06826861,0.174313,0.8477054,-0.4224957,-0.05618506,0.28714353
,,1.4972689,4.6547575,-7.9203215,1664728301641,,-1.9359069,0.5362629,0.4643336,,,,,,0.118351065,0.06739782,0.25486884,0.8550236,-0.42446142,-0.04677044,0.25394276
,,1.6807185,5.325546,-7.7016187,1664728301890,,-1.4863104,0.017027855,-0.1673006,,,,,,0.09170355,0.17035787,0.21942571,0.8437784,-0.43022123,-0.051284853,0.2862437
,,1.7090338,5.975198,-7.3776307,1664728302140,,0.49533498,0.09766201,-0.066507906,,,,,,0.054869674,0.2661248,0.058793657,0.8283958,-0.43021882,-0.06509458,0.32220525
,,1.7414167,5.751069,-7.5123467,1664728302390,,1.7225623,-0.32261297,-0.3835467,,,,,,0.028845202,0.14750682,0.055488776,0.82858104,-0.43307045,-0.06252072,0.31918684
,,1.5470397,5.276094,-7.8088975,1664728302641,,1.6712496,-0.18272492,-0.21616977,,,,,,0.0043860185,0.28045604,0.16080816,0.8419259,-0.43433455,-0.053315494,0.28147182
52.51209733,13.38802602,1.4370496,4.722714,-7.8513303,1664728303000,9.272059,-2.3574035,0.5307651,0.43195775,,,,,,-0.11481828,0.14340347,0.23243631,0.8481272,-0.43196294,-0.04278699,0.25912488
,,1.7033708,5.5336413,-7.5975313,1664728303146,,-1.3262638,-0.23159412,0.066049755,,,,,,0.015812604,0.21052976,0.08729396,0.83937687,-0.42889974,-0.05362763,0.29724216
,,1.6885351,5.9264636,-7.340541,1664728303399,,0.6663771,-0.18150319,0.06788235,,,,,,0.080134615,0.1863932,0.03487549,0.83217716,-0.42397088,-0.06997581,0.31691876
,,1.6973885,5.589555,-7.6049485,1664728303650,,1.6877431,-0.73372495,0.07032581,,,,,,0.30293792,0.21802305,0.16490626,0.83956015,-0.42998666,-0.07215197,0.29329148
,,1.4179868,4.8936415,-7.853802,1664728303901,,-0.16500984,0.508774,0.155236,,,,,,0.3337223,0.26924393,0.35097763,0.8482811,-0.4412443,-0.0669469,0.24601693
,,1.4601004,4.589992,-7.808498,1664728304152,,-2.4013858,0.45440704,-0.0457385,,,,,,0.31187865,0.05717288,0.4589832,0.8413685,-0.45532745,-0.06463655,0.24264447
,,1.6795219,5.765586,-7.4341016,1664728304403,,-0.6769145,-0.075212725,0.22426373,,,,,,0.39845046,0.3768273,0.31885388,0.8188976,-0.46791568,-0.085136965,0.2895031
,,1.6409974,6.023851,-7.2132435,1664728304654,,1.3939171,-0.17356196,-0.053068876,,,,,,0.2852573,0.41363904,0.31338823,0.80218196,-0.48070878,-0.09750453,0.30599007
,,1.6297513,5.585965,-7.5148983,1664728304904,,2.1104615,-0.59200436,-0.13797908,,,,,,0.2742655,0.4137523,0.3356472,0.80265105,-0.49675328,-0.09009734,0.28542748
,,1.4424732,4.876493,-7.6752186,1664728305160,,-1.202869,0.35056004,0.016569708,,,,,,0.031857636,0.31702754,0.45454115,0.80552995,-0.5078233,-0.07275336,0.25522885
,,1.6263218,5.30114,-7.5121074,1664728305412,,-1.6512438,0.029245151,-0.25587597,,,,,,-0.06689007,0.26726162,0.29946598,0.7949956,-0.5129167,-0.07219884,0.28409415
,,1.7701304,6.212566,-7.1988873,1664728305664,,0.29497132,-0.13080142,0.022678355,,,,,,-0.12056036,0.48202652,0.02870741,0.7774023,-0.5101669,-0.08849468,0.33065432
52.51212374,13.3881755,1.7752353,5.9927444,-7.222417,1664728306000,13.434193,1.5991676,-0.011071924,-0.09277509,,,,,,-0.25622192,0.24841118,0.0024420102,0.7755577,-0.51015717,-0.085663415,0.33517936
,,1.6578274,5.472385,-7.610373,1664728306165,,1.7305036,-0.26519167,-0.35300347,,,,,,-0.27260885,0.2676196,0.073857866,0.7901642,-0.5106877,-0.06968252,0.3035547
,,1.497987,4.7924247,-7.749715,1664728306416,,-2.1619267,0.2796997,0.097814724,,,,,,-0.39279062,0.060725436,0.16732112,0.8019774,-0.50465316,-0.054476045,0.2765368
,,1.573919,5.5369916,-7.490014,1664728306667,,-1.5657228,0.16241367,-0.13003784,,,,,,-0.40793073,0.07299228,0.02020413,0.79656315,-0.4951032,-0.06754814,0.31132695
,,1.6110873,6.220541,-7.12487,1664728306918,,0.20028728,0.2937496,-0.022525638,,,,,,-0.38918486,0.20881625,-0.12326571,0.7872146,-0.48199236,-0.08440303,0.343868
,,1.5310075,6.2408795,-6.944929,1664728307169,,-0.33788458,0.12515092,-0.14530946,,,,,,-0.45141,0.06260026,-0.04248791,0.7900299,-0.4715376,-0.083539955,0.3499759
,,1.4998213,6.489734,-6.6462255,1664728307419,,0.18501566,-0.0012980876,-0.26320636,,,,,,-0.4166182,0.132907,-0.034559347,0.7908013,-0.45618746,-0.08485805,0.36375242
,,1.546003,7.0928855,-6.0889363,1664728307670,,0.040240716,0.014584397,0.0043524117,,,,,,-0.41668805,0.051874463,-0.09429441,0.7825234,-0.43610093,-0.09667308,0.40512887
,,1.6565512,8.27502,-5.4721465,1664728307921,,0.041462447,-0.13385575,-0.15752676,,,,,,-0.351186,0.23408213,-0.19490801,0.7688883,-0.41856652,-0.117920615,0.4622009
,,1.6176279,8.573324,-4.977389,1664728308173,,0.045127634,-0.17905974,0.1155298,,,,,,-0.28946817,0.21626903,-0.06241483,0.76527745,-0.40306345,-0.12728763,0.48432449
,,1.5170497,8.474979,-4.805426,1664728308426,,-0.014126248,-0.14607304,0.09659299,,,,,,-0.24278085,0.14303252,0.20498091,0.7716293,-0.39450672,-0.12866907,0.48129866
,,1.5207187,8.559048,-4.726782,1664728308679,,-0.026954409,-0.12652537,0.14485131,,,,,,-0.06735325,0.21331917,0.29462782,0.77478665,-0.39129016,-0.13546203,0.47700903
52.51214516,13.38847674,1.4970298,8.5639925,-4.68722,1664728309000,20.384995,0.083612114,-0.15095995,-0.010919208,,,,,,0.07046871,0.21388687,0.41503823,0.77556187,-0.3942439,-0.14465426,0.4704645
,,1.5221543,8.580423,-4.6740594,1664728309182,,-0.11919499,-0.37942338,0.2438114,,,,,,0.23234524,0.25634772,0.45125285,0.7733175,-0.40197226,-0.15522982,0.46402243
,,1.5948163,8.601081,-4.639284,1664728309433,,-0.091706075,-0.17234023,0.2994001,,,,,,0.38036203,0.27614,0.48352227,0.7667749,-0.41576383,-0.16719422,0.4580581
,,1.7049658,8.646066,-4.868596,1664728309685,,0.6095667,-0.12286018,0.30428702,,,,,,0.4159784,0.33630997,0.33830917,0.7562632,-0.43593752,-0.1756343,0.45285612
,,1.8120846,8.410692,-5.2706704,1664728309936,,1.281518,-0.14546217,0.057497647,,,,,,0.3972454,0.29787642,0.14030428,0.7482637,-0.46025956,-0.17499265,0.44061536
,,1.7155741,7.697631,-5.868078,1664728310188,,1.9259803,-0.3598757,-0.4757873,,,,,,0.23718148,0.19215752,0.09874358,0.7510108,-0.4836376,-0.16136593,0.40757197
,,1.4588242,6.485826,-6.5637517,1664728310440,,-0.6952405,0.19417864,0.015347977,,,,,,-0.037843917,-0.004880373,0.18495049,0.7645326,-0.4998027,-0.13434675,0.35336474
,,1.4628123,5.8349776,-7.259584,1664728310691,,-1.885205,-0.35559967,-0.33651012,,,,,,-0.16862947,-0.12599823,0.009797207,0.7755608,-0.5104737,-0.11288469,0.32001203
,,1.3757132,5.6444297,-7.506045,1664728310944,,-0.123471044,-0.09353867,-0.10560325,,,,,,-0.33965284,-0.13487941,-0.050781813,0.77912694,-0.51103586,-0.103460796,0.31666788
,,1.3573684,5.5576496,-7.634859,1664728311195,,1.7995313,-0.36781695,-0.36216646,,,,,,-0.3744612,-0.13738744,-0.09150685,0.78676146,-0.5045205,-0.0942624,0.31405392
,,1.2039088,5.1113076,-7.9375515,1664728311445,,1.8117486,-0.19860741,-0.09705114,,,,,,-0.3708247,-0.110872604,0.030096602,0.80614686,-0.49344695,-0.08116162,0.2852489
,,1.1242278,4.6333027,-7.9323654,1664728311696,,-2.8992405,0.54053897,0.22059855,,,,,,-0.32294288,-0.2012034,0.21835664,0.81968063,-0.48105973,-0.07162118,0.26300102
52.51209219,13.38873965,1.3614361,5.6105304,-7.659345,1664728312000,18.819277,-0.74899656,0.2955822,0.15401429,,,,,,-0.15365213,-0.05894313,0.011633396,0.81160957,-0.4711823,-0.0882229,0.30297694
,,1.403869,6.2048273,-7.1895556,1664728312201,,1.6614759,-0.30856308,-0.27359107,,,,,,-0.11938632,0.115340784,0.11670572,0.8015007,-0.46505204,-0.10145328,0.33288813
,,1.3964512,5.761597,-7.5204825,1664728312454,,2.0279946,-0.3030653,-0.44035715,,,,,,-0.018516254,0.11254535,0.13907309,0.8148651,-0.46540827,-0.08959823,0.30239263
,,1.2835898,4.6497326,-7.9731236,1664728312704,,-2.6933792,0.6547707,0.17478369,,,,,,-0.002235641,-0.10970148,0.30763462,0.8337229,-0.46490967,-0.06946262,0.2518307
,,1.4022739,5.133402,-7.665567,1664728312956,,-0.94569504,0.31879506,0.06360629,,,,,,-0.009334135,-0.025570964,0.2676028,0.8267388,-0.46162304,-0.073236816,0.27613366
,,1.6361325,6.172605,-7.373962,1664728313208,,1.6333761,-0.38369945,-0.24732387,,,,,,0.037319537,0.14112386,-0.05508054,0.80991167,-0.4574867,-0.08947163,0.32786456
,,1.5893127,5.786164,-7.5393057,1664728313460,,1.9779038,-0.27801985,-0.35361436,,,,,,0.05456399,0.15984154,0.066348486,0.8180119,-0.4571643,-0.081691466,0.30862743
,,1.2813563,4.630031,-7.9834127,1664728313712,,-1.2199733,0.0011453715,0.003130682,,,,,,-0.0035743038,-0.019926645,0.23400316,0.83865076,-0.4548687,-0.061786238,0.25199294
,,1.208216,4.4772105,-8.188876,1664728313965,,0.47028953,-0.15829034,0.035506517,,,,,,-0.052179042,0.017968766,0.14922532,0.8449935,-0.44915912,-0.05693825,0.24196179
,,1.1589237,4.797051,-8.186245,1664728314216,,-0.20899211,-0.0012980876,-0.10071633,,,,,,-0.059038844,0.20343666,0.08209976,0.84556806,-0.44588247,-0.060222022,0.2491542
,,1.0016357,4.1083965,-8.610254,1664728314466,,0.13553563,-0.031230463,0.067271486,,,,,,-0.04524613,0.054241743,0.06623428,0.85866237,-0.44251266,-0.051767997,0.21744005
,,0.8078967,3.30393,-9.036575,1664728314718,,-0.02573268,0.023747368,0.04650208,,,,,,-0.042312264,-0.01770149,0.21947446,0.8778406,-0.44037342,-0.037979405,0.1724152
52.51207844,13.38895362,0.7087541,2.993182,-9.190034,1664728315000,19.678755,-0.042836893,0.16546799,0.0067958706,,,,,,-0.088679746,-0.066770576,0.17801246,0.8834153,-0.43816906,-0.033624403,0.1585805
,,0.8336593,3.4431918,-9.228239,1664728315220,,0.012140937,-0.0037415468,0.03489565,,,,,,-0.033251025,0.11833419,0.011827691,0.8807564,-0.4385148,-0.037369993,0.17433767
,,0.8499305,3.3808188,-9.16124,1664728315471,,0.04085158,-0.022678355,-0.033521205,,,,,,-0.03717881,0.029186781,0.081811175,0.8798679,-0.44013885,-0.036786094,0.17504667
,,0.88127655,3.3749967,-9.179186,1664728315722,,0.020693045,0.01886045,0.06543889,,,,,,-0.03142743,0.026903613,0.031477325,0.8793695,-0.43991965,-0.03740917,0.17802311
,,0.88175523,3.410969,-9.13508,1664728315973,,-0.006185006,-0.07826705,0.06482802,,,,,,-0.04104707,0.06707813,0.054941878,0.87875277,-0.4407342,-0.03652208,0.17929572
,,0.92554384,3.469753,-9.155179,1664728316222,,-0.028176138,-0.0074067353,0.020234896,,,,,,-0.01479458,0.114520125,-0.013750807,0.8782005,-0.44105098,-0.036012456,0.18139663
,,0.96151584,3.5314074,-9.166505,1664728316475,,-0.005574141,-0.11308634,0.012293654,,,,,,0.039130874,0.13410978,-0.041433748,0.87838024,-0.4402686,-0.03594329,0.18246914
,,0.97443706,3.4746974,-9.188279,1664728316727,,0.007864884,-0.01962403,0.04772381,,,,,,0.053535376,0.06681635,-0.026705552,0.8790638,-0.43907306,-0.03614559,0.18203937
,,0.98919296,3.4423943,-9.214919,1664728316980,,-0.114308074,0.09888373,-0.0457385,,,,,,0.07614651,0.028689409,-0.03374853,0.8793798,-0.43883607,-0.036290128,0.18106864
,,1.0337793,3.4734213,-9.215396,1664728317232,,-0.031230463,0.053068876,-0.021303909,,,,,,0.088193275,-0.010506264,-0.02816782,0.8784551,-0.44050166,-0.036127232,0.18150243
,,1.0330614,3.5152159,-9.245228,1664728317483,,0.09155336,-0.10453424,0.06788235,,,,,,0.06162101,0.014232222,-0.0674497,0.87777495,-0.4414825,-0.036183033,0.18238674
,,1.04351,3.518805,-9.312307,1664728317733,,-0.19738568,0.101327196,-0.06772963,,,,,,0.054436762,-0.049980555,-0.10222355,0.87761533,-0.44154164,-0.03541527,0.18314844
52.51219113,13.38942194,1.0009977,3.5405796,-9.239167,1664728318000,14.02344,0.17340924,0.050014555,0.08498656,,,,,,-0.023978613,-0.037328854,-0.02780881,0.8770181,-0.44209298,-0.035188597,0.18470377
,,0.99046916,3.6055846,-9.194819,1664728318236,,0.024969097,-0.14546217,-0.07994693,,,,,,-0.0733175,0.028301906,-0.005584097,0.87589526,-0.44356757,-0.034741167,0.18656565
,,0.95306134,3.6877387,-9.1669035,1664728318487,,-0.037949976,-0.029397868,0.09231694,,,,,,-0.12916392,0.099900566,-0.01870381,0.8750571,-0.44447505,-0.034405697,0.18840852
,,0.93112713,3.7829733,-9.159407,1664728318738,,0.07322741,0.18868086,-0.11415535,,,,,,-0.15097341,0.16315342,-0.019167963,0.8743617,-0.44510633,-0.033928532,0.19018306
,,0.9413365,3.7801812,-9.146484,1664728318988,,-0.017180571,-0.06543889,-0.17646356,,,,,,-0.17827965,0.14199343,-0.02311147,0.8738175,-0.4453879,-0.03236402,0.19225155
,,0.87433743,3.7984467,-9.0544405,1664728319241,,0.2748128,-0.13263401,-0.060399257,,,,,,-0.27028227,0.19821124,0.039342783,0.8744511,-0.44300953,-0.032247353,0.19469029
,,0.8836693,3.5564523,-9.207182,1664728319493,,-0.6763037,0.21006113,0.12224931,,,,,,-0.21617699,0.0948528,-0.0851583,0.87860686,-0.43766117,-0.028600952,0.18598945
,,0.9356734,3.5349166,-9.016315,1664728319744,,-2.0776274,0.36949682,0.03489565,,,,,,-0.25405008,-0.12793198,0.0059627374,0.87893283,-0.43091258,-0.026952703,0.19543488
,,1.0955937,4.311946,-8.542695,1664728319994,,-0.24197881,0.5680279,-0.015195262,,,,,,-0.32605788,-0.018465774,-0.11558636,0.8666635,-0.42089826,-0.031842526,0.23921826
,,1.2800006,4.9828134,-8.093484,1664728320246,,1.312672,0.33467755,-0.3682751,,,,,,-0.43890914,-0.043006483,-0.31533197,0.8548656,-0.40349206,-0.031181755,0.28804177
,,1.4634503,5.2760944,-7.8889766,1664728320498,,1.9351432,-0.07704532,-0.66820973,,,,,,-0.46530852,-0.15461302,-0.41369632,0.8564343,-0.37626955,-0.022768073,0.3165917
,,1.4935998,5.069514,-7.8892956,1664728320748,,-0.5425243,0.4641809,-0.40248352,,,,,,-0.5484609,-0.26584318,-0.39216802,0.8694812,-0.3393296,-0.007797259,0.3122233
52.51219138,13.38962421,1.6750556,5.285107,-7.673463,1664728321000,13.623531,-1.7850232,0.4171443,-0.49350238,,,,,,-0.68765134,-0.37761596,-0.33971995,0.8768342,-0.2981072,0.010440246,0.33182162
,,1.8035502,6.0028744,-7.51107,1664728321250,,0.10499238,0.3077995,-0.14164427,,,,,,-0.7057712,-0.13045715,-0.6017242,0.878473,-0.24883486,0.029566769,0.36428985
,,1.7913468,5.9189663,-7.51155,1664728321500,,0.6755401,0.117820546,0.021456625,,,,,,-0.69849855,-0.23433572,-0.58901393,0.89210933,-0.1963131,0.057315364,0.36475658
,,1.8447068,5.662137,-7.6637335,1664728321750,,1.3658173,-0.10025818,-0.44402233,,,,,,-0.530502,-0.26406062,-0.42747626,0.91274434,-0.14633654,0.07945345,0.34410444
,,1.6826328,5.413043,-7.790154,1664728322001,,1.5557963,-0.045280352,-0.41958773,,,,,,-0.48585743,-0.14421813,-0.287407,0.9277269,-0.09576387,0.08797712,0.31727165
,,1.6616557,5.245785,-7.792944,1664728322253,,-1.5046363,0.56986046,0.0049632764,,,,,,-0.38259572,-0.14824392,-0.2701119,0.93264747,-0.049226586,0.090254776,0.30399877
,,1.7004193,5.4153566,-7.718847,1664728322505,,-1.2273037,0.35911214,-0.50755227,,,,,,-0.26432866,-0.022860777,-0.22456107,0.93455154,-0.010886924,0.09701937,0.3013666
,,1.6743377,5.3574505,-7.7152576,1664728322756,,-0.41179922,0.16485713,0.030619597,,,,,,-0.20595735,-0.06079669,-0.13827707,0.93714267,0.023410166,0.107926056,0.29330385
,,1.7166908,5.385367,-7.695238,1664728323008,,0.7549525,0.05184715,0.11797326,,,,,,-0.13609247,0.0076587996,-0.07432184,0.9383137,0.054108985,0.11936416,0.28593734
,,1.7078372,5.3298535,-7.689416,1664728323258,,1.6034437,-0.37636906,-0.6132319,,,,,,-0.058370575,0.021124514,-0.0028372605,0.9385866,0.083415985,0.12604228,0.27923948
,,1.6390038,5.18429,-7.738229,1664728323509,,0.6150645,0.39881834,-0.054901473,,,,,,-0.006497406,0.05219732,0.051300827,0.9375689,0.11096367,0.12456074,0.26934227
,,1.6705093,5.2794447,-7.736474,1664728323761,,-2.0629668,0.806876,0.10331251,,,,,,-0.044284996,0.07726108,0.06279327,0.9341858,0.13088803,0.12773645,0.2708643
,,1.6971495,5.690211,-7.439125,1664728324262,,0.5106066,-0.011682789,-0.16241367,,,,,,-0.014174144,0.24406126,0.16576909,0.92472947,0.16323915,0.14206976,0.27978453
,,1.7979668,5.5050874,-7.6339808,1664728324513,,1.7384448,-0.3568214,-0.32368198,,,,,,0.18220629,0.24126588,0.21724486,0.92790717,0.17801632,0.14074638,0.26609948
,,1.5810974,5.1793437,-7.8550773,1664728324766,,1.4281255,0.048792824,-0.066507906,,,,,,0.17705967,0.3908218,0.2951938,0.93233883,0.1974867,0.12820795,0.23857655
52.51221607,13.38964204,1.7131016,5.6117268,-7.6551185,1664728325000,11.519216,-1.1949278,-7.63581E-5,0.022678355,,,,,,-0.017945489,0.20790097,0.01453619,0.9279543,0.14952971,0.13523453,0.280103
,,1.6356537,4.9060836,-7.839445,1664728325017,,-2.205909,0.5918516,0.4258491,,,,,,0.17014821,0.31432837,0.37779263,0.9315081,0.2091871,0.12663896,0.22432119
,,1.8715063,5.585406,-7.611887,1664728325267,,-1.388572,-0.18761185,0.04650208,,,,,,0.3745803,0.46171764,0.3711958,0.92404574,0.21339963,0.1380678,0.24997397
,,1.7911872,5.869195,-7.3005013,1664728325517,,0.43730283,0.031077746,0.08804089,,,,,,0.37063307,0.49677995,0.48055947,0.9175562,0.21569978,0.13953115,0.26559195
,,1.9133807,5.654081,-7.519445,1664728325768,,1.574733,-0.3287216,-0.26320636,,,,,,0.51429826,0.44754818,0.44263026,0.92148244,0.21805833,0.13549973,0.25641614
,,1.6403596,5.145685,-7.7379904,1664728326020,,1.4611121,0.29069528,-0.22594361,,,,,,0.37490717,0.46470097,0.53526306,0.9290294,0.22347626,0.12193693,0.22942103
,,1.6567904,4.7523055,-7.842875,1664728326270,,-2.3274713,0.8893428,0.17478369,,,,,,0.21642265,0.28751114,0.49746737,0.9303526,0.22490296,0.12433147,0.21592513
,,1.9035704,5.5744,-7.660542,1664728326520,,-1.2437971,-0.06482802,-0.055512335,,,,,,0.23698913,0.37815952,0.29054374,0.92195433,0.2203362,0.14683916,0.2512759
,,1.839044,5.879484,-7.3344793,1664728326772,,0.72990704,-0.026343543,0.20838125,,,,,,0.07548855,0.35611594,0.29287738,0.9126905,0.21897118,0.15646315,0.27326018
,,1.6521641,5.07063,-7.8483777,1664728327276,,0.49961102,0.48067424,-0.11232276,,,,,,0.029837903,0.3484166,0.32210726,0.9239577,0.2357287,0.13976486,0.22679526
,,1.7197214,4.7864428,-7.885228,1664728327527,,-2.4417028,0.5967385,-0.054901473,,,,,,-9.222627E-5,0.18831001,0.29514533,0.92336655,0.2428336,0.14338012,0.21526511
,,1.8782061,5.6708302,-7.568817,1664728327778,,-0.82718724,0.100105464,0.09353867,,,,,,0.08642537,0.31534347,0.18628982,0.91283005,0.24154514,0.16269381,0.25316146
52.51222059,13.38960061,1.9282957,5.63757,-7.5807805,1664728328000,12.104404,1.7488295,-0.43379036,-0.19723296,,,,,,0.16416335,0.30183136,0.2428956,0.9164579,0.22332849,0.15517694,0.2613408
,,1.8616161,5.9263024,-7.299783,1664728328031,,1.0964259,-0.2523635,0.15951207,,,,,,0.08933924,0.32081097,0.22019935,0.90617615,0.2397584,0.16717246,0.27039617
,,1.8912872,5.5909896,-7.6244097,1664728328280,,1.9131521,-0.67019504,-0.26503897,,,,,,0.23245099,0.34034604,0.23126866,0.91440403,0.24293476,0.15761131,0.25061053
,,1.5854046,4.8334217,-7.8608212,1664728328532,,-0.7141773,0.404927,0.026954409,,,,,,0.10190657,0.36387348,0.37210447,0.9226306,0.25347286,0.13816291,0.21145524
,,1.776033,4.818826,-7.9008617,1664728328782,,-1.8070143,0.08422298,-0.40065095,,,,,,0.09685889,0.21063945,0.28772578,0.92029744,0.25448003,0.1483563,0.21571645
,,1.8817158,5.767979,-7.5194454,1664728329039,,-0.19005531,-0.01962403,0.09964732,,,,,,0.097833015,0.40645307,0.20212737,0.9084038,0.24819183,0.16614692,0.2588381
,,1.9428126,5.8675203,-7.3859253,1664728329289,,1.3816998,-0.31772605,-0.1966221,,,,,,0.12187711,0.37339228,0.20025659,0.9052667,0.2439856,0.16875648,0.26888305
,,1.798844,5.355775,-7.742536,1664728329541,,2.3334272,-0.40813404,-0.3426188,,,,,,0.15995744,0.378841,0.2719886,0.9150164,0.2508183,0.15325236,0.24154416
,,1.5477573,4.5923057,-7.9314885,1664728329791,,-1.894368,0.7066942,0.37087128,,,,,,0.038160767,0.29850578,0.36274174,0.9202668,0.26177454,0.13769506,0.20660831
,,1.8397617,5.9684176,-7.3657455,1664728330292,,0.7580068,-0.06666062,-0.0054214248,,,,,,0.084008746,0.3962633,0.10050621,0.9007047,0.25387427,0.17433701,0.27071705
,,1.9436101,5.7337613,-7.4584284,1664728330543,,1.7610468,-0.24808747,-0.16913319,,,,,,0.21108794,0.26168945,0.09130513,0.90279514,0.25633526,0.17156282,0.2649373
,,1.6586246,5.0526843,-7.8617787,1664728330793,,1.0047961,0.5124392,-0.031688612,,,,,,0.19754836,0.3331963,0.18125473,0.9135341,0.26782253,0.14824887,0.22646907
52.51228512,13.38951556,1.8001202,5.1795044,-7.8490963,1664728331000,14.969223,-1.4795909,-0.17234023,-0.3126864,,,,,,0.05753886,0.26854724,0.14648709,0.9135719,0.25849864,0.15882345,0.23235126
,,1.6014364,4.5361533,-7.931968,1664728331044,,-2.6750531,0.79404783,0.17172936,,,,,,0.117683,0.186572,0.28014934,0.916628,0.27201125,0.14152493,0.20521425
,,1.855315,5.518327,-7.6741805,1664728331295,,-1.072144,0.04696023,0.15401429,,,,,,0.14356886,0.30226162,0.100294575,0.9074458,0.26321313,0.16373752,0.246466
,,1.8790039,5.9302125,-7.3306513,1664728331546,,1.0909282,-0.10331251,0.008628465,,,,,,0.16987593,0.33695683,0.13278215,0.8996791,0.25523907,0.16919224,0.27229187
,,1.887299,5.559564,-7.6584682,1664728331798,,2.0689228,-0.67324936,-0.21006113,,,,,,0.278805,0.2887262,0.15060933,0.90884364,0.2540897,0.1580411,0.25461003
,,1.5432907,4.780062,-7.9113894,1664728332052,,-0.68546665,0.440968,-0.057955798,,,,,,0.11477729,0.29880506,0.35743093,0.91936,0.2586493,0.136646,0.215122
,,1.6898113,4.774878,-7.8461456,1664728332302,,-1.9640067,-0.0080176005,-0.22288929,,,,,,0.043359764,0.10254965,0.3140125,0.9181631,0.25571573,0.14809527,0.218931
,,1.836252,5.7881594,-7.4701533,1664728332553,,-0.3079522,0.028634287,0.10881029,,,,,,0.009532499,0.26382992,0.12656368,0.905618,0.24676456,0.17081547,0.26489177
,,1.8618551,5.8765335,-7.327542,1664728332804,,1.4788272,-0.20349433,-0.014584397,,,,,,-7.314841E-4,0.25700268,0.16897073,0.90203154,0.2424796,0.17466791,0.2753505
,,1.4560324,4.636892,-7.8835526,1664728333307,,-1.9352959,0.6889791,0.0049632764,,,,,,-0.15884857,0.16877137,0.29363415,0.9195958,0.2564958,0.14473465,0.21084793
,,1.7154144,5.2265635,-7.758489,1664728333559,,-1.8992549,0.11293363,0.11491894,,,,,,-0.12826444,0.102922246,0.040341582,0.9126003,0.2519917,0.16540463,0.23861183
,,1.8207785,6.004948,-7.1247096,1664728333811,,0.29497132,0.18562654,0.52358747,,,,,,-0.08771876,0.19433485,0.027490068,0.897398,0.24118982,0.1844275,0.2826194
52.51246005,13.38934259,1.7257037,5.3311296,-7.7606425,1664728334000,19.332083,1.9467497,-0.5193114,-0.21861324,,,,,,-0.0015624126,0.2920993,0.20208938,0.9128736,0.24889189,0.16057548,0.24555251
,,2.0567908,5.9872403,-6.621739,1664728334062,,-0.76854426,-0.15767947,-0.023136504,,,,,,0.019424748,0.13605703,0.17296784,0.89285415,0.23296592,0.19019249,0.29364455
,,1.6788048,6.8026347,-6.0624547,1664728334311,,-0.7813724,2.8318927,2.129551,,,,,,-0.1708673,0.53361994,0.3319423,0.8826398,0.22703059,0.19789116,0.31183565
,,2.5942981,6.9698935,-4.316891,1664728334562,,0.770835,-4.956633,-3.6192975,,,,,,0.5584781,-0.11357258,0.10363782,0.8233176,0.21246865,0.25819758,0.37654126
,,2.7231913,7.1495943,-1.7131813,1664728334813,,-2.4893503,-1.9414046,-0.7079159,,,,,,0.29319057,-0.79074645,0.04382585,0.7314503,0.16049515,0.29921702,0.5057601
,,2.6526034,7.0824356,1.3612767,1664728335064,,0.8044326,1.7812053,-0.55519974,,,,,,0.1952143,-0.5588245,0.47655913,0.6137247,0.09961605,0.30270952,0.6214262
,,2.5243483,6.447461,3.291567,1664728335315,,-1.1656064,2.2081997,-1.5490767,,,,,,0.56018883,-0.70781857,0.19995314,0.5130915,0.08472971,0.30861005,0.7035205
,,1.2159526,5.7664638,5.3678193,1664728335566,,-1.7673081,-2.0654101,-0.84963655,,,,,,0.24771889,-0.8629257,0.17800504,0.4029352,0.09079098,0.30897388,0.78532445
,,1.0054641,4.096513,7.555737,1664728335817,,0.69692034,-2.0861795,-0.018249584,,,,,,0.33903056,-1.410381,0.10126829,0.28992996,0.069590464,0.29678053,0.8665311
,,0.026081782,3.7026544,9.027163,1664728336318,,0.5558106,-0.47532916,0.30062184,,,,,,-0.07148054,-0.08987232,0.23030733,0.18350941,0.036885872,0.21867196,0.948184
,,-0.16582254,3.3628728,8.861739,1664728336573,,0.16607887,0.8575778,-0.07383828,,,,,,0.10195931,-0.28131574,-0.14451283,0.17566362,0.057347085,0.21454109,0.9520102
,,-0.46069807,3.1555746,9.355539,1664728336824,,-0.1155298,0.72318757,-0.23510659,,,,,,-0.30424613,-0.1782684,0.20595284,0.16279855,0.042035695,0.19458096,0.96124995
52.51259974,13.38934464,0.054077815,3.6664424,8.69815,1664728337000,14.622286,-0.33788458,-0.11675153,0.4588358,,,,,,-0.3938072,-0.83768964,0.2107524,0.22236197,0.037058428,0.2424924,0.9277461
,,0.17124632,3.0969503,9.407302,1664728337073,,-0.08987348,0.11232276,0.19921827,,,,,,-0.091526225,-0.06814139,0.13152055,0.15994917,0.0140137905,0.1809171,0.96904594
,,0.39162537,3.1282167,9.240043,1664728337326,,-0.6408735,0.9223295,-0.13248129,,,,,,0.09098082,-0.054575,-0.039004706,0.16220568,0.011416355,0.18076462,0.9691339
,,-0.02608178,2.9107893,9.462576,1664728337577,,0.08422298,-0.20960298,-0.0041996953,,,,,,0.034900572,-0.11749276,0.13161246,0.1501156,0.027528329,0.18512705,0.9696209
,,-0.38037902,2.7426534,9.630794,1664728337828,,0.034742933,0.7109702,-5.345067E-4,,,,,,-0.012731313,-0.0587057,0.124853894,0.13619892,0.041323084,0.18902735,0.9705814
,,-0.6889735,2.5237098,9.793425,1664728338080,,1.4983749,0.12698352,0.6756928,,,,,,-0.18342692,-0.048910804,0.27074,0.12262018,0.04733371,0.19048293,0.9717891
,,-0.76562345,2.3565316,9.64467,1664728338330,,0.055512335,0.27603453,-0.0457385,,,,,,-0.14083934,-0.053483777,0.037395,0.11292847,0.052866824,0.20051236,0.97081584
,,-0.7780661,2.1631117,9.731609,1664728338580,,-0.01962403,0.042073313,0.034284785,,,,,,-0.11687521,-0.06998738,0.05887297,0.10312729,0.0543542,0.21016327,0.9700911
,,-0.8458628,2.0537596,9.866407,1664728338830,,0.2711476,-0.08804089,-0.2485456,,,,,,-0.16368996,-0.055232603,0.16371569,0.09643682,0.055835325,0.21718915,0.9693438
,,-0.5700501,2.0499313,9.618907,1664728339331,,0.58757555,0.7225767,-0.1673006,,,,,,-0.018878786,-0.12135569,-0.04209482,0.10053285,0.05137418,0.22321056,0.96769714
,,-0.60067827,2.225086,9.476375,1664728339581,,0.19601123,-0.1051451,-0.022525638,,,,,,0.060025208,-0.07207475,-0.15456437,0.1057171,0.05789838,0.2178302,0.9678106
,,-0.66225356,2.3177679,9.569057,1664728339831,,-0.21998768,0.031077746,0.33299765,,,,,,-0.02196269,-0.021097517,-0.025912635,0.109510265,0.056901693,0.2036669,0.97016656
52.51272322,13.38936585,-0.6823534,2.160639,9.810333,1664728340000,13.984526,0.008475749,0.4171443,0.5309178,,,,,,-0.08835821,0.017404016,0.09510573,0.09940534,0.052010715,0.22259167,0.96805
,,-0.6443074,2.338665,9.585807,1664728340083,,0.40187266,0.5643627,0.42035133,,,,,,-0.035132457,-0.01609764,-0.0053346,0.11174474,0.054402385,0.19097558,0.9725866
,,-0.80566335,2.5098312,9.486265,1664728340334,,0.44218975,0.09888373,1.1411718,,,,,,-0.04877884,-8.1831217E-4,-0.02572457,0.11691852,0.063068345,0.18730214,0.9720621
,,-1.0389636,2.7554946,9.406027,1664728340583,,1.0854304,0.40920305,-0.0891099,,,,,,0.0066163223,-0.11013839,0.007147789,0.12798652,0.08129697,0.19261259,0.9669653
,,-1.4986249,3.0822742,8.883994,1664728340835,,2.2112541,2.0273838,-0.8349758,,,,,,0.11842837,-0.4224425,0.02395606,0.15715922,0.12482521,0.20092417,0.94980276
,,-2.2290738,4.062933,8.133444,1664728341086,,2.4024549,-0.84490234,3.4911685,,,,,,-0.2386454,-0.25575548,0.24666478,0.20809957,0.17251736,0.20135131,0.9215802
,,-2.0827925,4.6836314,7.4179897,1664728341339,,-1.7795255,-3.164356,6.370785,,,,,,-0.5774221,-0.5540547,0.34771046,0.26461625,0.19269155,0.26089948,0.869377
,,-0.26305094,3.7566519,6.508956,1664728341592,,-0.23953535,-0.61766064,-1.1104758,,,,,,0.02660195,-1.0979589,0.21957532,0.32799247,0.15768148,0.3660472,0.7558111
,,1.3658233,3.7073598,5.421098,1664728341842,,0.8526909,-0.923093,-2.0530403,,,,,,-0.28954676,-0.8941793,0.2559199,0.40488634,0.11940999,0.44934547,0.6486579
,,5.186045,3.8045084,2.6253252,1664728342350,,2.6883395,0.014584397,-0.7402918,,,,,,0.23080608,-1.2440178,0.541465,0.59251857,0.039909896,0.50801176,0.4857802
,,6.4961147,4.5013776,1.1503094,1664728342602,,0.1740201,0.1984547,-0.050014555,,,,,,0.4756609,-0.46620372,0.3159444,0.6622158,0.004407423,0.5251241,0.42747325
,,6.6263638,4.661378,-0.44785672,1664728342856,,0.10621411,-0.22365287,0.0043524117,,,,,,1.0984623,-0.58197,0.5505111,0.7222448,0.014906526,0.47497723,0.39425024
52.51281929,13.38940045,3.0269208,3.9456851,3.7479582,1664728343000,10.345244,0.25770858,-0.4557815,0.93103427,,,,,,-0.5098879,-0.93041664,0.15322495,0.5005063,0.09337403,0.4933122,0.5563378
,,5.036732,6.5651083,-1.9343578,1664728343106,,0.22350015,0.21861324,0.10147991,,,,,,0.49093923,-0.059980314,0.6323959,0.77577966,0.08360828,0.37351608,0.42426577
,,3.7551363,7.48459,-3.236133,1664728343356,,0.42691812,0.20578507,0.06482802,,,,,,0.7913335,-0.22188145,0.61019135,0.81642115,0.14177012,0.28351673,0.4471886
,,2.589592,7.7822566,-4.210969,1664728343609,,0.7946587,0.12515092,-0.2192241,,,,,,0.9325139,-0.18292241,0.58987415,0.8355883,0.17855056,0.22367811,0.4518942
,,1.1083553,8.363075,-5.3178883,1664728343859,,0.83558667,0.17524183,-0.20456335,,,,,,0.066838935,0.48436862,0.25572842,0.8488244,0.2236164,0.19141401,0.4305605
,,0.82895344,6.949156,-6.1663837,1664728344109,,1.0109049,0.17829616,-0.6590467,,,,,,0.1106096,-0.51270294,0.2715298,0.8635989,0.2496322,0.165849,0.38760498
,,0.7846862,6.035416,-6.982177,1664728344359,,-0.6604212,-0.0043524117,-0.09033163,,,,,,-0.17373998,-0.25335598,0.011931244,0.8775521,0.27517396,0.14605601,0.32772306
,,0.7377072,5.3099933,-7.6805606,1664728344610,,-1.5816053,0.3181842,-0.2729802,,,,,,-0.22211924,-0.3142339,-0.040622935,0.88815063,0.3000041,0.13832034,0.27924737
,,0.6802794,5.05739,-8.034539,1664728344862,,-0.7868702,0.023136504,-0.20089816,,,,,,-0.2941265,-0.38475138,-0.13587555,0.88560176,0.33004054,0.14497358,0.25732926
,,0.48965126,5.500462,-7.663173,1664728345366,,1.181947,0.11415535,-0.25770858,,,,,,-0.3905613,-0.224862,-0.09557209,0.8531262,0.3901513,0.17697577,0.2604104
,,0.5119045,5.694519,-7.5471215,1664728345617,,1.7989204,0.21128285,-0.5484802,,,,,,-0.32781893,-0.23818931,-0.120507844,0.8358189,0.41943035,0.18859969,0.26720193
,,0.43916267,5.696831,-7.5111494,1664728345868,,-0.6640864,0.2851975,-0.46845692,,,,,,-0.37673074,-0.21932319,-0.100259975,0.8187782,0.4494664,0.19197245,0.26475433
52.51289657,13.38939214,0.5449255,5.245865,-7.8951974,1664728346000,10.518071,-0.12408191,-0.14424044,0.12041672,,,,,,-0.35338488,-0.28271306,-0.10462483,0.8712207,0.36214796,0.15924464,0.25408787
,,0.41794634,5.5918665,-7.514341,1664728346118,,-1.854051,0.32368198,-0.4672352,,,,,,-0.43546492,-0.2987397,-0.054446317,0.79764163,0.48440787,0.19976915,0.25587383
,,0.45088756,5.7488356,-7.508438,1664728346369,,-0.60238904,0.44707665,-0.119653136,,,,,,-0.4278134,-0.19798642,-0.12702541,0.7732773,0.5173984,0.21656445,0.24714538
,,0.44386864,5.6823153,-7.5582094,1664728346620,,1.1874448,-0.28351763,-0.30902123,,,,,,-0.44258264,-0.24604122,-0.16061734,0.7486534,0.5512747,0.23383622,0.23170137
,,0.45998028,5.3978887,-7.823254,1664728346871,,1.9473605,-0.46127927,-0.7109702,,,,,,-0.3308105,-0.28365293,-0.18741351,0.72405094,0.5943956,0.23322399,0.20926978
,,0.19996026,4.8519263,-8.087583,1664728347123,,-0.30917394,-0.28229588,-0.008475749,,,,,,-0.21806206,-0.3268587,-0.21131453,0.69398314,0.63888836,0.2096718,0.19256012
,,-0.18887345,5.19059,-7.9066043,1664728347375,,0.08544471,0.026801692,-0.047571093,,,,,,-0.05904046,-0.0968177,-0.12419507,0.6619925,0.6700956,0.19871488,0.21118926
,,-0.69878393,5.3179684,-7.8264437,1664728347626,,-0.6946296,0.09033163,-0.039629854,,,,,,0.056645274,0.103419736,-0.05736879,0.6352407,0.6959428,0.18087323,0.2281039
,,-1.2339785,4.9027343,-7.97097,1664728347877,,0.09460768,-0.03611738,-0.25526512,,,,,,0.15438287,0.14427051,0.100738496,0.61687076,0.72466934,0.14634135,0.22571279
,,-2.2246869,4.256113,-8.313543,1664728348379,,-0.100869045,0.07261655,0.15829034,,,,,,0.27640626,0.30397624,0.3139547,0.59056854,0.76682854,0.08229074,0.22756091
,,-2.4204996,4.8082175,-8.038608,1664728348628,,-0.14240785,0.05184715,-0.01763872,,,,,,0.19202639,0.42713708,0.33913913,0.5797307,0.7681149,0.099608555,0.24781783
,,-2.37368,5.0322657,-8.021859,1664728348878,,0.028023422,0.05184715,0.0080176005,,,,,,0.13208479,0.31215265,0.20149885,0.56981117,0.77041054,0.12055803,0.25667968
52.51293803,13.38936436,-1.6764114,4.3814173,-8.302217,1664728349000,8.506712,-0.04650208,0.027412556,0.18761185,,,,,,0.3373687,0.22115363,0.2229889,0.6031275,0.7528289,0.103732,0.22028032
,,-2.2938395,5.2465034,-7.9599643,1664728349131,,0.06284271,0.2748128,-0.24549128,,,,,,0.097395614,0.2706084,0.18760753,0.5611078,0.7737195,0.13765611,0.2579769
,,-2.206023,5.24762,-8.020263,1664728349380,,-0.066049755,0.1984547,-0.1721875,,,,,,3.8915078E-4,0.20450224,0.14725348,0.55314785,0.7788011,0.14978638,0.25220424
,,-2.1657438,5.2504916,-8.038687,1664728349630,,-0.11980586,0.15935935,-0.057955798,,,,,,-0.16358002,0.10604164,0.115977004,0.5443687,0.7845109,0.16331752,0.24407326
,,-2.110709,5.3201222,-8.081121,1664728349881,,-0.11308634,0.1984547,-0.25282165,,,,,,-0.30075926,0.08584555,0.08686813,0.5282063,0.79521745,0.17690727,0.23376305
,,-2.0237699,5.336952,-8.127622,1664728350131,,-0.20777038,0.14836378,-0.3475057,,,,,,-0.32763427,0.06710804,0.07543289,0.50092113,0.8120706,0.18879184,0.22233012
,,-1.9582862,5.3854465,-8.080402,1664728350382,,-0.0019089525,0.15447243,-0.33223408,,,,,,-0.31838384,0.10350302,0.1222098,0.4652527,0.83148897,0.20057532,0.21098982
,,-1.887299,5.447021,-8.061819,1664728350634,,0.09644028,0.11904228,-0.30169085,,,,,,-0.24766187,0.15751448,0.120935075,0.4215203,0.8526548,0.21224053,0.20093642
,,-1.801955,5.4394445,-8.0074215,1664728350884,,-0.031230463,-0.012904518,-0.17340924,,,,,,-0.09257687,0.14000091,0.17341968,0.37703773,0.87238556,0.22151236,0.1932688
,,-1.6581464,5.523272,-7.929335,1664728351391,,-0.017791437,0.09155336,0.09414954,,,,,,0.12823223,0.17987756,0.18090872,0.30858484,0.9007773,0.2384499,0.18209434
,,-1.6201004,5.525426,-7.8531632,1664728351642,,-0.11491894,0.12881611,-0.11598795,,,,,,0.15860341,0.11882103,0.20128337,0.2902406,0.90684545,0.24595737,0.17832664
,,-1.60024,5.5838914,-7.9169726,1664728351892,,0.047571093,0.19723296,-0.20639594,,,,,,0.12922369,0.106691554,0.11107197,0.27822345,0.91003394,0.25245827,0.17368737
52.51299431,13.3893646,-1.7366309,5.505565,-7.9775906,1664728352000,8.248079,-0.05627592,-0.07154754,0.21571162,,,,,,0.020547064,0.1842241,0.17880273,0.33841357,0.88883746,0.23017164,0.18678002
,,-1.5473586,5.57735,-7.89113,1664728352143,,-0.028787002,0.041462447,-0.27359107,,,,,,0.09917256,0.06356883,0.09608976,0.26993084,0.91176486,0.2580622,0.16830648
,,-1.5629917,5.7052073,-7.8760557,1664728352393,,0.013973532,0.11537708,-0.4550179,,,,,,0.01472921,0.09179696,0.052912775,0.26040336,0.9128788,0.26567033,0.1631101
,,-1.5334803,5.7499537,-7.89791,1664728352644,,-0.12041672,0.021303909,-0.3126864,,,,,,0.019485617,0.071846105,0.0062438645,0.24247953,0.91603416,0.2723946,0.157981
,,-1.5662624,5.768777,-7.842796,1664728352895,,0.028023422,0.0066431547,0.075212725,,,,,,0.039649464,0.07711597,0.029140297,0.21840222,0.9211074,0.27704525,0.15414646
,,-1.6028724,5.7903113,-7.8156767,1664728353150,,-0.07032581,0.08300125,-0.05184715,,,,,,0.057881705,0.10384425,0.031024583,0.1941631,0.9266593,0.28061342,0.15005094
,,-1.6472988,5.7649474,-7.7805023,1664728353401,,-0.09231694,0.16546799,-0.04696023,,,,,,0.07247227,0.09236161,0.045142032,0.17238304,0.9312436,0.28338596,0.14641045
,,-1.7287346,5.771647,-7.8040314,1664728353651,,-0.045891218,0.17035492,-0.15630503,,,,,,0.028475456,0.069945306,0.018623479,0.1509998,0.9346568,0.28718603,0.14188033
,,-1.8135203,5.732724,-7.7826557,1664728353902,,-0.067271486,0.3041343,-0.28031057,,,,,,-0.059164304,0.028177181,0.016692782,0.12830985,0.937658,0.29074758,0.13493824
,,-1.7901505,5.713662,-7.7901535,1664728354407,,-0.026954409,0.19601123,-0.2937496,,,,,,-0.12806834,-0.004371659,0.029677153,0.06118804,0.9414384,0.29937965,0.10925754
,,-1.6961921,5.692207,-7.826605,1664728354658,,0.056734066,0.1966221,-0.30718863,,,,,,-0.07762632,0.010245132,0.03038079,0.015980676,0.94298923,0.30222937,0.09282192
,,-1.5765512,5.6209803,-7.8814,1664728354908,,-0.0410043,0.117820546,-0.11415535,,,,,,-0.009996188,-0.006894334,0.022153044,-0.030516021,0.944393,0.30289564,0.07544795
52.51302683,13.38931676,-1.8725435,5.75402,-7.7273016,1664728355000,6.8393292,-0.028787002,0.46784607,-0.65293807,,,,,,-0.156314,0.031232245,0.060348716,0.09993938,0.93967235,0.29550573,0.12442114
,,-1.4610575,5.607022,-7.923513,1664728355160,,-0.00923933,0.15752676,-0.28153232,,,,,,0.06817285,0.03965284,0.034488965,-0.073302545,0.944946,0.3021712,0.059369463
,,-1.3198011,5.5604405,-7.9490366,1664728355411,,0.11293363,0.012751802,-0.2277762,,,,,,0.18795519,0.038681857,0.054861166,-0.11292013,0.94375724,0.30160677,0.045390245
,,-1.3177277,5.511868,-8.019306,1664728355665,,0.11598795,0.13858995,-0.1392008,,,,,,0.18630551,0.0659722,0.02323408,-0.14377874,0.94189423,0.29886815,0.035371885
,,-1.413201,5.499983,-8.097471,1664728355917,,0.53565204,-0.16500984,-0.28886268,,,,,,0.10089212,0.1338158,0.00667456,-0.1652707,0.93999,0.29488367,0.029757863
,,-1.6684353,5.237091,-8.067721,1664728356167,,-1.7300454,-0.38369945,0.18272492,,,,,,0.008863362,0.11063354,0.14673765,-0.18183447,0.93955356,0.2847181,0.034877412
,,-1.8746169,5.5207996,-7.523274,1664728356418,,-1.6133703,-1.3513093,0.67019504,,,,,,-0.01573483,0.07591708,0.32938883,-0.19361648,0.9284511,0.305311,0.0367667
,,-1.9345971,6.5807405,-6.219824,1664728356669,,0.9724204,1.1709514,0.1344666,,,,,,0.047558885,0.51895213,0.68899226,-0.18637392,0.90553176,0.3521302,0.041279305
,,-1.7219551,7.3538613,-5.4416766,1664728356920,,-0.5632937,1.2509747,-0.20395248,,,,,,0.16826534,0.6205523,0.5607611,-0.16007106,0.829035,0.36207694,0.043935712
,,-1.0453445,8.769695,-3.364468,1664728357420,,-0.4050797,0.15447243,-0.14530946,,,,,,0.41376787,0.52254224,0.509226,-0.045570306,0.26972735,0.051072564,0.068506576
,,-0.3251048,9.687343,-2.3996818,1664728357671,,0.5319869,-1.8882594,0.32078037,,,,,,0.7621202,0.4699882,0.21908379,0.0128292,-0.009748699,-0.09864727,0.07058925
,,0.20650059,10.2208605,-1.7192429,1664728357923,,0.3407862,-1.5107449,-0.032299474,,,,,,0.9290688,0.58123106,0.16010234,0.05535027,-0.0814285,-0.102791876,0.0711786
52.51302875,13.3892917,-1.398605,8.023214,-4.307799,1664728358000,6.365103,0.8594104,0.60712326,-0.44218975,,,,,,0.3081522,0.56050277,0.6932699,-0.107391626,0.54938954,0.20454563,0.05388834
,,0.2607379,9.879566,-2.1655045,1664728358173,,0.7268527,-1.6927826,1.0263292,,,,,,0.6978401,0.1458481,-0.34864414,0.100344084,-0.09100451,-0.09634299,0.09105978
,,0.0967498,9.795417,-1.7362319,1664728358426,,-0.32078037,-0.6921862,-0.03413207,,,,,,0.2762625,0.0125851,0.03243083,0.16739146,-0.05942564,-0.062394425,0.13162735
,,0.31521448,9.821579,-1.9105092,1664728358677,,-0.1918879,-0.44295332,0.2957349,,,,,,0.22002873,0.06017685,-0.26698163,0.2283694,0.159348,0.13894776,0.17769384
,,0.51692945,9.786724,-1.6655642,1664728358930,,-0.15645774,-0.5296961,0.062995434,,,,,,0.0591954,0.050723586,-0.04821477,0.2907608,0.37120464,0.3371941,0.22026971
,,0.44434717,9.815518,-1.5756738,1664728359182,,0.13248129,0.17646356,0.08315397,,,,,,-0.36969155,0.114013165,0.018472198,0.3603636,0.5784035,0.5363747,0.27000362
,,0.62205416,9.730732,-1.7029719,1664728359432,,0.031077746,0.0994946,-0.054290608,,,,,,-0.5900357,0.052865982,-0.14860383,0.44480583,0.5880786,0.56004584,0.32658103
,,1.1075578,9.683275,-1.364866,1664728359684,,0.06101012,-0.020234896,-0.19478951,,,,,,-0.52033865,0.033349674,0.033674378,0.51090163,0.5461222,0.54613006,0.36337134
,,1.5791831,9.6816,-1.4129618,1664728359937,,-0.21754421,-0.07154754,-0.16180281,,,,,,-0.2770345,0.066557154,-0.24160907,0.53762335,0.51844096,0.54237807,0.38252756
,,1.349552,9.780823,-1.0356934,1664728360438,,0.4134791,-0.015958842,-0.24610215,,,,,,-0.4043183,0.080899045,-0.0797694,0.5351406,0.51286924,0.54342663,0.39232975
,,1.2861423,9.813443,-1.0580263,1664728360689,,0.11598795,0.034742933,-0.5191587,,,,,,-0.24417265,0.08092486,0.003982361,0.52464,0.52557373,0.5405738,0.39226258
,,0.9934999,9.816874,-1.1864413,1664728360939,,0.2534325,0.18990259,-0.4012618,,,,,,-0.14807987,0.06315864,-0.056028325,0.5133904,0.54061544,0.53237975,0.39657477
52.51302098,13.38928357,1.4081761,9.753784,-1.0713464,1664728361000,5.544951,0.031688612,0.63277954,-0.34322965,,,,,,-0.49320692,0.09530958,-0.015111294,0.54370517,0.50833565,0.5416921,0.3899438
,,0.45048863,9.782896,-1.4759728,1664728361190,,-0.05261073,-0.054443322,-0.10560325,,,,,,-0.21486458,-0.0057748477,-0.23121873,0.49825063,0.55966014,0.52265775,0.40190312
,,-0.16558333,9.806424,-1.6291133,1664728361441,,-0.16867504,0.009086614,-0.13675736,,,,,,-0.2978295,-0.014106114,-0.25529245,0.4834747,0.5785317,0.51030296,0.40939993
,,-0.5441278,9.742138,-1.8443078,1664728361693,,-0.019013166,-0.069104075,-0.0029779659,,,,,,-0.17028648,-0.068708226,-0.30940187,0.4687445,0.5979318,0.4960965,0.4171082
,,-0.98089784,9.719008,-2.0101302,1664728361944,,-0.10392337,0.057344932,0.00923933,,,,,,-0.16955009,-0.058335178,-0.31904525,0.4620078,0.6100449,0.4796095,0.42753565
,,-1.1241481,9.622656,-1.9897914,1664728362196,,-0.41668615,-0.8229112,-0.17279838,,,,,,-0.03550849,-0.09525698,-0.40532663,0.4541165,0.6183256,0.47064,0.43494788
,,-1.4837892,9.684154,-1.651526,1664728362447,,0.5399281,0.269315,1.5944334,,,,,,-0.39058277,0.025774749,-0.18037798,0.45172727,0.61357087,0.46552598,0.44829115
,,-0.7451252,9.968181,-1.2453045,1664728362697,,-1.433776,-2.3176973,-1.5765656,,,,,,-0.16654152,0.3572621,-0.18997574,0.4512343,0.5973836,0.48344448,0.44630998
,,-1.2805591,9.558049,-0.5485148,1664728362951,,0.4495201,-0.74594223,1.6518548,,,,,,-0.5538871,0.054063257,-0.39657676,0.44144666,0.5718558,0.4779469,0.48003617
,,-0.9168499,8.916774,1.7694923,1664728363460,,-0.9072105,0.60712326,-0.7763328,,,,,,-0.5529648,-0.046451535,-0.24190304,0.41921252,0.47739887,0.5083172,0.5395873
,,-1.1126626,8.220942,3.6335013,1664728363709,,-0.025121814,0.5606975,-0.18929173,,,,,,-0.8975799,0.055047665,-0.058066845,0.3753468,0.401281,0.5399771,0.58594096
,,-1.0737394,7.3304925,5.0618567,1664728363959,,-1.0220531,-0.41668615,-0.18257222,,,,,,-0.6313426,0.024563916,-0.20152897,0.31559363,0.34209985,0.5694434,0.62574524
52.51302833,13.38926869,-1.0256436,9.662378,0.2790828,1664728364000,5.362379,-2.7776785,-1.2969422,3.6438847,,,,,,-0.15313418,0.21088019,-0.1525244,0.43624106,0.54836774,0.47407833,0.5099154
,,-1.8431913,5.8812394,6.6685576,1664728364214,,-0.28351763,0.012751802,-0.17096578,,,,,,-0.7266077,-0.3089368,-0.071438506,0.24814378,0.28310248,0.5732106,0.6861657
,,-1.1935399,5.0159955,7.9142613,1664728364466,,-0.2248746,0.031077746,-0.113544494,,,,,,-0.15719847,0.15699118,0.16526419,0.18196945,0.2220717,0.5998945,0.71218854
,,-1.2267203,3.593621,9.030751,1664728364717,,0.0353538,-0.006185006,0.05383246,,,,,,-0.34391725,0.17876787,-0.031377252,0.112272196,0.1552948,0.6226282,0.7428038
,,-1.1145767,2.8730624,9.602078,1664728364970,,0.42936158,-0.30001098,-0.29802567,,,,,,0.21608599,0.39962605,0.20555814,0.058150224,0.1347469,0.60853034,0.77344775
,,-1.0397612,2.1726034,9.590034,1664728365223,,0.06467531,-0.011071924,-0.825202,,,,,,0.3078947,0.24390474,0.05412324,0.036843162,0.11503151,0.59364325,0.79145056
,,-0.7889137,1.5568502,9.759287,1664728365478,,-0.097814724,-0.16989677,-1.2424226,,,,,,0.3533412,0.11253915,-0.019920317,0.026614862,0.088033274,0.56446147,0.81640184
,,-0.6395217,1.511945,9.842636,1664728365730,,1.0212896,0.13187043,-0.874682,,,,,,0.3198637,0.20016551,0.031263318,0.029668896,0.07166715,0.5170168,0.8438118
,,-0.6538786,1.5501502,9.925349,1664728365980,,0.053068876,-0.16378812,-0.8374193,,,,,,0.23071818,-0.09988587,0.16315149,0.053866576,0.07100478,0.45271385,0.8711589
,,-1.0600206,2.1355941,9.739745,1664728366485,,0.22044583,-0.6256019,0.33116508,,,,,,-0.049647674,-0.22314434,0.024266576,0.10615403,0.07410204,0.28745896,0.9274816
,,-0.9627921,2.3643482,9.707204,1664728366740,,0.23632832,-0.84612405,-0.76839155,,,,,,0.04922776,-0.2854353,0.09751792,0.12580827,0.07024823,0.20044062,0.95488256
,,-0.90376896,2.7940192,9.599766,1664728366992,,0.15080725,-1.0080032,-0.61995137,,,,,,-0.046184625,-0.23903036,0.07578711,0.14773981,0.05561816,0.11590073,0.97098345
52.51302405,13.38926069,-0.7904291,1.7528224,9.700821,1664728367000,5.0356765,-0.030008731,-0.051999863,-0.26748243,,,,,,0.065066956,-0.32962877,0.015024042,0.08284068,0.071205236,0.37441817,0.898791
,,-0.69040906,3.186682,9.632865,1664728367243,,0.18868086,0.22533275,0.051389,,,,,,-0.116961464,-0.1851786,0.21078198,0.16728048,0.031130947,0.039549667,0.9753613
,,-0.31003004,3.3232317,9.404113,1664728367493,,0.042073313,0.10377065,0.057497647,,,,,,-0.09705353,-0.22998886,0.056833778,0.17728953,0.001077829,-0.022007981,0.9752011
,,0.08295115,3.5151362,9.364551,1664728367816,,-0.0721584,0.39698574,0.17905974,,,,,,-0.044879444,-0.15161063,0.052330557,0.18329747,-0.024490623,-0.06410443,0.97361815
,,0.43110684,3.6313477,9.340063,1664728368074,,0.18562654,0.61567533,0.3775908,,,,,,-0.10940851,-0.19661604,0.13388827,0.18890513,-0.04709622,-0.08927311,0.97289664
,,0.56303114,3.7616765,9.10102,1664728368339,,-0.5022072,0.3077995,-0.21189372,,,,,,-0.10992588,-0.14850123,-0.11234787,0.1919819,-0.05838487,-0.10763267,0.972276
