88#1#2
key,lat,lon,ts,bike,childCheckBox,trailerCheckBox,pLoc,incident,i1,i2,i3,i4,i5,i6,i7,i8,i9,scary,desc,i10
,,,,1,0,0,0,-5,0,0,0,0,0,0,0,0,0,0,,0

=========================
88#1
lat,lon,X,Y,Z,timeStamp,acc,a,b,c,obsDistanceLeft1,obsDistanceLeft2,obsDistanceRight1,obsDistanceRight2,obsClosePassEvent,XL,YL,ZL,RX,RY,RZ,RC
52.47637574,13.41901264,-1.8884956,1.3477972,-9.349318,1665920069000,12.2757635,0.074449144,0.027870705,0.076358095,,,,,,-0.7173003,0.51482004,0.38673776,0.50095093,-0.17618345,-0.029674051,0.041769553
,,-1.8861027,0.9560921,-9.326106,1665920069584,,-0.058108512,0.092011504,-0.13133593,,,,,,-0.73191875,0.21591607,0.42417127,0.55798966,-0.2175827,-0.035031136,0.030643595
,,-1.8437495,1.2429119,-9.585328,1665920069836,,-0.036728244,0.13660464,-0.19547673,,,,,,-0.7989727,0.23778059,0.123582445,0.8674894,-0.33559105,-0.06317853,0.027164241
,,-1.7973285,1.2579068,-9.5188875,1665920070086,,-0.01962403,0.12438734,-0.22785257,,,,,,-0.7042415,0.17012142,0.18061857,0.92413205,-0.37215576,-0.0712256,0.029193394
,,-1.7919049,1.1840484,-9.5099535,1665920070338,,0.045127634,-0.075976305,-0.12156209,,,,,,-0.6106504,0.06331926,0.14413576,0.918761,-0.38457406,-0.07719496,0.028631808
,,-1.8061823,1.210529,-9.46138,1665920070589,,-0.033063058,0.087124586,0.106290475,,,,,,-0.4912174,0.049855605,0.14058676,0.9141807,-0.39466518,-0.084568314,0.028229786
,,-1.7610376,1.2542379,-9.568897,1665920070840,,0.58391035,0.24045165,-0.16065744,,,,,,-0.37287977,0.04097198,0.021863047,0.91105753,-0.4011477,-0.089665264,0.028079217
,,-1.6937196,1.1722438,-9.449417,1665920071091,,-3.105713,0.84887296,0.04214967,,,,,,-0.29657686,-0.08104713,0.13423342,0.8490695,-0.37541702,-0.087269984,0.031425852
,,-1.515534,2.1355941,-9.152146,1665920071344,,-0.9878447,0.53366673,0.14966187,,,,,,-0.22727704,-0.048862815,0.0044014454,0.84163684,-0.36418942,-0.10019123,0.08052228
,,-1.2439486,3.2845476,-8.604352,1665920071595,,1.8429027,-0.1627191,-0.3970621,,,,,,-0.12554398,0.021996252,-0.05525683,0.8307417,-0.3466915,-0.11417745,0.14362866
,,-1.0301102,3.8939998,-8.4616585,1665920071847,,2.5160756,-0.48097965,-0.35857764,,,,,,0.077486135,0.08743655,-0.06734789,0.83168966,-0.33034742,-0.121845536,0.17281444
52.47643504,13.41913098,-0.8888539,3.9661033,-8.300861,1665920072000,9.9222765,0.38843364,-0.21036656,0.23273948,,,,,,0.445088,0.21952842,0.04378492,0.5260526,-0.20046462,-0.09288278,0.17881069
,,-0.9552947,3.7787452,-8.325666,1665920072098,,-0.73189235,0.0077121677,0.2932151,,,,,,0.25368613,0.14987472,0.06285558,0.58582455,-0.23177351,-0.093805976,0.17488663
,,-0.91070825,4.174997,-8.410373,1665920072602,,0.14836378,0.08651373,0.3970621,,,,,,0.6411427,0.47976887,-0.104609795,0.4661668,-0.17185828,-0.0893398,0.17534968
,,-0.9866406,3.3292933,-8.731888,1665920072852,,-0.3916407,0.41271552,0.2858847,,,,,,0.7846625,0.5428591,-9.327888E-4,0.35103384,-0.13122867,-0.066648,0.124435976
,,-1.2149158,2.3079572,-9.342855,1665920073102,,1.2436444,0.0834594,-0.24556763,,,,,,0.7303725,0.5787833,-0.021805637,0.35669434,-0.15844183,-0.05540836,0.063748695
,,-1.3298513,1.5412172,-9.295157,1665920073352,,-3.236438,0.45181087,0.30115634,,,,,,0.5445586,0.32769376,0.17780803,0.23298758,-0.12329949,-0.036284856,0.035942655
,,-1.2589434,2.6486156,-9.148798,1665920073603,,-1.2071452,0.45914125,0.39950556,,,,,,0.27757537,0.36019528,-0.10721235,0.46266612,-0.23043841,-0.07930219,0.08032086
,,-1.089851,3.5596428,-8.552426,1665920073856,,1.6364304,-0.022220206,-0.37079492,,,,,,0.029968759,0.26422986,-0.11163133,0.5001565,-0.26584536,-0.09984199,0.14059561
,,-0.90329045,4.0684366,-8.418189,1665920074108,,2.3737442,-0.050319985,-0.20769402,,,,,,-0.1510878,0.13618127,-0.17007971,0.6122394,-0.32591262,-0.116869606,0.17589246
,,-0.90169525,3.7753959,-8.253563,1665920074359,,-2.2541673,0.1060614,-0.07819069,,,,,,-0.37083095,-0.15653919,0.05768884,0.73412526,-0.3795452,-0.122539744,0.1807762
,,-0.72039914,4.3762336,-7.9288573,1665920074611,,-1.9835542,0.20990841,-0.027488915,,,,,,-0.4133002,-0.27511147,0.042368587,0.73148733,-0.36873946,-0.12644407,0.21764539
,,-0.6100102,5.7179694,-7.5202436,1665920074862,,1.2369248,0.005268709,-0.6047561,,,,,,-0.56984997,-0.053494487,-0.22796746,0.83623385,-0.4138919,-0.15060338,0.2847672
52.47649495,13.41925708,-0.6520441,4.2317066,-8.062138,1665920075000,8.803525,-1.1833215,-0.21891867,0.3744601,,,,,,-0.24203815,-0.1811267,0.028801186,0.68672174,-0.31216288,-0.10219022,0.22137156
,,-0.49068815,5.512266,-7.658309,1665920075115,,2.6205335,-0.5451205,-0.25106543,,,,,,-0.41784257,-0.09603497,-0.19842966,0.84796536,-0.3935152,-0.14047377,0.28296968
,,-0.70109683,4.1122255,-8.083512,1665920075618,,-2.092899,-0.35758498,0.51618075,,,,,,-0.027579924,-0.1392676,0.056266196,0.6959805,-0.29496977,-0.10619284,0.20751062
,,-0.67014986,5.5054064,-7.7152586,1665920075869,,1.5301399,0.07185297,-0.06963859,,,,,,0.12688445,0.25490537,-0.18916622,0.6849698,-0.28250843,-0.13428137,0.25866938
,,-0.59629136,5.413522,-7.77492,1665920076120,,2.7091088,-0.12362376,-0.4263836,,,,,,0.3906827,0.30086708,-0.13864572,0.68785256,-0.27918604,-0.14034839,0.251288
,,-0.7217551,4.125625,-8.16846,1665920076372,,-2.3537383,0.17753258,0.5381719,,,,,,0.632248,0.2325675,0.18844685,0.5240334,-0.20427264,-0.109780796,0.18163292
,,-0.74337023,4.019863,-8.146444,1665920076623,,-2.1723115,0.023594651,0.45875946,,,,,,0.6098984,0.16948138,0.2408438,0.5182329,-0.22313276,-0.112905696,0.17049693
,,-0.6254839,5.3913493,-7.7069626,1665920076874,,1.448284,0.04253146,-0.4263836,,,,,,0.35904577,0.35266304,0.084783725,0.6812032,-0.30290467,-0.14952184,0.23132429
,,-0.5765905,5.472785,-7.650731,1665920077125,,2.7482042,-0.44616038,-0.24617851,,,,,,0.23149309,0.26160973,0.018867128,0.67407024,-0.31573585,-0.14533716,0.24436697
,,-0.632423,4.1962132,-7.948876,1665920077377,,-3.114265,0.63751376,0.4648681,,,,,,0.18436073,-0.023979776,0.34488022,0.68597704,-0.32572567,-0.11980461,0.19220896
,,-0.6478167,4.566463,-7.801399,1665920077630,,-1.1393392,0.59108806,0.34697118,,,,,,-0.057359215,0.071802296,0.3102602,0.6804641,-0.32857752,-0.11608402,0.20718685
,,-0.3847659,5.762237,-7.585566,1665920077880,,2.3175447,-0.47548187,-0.5845976,,,,,,-0.14990805,0.12041051,-0.048718803,0.84646076,-0.40650624,-0.14542288,0.27013358
52.47652957,13.41937407,-0.47577295,4.327898,-8.020422,1665920078000,9.763287,-3.122817,0.22823435,-0.07208204,,,,,,-0.04868438,-0.10973446,0.28416502,0.87438774,-0.39434776,-0.11537097,0.20680775
,,-0.43190452,5.496075,-7.6608605,1665920078130,,1.5985568,0.12316561,0.43676832,,,,,,-0.14801887,0.21670774,0.041816678,0.85503143,-0.3967314,-0.13757429,0.25757807
,,-0.45647082,4.9229136,-7.7356763,1665920078631,,0.042073313,0.30153814,0.041538805,,,,,,-0.19687815,0.084756054,0.31263924,0.8663813,-0.391326,-0.11929481,0.23182315
,,-0.17076777,5.9676995,-7.657033,1665920078882,,2.6168683,-0.4803688,-0.6487384,,,,,,-0.16855992,0.22452672,-0.09121736,0.8555489,-0.38464206,-0.13124374,0.2840111
,,-0.28881368,5.015037,-7.8513303,1665920079133,,-1.1026872,0.31497714,0.2944368,,,,,,-0.10741081,0.104215465,0.14688438,0.86931515,-0.37682053,-0.12023442,0.24359483
,,-0.42177483,4.399683,-8.077212,1665920079384,,-2.5883105,-0.1627191,-0.026267186,,,,,,-0.10920911,0.04583318,0.29421806,0.8831253,-0.37496313,-0.10835214,0.20794871
,,-0.33635107,5.210052,-7.5843706,1665920079636,,1.5570179,-0.033215772,-0.2669479,,,,,,-0.16288199,0.09344576,0.2533576,0.86978,-0.37117139,-0.11850801,0.251539
,,-0.25866413,5.947679,-7.646265,1665920079887,,2.3596942,-0.41134107,-0.54183704,,,,,,-0.0773816,0.37529087,-0.06834675,0.8662064,-0.36296615,-0.12877393,0.27989814
,,-0.37096727,4.7944183,-8.005109,1665920080137,,-0.29695663,0.21113014,0.20036365,,,,,,0.024815263,0.28470865,0.137421,0.7597732,-0.31079587,-0.10666058,0.22296588
,,-0.5332804,3.983173,-8.183453,1665920080388,,-2.6109123,0.033368487,0.2791652,,,,,,0.04517243,0.13414957,0.3412572,0.77129287,-0.3123075,-0.09633061,0.1820793
,,-0.4194618,4.9817777,-7.914261,1665920080640,,-0.48204866,0.38400486,0.17348559,,,,,,0.03510848,0.20114191,0.121762924,0.75737786,-0.3148712,-0.110341005,0.22920772
,,-0.31186455,5.6320662,-7.598009,1665920080890,,1.6413172,-0.32887432,-0.25961754,,,,,,0.08962999,0.29929224,0.049961425,0.7452864,-0.31373897,-0.12285557,0.26416346
52.47660425,13.41955332,-0.46189457,4.1201215,-8.0855875,1665920081000,11.978242,-1.2590687,0.32902706,0.010995566,,,,,,0.09544306,0.075670496,0.26726884,0.76419044,-0.3180956,-0.10570179,0.19301875
,,-0.35014972,4.981378,-8.042835,1665920081142,,2.1972044,-0.14317143,-0.5112938,,,,,,0.16122988,0.17664684,0.0458172,0.7563896,-0.31651288,-0.116733566,0.23269969
,,-0.32406795,4.515496,-8.011331,1665920081643,,-2.0116541,-0.1211803,-0.19669846,,,,,,0.049898885,-0.049994897,0.14951223,0.8838724,-0.36780187,-0.11553969,0.21751957
,,-0.27413768,5.5980883,-7.610932,1665920081893,,0.2711476,-0.047265664,-0.054366965,,,,,,-0.020794097,0.22401471,1.1130969E-4,0.87058926,-0.36279455,-0.12877284,0.26541615
,,-0.20235303,5.545047,-7.6630945,1665920082143,,1.8111377,-0.26045746,-0.32314748,,,,,,0.0445636,0.19896238,-0.02568218,0.8718014,-0.35895976,-0.12770925,0.26690215
,,-0.36753756,4.8413987,-8.065647,1665920082396,,2.0347142,-0.2323577,-0.056810424,,,,,,0.04975425,0.2202198,0.10514377,0.8860987,-0.3585187,-0.11772973,0.22532542
,,-0.491406,4.094518,-8.149555,1665920082646,,-2.4459789,0.61491174,0.4422661,,,,,,-0.026575536,0.07944116,0.23243694,0.83000547,-0.3347105,-0.1026539,0.19158365
,,-0.34703904,4.886064,-8.007502,1665920082896,,-1.8772638,-0.10835214,-0.05070178,,,,,,-0.04513947,0.13743886,0.09529743,0.82160795,-0.33730215,-0.11070189,0.22873275
,,-0.31345978,5.641478,-7.6074214,1665920083146,,1.0842086,0.15187626,-0.16859868,,,,,,-0.03252891,0.24585408,0.03167111,0.80787283,-0.33430102,-0.124933705,0.26710045
,,-0.22221345,5.269473,-7.840323,1665920083397,,2.1110723,-0.44799295,-0.3420843,,,,,,0.10229489,0.110604435,0.048619367,0.8138424,-0.33485124,-0.122139364,0.25258914
,,-0.45343992,4.4814377,-8.161918,1665920083649,,0.6474403,0.23128867,0.35307986,,,,,,0.043631453,0.23441881,0.17311588,0.7642151,-0.31238592,-0.10712801,0.20509371
,,-0.4074977,4.0377293,-8.20435,1665920083900,,-2.942001,0.82871443,0.12034036,,,,,,0.025625678,-0.02206307,0.14244148,0.70261014,-0.29261076,-0.09723851,0.19204238
52.47674312,13.41980557,-0.26193434,5.6880593,-7.664131,1665920084000,9.060474,1.8453461,-0.020998476,-0.076358095,,,,,,0.1656723,0.29287452,-0.08862416,0.7424457,-0.31464246,-0.12949745,0.2672375
,,-0.2711068,5.2801623,-7.906045,1665920084153,,-0.4936551,0.26244277,0.25045455,,,,,,0.10217224,0.25899556,-0.038627338,0.7513937,-0.3174865,-0.11771251,0.24434856
,,-0.32247272,5.1145782,-8.107521,1665920084657,,2.0835834,-0.1627191,-0.2669479,,,,,,0.24597509,0.23206137,-0.113135956,0.7524211,-0.320571,-0.12424769,0.23586942
,,-0.5869594,4.198367,-8.317132,1665920084908,,-0.8369611,0.16287182,0.2791652,,,,,,0.11193859,0.19066258,0.031153457,0.63779634,-0.27576226,-0.103496544,0.18841378
,,-0.46955156,4.364748,-8.120363,1665920085160,,-2.2425609,0.01687514,0.092851445,,,,,,0.19552054,-0.042795483,0.121882595,0.69388443,-0.3081318,-0.10897755,0.20217958
,,-0.42097726,5.5515885,-7.684151,1665920085413,,0.46479174,0.06513346,-0.027488915,,,,,,0.06313592,0.21771394,-0.05479215,0.73868936,-0.3330778,-0.13089658,0.25636086
,,-0.33005002,5.519365,-7.66142,1665920085666,,2.0206642,-0.5274054,-0.5540544,,,,,,0.074083574,0.09903059,-0.031740077,0.7353698,-0.3340227,-0.13299479,0.26275593
,,-0.52737814,4.82385,-8.072108,1665920085916,,2.3077707,-0.26473352,-0.14966187,,,,,,0.075987004,0.1285363,0.097769305,0.74811393,-0.33758017,-0.12275156,0.22091858
,,-0.70189476,4.002474,-8.097153,1665920086166,,-2.4478116,0.47074768,0.49418962,,,,,,-0.055923548,0.0029325087,0.31801385,0.6317364,-0.2870287,-0.10169072,0.18675402
,,-0.452722,4.7532625,-7.983971,1665920086416,,-1.9139158,-0.092469655,0.12034036,,,,,,-0.043862607,-0.009389567,0.13659039,0.7467109,-0.33782074,-0.11824227,0.22673066
,,-0.46317068,5.531409,-7.66732,1665920086666,,0.7812197,0.05780308,-0.22296564,,,,,,-0.24879958,0.11644528,-0.03452689,0.7342539,-0.3301641,-0.13023385,0.27070025
,,-0.39282167,5.195854,-7.889055,1665920086917,,2.089692,-0.05093085,-0.3365865,,,,,,-0.017496835,0.038157415,0.033127785,0.74364907,-0.32479343,-0.12408335,0.25593334
,,-0.6135994,4.232744,-8.114859,1665920087168,,0.32979062,0.30398157,0.06902772,,,,,,-0.08204848,0.010811623,0.20517154,0.69791764,-0.29718494,-0.10561123,0.20516144
,,-0.348714,5.2444296,-7.779306,1665920087669,,-0.89316064,0.07551816,0.40561423,,,,,,0.035609204,0.1577413,-0.017449109,0.75105554,-0.3162088,-0.11926028,0.246541
,,-0.3761517,5.800681,-7.4526052,1665920087920,,1.6358196,-0.7124974,-0.12950334,,,,,,0.071051046,0.36019415,-0.018039577,0.7426412,-0.31167808,-0.12816286,0.2704087
52.47685502,13.42007548,-0.59118664,3.7845685,-8.0812,1665920088000,11.974159,-2.7917285,0.4701368,0.24251331,,,,,,-0.2006337,-0.19501124,0.22235106,0.6390689,-0.27081868,-0.094113305,0.1945077
,,-0.30157536,5.207739,-7.8498936,1665920088170,,2.53318,-0.26473352,-0.43127054,,,,,,0.2436717,0.24964924,-0.009658416,0.7547559,-0.31297353,-0.12139174,0.23944381
,,-0.5864011,4.2021155,-8.094919,1665920088421,,-1.3555853,0.057192214,0.13561198,,,,,,0.05369552,0.28874028,0.22930637,0.6410841,-0.26492813,-0.100944445,0.19268371
,,-0.50719863,4.575316,-8.111988,1665920088673,,-2.0183735,-0.058872093,-0.0140498895,,,,,,0.039619662,0.23367693,0.12354185,0.699022,-0.2913101,-0.107677005,0.21110764
,,-0.3833302,5.748198,-7.677451,1665920088925,,0.44218975,-0.049098257,-0.1472184,,,,,,0.10706542,0.44620985,2.126058E-4,0.74498314,-0.313914,-0.12836306,0.26427272
,,-0.36259237,5.498626,-7.776593,1665920089175,,1.9388084,-0.092469655,-0.26633704,,,,,,0.025197586,0.28784937,-0.041640345,0.7434097,-0.31481388,-0.12844548,0.26747528
,,-0.53208405,4.553861,-8.180901,1665920089426,,1.8001422,-0.06498074,-0.20402883,,,,,,-0.004014504,0.15840702,0.098829664,0.7588735,-0.31572706,-0.116875894,0.22114089
,,-0.70572317,3.8923254,-8.210412,1665920089676,,-2.7654612,0.46891508,0.5528326,,,,,,-0.082546085,0.07635938,0.24953617,0.76552707,-0.31490925,-0.106484205,0.1894533
,,-0.5161318,4.9610395,-7.964192,1665920089926,,-1.4710387,0.22945608,0.34086254,,,,,,-0.043409374,0.07474864,-0.028828477,0.8795132,-0.3624855,-0.12534522,0.23641802
,,-0.43892345,5.680083,-7.5086775,1665920090177,,1.2412009,-0.22685991,-0.18814635,,,,,,-0.06710919,0.19169645,-0.06557911,0.86657506,-0.3565927,-0.13591284,0.27766985
,,-0.687777,4.229553,-8.050334,1665920090678,,-0.66591895,0.09750929,0.25717407,,,,,,-0.03940456,0.05250247,0.23161934,0.7675649,-0.30411193,-0.10652698,0.20222957
,,-0.6542775,4.1515474,-8.0146,1665920090929,,-2.364734,-0.1004109,0.15821397,,,,,,-0.02943902,-0.119261235,0.2167562,0.7679841,-0.3021546,-0.10668338,0.20246169
52.47689818,13.42039904,-0.43637112,5.2536817,-7.880124,1665920091000,9.060163,2.2381322,-0.47426015,-0.365908,,,,,,0.028202077,0.08048148,-0.065986775,0.8772838,-0.35307792,-0.12894426,0.25609556
,,-0.5714061,5.3997235,-7.6548786,1665920091181,,-0.31344998,0.031535894,0.1197295,,,,,,-0.029117117,0.10504392,0.022188203,0.753433,-0.2980732,-0.12579009,0.2581724
,,-0.5198008,5.574958,-7.4539623,1665920091432,,2.2601233,-0.36491534,-0.59376055,,,,,,0.035168312,0.11718958,0.059881084,0.74903756,-0.29490918,-0.13164213,0.27052104
,,-0.6608976,4.771128,-8.017711,1665920091683,,1.8789437,-0.0051159924,-0.30726498,,,,,,0.1296854,0.08836069,0.043306336,0.76565254,-0.2932317,-0.12411702,0.22312067
,,-0.7929017,3.9165716,-8.1141405,1665920091934,,-2.4704134,0.2031889,0.32681265,,,,,,0.15801446,0.057876658,0.28327677,0.58572865,-0.22698905,-0.099874966,0.18295977
,,-0.74895346,4.709633,-8.067321,1665920092185,,-1.7440953,-0.17737986,0.12095123,,,,,,0.0939902,0.03722977,-0.010375436,0.7024374,-0.27295214,-0.119004756,0.22080484
,,-0.6258027,5.679923,-7.5811796,1665920092436,,1.2949569,-0.0112246405,-0.18936808,,,,,,0.1004269,0.23965305,-0.06464246,0.68682224,-0.27094543,-0.13255861,0.26809487
,,-0.5968497,5.335037,-7.841918,1665920092689,,2.334038,-0.14622575,-0.4392118,,,,,,0.13589884,0.23534006,-0.042975362,0.6932704,-0.27333066,-0.1268071,0.25092676
,,-0.73427755,4.2539597,-8.212645,1665920092940,,-0.44906196,0.11950042,0.07696896,,,,,,0.16335084,0.15092167,0.10917544,0.5833666,-0.22870824,-0.10367705,0.19535254
,,-0.75740814,4.066522,-8.098667,1665920093191,,-2.6420665,0.10789399,0.13072506,,,,,,0.112911135,-0.00428648,0.20912865,0.5832747,-0.23191354,-0.09981261,0.1905257
,,-0.51804614,5.6589446,-7.3710103,1665920093695,,1.746386,-0.011835505,-0.31154105,,,,,,0.15317751,0.17893054,0.060747657,0.7483326,-0.29861626,-0.13805684,0.2661464
,,-0.6418348,4.9408593,-7.882995,1665920093945,,1.6462042,-0.09552398,0.262061,,,,,,0.18593249,0.16533947,0.08207599,0.7620744,-0.3021264,-0.12822634,0.22560526
52.47702117,13.42063065,-0.66480577,5.3387856,-7.6547995,1665920094000,12.94787,-0.08804089,0.14698933,0.16982041,,,,,,0.03535705,0.15240613,-0.025291173,0.7557303,-0.2982606,-0.13216941,0.24757624
,,-0.8209775,4.1557746,-8.043314,1665920094195,,-1.0831397,0.08956805,-0.09468404,,,,,,0.109195314,0.097652435,0.22217219,0.7686943,-0.3074166,-0.117716536,0.1869469
,,-0.7968897,4.3665824,-8.171491,1665920094446,,0.5136609,-0.049098257,0.16737695,,,,,,0.08840044,0.14764157,0.089534886,0.89120567,-0.3580495,-0.12779088,0.19466692
,,-0.8331011,4.286582,-8.32096,1665920094697,,-0.39225155,-0.04421134,-0.050090913,,,,,,0.073275246,0.24875431,0.055698235,0.8910971,-0.3627455,-0.12542674,0.18639302
,,-0.94867444,3.2623742,-8.891728,1665920094948,,0.2399935,-0.06620247,-0.06108648,,,,,,0.08547905,0.10852543,0.08638932,0.9044381,-0.3671211,-0.11005198,0.13690227
,,-1.1906687,2.30038,-9.341898,1665920095198,,-0.066049755,-0.058261227,0.10567961,,,,,,-0.025001211,0.13474658,0.14676172,0.9182667,-0.37079972,-0.0953128,0.08432737
,,-1.2453842,1.9034104,-9.518569,1665920095449,,-7.63581E-5,0.050472703,-0.042760536,,,,,,-0.057174914,0.034502592,0.1059542,0.9211257,-0.3725117,-0.089553185,0.066169605
,,-1.25679,1.9755142,-9.582697,1665920095701,,-0.091706075,-0.021609342,0.07513637,,,,,,-0.034767203,0.0571565,0.008471934,0.92195696,-0.36972728,-0.090742454,0.06969404
,,-1.3507483,1.835534,-9.683594,1665920095951,,0.36338818,-0.6410262,-0.10384701,,,,,,-0.07673866,0.020327263,-0.05444034,0.9228016,-0.3685612,-0.091101885,0.0649442
,,-1.5004593,1.6683556,-9.50828,1665920096203,,0.13492475,0.23189954,0.045814857,,,,,,-0.041548636,0.015220807,0.08240598,0.7387512,-0.29348856,-0.0725635,0.05699555
,,-1.7547368,1.2603793,-9.569456,1665920096705,,-0.36415178,-0.033826638,0.15699224,,,,,,-0.036952656,-0.066944495,0.0015179316,0.24804138,-0.09480681,-0.015685087,0.038073506
,,-1.8860228,1.0650454,-9.564352,1665920096957,,0.4250855,0.15431972,-0.24068072,,,,,,-0.12797233,-0.07775569,0.014049181,0.12408606,-0.047903463,-0.00389345,0.030017953
52.47703738,13.42069881,-1.7052848,1.4589837,-9.535559,1665920097000,8.754417,0.12881611,-0.19387321,0.2687805,,,,,,-0.06486369,0.011407801,0.0073863664,0.43196994,-0.16943167,-0.037125807,0.045863993
,,-1.8895323,0.787079,-9.553823,1665920097207,,-1.6371939,0.16226095,0.15882485,,,,,,-0.082748495,-0.226362,0.061399017,-0.060828958,0.025533918,0.012985915,0.022617603
,,-1.8463818,1.3880765,-9.185247,1665920097458,,-2.3696208,-0.18532111,0.13255766,,,,,,-0.029215736,-0.17689262,0.18423435,-0.06560207,0.028039467,0.0030625735,0.046421215
,,-1.5211971,2.6691937,-8.759485,1665920097708,,0.770835,0.12866339,0.06291907,,,,,,-0.032761347,-0.06452827,-0.025357071,0.101180874,-0.040920224,-0.034864496,0.11394702
,,-1.1722437,3.7534611,-8.273742,1665920097959,,1.3090068,-0.3172679,-0.12828161,,,,,,-0.037364844,0.020975702,-7.610639E-4,0.3954293,-0.1631978,-0.082615174,0.17177615
,,-1.0573086,4.332684,-8.163115,1665920098211,,1.4818816,-0.3380373,-0.06352994,,,,,,-0.045096412,0.1024964,-0.012121073,0.5763693,-0.23694763,-0.109544165,0.19838916
,,-1.0250055,4.446981,-8.033025,1665920098463,,-0.724562,0.14149155,0.03054324,,,,,,-0.004117481,0.14900436,0.07981386,0.7004261,-0.2837543,-0.12292409,0.20199913
,,-1.0423136,4.8440294,-8.047381,1665920098713,,0.2778671,-0.06253728,-0.042760536,,,,,,-0.0393269,0.2784062,0.038799334,0.8846215,-0.3576212,-0.14350446,0.21103366
,,-1.1160126,4.251568,-8.233382,1665920098963,,-0.2248746,-0.12851068,0.1075122,,,,,,-0.12514168,0.21470545,0.05968593,0.88875,-0.3611436,-0.13641147,0.18605047
,,-1.362553,3.2607791,-8.861021,1665920099213,,0.08849903,0.08468113,0.0024434591,,,,,,-0.13790175,0.1675226,0.0954607,0.90570843,-0.3667297,-0.12208306,0.12627906
,,-1.7422143,2.125704,-9.371649,1665920099715,,-0.11369721,0.3107011,-0.012217295,,,,,,-0.21046795,0.16934235,0.17820637,0.9185941,-0.374036,-0.11113041,0.06091594
,,-1.7654248,2.296232,-9.364633,1665920099965,,-0.030008731,0.14332415,-0.05131264,,,,,,-0.26701415,0.21218033,0.14695604,0.9167814,-0.37727734,-0.11151653,0.06784749
52.47703667,13.42082112,-1.6107686,2.4795227,-9.273622,1665920100000,7.610879,0.074449144,-8.3993905E-4,-0.06169734,,,,,,-0.16013718,0.19971156,0.16784625,0.9171065,-0.37062898,-0.11328649,0.07813842
,,-1.8448663,2.407738,-9.331131,1665920100217,,-0.061162837,0.004657844,-0.045814857,,,,,,-0.40105233,0.3168965,0.16986193,0.9155236,-0.380588,-0.10860839,0.0702571
,,-1.9164118,2.435814,-9.355538,1665920100469,,-0.11675153,-0.11751511,-0.27366742,,,,,,-0.6256336,0.3498936,0.07899,0.91508555,-0.380463,-0.10639557,0.07843203
,,-1.903331,2.17707,-9.395896,1665920100721,,-1.1808779,-0.29344416,-0.40378162,,,,,,-0.8467396,0.27677563,-0.037208382,0.91714305,-0.37467593,-0.10377805,0.08369621
,,-2.1886353,2.1052058,-9.448698,1665920100973,,0.39026624,-0.26412266,-0.19120067,,,,,,-1.0938892,0.39241531,-0.0839301,0.9209696,-0.36354452,-0.10210722,0.089312516
,,-1.9829317,1.987718,-9.289975,1665920101227,,0.33651012,-0.2115883,-0.2516763,,,,,,-1.0255318,0.14740843,0.05878053,0.9261435,-0.34839115,-0.1006694,0.09406014
,,-2.1593626,2.23697,-9.563314,1665920101479,,0.2314414,-0.13034327,-0.032986697,,,,,,-1.1528403,0.33948746,-0.21669875,0.933885,-0.32505247,-0.100314,0.09658936
,,-1.8799609,1.7288145,-9.494162,1665920101729,,-0.035506517,0.30947936,-0.32925612,,,,,,-0.93340105,-0.16106065,-0.01679972,0.94328594,-0.29524752,-0.10158948,0.09655822
,,-1.689652,1.5506289,-9.609336,1665920101980,,-0.25175264,0.03825541,-0.24373505,,,,,,-0.54881674,-0.49953562,-0.009396378,0.9529943,-0.26311815,-0.101893805,0.09300157
,,-1.9290141,1.6565512,-9.731049,1665920102230,,-2.1374922,0.33757916,-0.106290475,,,,,,-0.52641004,-0.48536807,-0.18608378,0.96071965,-0.23255886,-0.105329156,0.0911624
,,-1.6366109,3.2810385,-8.204111,1665920102731,,-1.397124,0.36384633,-0.31520623,,,,,,-9.075403E-4,-0.67560786,-0.14490284,0.93916976,-0.1608259,-0.115337774,0.19884606
,,-1.2801601,4.6030726,-6.7124257,1665920102986,,0.14164427,0.36567894,-0.007941242,,,,,,0.07545711,-0.79260904,0.09579428,0.90203077,-0.12230397,-0.11741491,0.2942569
52.4770226,13.4208802,-1.5585252,1.9105891,-9.230393,1665920103000,11.396891,-2.5412738,0.6069705,0.33047783,,,,,,-0.09135911,-0.9781577,0.012017203,0.96020013,-0.198243,-0.11160714,0.123334214
,,-1.3568101,6.125067,-5.2528043,1665920103236,,-0.18944444,0.6283508,-0.07024945,,,,,,0.18620628,-0.42021772,-0.055228576,0.8621599,-0.08392343,-0.116583906,0.3921177
,,-1.4443076,7.5577307,-3.6082175,1665920103487,,0.33223408,-0.24518585,0.12828161,,,,,,0.15150812,-0.20072761,0.007688157,0.8208946,-0.04675747,-0.11574304,0.49099022
,,-1.1203994,9.032666,-1.8333008,1665920103737,,-0.16623157,-0.1107956,-0.14110976,,,,,,0.45613965,-0.056527648,0.37041837,0.7788136,-0.01923483,-0.11486097,0.5905502
,,-1.0993425,10.170214,-0.68012005,1665920103989,,0.40065095,-0.38812822,0.06475167,,,,,,0.45962277,0.27717444,0.273647,0.74304587,1.8259491E-4,-0.11077491,0.6556669
,,-1.1212766,10.215439,-0.34265223,1665920104240,,0.563141,0.39438957,-0.019547673,,,,,,0.44975922,0.2383907,0.37036625,0.7292553,0.01528128,-0.10797673,0.6750201
,,-1.1034101,9.946804,-0.23585254,1665920104493,,0.3701077,0.13293944,0.09407318,,,,,,0.83158016,0.17588076,0.39336064,0.7316355,0.023357037,-0.10772935,0.67234397
,,-1.1245468,10.095959,-0.43230334,1665920104744,,0.3493383,-0.3814087,-0.037873615,,,,,,0.8277717,0.29369926,0.3919946,0.736949,0.0215615,-0.113353424,0.6653338
,,-1.010489,9.980784,-0.539422,1665920104996,,-0.100869045,0.47991064,0.2480111,,,,,,1.0049031,0.2385665,0.51460993,0.74387735,0.01127698,-0.12410088,0.6554306
,,-1.0070592,9.900943,-0.88366926,1665920105246,,0.55153453,-0.5915462,0.2254091,,,,,,1.0497469,0.19144127,0.4806041,0.75145364,-1.5794313E-4,-0.13509327,0.6436573
,,-1.0488539,9.8441515,-1.6506485,1665920105749,,1.9418628,-0.655687,0.21258095,,,,,,0.9496839,0.43212476,0.44054565,0.76352704,-0.06767319,-0.17840044,0.6061945
52.47706488,13.42092281,-1.0502098,10.013484,-1.1086745,1665920106000,11.302746,0.092164226,-1.0374775,0.27488914,,,,,,0.9530168,0.4824596,0.5888284,0.7577244,-0.02543388,-0.15205364,0.62931645
,,-1.2342976,9.31526,-2.4268005,1665920106001,,3.4476445,-0.8652136,-0.87231493,,,,,,0.8219702,0.2573772,0.3708555,0.77761155,-0.1259817,-0.2031207,0.55713165
,,-1.5582061,8.074659,-3.646821,1665920106251,,0.17157665,0.80427986,-0.6346885,,,,,,0.65131164,0.25046265,0.3838955,0.67941326,-0.14007434,-0.19213615,0.46086776
,,-1.7071193,6.7713685,-5.067121,1665920106506,,-2.3439646,1.3809361,0.36407542,,,,,,0.4794616,0.12493883,0.28152514,0.64397603,-0.16959304,-0.1793944,0.3700442
,,-1.5427324,6.2261243,-6.0159545,1665920106760,,-1.009225,0.20685409,-0.06536253,,,,,,0.30952355,0.03624169,0.13667311,0.6618024,-0.21160087,-0.17251274,0.3239942
,,-1.3279368,5.7208405,-6.785725,1665920107011,,0.074449144,-0.267177,0.12767074,,,,,,0.28950638,-0.23949169,0.0012132725,0.6779154,-0.23475593,-0.16031796,0.2928988
,,-1.1053246,5.259743,-7.5656257,1665920107263,,1.6944625,-0.7131083,0.074525505,,,,,,0.33981213,-0.2676709,-0.05884242,0.6958625,-0.24932705,-0.13996904,0.25835449
,,-0.9655837,4.682036,-8.110232,1665920107517,,1.5008184,-0.38385215,-0.24006985,,,,,,0.298826,-0.05248438,-0.06331086,0.7089478,-0.25692052,-0.117215835,0.2188105
,,-0.6906484,4.309075,-8.0989065,1665920107767,,-1.2670099,0.29787293,0.36896232,,,,,,0.32004946,-0.23085433,0.027204053,0.711231,-0.25659743,-0.10882959,0.21106505
,,-0.4336592,4.661537,-8.03087,1665920108018,,-2.1998005,0.42554367,0.22846343,,,,,,0.26268616,-0.1068888,-0.027498372,0.7681719,-0.2872999,-0.11240351,0.22856626
,,-0.49547374,4.853681,-7.9196844,1665920108268,,0.21983497,0.12866339,0.08124501,,,,,,0.15089454,-0.0065878867,-0.004037412,0.7610282,-0.29559365,-0.11526318,0.23732275
,,-0.3822933,4.5958147,-8.149635,1665920108772,,1.8062508,-0.18165591,-0.4856375,,,,,,0.009346368,7.92853E-4,-0.0352523,0.7571358,-0.3208504,-0.11234685,0.22147052
52.4771253,13.42101745,-0.35932213,4.8004003,-8.05783,1665920109000,11.722739,1.3780346,-0.55428344,0.11423171,,,,,,0.12338631,-0.0025301934,-0.07746618,0.7570196,-0.30942574,-0.11571071,0.23445357
,,-0.3634697,4.196931,-8.081042,1665920109022,,0.035964664,0.27404922,0.013439025,,,,,,-0.03511416,-0.12752052,0.16533922,0.69676036,-0.29779488,-0.10086982,0.20961767
,,-0.29056844,4.323272,-8.165507,1665920109272,,-2.3751187,0.21296273,0.37384924,,,,,,-0.15244313,-0.17408374,0.044627156,0.81862414,-0.34900957,-0.10928512,0.22094779
,,-0.32837507,4.9338403,-7.883633,1665920109524,,-0.9737948,0.3937787,0.20891576,,,,,,-0.28357044,-0.013431644,0.013566145,0.8108298,-0.3486844,-0.114939466,0.2462135
,,-0.14460622,5.038487,-7.773084,1665920109775,,0.78549576,-0.22624904,-0.13988803,,,,,,-0.1888108,-0.06542538,-0.045478184,0.80791146,-0.34681287,-0.11485459,0.25398675
,,-0.32558343,4.6524444,-7.958209,1665920110025,,2.1287873,-0.07047852,-0.39584038,,,,,,-0.30333585,-0.15170836,0.033940744,0.81335056,-0.34785053,-0.11165419,0.24015592
,,-0.57244295,4.347759,-8.076335,1665920110276,,-0.4240165,-0.60254174,-0.12339468,,,,,,-0.35373592,0.004552019,0.10092257,0.8183038,-0.3461956,-0.11226764,0.21795304
,,-1.0019547,4.639364,-8.0745,1665920110526,,-2.9688792,0.38950264,0.69821846,,,,,,-0.432761,-0.13396518,-0.04537862,0.8764112,-0.3697704,-0.13790922,0.22695293
,,-1.0716655,5.3791447,-7.2833533,1665920110777,,-1.8870376,0.27282748,0.37323838,,,,,,-0.3056963,-0.3716407,0.09212494,0.8613159,-0.36201128,-0.16529101,0.27693754
,,-1.1700104,6.2655263,-6.4863043,1665920111027,,-0.1344666,0.73647386,0.041538805,,,,,,-0.2869049,0.061486498,0.03535805,0.84026325,-0.3464061,-0.18351367,0.31774175
,,-1.4416755,6.2038717,-5.6980286,1665920111277,,0.3004691,0.25938845,-0.16187917,,,,,,-0.40841058,-0.2766305,0.1715621,0.8236526,-0.3276069,-0.19331679,0.34903732
,,-1.3194025,8.618548,-3.3349566,1665920111778,,-0.13385575,0.48724103,0.017715078,,,,,,-0.46658096,0.2783187,0.13310432,0.76628464,-0.27817345,-0.21776271,0.48960677
52.47713497,13.42116218,-1.3462021,6.9598446,-4.8461843,1665920112000,11.315732,-0.15645774,-0.28794637,0.06536253,,,,,,-0.29293838,-0.1124615,-0.13373536,0.7993898,-0.3028215,-0.20567325,0.40203092
,,-0.8863014,9.796056,-2.0643678,1665920112029,,1.3841432,-0.1749364,0.0012217296,,,,,,-0.5669893,0.45568025,0.18314962,0.73593444,-0.25282145,-0.21409121,0.57844466
,,-0.8279965,9.962598,-2.0780869,1665920112279,,3.3499062,-0.89209163,-1.2620466,,,,,,-0.6205529,0.5332019,-0.035296418,0.73380786,-0.23609644,-0.20547614,0.5978035
,,-1.1504692,8.455358,-3.0470998,1665920112529,,0.35666868,0.8904118,-0.7666353,,,,,,-0.4896855,0.15819214,0.11120073,0.70641357,-0.20967314,-0.18368761,0.52281576
,,-1.2268001,7.3023367,-4.2201414,1665920112780,,-2.7263658,0.509843,0.032375835,,,,,,-0.36157563,0.19127811,0.17248598,0.7494554,-0.19127244,-0.16767988,0.43777177
,,-1.4569099,6.9741216,-5.002355,1665920113033,,-0.33666286,0.015042545,0.091629714,,,,,,-0.4139701,0.25593805,0.34756926,0.781236,-0.17039762,-0.1456058,0.39869624
,,-1.2770495,6.190153,-5.8884172,1665920113283,,1.7042364,-0.5823832,-0.239459,,,,,,-0.16085021,-0.12757835,0.17226157,0.81212014,-0.14447467,-0.1192237,0.3651434
,,-1.2059824,5.2290344,-7.287022,1665920113535,,1.7451643,-0.5683333,-0.09773836,,,,,,0.024817782,-0.14813465,0.046525557,0.85310334,-0.11838667,-0.099524,0.29900572
,,-1.4412767,4.419623,-7.99745,1665920113786,,-0.18455753,0.31436628,0.1386663,,,,,,0.0584879,0.40369588,0.20409444,0.75065154,-0.08017328,-0.07286974,0.22209589
,,-1.1800605,4.0908494,-8.046185,1665920114037,,-3.2303293,0.53855366,0.49357873,,,,,,0.09691089,0.18959244,0.28737065,0.75548184,-0.068696685,-0.062454104,0.2145608
,,-1.1393026,5.0758953,-7.6675596,1665920114288,,-1.3366485,0.81955147,0.019547673,,,,,,0.12188067,0.47480425,0.2927219,0.7455536,-0.061786644,-0.057629067,0.25892258
,,-0.6585845,5.4745393,-7.206703,1665920114791,,-0.3171152,-0.60376346,0.10690133,,,,,,0.35873917,0.48641446,0.17094244,0.7327429,-0.050942563,-0.062240586,0.28595898
52.47715952,13.42128159,-0.7591627,5.333921,-7.333363,1665920115000,11.367714,0.35178176,-0.18654284,0.059253883,,,,,,0.32089207,0.49384594,0.25072795,0.73766714,-0.05372184,-0.057774805,0.27659065
,,-0.7486343,6.2463045,-6.343532,1665920115041,,-0.022067491,-0.19692753,0.017715078,,,,,,0.41985497,0.53129625,0.3425054,0.7156875,-0.05519627,-0.06492687,0.32862988
,,-0.49196434,7.36447,-5.647939,1665920115291,,-0.10147991,-0.057650365,0.026267186,,,,,,0.43341738,0.26980865,0.2666628,0.82595676,-0.07012283,-0.0757525,0.40544897
,,-0.36610186,8.698788,-5.0450277,1665920115542,,-0.092927806,-0.21281002,0.15027274,,,,,,0.26330796,0.5012353,0.19464932,0.8717508,-0.07464545,-0.07865955,0.473885
,,-0.19014962,8.993184,-4.852884,1665920115792,,-0.099036455,-0.15661046,0.10567961,,,,,,0.3100096,0.53399837,0.08055571,0.8628112,-0.07553277,-0.0756503,0.49357334
,,-0.37758747,8.770014,-4.702853,1665920116044,,1.421406,0.3229184,-0.11300998,,,,,,0.065930694,0.2986056,0.33982468,0.8626333,-0.0868772,-0.07587465,0.49197584
,,-0.415075,8.365706,-5.1992846,1665920116296,,1.9241477,-0.022220206,-0.4489856,,,,,,0.03524864,0.18034829,0.18955764,0.8716218,-0.09469327,-0.07233182,0.47183317
,,-0.35126632,7.522555,-5.8373704,1665920116546,,2.3682463,-0.68500847,0.07941242,,,,,,0.08108885,0.07016908,0.18569747,0.8901576,-0.09410478,-0.07111087,0.42287076
,,-0.4745765,6.160241,-6.604749,1665920116797,,-1.619479,0.0956767,0.33841908,,,,,,0.062867425,-0.04511791,0.25359532,0.9118265,-0.09520745,-0.07181346,0.34781018
,,-0.53926253,5.323471,-7.2816787,1665920117047,,-2.2382848,0.1787543,-0.03604102,,,,,,0.13873379,-0.22340806,0.1085262,0.92812353,-0.09896901,-0.07060697,0.30350783
,,-0.5117451,5.2098927,-7.490891,1665920117297,,-0.062995434,0.090178914,0.2498437,,,,,,0.097815305,-0.22492462,0.0516737,0.93288195,-0.097676225,-0.06816887,0.29505032
,,-0.609133,4.498826,-8.028238,1665920117798,,1.8209115,-0.2512945,-0.51618075,,,,,,0.18952504,-0.19752969,0.032930613,0.94899637,-0.08663111,-0.064545125,0.25134486
52.4772081,13.42137223,-0.51796645,5.0934424,-7.9097934,1665920118000,11.115372,1.9656866,-0.24213153,-0.3488038,,,,,,0.1878411,-0.17760195,-0.13210195,0.9399636,-0.092837535,-0.062886685,0.2826102
,,-0.8183454,3.9906695,-8.114459,1665920118048,,-1.5278492,0.22823435,0.4960222,,,,,,0.008059235,-0.05871076,0.07812252,0.95291996,-0.07972917,-0.06478055,0.22195463
,,-0.556411,4.682833,-8.099704,1665920118300,,-2.350684,0.19341506,-0.0537561,,,,,,0.047926404,-0.009252739,-0.17877927,0.9479215,-0.074898385,-0.05897569,0.25490814
,,-0.465404,5.45404,-7.365426,1665920118550,,0.06223185,0.04253146,0.07880156,,,,,,0.054777905,0.14696147,-0.056058154,0.93235356,-0.069214635,-0.057469357,0.29837164
,,-0.4669992,5.611967,-7.155656,1665920118800,,-0.17172936,0.09078978,0.28527385,,,,,,0.07733194,0.17072198,0.040048458,0.92790884,-0.06724344,-0.055746276,0.30728197
,,-0.4542375,5.843911,-6.8465824,1665920119051,,-0.22365287,-0.18532111,-0.15149446,,,,,,0.034268323,0.18330511,0.049382098,0.92077065,-0.06503595,-0.05534661,0.3218157
,,-0.44969112,6.64431,-5.9809403,1665920119304,,-0.12041672,0.302149,-0.14416409,,,,,,-0.10211465,0.019413264,0.15021674,0.8990537,-0.065335,-0.055022556,0.37950483
,,-0.055832546,8.051209,-5.317171,1665920119557,,-0.025121814,0.3345248,0.09346231,,,,,,-0.035574213,0.0050578276,-0.1408801,0.8729639,-0.06884669,-0.04829538,0.46534827
,,-0.06556335,8.862137,-4.583931,1665920119807,,-0.026343543,0.25938845,-0.09224058,,,,,,-0.09088134,0.12700517,-0.10742931,0.8529192,-0.06676037,-0.043614827,0.51492554
,,-0.09467602,8.932486,-4.537988,1665920120057,,0.065286174,0.37545276,-0.043371398,,,,,,-0.14091022,0.10229976,-0.18224064,0.84837747,-0.062002834,-0.03594406,0.5237149
,,-0.06987044,8.84475,-4.3719263,1665920120310,,-0.1344666,0.11155918,-0.06536253,,,,,,-0.20562783,0.0028315226,-0.18688184,0.8447771,-0.05230977,-0.027312385,0.5307706
,,-0.041156534,8.99454,-4.46724,1665920120814,,-0.1277471,0.18913901,-0.062308207,,,,,,-0.22961394,0.13936163,-0.40315154,0.841458,-0.021123435,-0.0050172163,0.53807616
52.47739372,13.42194911,-0.06827521,8.849456,-4.276532,1665920121000,10.902869,0.026801692,0.010766491,-0.03848448,,,,,,-0.24569863,-0.024087954,-0.22534391,0.84147984,-0.037295923,-0.018581765,0.5371406
,,-0.13503498,8.984491,-4.404628,1665920121067,,0.09460768,0.08468113,-0.1178969,,,,,,-0.26552892,0.12500027,-0.26650494,0.8423324,-0.005582852,0.0052913767,0.53729725
,,-0.15393826,8.947802,-4.4211383,1665920121317,,-0.005574141,0.08468113,-0.026267186,,,,,,-0.31063125,0.099065974,-0.2016291,0.8434616,0.012729322,0.015422913,0.5356055
,,-0.08558329,8.957931,-4.4763327,1665920121567,,-0.010461059,0.32047492,-0.10384701,,,,,,-0.28217733,0.08588565,-0.21378879,0.8445556,0.03108368,0.025145177,0.53311914
,,-0.13304093,9.016873,-4.466522,1665920121819,,0.032299474,0.3296379,-0.09590577,,,,,,-0.28498936,0.11104687,-0.1884474,0.84500057,0.047315303,0.033635136,0.53082454
,,-0.17387845,8.953623,-4.388915,1665920122069,,-0.13507748,0.30642503,-0.07208204,,,,,,-0.20053715,0.039586034,-0.06317844,0.8452637,0.061866846,0.0428978,0.52799004
,,-0.20713867,8.973163,-4.276771,1665920122319,,-0.14424044,0.25816673,0.019547673,,,,,,-0.18453263,0.03612162,0.022524174,0.8433842,0.076699406,0.050981455,0.5280384
,,-0.21328025,9.023652,-4.338506,1665920122570,,0.3041343,0.38095054,-0.032375835,,,,,,-0.19293103,0.019280434,-0.068323,0.8401493,0.09501986,0.06139549,0.52902555
,,-0.18831515,9.009376,-4.301976,1665920122821,,0.19601123,0.28687736,-0.12400555,,,,,,-0.18126655,0.0022429784,-0.07835958,0.8374897,0.115507774,0.07245113,0.52752715
,,-0.21990041,8.961121,-4.206343,1665920123073,,-0.014737112,0.058413945,-0.034208428,,,,,,-0.10922763,-0.038860355,0.033631872,0.8341721,0.13689251,0.08177782,0.5261232
,,-0.23162523,8.976913,-4.2091346,1665920123324,,-0.14729477,0.090178914,-0.0067195124,,,,,,-0.048129153,-0.011928988,0.04599259,0.83068657,0.15741673,0.08890608,0.5248896
,,-0.35014972,9.130214,-3.991308,1665920123826,,0.087888174,0.19158247,-0.05131264,,,,,,-0.06920366,0.13393512,0.22500227,0.82313627,0.19082865,0.09646392,0.5252134
52.47752381,13.42199478,-0.22604197,9.0341015,-4.1852064,1665920124000,11.620643,0.18868086,-0.030772313,0.046425723,,,,,,-0.03458845,0.031089941,0.04887355,0.8262579,0.1758352,0.09338159,0.5255482
,,-0.48709896,9.2100525,-3.8007598,1665920124078,,-0.15767947,-0.011835505,-0.098960094,,,,,,-0.048256516,0.24332348,0.42966413,0.8208209,0.2036868,0.09783811,0.52419776
,,-0.67573315,9.197931,-3.513461,1665920124330,,0.050014555,0.20746495,0.12278382,,,,,,-0.022053245,0.19773822,0.6617947,0.8159708,0.21319127,0.09659824,0.5282694
,,-0.7198409,9.349396,-3.445824,1665920124581,,0.057344932,-0.15294527,0.0042760535,,,,,,0.011408617,0.3634683,0.6563493,0.8120903,0.21941927,0.09519976,0.53202957
,,-0.85455674,9.404034,-3.2833514,1665920124832,,0.0011453715,-0.03810269,0.026267186,,,,,,0.008543977,0.37611926,0.7573875,0.8094284,0.22202657,0.09348632,0.535396
,,-0.92538434,9.422217,-3.248815,1665920125084,,0.008475749,-0.20364705,0.04886918,,,,,,0.03695515,0.41987857,0.7453658,0.8083504,0.22223923,0.09172094,0.53726023
,,-0.79194456,9.329696,-3.4754152,1665920125334,,-0.042226028,-0.4143954,0.320704,,,,,,0.19590457,0.31388375,0.5052908,0.80744094,0.22165853,0.09010871,0.5391289
,,-0.71784693,9.212925,-3.5779877,1665920125584,,-0.02328922,0.07857248,0.073303774,,,,,,0.23824748,0.19194438,0.37303668,0.808243,0.2132492,0.08673794,0.54144305
,,-0.62181485,9.182297,-3.7280173,1665920125835,,-0.026954409,0.15615231,-0.16554436,,,,,,0.242237,0.16596816,0.19532369,0.81092143,0.20045309,0.08359917,0.54243296
,,-0.5930212,9.132688,-3.8467815,1665920126087,,-0.12896882,0.24533857,-0.16859868,,,,,,0.19342932,0.05910581,0.041423623,0.81179833,0.19216432,0.08268359,0.5444262
,,-0.49068817,9.012806,-4.0057445,1665920126339,,-0.1466839,-0.003894263,-0.023823727,,,,,,0.22559068,-0.04196296,-0.15175737,0.8109544,0.19067119,0.085038535,0.54585046
,,-0.5757929,9.217073,-3.7083967,1665920126841,,-0.015347977,-0.058872093,0.09651663,,,,,,0.27662054,0.033055052,-0.3221126,0.794534,0.19481568,0.089363284,0.5653867
52.47759111,13.42191841,-0.44905308,9.07781,-4.095954,1665920127000,11.612971,-0.2957349,-0.18104506,-0.33841908,,,,,,0.3324885,-0.03991324,-0.3795559,0.80733615,0.19260202,0.088295564,0.549709
,,-0.6179066,9.160203,-3.3590443,1665920127092,,0.23938264,-0.3087158,0.02932151,,,,,,0.36242133,-0.1110112,-0.37808838,0.77927047,0.19823381,0.08887888,0.58382183
,,-0.7199206,9.355778,-3.4781275,1665920127342,,0.9730312,-0.5603921,-0.13927718,,,,,,0.4609949,0.16132839,-0.42148766,0.77575386,0.19984184,0.08035312,0.58858615
,,-1.0956734,8.917093,-3.861617,1665920127593,,2.8777077,-0.66912603,-0.2858847,,,,,,0.46782652,0.05714345,-0.31776983,0.787908,0.20126282,0.055514816,0.5667982
,,-1.721955,8.0220175,-4.7036514,1665920127843,,-0.36598435,-0.28122687,0.30054548,,,,,,0.3481385,0.14312416,-0.41415703,0.81107485,0.19712047,0.010982105,0.51282305
,,-2.1395824,7.085706,-5.218108,1665920128094,,-2.0874014,0.17569998,0.8484912,,,,,,0.28796932,-0.10012046,-0.18322107,0.8347758,0.18561721,-0.03140833,0.46743616
,,-2.2947168,6.634818,-5.6501713,1665920128346,,-1.3225986,0.5116756,0.009162972,,,,,,0.24321651,-0.39190066,-0.17791873,0.8542735,0.17091216,-0.053867113,0.44517148
,,-2.4267209,6.905526,-5.6761727,1665920128598,,-0.6720276,0.22212571,-0.08735366,,,,,,0.07687135,-0.103746496,-0.121801525,0.8592936,0.16557555,-0.057809617,0.4410772
,,-2.432304,7.0115285,-5.1306095,1665920128849,,0.24549128,0.4896845,-0.034819294,,,,,,-0.012584921,-0.15508276,-0.1402104,0.84464645,0.16873257,-0.0463288,0.45716125
,,-2.1415763,7.5350785,-4.248537,1665920129100,,0.03413207,0.01687514,0.06597339,,,,,,0.03312667,-0.054692235,-0.12437586,0.81759506,0.1711208,-0.018126069,0.49612394
,,-1.5503099,8.556335,-2.8319058,1665920129353,,0.010308343,0.0816268,-0.018936807,,,,,,0.18177707,-0.13807939,0.12080192,0.78044486,0.17461228,0.028024806,0.5677826
,,-0.9896716,10.279407,-1.239482,1665920129857,,-0.27801985,-0.35269806,0.02565632,,,,,,0.065716855,0.5369112,-0.0058296123,0.72561824,0.17920564,0.08987027,0.65676814
52.47761947,13.42189417,-1.147199,9.573285,-1.8009182,1665920130000,11.043007,0.19234605,-0.45654505,0.07819069,,,,,,0.14395732,0.10963847,0.033871412,0.74566907,0.17830643,0.06934646,0.6296733
,,-0.84163547,10.091969,-1.048535,1665920130107,,0.4256964,-0.43944085,-0.102014415,,,,,,0.14804445,0.3002969,0.054465994,0.7218146,0.17485757,0.093965895,0.6619388
,,-0.86548394,9.812886,-1.3956538,1665920130359,,1.3945279,-0.24152066,-0.33964083,,,,,,0.16120154,0.039253633,-0.022685472,0.7331742,0.1639018,0.0815417,0.6522164
,,-0.9579266,9.463374,-1.895993,1665920130612,,1.5820634,-0.082084954,-0.48808095,,,,,,0.11623148,-0.09252461,0.037114263,0.75514215,0.15078571,0.057957333,0.6275541
,,-1.422214,8.924432,-3.1571696,1665920130863,,1.2851832,-0.09124792,-0.12156209,,,,,,-0.08051401,0.0897604,-0.1644816,0.78995997,0.13901001,0.023293573,0.5730644
,,-1.8917656,7.8838725,-4.265525,1665920131114,,-0.10270164,0.23067781,-0.12705988,,,,,,-0.23071463,-0.017379347,0.019081077,0.8292343,0.12977119,-0.013893387,0.50101763
,,-2.2245276,6.667999,-5.479803,1665920131366,,-0.18089233,0.15493058,-0.13439025,,,,,,-0.2398492,-0.1940295,0.06777732,0.86713016,0.1285878,-0.045268115,0.42874363
,,-2.6688743,5.879244,-6.7316484,1665920131616,,0.056734066,0.09262237,-0.40133816,,,,,,-0.39939937,-0.047942765,0.046760067,0.90443176,0.13101642,-0.07335051,0.3573696
,,-2.9410183,5.0838704,-7.6077414,1665920131868,,-0.31467173,0.031535894,-0.57848895,,,,,,-0.4352297,0.022015214,0.22102316,0.9327335,0.14341542,-0.09228672,0.29502305
,,-3.1529431,4.46732,-8.268479,1665920132121,,-0.08743002,-0.15783219,-0.08002329,,,,,,-0.39711428,0.13255952,0.13061292,0.94499195,0.16481848,-0.103913054,0.2541159
,,-3.105405,4.1398225,-8.298311,1665920132373,,-0.09720386,-0.13645191,0.28221953,,,,,,-0.24598868,0.034099873,0.22809419,0.9441699,0.18565035,-0.1068532,0.24259688
,,-3.2161927,4.3265424,-8.250294,1665920132874,,-0.8106939,-0.46204284,1.2522728,,,,,,0.056875452,0.035626817,-0.015940856,0.9325583,0.21494193,-0.11652501,0.25956494
52.47764837,13.42193698,-3.112663,4.1811385,-8.450174,1665920133000,10.92746,-0.094760396,-0.50480336,0.2547306,,,,,,-0.09116177,0.05790697,0.07493628,0.93951607,0.20332058,-0.10654163,0.24779686
,,-3.2520854,4.7374697,-7.613962,1665920133127,,-1.2780055,-0.48586658,0.5100721,,,,,,0.17838296,-0.16895202,0.06474697,0.9188562,0.20817429,-0.12453917,0.29440987
,,-3.0287552,5.704648,-6.4539213,1665920133377,,1.1850014,0.23312128,0.25045455,,,,,,0.35813025,0.023737557,0.35507357,0.8971064,0.18194072,-0.12875426,0.34782085
,,-2.8205793,6.8802423,-5.567141,1665920133628,,-0.9536363,1.34123,-0.045814857,,,,,,0.13208303,0.28665847,0.35936034,0.8753056,0.13720398,-0.12563148,0.40457833
,,-2.163989,7.770931,-4.3954554,1665920133878,,-0.058108512,-0.82611823,0.2614501,,,,,,0.26765198,0.21003672,0.3254286,0.84510934,0.096564166,-0.1060348,0.4734425
,,-1.4835503,8.704929,-2.9657445,1665920134130,,-0.039171703,-2.2616506,0.0036651888,,,,,,0.311131,0.18613094,0.41857612,0.8116095,0.04634067,-0.09326939,0.5431803
,,-0.88295156,9.413684,-1.9995224,1665920134380,,-0.68485576,-0.46937323,0.20952661,,,,,,0.19756076,0.07642533,0.3710392,0.7757346,-0.025936656,-0.096752055,0.60041153
,,-0.45926246,9.98493,-1.5016557,1665920134633,,-0.07948878,1.2795327,0.10690133,,,,,,-0.015342828,0.33484596,0.110026486,0.7441587,-0.082203425,-0.10612879,0.63608086
,,0.059660997,10.067641,-1.1047664,1665920134883,,0.22350015,-0.060704686,0.15393792,,,,,,-0.04434703,0.25636074,-0.16000213,0.72143936,-0.11004206,-0.101435065,0.6611117
,,0.50608194,9.78449,-0.4241677,1665920135134,,-0.16684245,-0.6000983,0.16982041,,,,,,0.138853,-0.100393616,-0.05005251,0.70137393,-0.13386743,-0.10207664,0.6803725
,,0.49499524,9.859626,-0.14396815,1665920135388,,-0.27557638,-0.37224573,0.18448116,,,,,,-0.055717282,-0.05775277,0.0419726,0.69036347,-0.16823639,-0.124766305,0.6856434
,,0.71577305,10.013485,-0.1934996,1665920135891,,-0.11064288,-0.6587413,-0.11117739,,,,,,-0.0656631,0.12376353,-0.31388205,0.6695678,-0.2016852,-0.15137413,0.693574
52.47765842,13.42200039,0.4975475,9.909955,-0.28107685,1665920136000,11.128079,-0.1711185,-1.0820706,0.10079269,,,,,,-0.1781663,0.024718856,-0.24249274,0.6797483,-0.19299814,-0.14433503,0.68862045
,,0.76227367,10.073782,0.12235298,1665920136141,,2.3004403,-0.16332997,-0.6261364,,,,,,-0.062221263,0.16351885,-0.082554005,0.66056377,-0.21861038,-0.16578916,0.6898908
,,0.26416767,9.823734,-0.47561333,1665920136391,,-0.7208968,0.43592837,0.0036651888,,,,,,-0.35681447,-0.040391635,-0.09441125,0.6667575,-0.25675496,-0.19950104,0.65695965
,,-0.1416551,9.882518,-1.1692128,1665920136642,,-0.37881252,0.17631085,0.16798781,,,,,,-0.49247906,0.06909107,-0.2859647,0.6738659,-0.28913683,-0.2347856,0.6249783
,,-0.26975092,9.850453,-1.4310677,1665920136892,,-0.25053093,0.6417898,0.02565632,,,,,,-0.457926,0.09631627,-0.18762766,0.67759705,-0.31542978,-0.26055655,0.6013791
,,-0.33914268,9.840641,-1.5390638,1665920137144,,-0.30062184,0.44570222,-0.12583815,,,,,,-0.40624636,0.064497314,-0.031621885,0.68214065,-0.32890245,-0.2764307,0.5861521
,,-0.5129415,9.836415,-1.4977475,1665920137395,,0.7580068,0.28137958,-0.15638138,,,,,,-0.4255509,0.069978304,0.14622326,0.6895538,-0.3244462,-0.2758947,0.580787
,,-0.51972103,9.662777,-1.8073789,1665920137646,,-0.15767947,-0.25923574,0.021380268,,,,,,-0.3090407,-0.081047885,0.108285554,0.7052496,-0.3109059,-0.2637622,0.5751656
,,-0.48342997,9.7946205,-1.7028922,1665920137897,,-0.15279256,-0.11446079,0.14110976,,,,,,-0.31383905,0.017177708,0.027170198,0.7067967,-0.29483545,-0.25386545,0.58713824
,,-0.24311076,9.809137,-1.4447066,1665920138149,,-0.2994001,-0.30627233,0.032986697,,,,,,-0.1631257,0.0040372848,0.13138697,0.70431846,-0.28481776,-0.24672563,0.5994953
,,-0.06604188,9.806905,-1.4195023,1665920138400,,-0.12652537,-0.3728566,0.05742129,,,,,,-0.023539873,-0.04885327,-0.081669174,0.6994864,-0.2787543,-0.24428916,0.6095979
,,0.15561323,10.460384,-1.1804591,1665920138903,,-4.09959,4.875694,-3.3689194,,,,,,0.055525247,0.70223606,-0.61075324,0.6752745,-0.294216,-0.25650445,0.6207713
52.47764088,13.42206185,-0.19030914,10.016515,-1.1239886,1665920139000,10.3800335,-0.5993347,-0.7296016,0.03848448,,,,,,-0.12574218,0.09340779,-0.18324457,0.6923702,-0.2833066,-0.24873704,0.61309683
,,0.26648068,9.597213,0.16311076,1665920139157,,-3.4526842,0.20196716,-0.12950334,,,,,,0.024032306,0.11690392,-0.6527781,0.6301505,-0.27467075,-0.27363646,0.65605927
,,0.3215156,8.5277,2.0928426,1665920139410,,-0.057497647,0.22945608,-0.07819069,,,,,,-0.0763584,-0.10666566,-0.61686236,0.5451511,-0.24411479,-0.29030323,0.70980674
,,0.05591231,7.425886,3.7037702,1665920139663,,0.4256964,-0.8884265,0.19181155,,,,,,-0.25706428,0.025285387,-0.68993986,0.45362753,-0.19933933,-0.3079897,0.7633679
,,-0.20721845,5.9963346,5.441278,1665920139913,,-0.0025198173,0.100563616,-0.18142684,,,,,,-0.29459473,-0.04308841,-0.6231894,0.3622605,-0.1455045,-0.32508388,0.81321436
,,-0.33842486,4.3737607,7.101339,1665920140164,,0.14469859,-0.0655916,-0.08552107,,,,,,-0.26239827,-0.13638708,-0.42277813,0.26676255,-0.08699828,-0.34403113,0.861293
,,-0.8232107,2.508396,8.814519,1665920140414,,0.07322741,0.14882194,-0.045814857,,,,,,-0.47038767,-0.73219985,-0.07708747,0.18171053,-0.031801727,-0.3665797,0.8979247
,,-0.9656634,1.9818954,9.340063,1665920140666,,-0.111253746,-0.0900262,0.19303326,,,,,,-0.34625772,-0.111785226,-0.0794789,0.11895148,-0.0067767436,-0.38186273,0.9132497
,,-0.9353542,1.6051056,9.393504,1665920140916,,-0.030008731,-0.099800035,0.031154104,,,,,,-0.06310228,0.118715405,-0.09203298,0.09396301,0.010065182,-0.39246467,0.91374296
,,-0.82416785,1.2123636,9.679287,1665920141167,,-0.03733911,0.0034361144,0.06658426,,,,,,0.08948664,-0.0150760235,-0.0445426,0.07762026,0.016647955,-0.397474,0.9137074
,,-0.8714659,1.1160923,9.779146,1665920141418,,0.092164226,-0.0014508038,-0.06902772,,,,,,-0.013656672,0.07315961,-0.017239634,0.06611708,0.018296314,-0.39947224,0.91399705
,,-1.156531,1.4187843,9.649216,1665920141918,,-0.21448989,-0.33925903,0.040317077,,,,,,-0.00549709,0.06826581,-0.03093675,0.086586215,0.024242904,-0.40420595,0.90900487
52.47763335,13.42207624,-0.9434103,1.1771092,9.688298,1665920142000,4.1307817,0.1392008,-0.5096903,-0.51190466,,,,,,0.03592919,0.023528159,-0.03983288,0.072982326,0.021035308,-0.40020582,0.91267
,,-1.2513664,1.5753547,9.625767,1665920142168,,0.14469859,0.24533857,0.05253437,,,,,,-0.002013282,0.04747905,-0.03724842,0.09668467,0.0244039,-0.40894133,0.90555733
,,-1.3942978,1.7947766,9.564511,1665920142418,,0.07689261,0.04619665,-0.054366965,,,,,,-0.020690935,0.04505303,-0.034669843,0.10994812,0.02450449,-0.41627103,0.90056074
,,-1.5780662,2.0689943,9.489057,1665920142668,,0.02008218,-0.0020616686,-0.05253437,,,,,,-0.03151144,0.043520704,-0.038049158,0.12653618,0.0253738,-0.42561504,0.89426506
,,-1.7784252,2.3939395,9.438329,1665920142918,,-0.097814724,-0.09491312,0.10995566,,,,,,-0.07110618,0.06996449,-0.028798549,0.14440472,0.02536947,-0.43601722,0.8873724
,,-1.7698911,2.5081565,9.425089,1665920143169,,-0.0074067353,-0.099800035,0.043982264,,,,,,-0.08671263,0.08294979,-0.058450732,0.1494209,0.02200884,-0.4414664,0.88439316
,,-1.6559926,2.4201005,9.481242,1665920143419,,0.05856666,0.118889555,0.043982264,,,,,,-0.018615691,0.026467586,0.013624319,0.1469601,0.01999385,-0.43995225,0.8855931
,,-1.6571094,2.4212976,9.470633,1665920143669,,0.15080725,0.27832526,0.08613193,,,,,,-0.02723819,0.022163527,0.008518442,0.14701056,0.019813575,-0.43775612,0.8866595
,,-1.6098113,2.4190638,9.510592,1665920143920,,0.11720968,-0.57077676,0.25961754,,,,,,-0.011375983,0.030135257,0.03984089,0.14574678,0.019348314,-0.43430105,0.8885513
,,-1.4308282,2.416432,9.5436125,1665920144203,,-0.083764836,-0.22197299,-0.0048869182,,,,,,0.016397445,0.017637642,0.061487295,0.1428091,0.013169706,-0.42759496,0.8922493
,,-1.2404393,2.4346173,9.428838,1665920144453,,0.043905906,-0.4021781,-0.05742129,,,,,,0.022746636,8.9990295E-4,-0.003583145,0.14006852,0.005765156,-0.42089316,0.89593434
,,-1.1301302,2.3279772,9.595219,1665920144981,,-0.040393434,-0.21281002,-0.08796453,,,,,,-0.07838672,0.029194284,0.11288929,0.12757723,-0.0018159731,-0.42152116,0.8973777
52.47762983,13.4220824,-1.1698511,2.3492732,9.516095,1665920145000,3.8691123,-0.08009964,0.60452706,0.19547673,,,,,,-0.062253118,0.0069820285,0.05359052,0.13203192,4.631736E-4,-0.42041668,0.8972882
