88#1#0
key,lat,lon,ts,bike,childCheckBox,trailerCheckBox,pLoc,incident,i1,i2,i3,i4,i5,i6,i7,i8,i9,scary,desc,i10
,,,,0,0,0,0,-5,0,0,0,0,0,0,0,0,0,0,,0

=========================
88#1
lat,lon,X,Y,Z,timeStamp,acc,a,b,c,obsDistanceLeft1,obsDistanceLeft2,obsDistanceRight1,obsDistanceRight2,obsClosePassEvent,XL,YL,ZL,RX,RY,RZ,RC
52.49021715950221,13.419624539092183,2.7866414,-8.792606,-1.3040017,1665996443000,4.5,-0.22930354,0.44829872,0.16180293,,,,,,0.44798553,0.48621434,0.30283514,-0.1135288,-0.749821,0.59493226,0.24462913
,,3.1130705,-7.739486,-3.71215,1665996443218,,0.85009533,0.13920091,0.06345363,,,,,,0.24285507,0.31719282,0.024892386,0.026580533,-0.8271309,0.5089436,0.15008208
,,3.2321522,-8.11833,-3.7822201,1665996443469,,1.2978595,-1.0116692,-0.22365303,,,,,,0.5943769,-0.021307945,0.066310294,0.024326768,-0.83137435,0.5060275,0.1358571
,,2.941257,-8.371875,-2.8303454,1665996443977,,-1.2689962,0.20517437,-0.05138904,,,,,,0.5624736,0.041614436,-0.21516591,0.02335247,-0.56547284,0.31853792,0.09439797
,,2.5477698,-9.399746,-2.4478717,1665996444227,,-2.3703861,1.1416308,-0.6567565,,,,,,0.62597656,-0.40987423,-0.3644615,0.044028036,-0.547446,0.3644067,0.05729052
,,2.7888858,-9.418181,-2.5184906,1665996444477,,0.26122126,-0.29695687,0.09399689,,,,,,0.6849188,-0.5633466,-0.402792,0.060819633,-0.5471453,0.36087406,0.06083427
,,2.9945579,-8.814741,-2.6761186,1665996444730,,1.6448311,-1.4111751,0.43913576,,,,,,0.3820802,-0.4042212,-0.115160115,0.073031075,-0.5592162,0.33140346,0.08611284
,,2.9034886,-8.37397,-3.2034118,1665996444983,,1.0773373,-0.17050776,-0.18822286,,,,,,0.033410694,-0.16215554,-0.16238454,0.079008125,-0.5209329,0.26993805,0.08989882
,,3.0081952,-8.727833,-3.1785924,1665996445235,,1.2893075,0.3169627,-0.07276932,,,,,,-0.020766728,-0.5645264,0.25665942,0.06311436,-0.5101722,0.2845147,0.0906085
,,3.0671723,-8.83717,-3.3464262,1665996445487,,-1.0735193,-1.4740942,-0.16928603,,,,,,-0.097474106,-0.7018181,-0.0055808206,0.026424157,-0.32620707,0.09573633,0.09042947
,,3.1176996,-8.69623,-3.166222,1665996445739,,-2.1009946,-0.33238706,-0.89499396,,,,,,-0.14778157,-0.51863694,-0.020168845,0.0385644,-0.3178355,0.104131535,0.08586649
,,2.784716,-9.028406,-3.2811635,1665996445992,,-1.5072336,1.0506119,-0.13080151,,,,,,-0.41047844,-0.7367636,-0.22282235,0.055293903,-0.311962,0.114577465,0.072603196
52.490239455364645,13.41973283328116,5.2541256,-6.7167735,-5.318849,1665996446000,4.5,1.3626113,-0.90354604,0.09216429,,,,,,1.4108554,-0.3561472,0.63542134,-0.07365665,-0.887603,0.35103002,0.25170115
,,2.8659792,-8.764383,-3.1676683,1665996446243,,1.9062814,-2.1967478,0.941267,,,,,,-0.40783563,-0.60362834,-0.03833078,0.059874468,-0.3132771,0.10820799,0.0761125
,,2.971643,-8.747942,-3.1506796,1665996446495,,1.6491071,-0.7196756,-0.33299792,,,,,,-0.17922701,-0.6332413,0.16130501,0.04792277,-0.26127478,0.067319974,0.076113604
,,2.7958293,-8.552497,-2.8181255,1665996447013,,-2.0826688,0.2363285,0.24182628,,,,,,-0.24057761,-0.41891882,0.40319583,0.059695102,-0.30959353,0.112681516,0.08623286
,,2.7625396,-8.659359,-2.7153242,1665996447264,,-2.0783927,1.0616075,-0.19127718,,,,,,-0.23821096,-0.52971226,0.5587388,0.05469704,-0.31253043,0.11038198,0.08838964
,,2.9410079,-8.735495,-2.350268,1665996447515,,-0.6886742,0.6162867,-0.24564418,,,,,,0.020222671,-0.6010167,0.95584756,0.04763753,-0.31526044,0.10833023,0.08887161
,,2.8467357,-8.945635,-2.3743699,1665996447767,,1.6277268,-1.4630986,0.5399285,,,,,,0.07117572,-0.67060316,0.8856992,0.0472453,-0.31414473,0.11512493,0.07966033
,,2.850018,-9.251544,-1.858479,1665996448016,,1.4298065,-0.3122285,-0.0397826,,,,,,0.08052863,-0.8778646,1.1712562,0.033663202,-0.25990584,0.08029509,0.07917595
,,2.4742079,-9.102706,-3.082515,1665996448279,,0.08651379,3.8001163,0.71524686,,,,,,-0.27687207,-0.7621689,0.13136175,0.026608618,-0.255587,0.08824911,0.083333366
,,2.3145044,-9.330963,-2.5157974,1665996448534,,0.53427804,0.7592291,-0.03795,,,,,,-0.25422567,-1.0717986,1.4161515,0.0029757496,-0.13878138,0.023138514,0.084684104
,,1.8432362,-9.066243,-3.2027137,1665996448784,,0.48601967,0.0884991,0.58696514,,,,,,-0.55559164,-0.8109959,0.8786283,-0.061537817,0.12221739,-0.1725459,0.088782415
52.490325747057796,13.41973727568984,3.1978354,-8.303639,-3.576319,1665996449000,5.5,-1.0564151,0.62300617,-0.3018438,,,,,,0.616876,-0.19817613,-0.18410015,0.005153935,-0.59157664,0.27918577,0.119623825
,,1.7356567,-9.4608965,-2.9938593,1665996449056,,-0.04970916,-0.6848563,-0.054443367,,,,,,-0.23334818,-0.8124472,0.6699054,-0.1273025,0.39709827,-0.3412058,0.07855641
,,1.3426781,-10.425721,-3.048078,1665996449307,,-2.1071033,1.5912277,-0.37881282,,,,,,-0.16313069,-1.379905,0.2669419,-0.19294286,0.6770957,-0.50050986,0.063111566
,,1.3595873,-10.08637,-3.605877,1665996449557,,-2.3868797,-0.16684256,-0.41424298,,,,,,-0.40879196,-1.4528071,0.156572,-0.14636873,0.5078674,-0.41093433,0.07405683
,,1.8675771,-7.9041376,-4.5922384,1665996450067,,1.6649896,0.30046934,0.1483639,,,,,,-0.16505732,-0.3752213,0.396287,-0.027936762,0.060354166,-0.17085768,0.087905444
,,2.2383692,-8.378031,-4.4383817,1665996450318,,0.12255484,-0.69401926,-0.14057536,,,,,,0.29226866,-0.7971453,0.42518,-0.021885594,0.058227118,-0.17564438,0.087945096
,,1.806515,-8.172926,-4.657361,1665996450569,,-1.369178,0.8581893,-0.023900103,,,,,,-0.19320473,-0.59962845,0.1812119,-0.01821307,0.058315895,-0.17717053,0.082083136
,,2.164129,-7.6900854,-5.0311055,1665996450822,,-2.09061,1.0170143,-1.2657892,,,,,,-0.12193967,-0.37336284,0.15345038,0.054935824,-0.21942452,-0.011875924,0.08066634
,,2.0211256,-7.0041866,-5.218572,1665996451073,,0.62407523,-0.43745586,0.6675994,,,,,,-0.4755429,-0.12715644,0.22934532,0.0576411,-0.22443344,-0.033434972,0.09648464
,,2.1771574,-7.344743,-5.5076413,1665996451323,,2.2312617,-1.3201561,0.23571762,,,,,,-0.35302785,-0.4013274,-0.0866811,0.058024064,-0.2229212,-0.02569736,0.08731503
,,2.2979045,-7.965739,-5.4125123,1665996451574,,1.1036044,-0.39897135,-0.070936725,,,,,,-0.30490467,-0.77644384,-0.23851417,0.03224716,-0.109635,-0.08744325,0.08355833
,,2.2184174,-7.58977,-5.321193,1665996451826,,-1.677665,-0.5938374,-0.026343564,,,,,,-0.5207558,-0.46122682,-0.03380847,0.030251672,-0.106839694,-0.08350677,0.077633165
52.4904317362234,13.41978907585144,2.9677327,-8.631585,-2.8550756,1665996452000,6.0,1.4316391,-0.5431356,-0.58956134,,,,,,-0.065582536,-0.49245012,0.42660287,0.049411472,-0.262058,0.066667706,0.08342527
,,2.3669374,-7.24268,-5.609175,1665996452078,,-2.044795,1.0567205,-0.7208974,,,,,,-0.49772328,-0.49104086,0.25248826,0.08187805,-0.3279669,0.05132499,0.07634267
,,2.527529,-6.5296464,-5.5731826,1665996452330,,0.55321485,-0.9872346,0.5955173,,,,,,-0.43826738,-0.36182678,0.67365974,0.0787368,-0.33995944,0.017509853,0.091040395
,,2.7594476,-6.4930253,-5.846301,1665996452584,,2.4413993,-0.9676869,0.30963233,,,,,,0.31266683,-0.06510828,0.4373955,0.043615963,-0.22200857,-0.025671303,0.0685709
,,2.515548,-7.585848,-5.694978,1665996453116,,-1.4870751,0.53626335,-0.4386776,,,,,,0.9346247,-0.4103746,-0.17931816,-0.0425959,0.118705176,-0.19937849,0.08768484
,,2.5463529,-7.108285,-5.995321,1665996453367,,-2.144366,0.96142554,-0.97746074,,,,,,0.90900874,-0.3225275,0.071332,-0.017431805,0.012429297,-0.12510568,0.09224624
,,2.5603192,-6.308822,-5.981405,1665996453616,,0.74685913,-0.16195565,0.51732653,,,,,,0.55225235,-0.16535959,0.37483582,0.012920072,-0.048179112,-0.12348045,0.11570159
,,2.1746736,-6.8764367,-5.902944,1665996453870,,2.5776222,-0.18150334,0.62911487,,,,,,0.19584791,-0.4786749,0.284059,0.024998864,-0.040469814,-0.10688139,0.10736381
,,1.9425057,-7.986978,-5.4528937,1665996454124,,0.32597297,0.037797287,0.005421429,,,,,,-0.13487719,-0.99041355,-0.0143165905,-0.0033693607,0.06954389,-0.16840719,0.100994594
,,1.7258303,-7.801347,-4.832607,1665996454376,,0.0064904434,0.11476631,0.18257235,,,,,,-0.7442446,-0.73553807,0.38330695,-0.009428237,0.06078615,-0.18128422,0.08666851
,,2.0058823,-7.4965544,-4.5909514,1665996454628,,0.73280925,-1.0733666,0.5613088,,,,,,-0.6657722,-0.40235987,0.49592692,-0.0023874978,0.058491167,-0.18940158,0.07071397
,,1.4606423,-8.094148,-3.9422526,1665996454881,,0.14882204,1.3059535,0.06528623,,,,,,-1.0842324,-0.5582807,0.48482767,-0.022747595,0.16238418,-0.26840603,0.068258174
52.4905749829486,13.419845318421721,1.8357242,-8.589868,-3.403248,1665996455000,5.5,1.1799626,-0.640874,0.9162215,,,,,,-0.20595802,-0.7490595,1.2529856,-0.0675933,0.22916466,-0.26638907,0.08796135
,,1.1078969,-9.465527,-3.5982757,1665996455166,,-0.61964643,1.6822466,-0.3366631,,,,,,-0.9245341,-0.8834336,-0.09231152,-0.097253166,0.44399363,-0.40774444,0.042086866
,,1.2039243,-10.121238,-3.4002755,1665996455420,,-2.7155252,-0.5687919,-0.97929335,,,,,,-0.6766495,-0.9615746,-0.5096532,-0.12542386,0.5064096,-0.41665795,0.029726898
,,1.1349713,-9.149003,-3.8120086,1665996455671,,-2.1962895,0.6388887,-0.58956134,,,,,,-1.009154,-0.60502607,-0.27767304,-0.076765336,0.27704194,-0.30316642,0.052096434
,,1.4106935,-7.6596007,-4.873647,1665996456180,,2.443843,0.00786489,0.6633233,,,,,,-1.4911294,-0.7088124,0.22903214,0.021802496,-0.28857195,-0.009840772,0.10623972
,,1.9393333,-7.7752404,-5.175945,1665996456430,,-1.179199,0.049403727,0.29191723,,,,,,-1.0386589,-0.86234856,-0.0040022056,0.05614876,-0.5538594,0.18639277,0.11457006
,,2.3625484,-7.507239,-5.4135494,1665996456692,,-1.383228,0.5509241,0.027412578,,,,,,-0.5766755,-0.7379884,0.10759459,0.084746055,-0.8270533,0.37168878,0.12106323
,,2.441457,-6.663423,-6.04915,1665996456942,,-1.3490195,0.41531202,-0.3684281,,,,,,-0.4165745,-0.42492115,0.15407678,0.07261347,-0.8974317,0.37577343,0.13457897
,,2.64664,-6.237076,-5.839508,1665996457193,,1.9423224,-1.0354929,0.5295438,,,,,,-0.04367783,-0.23332863,0.58067,0.051923133,-0.9054281,0.357394,0.13194712
,,2.2072945,-7.101023,-5.741096,1665996457450,,2.3546565,-0.49793154,-0.18516853,,,,,,0.17868322,-0.37371457,0.41361558,0.03414357,-0.8424018,0.3606939,0.09694766
,,2.0558212,-7.6742144,-5.5505767,1665996457702,,-0.4253913,0.09644035,-0.13935363,,,,,,0.5168483,-0.41892245,-0.06586703,0.0125406,-0.5590489,0.19784263,0.07568849
,,2.043531,-7.347884,-5.2358193,1665996457967,,0.07307476,-0.21082486,-0.01656972,,,,,,0.7793666,-0.084683195,0.20343833,0.009441367,-0.4516564,0.11999772,0.062468104
52.49073088634759,13.419937016442418,2.4521713,-7.5753946,-5.6090956,1665996458000,6.0,0.7334201,-0.7215082,-0.42218423,,,,,,0.64380187,-0.49680483,0.050284553,-0.024579769,0.066208415,-0.16531055,0.070181265
,,2.0809603,-7.3530717,-4.879692,1665996458218,,0.085292056,-0.03611741,-0.12835807,,,,,,0.8235448,0.04148944,0.27436665,0.022562701,-0.44203055,0.13407984,0.05282448
,,2.0068996,-7.848044,-4.0793405,1665996458469,,-0.11323915,-0.18822286,-0.2401464,,,,,,0.8441032,0.12962693,0.32962978,0.039731465,-0.4189209,0.17964333,0.0363495
,,1.8586186,-9.007047,-3.699022,1665996458721,,0.0828486,0.20334177,0.15508342,,,,,,0.8579921,-0.1278886,-0.22876215,0.054104697,-0.3905431,0.24412583,0.017512867
,,2.3858316,-8.952938,-2.8568614,1665996459225,,-0.010002919,-0.3665955,0.043295074,,,,,,0.99586827,0.21224166,0.080319576,0.10191386,-0.69345176,0.50939405,0.014136468
,,2.4675536,-8.996752,-3.0216622,1665996459476,,0.05963572,0.27053696,-0.039171733,,,,,,0.8056721,0.16310695,-0.0330611,0.12400307,-0.7992561,0.58750033,0.013676768
,,2.429885,-9.091802,-3.132434,1665996459737,,0.29054278,1.0426706,0.34628424,,,,,,0.561249,-0.035446104,-0.1145165,0.13530344,-0.7993343,0.58484876,0.013841367
,,3.0286252,-9.235864,-2.7634075,1665996459995,,0.62407523,-0.3751476,0.074449204,,,,,,1.0606557,-0.22788055,0.33022836,0.14423852,-0.8000804,0.5814732,0.014378468
,,3.3442807,-9.247125,-2.273384,1665996460247,,0.19341521,0.9687559,0.4556291,,,,,,1.2660775,-0.2852125,0.87775713,0.15343636,-0.8002058,0.5789205,0.015168232
,,2.7877886,-9.502905,-2.616902,1665996460501,,-0.31177035,-1.0189996,-0.28840476,,,,,,0.8437536,-0.7243375,0.90992653,0.16082525,-0.8017325,0.57490456,0.018129501
,,2.9461355,-9.351731,-2.816978,1665996460756,,-0.4095088,-0.72639513,-0.27252227,,,,,,1.1946317,-0.9126133,0.8431843,0.15844217,-0.8045166,0.5712847,0.023063967
52.49089077115059,13.420044220983982,1.6043246,-7.9601526,-4.4783545,1665996461000,7.0,1.2917509,-0.7025714,0.6859253,,,,,,-1.0364535,-0.5072385,-0.029678917,-0.021199968,-0.0078848,-0.17198929,0.086615466
,,2.7349663,-9.593716,-2.5729287,1665996461008,,0.6149122,-0.7337255,0.18623754,,,,,,1.0076969,-1.1707234,1.1406795,0.15135345,-0.806889,0.56946117,0.026765468
,,2.6716795,-9.398587,-3.0660145,1665996461259,,-1.1095604,-0.8785006,-0.36231944,,,,,,1.1403141,-0.91521156,0.7322625,0.12740208,-0.70019686,0.4930716,0.02645727
,,2.3833177,-9.222125,-3.9799216,1665996461510,,-2.3697753,0.070173144,-0.60300034,,,,,,1.0012574,-0.8820904,0.12959644,0.09456393,-0.5387114,0.37937877,0.024773134
,,2.531918,-8.076281,-4.96765,1665996461759,,1.0840567,-1.1454487,0.07322747,,,,,,1.2581457,-0.42508683,-0.02530586,0.09966578,-0.5619861,0.3283358,0.026411366
,,2.5940676,-7.6833816,-5.5395846,1665996462263,,0.88919073,-1.130788,-0.563905,,,,,,1.7196838,-0.034621987,-0.24208038,-0.027685892,-0.010272822,-0.001328506,0.06302377
,,2.7825708,-7.6552005,-5.973274,1665996462515,,-1.5695419,-0.27191138,-0.6848563,,,,,,2.2612507,0.07187724,-0.85861856,-0.094351396,0.24778172,-0.18942998,0.10032227
,,2.8836958,-7.5697265,-6.0211573,1665996462766,,-1.9049069,1.3615422,-0.7911469,,,,,,2.4240448,0.016031822,-0.64692646,-0.1615677,0.4058718,-0.28415546,0.12675574
,,2.7992506,-7.057757,-6.294655,1665996463018,,-0.8108473,0.25221097,0.059788436,,,,,,1.9863466,0.048432883,-0.5656634,-0.13738301,0.35198307,-0.25930354,0.1316958
,,2.53134,-7.141723,-6.2264905,1665996463269,,1.9991329,-0.57306796,0.5619197,,,,,,1.4514891,-0.17072335,-0.5015791,-0.089890875,0.37087792,-0.25848755,0.13300951
,,2.876514,-7.2283335,-6.140839,1665996463528,,1.7181349,0.21739167,-0.51503575,,,,,,1.41974,-0.26326272,-0.62738395,-0.1297275,0.34774527,-0.27092326,0.14037976
,,3.2706988,-7.2304087,-6.078909,1665996463782,,-0.14805846,-0.92798066,-0.1998293,,,,,,1.2548165,-0.26689607,-0.6335784,-0.16480862,0.3286107,-0.27656108,0.13530678
52.49105002731085,13.420173469930887,2.0784063,-9.288855,-3.2911797,1665996464000,7.0,-0.084528476,-0.28718302,-0.0800997,,,,,,0.93841773,-0.07373389,-0.43634394,0.0703459,-0.4288117,0.30991757,0.015657833
,,3.5173118,-6.869523,-6.339647,1665996464033,,-1.6428457,-1.0434341,-0.41179952,,,,,,1.0442994,-0.1083223,-0.6602422,-0.19575445,0.32117432,-0.27007115,0.12014339
,,3.7016554,-6.6596212,-6.3428392,1665996464286,,-1.5683202,0.47273335,-0.74960804,,,,,,0.7611749,-0.22768427,-0.44092038,-0.14897397,0.21273564,-0.21295217,0.10181787
,,3.819949,-6.1146617,-6.1085267,1665996464538,,0.44020477,-0.8082511,0.45135304,,,,,,0.61772555,0.0061118444,-0.16535416,-0.085247196,0.10596712,-0.16968708,0.1180652
,,3.6299891,-6.415711,-6.0503473,1665996464788,,2.847014,-0.6879106,0.55031323,,,,,,0.44167298,-0.1248051,-0.21895762,-0.15026695,0.21438767,-0.21093869,0.11996292
,,3.0206344,-7.116745,-5.783852,1665996465294,,-1.5023468,0.26687175,-0.13874277,,,,,,0.014660665,-0.4101163,-0.22463003,-0.14705107,0.20684929,-0.22357856,0.13383916
,,2.8710763,-7.072372,-5.773009,1665996465545,,-2.2824216,0.29191723,-0.6970736,,,,,,-0.18452492,-0.5066158,0.11365415,-0.14938873,0.21612968,-0.20940559,0.12552746
,,2.8164191,-6.6540847,-5.803505,1665996465799,,-0.45104763,0.020082194,0.10804679,,,,,,-0.37229198,-0.486597,0.28702724,-0.047349796,0.060600497,-0.14065228,0.13238244
,,2.5167353,-6.8302283,-5.880927,1665996466052,,2.823801,-0.33299792,0.9033933,,,,,,-0.54714614,-0.5810106,0.23195615,-0.08027315,0.112950645,-0.16403213,0.12492158
,,2.7253594,-7.6138,-5.725863,1665996466305,,1.7529541,0.188681,0.17157678,,,,,,-0.15344134,-0.8845658,-0.012006029,-0.17392607,0.2659399,-0.24479426,0.13697352
,,2.6876907,-7.7679873,-5.7166257,1665996466556,,-1.3270284,0.100716405,-0.23831381,,,,,,-0.21412973,-0.93091446,-0.24659078,-0.17098959,0.2590082,-0.255331,0.14170662
,,2.67963,-7.6135616,-6.0524716,1665996466808,,-1.8016707,0.94493216,-0.62438065,,,,,,-0.3116351,-0.9692341,-0.21094108,-0.17254953,0.26975507,-0.24359563,0.12535577
,,2.7512867,-6.891031,-6.435634,1665996467060,,-0.92752254,-0.34338263,0.0622319,,,,,,-0.5435983,-0.7725373,-0.29962513,-0.04219548,0.064180285,-0.14267871,0.12148363
,,2.7097778,-6.6652374,-6.2132034,1665996467320,,2.229429,-0.4637231,0.70791644,,,,,,-0.55532897,-0.639667,-0.01388944,-0.04934506,0.05790964,-0.14931867,0.12530312
,,2.491656,-7.5554423,-5.932193,1665996467571,,2.0089066,0.09399689,-0.24686591,,,,,,-0.5126733,-0.9862774,-0.03995738,-0.14354166,0.21500088,-0.22230898,0.12349422
,,2.4075294,-7.7413025,-5.923335,1665996467826,,-0.71188706,0.6895905,-0.08437576,,,,,,-0.64513093,-1.000449,-0.3529266,-0.13788028,0.20722191,-0.23837787,0.1271117
52.4912486365065,13.420370360836387,2.980432,-7.152647,-5.23207,1665996468000,6.5,2.5776222,-1.7416532,0.20945042,,,,,,1.822111,0.1717667,0.14466241,0.033170238,-0.2760311,0.18003078,0.031226631
,,2.8370097,-6.6839237,-5.952684,1665996468331,,-1.478523,0.16974418,-0.32750013,,,,,,-0.7101477,-0.74546784,0.30731323,0.013210131,-0.041775003,-0.096174605,0.09973634
,,2.7173889,-6.580095,-5.7032084,1665996468581,,1.6546049,-0.0397826,0.7250207,,,,,,-0.8957408,-0.9167319,0.65691596,0.033379357,-0.10376004,-0.08464274,0.11367264
,,2.5879428,-7.26759,-5.7048736,1665996468833,,2.3943627,0.15447254,0.15080735,,,,,,-0.8816771,-1.1083459,0.3851787,-0.030200575,0.004314234,-0.12421668,0.1029341
,,2.7866616,-7.549706,-5.539495,1665996469085,,-0.92691165,0.38965568,0.1202641,,,,,,-0.71361524,-1.0971885,0.084054686,-0.04524296,0.05162579,-0.17158924,0.103000924
,,2.5586538,-7.4119596,-5.69431,1665996469336,,-1.9183459,0.48800498,-0.28962648,,,,,,-1.0280923,-1.0964646,0.14752142,-0.00848611,0.01167283,-0.13389945,0.0826007
,,2.4980595,-6.9045386,-5.845952,1665996469594,,-2.0875556,0.96325815,-0.4453971,,,,,,-1.3159498,-1.0489879,0.32582575,0.11575355,-0.25944465,0.0046352255,0.09347593
,,2.6420214,-6.459746,-5.886184,1665996469847,,0.9282861,-0.23403774,1.0445032,,,,,,-1.4146993,-1.0037558,0.3108424,0.090786956,-0.2701503,-0.016137106,0.12125426
,,2.752065,-6.919133,-5.9685445,1665996470110,,2.2056053,-0.8253553,0.47945285,,,,,,-1.2507082,-1.0528718,0.020583153,0.05601736,-0.27633062,-4.3219526E-4,0.122735366
,,2.6490347,-7.5285473,-5.862792,1665996470365,,-0.6288094,-0.3207806,0.013362677,,,,,,-1.3155353,-1.3052701,-0.345953,0.070826635,-0.3803796,0.087100364,0.12831506
,,2.7175086,-7.4624667,-6.0076513,1665996470618,,-1.5677093,0.69081223,0.27908906,,,,,,-1.3016641,-1.3646142,-0.27504545,0.15326738,-0.6440976,0.2663946,0.13254377
,,2.2524745,-6.9237623,-5.9996705,1665996470869,,-1.537777,0.20945042,-0.37331504,,,,,,-1.6480899,-1.0889649,-0.03073593,0.20118809,-0.8737846,0.37478408,0.15891358
52.49137566424906,13.420345550402999,3.34052,-7.182744,-5.8568063,1665996471000,6.5,0.76029813,0.29985848,-0.028787024,,,,,,0.26941648,-0.46928406,-0.35942063,-0.14649214,0.20488909,-0.2273398,0.13162051
,,2.375058,-6.682726,-6.064094,1665996471375,,2.3668737,-1.0403799,0.610178,,,,,,-1.3591748,-0.86237085,0.04019855,0.1014898,-0.89381874,0.34793952,0.17603327
,,2.1945353,-7.466528,-5.885397,1665996471626,,0.23617578,0.18318321,-0.23831381,,,,,,-1.2212472,-1.1200639,-0.18013968,0.06453981,-0.8861548,0.37463662,0.1732599
,,2.026223,-7.3895946,-5.7889905,1665996471878,,-1.6184111,-0.16256651,-0.40630174,,,,,,-1.3374525,-1.0111251,-0.07173684,0.032686666,-0.8897096,0.36969477,0.19036767
,,2.0026002,-7.0446696,-5.958031,1665996472128,,-2.4113142,0.33223432,-0.6359871,,,,,,-1.4500479,-0.93079257,0.0456096,-0.002914267,-0.89968264,0.34354183,0.21202517
,,2.9187214,-6.5694,-6.1758533,1665996472380,,-0.286114,-0.43195808,0.533209,,,,,,-1.024124,-1.0869274,0.118855245,-0.035530005,-0.90278935,0.308272,0.23015954
,,2.7700415,-6.7258215,-6.1994762,1665996472629,,2.1982749,-0.5932265,1.050001,,,,,,-1.0689962,-1.0959015,0.093403704,-0.069448605,-0.9001141,0.30667347,0.23026855
,,2.4754748,-7.662633,-5.886285,1665996472880,,1.2996922,0.3120758,-0.03795,,,,,,-1.1572043,-1.5303997,0.043271583,-0.09809307,-0.88603574,0.33211002,0.23560645
,,2.460152,-7.5880136,-5.5635266,1665996473133,,-0.97639173,0.27542385,0.07933612,,,,,,-1.2139854,-1.3895018,0.1792619,-0.12559578,-0.8793779,0.33120647,0.2523868
,,2.6510494,-7.387299,-5.8479085,1665996473386,,-1.904296,0.4983897,-0.31467196,,,,,,-1.011186,-1.4206403,0.262506,-0.16452534,-0.88430995,0.30228508,0.2655702
,,2.7266264,-6.795352,-5.8746533,1665996473639,,-0.92630076,-0.25175285,0.2589305,,,,,,-1.0047016,-1.2957935,0.52776563,-0.20478812,-0.8842493,0.2634352,0.27196282
,,2.4841537,-6.740994,-5.6279497,1665996473894,,2.4725535,-0.25114197,0.9907471,,,,,,-1.0024066,-1.1725432,0.8524759,-0.24597082,-0.8774672,0.25712267,0.2607511
52.491499590687454,13.420252511277795,2.6156855,-7.3864822,-6.0620294,1665996474000,6.5,-1.9763781,0.5246569,-0.24992025,,,,,,-0.61534065,-0.8774608,-0.12999092,-0.1350363,0.22169214,-0.22670452,0.10280845
,,1.9517535,-7.701429,-5.0257883,1665996474416,,-0.3826307,-0.14546229,0.37132972,,,,,,-0.56712455,-1.1026077,0.6338065,-0.29040366,-0.83873826,0.32550997,0.25202245
,,1.8489625,-7.6128445,-4.446132,1665996474668,,0.661338,-0.41729733,0.25098926,,,,,,-0.22769791,-0.8774414,1.086698,-0.31040126,-0.82596976,0.33724147,0.24805212
,,1.8424982,-7.824491,-3.9452946,1665996474919,,-0.1175152,-0.20654881,-0.4826599,,,,,,0.2165523,-0.69286066,0.97291076,-0.3162944,-0.8044014,0.37494627,0.24232768
,,1.5232711,-8.671499,-3.170082,1665996475173,,-0.020998493,-0.23098342,-0.17600554,,,,,,0.48679656,-0.56556344,0.80441344,-0.30507854,-0.7790361,0.45147693,0.23443456
,,1.40389,-9.668164,-2.643897,1665996475455,,0.34368807,-0.6799694,-0.106977776,,,,,,0.8341551,-0.50577414,0.36710978,-0.2802848,-0.7561405,0.5343947,0.23345666
,,1.4969448,-9.495783,-1.8154634,1665996475706,,-0.10896309,-0.27313313,-0.12102768,,,,,,0.90953547,-0.02908848,0.63118976,-0.25683823,-0.74626565,0.5656207,0.23471703
,,1.5948676,-9.661382,-1.87052,1665996475976,,-0.07231117,0.14469871,-0.026343564,,,,,,0.849972,-0.2140529,0.5978849,-0.24112286,-0.7522722,0.5658911,0.23192097
,,1.7188073,-9.564338,-2.2088208,1665996476227,,0.12133311,-0.24869852,-0.1118647,,,,,,0.7848078,-0.12933229,0.2499836,-0.22615266,-0.75705916,0.5662137,0.232202
,,1.9068321,-9.447661,-2.162932,1665996476477,,-0.14805846,0.6981426,0.15141822,,,,,,0.7391927,-0.04124354,0.327512,-0.2110447,-0.7629772,0.56401616,0.23407348
,,1.9758648,-9.324359,-2.2850463,1665996476728,,-0.25923595,-0.42768204,-0.059941154,,,,,,0.6453139,0.020401923,0.26109636,-0.20360689,-0.76636434,0.5600584,0.23946093
,,1.8401036,-9.418051,-2.4443405,1665996476979,,0.22823453,-0.024510968,0.100716405,,,,,,0.3860923,-0.10994671,0.1673685,-0.20268443,-0.7687925,0.55471915,0.24476509
52.49164551962167,13.42020833864808,2.4264634,-6.3710704,-5.967917,1665996477000,6.5,0.67477703,-0.4893794,0.8410851,,,,,,-1.6143315,-0.9714658,0.14910084,0.1520757,-0.88747174,0.34033644,0.18358855
,,1.7765776,-9.249261,-2.7798474,1665996477479,,0.029092457,0.10743593,0.1501965,,,,,,0.2133312,0.029047044,-0.1252208,-0.21255732,-0.7673302,0.54687536,0.25740078
,,1.749603,-9.201935,-2.6675596,1665996477729,,0.055970527,-0.015958855,0.10010554,,,,,,0.2543569,0.082916066,-0.008222151,-0.22119798,-0.76478726,0.5456461,0.259611
,,1.5074694,-9.239124,-2.692619,1665996477982,,0.061468314,-0.21143574,0.23755023,,,,,,0.18786,0.071987055,-0.06392456,-0.23183295,-0.76057345,0.54781026,0.2577025
,,1.3737929,-9.420206,-2.6923692,1665996478236,,-0.07475463,0.17951803,-0.038560867,,,,,,0.31485826,-0.040745243,-0.13652794,-0.24114004,-0.75598824,0.5539854,0.24817626
,,1.3898338,-9.276554,-2.6132708,1665996478488,,-0.39240456,0.3487277,0.18929186,,,,,,0.62961173,-0.15312906,-0.11475973,-0.24580206,-0.7508741,0.5643272,0.23405702
,,1.599566,-9.3577175,-2.591484,1665996478741,,0.028481591,-0.27068967,-0.0061850105,,,,,,1.1713675,-0.174648,-0.21581176,-0.24104871,-0.74802357,0.577601,0.2125038
,,1.5927826,-9.508871,-2.4396918,1665996478997,,-0.04604397,-0.8461247,-0.24747679,,,,,,1.393991,-0.3417751,-0.19519566,-0.22426274,-0.7490428,0.5907452,0.18668677
,,1.5283787,-9.598575,-2.495476,1665996479250,,-0.087582804,-0.023900103,-0.04466952,,,,,,1.461232,-0.40638173,-0.3227563,-0.19937994,-0.75278634,0.60178983,0.1605971
,,1.5042769,-9.551408,-2.3773623,1665996479505,,0.16959146,-0.038560867,-0.051999904,,,,,,1.4687356,-0.32590574,-0.2064092,-0.16964306,-0.75889105,0.60900944,0.13549396
,,1.6241469,-9.644861,-2.3728936,1665996479756,,-0.053985216,-0.62743497,-0.020845776,,,,,,1.494858,-0.41785735,-0.21776977,-0.1341394,-0.7651536,0.6144621,0.11362396
52.4917465634644,13.42042869888246,2.1448858,-7.8561726,-5.529378,1665996480000,6.0,1.7834975,-0.3048981,0.14530957,,,,,,-0.7574533,-1.5716751,0.61172277,-0.2742675,-0.8591544,0.2987757,0.25201216
,,1.69717,-9.659626,-2.3282013,1665996480013,,-0.1437824,-0.21265747,-0.24564418,,,,,,1.4326082,-0.17585406,-0.19621785,-0.09540329,-0.7723287,0.61684424,0.092061736
,,1.867976,-9.443979,-2.4679427,1665996480524,,0.51961726,0.7940485,0.29680416,,,,,,1.2128341,0.009020376,-0.04470488,-0.022124266,-0.78643113,0.61035514,0.059419435
,,2.161126,-9.118995,-2.9084167,1665996480776,,-0.58238363,0.43608144,0.5979607,,,,,,1.3702873,0.04315872,-0.5423446,0.009523368,-0.79196143,0.60509723,0.0510296
,,2.5979984,-9.329127,-2.93181,1665996481046,,0.10789407,-0.5791766,0.30046934,,,,,,1.5921711,-0.2660776,-0.4107969,0.038688537,-0.79698473,0.59874976,0.042625703
,,2.4992871,-9.106067,-3.0401275,1665996481296,,-0.23052527,-0.92492634,-0.23831381,,,,,,1.2444537,-0.12925962,-0.34158245,0.066621736,-0.80114895,0.5916059,0.037687298
,,2.1347995,-9.009969,-2.8984709,1665996481548,,0.1549307,-1.1540008,-0.7606036,,,,,,0.6451317,0.29779395,-0.008745392,0.08453199,-0.80465543,0.5851924,0.039323833
,,2.018931,-8.810533,-3.0245056,1665996481800,,0.10606148,1.3395511,0.36888626,,,,,,0.38513562,0.44166243,-0.024394982,0.09560212,-0.8072879,0.5803705,0.040540162
,,1.2955426,-9.433773,-3.26211,1665996482060,,-1.6245197,-0.49609894,0.032910366,,,,,,-0.3965626,-0.18294436,-0.28558302,0.09828868,-0.8062757,0.58129853,0.042231627
,,0.93774915,-9.521012,-3.279518,1665996482310,,-1.2439507,1.0970377,-0.38492146,,,,,,-0.84815294,-0.17082547,0.2517428,0.10081871,-0.81493783,0.5670757,0.04352317
,,0.87644744,-8.770269,-4.029501,1665996482560,,-1.4540883,0.2644283,-1.2364676,,,,,,-1.2395558,0.10417429,0.0643938,0.09545321,-0.8322362,0.53092927,0.066963576
,,1.3644656,-7.932658,-4.533989,1665996482811,,0.7071529,-0.6524804,-0.018402316,,,,,,-1.1824442,0.056372575,0.31825265,0.08867472,-0.8551658,0.4718041,0.09899433
52.491799243725836,13.420661548152566,1.7435374,-9.387007,-2.6769767,1665996483000,5.5,-0.0045051314,-0.37942368,0.10560333,,,,,,0.19393954,-0.10591095,-0.024630558,-0.20516342,-0.769456,0.54980296,0.25133786
,,1.6513008,-7.3118315,-5.189073,1665996483070,,2.2422574,-0.098425664,0.078725256,,,,,,-1.1110314,-0.32657376,0.322616,0.088392824,-0.8756676,0.42623284,0.11591815
,,2.531559,-7.058905,-5.7372656,1665996483573,,-1.9495001,0.40065125,-0.13080151,,,,,,-0.50803065,-0.23765752,-0.04654249,0.10234901,-0.8790445,0.4164256,0.12423243
,,2.7112043,-7.097612,-5.892649,1665996483825,,-1.5426638,0.50083315,-0.33299792,,,,,,-0.555383,-0.39207643,-0.18396777,0.113123566,-0.879734,0.41192707,0.12871677
,,2.627098,-7.1352005,-5.9374213,1665996484081,,-1.3300827,0.46662468,-0.8113054,,,,,,-0.77128696,-0.6728134,-0.13508557,0.12826137,-0.88068926,0.40378487,0.12941004
,,2.4871864,-6.894652,-5.9851456,1665996484336,,1.4811192,-0.98051506,1.4104115,,,,,,-0.90910065,-0.5098618,-0.18798372,0.14054793,-0.87981963,0.40161783,0.12819439
,,2.5406568,-7.197768,-6.0244193,1665996484588,,2.10298,0.14469871,0.34933856,,,,,,-0.80120087,-0.6416468,-0.23437765,0.14164637,-0.87572587,0.41519657,0.118726656
,,2.639458,-7.522581,-5.7766094,1665996484840,,-0.3392593,-0.500375,-0.15645786,,,,,,-0.64443696,-0.83329606,-0.24802072,0.14103664,-0.8677121,0.4280506,0.11439528
,,2.5520694,-7.289945,-5.82587,1665996485096,,-1.795562,0.15997034,-0.55046594,,,,,,-0.7350408,-0.65888953,-0.15518,0.13763966,-0.8727723,0.42116818,0.11774135
,,2.4974017,-7.059702,-5.8928385,1665996485349,,-2.1975114,1.244867,-0.63781965,,,,,,-0.9374631,-0.6591459,-0.029912282,0.12975626,-0.8795292,0.40541792,0.13136539
,,2.5196576,-6.492955,-5.5208297,1665996485600,,1.4182,-1.1277336,0.8997281,,,,,,-0.9478557,-0.28047428,0.45857567,0.116865836,-0.8840638,0.3894769,0.1399792
,,2.3096967,-7.0554624,-5.1922255,1665996485854,,2.573957,-0.017180584,0.106214195,,,,,,-0.75186133,-0.25915048,0.5842582,0.09983302,-0.8795052,0.41903445,0.11882591
52.49182958621532,13.420921135693789,1.5846422,-9.684605,-2.381273,1665996486000,6.0,-0.35147658,-0.72761685,-0.18455766,,,,,,1.1338869,-0.23079747,-0.15519232,-0.058482397,-0.7792244,0.61558396,0.07416638
,,2.4790459,-8.011956,-5.0347567,1665996486115,,-0.9873873,-0.3751476,-0.17050776,,,,,,-0.34194884,-0.71484286,0.016340153,0.09561144,-0.86052406,0.45509642,0.109105706
,,2.1772966,-7.0778093,-5.3687677,1665996486618,,-1.823051,0.057344973,-0.6989062,,,,,,-0.86867046,-0.46358687,0.5269183,0.09249103,-0.88622797,0.4027384,0.12823243
,,2.469709,-6.4287806,-5.3626227,1665996486873,,0.371177,-0.26885706,0.34017557,,,,,,-0.65924305,-0.39039484,0.86101276,0.09712224,-0.89466995,0.37010822,0.13424347
,,2.6012404,-6.6442585,-5.9813843,1665996487125,,-0.44982588,0.26381743,0.20578523,,,,,,-0.33523437,-0.5918009,0.33241552,0.10491554,-0.8962811,0.37068966,0.1217385
,,2.4218252,-6.696931,-6.8660026,1665996487378,,-0.80107343,0.501444,0.23999368,,,,,,-0.72889477,-1.1042349,-0.26875475,0.114857905,-0.90317404,0.3451556,0.13194282
,,2.4380355,-5.339709,-7.7295313,1665996487630,,0.24289529,-1.0391581,-0.23831381,,,,,,-0.9228419,-0.55635756,-0.26779288,0.12043248,-0.9295495,0.28685597,0.1465514
,,2.4698083,-5.3330846,-7.0525904,1665996487882,,3.757203,0.20761782,-0.0012980887,,,,,,-0.85164857,-0.899862,0.85909766,0.11810039,-0.9427941,0.26010725,0.14754072
,,2.4171362,-6.498931,-6.905656,1665996488138,,-1.0576369,0.57108265,-0.51320314,,,,,,-0.68496156,-1.3949878,0.49099058,0.11759741,-0.9232713,0.3043833,0.120248646
,,1.9291978,-7.4189825,-6.8219385,1665996488394,,-2.3392322,1.5429692,-0.16684256,,,,,,-0.88640636,-1.4849979,0.04505224,0.11515748,-0.9086292,0.35308927,0.099952064
,,2.1017501,-7.468243,-6.39584,1665996488645,,-0.2916118,-0.37820193,-0.24747679,,,,,,-0.87682945,-1.4024392,0.30447736,0.10906646,-0.90477103,0.3613605,0.110313505
,,2.4872966,-6.9195623,-5.8405447,1665996488897,,2.7425559,-0.7251734,1.0805442,,,,,,-0.55598325,-0.8161818,0.79651994,0.107266665,-0.9032783,0.3640208,0.114227824
52.491852468810976,13.421076787635684,1.8921475,-7.3502984,-5.6274714,1665996489000,6.5,1.377272,-0.064828075,-0.05505423,,,,,,-0.9878908,-0.49974728,0.092789605,0.092101,-0.88152695,0.41540384,0.1216601
,,2.4350128,-7.8690534,-5.0240235,1665996489151,,0.8635344,0.31757358,-0.09292787,,,,,,-0.42447677,-1.1004293,0.9881409,0.101324275,-0.88611144,0.40758845,0.10314657
,,2.777783,-7.2355266,-5.8787127,1665996489657,,-1.8499291,0.49533537,-0.7239517,,,,,,-0.16633816,-0.5035789,-0.18370013,0.10200219,-0.8829972,0.4123111,0.11571581
,,3.3748271,-6.1698985,-5.8398376,1665996489912,,1.517771,-0.8888853,0.41775545,,,,,,0.13804379,-0.24672289,0.3855136,0.09896728,-0.89766777,0.36727512,0.1354783
,,3.0574956,-6.4165807,-5.960036,1665996490172,,2.329611,-0.6879106,-0.2786309,,,,,,0.22095743,-0.13845819,0.15829857,0.0994903,-0.89477944,0.38394552,0.11319066
,,2.814564,-7.616345,-5.5798063,1665996490422,,-0.60376394,0.106214195,-0.19066632,,,,,,0.3814043,-0.52660304,-0.21074718,0.09845867,-0.87316054,0.43772635,0.08621446
,,2.6977267,-7.430555,-5.3306994,1665996490678,,-0.09369145,-0.11247557,-0.26091582,,,,,,0.27653795,-0.2643069,-0.06240032,0.1025173,-0.8698043,0.4437464,0.08253891
,,2.6349187,-7.177408,-4.992619,1665996490931,,-0.006337727,0.3804927,0.32368222,,,,,,0.19313098,-0.06921744,0.4255218,0.102025695,-0.8746014,0.43694296,0.08476317
,,2.3396242,-7.550105,-4.5836396,1665996491183,,0.14026994,0.26320657,0.028634308,,,,,,0.16891359,-0.023437405,0.4766669,0.098580234,-0.86275613,0.46334654,0.07182251
,,1.922145,-8.706236,-4.3256044,1665996491433,,0.07246389,-0.18944459,0.09949467,,,,,,0.20758985,-0.20977521,0.0034955582,0.09535111,-0.84294826,0.5198209,0.045415
,,1.664848,-9.182861,-3.8467336,1665996491684,,-0.15416712,-0.20410535,0.06834055,,,,,,0.04682413,-0.3121348,-0.010343599,0.092348404,-0.8287452,0.5501234,0.038132172
,,1.7227079,-9.0657835,-3.8407385,1665996491947,,-0.035659257,-0.025121834,-0.08437576,,,,,,0.099001646,-0.26016366,0.10073585,0.087664336,-0.83138555,0.547013,0.039217465
52.49194865114987,13.421219699084759,2.259418,-7.6462817,-5.176254,1665996492000,7.0,-1.9482783,-0.10636691,-0.9151525,,,,,,-0.54631174,-0.4585551,0.13232826,0.094011046,-0.86873627,0.44289148,0.11023833
,,1.5927027,-9.214944,-3.9460938,1665996492199,,-0.010613783,-0.14668402,-0.03733914,,,,,,0.053435523,-0.38573486,-0.024565792,0.08411499,-0.83118564,0.54811835,0.036264792
,,1.6530566,-8.886609,-3.7193725,1665996492703,,-0.26778805,-1.2523501,-0.31711543,,,,,,0.28931686,-0.045745037,-0.07796274,0.084266424,-0.82991797,0.55051154,0.02930267
,,1.7350382,-9.258987,-3.8222535,1665996492955,,-0.19081903,-0.19799669,-0.08132143,,,,,,0.31582108,-0.46030957,-0.36770946,0.08689165,-0.8287416,0.55191386,0.028379235
,,1.6884308,-8.98476,-3.6050098,1665996493207,,-2.2907447E-4,0.3224605,-0.17722727,,,,,,0.18773256,-0.22365977,-0.10070563,0.09403529,-0.8294558,0.5495339,0.0289349
,,1.7192364,-8.879177,-3.586345,1665996493457,,0.3290273,-0.00496328,0.22838724,,,,,,0.105217375,-0.1197429,-0.08079836,0.10036782,-0.82990444,0.54734683,0.03465923
,,1.8060662,-8.717248,-3.5026271,1665996493707,,0.13232869,-0.18455766,-0.06971499,,,,,,0.09063335,0.017027091,0.019216688,0.1018373,-0.83024555,0.5462244,0.040029537
,,1.8047793,-8.91414,-3.5935273,1665996493963,,0.09017898,0.28092167,0.13736832,,,,,,0.008314271,-0.1903417,-0.080221765,0.10105528,-0.8300703,0.54625773,0.045513134
,,1.6816274,-9.071362,-3.8414068,1665996494216,,-0.018555032,0.04390594,-0.06666067,,,,,,-0.19222145,-0.33127627,-0.06928445,0.09768577,-0.8310429,0.5451014,0.048440102
,,1.583525,-8.63809,-3.7354932,1665996494466,,-0.18654297,0.2344959,0.15508342,,,,,,-0.27233312,0.14574069,0.20419928,0.09415202,-0.83171827,0.54435074,0.052223895
,,1.6145698,-8.82844,-3.7915976,1665996494717,,0.11400273,0.2589305,0.117820635,,,,,,-0.19674484,-0.027525552,0.13120286,0.086365305,-0.8320647,0.544974,0.054441825
,,1.498132,-8.86882,-3.6940536,1665996494969,,-0.07475463,-0.015347989,0.1465313,,,,,,-0.17101572,0.013396358,0.20112495,0.07668986,-0.832236,0.5463062,0.05320986
52.49211343936622,13.421382391825318,2.4654093,-8.1633005,-5.6897106,1665996495000,7.0,-1.8511508,0.34384078,-0.10147999,,,,,,-0.39409992,-0.93834877,-0.34069195,0.10387156,-0.86624974,0.44477087,0.09870983
,,1.5351622,-8.926841,-3.6922982,1665996495221,,-0.110795684,-0.20654881,-0.063606344,,,,,,-0.015753964,-0.020742336,0.1949576,0.069664635,-0.8326124,0.54689705,0.05052047
,,1.7776947,-8.720541,-3.7267644,1665996495728,,0.12744176,-0.32750013,0.06345363,,,,,,0.38618648,0.21346855,0.13458158,0.065649375,-0.8328717,0.5476095,0.0435987
,,1.7307683,-8.701627,-3.6290011,1665996495982,,-0.080252424,-0.11064297,0.017027868,,,,,,0.43656805,0.24574633,0.23869759,0.06372144,-0.8332356,0.5476768,0.038879834
,,1.7857552,-8.75853,-3.794929,1665996496233,,0.14943291,0.06956228,-0.10209085,,,,,,0.5805503,0.21681954,0.039343443,0.06504241,-0.83209455,0.54963547,0.0324287
,,1.8073032,-8.797155,-3.822702,1665996496483,,-0.2354122,-0.14790575,-0.24320072,,,,,,0.6088294,0.13933192,0.007469797,0.073108636,-0.83115023,0.55028063,0.025365435
,,1.6586232,-8.821257,-3.8081775,1665996496733,,-0.0026725354,0.4537965,-0.13080151,,,,,,0.3938464,0.08915701,0.057380278,0.08518741,-0.83094823,0.548807,0.021662097
,,1.5413872,-9.043758,-3.6078622,1665996496986,,-0.3551418,0.08788824,0.01947133,,,,,,0.15424699,-0.15323617,0.276256,0.09474699,-0.8297131,0.5489027,0.0226022
,,1.460064,-9.202971,-3.346645,1665996497236,,-0.028328875,0.2674826,-0.04955644,,,,,,-0.0664687,-0.3294511,0.5146587,0.10296904,-0.8280527,0.54972607,0.0257242
,,1.4393141,-9.514857,-3.3196607,1665996497494,,0.009544769,0.09399689,0.042073343,,,,,,-0.25708658,-0.6544866,0.49639538,0.11145808,-0.8257014,0.5514522,0.030443033
,,1.4921463,-9.627543,-3.0428805,1665996497749,,0.005879578,-0.08987355,0.03718642,,,,,,-0.3858413,-0.7632435,0.6773036,0.115807734,-0.822235,0.55519706,0.038532995
52.49229570385069,13.42151440680027,1.5098733,-9.106236,-3.9061098,1665996498000,8.0,0.42676574,-1.5095243,-0.30550897,,,,,,0.078287475,-0.24859795,-0.0030105272,0.08201291,-0.8308709,0.5493363,0.0309164
,,1.5771403,-9.612141,-3.0023386,1665996498001,,-0.41439572,-0.4527275,-0.10758864,,,,,,-0.45246398,-0.7114364,0.5410814,0.11567887,-0.816702,0.5625125,0.04746897
,,1.6925508,-9.695552,-3.0453744,1665996498252,,0.13416128,0.57230437,-0.042836927,,,,,,-0.3970513,-0.7456009,0.34580293,0.11246799,-0.81240916,0.5691329,0.052644942
,,1.8078916,-9.528523,-3.467362,1665996498753,,-0.576275,-0.8962157,-0.4826599,,,,,,-0.31091124,-0.48817414,-0.32948112,0.10437343,-0.8055802,0.57990557,0.059085373
,,1.9837158,-9.407618,-3.6622608,1665996499004,,-0.12301299,1.6779705,0.6614907,,,,,,-0.1859884,-0.36311498,-0.57084584,0.10211765,-0.80443066,0.5814135,0.063722275
,,1.9044777,-9.32773,-4.428755,1665996499256,,-0.7369326,-0.20288362,-0.039171733,,,,,,-0.3477481,-0.31545523,-1.309412,0.0962389,-0.80592096,0.5786525,0.073105335
,,1.8750392,-9.183121,-4.340508,1665996499510,,0.29298624,-0.58406353,0.23571762,,,,,,-0.43212992,-0.22913581,-1.0954429,0.086660035,-0.8107285,0.5713864,0.0834751
,,1.8099964,-9.023895,-4.282089,1665996499762,,-0.15355626,0.15874861,0.39881864,,,,,,-0.5250231,-0.079676345,-1.02859,0.0670611,-0.81203574,0.5684469,0.09915133
,,1.9019536,-9.318053,-4.097167,1665996500012,,0.878806,1.7445548,0.90950197,,,,,,-0.38882193,-0.38676646,-0.7840795,0.04567544,-0.8148605,0.56380206,0.11130214
,,2.0498157,-8.657792,-3.7043488,1665996500262,,-0.707611,-0.10636691,-0.45822528,,,,,,-0.15334712,0.30247155,-0.4244499,0.021880506,-0.8145452,0.5630799,0.123023845
,,1.9774209,-8.472402,-3.4854393,1665996500513,,0.042531494,0.034742963,0.025579982,,,,,,-0.1557704,0.52095217,-0.24708115,0.0025693,-0.8143552,0.56314874,0.13218614
,,1.7857951,-8.781174,-3.1144176,1665996500765,,-0.5408448,0.39026654,0.22288945,,,,,,-0.26571146,0.25046635,0.080250725,-0.014469901,-0.81332,0.5634353,0.13896273
52.49247130472213,13.421656815335155,1.7253416,-8.721897,-3.7602832,1665996501000,8.5,-0.04482224,-0.09903653,0.031688634,,,,,,0.2703482,0.20244823,0.098918416,0.06645164,-0.83273405,0.54745,0.046978902
,,1.903101,-8.940627,-3.2245607,1665996501015,,-0.047265697,0.69264483,0.4000404,,,,,,-0.050319325,0.12286336,-0.05003659,-0.035686035,-0.81216824,0.5621458,0.14721109
,,1.9140345,-9.050111,-3.2893536,1665996501267,,-0.5420666,0.49900055,-0.1680643,,,,,,0.04351374,0.016623514,-0.07506582,-0.0558617,-0.81169766,0.55787784,0.1553808
,,1.5858495,-8.907419,-3.4535067,1665996501768,,-0.07903069,0.3542255,0.13981178,,,,,,-0.2976986,0.10881588,-0.10127728,-0.09378584,-0.8117638,0.5437414,0.18000841
,,1.4882457,-9.056497,-3.8024414,1665996502020,,-0.07475463,0.08544478,0.21311562,,,,,,-0.36495522,-0.07045358,-0.351828,-0.1238457,-0.81107086,0.53312343,0.19685134
,,1.534773,-8.91013,-3.5605369,1665996502274,,0.047418416,0.5429828,0.42386413,,,,,,-0.1993266,0.061521087,-0.009617194,-0.16119748,-0.80737203,0.5219697,0.21283711
,,1.2665424,-9.105988,-3.7279718,1665996502530,,-0.07780896,0.3187953,0.24976753,,,,,,-0.34451434,-0.14353852,-0.10292644,-0.1967058,-0.8012847,0.512248,0.22723897
,,1.2826536,-8.945655,-3.835072,1665996502781,,-0.19876029,-0.29512426,0.027412578,,,,,,-0.21689631,0.0136440275,-0.16269132,-0.22687095,-0.79427886,0.50449586,0.23954274
,,1.5131354,-9.12524,-4.068996,1665996503037,,-0.1175152,0.82337,0.05917757,,,,,,0.14712687,-0.13766506,-0.41980562,-0.25554347,-0.7851451,0.5003547,0.2511938
,,1.0797849,-9.537362,-4.3341236,1665996503289,,0.12988523,0.39637518,-0.025732698,,,,,,-0.13860177,-0.5346249,-0.66517365,-0.28055567,-0.77845037,0.49589634,0.25853807
,,1.2637397,-9.377828,-4.063329,1665996503543,,-0.06925685,-0.105756044,0.12331842,,,,,,0.2626938,-0.28369185,-0.26880604,-0.3015855,-0.7722653,0.49327725,0.26190987
,,1.5204777,-9.351014,-4.1570225,1665996503794,,-0.46693012,-0.39591703,-0.1643991,,,,,,0.6430646,-0.25287563,-0.3359378,-0.31482112,-0.7680994,0.49142268,0.2627962
52.49262435827404,13.42173476703465,1.6552812,-9.456778,-2.9764414,1665996504000,7.0,-0.23296873,0.5258786,-0.3244458,,,,,,-0.44510624,-0.46080044,0.28885338,0.108339794,-0.8090405,0.5745474,0.05563201
,,1.5450581,-9.147737,-3.6815841,1665996504067,,0.012599096,-0.04344779,0.02985604,,,,,,0.68954813,-0.06082123,0.1706097,-0.3206084,-0.7667763,0.48889282,0.2643627
,,1.6395493,-9.416296,-3.3540375,1665996504320,,0.2691625,0.24182628,-0.063606344,,,,,,0.77147645,-0.33273554,0.5031095,-0.32493636,-0.7650744,0.48677063,0.26766506
,,1.9871875,-9.320209,-2.6587212,1665996504824,,0.7419722,0.23205243,-0.08926269,,,,,,0.9529144,-0.14219074,0.80432236,-0.33540502,-0.7466621,0.48939908,0.2954627
,,1.909296,-9.228899,-2.1462624,1665996505082,,1.2019538,1.0298425,0.8282569,,,,,,0.52606136,-0.069773465,0.79488844,-0.3366645,-0.73149526,0.4897049,0.3250273
,,2.310275,-9.520124,-1.5269421,1665996505334,,-1.1456014,0.6675994,0.22533292,,,,,,0.6730251,-0.2686734,0.74961954,-0.33619297,-0.7071339,0.4974535,0.36025757
,,2.3855424,-9.708549,-1.0999762,1665996505586,,0.59047765,-0.30611986,0.12148582,,,,,,0.60221577,-0.3391775,0.629911,-0.33400863,-0.6886504,0.50951713,0.3832344
,,2.3084493,-9.707111,-0.7394091,1665996505837,,-0.083306745,-0.30673072,-0.046502117,,,,,,0.46325785,-0.22453967,0.2831398,-0.32684657,-0.6658049,0.5302445,0.40311003
,,2.2849057,-9.780374,-0.39392596,1665996506108,,-0.019165898,-0.13019066,0.058566704,,,,,,0.44954425,-0.21865982,0.081919946,-0.3194652,-0.64879507,0.54861915,0.41399416
,,2.0456452,-9.887793,-0.10358914,1665996506360,,0.020540344,0.12759447,-0.008628472,,,,,,0.27116406,-0.2929677,0.07154093,-0.31226718,-0.64071053,0.5622918,0.41403046
,,1.9338361,-10.192026,-0.026336227,1665996506613,,-0.011224649,0.1379792,-0.0012980887,,,,,,0.41994193,-0.5277016,-0.06651603,-0.3095563,-0.6336952,0.5798136,0.4044007
,,1.3767558,-9.892104,-0.05307148,1665996506865,,0.02603813,0.08972083,0.025579982,,,,,,0.03539255,-0.19422413,-0.063554995,-0.30676937,-0.6364328,0.5891548,0.39076164
52.49274560250342,13.421726636588573,1.7004517,-8.645871,-3.4547133,1665996507000,6.0,-0.6648505,0.27420214,-0.52053356,,,,,,-0.15700532,0.4149067,-0.21681236,-0.07530733,-0.8104274,0.5531881,0.16720626
,,1.3151349,-9.795217,-0.17174406,1665996507115,,0.069409564,0.08239045,0.0023671028,,,,,,0.07928998,-0.07414376,-0.3037936,-0.30744725,-0.6313231,0.5956602,0.38950866
,,1.2961409,-9.768563,-0.08076439,1665996507368,,0.13477215,0.12637275,-0.0037415496,,,,,,0.08585848,-0.041252296,-0.15756626,-0.31179762,-0.6314396,0.5929019,0.39011094
,,1.2055604,-9.727541,0.029767912,1665996507873,,0.5953645,-0.21510093,-0.08620836,,,,,,0.053491633,-2.2055308E-4,-0.21287791,-0.32454398,-0.61786205,0.58958423,0.40538713
,,1.2375629,-9.870237,0.18666793,1665996508140,,0.85192794,-0.06666067,-0.16195565,,,,,,0.048617814,-0.20501597,-0.4623141,-0.32045138,-0.6026016,0.5971937,0.418363
,,1.3459404,-10.230803,0.4044605,1665996508395,,-2.583578,-0.5474116,-0.76121444,,,,,,0.1636145,-0.6287117,-0.6672395,-0.31654656,-0.58587104,0.6061587,0.4304702
,,1.5244781,-10.268072,0.12042836,1665996508646,,-2.6245062,0.74334663,-1.1399509,,,,,,0.13306013,-0.84300095,-0.41626483,-0.32794192,-0.59971815,0.5768741,0.43076086
,,1.9030912,-9.582665,-0.64685345,1665996508898,,-0.83772534,0.50083315,-0.00496328,,,,,,-0.02122783,-0.81340086,-0.04011,-0.34569123,-0.6305597,0.50672024,0.42459175
,,2.6017492,-8.856562,-1.5644114,1665996509166,,0.5813146,0.017638734,-0.29512426,,,,,,0.10782666,-0.9029059,0.25399464,-0.36690748,-0.66164905,0.42457977,0.41918385
,,3.2050285,-8.17172,-2.654302,1665996509422,,1.0834459,-0.717843,0.36522105,,,,,,-0.007633567,-0.91596156,0.3446841,-0.37723473,-0.69956,0.34916446,0.41398638
,,3.491614,-7.4952774,-3.4368966,1665996509675,,1.4249195,-1.2279155,0.5264895,,,,,,-0.15151434,-0.5747176,0.81692356,-0.38933188,-0.7412952,0.29203448,0.40198737
,,3.4908156,-6.968863,-4.0578723,1665996509969,,1.1146,0.05917757,0.524046,,,,,,-0.29188162,-0.1384582,1.1554483,-0.39435,-0.77629834,0.26389223,0.3815249
52.49281202908605,13.421804253011942,1.6006833,-9.544307,-3.0956833,1665996510000,5.5,0.49823695,0.40798163,0.16363552,,,,,,0.6655438,-0.44379604,0.6863335,-0.3296509,-0.7603939,0.4852355,0.2766382
,,3.2380579,-6.9701395,-3.8218043,1665996510225,,0.15065464,0.41470113,-0.11369729,,,,,,-0.32176957,0.027977228,1.035312,-0.37535185,-0.7727686,0.29351607,0.36796167
,,2.9603307,-7.620514,-2.885322,1665996510476,,0.21601722,0.43363798,-0.5296965,,,,,,-0.058665797,0.034081984,0.88720554,-0.34329796,-0.75041443,0.37051907,0.35830203
,,1.6765096,-9.045262,-0.96693826,1665996510980,,-0.45043677,-0.16928603,0.4537965,,,,,,-0.35623705,0.04302012,0.5764014,-0.25217217,-0.7133858,0.54663277,0.31917137
,,1.4231237,-9.397211,-0.8449138,1665996511231,,-1.1236103,0.49533537,-0.21143574,,,,,,-0.23288469,0.050337743,0.20394422,-0.22772929,-0.70526564,0.5912834,0.30084664
,,1.4951891,-9.600409,-1.023202,1665996511483,,-1.5994743,0.70974904,-0.5651267,,,,,,-0.19810638,-0.19806617,0.15742938,-0.21821208,-0.71412987,0.58822095,0.29301745
,,2.033884,-9.061155,-1.996884,1665996511735,,-0.019165898,0.40187296,-0.03733914,,,,,,-0.19885117,-0.23744719,0.013208755,-0.21427232,-0.74266464,0.53538156,0.29617018
,,2.4658678,-8.295858,-2.9181929,1665996511991,,1.4462998,-1.0855839,0.09277516,,,,,,-0.37733206,-0.06679376,0.034877993,-0.21770804,-0.7730452,0.4736134,0.3054089
,,2.5764003,-7.852692,-3.830972,1665996512247,,0.99731386,-0.26580274,0.18807013,,,,,,-0.4476824,0.19455026,-0.028431408,-0.22542737,-0.79896635,0.4331846,0.30881086
,,2.9615474,-8.266651,-4.1384673,1665996512500,,0.66378146,-0.3861432,-0.05627596,,,,,,-0.083058596,-0.24604033,-0.049391188,-0.23058598,-0.807421,0.42194074,0.30782738
,,3.001371,-8.631607,-3.6908216,1665996512751,,0.44386995,0.73296195,-0.16378824,,,,,,-0.0797389,-0.5964937,0.027425341,-0.21533255,-0.79854125,0.4380712,0.30395812
52.492825859226286,13.421827889978886,1.1781068,-9.755953,-0.041978333,1665996513000,5.0,0.33819026,0.20028745,0.002977968,,,,,,-0.0053989072,-0.025890509,-0.130873,-0.31779546,-0.62784636,0.5903173,0.3947064
,,2.8839755,-8.435122,-3.3944294,1665996513004,,-3.744833,0.48128545,-0.681802,,,,,,-0.1851065,-0.23865093,-0.32398158,-0.18701914,-0.7834539,0.4716274,0.29616335
,,2.7935746,-9.023775,-3.2387965,1665996513257,,-2.1663573,1.2460887,-0.99823016,,,,,,-0.21111241,-0.62437737,-0.40047964,-0.15670387,-0.78221583,0.4973009,0.28522724
,,2.8112314,-8.891205,-3.133052,1665996513507,,1.5116624,-1.5296829,0.8991173,,,,,,-0.27819687,-0.62507975,-0.25832835,-0.14161338,-0.78696215,0.4952191,0.28413245
,,2.6158648,-9.020505,-2.6240947,1665996514011,,1.3351223,-0.4899903,-0.06727154,,,,,,-0.2738351,-0.79235977,0.3077729,-0.13911383,-0.7883139,0.50008774,0.269637
,,2.4866579,-8.818592,-2.8512242,1665996514262,,-1.1126146,-0.7386124,0.53809595,,,,,,-0.3478438,-0.58485967,0.18714729,-0.13703257,-0.79247445,0.49854898,0.26209483
,,2.5323875,-9.043807,-3.0081146,1665996514512,,-2.3404539,0.5778022,-0.78442734,,,,,,-0.17174019,-0.88505536,0.58318335,-0.14297907,-0.8098673,0.47971386,0.24933334
,,2.6868231,-8.381881,-2.8901408,1665996514763,,0.29481885,-0.7764861,0.09521862,,,,,,0.06005582,-0.41298667,1.0080969,-0.1644197,-0.81546694,0.45908222,0.24849075
,,2.4325392,-8.6748705,-2.983445,1665996515014,,1.4059827,-0.69768447,0.596739,,,,,,0.23679522,-0.50154364,1.0023333,-0.18065614,-0.81400985,0.46965745,0.23097521
,,2.2625506,-9.156345,-2.680179,1665996515265,,1.994246,-0.87544626,0.00786489,,,,,,0.43641633,-0.8174267,1.0886676,-0.18332836,-0.8064054,0.48779625,0.21588978
,,2.1487463,-8.952828,-3.0783446,1665996515518,,-2.4809527,0.51305044,-0.18333593,,,,,,0.5229819,-0.5634967,0.39391896,-0.17534544,-0.79762954,0.50410277,0.20034291
,,2.2497017,-8.760097,-3.0287147,1665996515769,,-1.6013069,-0.47105345,-0.7887034,,,,,,0.8403961,-0.35736236,0.80698115,-0.17860049,-0.808912,0.49292782,0.18824145
52.49284111429006,13.421860495582223,2.3460283,-8.471751,-1.8324918,1665996516000,5.0,-0.081474155,-0.1521818,-0.16500998,,,,,,-0.25237167,-0.044649966,0.65500027,-0.29526642,-0.72936714,0.4654786,0.34197423
,,2.4978306,-8.448829,-3.3795753,1665996516021,,-0.11385001,-0.061773747,-0.31894803,,,,,,0.8522235,-0.43545184,0.9316093,-0.18355845,-0.82258296,0.46009964,0.19635421
,,2.16772,-8.166055,-3.108073,1665996516272,,2.2587507,-1.6341408,0.07506007,,,,,,0.69223017,-0.0570083,1.1794643,-0.17707977,-0.8232788,0.4693843,0.18602446
,,1.787132,-9.182343,-2.605909,1665996516524,,2.3351088,-0.37636936,-0.05138904,,,,,,0.7539638,-0.62069255,1.0541584,-0.14823762,-0.8101472,0.5163358,0.15585497
,,2.1012511,-9.037093,-2.6535537,1665996517029,,-1.972102,0.2906955,-1.0690905,,,,,,0.81856734,-0.4239916,0.8099331,-0.103751555,-0.8106185,0.5288328,0.13964008
,,2.2378008,-8.975633,-3.1656833,1665996517281,,-1.0130436,0.7763334,-0.21632266,,,,,,0.3488869,-0.86760896,0.8086954,-0.085333586,-0.82818854,0.4939676,0.15496495
,,2.3231936,-8.365421,-2.996782,1665996517533,,1.2422708,-1.2248611,0.46173778,,,,,,0.075088024,-0.42818007,0.9485832,-0.06973394,-0.8294708,0.48654878,0.16891941
,,2.1086729,-9.049634,-3.1164126,1665996517784,,1.7749454,-0.0019089539,0.30718887,,,,,,-0.14561875,-0.9055318,0.5606535,-0.052601404,-0.8238189,0.5057824,0.16515905
,,2.4972417,-9.033194,-3.6490722,1665996518053,,-2.0435734,0.37194058,-0.19127718,,,,,,-0.015130647,-0.86021847,-0.13078213,-0.041906733,-0.8195841,0.51120174,0.17486498
,,2.355346,-8.810931,-3.7758152,1665996518303,,-1.392391,2.6724591,-0.32566753,,,,,,-0.41312772,-0.8731422,0.50475925,-0.040351532,-0.84457123,0.4764923,0.18501121
,,2.6370733,-8.183162,-4.580546,1665996518556,,-1.70943,0.78732896,-0.9554696,,,,,,-0.6885911,-0.8694569,0.3413281,-0.043571066,-0.86369795,0.42666495,0.21261308
,,3.1722875,-7.1745353,-4.654777,1665996518808,,1.3125204,-0.49426633,0.8111527,,,,,,-0.35083356,-0.41038913,0.57312405,-0.05163837,-0.8718967,0.3910774,0.2227181
52.49286232050508,13.421958815306425,2.7813845,-8.868861,-2.924567,1665996519000,5.0,1.5599208,-0.53763777,0.41653374,,,,,,-0.22025007,-0.66856205,0.06265131,-0.13960977,-0.79017705,0.4950695,0.27603713
,,2.8786685,-7.465689,-5.0617313,1665996519059,,1.8378644,0.51732653,0.008475755,,,,,,-0.23291843,-0.5117102,0.19422595,-0.05574417,-0.87224406,0.40287882,0.20186064
,,3.1033247,-8.032886,-5.027734,1665996519312,,-0.789467,0.064064495,0.16668986,,,,,,0.08322337,-0.9106766,-0.07197959,-0.057550237,-0.8629151,0.41854042,0.20067057
,,2.7275147,-7.491945,-5.2409773,1665996519563,,-3.1590133,1.013349,-1.1106293,,,,,,-0.36669424,-0.5288632,0.11236153,-0.06998501,-0.87442833,0.39751056,0.20983717
,,3.2832289,-6.245315,-5.4693146,1665996520066,,1.4621823,-0.7392233,0.5894086,,,,,,-0.09104897,-0.109469034,0.53238153,-0.10873844,-0.88853294,0.33301458,0.22873504
,,2.4380455,-6.914755,-5.641866,1665996520321,,2.0889301,-0.15157095,0.11965323,,,,,,-0.45330206,-0.24337904,0.1997034,-0.1291514,-0.8812768,0.36186132,0.21308479
,,2.4631848,-7.824162,-5.345634,1665996520576,,-1.2732723,-0.4246277,-0.3140611,,,,,,-0.24611743,-0.7722371,0.05320072,-0.1393817,-0.86452496,0.3913773,0.21308899
,,2.0301538,-7.2639074,-5.438379,1665996520829,,-1.6281849,1.1617893,-0.20166188,,,,,,-0.5922819,-0.33196604,0.2590883,-0.15330963,-0.8718415,0.37655625,0.21282965
,,2.6742034,-6.881215,-5.5418987,1665996521087,,-1.3484087,0.5564219,-0.7031823,,,,,,-0.14118148,-0.44818103,0.657696,-0.16969691,-0.88371885,0.3368849,0.22159763
,,2.437487,-6.330109,-5.584595,1665996521341,,2.1200843,-1.107575,0.76961386,,,,,,-0.3085411,-0.22950241,0.87061393,-0.17505017,-0.88944906,0.31697315,0.21457118
,,2.3195326,-7.483128,-5.8532352,1665996521593,,1.3339006,-0.20227276,-0.3861432,,,,,,0.096878015,-0.6453603,0.20936845,-0.17983295,-0.8773226,0.36469713,0.19850022
,,2.56829,-8.282022,-5.611151,1665996521845,,-1.8798615,0.08361218,-0.32505667,,,,,,0.47487286,-0.99322236,-0.20509388,-0.17296095,-0.8588482,0.40301928,0.19894524
52.49290037434548,13.422121424227953,1.8663002,-9.060159,-2.8685634,1665996522000,4.5,-1.3765085,0.08055785,0.07078401,,,,,,0.7747252,-0.36933118,0.17148246,-0.1172124,-0.7946878,0.54518056,0.14240393
,,2.3959973,-7.648597,-5.759283,1665996522115,,-2.1199315,1.3206143,-0.71173435,,,,,,0.15095927,-0.6240936,0.02996854,-0.175467,-0.8707802,0.37759897,0.20479026
,,3.09695,-6.978201,-6.0319915,1665996522367,,0.13660474,-0.67691505,1.2974014,,,,,,0.32265934,-0.8108248,0.27403578,-0.1808748,-0.8844861,0.3243822,0.22086193
,,2.732802,-6.604456,-5.884668,1665996522624,,3.2605696,-0.96096736,0.6724863,,,,,,0.08698848,-0.5015904,0.5069112,-0.1841362,-0.886114,0.32131138,0.2133333
,,2.4226527,-8.149573,-5.405739,1665996523130,,-2.5145504,0.99807745,-0.38797578,,,,,,0.2693769,-0.98706174,-0.05967744,-0.17299014,-0.8579096,0.40048105,0.20060468
,,2.457938,-7.34582,-5.589553,1665996523383,,-1.5854244,0.41347942,-0.6695847,,,,,,0.08103001,-0.73731023,0.5155968,-0.17503437,-0.8800151,0.35162142,0.20476334
,,2.8869085,-6.4232154,-5.5226545,1665996523637,,2.4640014,-1.1222358,0.94187784,,,,,,0.23951796,-0.46972078,1.0094984,-0.17792837,-0.89115834,0.3118084,0.20726828
,,2.5875435,-7.1735783,-5.655873,1665996523888,,1.91239,0.22044599,-0.6622543,,,,,,0.58542114,-0.44186074,0.46678296,-0.18006884,-0.8789882,0.35949072,0.18669581
,,2.8085878,-8.054754,-5.572076,1665996524157,,-1.4925729,1.974851,-0.11980595,,,,,,1.0448946,-0.62421894,-0.2908655,-0.16999848,-0.8560438,0.4146684,0.18524885
,,2.8400316,-7.5523496,-5.717165,1665996524413,,-2.2366068,0.8636871,-1.3262649,,,,,,0.76238245,-0.44584557,-0.14713226,-0.17312317,-0.8660475,0.389135,0.19758014
,,3.1966283,-6.3128223,-5.5783606,1665996524668,,1.7981582,-1.2230285,1.2399801,,,,,,0.6586698,-0.055257503,0.6767218,-0.17829533,-0.8849697,0.32907537,0.21091914
,,3.090077,-6.5915866,-5.5414996,1665996524919,,2.2245421,0.5955173,-0.09170614,,,,,,0.77104074,-0.14420636,0.542331,-0.1847414,-0.8789422,0.3464723,0.20168082
52.49296311289072,13.422373970970511,3.2707686,-7.078298,-5.687436,1665996525000,4.0,-1.9012417,-0.2560289,-1.125901,,,,,,-0.12689795,-0.5547575,0.043943215,-0.09173515,-0.883112,0.36061847,0.23107274
,,2.988313,-8.107167,-5.4599276,1665996525169,,-1.6831628,0.018860465,-0.28351784,,,,,,1.1415477,-0.73802173,-0.3634402,-0.17723055,-0.85175425,0.4181026,0.1932103
,,2.800767,-8.036058,-5.347,1665996525428,,-2.3740513,0.6034585,-0.9432523,,,,,,0.78092647,-0.6723131,-0.26219422,-0.17048909,-0.8528848,0.41683686,0.19954504
,,2.5887208,-7.0149007,-5.3259916,1665996525681,,1.5721381,-1.5767195,0.6150649,,,,,,0.13424212,-0.50257325,0.6399016,-0.17600846,-0.8779299,0.35208258,0.2082178
,,2.5330057,-8.353938,-5.527274,1665996526184,,-2.435138,0.19295706,-0.16500998,,,,,,0.7972066,-0.9006916,-0.338078,-0.17451112,-0.85282654,0.42190823,0.18421577
,,2.4421055,-8.343174,-5.3741055,1665996526435,,-2.3178518,1.1300243,-0.985402,,,,,,0.65798885,-0.75800955,-0.33880278,-0.16504289,-0.8502094,0.43211177,0.18504621
,,2.7089992,-6.8129106,-5.6548853,1665996526694,,1.5525904,-1.1582769,0.9736428,,,,,,0.43793306,-0.08110797,0.26118404,-0.16746211,-0.8769029,0.36407074,0.19668294
,,3.0085237,-6.442358,-5.685281,1665996526950,,2.5910614,-0.21265747,-0.5437464,,,,,,0.75165343,0.09218272,0.43972474,-0.17050704,-0.88235575,0.35055843,0.19361109
,,3.011078,-7.873961,-5.7978187,1665996527200,,-1.8480965,-0.12102768,-0.09353874,,,,,,1.1329917,-0.49553016,-0.5475395,-0.15792313,-0.858771,0.41565514,0.18312372
,,2.9075685,-8.279558,-5.661669,1665996527453,,-2.915278,0.9846384,-1.6237562,,,,,,0.89007574,-0.7894681,-0.5685011,-0.14506485,-0.85687226,0.42445654,0.18760572
,,3.0253034,-6.340285,-5.4724474,1665996527706,,1.8922315,-0.9151525,1.3322208,,,,,,0.47155043,0.18104145,0.5622298,-0.14507964,-0.88487744,0.35263434,0.20098776
,,2.949008,-6.4061947,-5.629436,1665996527961,,2.6778042,0.04512767,-0.19738583,,,,,,0.34557253,-0.0544902,0.5670009,-0.14725804,-0.88914126,0.3406653,0.20192197
52.49300380703062,13.422655016183853,2.694175,-8.072082,-5.7371855,1665996528000,4.5,-0.36125043,-0.20654881,-0.26213756,,,,,,0.521116,-1.0982555,-0.10820941,-0.1809056,-0.8647989,0.38391,0.20128666
,,2.4005463,-7.912996,-5.4687867,1665996528214,,-1.6837736,0.28092167,-0.20410535,,,,,,0.20175813,-0.6953145,-0.11593373,-0.13875344,-0.8656045,0.4056184,0.19024858
,,2.15944,-8.160887,-5.693602,1665996528468,,-2.3471735,1.5698473,-0.56573755,,,,,,-0.18939248,-0.96938914,-0.33496672,-0.1331411,-0.8659032,0.40572253,0.1956963
,,2.0177135,-6.867109,-5.2488985,1665996528719,,2.5537984,-0.58345264,1.2772429,,,,,,-0.7207224,-0.60171604,1.0192267,-0.14030181,-0.8914784,0.3373869,0.20480901
,,1.6438886,-8.744613,-5.5046086,1665996529224,,-2.6171758,0.47273335,-0.80336416,,,,,,-0.43188536,-1.4878471,-0.12275306,-0.13579553,-0.8659391,0.41114765,0.18051788
,,1.885224,-8.368005,-5.5120406,1665996529479,,-1.4088843,-0.18883371,-0.13324498,,,,,,-0.40154755,-1.3675785,0.03150986,-0.12678178,-0.87180626,0.3954759,0.18579309
,,2.016586,-6.9527416,-5.4404645,1665996529735,,3.5562284,-1.2010374,0.8624654,,,,,,-0.5160183,-0.78457713,0.9827639,-0.13370174,-0.8965706,0.33402032,0.18891588
,,2.2254405,-7.518821,-5.2468524,1665996529993,,-1.0985647,-0.10147999,-0.2590832,,,,,,-0.03621298,-0.9664551,0.7081775,-0.1305432,-0.8840131,0.36357185,0.17920034
,,2.1409152,-8.450434,-5.631372,1665996530245,,-2.638556,0.21128301,-0.27924177,,,,,,0.24065188,-1.1106141,-0.292793,-0.12187834,-0.86767197,0.4183262,0.166981
,,2.0237489,-7.501273,-5.3251333,1665996530495,,0.32780555,-0.9860129,0.41836634,,,,,,-0.26330742,-0.78859466,0.52773553,-0.118457586,-0.8831253,0.3749338,0.17789586
,,3.1479464,-6.3177,-6.009017,1665996530748,,3.6276996,-1.2126439,0.29130638,,,,,,0.72191244,-0.1751016,0.5168672,-0.13009492,-0.90114635,0.33042926,0.18120511
52.49304848257452,13.422975037246943,2.6564863,-6.61913,-5.2403483,1665996531000,4.5,2.4078016,-0.4301255,-0.40263656,,,,,,0.41567656,-0.1193878,0.8988702,-0.18043883,-0.8800759,0.34957272,0.19704543
,,2.652496,-7.444979,-5.8051705,1665996531005,,-1.5805374,0.34994942,-0.023900103,,,,,,0.5710299,-0.6613683,0.017193962,-0.1314665,-0.8802498,0.37899822,0.17200144
,,2.5314293,-8.433904,-6.0600734,1665996531255,,-2.8010461,0.76533777,-1.1552225,,,,,,0.6241757,-1.0560874,-0.701137,-0.1259681,-0.86794126,0.4185583,0.16828124
,,2.477081,-6.998361,-5.9098577,1665996531506,,1.717524,-0.7917577,1.1391873,,,,,,0.088410266,-0.49284187,0.17686023,-0.12831594,-0.88873917,0.357001,0.18364573
,,2.5833838,-6.692611,-5.7709937,1665996531758,,2.8848875,-0.02939789,-0.06849326,,,,,,0.16096348,-0.46773434,0.6353098,-0.13599737,-0.8968627,0.3355981,0.18440543
,,1.5547048,-8.631257,-5.415305,1665996532269,,-2.3703861,1.3230578,-0.78259474,,,,,,-0.43774444,-1.3698498,-0.037505724,-0.12330427,-0.86878103,0.4124876,0.17105766
,,2.2485647,-6.8843975,-5.379003,1665996532519,,2.8366292,-0.8974374,0.80687666,,,,,,-0.09593992,-0.548732,0.89701563,-0.12810548,-0.89423925,0.34595194,0.17926154
,,2.2576623,-7.0919747,-5.540302,1665996532771,,1.2752576,0.010919216,-0.26519188,,,,,,0.03934338,-0.7124068,0.66491485,-0.12952003,-0.8917654,0.35099047,0.17358989
,,2.0939786,-8.387448,-5.574549,1665996533023,,-1.9617174,0.4629595,-0.1698969,,,,,,0.31249043,-1.0983399,-0.18212512,-0.12093093,-0.8692157,0.41692105,0.1580138
,,2.2800086,-8.08019,-5.9183774,1665996533276,,-1.8878027,0.5942955,-0.46983173,,,,,,0.32514954,-0.9594647,-0.40711492,-0.11277462,-0.8738186,0.40633643,0.16269724
,,2.3773725,-6.607398,-5.8400774,1665996533527,,3.7651443,-1.0837513,0.87529355,,,,,,0.05020214,-0.3588769,0.55275184,-0.11457786,-0.8993421,0.34270412,0.17205426
,,2.4513533,-7.0959854,-5.6748657,1665996533778,,-0.081474155,0.23021984,-0.019013181,,,,,,0.22251098,-0.54083496,0.30128926,-0.110942766,-0.88741654,0.36793843,0.16957141
,,2.082716,-8.314444,-5.7418237,1665996534029,,-2.458351,0.9534843,-0.53336173,,,,,,0.18175884,-0.89217114,-0.5355097,-0.10529917,-0.86601806,0.4284714,0.16062017
,,2.3176768,-7.384995,-5.621467,1665996534280,,-0.32032245,-0.051999904,0.32734743,,,,,,0.13405183,-0.45116106,0.03147335,-0.103491865,-0.8792105,0.3938362,0.16941383
,,2.1516788,-6.4570527,-5.3623934,1665996534532,,3.8311176,-0.80702937,0.50022227,,,,,,-0.24836804,-0.19440345,1.0360385,-0.10854357,-0.90039086,0.3435169,0.17464301
,,1.926225,-7.3886566,-5.4272766,1665996534783,,-1.4705818,-0.3562108,0.058566704,,,,,,-0.19979455,-0.56094104,0.30236435,-0.10478411,-0.8810722,0.38798726,0.16507451
52.49306964688003,13.423480801284313,2.0523498,-7.2107563,-5.4580812,1665996535000,5.0,0.7456374,-0.099647395,-0.43195808,,,,,,-0.4924511,-0.85303843,0.6952743,-0.14289257,-0.8874565,0.3463174,0.1968434
,,2.1421921,-7.122252,-5.700953,1665996535291,,0.6698901,-0.55229855,0.38782308,,,,,,-0.07437148,-0.38009137,0.16824566,-0.09788521,-0.88617676,0.3809352,0.16679357
,,2.2423494,-6.586578,-5.5323815,1665996535542,,3.1982613,-0.30917418,0.04268421,,,,,,-0.2159459,-0.37990648,0.92679507,-0.09876326,-0.9019306,0.34486392,0.16978247
,,2.1401072,-7.7817035,-5.4734044,1665996535797,,-1.9177351,-0.083764896,-0.27496573,,,,,,-0.032986496,-0.8556267,0.18630148,-0.09338304,-0.8779376,0.399903,0.16119243
,,2.2322042,-8.235506,-5.965513,1665996536057,,-2.9177215,0.17585284,-1.4802028,,,,,,0.14876682,-0.8767424,-0.6795534,-0.08887167,-0.8678977,0.4290945,0.15949625
,,2.4383447,-6.7083545,-5.5335784,1665996536309,,1.8372536,-1.2743412,0.769003,,,,,,-0.07891591,-0.24146074,0.59583217,-0.09193519,-0.8920852,0.36474955,0.17437293
,,2.3120906,-6.551294,-5.4150558,1665996536561,,2.5177574,-0.027565295,-0.74777544,,,,,,-0.23035447,-0.24387495,0.8868465,-0.09813586,-0.89622563,0.35253435,0.17665371
,,1.8373102,-8.092731,-5.276273,1665996536812,,-2.1297054,1.1507938,-0.0067958757,,,,,,-0.37925345,-0.8420115,0.05492943,-0.09789772,-0.86915547,0.41749594,0.16762055
,,1.9227831,-8.34931,-5.7965612,1665996537064,,-2.181018,1.0805442,-1.0635928,,,,,,-0.2671684,-0.8834137,-0.6669455,-0.10033285,-0.86451554,0.42715368,0.17352264
,,1.8636466,-6.875868,-5.5933633,1665996537316,,3.0876946,-0.96707606,0.9406561,,,,,,-0.732813,-0.3034766,0.41275787,-0.10834808,-0.89030457,0.36067423,0.18736757
,,2.2243834,-7.305806,-5.52905,1665996537570,,1.060233,-0.53641605,-0.22059871,,,,,,-0.27155915,-0.5993281,0.26283976,-0.11391179,-0.883055,0.37207726,0.18705773
,,1.9975721,-8.624254,-5.700325,1665996537820,,-2.330069,0.44157922,-0.15340354,,,,,,-0.1301989,-1.02959,-0.77867967,-0.11219172,-0.8578482,0.43617183,0.17740649
52.493050284683704,13.423875337466598,2.649783,-7.7624416,-5.7868857,1665996538000,5.5,-1.4461471,0.8997281,-0.05933029,,,,,,0.60823596,-0.71948475,-0.22812873,-0.1309646,-0.872692,0.39693844,0.1733602
,,2.388066,-6.683683,-5.700874,1665996538324,,3.5226307,-1.0318278,0.53748506,,,,,,-0.1172704,-0.10068693,0.3384047,-0.121950835,-0.8881592,0.36219725,0.18974009
,,2.332361,-7.4192815,-5.637747,1665996538584,,-1.5469398,-0.036728274,-0.1277472,,,,,,0.11622272,-0.41821787,-0.13496275,-0.118820116,-0.8720423,0.39616674,0.17874217
,,2.2334008,-8.491056,-5.786176,1665996538834,,-3.0221794,1.2338715,-0.7990881,,,,,,0.30957744,-0.7509683,-0.9272581,-0.11120235,-0.8544584,0.44836584,0.16891785
,,2.1254923,-7.38313,-5.639482,1665996539095,,0.7401396,-1.0281626,0.8264243,,,,,,-0.22290783,-0.3363514,-0.19568348,-0.10748695,-0.87198913,0.39995554,0.18206145
,,2.2533424,-6.7093015,-5.609155,1665996539347,,3.3558645,-0.39530617,-0.15340354,,,,,,-0.13180274,-0.05826455,0.4241453,-0.114083745,-0.88943225,0.36418417,0.18011089
,,2.1242952,-7.7385874,-5.482582,1665996539599,,-1.3917801,-0.08926269,-0.24992025,,,,,,0.0702009,-0.48874947,-0.22607514,-0.10839503,-0.8668531,0.41427425,0.1678508
,,2.180559,-8.627036,-5.9643254,1665996539850,,-2.824259,0.6089563,-1.3329843,,,,,,0.23726058,-0.97396886,-1.0510398,-0.099672884,-0.85831,0.44251522,0.16358443
,,2.2944436,-7.0015535,-5.62377,1665996540121,,2.9490283,-0.6457609,1.3187817,,,,,,-0.075139426,-0.27655086,0.1799286,-0.100476705,-0.88456863,0.37731507,0.17549343
,,2.3859117,-6.8662705,-5.5833287,1665996540376,,1.8164842,-0.14118622,-0.121638544,,,,,,0.1847819,-0.15987548,0.27149543,-0.1038817,-0.88647676,0.37372914,0.16983287
,,2.1971693,-8.092153,-5.53305,1665996540629,,-2.152918,0.96509075,-0.31345022,,,,,,0.4431024,-0.55017537,-0.5253359,-0.098689996,-0.8620306,0.43686774,0.15264106
,,2.28743,-8.137084,-5.7807803,1665996540881,,-2.0118084,0.5509241,-0.13507758,,,,,,0.3689145,-0.7466867,-0.709307,-0.08979925,-0.8635606,0.43388966,0.15838417
52.49306608457118,13.424266101792455,1.8779418,-8.600082,-5.657459,1665996541000,6.0,-2.6923122,1.0823768,-0.9194285,,,,,,0.042048838,-1.0698333,-0.48772675,-0.100689754,-0.86564887,0.43551445,0.15551029
,,2.3348355,-7.136347,-5.3930492,1665996541396,,-0.45410195,0.17096591,0.04757113,,,,,,0.20932774,-0.302043,0.21835184,-0.08884997,-0.8797057,0.39342654,0.16173665
,,2.231087,-8.418891,-5.573104,1665996541649,,-2.5011113,0.44585526,-0.6146068,,,,,,0.48325583,-0.7464815,-0.72499365,-0.082967475,-0.8583019,0.4530439,0.14755602
,,2.3708186,-7.7603965,-5.625296,1665996541899,,-0.69356114,-0.2242639,0.007254025,,,,,,0.26976737,-0.65470225,-0.25816786,-0.0779052,-0.87279445,0.41659725,0.15716188
,,2.622529,-6.600205,-5.575496,1665996542161,,3.394349,-0.9389762,0.62239534,,,,,,0.2603112,-0.20574944,0.6277527,-0.081101306,-0.89711726,0.36186674,0.16471757
,,2.5127945,-7.4377165,-5.435446,1665996542424,,-0.7974082,-0.37759107,-0.055665094,,,,,,0.38553575,-0.5155717,0.10463239,-0.07800348,-0.87879956,0.40158945,0.1561235
,,2.3940425,-8.586894,-5.514873,1665996542675,,-2.5695283,0.1324814,-0.5510768,,,,,,0.5256226,-0.94225925,-0.66834015,-0.07179059,-0.85940176,0.45322305,0.14647222
,,2.5196583,-7.4004583,-5.500808,1665996542928,,-0.6013205,-0.04344779,0.03718642,,,,,,0.37438536,-0.40560564,0.07070119,-0.07109549,-0.88027954,0.40601313,0.15529321
,,2.577518,-6.4002905,-5.512789,1665996543179,,3.2294154,-0.68913233,0.33406693,,,,,,0.21008709,-0.019609554,0.72952634,-0.073103316,-0.89954937,0.36074048,0.16195391
,,2.3811133,-7.6059613,-5.498194,1665996543430,,-0.38690677,-0.06910413,-0.18272507,,,,,,0.2888378,-0.54268557,-0.0017567476,-0.07084901,-0.87806475,0.4112006,0.1518582
,,2.1969192,-8.468222,-5.604098,1665996543681,,-2.3538928,0.38965568,-0.46861,,,,,,0.31598374,-0.7649622,-0.7760793,-0.06505633,-0.8591946,0.45821345,0.1441247
,,2.2869415,-7.4630265,-5.655243,1665996543961,,-0.6257551,0.09705122,0.21189389,,,,,,0.10646083,-0.36756292,-0.08426156,-0.066022106,-0.88055736,0.41008243,0.15364264
52.493136869743466,13.424629624933004,2.2485642,-8.083622,-5.924033,1665996544000,6.0,-1.3184763,0.20822869,0.04085161,,,,,,-0.094648525,-0.7342861,-0.8039763,-0.1104465,-0.86388427,0.41858375,0.18534054
,,1.8942922,-7.822416,-5.5323415,1665996544464,,-0.30688342,-1.5321264,0.0048105638,,,,,,-0.32365793,-0.77677256,-0.051990826,-0.0738452,-0.87701327,0.4086856,0.16022088
,,1.8183161,-8.714604,-5.35538,1665996544716,,-1.8132771,0.78549635,0.35300374,,,,,,-0.19843718,-1.0504054,-0.6104072,-0.0723519,-0.8556584,0.45711267,0.15439671
,,1.988145,-7.6905055,-5.4963984,1665996544967,,-1.7558558,0.77144647,-0.62315893,,,,,,-0.16884495,-0.48151526,-0.12740831,-0.08054933,-0.87333757,0.41909692,0.16029663
,,2.1199858,-6.536062,-5.519393,1665996545219,,2.5305855,-1.1472813,0.56558484,,,,,,-0.14177915,-0.052331526,0.6865946,-0.08999337,-0.8942171,0.3651228,0.16750172
,,2.0679617,-7.132796,-5.4833207,1665996545470,,1.8708512,-0.040393464,-0.11552989,,,,,,0.18270569,-0.132293,0.23478219,-0.094308496,-0.8796262,0.40219176,0.15321517
,,1.9045175,-8.457228,-5.510295,1665996545723,,-1.9794325,0.14469871,-0.30550897,,,,,,0.30176625,-0.6707662,-0.745215,-0.08217023,-0.85192895,0.46543303,0.13966274
,,2.2164025,-7.5869856,-5.686358,1665996545978,,-2.3752732,0.7702247,-0.554742,,,,,,0.34491998,-0.064867176,-0.46165687,-0.06956473,-0.86517996,0.442043,0.144071
,,2.4235008,-6.4517646,-5.9525437,1665996546228,,1.30519,-0.28718302,0.51488304,,,,,,0.050745472,0.18429503,0.05299395,-0.06548566,-0.888179,0.37876365,0.1633408
,,2.2669203,-6.623099,-5.6231523,1665996546480,,3.0150018,-0.13324498,0.1923462,,,,,,-0.22054256,0.032492176,0.3082994,-0.058678165,-0.8867372,0.381457,0.1674915
,,2.274422,-7.97682,-5.4456506,1665996546732,,-0.9537897,-0.16745344,0.23205243,,,,,,-0.21409015,-0.5197267,-0.57536036,-0.049099073,-0.85897607,0.4445297,0.16469587
,,2.2615628,-8.207713,-5.0183353,1665996546983,,-2.0166953,-0.296346,-0.26580274,,,,,,-0.32850975,-0.63933057,-0.3231705,-0.049411498,-0.85330784,0.4526549,0.17326835
52.49318573623896,13.425008989870548,2.3859916,-6.6362786,-5.627681,1665996547000,5.5,3.5910478,-1.0196104,0.7708356,,,,,,0.12598775,-0.07448753,0.38578844,-0.09177349,-0.8911089,0.37079647,0.16777626
,,2.7373009,-7.126452,-4.8331757,1665996547486,,1.6210073,-0.5241987,0.46051604,,,,,,-0.033181477,-0.56542426,1.0135173,-0.08033585,-0.88641614,0.37266788,0.18654418
,,2.6150367,-7.862709,-4.899425,1665996547738,,2.2996786,0.33712125,0.14408784,,,,,,0.23647656,-0.74166805,0.6802916,-0.08851533,-0.8783342,0.405746,0.17168936
,,2.7147949,-8.734058,-4.8520193,1665996548010,,-0.72960216,-0.32872185,-0.23709208,,,,,,0.64408326,-1.1112592,4.706621E-4,-0.089889236,-0.85610145,0.44896477,0.1622298
,,2.4591746,-8.50214,-4.8374043,1665996548262,,-1.2622766,0.7396815,0.117820635,,,,,,0.5681271,-0.920715,0.18716407,-0.0884574,-0.8614642,0.4434937,0.15279621
,,2.496445,-7.740365,-5.4599366,1665996548512,,-1.614135,0.8300895,-0.554742,,,,,,0.5192528,-0.49229565,0.044666544,-0.08709982,-0.87634814,0.41649014,0.15151808
,,2.6074555,-6.9464083,-5.746144,1665996548763,,0.24045183,-0.5284748,0.3658319,,,,,,0.4339476,-0.093402155,-0.00431997,-0.0878755,-0.8827926,0.39165384,0.15823606
,,2.3934834,-6.9040403,-6.069381,1665996549027,,1.9899698,-1.2688435,0.022525655,,,,,,0.39042455,0.12242014,-0.3810292,-0.095154636,-0.8803279,0.4010779,0.15251674
,,2.2074542,-7.192472,-5.9443836,1665996549278,,1.558699,0.12820534,-0.6194937,,,,,,0.3153046,0.049680058,-0.49515897,-0.091847315,-0.87368983,0.41769955,0.14714216
,,1.9942104,-6.8941526,-5.9608936,1665996549529,,-0.73204565,0.57291526,-0.16745344,,,,,,-0.10542229,0.29440632,-0.44169274,-0.079550825,-0.8767664,0.41392943,0.15077654
,,2.1286848,-6.907561,-5.9618616,1665996549779,,-1.3404675,0.76533777,0.1379792,,,,,,-0.25861877,0.18214382,-0.35451934,-0.07639845,-0.8796556,0.4057846,0.16538985
52.49322098214179,13.42535650357604,2.3574903,-6.356386,-5.6472626,1665996550000,5.5,3.208646,-1.0043389,0.59185207,,,,,,-0.10700326,0.0583114,0.5764573,-0.071575865,-0.8991134,0.36096096,0.16489695
,,2.0782466,-7.1996737,-5.9486837,1665996550032,,-1.9128481,0.9021716,-0.25725064,,,,,,-0.56596935,-0.18524669,-0.33373103,-0.07980669,-0.87914723,0.39803824,0.18086147
,,2.1486464,-7.0873766,-6.1454864,1665996550534,,2.2398138,-0.863229,1.2790755,,,,,,-0.7672455,-0.29379708,-0.53975815,-0.116139665,-0.8708393,0.37572291,0.20132186
,,1.9983704,-6.9431653,-6.194329,1665996550785,,1.6918677,-0.42340598,-0.028176159,,,,,,-0.67455965,-0.15710126,-0.56047887,-0.1555313,-0.86242664,0.37148082,0.20893465
,,2.1057103,-7.0307927,-6.1049466,1665996551063,,-1.0667998,-1.4466052,-0.43440154,,,,,,-0.083879896,-0.16601975,-0.61313915,-0.19773296,-0.85040766,0.37633654,0.2129416
,,1.7180094,-6.936781,-6.1038985,1665996551313,,-1.505401,-0.11491902,-0.5938374,,,,,,0.05543447,0.05130078,-0.725442,-0.22422813,-0.8434123,0.3853409,0.20028621
,,1.836203,-6.741235,-6.0727725,1665996551563,,-1.5389986,0.82092655,-0.43073636,,,,,,0.55133474,0.275726,-0.7564667,-0.23139733,-0.8419981,0.39587528,0.18176723
,,2.1433191,-6.761755,-6.0574393,1665996551817,,0.54588443,-0.58772874,0.21250474,,,,,,1.2333567,0.48828703,-0.7020973,-0.22135775,-0.8447678,0.4135546,0.16179779
,,2.0429223,-6.9116416,-5.8930383,1665996552068,,2.1042018,-0.71601045,-0.21326832,,,,,,1.4317318,0.61113894,-0.6465838,-0.18747893,-0.84914845,0.43769985,0.13960646
,,2.2145069,-7.1832232,-5.9562454,1665996552320,,1.1536953,-0.050167307,-0.5602398,,,,,,1.5110576,0.45357978,-0.9142978,-0.13984306,-0.85283935,0.45285422,0.11938031
,,2.3151429,-7.2074857,-5.9241633,1665996552570,,-1.2952634,-0.58345264,-0.4789947,,,,,,1.2704507,0.44476542,-0.81306493,-0.093073465,-0.8621186,0.45390114,0.10190037
,,2.56406,-7.009325,-6.0991197,1665996552823,,-1.4999032,0.96203643,-0.29084823,,,,,,1.1032768,0.5066537,-0.7846493,-0.05122359,-0.8714699,0.44489804,0.09812167
52.49327160883695,13.425671495497227,2.3972344,-7.715066,-5.0173798,1665996553000,5.5,-1.7790687,0.2662609,-0.81558144,,,,,,-0.30963674,-0.6092199,0.44970843,-0.06438433,-0.87549675,0.40893355,0.1817344
,,2.5845704,-6.980933,-6.185959,1665996553077,,-1.3893366,0.97914064,-0.40935606,,,,,,0.6242739,0.30566725,-0.73975587,-0.017612731,-0.87597656,0.43014383,0.112957925
,,2.0037074,-7.1672025,-5.8463807,1665996553581,,1.6967546,0.24426974,-0.24258986,,,,,,-0.8799135,-0.081536405,-0.6851713,0.025861269,-0.86876845,0.4292861,0.15274525
,,2.1156764,-7.570626,-5.5685635,1665996553831,,-0.28367054,0.20273091,-0.117362484,,,,,,-1.2031304,-0.47788572,-0.6420768,0.031301867,-0.8615693,0.43487284,0.17759703
,,1.8684351,-7.4648013,-5.7886906,1665996554102,,-2.0380754,0.83803076,-0.04222606,,,,,,-1.7847453,-0.57174,-0.68101317,0.023355804,-0.8675434,0.4191908,0.20384471
,,2.193089,-7.3683157,-5.860108,1665996554354,,-1.9623282,0.6523277,-0.7037931,,,,,,-1.8975368,-0.90127295,-0.5468101,-0.005330767,-0.87374836,0.38580045,0.24090444
,,2.5124156,-6.773486,-5.6615396,1665996554605,,1.1127675,-1.4533248,1.158735,,,,,,-1.801048,-0.6912661,-0.30029976,-0.041250635,-0.87403554,0.3526306,0.26051888
,,2.6101089,-7.093202,-5.734472,1665996554862,,2.7175105,-0.8277988,0.65538204,,,,,,-1.2325554,-0.5370884,-0.46958306,-0.0872921,-0.8666172,0.36969122,0.2503895
,,2.9202378,-7.7924786,-5.9065247,1665996555116,,0.15554157,-0.60788727,-0.3665955,,,,,,-0.46544614,-0.7930409,-1.2445943,-0.11928622,-0.8458455,0.40104514,0.24910282
,,2.9632537,-7.268946,-5.8878307,1665996555366,,-1.2048553,0.07261661,-0.14301883,,,,,,-0.12694944,-0.219686,-1.1631416,-0.14340742,-0.8457105,0.3987849,0.24731967
,,3.3678842,-6.7577744,-6.153757,1665996555617,,-2.2023983,0.06467536,-0.9560805,,,,,,0.4172633,0.041683912,-0.9367256,-0.16753674,-0.85788304,0.37114212,0.24537857
,,3.4853697,-6.0062647,-6.191037,1665996555868,,1.015029,-0.98112595,0.45990518,,,,,,0.6367643,0.42492628,-0.53623515,-0.18004371,-0.8665822,0.34523693,0.23391193
52.49330832157284,13.42592814937234,2.037944,-7.263918,-6.002633,1665996556000,5.5,-0.18165605,-0.4472297,1.1080332,,,,,,-0.80083925,-0.36626366,-0.42769513,-0.09143111,-0.876164,0.38738957,0.19252133
,,2.9883132,-6.4844756,-6.179694,1665996556121,,2.7352254,-0.06543894,0.44463354,,,,,,0.7239249,0.43528423,-0.50152326,-0.18512392,-0.86516345,0.37616554,0.20808715
,,2.4942193,-7.5046053,-5.4649844,1665996556623,,-1.6654477,0.628504,0.22594379,,,,,,0.34525412,-0.24729866,-0.44380036,-0.16179438,-0.85260904,0.41853765,0.19597496
,,2.6387491,-7.161745,-5.7465024,1665996556875,,-1.9537761,0.7769442,-1.0648144,,,,,,0.3685781,-0.29380855,-0.121240646,-0.16361216,-0.8705517,0.38519278,0.1944906
,,2.7121718,-6.3019476,-5.6884136,1665996557124,,1.0015899,-0.6506478,0.36338845,,,,,,0.29279462,0.009721899,0.31006196,-0.15923361,-0.8817089,0.35203534,0.19357608
,,2.4342742,-6.8045206,-5.6830764,1665996557377,,2.6747499,-0.69218665,0.39698604,,,,,,0.38092884,-0.09955595,0.14451651,-0.15326329,-0.8788523,0.37735087,0.17929474
,,2.5184708,-7.6733975,-5.5717454,1665996557627,,-0.6220899,-0.22548564,0.15202908,,,,,,0.64226216,-0.44705242,-0.45339006,-0.13865723,-0.86014736,0.4219822,0.17253414
,,2.4172757,-7.4225636,-5.476137,1665996557879,,-1.7112626,-0.08865182,-0.3861432,,,,,,0.5679062,-0.20432349,-0.30709082,-0.128068,-0.8635142,0.42250693,0.16284798
,,2.5748143,-7.024089,-5.8909335,1665996558133,,-2.0942752,0.9033933,-0.99456495,,,,,,0.6473979,-0.020380497,-0.12407662,-0.12082549,-0.8801975,0.3937381,0.161009
,,2.6706727,-6.103159,-5.924851,1665996558383,,0.5910885,-0.30123293,0.5264895,,,,,,0.43107408,0.34419563,0.13601893,-0.10759669,-0.8899581,0.3619016,0.16841497
,,2.451433,-6.6111493,-5.857484,1665996558636,,2.6435957,-0.61705023,0.501444,,,,,,0.36840543,0.1672617,0.004220931,-0.10046973,-0.88639235,0.38225237,0.16319923
,,2.3455293,-7.550175,-5.7170844,1665996558886,,-0.03688099,-0.5406921,-0.124692865,,,,,,0.354271,-0.26366717,-0.52350116,-0.08761557,-0.8682517,0.42378023,0.15959682
52.49333526939154,13.426142139360309,2.2820036,-6.7822742,-6.067935,1665996559000,5.5,1.409037,-0.5058728,0.99685574,,,,,,-0.19611415,0.22765838,-0.73270446,0.01060023,-0.8741417,0.42136475,0.13442296
,,2.1802497,-7.3090787,-5.322749,1665996559170,,0.04375322,0.21067216,0.12820534,,,,,,0.067123204,-0.023200814,-0.1514948,-0.07701054,-0.86862075,0.4250118,0.15986326
,,2.3075416,-7.6956625,-3.9527972,1665996559672,,-0.07903069,-0.11919508,0.010308351,,,,,,0.058317207,-0.023142703,0.50237256,-0.069457844,-0.84781086,0.4601751,0.17086212
,,2.0970018,-9.13271,-3.0521386,1665996559927,,-0.09002627,-0.14118622,0.15080735,,,,,,0.18097335,-0.49661657,0.40987647,-0.07134716,-0.8184987,0.5296396,0.16538098
,,2.0209458,-9.923787,-2.229132,1665996560177,,-0.11568261,0.046960264,0.057344973,,,,,,0.25890437,-0.66062355,0.38127452,-0.0723962,-0.7918266,0.5813637,0.16694427
,,2.1230185,-9.703599,-1.5568893,1665996560428,,0.15248723,-0.030619621,-0.027565295,,,,,,0.3557407,-0.36423165,0.8219647,-0.07925185,-0.7837257,0.5895683,0.17512228
,,2.2183874,-9.719801,-1.3659719,1665996560680,,0.13232869,-0.036728274,-0.01656972,,,,,,0.48388895,-0.33681652,0.86291564,-0.08894284,-0.7779871,0.59412736,0.18198866
,,2.1995533,-9.782129,-1.3040417,1665996560934,,-0.041157044,0.13614659,-0.041615196,,,,,,0.47346967,-0.35917696,0.7534059,-0.09324023,-0.7721996,0.60004324,0.18578008
,,2.2021868,-9.730094,-1.422874,1665996561187,,0.027870728,-0.2945134,-0.086819224,,,,,,0.4559021,-0.2599871,0.4759712,-0.09429436,-0.7668451,0.6057794,0.18907396
,,2.022063,-9.644063,-1.7235857,1665996561439,,0.10606148,0.11537717,0.2045635,,,,,,0.25444502,-0.15621309,0.069925494,-0.091061264,-0.76367867,0.61020696,0.18915218
,,1.9608513,-9.588598,-1.9566215,1665996561689,,0.1109484,-0.009850202,0.07322747,,,,,,0.17215595,-0.097270206,-0.19784568,-0.08712675,-0.76301295,0.6120825,0.18783242
,,1.931722,-9.573354,-2.0635624,1665996561942,,-0.057650406,-0.20532708,-0.13691017,,,,,,0.12014054,-0.092714086,-0.2724059,-0.0831553,-0.7645829,0.61134404,0.18576029
52.49335312284529,13.426372054964304,2.7720268,-7.6230383,-5.858771,1665996562000,6.0,-0.13889548,-0.33055446,0.10987939,,,,,,0.760229,-0.18946567,-0.8485668,-0.17299144,-0.8476572,0.42065665,0.20104392
,,1.9008368,-9.569365,-2.1581335,1665996562194,,-0.019776762,-0.28351784,-0.17600554,,,,,,0.043476716,-0.1010307,-0.3296866,-0.07712484,-0.7663078,0.6105755,0.18363555
,,1.6311697,-9.382857,-2.602098,1665996562698,,-0.0173333,0.007254025,0.024969118,,,,,,-0.17723782,0.0126220705,-0.46821842,-0.0645398,-0.7771905,0.60203105,0.16908894
,,1.630531,-9.39762,-2.6279554,1665996562948,,0.044974953,0.016417004,0.061010167,,,,,,-0.10887616,-0.034423064,-0.2808305,-0.06163883,-0.7841517,0.5956555,0.15985985
,,1.5795345,-9.347025,-2.6828625,1665996563198,,0.03397938,0.015806139,0.015195273,,,,,,-0.10854695,-0.021123791,-0.15437847,-0.056248367,-0.7904874,0.5902662,0.15074806
,,1.49885,-9.32819,-2.8548465,1665996563449,,-0.013057245,-0.06727154,-0.024510968,,,,,,-0.14926511,-0.03439827,-0.1815544,-0.04984254,-0.7956974,0.5862295,0.14204587
,,1.440192,-9.317175,-2.9609895,1665996563701,,0.013820826,-0.028176159,0.023747386,,,,,,-0.1393167,-0.059590437,-0.12728325,-0.045249503,-0.8012734,0.5813662,0.13283673
,,1.4522427,-9.312546,-2.9504542,1665996563955,,0.07857254,-0.030008756,-0.0110719325,,,,,,-0.065704964,-0.055351637,-0.03551496,-0.0411121,-0.8041896,0.5792519,0.12572293
,,1.4748282,-9.3175745,-2.9502149,1665996564206,,-0.011224649,-0.08498663,-0.10453431,,,,,,-0.019826205,-0.070543736,0.01208806,-0.033969067,-0.8059121,0.5786282,0.118742004
,,1.4355637,-9.300017,-2.976232,1665996564456,,0.06818783,-0.022067508,0.02313652,,,,,,-0.059641287,-0.06383158,-0.0024397294,-0.023809837,-0.8066963,0.5791484,0.11199034
,,1.4292585,-9.341038,-3.0179713,1665996564708,,0.02115121,0.0011453723,0.02069306,,,,,,-0.071534544,-0.10857175,-0.035325505,-0.013673638,-0.8072126,0.58005613,0.10499677
,,1.4263853,-9.321726,-2.999376,1665996564960,,-0.0026725354,0.046960264,0.039629884,,,,,,-0.07705803,-0.09241702,-0.008189964,-0.0049637994,-0.8076979,0.58080095,0.09884577
52.49339524190873,13.426646897569299,2.3290892,-7.2673397,-4.8379035,1665996565000,5.5,-0.055206947,-0.14057536,-0.17600554,,,,,,0.07038205,0.02306943,0.26763922,-0.07230495,-0.86705214,0.42648524,0.16618922
,,1.426146,-9.248542,-3.1305184,1665996565211,,-0.60804,-0.155847,0.028634308,,,,,,-0.06045304,-0.03962644,-0.08090276,6.875332E-4,-0.80963093,0.57905644,0.09356126
,,1.281696,-8.743127,-4.222055,1665996565714,,-0.06620252,1.0866529,0.36033413,,,,,,-0.13786615,0.12908544,-0.45522678,-0.005852467,-0.8309184,0.5451076,0.08937656
,,1.5694791,-8.363165,-4.7651095,1665996565965,,-0.12851077,-0.29023734,-0.4020257,,,,,,0.06184506,0.27210408,-0.5688666,-0.025995167,-0.8427424,0.51972896,0.10345876
,,1.945688,-8.210895,-5.387811,1665996566216,,-1.2005793,0.6578255,-1.34398,,,,,,0.19968197,0.05153346,-0.65991604,-0.03660753,-0.8582884,0.48668277,0.12051977
,,2.6835508,-7.3465576,-5.9105062,1665996566465,,1.3827698,-0.28107437,-0.500375,,,,,,0.30144614,0.14430933,-0.54215723,-0.030924467,-0.8769824,0.4341317,0.15278284
,,3.0305505,-6.7008224,-6.21396,1665996566718,,1.595351,-0.62560236,0.34445164,,,,,,-0.008117008,0.24026798,-0.4476551,-0.013032968,-0.8877725,0.40085334,0.1820298
,,3.2983818,-6.5294776,-6.030784,1665996566968,,1.032744,-0.6989062,0.33406693,,,,,,-0.15647355,0.3477146,-0.3804777,0.009850068,-0.88257086,0.40388927,0.19352865
,,3.3151414,-7.059952,-5.3590016,1665996567220,,0.17631099,1.149572,0.12209669,,,,,,-0.3482224,0.0038914362,-0.24242336,0.03722473,-0.8653249,0.43000868,0.19034624
,,3.271886,-7.7397456,-4.176775,1665996567471,,0.8989646,0.17035505,-0.18883371,,,,,,-0.5394587,-0.42524248,0.15091817,0.0638038,-0.8409269,0.46840757,0.18719585
,,3.0155463,-8.03926,-3.2530417,1665996567723,,-1.4925729,0.7616726,-0.16867517,,,,,,-0.87957895,-0.359491,4.5360526E-4,0.08495077,-0.80632466,0.5199107,0.18529539
,,2.17609,-8.937754,-2.5552516,1665996567978,,-1.6660585,0.76778126,0.25587618,,,,,,-1.4344704,-0.53168285,-0.15832223,0.0768044,-0.7803531,0.57440454,0.17879932
52.493432709015906,13.426863234490156,1.7338011,-9.44335,-2.428359,1665996568000,6.5,0.09934196,-0.07948884,0.077503525,,,,,,-0.1386454,-0.0025305748,-0.47738084,-0.06961523,-0.7707566,0.6071985,0.17835362
,,2.100124,-9.828097,-2.552438,1665996568228,,-2.5450938,1.8239672,-0.6537022,,,,,,-1.318817,-1.1481979,-0.35038844,0.036368463,-0.7738059,0.5801226,0.18713704
,,2.7992604,-8.56272,-2.940788,1665996568733,,1.4175892,-0.7746535,0.43241623,,,,,,-1.1661872,-0.74968827,0.18559697,-0.081033975,-0.7933823,0.47658736,0.2656879
,,2.6987042,-8.412288,-3.5762093,1665996568985,,1.173243,-0.09048442,0.059788436,,,,,,-1.0628464,-0.6331584,-0.083675824,-0.12296318,-0.80281633,0.45407346,0.28005007
,,2.664387,-8.573338,-3.6690245,1665996569236,,-0.11568261,0.26381743,-0.29695687,,,,,,-0.75283474,-0.7112386,-0.07722603,-0.15952365,-0.80452454,0.44744208,0.28929394
,,2.7144258,-8.415639,-3.568867,1665996569493,,-1.6636151,0.9235519,-0.08559749,,,,,,-0.37857726,-0.42927578,-0.12417739,-0.18471254,-0.7953018,0.45418358,0.29193342
,,2.6670904,-8.635346,-3.313954,1665996569744,,-2.7448466,1.6853008,-0.7355581,,,,,,-0.1653698,-0.5106188,0.060121026,-0.1974354,-0.789808,0.4634811,0.28690153
,,2.657604,-8.5920105,-3.1784327,1665996569995,,1.3387876,-1.4050664,0.5277112,,,,,,0.004609692,-0.3477073,0.2824992,-0.20188342,-0.79050046,0.46833462,0.2799319
,,2.5624745,-8.623204,-3.0313385,1665996570249,,1.8244255,-0.92431545,0.54970235,,,,,,0.014682444,-0.39980692,0.45075652,-0.20240775,-0.79178023,0.46994895,0.27402318
,,2.4975915,-8.88561,-2.928069,1665996570498,,2.0254002,-0.9182068,-0.070936725,,,,,,0.061929878,-0.63856685,0.5334416,-0.20145074,-0.7903673,0.4744927,0.26825145
,,2.3544183,-8.674442,-3.0880816,1665996570751,,-1.6452892,0.7745008,-0.098425664,,,,,,-0.04238915,-0.41874868,0.25223666,-0.19604895,-0.78698295,0.4810169,0.26248738
52.493448508903384,13.426937330514193,1.3255098,-9.15014,-3.667189,1665996571000,6.0,-0.27878362,0.37927097,0.07811439,,,,,,-0.10292841,-0.07524007,-0.31864575,0.0032437998,-0.8186669,0.5663222,0.0867197
,,2.5504231,-9.000064,-3.1219192,1665996571011,,-2.906726,-0.06116288,-1.094136,,,,,,0.11581579,-0.83187443,0.43829003,-0.18890311,-0.79646945,0.474101,0.25408283
,,2.7253797,-8.133741,-3.3275015,1665996571262,,0.061468314,-0.24197899,0.014584408,,,,,,-0.024201997,-0.30894703,0.5291661,-0.16840701,-0.80968225,0.45255944,0.2551501
,,2.16774,-9.225218,-2.9745862,1665996571766,,1.3791046,-0.6475935,-0.0397826,,,,,,-0.2138821,-0.9014938,0.27467188,-0.10490314,-0.80295104,0.51478654,0.21530284
,,2.1624727,-8.979813,-3.2603836,1665996572017,,-2.675819,1.0664943,-0.16195565,,,,,,-0.34409142,-0.6032989,-0.33616477,-0.0721257,-0.7962375,0.53245795,0.20135646
,,2.411879,-8.74127,-3.4290254,1665996572269,,-2.0783927,1.1104766,-0.43134722,,,,,,-0.45558804,-0.8120481,0.5012592,-0.059450798,-0.8300039,0.48372114,0.20265767
,,2.9413464,-7.4046874,-4.1240125,1665996572522,,0.98387486,-0.73006034,0.1324814,,,,,,-0.413363,-0.30077812,0.7426852,-0.048416533,-0.8592425,0.4195352,0.21154794
,,3.0136516,-7.131669,-4.5292215,1665996572772,,-0.63980496,0.85330236,-0.05505423,,,,,,-0.3006845,-0.2994799,0.6023482,-0.041221097,-0.86718106,0.40455848,0.20393763
,,3.138958,-7.2185,-5.1405005,1665996573023,,0.16226108,-0.51625746,0.36949712,,,,,,-0.25873548,-0.764348,0.25865027,-0.03839407,-0.8748771,0.38206035,0.20405354
,,3.6282732,-6.1172156,-5.9680567,1665996573276,,-0.08575021,-0.17661642,-0.08987355,,,,,,-0.14374441,-0.4107689,0.23559898,-0.050680503,-0.8976119,0.32320908,0.22218128
,,4.076558,-5.115671,-6.556352,1665996573538,,-0.14928019,-0.1857794,-0.075212784,,,,,,-0.035025667,-0.22751428,0.7712216,-0.06983371,-0.9305871,0.25065833,0.24114424
,,4.113658,-4.6253185,-7.1892595,1665996573790,,-0.0075594573,0.4702899,0.1868484,,,,,,-0.06719986,-0.15883435,0.51982254,-0.08209143,-0.93978006,0.22101662,0.24504574
52.49347130768001,13.42698602937162,2.5333447,-9.246028,-2.5034173,1665996574000,7.0,1.1317042,-1.1381183,0.72868586,,,,,,-1.2810844,-1.12018,0.037402615,-0.023326993,-0.7805559,0.52275866,0.23007745
,,3.82776,-5.065402,-7.5403485,1665996574045,,0.0846812,0.021303926,0.016417004,,,,,,-0.18348637,-0.5211787,0.1694388,-0.09172238,-0.939593,0.22424369,0.23989062
,,3.717527,-5.1186433,-7.522552,1665996574297,,-0.14194982,0.08544478,0.03352123,,,,,,-0.20694971,-0.53456306,0.20840187,-0.10207321,-0.9393148,0.22405852,0.23782961
,,3.7106237,-4.923657,-7.780177,1665996574806,,0.13538301,-0.048334714,-0.43745586,,,,,,-0.061237797,-0.26288787,-0.0061393897,-0.10549629,-0.94006336,0.22811086,0.23008789
,,3.6727955,-4.8971705,-7.807153,1665996575064,,-0.051541757,-0.03428481,0.38660133,,,,,,-0.15058294,-0.25416973,-0.049698338,-0.09534553,-0.9404985,0.22959223,0.23044987
,,3.9239476,-4.8235087,-7.796539,1665996575317,,-0.06925685,-0.26274842,0.04757113,,,,,,0.09979654,-0.12678263,-0.12946944,-0.091365844,-0.9404532,0.23144919,0.23042959
,,3.9860368,-4.80635,-7.8274236,1665996575568,,0.05535966,-0.31772628,-0.1277472,,,,,,0.22520639,-0.10742399,-0.13311724,-0.08777509,-0.9415592,0.23257183,0.22599323
,,4.0286536,-4.8020306,-7.8725934,1665996575819,,0.2496148,-0.3195589,-0.49609894,,,,,,0.34919208,-0.12422403,-0.1295329,-0.07781441,-0.9436806,0.23367134,0.2187168
,,4.074223,-4.842333,-7.8586273,1665996576070,,0.105450615,-0.09903653,-0.57001364,,,,,,0.43790486,-0.15111496,-0.10871544,-0.056643564,-0.945015,0.23883827,0.21066733
,,4.053553,-4.917112,-7.768766,1665996576323,,0.14576772,-0.09903653,-0.26091582,,,,,,0.39601028,-0.255324,-0.0117499195,-0.027636433,-0.94519246,0.24363923,0.20404367
,,4.0040627,-4.940974,-7.6441073,1665996576574,,1.2569315,0.38965568,0.5399285,,,,,,0.33237496,-0.24120884,0.079862006,-9.23492E-4,-0.9434881,0.25230506,0.19764338
,,3.9177918,-5.500998,-7.2664514,1665996576825,,1.5275449,-0.618272,0.41347942,,,,,,0.2433217,-0.43178713,0.1574433,0.028939737,-0.93347466,0.28444517,0.18772715
52.49348853249103,13.427150566130877,2.3657405,-8.287549,-3.2353246,1665996577000,6.5,2.234927,-1.5357916,0.5942955,,,,,,-0.22927193,-0.29824522,0.5220721,-0.13984166,-0.8128626,0.47595966,0.23889184
,,3.5684776,-6.2707534,-6.53641,1665996577076,,0.49518263,-0.23770294,0.086055644,,,,,,0.05628065,-0.5036915,0.12067496,0.061119534,-0.9108514,0.34025374,0.16651638
,,3.1732748,-6.9240704,-5.533349,1665996577328,,0.47074804,-0.19066632,-0.004352415,,,,,,-0.1688095,-0.38310194,0.1800589,0.084627874,-0.8812971,0.40390772,0.1465343
,,2.3734515,-8.516035,-3.1120727,1665996577832,,0.27404943,-0.19127718,0.04390594,,,,,,-0.24468209,-0.30924213,0.24360825,0.029675493,-0.8072714,0.53232414,0.15510531
,,1.9801643,-9.412944,-1.7857949,1665996578083,,0.13049608,-0.31161764,-0.027565295,,,,,,-0.15916777,-0.38102397,0.27436253,-0.007160631,-0.7662987,0.5993738,0.15778168
,,1.6463331,-9.661062,-0.7886499,1665996578334,,0.0071013086,-0.29940033,-0.09353874,,,,,,-0.12948027,-0.1932788,0.23867486,-0.0374345,-0.73268545,0.6446377,0.16408648
,,1.5817692,-9.6826105,-0.060812786,1665996578585,,-0.064369924,-0.2401464,-0.20288362,,,,,,-0.093079306,-0.09409315,0.2923135,-0.06540301,-0.71045494,0.66730046,0.18459716
,,1.5492079,-9.763774,0.37173977,1665996578836,,0.07429648,0.29802588,0.12270755,,,,,,-0.08116356,-0.1314539,0.20410858,-0.08871383,-0.69417316,0.6815701,0.20636992
,,1.5837642,-9.756593,0.7433997,1665996579089,,-0.05642868,-0.0067958757,-0.07154759,,,,,,-0.050210293,-0.11571223,0.21255463,-0.08455084,-0.68185735,0.69504726,0.2080097
,,1.5571088,-9.711022,0.89008445,1665996579342,,-0.29039007,-0.19799669,-0.5388595,,,,,,-0.17924151,-0.08779955,0.15738977,-0.071149535,-0.67598724,0.70363843,0.20523237
,,1.5035588,-9.735843,0.7871338,1665996579594,,-0.39484802,0.47762027,-0.29573515,,,,,,-0.47692013,-0.16775319,0.06973233,-0.056538925,-0.67800975,0.7021046,0.20801282
,,1.4255077,-9.756592,0.66494966,1665996579845,,-0.51335585,0.7378489,-0.16745344,,,,,,-0.85950726,-0.26659423,0.11067618,-0.050251793,-0.68456936,0.6910866,0.22078687
52.4934961181134,13.427380733191967,3.7444818,-5.0652523,-7.694704,1665996580000,6.0,0.24594963,-0.25663975,0.0066431593,,,,,,-0.053804025,-0.42048267,0.07593891,-0.108857736,-0.9396296,0.2262716,0.23226371
