88#1#2
key,lat,lon,ts,bike,childCheckBox,trailerCheckBox,pLoc,incident,i1,i2,i3,i4,i5,i6,i7,i8,i9,scary,desc,i10
4,52.50227142,13.34124795,1666027476000,1,0,0,0,7,0,0,0,0,0,0,1,0,0,0,Busspur zugeparkt ,0

=========================
88#1
lat,lon,X,Y,Z,timeStamp,acc,a,b,c,obsDistanceLeft1,obsDistanceLeft2,obsDistanceRight1,obsDistanceRight2,obsClosePassEvent,XL,YL,ZL,RX,RY,RZ,RC
,,-4.093721,0.065244295,-8.899066,1666027409874,,-0.0015271619,0.005268709,0.0060322895,,,,,,0.001987505,-0.0057327747,-0.0018785795,-0.7655618,0.6067298,0.17001629,0.12995118
52.50320504,13.33885786,-4.105286,0.05766702,-8.895079,1666027410000,6.370999,-0.0070249448,0.0058795735,0.0072540194,,,,,,-3.4012794E-4,-0.008136893,-6.669362E-4,-0.7656094,0.6065362,0.17011113,0.13045165
,,-4.0859838,0.07425727,-8.906165,1666027410129,,-0.003970621,3.8179048E-4,0.0072540194,,,,,,8.9658104E-4,-0.0030945798,-0.0024321873,-0.7654483,0.6070352,0.16982464,0.12944154
,,-4.0789647,0.083110705,-8.909677,1666027410379,,9.162972E-4,0.0022143847,0.0054214248,,,,,,-7.0120493E-4,-0.0016132839,-0.0015010834,-0.76523757,0.6074611,0.16965109,0.12891321
,,-4.0705905,0.0904487,-8.912308,1666027410632,,-0.00641408,0.0058795735,-7.63581E-5,,,,,,-0.0017045815,-0.0026225327,-0.00168581,-0.7650254,0.6078724,0.169492,0.12844189
,,-4.0600624,0.09978068,-8.916614,1666027410883,,-0.0027488915,0.00160352,-0.0049632764,,,,,,9.937922E-4,-0.0027770202,-0.0015918413,-0.7647018,0.6084308,0.16934392,0.12792173
,,-4.0484967,0.10735796,-8.922038,1666027411134,,-0.0021380268,0.0022143847,0.0029779659,,,,,,4.7035218E-4,-0.0030130039,-0.0019920666,-0.7644714,0.6088804,0.16914245,0.12742695
,,-4.0430727,0.11565308,-8.92451,1666027411385,,-3.054324E-4,0.0040469794,0.007864884,,,,,,2.7410983E-4,-0.00470392,-0.002739207,-0.7641877,0.6093826,0.16897847,0.12694292
,,-4.038606,0.12283155,-8.927063,1666027411637,,-9.162972E-4,-0.0026725335,0.0017562362,,,,,,1.0403792E-4,-0.0042441147,-0.0031054814,-0.76383764,0.60994405,0.16887471,0.12648882
,,-4.0331025,0.133679,-8.927302,1666027411888,,3.054324E-4,0.0058795735,5.345067E-4,,,,,,-3.7082832E-4,-0.0022679155,-0.0014215787,-0.7634701,0.6105135,0.16879788,0.12605982
,,-4.02736,0.14197414,-8.927622,1666027412138,,-0.003970621,0.0022143847,0.00481056,,,,,,-7.034858E-4,-2.6339095E-4,-0.0015522956,-0.76301605,0.61118305,0.16875999,0.12561242
,,-4.023611,0.15377875,-8.929135,1666027412389,,-0.010079269,0.0022143847,0.0041996953,,,,,,-0.0020020802,2.6795267E-5,-6.024043E-4,-0.76255107,0.6118373,0.16877393,0.12523095
,,-4.021617,0.17116658,-8.926505,1666027412891,,-0.003970621,-0.0032833982,-0.0012980876,,,,,,-0.0030510663,0.0019111544,0.0023234368,-0.76138455,0.6133108,0.16909736,0.124688156
52.50319904,13.33885669,-4.023851,0.16390833,-8.926504,1666027413000,5.8481956,-3.054324E-4,-0.0020616686,0.0041996953,,,,,,-0.0012169044,0.0013933552,0.0016275406,-0.76192135,0.61265427,0.16891167,0.12488504
,,-4.0248876,0.17946169,-8.923713,1666027413143,,0.0051923506,-0.0032833982,0.0029779659,,,,,,-0.0028988281,1.5618156E-4,0.0029899916,-0.7608548,0.6139041,0.16937444,0.12462726
,,-4.0291147,0.18002003,-8.925147,1666027413392,,-0.008857539,-0.0063377223,0.009086614,,,,,,-0.0040450017,-0.0043279836,5.247116E-4,-0.76042444,0.6143467,0.16966827,0.1246749
,,-4.035974,0.18959133,-8.921958,1666027413644,,-0.008246674,0.0034361144,0.016416991,,,,,,-0.0056494474,-0.0039109713,0.002855301,-0.7598989,0.6148761,0.1701235,0.124646425
,,-4.0434713,0.20163518,-8.920203,1666027413895,,-3.054324E-4,0.0040469794,-0.0025198173,,,,,,-0.0031677086,-0.0045748414,0.0027616182,-0.759302,0.61546654,0.1707252,0.12454175
,,-4.0507298,0.2103291,-8.918369,1666027414146,,0.003970621,-0.0020616686,0.00481056,,,,,,-0.0063070296,-0.0066559333,0.0014746984,-0.75887024,0.6158728,0.17129542,0.124380976
,,-4.057589,0.22205392,-8.917013,1666027414398,,-3.054324E-4,-0.0051159924,0.010308343,,,,,,-0.005009238,-0.00607576,0.0012162527,-0.7585035,0.6162214,0.17182127,0.12416911
,,-4.057988,0.23114665,-8.9171715,1666027414648,,-3.054324E-4,-0.0063377223,0.0060322895,,,,,,-0.0043056807,-0.007190034,4.585584E-4,-0.7582143,0.6165225,0.17226125,0.12383304
,,-4.0579877,0.24773689,-8.914142,1666027414902,,0.003970621,0.0077121677,-0.005574141,,,,,,-0.0024402142,-0.0034412628,0.0028013864,-0.7580287,0.6167306,0.17263633,0.12341738
,,-4.056792,0.2529213,-8.919883,1666027415153,,-0.0051923506,0.00160352,-0.010461059,,,,,,-2.8907458E-4,-0.0041638953,-0.0010296821,-0.75828254,0.6164375,0.17274882,0.123161085
,,-4.054878,0.24630119,-8.921401,1666027415403,,0.0027488915,-0.0014508038,-0.0043524117,,,,,,3.2841365E-4,-0.0056328527,-0.0047000567,-0.75881267,0.61583287,0.17266656,0.12302958
,,-4.0532823,0.24311075,-8.923793,1666027415906,,-3.054324E-4,-0.0014508038,-0.0037415468,,,,,,-0.0068832953,-0.002891445,1.3008117E-4,-0.75968146,0.6148371,0.17242378,0.12298775
52.50320051,13.33885658,-4.0546384,0.24749762,-8.92467,1666027416000,7.1003256,0.0058032153,9.926553E-4,0.0353538,,,,,,-0.003001229,-4.973417E-4,-0.00390803,-0.75934273,0.6152101,0.17256035,0.1230196
,,-4.0572705,0.24390838,-8.922595,1666027416158,,-0.0033597562,0.014431681,0.01763872,,,,,,-0.0112958355,0.0015179057,0.0060753506,-0.7599998,0.6144961,0.17219251,0.12305411
,,-4.055914,0.25148565,-8.925708,1666027416410,,-3.054324E-4,-0.010002911,0.017027855,,,,,,-0.01458861,0.0057714833,0.006843758,-0.76001775,0.61457336,0.17193365,0.12291679
,,-4.052245,0.26273197,-8.930014,1666027416663,,-0.013744458,0.013209951,0.0054214248,,,,,,-0.011665495,0.008463755,0.0032728196,-0.75957835,0.61516285,0.1719946,0.12258404
,,-4.017549,0.26815566,-8.931131,1666027416915,,-0.037568185,0.06269,0.015806125,,,,,,-0.004054236,-0.0013050974,0.011928209,-0.7595587,0.6155271,0.17154421,0.12147887
,,-3.9799016,0.27892336,-8.955778,1666027417166,,-0.014355322,0.05169443,0.060399257,,,,,,-0.0070682606,-0.010588401,0.007064565,-0.7594372,0.6163807,0.17042187,0.11939039
,,-3.9358737,0.31688946,-8.968858,1666027417418,,-0.008857539,3.8179048E-4,-0.0074067353,,,,,,-0.011866252,-0.003513196,0.016394457,-0.7590921,0.61765605,0.16918282,0.116614416
,,-3.8904104,0.3598008,-8.992705,1666027417670,,-0.06933315,0.011377357,-0.100869045,,,,,,-0.017546153,9.614229E-6,0.0071939784,-0.75874573,0.6188485,0.16833061,0.11372695
,,-3.842714,0.35637107,-9.001001,1666027417923,,-0.045509428,0.013820816,-0.11064288,,,,,,-0.0066380897,-0.035635803,0.019110648,-0.76005083,0.61779153,0.16797248,0.111192726
,,-3.7911088,0.3513461,-9.023891,1666027418180,,-0.023518294,0.027259842,0.03718639,,,,,,6.279389E-4,-0.053571854,0.015006987,-0.76308113,0.6147573,0.16694055,0.108539894
,,-3.7550566,0.38484564,-9.04503,1666027418431,,-0.054672398,0.077961616,0.037797257,,,,,,-0.007118042,-0.037441567,0.011902078,-0.7654518,0.6125737,0.16584472,0.10568687
,,-3.651607,0.46420756,-9.078848,1666027418933,,0.021685699,0.043142326,-0.04772381,,,,,,0.0063631455,-0.014577715,0.0030128479,-0.76972926,0.60865045,0.16445528,0.0992503
52.50320186,13.33886754,-3.712783,0.44051865,-9.049895,1666027419000,6.1846886,-0.022907428,0.027259842,-7.63581E-5,,,,,,-0.010473299,-0.015120331,0.019246737,-0.76742023,0.61089146,0.16500548,0.10231122
,,-3.5827734,0.45671004,-9.100063,1666027419186,,0.019853106,0.0028252497,0.009086614,,,,,,0.023603098,-0.032214403,0.0028989473,-0.77293783,0.6055159,0.16292767,0.09620246
,,-3.5351565,0.501057,-9.1319685,1666027419436,,0.0027488915,-0.019165883,-0.015347977,,,,,,0.011518248,0.010070367,-0.0050080935,-0.77457154,0.6045118,0.1608089,0.09311061
,,-3.4858637,0.54301125,-9.149914,1666027419687,,0.015577052,-0.0051159924,0.0029779659,,,,,,-1.0201136E-4,0.034812078,2.38355E-4,-0.77451396,0.60538113,0.15937757,0.0905813
,,-3.469433,0.5469195,-9.1637125,1666027419937,,0.029016078,-0.038713556,-7.63581E-5,,,,,,-0.00638477,0.029543323,-0.0056417463,-0.7744311,0.60593283,0.15845059,0.08932528
,,-3.4694328,0.49555358,-9.16499,1666027420189,,0.0051923506,-0.021609342,-0.0049632764,,,,,,0.00227383,0.004417295,-0.0066414834,-0.7747255,0.6054915,0.15800191,0.09051361
,,-3.495435,0.45208398,-9.153106,1666027420441,,-0.011911863,0.01687514,-6.8722287E-4,,,,,,-0.0024505218,-0.0048485566,-0.0030210176,-0.7752485,0.60461247,0.1575675,0.09261425
,,-3.5274193,0.43852466,-9.143295,1666027420692,,0.012522728,-0.043600474,0.0011453715,,,,,,-0.016790088,0.007957327,0.0041339872,-0.774912,0.6047638,0.15767044,0.094274014
,,-3.5464025,0.40781677,-9.129018,1666027420944,,-0.003970621,0.024205517,0.024969097,,,,,,-0.008603294,-0.008457457,7.975896E-5,-0.7746201,0.6046875,0.15835692,0.09602725
,,-3.5754354,0.39720857,-9.116016,1666027421196,,-0.011300999,-0.020387612,-0.025121814,,,,,,-0.010617677,-0.008151041,0.001951758,-0.77427846,0.6048103,0.15880868,0.09728918
,,-3.5895529,0.39848477,-9.109636,1666027421448,,0.016187917,-0.037491824,-0.0043524117,,,,,,-0.0027542273,1.5310943E-4,0.002865219,-0.77397716,0.60484356,0.1595717,0.09825178
,,-3.6555948,0.38452667,-9.075577,1666027421951,,0.03695732,-0.003894263,0.05184715,,,,,,-0.02066214,7.413248E-4,0.002970028,-0.77355975,0.60430294,0.16220075,0.10040865
52.50320182,13.33888036,-3.613481,0.3885147,-9.093284,1666027422000,5.158221,0.027183482,-0.063759014,-0.031841327,,,,,,-0.015098151,-3.6557514E-5,-8.773168E-4,-0.7737437,0.6046843,0.16081198,0.099016175
,,-3.6868613,0.36618167,-9.066007,1666027422204,,0.023518294,-0.027717989,0.050014555,,,,,,-0.0077123484,-0.0048886994,-0.0075736046,-0.7727297,0.6046404,0.1635352,0.102529116
,,-3.709194,0.33938202,-9.0614605,1666027422454,,-0.0070249448,0.019929463,0.031688612,,,,,,-6.4848264E-4,-0.008228347,-0.014605967,-0.7717094,0.6054257,0.1641034,0.10461338
,,-3.7525036,0.33044878,-9.040323,1666027422705,,-0.03329213,0.03581195,-0.014737112,,,,,,-0.011416188,-0.003755928,-0.005318006,-0.7706927,0.6061999,0.16481349,0.106518
,,-3.7776291,0.3366701,-9.027002,1666027422956,,-0.00641408,0.013820816,0.013362667,,,,,,-0.021191629,0.007240952,-0.0012095452,-0.7694702,0.607402,0.16537207,0.10765663
,,-3.7881577,0.38006,-9.026205,1666027423206,,0.0033597562,-0.009392046,-0.015347977,,,,,,-0.014607326,0.0231241,0.00695378,-0.7676454,0.6095763,0.16574237,0.107751615
,,-3.773322,0.41651058,-9.037372,1666027423457,,0.00641408,-0.0032833982,0.0029779659,,,,,,-0.011433315,0.031035732,3.428777E-4,-0.765418,0.61246836,0.1660404,0.10676198
,,-3.7697327,0.44785658,-9.032745,1666027423710,,0.014355322,-0.014889829,0.008475749,,,,,,-0.0140405735,0.028883891,0.005953757,-0.7638065,0.61456263,0.16644503,0.105671994
,,-3.7810583,0.47976092,-9.025567,1666027423962,,0.0033597562,-0.009392046,-0.003130682,,,,,,-0.023151794,0.02971661,0.0100060785,-0.7625677,0.6160662,0.16715291,0.10482328
,,-3.7709284,0.46755752,-9.038487,1666027424213,,0.01924224,0.0022143847,0.010919208,,,,,,-0.0010785897,-0.0012362351,-0.0072806994,-0.7616714,0.6170492,0.16766864,0.1047894
,,-3.7866411,0.4405186,-9.029476,1666027424466,,-0.0027488915,-0.013057235,-0.0043524117,,,,,,-9.6834503E-4,-0.01855771,-0.0040863673,-0.7612549,0.6173114,0.1679266,0.10585621
,,-3.8281176,0.38317063,-9.014642,1666027424971,,0.026572619,-0.0051159924,-0.0067958706,,,,,,0.0021716992,-0.022883065,-0.00791289,-0.76116544,0.6168067,0.16800943,0.10924361
52.5032032,13.33888676,-3.8044286,0.417388,-9.024691,1666027425000,4.5911136,0.01802051,-0.0112246405,-0.0012980876,,,,,,0.0026818276,-0.016864825,-0.0077294665,-0.76115716,0.6171065,0.16811557,0.10742989
,,-3.8587458,0.35166514,-9.004032,1666027425222,,0.02046397,-0.010613776,-0.0012980876,,,,,,-0.003996261,-0.018598981,-0.006309541,-0.7612077,0.61641747,0.16780633,0.111439705
,,-3.8849869,0.32023954,-8.993821,1666027425474,,0.008246674,3.8179048E-4,0.0035888306,,,,,,-0.00584201,-0.013530668,-0.0028208096,-0.76115376,0.6161045,0.16763861,0.11375907
,,-3.910271,0.29702905,-8.97508,1666027425724,,-0.003970621,0.0028252497,-0.0012980876,,,,,,-0.013928548,0.0016236678,0.00764548,-0.76092017,0.6160378,0.167538,0.11581211
,,-3.9279776,0.27621147,-8.973803,1666027425974,,-0.0058032153,0.0064904382,-6.8722287E-4,,,,,,-0.0092259245,4.403343E-4,0.0026773452,-0.7604961,0.6162186,0.16766511,0.11745704
,,-3.9357145,0.25044876,-8.970773,1666027426227,,-0.012522728,0.013820816,0.00481056,,,,,,-0.0053962944,-0.0078583695,-3.4240086E-4,-0.7602883,0.616288,0.16750638,0.11868155
,,-3.9400215,0.2398406,-8.967341,1666027426478,,-0.010079269,0.00160352,0.009086614,,,,,,-0.0037870486,-0.0062732333,0.0018713634,-0.76012766,0.61636764,0.1674641,0.1193723
,,-3.9355547,0.24725835,-8.967501,1666027426733,,0.009468404,0.0077121677,0.0041996953,,,,,,0.0011574825,-2.0650377E-4,0.0022242863,-0.7598864,0.6166187,0.16766453,0.11932879
,,-3.9284563,0.25898317,-8.968937,1666027426984,,0.01802051,-0.0026725335,-0.003130682,,,,,,0.0013879458,-8.7949436E-4,0.0016929626,-0.7596592,0.61699045,0.1677151,0.11877782
,,-3.9197624,0.27078775,-8.970293,1666027427237,,0.014355322,-0.0045051277,-0.0043524117,,,,,,0.0013554811,0.004535625,0.0022234917,-0.75956094,0.61723053,0.16764504,0.118261725
,,-3.9148974,0.27278176,-8.97125,1666027427491,,0.013133593,-0.0075594517,5.345067E-4,,,,,,0.0024603286,0.004704802,0.0022206306,-0.75950783,0.61739606,0.1674443,0.11802717
,,-3.9264627,0.24454647,-8.967981,1666027427993,,0.0015271619,-0.0026725335,-0.0025198173,,,,,,-6.3903333E-4,0.0027086714,0.0037215233,-0.759526,0.6172726,0.16683039,0.11938936
52.50320378,13.33889017,-3.9144187,0.26329026,-8.971251,1666027428000,4.265603,0.00641408,-0.009392046,-0.0025198173,,,,,,0.0027299325,0.003298752,0.0030080478,-0.75952524,0.6173686,0.16717568,0.11842806
,,-3.938586,0.21375881,-8.962796,1666027428245,,0.0021380268,9.926553E-4,0.0011453715,,,,,,-0.0029505333,-0.0034181946,0.0039953548,-0.7595317,0.6171103,0.1664553,0.120704606
,,-3.952385,0.19086748,-8.960164,1666027428495,,-0.0033597562,-0.0026725335,5.345067E-4,,,,,,-0.0027798335,-0.0025337033,0.0022128106,-0.7594817,0.616963,0.16623531,0.122073986
,,-3.9670608,0.17435701,-8.956493,1666027428751,,-0.00641408,0.007101303,0.0041996953,,,,,,-0.004289047,-0.0050941585,0.0024533907,-0.759217,0.61708504,0.16617899,0.123187475
,,-3.9742393,0.16446668,-8.952505,1666027429001,,-0.0051923506,9.926553E-4,0.0029779659,,,,,,-0.0036367893,-0.0043215114,0.0017281214,-0.7587718,0.6174669,0.16624406,0.12393452
,,-3.9815774,0.16558333,-8.949954,1666027429253,,-0.010079269,-8.3993905E-4,0.0066431547,,,,,,-0.0029210886,-0.006495689,0.0012648265,-0.7582396,0.6180319,0.16641364,0.12414505
,,-3.9811788,0.17563319,-8.947163,1666027429506,,0.015577052,0.0028252497,5.345067E-4,,,,,,-0.0034124057,-0.005497186,0.0031521479,-0.75773835,0.61861897,0.16660467,0.12402549
,,-3.9890752,0.18081765,-8.951788,1666027429757,,-0.00763581,0.01687514,0.042684175,,,,,,-0.012892278,-0.0062525105,-3.4163793E-4,-0.7575066,0.6189022,0.16671403,0.123885065
,,-3.9844491,0.20011975,-8.946604,1666027430008,,-0.013133593,-0.0051159924,-0.04772381,,,,,,-0.00978086,-0.0048979544,0.00638628,-0.75723386,0.6192606,0.16706297,0.123290196
,,-3.9732025,0.21878375,-8.950113,1666027430261,,-9.162972E-4,0.015042545,0.03413207,,,,,,0.0018492301,-0.005102821,9.684245E-4,-0.7574146,0.61902714,0.16764827,0.12254115
,,-3.970172,0.2414358,-8.953144,1666027430513,,-0.01802051,-0.0063377223,-0.025121814,,,,,,0.0023678143,-1.6432902E-4,-0.0017550151,-0.75754607,0.6188951,0.16816309,0.121678196
52.50320439,13.33889009,-3.9669812,0.2636093,-8.954661,1666027431000,3.9745524,9.162972E-4,3.8179048E-4,-0.0019089525,,,,,,0.0017913659,0.002658638,-0.0013736725,-0.75782615,0.6185859,0.16869529,0.120762125
,,-3.9702513,0.27142584,-8.957692,1666027431015,,-0.014966187,-0.009392046,0.013362667,,,,,,-0.003736464,-0.0058593997,-0.0038059552,-0.758158,0.6181828,0.169249,0.11997286
,,-3.9610786,0.29910278,-8.947244,1666027431265,,0.008246674,-0.014889829,0.01763872,,,,,,0.008767382,7.061541E-4,0.0056981086,-0.7581785,0.61807954,0.1701228,0.11915024
,,-3.9882774,0.31457645,-8.94477,1666027431516,,0.022296565,-0.020998476,-0.030008731,,,,,,-0.0092315115,0.013337021,-0.0025092761,-0.75817263,0.617948,0.17079878,0.118907265
,,-4.0157943,0.2995814,-8.931451,1666027431766,,0.037568185,-0.058872093,-0.011071924,,,,,,-0.024754096,0.010322297,0.0079203285,-0.75784594,0.61810094,0.1711213,0.119706646
,,-4.0461826,0.26041886,-8.920444,1666027432017,,0.029016078,0.027259842,0.02008218,,,,,,-0.023806835,4.380693E-6,0.0069218636,-0.75768834,0.6177537,0.17143513,0.12194178
,,-4.0617366,0.22293131,-8.915259,1666027432270,,0.013744458,0.022983788,-0.0019089525,,,,,,-0.01713887,0.0038615258,0.0013616245,-0.7572992,0.6178064,0.17116293,0.12440307
,,-4.060859,0.18775679,-8.909517,1666027432522,,0.011911863,0.0034361144,-0.0184023,,,,,,-1.3625622E-4,0.012289405,-3.1649272E-4,-0.7569498,0.61797345,0.17044781,0.12665257
,,-4.082793,0.13024934,-8.913264,1666027432773,,0.06383537,-0.0045051277,-0.059941106,,,,,,-0.012641891,0.0081011215,-0.013961729,-0.75696933,0.6178462,0.16898747,0.12909666
,,-4.0607,0.018983059,-8.90752,1666027433027,,-0.14263692,0.013209951,-0.108199425,,,,,,0.0112934355,-0.03701029,-0.01674757,-0.7579525,0.61655974,0.16709074,0.13188002
,,-3.99729,-0.11661022,-8.927302,1666027433279,,-0.13164136,-0.008781182,0.033521205,,,,,,0.049905397,-0.11997614,-0.041862775,-0.76198196,0.6118401,0.16501874,0.13255163
,,-3.9211988,-0.19932213,-8.949398,1666027433530,,-0.46456265,-0.017944153,0.19540037,,,,,,0.08719184,-0.20471711,-0.041962273,-0.7678549,0.6050363,0.16424705,0.12954913
52.50320468,13.33889115,-3.8643289,-0.044426735,-8.969177,1666027434000,3.8630972,-0.77366024,0.65095276,0.33895358,,,,,,0.07037955,-0.24284512,-0.04515775,-0.77365226,0.5982582,0.16775832,0.11809791
,,-3.5193632,0.47026938,-8.993184,1666027434031,,-1.118188,0.6424007,0.10315979,,,,,,0.07179248,-0.29942104,-0.057158407,-0.51728475,0.3973137,0.10830466,0.108856
,,-2.8742585,1.3450056,-8.893323,1666027434286,,-0.716239,0.18974987,-0.1882227,,,,,,0.15046938,-0.3749585,-0.121870756,-0.2629605,0.20052598,0.046877764,0.12354138
,,-2.26704,2.6180665,-8.5741205,1666027434537,,-0.535423,0.36690065,0.021303909,,,,,,0.13894783,-0.2995219,-0.14959458,-0.008918983,0.012218175,-0.018943327,0.15238015
,,-1.6867807,4.0816765,-8.028558,1666027434787,,0.11759147,-0.014278964,0.12759438,,,,,,0.053196467,-0.13749756,-0.08700107,0.24649878,-0.16862717,-0.08561172,0.19148411
,,-0.9954144,5.4935217,-7.5230346,1666027435040,,-0.15302163,-0.43027788,0.41836601,,,,,,0.0064255954,0.063019894,-0.032094065,0.502842,-0.3506417,-0.15100354,0.23167126
,,-0.26073796,6.5703716,-7.1346006,1666027435291,,0.98685205,-0.14439316,-0.011071924,,,,,,0.05311968,0.17081974,0.005481704,0.75710005,-0.5392414,-0.21798235,0.27580357
,,0.112223394,6.8943605,-7.034181,1666027435541,,1.3588687,-0.3068832,-0.46799877,,,,,,0.06774459,0.2318857,-0.014276361,0.7548295,-0.5373711,-0.2124656,0.30080128
,,0.0341376,6.4536824,-7.2223377,1666027435792,,1.5140283,-0.11873684,-0.27740896,,,,,,0.007460479,0.36098596,0.054386344,0.7634822,-0.53636813,-0.19357961,0.27718332
,,-0.06404791,5.3121467,-7.6633334,1666027436043,,-0.7345649,-0.21586435,0.41164652,,,,,,-0.031361353,0.35631067,0.121773034,0.497853,-0.35776868,-0.14897174,0.22739467
,,-0.058065813,4.2526836,-8.243035,1666027436295,,-1.7742567,0.26549712,-0.22670719,,,,,,0.04635364,0.1745912,0.1085823,0.50669223,-0.37168583,-0.123240024,0.18044731
,,-0.13016954,3.8418362,-8.56455,1666027436545,,-1.2147046,-0.06314815,-0.02573268,,,,,,0.044700027,-0.014661471,0.021033255,0.5116164,-0.3759303,-0.11545552,0.1654028
52.50319137,13.33892288,-0.29001006,4.0674796,-8.403994,1666027437000,6.0166984,0.5549707,0.43776098,0.0891099,,,,,,-0.04289804,0.09638403,0.035443448,0.5122664,-0.36988384,-0.119649604,0.17073378
,,-0.16406783,4.39402,-8.227642,1666027437047,,1.628871,-0.017944153,0.14347686,,,,,,0.046390537,0.1347038,0.010080178,0.5089971,-0.363936,-0.12778328,0.18685673
,,-0.041156515,4.5700517,-8.136634,1666027437298,,1.7424918,0.25999933,-0.7276163,,,,,,0.112864755,0.038787946,0.04776028,0.5057841,-0.3639638,-0.13473028,0.20034295
,,-0.037886366,4.6150365,-8.043552,1666027437549,,-1.2971714,-0.008170316,0.40370527,,,,,,0.13439745,0.049983364,0.09798099,0.6723912,-0.47409764,-0.14362366,0.20093946
,,0.0103688985,4.921159,-7.94465,1666027437800,,-2.0748022,-0.13706279,0.20761767,,,,,,0.12940435,0.105149895,0.11088845,0.67112833,-0.47185707,-0.14881288,0.21341938
,,-0.016510474,5.4295545,-7.7224364,1666027438053,,0.14569125,0.2031889,0.15997021,,,,,,0.06402963,0.41470572,0.16814674,0.66401196,-0.4732777,-0.15640672,0.2242774
,,0.21487549,5.1692142,-7.927182,1666027438305,,2.089463,-0.19081889,-0.4728857,,,,,,0.18696848,0.31700268,0.15541007,0.6632222,-0.48115236,-0.15011778,0.21703598
,,0.0093319975,4.54413,-8.168538,1666027438557,,1.6044364,-0.11751511,-0.20105088,,,,,,0.06656124,0.37909445,0.2900449,0.6727467,-0.4857516,-0.13056172,0.18320727
,,-0.0658824,4.06086,-8.230351,1666027438808,,-2.1450517,0.35651594,0.75617427,,,,,,-0.035794925,0.4078647,0.3512524,0.56492037,-0.41400006,-0.110872656,0.16058174
,,0.12450655,4.74768,-8.089973,1666027439059,,-1.6569707,-0.30199626,-6.8722287E-4,,,,,,-0.034915913,0.35616177,0.30092984,0.664136,-0.49508455,-0.13041641,0.1922412
,,0.10129619,5.5246286,-7.7046504,1666027439310,,0.2800815,0.22518003,0.21067199,,,,,,-0.10725661,0.54004455,0.25708625,0.6494006,-0.4956187,-0.15248561,0.22175947
,,0.24207391,5.4323454,-7.6135635,1666027439562,,1.1688898,-0.3746892,0.10804671,,,,,,-0.020728048,0.42871198,0.31101838,0.64313644,-0.5014674,-0.15508202,0.2235507
52.50314278,13.33899589,0.16773687,5.069114,-7.885787,1666027440000,6.545743,1.8982623,-0.199371,-0.9078214,,,,,,-0.048825826,0.36204404,0.2537206,0.64411736,-0.50949156,-0.1477438,0.20748062
,,0.052163556,4.7258244,-7.8838735,1666027440065,,-0.20922118,0.03214676,0.48861545,,,,,,-0.10463799,0.28906748,0.32889405,0.5905187,-0.47309715,-0.14003879,0.19375601
,,0.07688937,4.9149375,-7.871589,1666027440317,,-2.098015,0.13171771,0.142866,,,,,,-0.12699486,0.23078184,0.27639157,0.69599664,-0.5525938,-0.14883105,0.20327212
,,0.11684952,5.28431,-7.717571,1666027440569,,-0.90682876,0.3296379,-0.021456625,,,,,,-0.09941949,0.2906078,0.24271192,0.6893806,-0.5525537,-0.1596901,0.21621856
,,0.14660028,5.2512884,-7.639883,1666027440821,,0.4242456,-0.31238097,-0.0025198173,,,,,,-0.13652031,0.22474647,0.28740883,0.6871552,-0.5526404,-0.15912645,0.22115488
,,0.14253248,5.009374,-7.9091563,1666027441074,,1.8451171,-0.20914483,-0.55535245,,,,,,-0.118123166,0.19134517,0.21267241,0.69241995,-0.5541124,-0.15134652,0.21098557
,,-0.080239326,4.5277786,-8.005588,1666027441327,,0.8958332,0.14882194,-0.06360629,,,,,,-0.22138622,0.21490003,0.3135617,0.6474895,-0.5116294,-0.13688928,0.18776965
,,-0.01690926,4.4974685,-8.107043,1666027441579,,-2.1236713,0.3088685,0.59796023,,,,,,-0.25563747,0.07347134,0.15278858,0.6460589,-0.51362324,-0.13605218,0.1882192
,,0.21982063,5.231269,-8.174681,1666027441833,,-1.5329652,-0.58482665,0.0891099,,,,,,-0.36006087,0.04547469,0.01703248,0.63870156,-0.5102464,-0.15581036,0.21777953
,,0.08965108,5.4880977,-7.790074,1666027442084,,0.9440915,0.09812015,0.08849903,,,,,,-0.4731131,0.09294186,0.12164412,0.6341209,-0.5050285,-0.164561,0.23187532
,,0.19541386,5.269793,-8.1535425,1666027442335,,1.4810417,-0.38751733,-0.29878923,,,,,,-0.32679838,0.093639165,0.0047985394,0.6395771,-0.50870615,-0.155798,0.21843877
,,0.023928236,4.5921464,-8.313783,1666027442586,,0.97158045,0.16714787,-0.102090776,,,,,,-0.36599907,0.04556184,0.1631116,0.64968127,-0.5092535,-0.13913232,0.1881946
52.50307128,13.33918216,0.06117652,4.3789454,-8.249736,1666027443000,5.6961923,-2.5842636,0.6955459,0.5423716,,,,,,-0.3717155,-0.074947916,0.20434634,0.7040788,-0.5493854,-0.1351364,0.18287839
,,0.2321038,5.254559,-8.010692,1666027443089,,-1.4327834,-0.1834885,0.06956223,,,,,,-0.26085797,0.0886464,0.16295435,0.7491495,-0.58688754,-0.1569562,0.21924452
,,0.08590234,5.6002426,-7.4070616,1666027443341,,0.34849834,-0.17371467,0.017027855,,,,,,-0.14616808,0.2916173,0.27647546,0.7418875,-0.58352304,-0.16875865,0.23550992
,,0.20283161,5.2678785,-7.8757367,1666027443593,,1.8402301,-0.014889829,-0.35376707,,,,,,0.008441299,0.2507731,0.10611162,0.7466463,-0.5882432,-0.16184753,0.22072503
,,-0.041954163,4.5433326,-8.024331,1666027443846,,0.7192933,0.08468113,-0.16806418,,,,,,-0.115104295,0.22301345,0.2712921,0.75711685,-0.58907914,-0.14385422,0.18756054
,,-0.05623134,4.2872205,-8.07793,1666027444095,,-2.9904885,0.24533857,0.52343476,,,,,,-0.14461552,0.056609783,0.2314301,0.7596436,-0.58726746,-0.13859993,0.18166481
,,0.028075827,5.3473206,-7.8248496,1666027444347,,-0.87750727,0.4560869,0.3181842,,,,,,-0.11828061,0.24884152,0.10647133,0.7484465,-0.58424914,-0.16633688,0.22087644
,,0.041555353,5.778348,-7.56451,1666027444598,,1.163392,-0.21342088,-0.10392337,,,,,,-0.16595766,0.36959928,0.082319215,0.7396364,-0.5812359,-0.17964147,0.23893565
,,0.062452663,5.246423,-7.9765544,1666027444849,,2.0228786,-0.24029893,-0.44112074,,,,,,-0.1418012,0.27893645,0.059573635,0.7488004,-0.58478963,-0.16428807,0.21912207
,,-0.13112669,4.3572497,-8.079367,1666027445101,,-0.49999282,0.29787293,-0.006185006,,,,,,-0.24043934,0.30365622,0.357714,0.70870864,-0.5445557,-0.13648865,0.1793466
,,-0.014596232,4.418746,-8.1008215,1666027445352,,-2.4517057,-0.18532111,0.36033386,,,,,,-0.15820208,0.20068459,0.26825967,0.7095131,-0.54208726,-0.13835984,0.18329096
,,0.022173485,5.575995,-7.73121,1666027445604,,-0.36926776,0.11522437,0.21678063,,,,,,-0.14357506,0.45496267,0.119481355,0.69459355,-0.53998667,-0.16933283,0.22503208
52.50298842,13.33937723,0.10807583,5.676015,-7.589156,1666027446000,6.4923973,1.732107,-0.008781182,-0.20593779,,,,,,-0.080437884,0.41223273,0.13336693,0.6884644,-0.54061306,-0.17599562,0.23392363
,,-0.009730816,4.9674993,-7.9913898,1666027446106,,2.170097,-0.020387612,-0.46860963,,,,,,-0.040909983,0.3155068,0.20325771,0.6996355,-0.54642665,-0.15851805,0.2027653
,,-0.12546366,4.2321854,-8.077611,1666027446357,,-1.8219042,0.06696605,0.16791146,,,,,,-0.011158637,0.2739907,0.3423349,0.7079279,-0.5477854,-0.1369076,0.16807336
,,0.0540778,4.8075004,-8.113743,1666027446608,,-1.9697335,-0.26473352,-0.013515383,,,,,,0.038038082,0.19513701,0.10045722,0.754772,-0.58858967,-0.1523144,0.19268373
,,0.06556335,5.725706,-7.5921865,1666027446861,,0.63927,0.14332415,0.013362667,,,,,,-0.03397767,0.37193167,0.12030489,0.736395,-0.5886578,-0.18008198,0.23288554
,,0.20985053,5.584609,-7.652167,1666027447111,,2.00272,0.03642281,-0.38186684,,,,,,-0.0042628795,0.31719843,0.13741682,0.73438907,-0.59279835,-0.17633885,0.23253854
,,0.07856434,4.799045,-8.11111,1666027447362,,1.5714496,-0.13278674,-0.28107417,,,,,,-0.060001,0.31600747,0.15635316,0.74911916,-0.5953201,-0.15053588,0.1964529
,,0.04027917,4.1838503,-8.121,1666027447613,,-2.5421138,0.1372155,0.4134791,,,,,,-0.09664571,0.15868801,0.2863429,0.7569264,-0.592302,-0.13398093,0.17484413
,,0.1052842,5.125026,-7.948638,1666027447863,,-1.4602723,0.05780308,0.41408995,,,,,,-0.120706804,0.2561786,0.10269931,0.74704665,-0.5906966,-0.15948845,0.21214509
,,0.10512468,5.7079988,-7.510911,1666027448115,,1.0760384,-0.18654284,-0.1155298,,,,,,-0.15667722,0.31775337,0.11493328,0.7348145,-0.5865837,-0.17991091,0.24086727
,,0.1416551,5.333202,-7.8543606,1666027448367,,1.8579452,-0.18471023,-0.32261297,,,,,,-0.042990737,0.23139527,0.06690788,0.743543,-0.5879515,-0.16942352,0.2246984
,,-0.07696913,4.476094,-8.157132,1666027448618,,-0.14935644,0.24533857,0.09644028,,,,,,-0.093072936,0.21806535,0.20837985,0.75856894,-0.5882666,-0.14432858,0.1836197
52.50292413,13.3395456,-0.07561319,4.3230333,-8.11111,1666027449000,6.8144665,-2.4804165,-0.0900262,0.16241367,,,,,,-0.10110971,0.052271202,0.22845547,0.7593693,-0.58829916,-0.14038855,0.18171519
,,3.9880574E-4,5.4421563,-7.7841706,1666027449122,,-0.6307179,0.117056966,0.09888373,,,,,,-0.112641685,0.20263653,0.053897284,0.7443365,-0.5866473,-0.17091016,0.22623982
,,0.05838488,5.7250676,-7.5160947,1666027449373,,1.5500693,-0.10835214,-0.11980586,,,,,,-0.1364577,0.22645484,0.08262045,0.7364062,-0.58454,-0.18103203,0.24298577
,,0.070907325,5.20423,-7.9410605,1666027449623,,2.3906193,-0.23357943,-0.2578613,,,,,,-0.09081001,0.22048919,0.06856098,0.7478113,-0.58821416,-0.16296253,0.21824805
,,-0.045064818,4.318725,-8.073304,1666027449874,,-0.84146625,0.10545053,0.27175847,,,,,,-0.18828061,0.18996625,0.27690938,0.7591824,-0.58804584,-0.13628408,0.1821529
,,0.09300104,4.6406393,-8.092048,1666027450125,,-2.1426082,-0.3777435,0.49350238,,,,,,-0.10645296,0.13572825,0.16145034,0.7573914,-0.58610076,-0.14355685,0.1963108
,,0.15114664,5.625765,-7.636853,1666027450376,,0.05894845,0.057192214,-0.0074067353,,,,,,-0.063959494,0.31915316,0.14171596,0.74212617,-0.5836701,-0.17502996,0.23204629
,,0.23122641,5.61069,-7.6039906,1666027450627,,1.6667446,0.07857248,-0.34704757,,,,,,0.037002288,0.29556146,0.18778034,0.7376201,-0.58746904,-0.17934792,0.23211604
,,0.14101702,5.0266824,-8.035816,1666027450879,,2.1523821,-0.04054615,-0.47227484,,,,,,0.07302836,0.31283113,0.22286746,0.7461952,-0.59616953,-0.16103436,0.20071651
,,0.03158526,4.258746,-8.108957,1666027451132,,-1.9642357,0.19463679,0.050014555,,,,,,0.04836845,0.18764955,0.38571262,0.7506062,-0.6001781,-0.14158902,0.17103826
,,0.09387841,5.012724,-8.063254,1666027451384,,-1.931249,-0.11873684,0.1844048,,,,,,0.05479935,0.25321996,0.18195242,0.7407352,-0.603384,-0.16096394,0.1987421
,,0.08470591,5.7513094,-7.5582094,1666027451636,,0.422413,0.16959134,0.021914775,,,,,,-0.045435205,0.32207265,0.14353888,0.72286105,-0.60361195,-0.18657306,0.23243679
52.50283589,13.33980389,0.18336998,5.597451,-7.750673,1666027452000,6.9120884,1.8090761,-0.092469655,-0.46005753,,,,,,-0.027633898,0.28309524,0.053743873,0.7229698,-0.60641587,-0.18136425,0.2307479
,,0.03405784,4.914459,-8.10481,1666027452142,,1.6233732,0.011988222,-0.32505643,,,,,,-0.11692666,0.2876068,0.1069977,0.7362782,-0.6083837,-0.15755159,0.20047598
,,0.065802604,4.295116,-8.139347,1666027452392,,-2.1694863,0.2636645,0.40553784,,,,,,-0.14024988,0.09194263,0.22569935,0.74342126,-0.6055688,-0.14120556,0.18290053
,,0.15314063,5.199524,-8.004392,1666027452644,,-1.62826,-0.005726857,0.098272875,,,,,,-0.15719387,0.16182728,0.027985685,0.73458034,-0.60349834,-0.1642045,0.2192114
,,0.2049851,5.699863,-7.623453,1666027452895,,0.49754936,-0.020998476,-0.07276927,,,,,,-0.16658603,0.17644611,0.019321855,0.7246867,-0.5981213,-0.18067096,0.2458326
,,0.34815568,5.323393,-7.9308515,1666027453145,,1.8487823,-0.22380558,-0.43745553,,,,,,-0.025610093,0.06723392,-0.020328887,0.7328595,-0.5980615,-0.16970374,0.23567198
,,0.1937389,4.5269012,-8.221738,1666027453397,,0.40408704,0.20685409,0.054290608,,,,,,-0.04550987,0.030874113,0.11880611,0.74888486,-0.5965731,-0.1462808,0.19976605
,,0.25068802,4.2297926,-8.262496,1666027453649,,-2.4950771,-0.06864593,0.21616977,,,,,,-0.00451417,-0.2118099,0.10244805,0.7519192,-0.5947078,-0.14132656,0.19371693
,,0.26129624,5.347799,-7.9070034,1666027453902,,-0.41325003,0.3333031,0.21128285,,,,,,0.042222034,-0.04002501,-0.10901848,0.7390318,-0.5902728,-0.1752833,0.23361912
,,0.31672996,5.685426,-7.6235332,1666027454152,,1.9202534,-0.013668099,0.018249584,,,,,,0.11333249,0.023355912,-0.10610931,0.7318765,-0.5864921,-0.19070114,0.24818143
,,0.27605203,4.995576,-8.030632,1666027454403,,2.5787656,-0.3276526,-0.36476263,,,,,,0.26015958,-0.054159775,-0.06906751,0.7423509,-0.59260935,-0.17611614,0.21514979
,,-0.029272199,4.033342,-8.1876,1666027454654,,-2.8371615,0.48296496,0.57108223,,,,,,0.19404541,-0.18603201,0.1599101,0.7000622,-0.555947,-0.15061556,0.17043303
52.50276931,13.34010167,0.077846505,4.701976,-7.983812,1666027455000,12.196942,-1.6765184,-0.050319985,0.3194059,,,,,,0.2897356,-0.12441098,0.059122704,0.6887953,-0.55850273,-0.17050932,0.1930228
,,0.09204392,5.8682384,-7.515139,1666027455157,,1.6783509,0.26305366,-0.0074067353,,,,,,0.21982434,0.22631298,4.4991175E-4,0.66944146,-0.55808836,-0.20193364,0.23429959
,,0.112063855,5.4042697,-7.7291365,1666027455407,,2.7510295,0.090178914,-0.5284744,,,,,,0.23077488,0.17738873,0.12603197,0.6729354,-0.56451863,-0.18847264,0.21925578
,,0.004865386,4.1046476,-8.079605,1666027455658,,-2.8787003,0.42737627,0.31879506,,,,,,0.20798644,-0.060254727,0.3312995,0.6890934,-0.5698757,-0.15112153,0.17087413
,,0.04681953,4.466283,-7.98796,1666027455908,,-1.5909973,-0.025885396,0.1532507,,,,,,0.10556341,0.0028128545,0.2837924,0.6863003,-0.56817794,-0.15297504,0.18447861
,,0.27118653,5.785526,-7.61452,1666027456159,,1.7174463,-0.40950847,-0.025121814,,,,,,0.13173713,0.29185978,0.0928792,0.723062,-0.60388875,-0.18774904,0.23722567
,,0.19804594,5.5137806,-7.749475,1666027456410,,2.649626,-0.2164752,-0.33116508,,,,,,0.09002921,0.32904938,0.12995714,0.7266931,-0.6056063,-0.1790033,0.2258264
,,0.16390835,4.1758738,-8.10768,1666027456661,,-3.2892015,0.30459246,0.60529065,,,,,,0.17602926,0.06243991,0.39034423,0.74330276,-0.61143005,-0.14305401,0.17494044
,,0.1601596,4.634259,-7.976075,1666027456912,,-0.95691967,0.40233082,0.5497019,,,,,,0.15382601,0.21355632,0.3177889,0.7374047,-0.61205137,-0.15313177,0.18306254
,,0.21001007,5.9231133,-7.6344595,1666027457161,,1.9575162,-0.016722424,-0.3183369,,,,,,0.10386709,0.4421539,0.15518239,0.71648854,-0.6136072,-0.19084652,0.22814941
,,0.18432711,5.4595437,-7.780023,1666027457413,,1.5140283,0.19646938,-0.42645997,,,,,,0.103874475,0.41482913,0.17828327,0.7168583,-0.6206921,-0.18106294,0.21090584
,,0.12937194,4.342654,-8.085827,1666027457664,,-3.37289,-0.27633995,0.35422522,,,,,,0.026443144,0.18008609,0.4019399,0.728706,-0.62926966,-0.14777096,0.17024232
52.5027044,13.34031038,0.110149615,4.911268,-7.7909517,1666027458000,12.722051,-0.2904662,-0.13095413,0.20150901,,,,,,-0.11494855,0.2430908,0.33258983,0.71682966,-0.6294763,-0.16315904,0.19395556
,,0.1904687,6.039643,-7.508917,1666027458163,,2.2812746,0.11827869,-0.4570032,,,,,,-0.18264213,0.41021034,0.095261656,0.6995718,-0.6287785,-0.19555894,0.2387647
,,0.11294122,5.287181,-7.7296147,1666027458415,,0.4725039,0.018707734,0.0060322895,,,,,,-0.2538833,0.3143083,0.19390158,0.70910364,-0.6307038,-0.17248088,0.21379232
,,0.07274179,4.4219356,-8.024012,1666027458667,,-2.9605563,-0.42539096,0.5490911,,,,,,-0.22430882,0.17025481,0.34920916,0.7260035,-0.6309058,-0.14265579,0.17988366
,,0.106161565,5.2713876,-7.6932454,1666027458917,,0.30757043,0.28137958,-0.058719378,,,,,,-0.25180224,0.30189946,0.2681258,0.71416193,-0.6263502,-0.16784044,0.20932497
,,0.12570295,6.2073,-7.444311,1666027459167,,2.6862779,-0.25740314,-0.22548546,,,,,,-0.25505587,0.51588863,0.12440637,0.7002747,-0.62543696,-0.19650766,0.24243729
,,0.15505491,5.1492743,-7.7420583,1666027459420,,-0.31428993,0.15493058,-0.006185006,,,,,,-0.15534195,0.3509319,0.32594624,0.7145296,-0.62823886,-0.16678606,0.20533694
,,0.10049855,4.4948373,-7.991629,1666027459673,,-2.4297147,-0.42600182,0.25526512,,,,,,-0.14911896,0.25959957,0.42537302,0.7280878,-0.6289779,-0.14374796,0.17734931
,,0.11916257,5.366623,-7.5682592,1666027459924,,0.47677997,-0.105908684,-0.026954409,,,,,,-0.15898038,0.2482559,0.3357986,0.71170765,-0.6263313,-0.17631947,0.21309096
,,0.22556339,6.1099133,-7.4587464,1666027460175,,2.6013677,0.27466008,-0.4258491,,,,,,-0.11040882,0.43621296,0.14039493,0.6977519,-0.62808,-0.20088132,0.2398725
,,0.12275181,4.999484,-7.639804,1666027460426,,-0.65759593,0.053527027,0.27175847,,,,,,-0.115475506,0.29275185,0.48433533,0.7132122,-0.6321966,-0.16693781,0.19949421
,,0.12490535,4.423611,-7.9289374,1666027460680,,-2.509738,-0.41378453,0.4238638,,,,,,-0.045709476,0.1484312,0.47225818,0.7224406,-0.6343511,-0.14957508,0.17575854
52.50263197,13.34046775,0.121555395,5.5664234,-7.5391464,1666027461000,12.853314,0.92026776,0.20807582,0.08727731,,,,,,-0.115554556,0.2783418,0.25013927,0.70291865,-0.63208884,-0.18710981,0.21681124
,,0.2026721,6.082794,-7.402038,1666027461183,,2.5708244,0.12927426,-0.326889,,,,,,-0.05555064,0.3687505,0.15851064,0.69145334,-0.63361394,-0.20577389,0.23794027
,,0.34065822,4.9629536,-7.8966346,1666027461434,,-0.8164208,-0.11140647,-0.2664134,,,,,,0.097962715,0.27377394,0.22400907,0.707844,-0.6382328,-0.16822506,0.1958052
,,0.19238295,4.5241895,-7.9503126,1666027461686,,-2.388176,-0.72227126,0.680427,,,,,,0.028855134,0.27268112,0.3952535,0.7165775,-0.6397389,-0.15176553,0.17500992
,,0.22396822,5.5283766,-7.536673,1666027461938,,0.82924896,0.23373213,0.17951788,,,,,,0.043080743,0.28703997,0.19776274,0.69637835,-0.63854945,-0.19098894,0.2148354
,,0.2865804,6.102016,-7.4383287,1666027462191,,2.428493,0.3003164,-0.66958416,,,,,,0.067388505,0.45237637,0.10083531,0.68356216,-0.64225036,-0.20954867,0.23215036
,,0.27549365,4.9859242,-7.8687963,1666027462440,,-1.109025,0.035201084,0.19601123,,,,,,0.13018107,0.38134584,0.2829719,0.69841725,-0.6505976,-0.17015125,0.18851924
,,0.25938195,4.560241,-7.992425,1666027462690,,-2.3093743,-0.7564797,0.20334162,,,,,,0.12224202,0.25352815,0.33971158,0.70299995,-0.6547376,-0.1559696,0.17144331
,,0.14500505,5.7409396,-7.4764533,1666027462941,,0.92148954,0.18364123,-0.021456625,,,,,,-0.052339427,0.4109537,0.24869458,0.68074745,-0.6544104,-0.19690292,0.21396261
,,0.2912863,6.1078396,-7.4453464,1666027463193,,2.590372,0.056581352,-0.4331795,,,,,,-0.0081325015,0.36693624,0.07205178,0.668313,-0.6578052,-0.21243268,0.23269801
,,0.2981457,5.0398426,-7.911788,1666027463444,,-0.8732312,0.11339177,0.123929195,,,,,,-0.010655075,0.3097294,0.20958605,0.6856505,-0.662475,-0.17218041,0.192631
,,0.23585254,4.536393,-8.040283,1666027463695,,-2.2629485,-0.55489427,0.3181842,,,,,,-0.05715314,0.14499076,0.27013123,0.69560665,-0.6614858,-0.15437147,0.17713527
52.50256412,13.34060755,0.24319051,5.57424,-7.584212,1666027464000,9.209793,0.7968731,0.056581352,0.0054214248,,,,,,-0.15766267,0.16880086,0.1199241,0.6771189,-0.65705293,-0.19439092,0.2196014
,,0.25084755,6.0228934,-7.5309305,1666027464196,,2.6099198,-0.03810269,-0.5522981,,,,,,-0.15201989,0.29116833,-0.0068622907,0.6681422,-0.65659565,-0.21138772,0.23618439
,,0.19286148,4.7902713,-7.9332438,1666027464448,,-0.7082977,0.043142326,0.32612544,,,,,,-0.10833588,0.101833776,0.20645252,0.68896955,-0.65837204,-0.17154826,0.19392225
,,0.11996017,4.298467,-8.025926,1666027464698,,-2.5213444,-0.38690647,0.27908885,,,,,,-0.12717046,-0.01638157,0.31299648,0.69943875,-0.65751755,-0.1540512,0.1750963
,,0.13830514,5.475816,-7.718448,1666027464951,,0.9337068,0.117056966,0.002367101,,,,,,-0.1707086,0.1537088,0.03167238,0.68090177,-0.6529639,-0.19306324,0.21832778
,,0.16614164,5.9010205,-7.494082,1666027465203,,2.531729,-0.33192864,-0.34521496,,,,,,-0.16500585,0.23517999,-9.796142E-4,0.6732928,-0.65059584,-0.20942383,0.23745494
,,0.13639088,4.8169117,-7.8953576,1666027465454,,-0.8384119,0.18547381,0.10254893,,,,,,-0.07338,0.13552482,0.23947808,0.69486314,-0.6513488,-0.17104687,0.19518588
,,0.09986047,4.302933,-8.052327,1666027465706,,-2.464534,-0.5909353,0.19906557,,,,,,-0.09047258,0.029850293,0.3396416,0.70728695,-0.649132,-0.15173239,0.17667057
,,0.18225336,5.5682583,-7.795258,1666027465956,,0.8005383,-0.010002911,-0.010461059,,,,,,-0.07149014,0.27991608,-0.0067173797,0.69006324,-0.64460665,-0.18874823,0.21970819
,,0.22939192,6.033662,-7.557891,1666027466206,,2.4431536,-0.016722424,-0.5113702,,,,,,-0.06267196,0.32544544,-0.005065775,0.6819183,-0.641518,-0.20730667,0.24169475
,,0.24087746,4.9000225,-7.9545407,1666027466460,,-0.56230104,0.14637847,-0.011682789,,,,,,0.012581452,0.14778255,0.21360523,0.7021953,-0.64345896,-0.17001073,0.19988054
,,0.23649059,4.3877187,-8.151151,1666027466712,,-2.4107778,-0.6501892,0.1862374,,,,,,0.040923156,0.092794746,0.31217262,0.7129545,-0.6435913,-0.15058081,0.17798504
52.50248097,13.34078285,0.24406792,5.4451876,-7.754659,1666027467000,8.371651,0.28252497,-0.039935283,0.052458014,,,,,,-0.0057828357,0.18247469,0.102867365,0.6955355,-0.63965786,-0.18782304,0.21926637
,,0.29830524,6.055915,-7.5374703,1666027467215,,2.3796237,0.09445497,-0.52358747,,,,,,0.04217678,0.32855338,-0.0020641962,0.6842586,-0.63921636,-0.20882842,0.24022415
,,0.2505285,4.954818,-7.7640705,1666027467466,,-0.205556,0.20013458,0.054290608,,,,,,0.05591379,0.10760717,0.35448736,0.7003635,-0.64414805,-0.17515182,0.20000471
,,0.19118652,4.418666,-8.032066,1666027467720,,-2.5824308,-0.29649848,0.30841035,,,,,,0.037134312,0.07130431,0.39803272,0.7103389,-0.6466516,-0.1535391,0.17491506
,,0.19804594,5.519205,-7.6444306,1666027467972,,0.14752385,0.06330086,0.056734066,,,,,,-0.024542818,0.24463317,0.19156067,0.6918286,-0.64525795,-0.1886858,0.21389471
,,0.24167511,6.1126256,-7.4238133,1666027468224,,2.219577,-0.052763447,-0.5266418,,,,,,-0.021481404,0.31045005,0.07923546,0.6786353,-0.645722,-0.21170077,0.23741366
,,0.25722843,5.117211,-7.851091,1666027468477,,-0.07299834,0.2587776,0.03657553,,,,,,0.034919564,0.22366841,0.19648068,0.69378597,-0.6512523,-0.17680836,0.19924721
,,0.20370898,4.3539004,-8.011331,1666027468728,,-2.8163922,-0.46265373,0.43669197,,,,,,-0.014414274,0.033378433,0.4068391,0.70561415,-0.65313226,-0.15181337,0.17220443
,,0.21439692,5.3777094,-7.7091956,1666027468979,,0.13652828,0.18486296,0.09644028,,,,,,-0.04029058,0.18086968,0.1543937,0.6877902,-0.65105534,-0.18678822,0.20868945
,,0.30859435,6.0695543,-7.5407405,1666027469234,,2.5567746,0.31009024,-0.46922052,,,,,,0.0011868954,0.3337727,-0.073953934,0.67350304,-0.65083367,-0.2111942,0.23620863
,,0.2778067,5.086344,-7.8739023,1666027469485,,0.23732096,0.18425208,-0.106977694,,,,,,-0.015862904,0.2507053,0.14890413,0.6891857,-0.6547188,-0.17779402,0.20092443
,,0.21798614,4.443232,-7.975756,1666027469737,,-2.3619087,-0.31665704,0.4983893,,,,,,0.027717618,0.1562335,0.374517,0.70211995,-0.6561104,-0.15139066,0.17380218
52.50241163,13.34094858,0.04897312,5.4746184,-7.582137,1666027470000,7.045504,0.11636974,0.6955459,0.20273075,,,,,,-0.14399391,0.3227587,0.29184464,0.68676025,-0.652394,-0.1846397,0.20992991
,,0.13008979,6.303014,-7.419585,1666027470242,,2.4119995,-0.1645517,-0.4484511,,,,,,-0.07443588,0.49653855,0.05246337,0.67379147,-0.64944446,-0.21233357,0.23986998
,,0.13112669,5.4678392,-7.7624764,1666027470493,,0.8659008,0.27649269,-0.073380135,,,,,,-0.007338091,0.43938702,0.23038419,0.6903077,-0.6517965,-0.18118876,0.20664234
,,0.07138588,4.510551,-7.928458,1666027470744,,-2.9379542,-0.30566147,0.55703235,,,,,,-0.0014403338,0.19577596,0.5191798,0.7054681,-0.6529793,-0.1526638,0.1733699
,,0.088853486,5.4372907,-7.6946793,1666027470996,,-0.3167334,0.2410625,0.32062766,,,,,,0.031138452,0.28810304,0.2739848,0.69109184,-0.6507349,-0.18419023,0.20361882
,,0.13655041,6.153622,-7.5075607,1666027471247,,2.1328344,0.052305296,-0.439899,,,,,,-0.046160117,0.36738867,0.049316406,0.6747032,-0.6491806,-0.21448472,0.23555093
,,0.28729826,5.419823,-7.9074006,1666027471497,,1.275791,0.21296273,-0.2163225,,,,,,0.077280685,0.27643216,0.06269368,0.6875323,-0.652712,-0.18745613,0.20978923
,,0.23314069,4.3856454,-8.119884,1666027471749,,-2.641074,-0.34414595,0.55458885,,,,,,0.011769365,-0.0071991524,0.29882157,0.70329565,-0.6540543,-0.15425281,0.17809314
,,0.2411965,5.134998,-7.87749,1666027472001,,-0.21471897,0.4566978,0.11598795,,,,,,-0.035606824,0.041821845,0.102081455,0.69159395,-0.6510775,-0.17921633,0.20731917
,,0.3231906,6.0547986,-7.637171,1666027472254,,1.9452989,-0.22808164,-0.069104075,,,,,,-0.019726517,0.2131296,-0.11102395,0.6787535,-0.6467541,-0.2090376,0.24172783
,,0.3761517,5.3208394,-7.8336225,1666027472504,,0.80970126,0.3504073,-0.059941106,,,,,,0.07031115,0.078307666,0.09074909,0.6901474,-0.6502762,-0.1835104,0.21672973
,,0.37535414,4.432066,-8.1503525,1666027472755,,-2.6850562,-0.2616792,0.44890925,,,,,,0.05804116,-0.061972044,0.24676876,0.7050413,-0.6540727,-0.15036306,0.18506904
52.50233838,13.34114177,0.41284168,5.109793,-7.826604,1666027473000,5.247565,0.160352,0.36201373,0.010919208,,,,,,0.028519612,-0.026499366,0.15022074,0.6927717,-0.65186083,-0.174183,0.20968689
,,0.51007,6.1186876,-7.5681787,1666027473257,,2.3417501,-0.039935283,-0.5987238,,,,,,0.10113063,0.26301476,-0.041048512,0.67711854,-0.6506158,-0.20688076,0.24162021
,,0.5391827,5.286782,-7.8267627,1666027473508,,0.48716468,0.30947936,0.32917976,,,,,,0.18166767,0.18509059,0.18083906,0.6886139,-0.653947,-0.1815656,0.2112693
,,0.49347976,4.504568,-8.032784,1666027473758,,-2.7772968,-0.42722356,0.2711476,,,,,,0.1925232,0.047188766,0.33357352,0.696942,-0.6620538,-0.15427133,0.17957775
,,0.49547383,5.2858243,-7.7680597,1666027474008,,0.3515527,0.28870997,0.020693045,,,,,,0.14651594,0.15860003,0.15470748,0.6818653,-0.6604513,-0.18246338,0.20620354
,,0.5276174,6.1091943,-7.559405,1666027474261,,2.3759584,-0.36674795,-0.53641564,,,,,,0.2107733,0.34089062,-0.0036629518,0.66797626,-0.65980595,-0.21223357,0.23109983
,,0.5682954,5.0934424,-7.815995,1666027474512,,-0.84146625,0.13599378,0.2625955,,,,,,0.32687834,0.24252392,0.25434884,0.6790158,-0.6668363,-0.18106182,0.1941479
,,0.44458646,4.5016174,-8.005666,1666027474764,,-2.414443,-0.33559385,0.18929173,,,,,,0.23060387,0.13328019,0.3750033,0.6834043,-0.676046,-0.16083862,0.1692715
,,0.44418767,5.4584274,-7.6039133,1666027475015,,0.88789195,0.11033745,0.032299474,,,,,,0.123426385,0.22505412,0.1745113,0.660132,-0.67818373,-0.19545437,0.20444758
,,0.45072803,6.1462836,-7.549117,1666027475267,,2.5665483,-0.055817768,-0.562072,,,,,,0.045270305,0.4066784,-0.0062102317,0.6469398,-0.6791619,-0.21832728,0.22866826
,,0.39688954,4.987758,-7.8336234,1666027475518,,-1.5738931,0.033979353,0.1844048,,,,,,-0.012931263,0.2137749,0.29241434,0.66192216,-0.6840703,-0.18061785,0.19276014
,,0.2906482,4.717131,-7.9639516,1666027475771,,-2.1145084,-0.13950625,0.3340667,,,,,,-0.10228544,0.21868502,0.35924193,0.66722584,-0.6872158,-0.166799,0.1791575
52.50227142,13.34124795,0.26305094,5.7953367,-7.6030345,1666027476000,4.4296293,1.3857467,-0.060704686,-0.2664134,,,,,,-0.2217927,0.2819191,0.10126192,0.6478179,-0.682891,-0.20553921,0.22086887
,,0.29439694,6.1300125,-7.62114,1666027476278,,2.8396049,-0.12912154,-0.6182715,,,,,,-0.16360681,0.39260682,-0.021578725,0.6446793,-0.6803499,-0.2161557,0.23275204
,,0.28681967,4.8520865,-7.9612403,1666027476531,,-2.1578798,-0.036270097,0.46784607,,,,,,-0.079365864,0.1825725,0.26575992,0.6668243,-0.6821022,-0.17352925,0.18924671
,,0.19453648,4.780301,-7.960202,1666027476781,,-1.6838487,0.2636645,0.32734716,,,,,,-0.066439986,0.20951018,0.31810698,0.6712973,-0.68171763,-0.1697287,0.1797872
,,0.2251646,5.9250274,-7.5292544,1666027477032,,1.4993676,0.093233235,-0.34888014,,,,,,-0.08483336,0.35083053,0.10477721,0.6498423,-0.67885953,-0.21239346,0.21961485
,,0.26121646,5.9604406,-7.5488763,1666027477283,,2.7247624,-0.26778784,-0.39041895,,,,,,-0.015558859,0.38145846,0.04631276,0.64703274,-0.6806436,-0.21558711,0.22125036
,,0.25316063,4.7490344,-7.8704715,1666027477533,,-2.1676536,-0.34903285,0.22594361,,,,,,0.06930766,0.19830176,0.3669257,0.6659824,-0.68651223,-0.17334887,0.17641823
,,0.18544374,4.832465,-7.805946,1666027477787,,-1.8616104,0.037644543,0.5154935,,,,,,0.09941336,0.21215963,0.35569942,0.6632985,-0.6888199,-0.17734884,0.17255402
,,0.19908284,6.080163,-7.407302,1666027478036,,1.6117667,-0.047876526,-0.24320054,,,,,,0.051092498,0.39150387,0.1459169,0.6385143,-0.68885297,-0.22320762,0.21394016
,,0.23808585,5.978149,-7.477172,1666027478289,,2.4535384,-0.0063377223,-0.50587237,,,,,,0.11142735,0.42295924,0.16687956,0.6348685,-0.6943498,-0.22179547,0.20919685
,,0.20801605,4.7796626,-7.902057,1666027478542,,-2.270279,-0.15111268,0.3664425,,,,,,0.22252394,0.27559888,0.36562762,0.6497854,-0.7042871,-0.17909424,0.1632844
,,0.1658226,4.8944387,-7.835298,1666027478794,,-1.628871,0.026038112,0.41042477,,,,,,0.21898869,0.26556846,0.38117573,0.64107496,-0.70998305,-0.18698382,0.16126801
52.50219416,13.34139946,0.19924237,6.070192,-7.4864244,1666027479000,3.7900925,1.4871503,-0.11934771,-0.22609633,,,,,,0.15165327,0.43797857,0.12359507,0.6116203,-0.7128103,-0.23449859,0.20044401
,,0.20354944,5.931488,-7.54082,1666027479300,,2.3386958,-0.011835505,-0.5779544,,,,,,0.054962516,0.4260923,0.1485632,0.6027952,-0.7218346,-0.23175615,0.1993004
,,0.16319054,4.738905,-8.028956,1666027479551,,-0.31551164,0.048029244,0.051236283,,,,,,0.014702841,0.28490543,0.29066,0.61568534,-0.73315406,-0.18583457,0.1596885
,,0.096749775,4.260262,-8.097871,1666027479802,,-2.3722935,-0.13034327,0.26503897,,,,,,-0.104291946,0.08706934,0.35690278,0.61659515,-0.73810714,-0.17031087,0.14899807
,,0.059661023,5.414719,-7.8336234,1666027480054,,-0.47067133,0.28137958,0.20578507,,,,,,-0.19403692,0.28023937,0.088152885,0.598065,-0.7360374,-0.21153869,0.1833754
,,0.08733802,5.699864,-7.5009403,1666027480305,,1.0809252,0.074907295,-6.8722287E-4,,,,,,-0.2930084,0.21763557,0.087586485,0.5872134,-0.73223454,-0.2283978,0.20231871
,,0.05328018,5.3944597,-7.8069024,1666027480556,,1.8982623,-0.08452842,-0.47532916,,,,,,-0.27348277,0.21958245,0.055473503,0.5965757,-0.73533326,-0.2122676,0.19045405
,,0.030787645,4.7402616,-7.9463243,1666027480808,,0.10354158,-0.0063377223,0.013362667,,,,,,-0.26395845,0.06808528,0.17664696,0.6075287,-0.7340673,-0.19222555,0.17120117
,,0.0019940257,4.7653065,-8.057351,1666027481059,,0.116980605,0.12927426,-0.08071051,,,,,,-0.27986205,0.12477242,0.08220441,0.60955364,-0.73257804,-0.19157597,0.16825984
,,-0.0117248325,4.52092,-8.225328,1666027481314,,0.029626941,0.10117448,0.03901899,,,,,,-0.2624515,0.19084881,0.011495718,0.61404663,-0.73126453,-0.18122011,0.15786244
,,-0.019780675,3.3918264,-8.698071,1666027481567,,0.10354158,0.060857404,-0.03489565,,,,,,-0.27198455,0.06776556,0.093413435,0.6314639,-0.73453873,-0.13795702,0.124138996
,,-0.06652047,2.2171097,-9.372288,1666027481817,,0.0980438,-0.027717989,0.024358233,,,,,,-0.21976599,0.010255049,0.09686839,0.6543542,-0.73909545,-0.088442765,0.0804912
52.5021088,13.34153554,-0.14771691,1.3734801,-9.653922,1666027482000,3.7900925,0.062002774,0.0028252497,0.018249584,,,,,,-0.22318032,-0.037870247,0.16031745,0.6685477,-0.73932827,-0.055693936,0.04913677
,,-0.19493529,1.2999407,-9.673224,1666027482326,,-0.7003565,-0.0674242,-0.015958842,,,,,,-0.21709128,0.025229173,0.1358262,0.6708227,-0.7387764,-0.048625436,0.042108126
,,-0.20801607,1.6419549,-9.501181,1666027482577,,-2.6600106,-0.36308277,0.49777845,,,,,,-0.15624084,-0.060300816,0.1316607,0.6683613,-0.73663753,-0.06538704,0.054135785
,,-0.24933214,2.854239,-8.946365,1666027482828,,0.0754418,0.016264275,-0.13507748,,,,,,-0.17888832,0.07192962,0.022607516,0.65163606,-0.72932357,-0.11413769,0.09118559
,,-0.22771698,3.9206395,-8.455039,1666027483078,,1.9300272,-0.027107125,-0.37881252,,,,,,-0.14601603,0.14238197,-0.056614175,0.6360334,-0.7226786,-0.15950389,0.12837277
,,-0.24438696,4.34744,-8.234739,1666027483333,,1.3509275,0.25450155,-0.33116508,,,,,,-0.13777992,0.14150405,-3.479163E-4,0.63106215,-0.72198755,-0.17929493,0.1431437
,,-0.2588237,4.4144387,-8.13432,1666027483583,,-0.11270455,0.16531529,-0.2370919,,,,,,-0.16653672,0.15585183,0.07957056,0.6318712,-0.7208951,-0.18129021,0.1463044
,,-0.24327032,4.592225,-8.249973,1666027483836,,-0.29840744,0.022372922,-0.05688678,,,,,,-0.18437131,0.16447982,-0.093450025,0.63454264,-0.717223,-0.18676454,0.15417498
,,-0.21272193,4.449294,-8.442596,1666027484087,,0.45051277,0.10728313,-0.18089233,,,,,,-0.20067911,0.23031299,-0.19288728,0.6418604,-0.7133326,-0.17680018,0.15026078
,,-0.13870397,3.2938,-8.999166,1666027484348,,0.07971785,-0.08758274,0.031688612,,,,,,-0.14774448,0.08765758,-0.11107459,0.6663916,-0.7128172,-0.12922226,0.11619334
,,-0.15577276,2.2648861,-9.425009,1666027484600,,-0.81031215,-0.14622575,-0.03611738,,,,,,-0.1630478,0.00888262,0.0062205154,0.6898117,-0.7117756,-0.084361866,0.08038303
,,-0.18097717,2.2738197,-9.385847,1666027484852,,-1.963014,-0.3777435,0.33040148,,,,,,-0.18493673,0.018194223,0.04991255,0.6982419,-0.70462644,-0.08103976,0.08063255
52.50201877,13.34175503,-0.17395821,3.3475587,-9.02134,1666027485000,3.8962488,-0.5372556,0.19036074,0.12759438,,,,,,-0.14618807,0.1318158,-0.13245979,0.68815255,-0.694444,-0.12213785,0.11685046
,,-0.14061825,4.3799024,-8.2437525,1666027485356,,-0.024129158,0.013820816,0.03046688,,,,,,-0.15547279,0.16734724,-0.050915178,0.67182153,-0.68270355,-0.16691169,0.15893772
,,-0.16741782,5.394618,-7.437929,1666027485606,,-0.19456044,0.15615231,0.06956223,,,,,,-0.21427372,0.20113625,-0.013777177,0.6532765,-0.6715711,-0.21081318,0.20180878
,,-0.17100708,6.5541,-6.5838523,1666027485857,,-0.07177661,0.34307694,-0.09964732,,,,,,-0.29136485,0.20215632,0.0033610424,0.6318252,-0.65973866,-0.26042673,0.25395185
,,-0.17858434,7.841997,-5.822534,1666027486108,,-0.5659662,0.099341884,-0.2841285,,,,,,-0.37771428,0.26261327,-0.13320424,0.612534,-0.64336455,-0.31017944,0.31164256
,,-0.2398406,8.739625,-4.99398,1666027486359,,-0.29840744,0.19463679,-0.14301872,,,,,,-0.48195487,0.23535897,-0.31531003,0.5961303,-0.6192238,-0.3510124,0.36339858
,,-0.3664209,9.035697,-4.1825743,1666027486612,,-0.09376775,0.40477428,-0.1503491,,,,,,-0.62963206,0.12607959,-0.2186923,0.59176624,-0.5915556,-0.3681269,0.39783245
,,-0.5308876,9.272825,-3.588915,1666027486863,,0.03573559,0.4267654,-0.24075708,,,,,,-0.6978424,0.1264684,-0.1870658,0.596211,-0.56036085,-0.37622344,0.42531818
,,-0.6236494,9.461939,-3.0374494,1666027487115,,0.008246674,0.07612903,-0.11919499,,,,,,-0.61555463,0.108036995,-0.13531488,0.6064317,-0.52371186,-0.38185605,0.45111388
,,-0.79026955,9.704969,-2.5914268,1666027487365,,0.7351758,-0.10407609,0.10621411,,,,,,-0.52111876,0.17524602,-0.101184055,0.6186214,-0.48842704,-0.38791668,0.47049844
,,-0.8666803,9.657671,-2.3747168,1666027487617,,1.2287545,-0.17188208,-0.23831362,,,,,,-0.3262861,0.06584606,0.029475601,0.6335574,-0.46460098,-0.3895451,0.47579676
,,-0.9540981,9.432187,-2.760121,1666027487868,,1.330769,-0.33131778,-0.12041672,,,,,,-0.14462031,0.14195396,0.21895544,0.6592629,-0.45615754,-0.3749494,0.4543864
52.50197492,13.34195298,-1.0664811,8.777272,-3.7355154,1666027488000,3.7900925,0.5054906,-0.07353285,0.03046688,,,,,,0.0554176,0.17392251,0.2532317,0.6912415,-0.46151972,-0.3483117,0.40604284
,,-1.1889137,7.950312,-4.798726,1666027488371,,0.10109812,-0.14011711,-0.09231694,,,,,,0.23551838,0.22578469,0.3426748,0.72049433,-0.47706357,-0.31937945,0.3442769
,,-1.432902,7.13763,-5.923033,1666027488621,,0.3735438,-0.15050182,0.26137376,,,,,,0.26166722,0.3249354,0.3688391,0.742997,-0.50240093,-0.29286307,0.27712104
,,-1.8065811,6.254599,-6.993263,1666027488872,,0.535423,-0.41378453,-0.27191117,,,,,,0.17775612,0.446845,0.48896402,0.75818473,-0.5355308,-0.26828295,0.20740369
,,-2.310111,5.592983,-7.5070815,1666027489123,,-1.5506803,-0.7350994,0.6779835,,,,,,0.12901515,0.5548534,0.66396904,0.7615445,-0.56534266,-0.25902092,0.14260612
,,-2.9473193,5.5153766,-7.3548183,1666027489374,,-0.41263917,-0.5286271,0.52343476,,,,,,-0.13272388,0.53153884,0.64257675,0.74100375,-0.58645904,-0.28358468,0.112985626
,,-3.3067214,6.5589666,-6.500023,1666027489624,,-1.8988732,0.4909062,1.2100468,,,,,,-0.18695195,0.95908284,0.669798,0.7116324,-0.598976,-0.3206091,0.11272507
,,-3.175834,7.054281,-5.5969715,1666027489875,,-0.092546016,0.23678645,0.6059015,,,,,,-0.1280326,0.61228865,0.58990276,0.674039,-0.60177773,-0.36426857,0.14816049
,,-2.5922246,7.7124662,-4.7218366,1666027490129,,0.05589413,-0.4907535,0.57169306,,,,,,0.02328655,0.37865975,0.35871413,0.6310248,-0.6021326,-0.40380478,0.20139256
,,-1.7826525,8.586804,-3.5598824,1666027490380,,-0.61239195,-0.0014508038,-0.2749655,,,,,,0.20463315,0.21045256,0.22657952,0.57818407,-0.6033877,-0.44560158,0.26041365
,,-0.93814576,9.446705,-2.6300313,1666027490630,,0.61117023,1.7358487,0.34139705,,,,,,0.24665625,0.19489075,-0.14776663,0.52929485,-0.5937236,-0.48091355,0.3324324
,,-0.078883275,9.973046,-2.1336,1666027490881,,1.1762202,0.20502149,-1.167439,,,,,,0.37982547,0.2650504,-0.22262274,0.5174664,-0.5751183,-0.4744331,0.39419585
52.50196872,13.34208386,0.4460222,9.249058,-2.4591036,1666027491000,3.7900925,-0.16951497,0.7248674,-0.34582582,,,,,,0.47082263,-0.44514343,-0.4783577,0.53347784,-0.5455215,-0.45514363,0.43555692
,,0.27334008,9.455237,-2.6439893,1666027491385,,-1.01373,0.36018115,-0.30673048,,,,,,0.2512503,-0.20360096,-0.56836164,0.56181246,-0.51256955,-0.42807266,0.45557052
,,0.09706885,9.572328,-2.5748367,1666027491636,,-0.41447175,1.3039672,-0.41179922,,,,,,0.15364245,-0.07802854,-0.4730821,0.5943718,-0.4694225,-0.39568532,0.47799873
,,0.056949165,9.609975,-2.4582267,1666027491887,,-0.40897396,1.1842377,-0.039171703,,,,,,0.28521106,-0.031170256,-0.48233432,0.63975775,-0.40296358,-0.34869865,0.51289994
,,-0.040358942,9.424212,-2.619583,1666027492141,,-0.5647445,1.1066579,0.27053675,,,,,,0.4120595,-0.22965084,-0.62068546,0.68752664,-0.32233042,-0.28186563,0.5488973
,,-0.17930214,9.655278,-2.3125038,1666027492391,,2.4382668,0.3937787,-0.11003202,,,,,,0.48144287,-0.019677067,-0.5927095,0.71386063,-0.23723347,-0.21976238,0.58028144
,,-0.13463615,9.658787,-2.0319052,1666027492642,,-0.047952887,-0.904309,0.2766454,,,,,,0.5119272,0.047953352,-0.20749213,0.73728085,-0.17013712,-0.17366335,0.5949689
,,0.015234279,9.540663,-2.4096522,1666027492892,,0.12064579,0.1042288,0.17768529,,,,,,0.6905234,0.06662206,-0.3441831,0.7555522,-0.12550499,-0.14437589,0.6013106
,,0.01770688,9.511709,-2.1773093,1666027493143,,-1.7528765,-0.6923389,0.3737729,,,,,,0.808163,0.094399676,0.09744999,0.77079874,-0.09031386,-0.12183819,0.60184705
,,-0.100817576,9.438808,-2.208735,1666027493394,,-0.62827444,0.2587776,-0.19921827,,,,,,0.75888467,0.0029218039,-0.010576606,0.77047795,-0.069389984,-0.108697265,0.61051005
,,-0.27134606,9.980622,-1.7800208,1666027493647,,3.2165084,1.173853,-0.624991,,,,,,0.615509,0.55730706,0.40054652,0.7695431,-0.07260918,-0.11155761,0.61019325
,,-0.27222347,9.103574,-2.3612373,1666027493903,,-1.0235039,-0.2115883,-0.05261073,,,,,,0.6569389,-0.09012135,0.64768314,0.79048496,-0.10431774,-0.1315662,0.57433885
,,-0.291047,9.6090975,-1.9445673,1666027494408,,-1.2287545,0.7279217,0.06589704,,,,,,0.4367549,0.23698221,0.77608603,0.7765998,-0.14970836,-0.14926217,0.5798069
,,0.09475573,9.388159,-2.0015166,1666027494660,,-0.022296565,1.4750093,-0.28962627,,,,,,0.42213994,0.17045155,0.41664103,0.7622453,-0.14841418,-0.13781704,0.59985673
,,-0.053758763,9.933884,-2.0545573,1666027494914,,0.6881392,2.561127,1.9430845,,,,,,0.010209024,0.7764225,0.6321862,0.7690656,-0.14997193,-0.124077044,0.59398866
52.50197563,13.34210889,-0.5217151,9.466724,-2.756372,1666027495000,4.027101,-0.098654665,0.6918807,-0.18883358,,,,,,0.46819255,0.25858974,0.29598796,0.78641146,-0.13607074,-0.15069656,0.56866634
,,0.23649067,9.228957,-2.2842681,1666027495165,,-1.8854342,-0.17799072,-1.0312161,,,,,,0.05455502,0.14000416,0.16145514,0.76034886,-0.14521894,-0.09777126,0.60204405
,,0.4619743,8.510391,-0.75541407,1666027495418,,0.7382301,-5.168756,2.112294,,,,,,-0.080801554,-0.27392885,-0.06709464,0.680489,-0.13133813,-0.07745932,0.6741096
,,2.1355944,7.4165525,1.6070197,1666027495669,,0.8090904,3.0278277,-0.13874267,,,,,,0.3950615,-0.5485062,0.20776717,0.58166784,-0.14211018,-0.031045666,0.7468351
,,2.4479375,6.7465625,2.7152953,1666027495936,,-0.33933538,1.4908918,-1.0122793,,,,,,0.47516024,-0.6309704,-0.48800686,0.50302017,-0.120695904,0.006926739,0.80936176
,,1.2525628,6.029993,4.49396,1666027496189,,-2.4877467,-1.5762602,0.04940369,,,,,,-0.01693194,-0.74202824,-0.577526,0.42101583,-0.08669929,0.026714755,0.8564273
,,1.0959924,4.0274396,6.329894,1666027496441,,0.92148954,-0.8096249,-0.0049632764,,,,,,0.18953103,-1.3581182,-0.6914586,0.3079486,-0.060021695,0.041555684,0.9128454
,,0.9274578,3.2710679,8.07482,1666027496692,,0.3894263,-0.497473,-0.23037238,,,,,,0.07474424,-0.9270604,-0.31256235,0.21970367,-0.04988231,0.045491017,0.9548178
,,1.0912068,3.3015368,8.877452,1666027496942,,-0.39920014,1.625893,-0.37331474,,,,,,0.25553557,-0.24610764,-0.26303175,0.18463667,-0.042104974,0.05776214,0.96682256
,,-0.6297112,2.781337,9.874061,1666027497444,,-0.75899947,-0.29222244,0.49105892,,,,,,-0.16846561,0.04498044,0.08935472,0.13955021,0.018602008,0.04661286,0.9851635
,,0.0394816,2.484308,9.903973,1666027497695,,0.07666353,-0.37957612,0.580856,,,,,,0.13153818,0.034933567,0.08458522,0.12556903,0.0071322056,0.05717512,0.98846066
,,0.23665021,2.6994233,9.820462,1666027497944,,-0.57940525,0.9240093,0.41470084,,,,,,0.22826332,0.107926615,0.055591267,0.13520667,0.0066158595,0.07802082,0.9854534
52.50200586,13.34212732,-0.22149567,3.0985458,8.885986,1666027498000,4.0112815,-0.2403753,0.046807513,0.4568505,,,,,,-0.07474615,-0.2053914,-0.5441379,0.16889198,0.0066670463,0.051988445,0.977439
,,-0.054875363,2.399522,9.854919,1666027498205,,0.66309375,-1.9543855,-0.70623606,,,,,,0.27994207,-0.13539426,0.102118984,0.12954274,0.026220122,0.098613165,0.9829107
,,-0.51413786,2.3872392,9.733845,1666027498626,,-0.42852163,-0.19142975,0.12942697,,,,,,0.2357666,0.022569958,0.010315085,0.12014025,0.048022483,0.110960804,0.98301286
,,-0.66217387,2.2217357,9.879329,1666027498876,,0.6649263,0.10361794,0.0891099,,,,,,0.13425347,-0.032198865,0.17792432,0.11348783,0.052877355,0.123036124,0.9826411
