88#1#0
key,lat,lon,ts,bike,childCheckBox,trailerCheckBox,pLoc,incident,i1,i2,i3,i4,i5,i6,i7,i8,i9,scary,desc,i10
,,,,1,0,0,0,-5,0,0,0,0,0,0,0,0,0,0,,0

=========================
88#1
lat,lon,X,Y,Z,timeStamp,acc,a,b,c,obsDistanceLeft1,obsDistanceLeft2,obsDistanceRight1,obsDistanceRight2,obsClosePassEvent,XL,YL,ZL,RX,RY,RZ,RC
52.49894551,13.32475804,0.28186545,-9.234633,-3.605064,1665674886000,7.504,1.3654175,-1.8572235,-0.47592163,,,,,,0.94634366,-0.30991447,-0.64168984,0.0,0.0,0.0,0.0
,,0.108724974,-9.609606,-3.1043563,1665674886139,,-1.1113129,-0.12724304,-0.46632385,,,,,,0.8192577,-0.2762742,-0.8901996,0.0,0.0,0.0,0.0
,,0.23761241,-8.445943,-3.8873,1665674886640,,0.39923096,-1.5632172,-0.51213074,,,,,,1.0657878,0.28166062,-0.448875,0.0,0.0,0.0,0.0
,,0.13035177,-8.88045,-4.34962,1665674886897,,1.578476,-0.9496155,-1.089508,,,,,,1.2441554,-0.266525,-0.48693314,0.0,0.0,0.0,0.0
,,-0.23600107,-8.958661,-4.6512094,1665674887148,,-1.7568665,0.508728,0.7544708,,,,,,0.9195426,-0.3193846,-0.8852301,0.0,0.0,0.0,0.0
,,-0.18803711,-8.688674,-4.4073205,1665674887402,,-1.6513977,-0.5437622,0.18241882,,,,,,1.0329257,-0.042784628,-0.67660034,0.0,0.0,0.0,0.0
,,-0.39218292,-8.875742,-4.5324583,1665674887655,,-1.2689819,1.0264435,-0.38217163,,,,,,0.7332274,-0.26224345,-0.7593888,0.0,0.0,0.0,0.0
,,-0.40136006,-8.491592,-4.1312304,1665674887907,,1.0927124,-2.1299286,-0.3768463,,,,,,0.6192943,0.122812204,-0.3645202,0.0,0.0,0.0,0.0
,,-0.4224289,-8.962811,-4.299423,1665674888158,,0.8711395,-0.20819092,-1.0405121,,,,,,0.5948009,-0.35017732,-0.5100176,0.0,0.0,0.0,0.0
,,-0.6559031,-8.770878,-4.3927174,1665674888410,,-0.28041077,0.74201965,-0.008270264,,,,,,0.1138172,-0.08897749,-0.7973185,0.0,0.0,0.0,0.0
,,-0.35878345,-8.571601,-4.1278396,1665674888662,,-1.7078705,0.57051086,0.2271576,,,,,,0.45881212,0.021528466,-0.15464503,0.0,0.0,0.0,0.0
,,-0.50439095,-8.963452,-5.0196004,1665674888916,,-0.93873596,0.7633209,-0.2511444,,,,,,0.17755571,-0.6755692,-0.416796,0.0,0.0,0.0,0.0
52.49893357,13.32468622,-0.67218524,-9.40211,-4.47875,1665674889000,5.36,2.5617218,0.39474487,-1.1001587,,,,,,0.12507735,-0.9005655,-0.28222865,0.0,0.0,0.0,0.0
,,-0.38049114,-7.741411,-4.3240047,1665674889167,,1.1150818,-1.9381866,-0.723053,,,,,,0.2611593,0.42666963,0.3936887,0.0,0.0,0.0,0.0
,,-0.7514338,-9.171707,-4.078479,1665674889675,,-1.6269073,0.16357422,0.7661743,,,,,,-0.30887258,-0.4383108,-0.39555073,0.0,0.0,0.0,0.0
,,-0.55598706,-9.142657,-4.4578404,1665674889925,,-1.9805756,1.1596069,0.16749573,,,,,,-0.016975056,-0.6309726,-0.13293146,0.0,0.0,0.0,0.0
,,-0.4056305,-8.413583,-4.566097,1665674890177,,1.3526459,-2.4793396,-0.6442261,,,,,,0.1673525,-0.3308354,0.5183391,0.0,0.0,0.0,0.0
,,-0.6062246,-8.87714,-4.0657883,1665674890431,,2.4945984,-0.3232422,-0.8263855,,,,,,0.1584393,-0.5489601,0.52696335,0.0,0.0,0.0,0.0
,,-0.7554235,-9.695439,-3.963915,1665674890684,,-2.1861725,-0.4777069,1.028244,,,,,,0.024352081,-0.92610157,-0.23209919,0.0,0.0,0.0,0.0
,,-0.7395818,-8.624512,-3.9172282,1665674890935,,-1.4862823,-0.4020691,0.8801575,,,,,,0.081375815,-0.29487887,0.28492844,0.0,0.0,0.0,0.0
,,-0.9119639,-8.136574,-4.2564473,1665674891187,,1.8383942,-1.4556274,-1.9214783,,,,,,0.5407852,-0.5244648,0.81808114,0.0,0.0,0.0,0.0
,,-1.6658585,-7.918821,-4.0698996,1665674891438,,-2.0114594,0.39260864,0.9547272,,,,,,0.22816235,-0.2554893,0.6705727,0.0,0.0,0.0,0.0
,,-2.6082966,-8.68313,-4.412231,1665674891689,,-1.4703064,1.9478912,1.3020172,,,,,,-0.19362909,-1.0109253,0.14813815,0.0,0.0,0.0,0.0
,,-2.3863144,-7.094696,-4.7193274,1665674891949,,1.3057709,-1.3618774,-0.7805786,,,,,,0.37132385,-0.26648483,0.6648566,0.0,0.0,0.0,0.0
52.49887411,13.32462891,-3.578107,-7.401075,-5.2994823,1665674892000,6.432,-1.0687103,1.418457,0.7012024,,,,,,0.10628462,-0.7667473,0.32174253,0.0,0.0,0.0,0.0
,,-2.9302368,-7.0470123,-5.2338014,1665674892202,,0.85302734,-0.075042725,-1.0405121,,,,,,0.42342573,-0.7079155,0.7440655,0.0,0.0,0.0,0.0
,,-3.624116,-7.74572,-5.5096135,1665674892706,,-1.5054626,-0.09208679,0.79600525,,,,,,-0.008561317,-1.165339,0.2872458,0.0,0.0,0.0,0.0
,,-3.1348205,-6.553767,-5.6956425,1665674892958,,2.183548,-1.9051666,-1.7531738,,,,,,0.5632959,-0.68816674,0.8251684,0.0,0.0,0.0,0.0
,,-3.2137895,-6.999009,-5.829239,1665674893210,,-1.112381,0.79208374,0.5233002,,,,,,0.45578614,-0.92495906,0.36187872,0.0,0.0,0.0,0.0
,,-3.9633744,-7.665076,-5.560889,1665674893462,,-1.7217102,2.787323,1.0655212,,,,,,-0.2575439,-1.0928634,0.20449165,0.0,0.0,0.0,0.0
,,-3.3807063,-6.986598,-5.4891424,1665674893717,,1.3611603,-1.1754608,-0.68470764,,,,,,0.17270274,-0.88774574,0.82578605,0.0,0.0,0.0,0.0
,,-3.3845775,-6.8922267,-5.6446857,1665674893982,,0.6751251,0.2711792,-0.7060089,,,,,,0.27433676,-0.9672886,0.7690554,0.0,0.0,0.0,0.0
,,-3.7615047,-7.2619314,-5.36584,1665674894236,,-0.875885,1.0328369,1.2679138,,,,,,-0.049064334,-0.87519604,0.5700956,0.0,0.0,0.0,0.0
,,-3.9019246,-7.6150355,-5.3492002,1665674894488,,-0.1653595,-1.0082092,0.41464233,,,,,,-0.2801698,-1.1817338,0.6464039,0.0,0.0,0.0,0.0
,,-3.454927,-6.7767057,-5.3137665,1665674894740,,2.0503845,-1.3831787,-2.1909943,,,,,,0.25477636,-0.8490289,1.1841902,0.0,0.0,0.0,0.0
,,-3.5305436,-7.0651674,-5.4606504,1665674894991,,-1.5395508,-0.016448975,0.79174805,,,,,,0.13337399,-0.9109603,0.745619,0.0,0.0,0.0,0.0
52.498808,13.32457629,-3.5485795,-6.737201,-5.377252,1665674895000,7.504,1.9108429,-1.1072845,-1.2610168,,,,,,0.1568425,-0.6937113,1.0118623,0.0,0.0,0.0,0.0
,,-4.2199535,-7.628682,-5.4555035,1665674895244,,-1.4852295,1.352417,0.88868713,,,,,,-0.4811227,-1.0862758,0.45539412,0.0,0.0,0.0,0.0
,,-3.6184103,-6.983725,-5.515159,1665674895748,,0.18510437,0.30845642,0.1025238,,,,,,0.15736005,-0.9728471,0.7744935,0.0,0.0,0.0,0.0
,,-4.0205965,-7.397923,-5.2645664,1665674895998,,-1.1954651,0.85813904,1.2285004,,,,,,-0.17344914,-0.9095512,0.53137,0.0,0.0,0.0,0.0
,,-3.7447443,-7.210177,-5.288588,1665674896250,,0.63038635,-1.2233887,-0.13183594,,,,,,0.02724394,-0.8477016,0.68819755,0.0,0.0,0.0,0.0
,,-3.506042,-6.666734,-5.3721457,1665674896502,,1.6967163,-0.9879761,-1.7446442,,,,,,0.4238444,-0.70538867,0.96493465,0.0,0.0,0.0,0.0
,,-3.5772293,-7.0268226,-5.3649626,1665674896753,,-1.3872223,0.2828827,0.69055176,,,,,,0.33247584,-0.7244332,0.52177346,0.0,0.0,0.0,0.0
,,-4.0682,-7.625412,-5.5033474,1665674897004,,-1.5534058,1.4099426,0.81625366,,,,,,-0.14134385,-1.0319265,0.1903964,0.0,0.0,0.0,0.0
,,-3.3510172,-6.4351735,-5.409334,1665674897257,,2.2709045,-1.5440369,-1.6509094,,,,,,0.5400501,-0.43458968,0.8976626,0.0,0.0,0.0,0.0
,,-3.346787,-6.8667684,-5.4113693,1665674897511,,-0.20584106,-0.29875183,-0.32357788,,,,,,0.49176946,-0.76855916,0.7062035,0.0,0.0,0.0,0.0
,,-3.7949815,-7.513562,-4.9073105,1665674897765,,0.04663086,0.30099487,0.03967285,,,,,,-0.04699325,-0.6812782,0.38117453,0.0,0.0,0.0,0.0
52.49874225,13.32452018,-3.3333395,-8.412624,-4.2784734,1665674898000,8.576,0.30122375,-0.055862427,0.024765015,,,,,,-4.2330424E-4,-0.412332,-0.5106417,0.0,0.0,0.0,0.0
,,-3.646142,-7.95581,-4.386172,1665674898019,,0.15847778,-0.3935547,0.032211304,,,,,,-0.09833387,-0.61553115,0.3478448,0.0,0.0,0.0,0.0
,,-3.286413,-7.9089236,-3.9061747,1665674898271,,-0.095047,-0.12510681,0.05885315,,,,,,0.17967272,-0.45022145,0.5909647,0.0,0.0,0.0,0.0
,,-3.6331732,-9.408612,-3.9560547,1665674898775,,-0.08227539,0.04321289,0.0471344,,,,,,-0.3718591,-0.6038326,-1.1082965,0.0,0.0,0.0,0.0
,,-3.2905629,-9.11253,-3.5691116,1665674899028,,-0.18240356,-0.15812683,-0.09561157,,,,,,-0.06805393,-0.18184306,-0.9150442,0.0,0.0,0.0,0.0
,,-3.1856177,-9.159815,-3.6509933,1665674899279,,-0.08546448,-0.051605225,-0.07537842,,,,,,0.072736114,-0.25413972,-1.0224922,0.0,0.0,0.0,0.0
,,-3.1380534,-9.128452,-3.6486003,1665674899532,,-0.020492554,0.05279541,-0.068984985,,,,,,0.12082295,-0.24614455,-0.98981595,0.0,0.0,0.0,0.0
,,-3.2619934,-9.119273,-3.8701832,1665674899784,,-1.241272,0.4373474,0.56591797,,,,,,0.01713067,-0.29119483,-1.0641464,0.0,0.0,0.0,0.0
,,-3.3958297,-8.685843,-3.4298894,1665674900043,,-1.5565948,1.0221863,1.1060028,,,,,,0.041549396,-0.26909325,-0.03793548,0.0,0.0,0.0,0.0
,,-3.0833466,-7.7375007,-3.9808745,1665674900293,,1.1481171,-1.085968,-0.48976135,,,,,,0.36930436,-0.17076406,0.40658283,0.0,0.0,0.0,0.0
,,-3.2837417,-7.4088564,-4.4789476,1665674900545,,1.7595673,-0.6225891,-0.9989624,,,,,,0.24893789,-0.2314028,0.43906033,0.0,0.0,0.0,0.0
,,-3.4018946,-7.5873837,-4.529784,1665674900797,,0.2852478,-0.16238403,0.09931946,,,,,,0.07182732,-0.38783023,0.38107044,0.0,0.0,0.0,0.0
52.49821618,13.32446752,-2.8618402,-7.8360615,-3.9313934,1665674901000,8.576,-0.07374573,-0.096343994,-0.080703735,,,,,,0.38254982,-0.16531435,0.27102312,0.0,0.0,0.0,0.0
,,-3.414743,-7.526331,-4.533735,1665674901049,,0.024261475,-0.108062744,-0.04875183,,,,,,0.035785444,-0.3066611,0.33302134,0.0,0.0,0.0,0.0
,,-3.26718,-7.55183,-4.3685746,1665674901301,,-0.0066375732,-0.15600586,0.12382507,,,,,,0.14178865,-0.28101617,0.3819619,0.0,0.0,0.0,0.0
,,-3.2399647,-8.715931,-3.36321,1665674901805,,-0.02368164,0.17424011,0.052459717,,,,,,-0.024184918,-0.21268974,-0.09551018,0.0,0.0,0.0,0.0
,,-3.0029387,-9.087512,-2.876948,1665674902056,,0.06047058,0.079422,-0.08921814,,,,,,0.10281059,-0.2005016,-0.10401235,0.0,0.0,0.0,0.0
,,-2.9196615,-8.96425,-2.8307002,1665674902307,,-0.050308228,-0.10592651,0.07589722,,,,,,0.1923954,-0.060249966,-0.04759314,0.0,0.0,0.0,0.0
,,-2.9549372,-8.926264,-2.8142593,1665674902561,,0.033843994,0.065582275,0.1025238,,,,,,0.18861197,-0.030804792,0.014312243,0.0,0.0,0.0,0.0
,,-3.007371,-8.978934,-2.8878016,1665674902812,,0.07751465,-0.14215088,0.06097412,,,,,,0.17184016,-0.10607748,-0.028267678,0.0,0.0,0.0,0.0
,,-3.137736,-9.01413,-2.936883,1665674903065,,-0.15789795,-0.09741211,-0.20959473,,,,,,0.060232457,-0.16168684,-0.031497303,0.0,0.0,0.0,0.0
,,-3.1862183,-9.0259,-3.1881938,1665674903318,,-1.4127808,0.38302612,0.7043915,,,,,,0.047674585,-0.24284552,-0.13572268,0.0,0.0,0.0,0.0
,,-3.5108323,-8.579701,-3.6017923,1665674903568,,-1.1517944,1.5739899,1.0186462,,,,,,-0.16811807,-0.15157002,-0.010872253,0.0,0.0,0.0,0.0
,,-3.1785965,-7.7301183,-4.1312304,1665674903819,,0.7720642,-1.259613,-0.010391235,,,,,,0.21271752,-0.054072842,0.32366556,0.0,0.0,0.0,0.0
52.49805477,13.32441143,-3.7135,-7.3308854,-5.2947736,1665674904000,8.576,-1.527832,1.3428345,0.49346924,,,,,,0.5493268,-0.3975063,-0.57061523,0.0,0.0,0.0,0.0
,,-3.2493842,-7.296608,-4.6514506,1665674904071,,1.769165,-1.3618774,-1.2919159,,,,,,0.41052666,-0.08014129,0.21332115,0.0,0.0,0.0,0.0
,,-3.5502157,-7.611565,-5.0388327,1665674904321,,-1.6130524,-0.5757141,0.63835144,,,,,,0.32985288,-0.44696495,-0.37701508,0.0,0.0,0.0,0.0
,,-3.5304239,-6.6996145,-5.8789988,1665674904824,,0.14675903,-1.4364471,-0.56433105,,,,,,1.1266657,-0.39034984,-0.6887216,0.0,0.0,0.0,0.0
,,-3.473561,-6.57316,-6.0829053,1665674905075,,1.3153534,-1.3927765,-2.013092,,,,,,1.6092308,-0.40859783,-1.1743033,0.0,0.0,0.0,0.0
,,-4.059502,-7.654861,-5.9722934,1665674905328,,-1.6641846,-0.59062195,0.5552521,,,,,,1.3037603,-0.8287494,-2.1779816,0.0,0.0,0.0,0.0
,,-4.3902216,-7.9563694,-5.73451,1665674905580,,-1.7749786,1.1351013,0.5978699,,,,,,1.1145515,-0.9551211,-2.2398252,0.0,0.0,0.0,0.0
,,-3.82104,-6.7892365,-5.956651,1665674905834,,0.2298584,-1.1573486,-0.57818604,,,,,,1.8855757,-0.478948,-1.613269,0.0,0.0,0.0,0.0
,,-3.8337295,-6.5317793,-6.1302705,1665674906087,,1.1864624,-1.3416443,-1.9768677,,,,,,2.0109699,-0.49830487,-1.6151545,0.0,0.0,0.0,0.0
,,-4.2835193,-7.5641193,-5.705619,1665674906340,,-1.7376862,-0.8686676,0.54992676,,,,,,1.478701,-0.9456438,-1.9575915,0.0,0.0,0.0,0.0
,,-4.305985,-7.8160295,-5.6125245,1665674906592,,-1.5619202,0.4096527,0.7342224,,,,,,1.3191794,-1.0731522,-1.7816559,0.0,0.0,0.0,0.0
,,-3.7370825,-6.777863,-5.6110077,1665674906843,,1.0000458,-0.8313751,-0.78590393,,,,,,1.8755776,-0.80340576,-0.72183484,0.0,0.0,0.0,0.0
52.49793383,13.32452996,-4.538381,-7.678681,-5.4643226,1665674907000,8.576,-1.1848145,1.2608032,0.73635864,,,,,,0.5719064,-1.306625,-0.4896942,0.0,0.0,0.0,0.0
,,-3.7310567,-6.8351645,-5.795001,1665674907094,,0.9371948,-0.06971741,-1.9225464,,,,,,1.8526785,-1.0265609,-0.7328761,0.0,0.0,0.0,0.0
,,-4.3927746,-7.630079,-5.353471,1665674907346,,-1.6577911,0.44906616,0.6543274,,,,,,0.9708264,-1.2047802,-0.8042843,0.0,0.0,0.0,0.0
,,-3.960461,-6.377631,-5.515079,1665674907849,,1.8202972,-0.99542236,-1.1725922,,,,,,0.95763195,-0.80337065,0.46582922,0.0,0.0,0.0,0.0
,,-3.9429433,-6.677705,-4.97387,1665674908102,,0.49617004,1.479187,-0.20321655,,,,,,0.80636567,-1.02195,0.98330784,0.0,0.0,0.0,0.0
,,-3.9994466,-7.595483,-4.980414,1665674908354,,-0.32408142,1.7518921,0.75979614,,,,,,0.6180438,-1.3378067,0.5471361,0.0,0.0,0.0,0.0
,,-3.5250356,-7.217599,-4.992784,1665674908607,,-0.6117096,-0.52671814,0.8034668,,,,,,0.787682,-1.2642225,1.0949134,0.0,0.0,0.0,0.0
,,-3.1772776,-6.442077,-5.147689,1665674908865,,1.6562347,-1.8295288,-2.1281433,,,,,,1.2223877,-1.1345842,1.5205249,0.0,0.0,0.0,0.0
,,-3.2962708,-6.9823294,-4.9926634,1665674909116,,-1.430893,1.0285797,0.9547272,,,,,,0.9987026,-1.2491869,1.1766362,0.0,0.0,0.0,0.0
,,-3.9804938,-7.67988,-4.7925487,1665674909366,,-1.1645813,2.8075714,1.0356903,,,,,,0.3535694,-1.4394797,1.0707817,0.0,0.0,0.0,0.0
,,-3.5243585,-6.8130193,-5.309776,1665674909619,,0.72946167,-1.2649384,-0.8988342,,,,,,0.6863178,-1.1677014,1.1595994,0.0,0.0,0.0,0.0
,,-4.18045,-6.381664,-5.370549,1665674909881,,1.1747437,0.09753418,-1.405899,,,,,,0.09865465,-0.946024,1.2056295,0.0,0.0,0.0,0.0
52.49795058,13.32482606,-4.061457,-6.1843424,-5.1719503,1665674910000,8.576,1.8895416,-2.1182098,-1.9715424,,,,,,0.0074178535,-0.75687844,1.5455145,0.0,0.0,0.0,0.0
,,-4.637822,-6.935203,-5.116285,1665674910133,,-1.2902832,1.717804,0.54034424,,,,,,-0.33093038,-0.9372538,0.8612746,0.0,0.0,0.0,0.0
,,-4.535071,-7.175941,-5.2128906,1665674910384,,-1.1411438,-0.39888,0.91744995,,,,,,-0.47140104,-1.0924352,0.8888783,0.0,0.0,0.0,0.0
,,-4.358458,-6.56937,-5.387349,1665674910896,,-1.5725708,0.46505737,0.901474,,,,,,-0.35075155,-0.9014665,1.0166951,0.0,0.0,0.0,0.0
,,-5.0676203,-7.092902,-5.108625,1665674911149,,-1.4394226,1.448288,1.2721863,,,,,,-0.9825336,-0.9438482,0.9462513,0.0,0.0,0.0,0.0
,,-4.466237,-6.4604335,-5.176061,1665674911400,,1.2248077,-1.6697388,-1.039444,,,,,,-0.50841975,-0.7324361,1.3035967,0.0,0.0,0.0,0.0
,,-4.579363,-6.2829037,-5.522342,1665674911655,,0.8370514,-0.23590088,-0.800827,,,,,,-0.48743764,-0.73072016,1.0490934,0.0,0.0,0.0,0.0
,,-5.1250815,-6.74231,-5.385873,1665674911907,,-1.1209106,0.81126404,0.9749756,,,,,,-0.89910793,-0.6846511,0.63989,0.0,0.0,0.0,0.0
,,-4.809924,-7.030332,-5.5099325,1665674912158,,-0.18560791,-1.0944977,0.4306183,,,,,,-0.56434464,-0.8967553,0.50395864,0.0,0.0,0.0,0.0
,,-4.1239457,-6.2020574,-5.449279,1665674912409,,1.8224182,-1.5632172,-2.2037811,,,,,,0.3209573,-0.56520295,0.92213684,0.0,0.0,0.0,0.0
,,-4.3012767,-6.605959,-5.6135607,1665674912660,,-1.4127808,0.49380493,0.9984131,,,,,,0.18557999,-0.72579175,0.30024204,0.0,0.0,0.0,0.0
,,-4.8417277,-7.239824,-5.4063425,1665674912916,,-1.1272888,2.067215,0.9323578,,,,,,-0.25527292,-0.99078614,0.22013617,0.0,0.0,0.0,0.0
52.49800052,13.32499485,-4.8009872,-6.9810114,-4.818846,1665674913000,6.432,-1.2956085,1.4525452,0.5435486,,,,,,-0.21681963,-0.78622615,0.6654026,0.0,0.0,0.0,0.0
,,-4.1936574,-6.425317,-5.2583814,1665674913167,,1.4229431,-0.910202,-1.2972412,,,,,,0.37478486,-0.6743799,0.83414,0.0,0.0,0.0,0.0
,,-4.0481296,-6.4514937,-5.108145,1665674913418,,0.6154785,-0.020706177,-0.54089355,,,,,,0.5735257,-0.8021773,0.95921123,0.0,0.0,0.0,0.0
,,-4.8854227,-7.2201924,-5.0557923,1665674913922,,-1.2295532,1.0392303,0.81625366,,,,,,-0.5074969,-0.9885053,0.60274434,0.0,0.0,0.0,0.0
,,-4.054355,-6.16427,-5.1733475,1665674914175,,1.9843445,-1.673996,-1.3558197,,,,,,0.24899516,-0.6251958,1.2296822,0.0,0.0,0.0,0.0
,,-3.9934225,-6.3917994,-5.298045,1665674914426,,0.3161316,-0.07611084,-0.047683716,,,,,,0.28145632,-0.5801783,0.75189155,0.0,0.0,0.0,0.0
,,-4.6355877,-7.291779,-5.2608953,1665674914678,,-1.159256,0.85813904,1.14328,,,,,,-0.41593203,-0.807909,0.22549221,0.0,0.0,0.0,0.0
,,-4.7354255,-6.8441033,-5.6480775,1665674914929,,-1.0079803,-0.39674377,0.37522888,,,,,,-0.47230867,-0.6848453,0.33438712,0.0,0.0,0.0,0.0
,,-4.278372,-5.9723744,-5.6886587,1665674915181,,1.8362732,-1.4641418,-1.6274719,,,,,,0.09455288,-0.45394403,0.8496892,0.0,0.0,0.0,0.0
,,-4.5943666,-6.41215,-5.3595757,1665674915431,,0.31826782,0.5353546,-0.0029449463,,,,,,-0.12224955,-0.47942582,0.5945557,0.0,0.0,0.0,0.0
,,-5.243234,-7.1967697,-5.2019973,1665674915684,,-1.1187744,0.76545715,1.0868225,,,,,,-0.73133904,-0.61558735,0.13398997,0.0,0.0,0.0,0.0
,,-4.9590025,-6.653405,-5.23831,1665674915937,,-1.0516663,-0.049468994,0.7864227,,,,,,-0.41666582,-0.50471723,0.5705377,0.0,0.0,0.0,0.0
52.49801714,13.32508277,-5.0040927,-7.148805,-4.962338,1665674916000,10.72,-0.98028564,0.48635864,1.0388947,,,,,,-0.4970218,-0.61770344,0.24654658,0.0,0.0,0.0,0.0
,,-4.46416,-5.86707,-5.2389083,1665674916189,,1.927887,-1.7869263,-1.4825897,,,,,,0.17855842,-0.33180654,1.0592742,0.0,0.0,0.0,0.0
,,-4.6272454,-6.4658594,-5.090388,1665674916442,,-0.18666077,0.64082336,0.46897888,,,,,,-0.072994344,-0.51868826,0.60599774,0.0,0.0,0.0,0.0
,,-4.384354,-6.643708,-5.2460103,1665674916946,,-0.73101807,-0.5980835,0.46577454,,,,,,0.109900124,-0.606671,0.5499652,0.0,0.0,0.0,0.0
,,-4.009941,-5.8984327,-5.396965,1665674917197,,1.6626282,-1.8795929,-1.7137604,,,,,,0.61440015,-0.40048653,0.8381599,0.0,0.0,0.0,0.0
,,-4.631157,-6.691473,-5.1549115,1665674917447,,-0.19412231,1.0882263,0.42956543,,,,,,-0.01411589,-0.66206396,0.4306072,0.0,0.0,0.0,0.0
,,-5.1599565,-7.4408584,-5.0464535,1665674917699,,-0.9877472,0.5864868,1.1347656,,,,,,-0.5887557,-0.84775674,0.07891614,0.0,0.0,0.0,0.0
,,-4.3281307,-6.66406,-5.1972485,1665674917949,,-0.5392761,-0.75894165,0.6000061,,,,,,0.2226457,-0.5933164,0.5360181,0.0,0.0,0.0,0.0
,,-4.114648,-6.070338,-5.6552196,1665674918201,,1.7318726,-1.6377869,-1.7851257,,,,,,0.5470113,-0.48401782,0.50311446,0.0,0.0,0.0,0.0
,,-4.783189,-6.7308183,-5.5123262,1665674918451,,-0.7406006,0.99235535,0.58721924,,,,,,-0.10242273,-0.6070313,-0.020597776,0.0,0.0,0.0,0.0
,,-5.082464,-7.4559817,-5.2855544,1665674918702,,-0.8173065,0.98384094,0.9238434,,,,,,-0.46134165,-0.8462585,-0.16550614,0.0,0.0,0.0,0.0
,,-4.1542315,-6.7775846,-5.5095725,1665674918953,,-0.27294922,-0.46492004,0.29319763,,,,,,0.41679522,-0.7429389,0.3233652,0.0,0.0,0.0,0.0
52.49804943,13.32573349,-4.9291153,-7.4669957,-5.0567484,1665674919000,11.792,-1.3169098,0.9497528,1.2359619,,,,,,-0.4525342,-0.81549156,0.11326224,0.0,0.0,0.0,0.0
,,-3.682255,-6.0529394,-5.7264876,1665674919204,,1.7414551,-1.5397797,-1.8948517,,,,,,0.942997,-0.48037204,0.48751518,0.0,0.0,0.0,0.0
,,-4.5918527,-6.881613,-5.4888625,1665674919455,,-0.78533936,0.6333618,0.66604614,,,,,,0.0046617826,-0.68995935,0.034933176,0.0,0.0,0.0,0.0
,,-4.5051813,-6.762901,-5.090706,1665674919957,,0.09669495,-0.957077,0.38269043,,,,,,-0.14702517,-0.67270535,0.83619106,0.0,0.0,0.0,0.0
,,-4.2168403,-6.189849,-5.4063816,1665674920210,,1.5912628,-1.8551025,-2.0184174,,,,,,0.22113998,-0.52022,0.8864145,0.0,0.0,0.0,0.0
,,-4.908525,-6.852205,-5.281044,1665674920461,,-1.1912079,0.34786987,0.854599,,,,,,-0.4797447,-0.5907778,0.27921718,0.0,0.0,0.0,0.0
,,-5.2518535,-7.404427,-5.0581436,1665674920713,,-0.8300934,1.3332367,1.0601959,,,,,,-0.87882996,-0.71147156,0.16948391,0.0,0.0,0.0,0.0
,,-4.586145,-6.5717235,-5.273383,1665674920966,,0.08816528,-0.80474854,0.06736755,,,,,,-0.1552058,-0.48403442,0.70006394,0.0,0.0,0.0,0.0
,,-4.3251777,-6.0558524,-5.889173,1665674921220,,1.5401306,-1.4396362,-2.252777,,,,,,0.15434238,-0.39215115,0.41665643,0.0,0.0,0.0,0.0
,,-4.685545,-6.765534,-5.678523,1665674921472,,-1.1752319,-0.06544495,0.9600525,,,,,,-0.16791762,-0.48838034,-0.12064011,0.0,0.0,0.0,0.0
,,-5.077356,-7.261852,-5.3427763,1665674921723,,-0.8663025,1.2267151,1.1858978,,,,,,-0.66575265,-0.5973905,-0.079629265,0.0,0.0,0.0,0.0
,,-4.66284,-6.393874,-5.408378,1665674921974,,0.28204346,-0.99009705,0.07801819,,,,,,-0.24610098,-0.34912732,0.6035899,0.0,0.0,0.0,0.0
52.49810285,13.32601811,-4.804178,-7.182165,-4.911101,1665674922000,11.792,-1.1070557,1.879715,0.98669434,,,,,,-0.42094842,-0.5340789,0.35270247,0.0,0.0,0.0,0.0
,,-4.523099,-6.026724,-5.701188,1665674922228,,1.5827332,-1.4897156,-2.141983,,,,,,-0.023500394,-0.3417587,0.5624974,0.0,0.0,0.0,0.0
,,-4.856013,-6.695664,-5.5128837,1665674922480,,-1.1113129,-0.23376465,0.88442993,,,,,,-0.39964736,-0.43617794,0.028128823,0.0,0.0,0.0,0.0
,,-4.3662,-6.0639124,-5.6161933,1665674922985,,0.12438965,-1.8252716,-0.48443604,,,,,,0.0017469486,-0.073616296,0.3878822,0.0,0.0,0.0,0.0
,,-4.013135,-5.6890197,-6.1773543,1665674923237,,1.7169647,-1.5205994,-2.124939,,,,,,0.40977713,-0.009263277,0.025728114,0.0,0.0,0.0,0.0
,,-4.728043,-6.6747127,-6.110835,1665674923487,,-1.5853577,0.33935547,0.9803009,,,,,,-0.30091158,-0.34213877,-0.6605437,0.0,0.0,0.0,0.0
,,-4.8677444,-6.93604,-5.6670303,1665674923740,,-1.2519379,2.452835,0.9046631,,,,,,-0.5126959,-0.28696296,-0.41417593,0.0,0.0,0.0,0.0
,,-4.36141,-6.141364,-5.87784,1665674923991,,0.43545532,-1.2372437,-0.12864685,,,,,,0.015468518,-0.13531666,0.12701724,0.0,0.0,0.0,0.0
,,-4.7150736,-6.0691395,-6.198184,1665674924245,,1.4208221,-0.43615723,-1.8639526,,,,,,-0.19778723,-0.27925485,-0.1475843,0.0,0.0,0.0,0.0
,,-5.146708,-7.0025997,-5.598676,1665674924499,,-1.3573914,0.67277527,0.8492737,,,,,,-0.5562709,-0.56992114,-0.29943806,0.0,0.0,0.0,0.0
,,-5.3039274,-7.2485642,-5.348441,1665674924750,,-1.6141205,0.60780334,0.934494,,,,,,-0.75860137,-0.73411053,-0.017722908,0.0,0.0,0.0,0.0
52.49818053,13.32626756,-4.470386,-6.661745,-5.1796904,1665674925000,11.792,1.2546387,-1.65802,-0.96061707,,,,,,0.121003374,-0.49645862,0.39677083,0.0,0.0,0.0,0.0
,,-4.3704286,-6.05294,-5.19222,1665674925007,,2.1185608,-1.769867,-1.9971161,,,,,,0.30699456,-0.20418549,0.780838,0.0,0.0,0.0,0.0
,,-4.715273,-6.553048,-5.528885,1665674925257,,-0.7395325,0.7633209,0.61065674,,,,,,-0.07388269,-0.5423924,0.16886772,0.0,0.0,0.0,0.0
,,-5.269212,-7.0989666,-5.2631288,1665674925509,,-1.2998657,1.3438873,1.3733826,,,,,,-0.54570985,-0.63140684,-0.048450597,0.0,0.0,0.0,0.0
,,-4.4132843,-6.51107,-5.1237063,1665674926015,,1.0596924,-0.35733032,-0.8913727,,,,,,0.2560245,-0.615764,0.72723603,0.0,0.0,0.0,0.0
,,-4.582634,-6.898931,-4.951085,1665674926267,,-1.3041229,0.42669678,0.8450165,,,,,,0.06259283,-0.6430093,0.4703923,0.0,0.0,0.0,0.0
,,-4.9112387,-7.273025,-5.0923023,1665674926519,,-1.0857544,0.2743683,0.9249115,,,,,,-0.32766297,-0.89736265,0.32635128,0.0,0.0,0.0,0.0
,,-4.231844,-6.4971037,-5.102638,1665674926781,,1.9182892,-0.9336395,-2.185669,,,,,,0.42631212,-0.66505486,0.89483345,0.0,0.0,0.0,0.0
,,-4.3819604,-6.755996,-5.2076235,1665674927035,,-0.8386078,0.17424011,0.8801575,,,,,,0.15709414,-0.73822117,0.5615438,0.0,0.0,0.0,0.0
,,-5.0048122,-7.239864,-5.1423817,1665674927287,,-1.3786926,1.8051605,1.2583313,,,,,,-0.42883873,-0.821705,0.25730693,0.0,0.0,0.0,0.0
,,-4.504663,-6.5327764,-5.422463,1665674927538,,0.5686035,-0.65774536,-0.5579376,,,,,,0.014143356,-0.5403583,0.42757443,0.0,0.0,0.0,0.0
,,-4.2712684,-6.120854,-5.63443,1665674927789,,0.8828583,-0.44255066,-0.8231964,,,,,,0.2690497,-0.49516454,0.624737,0.0,0.0,0.0,0.0
,,-4.3494782,-6.4156995,-5.5701056,1665674928040,,0.18405151,-0.31684875,-0.022109985,,,,,,0.12221074,-0.33007106,0.27291298,0.0,0.0,0.0,0.0
,,-4.54728,-7.0239863,-5.374938,1665674928292,,-0.08866882,-0.05267334,0.015167236,,,,,,-0.24153382,-0.37700754,-0.0019633293,0.0,0.0,0.0,0.0
,,-4.139348,-6.8280616,-5.0964932,1665674928546,,0.13504028,0.073028564,0.03967285,,,,,,0.14101739,-0.18366364,0.3472274,0.0,0.0,0.0,0.0
52.49824293,13.32664434,-4.268476,-7.423819,-5.0389123,1665674929000,11.792,0.07539368,0.3531952,-0.22026062,,,,,,-0.09346015,-0.48776862,0.15053447,0.0,0.0,0.0,0.0
,,-4.2877893,-7.9134336,-4.5162582,1665674929046,,0.08711243,-0.0015411377,-0.2926941,,,,,,-0.18689594,-0.2784587,-3.120899E-5,0.0,0.0,0.0,0.0
,,-4.294653,-8.303728,-4.02417,1665674929296,,0.08816528,0.71325684,0.05885315,,,,,,-0.18129013,-0.23661171,-0.015828133,0.0,0.0,0.0,0.0
,,-4.084123,-8.3000965,-3.8750513,1665674929547,,-0.25271606,-0.56185913,0.4071808,,,,,,0.082866274,-0.17297554,-0.07290793,0.0,0.0,0.0,0.0
,,-3.8288615,-8.255843,-3.648201,1665674929801,,0.20748901,0.61206055,-0.1254425,,,,,,0.40984085,-0.12253704,-0.07199602,0.0,0.0,0.0,0.0
,,-3.7500122,-8.4282255,-3.6149619,1665674930053,,-0.141922,-0.12936401,-0.010391235,,,,,,0.5560085,-0.23770066,-0.25738066,0.0,0.0,0.0,0.0
,,-3.3419204,-7.9676213,-3.3676004,1665674930306,,0.01361084,-0.42018127,-0.113723755,,,,,,1.0356582,0.26931623,-0.22260994,0.0,0.0,0.0,0.0
,,-3.5100331,-8.280504,-3.407783,1665674930557,,0.0657959,-0.34881592,0.15045166,,,,,,0.9945905,-0.06173385,-0.48358878,0.0,0.0,0.0,0.0
,,-3.3360147,-8.374317,-3.530566,1665674930811,,-0.3698883,-0.016448975,0.45726013,,,,,,1.2097504,-0.052467473,-0.778643,0.0,0.0,0.0,0.0
,,-3.5678532,-8.469646,-3.851708,1665674931064,,-0.9877472,-0.012191772,0.74487305,,,,,,1.1805019,-0.24486868,-1.1397705,0.0,0.0,0.0,0.0
,,-3.7504501,-8.131705,-4.327356,1665674931316,,-1.192276,0.76438904,0.66711426,,,,,,1.3158705,-0.42805222,-1.0881219,0.0,0.0,0.0,0.0
,,-3.7350876,-7.3381066,-4.707195,1665674931566,,1.1992493,-1.7496338,-1.6487732,,,,,,1.6258725,-0.24823783,-0.94093966,0.0,0.0,0.0,0.0
52.49827989,13.32689605,-4.0353193,-7.6712203,-4.8520045,1665674932000,12.864,0.2149353,0.1859436,-0.11904907,,,,,,1.4870423,-0.6983869,-1.091899,0.0,0.0,0.0,0.0
,,-4.3948083,-7.673295,-4.9988885,1665674932071,,-0.95684814,0.94122314,0.423172,,,,,,1.2033446,-0.7453454,-1.1421295,0.0,0.0,0.0,0.0
,,-4.6541004,-7.1242247,-5.478806,1665674932322,,-1.5619202,0.92311096,0.3017273,,,,,,1.0171932,-0.74912566,-0.99161404,0.0,0.0,0.0,0.0
,,-4.6395354,-6.2582417,-5.546642,1665674932573,,1.100174,-1.0135345,-1.437851,,,,,,0.9456286,-0.505206,-0.34580007,0.0,0.0,0.0,0.0
,,-4.9723697,-6.61015,-5.334595,1665674932827,,1.4655609,0.39474487,-1.1960297,,,,,,0.3770743,-0.46270293,-0.4778713,0.0,0.0,0.0,0.0
,,-5.0361757,-7.6711807,-4.965729,1665674933078,,-1.8367615,1.4003601,0.35072327,,,,,,-0.33563808,-0.686349,-0.8682701,0.0,0.0,0.0,0.0
,,-4.403787,-7.5259323,-4.847415,1665674933330,,-1.7962799,2.0000916,0.901474,,,,,,-0.24143085,-0.36859968,-0.59092164,0.0,0.0,0.0,0.0
,,-3.3327816,-7.3299665,-5.1377125,1665674933580,,0.82533264,-2.086258,-0.3960266,,,,,,0.15634538,-0.3320436,-0.18762904,0.0,0.0,0.0,0.0
,,-2.8739722,-7.592331,-4.6012516,1665674933832,,1.3920593,0.23175049,-1.4293213,,,,,,0.09504701,-0.18491004,0.14202268,0.0,0.0,0.0,0.0
,,-2.6480398,-9.06285,-4.162035,1665674934083,,-1.3254395,1.415268,0.5701752,,,,,,-0.39798662,-0.6648272,-0.41930708,0.0,0.0,0.0,0.0
,,-2.0713568,-9.344888,-4.107088,1665674934338,,-2.2170563,1.1074066,1.1795044,,,,,,-0.33415145,-0.701007,-0.38719577,0.0,0.0,0.0,0.0
,,-1.3754425,-8.480062,-4.1220517,1665674934592,,1.0831299,-2.8617706,-0.81040955,,,,,,0.24542376,-0.3245719,0.49454397,0.0,0.0,0.0,0.0
52.49838962,13.32695078,-1.6650218,-8.962094,-4.15601,1665674935000,10.72,1.7574463,0.19873047,-1.0852509,,,,,,-0.02608738,-0.8584134,0.56661487,0.0,0.0,0.0,0.0
,,-2.1043975,-9.151076,-3.734431,1665674935096,,-2.5227966,-0.76638794,1.795227,,,,,,-0.5187325,-0.5503605,0.08273925,0.0,0.0,0.0,0.0
,,-1.9063975,-9.415078,-3.9214182,1665674935347,,-1.8335724,0.4565277,1.5139923,,,,,,-0.34178275,-1.0258442,0.17897648,0.0,0.0,0.0,0.0
,,-2.4559457,-8.238766,-3.9257278,1665674935602,,1.4953918,-1.3789215,-1.5603485,,,,,,-0.23388958,-0.59127516,1.0137833,0.0,0.0,0.0,0.0
,,-3.320172,-8.170172,-3.8391378,1665674935855,,-1.8229065,-0.084625244,0.9153137,,,,,,-0.5880525,-0.6504336,0.98574483,0.0,0.0,0.0,0.0
,,-4.300877,-8.472638,-4.0102835,1665674936106,,-1.5118561,1.9990387,0.91638184,,,,,,-1.0144491,-1.02138,0.645649,0.0,0.0,0.0,0.0
,,-3.8756669,-7.3416977,-4.4439135,1665674936357,,0.29589844,-0.7248535,-0.27244568,,,,,,-0.33420664,-0.6966493,0.9089645,0.0,0.0,0.0,0.0
,,-4.4493175,-6.7694845,-4.9400315,1665674936609,,1.5603638,-0.9602661,-1.7552948,,,,,,-0.30695724,-0.9373071,1.2849729,0.0,0.0,0.0,0.0
,,-4.881391,-6.785008,-4.834927,1665674936861,,-0.21862793,-0.30833435,-0.22026062,,,,,,-0.4276703,-0.7274629,0.89219576,0.0,0.0,0.0,0.0
,,-4.651149,-7.397963,-4.715656,1665674937111,,-0.2399292,0.31698608,-0.13290405,,,,,,-0.40400836,-0.8148767,0.54089075,0.0,0.0,0.0,0.0
,,-4.1032767,-7.2387085,-4.6592727,1665674937363,,-0.19519043,0.033615112,0.20265198,,,,,,0.0072623254,-0.616617,0.74788445,0.0,0.0,0.0,0.0
,,-3.73413,-7.412089,-4.3121934,1665674937615,,-0.046051025,0.42990112,0.2079773,,,,,,0.18492194,-0.477781,0.8184854,0.0,0.0,0.0,0.0
52.49843474,13.32696115,-4.3468456,-7.876724,-3.80985,1665674938000,11.792,0.1361084,-0.4819641,0.19732666,,,,,,-0.46853718,-0.17675257,0.6223126,0.0,0.0,0.0,0.0
,,-4.186115,-8.350814,-3.3246253,1665674938117,,0.20321655,0.29566956,0.024765015,,,,,,-0.47592598,-0.106406055,0.64598364,0.0,0.0,0.0,0.0
,,-3.8875184,-8.310112,-3.1535192,1665674938367,,-0.22927856,0.033615112,0.37416077,,,,,,-0.19736746,0.0036166192,0.890546,0.0,0.0,0.0,0.0
,,-3.8518052,-8.376272,-3.3186789,1665674938618,,-0.10038757,-0.38397217,-0.008270264,,,,,,-0.19220312,-0.116509885,0.7399894,0.0,0.0,0.0,0.0
,,-3.6958222,-8.328908,-3.4090998,1665674938872,,-0.062026978,0.21365356,-0.2234497,,,,,,-0.08868349,-0.06284164,0.6127498,0.0,0.0,0.0,0.0
,,-3.841949,-8.376193,-3.4363139,1665674939126,,-0.411438,0.26371765,0.08015442,,,,,,-0.25847727,-0.109492205,0.5759767,0.0,0.0,0.0,0.0
,,-3.9059534,-8.466255,-3.4512773,1665674939381,,-0.057769775,0.7026062,-0.28416443,,,,,,-0.35602486,-0.20830663,0.6077681,0.0,0.0,0.0,0.0
,,-3.9023218,-8.505879,-3.3553889,1665674939635,,0.09883118,0.70899963,0.32835388,,,,,,-0.45950478,-0.2715836,0.8190433,0.0,0.0,0.0,0.0
,,-4.471743,-8.593746,-3.359059,1665674939886,,-0.050308228,1.512207,0.008773804,,,,,,-1.2257539,-0.45532042,0.99846214,0.0,0.0,0.0,0.0
,,-4.449198,-8.504922,-3.2772572,1665674940136,,0.37365723,0.4842224,0.26124573,,,,,,-1.3483145,-0.40895995,1.3465525,0.0,0.0,0.0,0.0
,,-4.6027865,-8.432496,-3.2622533,1665674940388,,-0.5105133,0.20193481,1.1209106,,,,,,-1.660703,-0.48096365,1.6974031,0.0,0.0,0.0,0.0
,,-4.803181,-8.414021,-3.942925,1665674940638,,-0.75445557,1.6166077,1.6152039,,,,,,-1.9554074,-0.8559463,1.5640845,0.0,0.0,0.0,0.0
52.49849279,13.32693302,-4.4026318,-7.6590486,-4.3353744,1665674941000,11.792,0.894577,-0.8313751,0.35925293,,,,,,-1.8062019,-0.8407204,1.8731097,0.0,0.0,0.0,0.0
,,-4.3100157,-7.413683,-4.3248806,1665674941141,,1.832016,-0.16452026,-0.9574127,,,,,,-1.7009583,-1.0847062,2.3121998,0.0,0.0,0.0,0.0
,,-4.6888576,-7.3599734,-4.6113462,1665674941392,,-1.4468689,0.096466064,0.58721924,,,,,,-2.0016818,-1.0202894,1.9646856,0.0,0.0,0.0,0.0
,,-4.607494,-7.2911806,-4.885363,1665674941644,,-1.0420685,2.7649536,1.4351654,,,,,,-1.7890525,-1.1850299,1.9223288,0.0,0.0,0.0,0.0
,,-4.3122883,-6.7126613,-5.4661174,1665674941895,,0.53344727,-1.2638702,0.42103577,,,,,,-1.4675761,-1.2163177,1.7841036,0.0,0.0,0.0,0.0
,,-4.0067477,-6.094998,-5.1804895,1665674942147,,1.8000488,-0.83457947,-1.4825897,,,,,,-0.9377373,-0.79590315,2.0523345,0.0,0.0,0.0,0.0
,,-4.7411294,-6.992464,-5.286194,1665674942399,,-1.2785645,0.14653015,0.9334259,,,,,,-1.3488209,-0.9803726,1.2314337,0.0,0.0,0.0,0.0
,,-5.173204,-7.0780168,-5.5129647,1665674942650,,-0.70544434,2.3804016,1.094284,,,,,,-1.5792091,-0.82709616,0.79148006,0.0,0.0,0.0,0.0
,,-4.6723776,-6.189887,-5.823573,1665674942902,,0.30122375,-0.83244324,1.046341,,,,,,-1.100244,-0.63552,1.1193074,0.0,0.0,0.0,0.0
,,-5.0005026,-5.42881,-6.402092,1665674943154,,1.6519775,-1.2233887,-2.0162964,,,,,,-1.1085654,-0.2922686,0.61922544,0.0,0.0,0.0,0.0
,,-5.2132273,-6.368494,-6.0566487,1665674943407,,-1.3296967,0.045333862,1.6205292,,,,,,-0.93785536,-0.6238441,0.14231746,0.0,0.0,0.0,0.0
,,-5.506557,-6.752684,-5.9398904,1665674943659,,-0.42208862,2.1737366,1.5853729,,,,,,-1.0555924,-0.6866474,-0.10608355,0.0,0.0,0.0,0.0
52.49856007,13.32702352,-5.551089,-5.802984,-6.0034165,1665674944000,10.72,0.07858276,-1.0263214,0.06736755,,,,,,-0.86701775,-0.42855015,0.35569876,0.0,0.0,0.0,0.0
,,-5.365179,-5.235759,-6.7472153,1665674944164,,1.4442596,-1.9051666,-2.204834,,,,,,-0.41587773,-0.21648313,-0.3281788,0.0,0.0,0.0,0.0
,,-5.7936215,-6.3653836,-6.269772,1665674944416,,-0.82369995,1.1020813,0.4743042,,,,,,-0.15470524,-0.6475254,-1.0300789,0.0,0.0,0.0,0.0
,,-5.804476,-6.974628,-5.4454885,1665674944668,,-1.4106598,0.3031311,0.88442993,,,,,,-0.038609233,-0.7369398,-0.8308781,0.0,0.0,0.0,0.0
,,-5.746137,-6.0362606,-5.7873397,1665674944922,,-0.3880005,-1.6217957,0.23674011,,,,,,0.09939752,-0.29245895,-0.6457061,0.0,0.0,0.0,0.0
,,-5.4801817,-5.438348,-5.695522,1665674945174,,1.6988525,-2.295044,-1.7712708,,,,,,0.53013456,-0.07603434,-0.43868694,0.0,0.0,0.0,0.0
,,-5.4723616,-6.620206,-5.202037,1665674945429,,-0.45085144,0.108184814,0.27722168,,,,,,0.6386605,-0.6035062,-0.96077263,0.0,0.0,0.0,0.0
,,-5.670761,-7.395846,-4.557278,1665674945680,,-1.2838898,0.5673218,1.1773682,,,,,,0.4739843,-0.897893,-0.9333691,0.0,0.0,0.0,0.0
,,-5.053735,-6.487327,-4.8516846,1665674945931,,-1.0282288,-0.1517334,0.16537476,,,,,,0.7836316,-0.48907322,-0.5325695,0.0,0.0,0.0,0.0
,,-4.8311143,-5.8569336,-5.2173586,1665674946181,,1.2077637,-1.5557556,-1.9278717,,,,,,1.0500386,-0.2872577,-0.5023537,0.0,0.0,0.0,0.0
,,-5.24607,-6.8796973,-5.223504,1665674946434,,-1.2316895,0.8027344,0.7043915,,,,,,0.5819022,-0.7524214,-1.1898905,0.0,0.0,0.0,0.0
,,-5.4714437,-7.306504,-5.0772586,1665674946686,,-1.2519379,1.7486877,1.124115,,,,,,0.16063824,-0.7555373,-1.2337309,0.0,0.0,0.0,0.0
52.49859263,13.32719649,-4.615715,-6.280788,-5.504585,1665674947000,10.72,0.23304749,-1.2478943,0.18560791,,,,,,0.7967164,-0.34293827,-0.6103124,0.0,0.0,0.0,0.0
,,-4.1891084,-5.7114477,-5.584272,1665674947195,,1.6157684,-1.5014343,-2.0652924,,,,,,1.1641619,-0.14512318,-0.18956332,0.0,0.0,0.0,0.0
,,-4.659289,-6.4684143,-5.418234,1665674947449,,-1.302002,-0.32537842,0.74913025,,,,,,0.586732,-0.41008213,-0.48016965,0.0,0.0,0.0,0.0
,,-4.9924817,-7.178574,-5.2047114,1665674947701,,-1.2902832,2.2909088,0.86950684,,,,,,0.057982206,-0.81034386,-0.33954838,0.0,0.0,0.0,0.0
,,-4.2782507,-5.9981527,-4.918364,1665674947953,,0.99684143,-1.4843903,-0.8050842,,,,,,0.62852806,-0.33653054,0.8450372,0.0,0.0,0.0,0.0
,,-4.3856707,-6.1673827,-5.2362347,1665674948204,,1.2876587,-0.17198181,-1.6551666,,,,,,0.5578626,-0.65352315,0.6053228,0.0,0.0,0.0,0.0
,,-4.9730077,-6.8199615,-4.904158,1665674948456,,-1.3137207,0.97850037,0.43701172,,,,,,-0.023080587,-0.64413303,0.23303491,0.0,0.0,0.0,0.0
,,-5.19088,-7.060379,-4.9888334,1665674948710,,-1.7590027,0.9955597,0.5978699,,,,,,-0.51792186,-0.7450121,0.26871237,0.0,0.0,0.0,0.0
,,-4.623934,-5.9158306,-4.983846,1665674948962,,2.0525208,-2.2087708,-1.2801971,,,,,,0.013196032,-0.32685497,1.0942867,0.0,0.0,0.0,0.0
,,-4.5877414,-6.3973846,-5.1923814,1665674949218,,0.0849762,0.91352844,0.22502136,,,,,,0.009614722,-0.6445789,0.64658195,0.0,0.0,0.0,0.0
,,-5.3210464,-7.0124555,-4.936761,1665674949471,,-1.0718994,0.6312256,1.5757751,,,,,,-0.65507776,-0.6223495,0.29067835,0.0,0.0,0.0,0.0
,,-4.593448,-6.596063,-5.0736694,1665674949724,,-0.0066375732,-1.0976868,0.03541565,,,,,,-0.042155232,-0.49278536,0.5527242,0.0,0.0,0.0,0.0
52.49864909,13.32740859,-4.389822,-6.0565305,-5.2843995,1665674950000,11.792,1.4634247,-1.162674,-2.377411,,,,,,0.3355231,-0.43223268,0.7134583,0.0,0.0,0.0,0.0
,,-4.669106,-6.6665735,-5.138792,1665674950227,,-1.338211,-0.75787354,0.98243713,,,,,,0.17884634,-0.68746513,0.30487433,0.0,0.0,0.0,0.0
,,-5.15888,-7.1999216,-5.2538733,1665674950479,,-1.6087952,2.1939697,1.0836334,,,,,,-0.19532654,-0.79671466,-0.15872647,0.0,0.0,0.0,0.0
,,-4.32913,-6.0471134,-5.117762,1665674950729,,1.5561066,-1.8273926,-1.4517059,,,,,,0.6598007,-0.27624792,0.5660375,0.0,0.0,0.0,0.0
,,-4.4796453,-6.170774,-5.3729434,1665674950980,,0.3544922,0.11351013,-0.15101624,,,,,,0.60826725,-0.45090276,0.18939404,0.0,0.0,0.0,0.0
,,-5.345868,-6.8089495,-5.2401853,1665674951230,,-0.75764465,0.54707336,1.028244,,,,,,-0.15521055,-0.5422446,-0.27350357,0.0,0.0,0.0,0.0
,,-4.997472,-6.667253,-5.1527166,1665674951483,,0.028518677,-0.9762573,-0.13609314,,,,,,0.15288855,-0.4388071,0.07524295,0.0,0.0,0.0,0.0
,,-4.5783663,-5.9904118,-5.4031096,1665674951734,,1.2812653,-0.99009705,-2.126007,,,,,,0.7344074,-0.24045725,0.26474285,0.0,0.0,0.0,0.0
,,-4.83259,-6.4151835,-5.3422976,1665674951990,,-1.1944122,0.618454,0.6958771,,,,,,0.42694032,-0.4135269,-0.040220108,0.0,0.0,0.0,0.0
,,-5.4885616,-6.9415884,-5.4550242,1665674952241,,-1.1134491,1.7849121,0.9302368,,,,,,-0.21659237,-0.6184874,-0.33610076,0.0,0.0,0.0,0.0
,,-4.806134,-6.0660686,-5.4059043,1665674952496,,1.9108429,-2.4271393,-1.7851257,,,,,,0.3244355,-0.32283288,0.37863,0.0,0.0,0.0,0.0
,,-4.8189826,-6.2213717,-5.4599323,1665674952749,,-0.07055664,0.89009094,0.34007263,,,,,,0.22589178,-0.5144051,0.36780915,0.0,0.0,0.0,0.0
52.49873938,13.32762679,-5.4977784,-6.728583,-5.331723,1665674953000,11.792,-1.2913513,1.5462952,1.3946838,,,,,,-0.5264703,-0.7040315,0.12170053,0.0,0.0,0.0,0.0
,,-5.1980643,-6.4029307,-5.275819,1665674953255,,0.64530945,-1.2084808,-0.63783264,,,,,,-0.44069988,-0.6241583,0.5387426,0.0,0.0,0.0,0.0
,,-4.942363,-6.117263,-5.355266,1665674953507,,1.5326691,-0.23376465,-1.3515625,,,,,,-0.14095022,-0.648679,0.79644954,0.0,0.0,0.0,0.0
,,-5.021332,-6.4194913,-5.198526,1665674953758,,-1.1496582,1.0147247,0.7022705,,,,,,-0.2768959,-0.58896,0.57644874,0.0,0.0,0.0,0.0
,,-5.2910786,-6.9245486,-5.3430557,1665674954009,,-1.3712463,0.23709106,1.0346222,,,,,,-0.50927085,-0.8787049,0.33033377,0.0,0.0,0.0,0.0
,,-4.6634383,-6.003141,-5.348204,1665674954260,,1.8597107,-1.5877075,-2.1462555,,,,,,0.1900114,-0.47701615,0.74462223,0.0,0.0,0.0,0.0
,,-4.874727,-6.362909,-5.492854,1665674954511,,-1.1209106,-0.05053711,0.8769684,,,,,,-0.016652567,-0.6475352,0.33051318,0.0,0.0,0.0,0.0
,,-5.493668,-6.920958,-5.2826433,1665674954763,,-1.6109314,2.354828,1.381897,,,,,,-0.5304601,-0.77419066,0.12095164,0.0,0.0,0.0,0.0
,,-4.833148,-6.2174215,-5.280249,1665674955014,,1.5273438,-1.6239319,-1.2876434,,,,,,0.0637615,-0.46219826,0.5027441,0.0,0.0,0.0,0.0
,,-5.0596395,-6.322248,-5.443573,1665674955265,,0.44078064,0.46717834,-0.2234497,,,,,,-0.0921851,-0.71474445,0.4013837,0.0,0.0,0.0,0.0
,,-5.3455067,-6.612465,-5.136237,1665674955516,,-0.8652344,1.2139282,1.3765717,,,,,,-0.3253816,-0.63014627,0.2807998,0.0,0.0,0.0,0.0
,,-5.247225,-6.725032,-5.2444544,1665674955771,,0.33317566,-1.1371002,0.059906006,,,,,,-0.33196074,-0.77324164,0.33434263,0.0,0.0,0.0,0.0
52.49896647,13.32805891,-4.863515,-6.2385306,-5.2764173,1665674956000,11.792,1.3973846,-0.6758423,-1.806427,,,,,,0.12276797,-0.7190512,0.69127834,0.0,0.0,0.0,0.0
,,-4.8714952,-6.3712087,-5.268756,1665674956279,,-1.3073273,0.78996277,0.7896118,,,,,,0.027709214,-0.5986431,0.45014402,0.0,0.0,0.0,0.0
,,-5.4727583,-6.9400706,-5.277654,1665674956532,,-1.541687,0.86346436,1.0410156,,,,,,-0.5805866,-0.8641088,0.29384586,0.0,0.0,0.0,0.0
,,-4.591532,-6.03171,-5.105711,1665674956784,,1.9864655,-1.8359222,-2.042923,,,,,,0.22249478,-0.44157025,0.9769736,0.0,0.0,0.0,0.0
,,-4.685226,-6.314784,-5.3086596,1665674957035,,-0.7640381,0.4320221,0.6873474,,,,,,0.022322258,-0.6407709,0.7159445,0.0,0.0,0.0,0.0
,,-5.48465,-6.675471,-5.209619,1665674957288,,-1.7068024,2.3026276,1.6578064,,,,,,-0.730876,-0.5976571,0.46480396,0.0,0.0,0.0,0.0
,,-5.03027,-6.0548544,-5.2656837,1665674957540,,1.3121643,-1.5600128,-1.0841827,,,,,,-0.37778792,-0.27627367,0.7781204,0.0,0.0,0.0,0.0
,,-5.0479474,-5.9948,-5.3628078,1665674957791,,0.6921692,0.07196045,-0.4929657,,,,,,-0.29444835,-0.42069212,0.7839109,0.0,0.0,0.0,0.0
,,-5.1957097,-6.3385286,-5.2301297,1665674958045,,-1.0612488,1.1201935,1.0804291,,,,,,-0.35950202,-0.4105922,0.4121205,0.0,0.0,0.0,0.0
,,-5.4378834,-6.582138,-5.423701,1665674958299,,-0.14405823,-0.9645386,0.44126892,,,,,,-0.52975297,-0.5855845,0.16737297,0.0,0.0,0.0,0.0
,,-5.010199,-5.94971,-5.3683553,1665674958550,,1.4911194,-1.2745209,-2.2101746,,,,,,0.085497044,-0.42426473,0.50927734,0.0,0.0,0.0,0.0
,,-4.9393706,-6.2929587,-5.32119,1665674958800,,-1.2157135,0.24879456,0.727829,,,,,,0.17094983,-0.5291611,0.15795295,0.0,0.0,0.0,0.0
52.49917859,13.32836612,-5.5190473,-6.8969755,-5.273904,1665674959000,11.792,-1.2838898,1.3108673,1.091095,,,,,,-0.3445715,-0.76793367,-0.12635939,0.0,0.0,0.0,0.0
,,-4.7942824,-6.138133,-5.192142,1665674959304,,1.785141,-1.6889191,-1.6977692,,,,,,0.3740066,-0.48138377,0.43744907,0.0,0.0,0.0,0.0
,,-4.9125156,-6.333819,-5.242341,1665674959554,,-0.024749756,0.9486847,0.44766235,,,,,,0.15040022,-0.6940111,0.38415813,0.0,0.0,0.0,0.0
,,-5.40644,-6.832771,-5.0344043,1665674959807,,-1.098526,1.559082,1.1645966,,,,,,-0.3427649,-0.7300912,0.1532809,0.0,0.0,0.0,0.0
,,-5.0858564,-6.567134,-5.120875,1665674960058,,0.40029907,-1.3948975,-0.24900818,,,,,,-0.16941646,-0.61819535,0.38139802,0.0,0.0,0.0,0.0
,,-4.7656326,-6.1305914,-5.3014374,1665674960312,,1.5880585,-1.068924,-1.6295929,,,,,,0.2262307,-0.57311314,0.5938406,0.0,0.0,0.0,0.0
,,-4.811003,-6.516776,-5.2427797,1665674960566,,-1.1017303,0.5673218,0.56591797,,,,,,0.14269583,-0.60156024,0.22464825,0.0,0.0,0.0,0.0
,,-5.4143815,-6.979176,-5.4139247,1665674960819,,-1.607727,1.303421,1.0953522,,,,,,-0.47405612,-0.7882879,-0.115860224,0.0,0.0,0.0,0.0
,,-4.595724,-5.938975,-5.3359923,1665674961071,,1.8586426,-1.734726,-2.0205536,,,,,,0.4462449,-0.3115639,0.4975587,0.0,0.0,0.0,0.0
,,-4.781075,-6.183463,-5.4847517,1665674961322,,-0.2899933,0.79740906,0.6308899,,,,,,0.23549896,-0.4767768,0.20652297,0.0,0.0,0.0,0.0
,,-5.5394382,-6.7439456,-5.2952905,1665674961574,,-1.1997375,2.102356,1.1826935,,,,,,-0.411049,-0.55406725,-0.07843065,0.0,0.0,0.0,0.0
,,-5.168376,-6.3121123,-5.1942554,1665674961827,,0.96061707,-1.7315216,-0.6985626,,,,,,-0.09340933,-0.44629422,0.36396748,0.0,0.0,0.0,0.0
52.49929619,13.32860788,-5.1473866,-5.9290795,-5.213449,1665674962000,12.864,1.0852661,-0.30513,-1.4208069,,,,,,0.051972803,-0.39147103,0.5948136,0.0,0.0,0.0,0.0
,,-5.3728013,-6.359678,-4.9329677,1665674962332,,-1.1390076,0.8187256,1.1709747,,,,,,-0.15138702,-0.4298372,0.39687353,0.0,0.0,0.0,0.0
,,-5.945255,-6.8207607,-5.143298,1665674962583,,-1.2668457,0.4565277,1.0889587,,,,,,-0.7157892,-0.7141879,0.11325787,0.0,0.0,0.0,0.0
,,-5.240003,-5.9103255,-5.1152062,1665674962834,,1.8905945,-1.7752075,-2.0312042,,,,,,0.055829223,-0.37960032,0.6554476,0.0,0.0,0.0,0.0
,,-5.2284307,-6.342,-5.3478026,1665674963085,,-1.2668457,0.59394836,0.6330261,,,,,,-0.048826616,-0.65378326,0.20635192,0.0,0.0,0.0,0.0
,,-5.597936,-6.8751884,-5.1208725,1665674963341,,-1.2316895,2.1066284,1.6897736,,,,,,-0.4365397,-0.69156545,0.06380824,0.0,0.0,0.0,0.0
,,-4.8804746,-6.332503,-5.1174803,1665674963593,,0.9531708,-1.6548309,-0.93611145,,,,,,0.104218036,-0.5504283,0.5863624,0.0,0.0,0.0,0.0
,,-4.7828307,-6.1358585,-5.2908616,1665674963843,,0.8690033,-0.0771637,-1.0809937,,,,,,0.23264477,-0.6045738,0.6250022,0.0,0.0,0.0,0.0
,,-4.974288,-6.5016127,-5.0585046,1665674964095,,-1.2561951,1.3108673,0.69374084,,,,,,-0.014406045,-0.5389988,0.400543,0.0,0.0,0.0,0.0
,,-5.0572476,-6.7871213,-5.095895,1665674964350,,-0.85458374,-0.55441284,1.2295685,,,,,,-0.2113838,-0.71908015,0.4322806,0.0,0.0,0.0,0.0
,,-4.5653186,-5.7994723,-5.0272217,1665674964602,,1.8053741,-1.5909119,-2.1292114,,,,,,0.40581003,-0.2965093,1.0030581,0.0,0.0,0.0,0.0
,,-4.956212,-6.2378106,-5.129813,1665674964854,,-0.99946594,0.096466064,0.9941559,,,,,,-0.010231702,-0.5203252,0.5643054,0.0,0.0,0.0,0.0
52.4994413,13.32884011,-5.7040796,-6.8915477,-5.0733895,1665674965000,12.864,-1.3946838,2.7638855,1.3286438,,,,,,-0.62658066,-0.723539,0.17758857,0.0,0.0,0.0,0.0
,,-4.918422,-6.158124,-5.0140924,1665674965356,,1.3313293,-1.5685425,-1.6956482,,,,,,0.13032112,-0.44542572,0.6844601,0.0,0.0,0.0,0.0
,,-4.937136,-6.2397666,-5.044459,1665674965607,,0.52919006,0.2477417,-0.23835754,,,,,,0.13412926,-0.6622744,0.6844816,0.0,0.0,0.0,0.0
,,-5.152455,-6.648976,-4.982968,1665674965857,,-0.78001404,1.1351013,1.0655212,,,,,,0.0018906276,-0.6630873,0.25555858,0.0,0.0,0.0,0.0
,,-4.951501,-6.625035,-4.917007,1665674966109,,0.07751465,-0.9847717,0.27189636,,,,,,0.20617853,-0.6771733,0.4390821,0.0,0.0,0.0,0.0
,,-4.775567,-5.9863815,-5.0002055,1665674966361,,1.3760834,-0.90275574,-2.1600952,,,,,,0.4328538,-0.47593302,0.7376434,0.0,0.0,0.0,0.0
,,-4.933545,-6.256208,-4.978698,1665674966613,,-1.1549988,0.08155823,0.91426086,,,,,,0.21552376,-0.48149088,0.41348535,0.0,0.0,0.0,0.0
,,-5.642986,-6.801527,-5.0964136,1665674966874,,-1.2380829,0.97850037,1.1773682,,,,,,-0.45868912,-0.7310256,0.08145047,0.0,0.0,0.0,0.0
,,-4.604062,-5.9692626,-4.863059,1665674967127,,1.7798157,-1.8082275,-2.2868652,,,,,,0.70529455,-0.37681827,0.7452048,0.0,0.0,0.0,0.0
,,-5.0062475,-6.2351785,-4.8437862,1665674967381,,-0.9185028,0.43522644,0.7288971,,,,,,0.2944596,-0.5676345,0.6378981,0.0,0.0,0.0,0.0
,,-5.5770254,-6.822875,-4.755879,1665674967631,,-1.5523376,2.5902557,1.5736542,,,,,,-0.29284775,-0.78607386,0.43194884,0.0,0.0,0.0,0.0
,,-4.91044,-6.372964,-4.773556,1665674967882,,1.1949768,-1.8913116,-1.295105,,,,,,0.35157076,-0.646839,0.8079185,0.0,0.0,0.0,0.0
52.49945691,13.32894712,-4.887535,-6.2593594,-4.834808,1665674968000,11.792,0.6697998,0.16996765,-0.36405945,,,,,,0.41552565,-0.7246034,0.91687405,0.0,0.0,0.0,0.0
,,-4.934303,-6.6507716,-4.704084,1665674968385,,-1.2285004,1.1681213,1.3904266,,,,,,0.28171307,-0.7943652,0.70315635,0.0,0.0,0.0,0.0
,,-5.305564,-6.823234,-5.088273,1665674968637,,0.092437744,-1.291565,0.42103577,,,,,,-0.25038144,-0.930225,0.4517863,0.0,0.0,0.0,0.0
,,-4.825087,-6.1947956,-5.092901,1665674968887,,1.6956635,-1.0806427,-1.8639526,,,,,,0.29668057,-0.76020277,0.8756395,0.0,0.0,0.0,0.0
,,-4.977957,-6.3914394,-5.096892,1665674969142,,-1.04953,0.20726013,0.8865509,,,,,,0.06072111,-0.7233753,0.5594722,0.0,0.0,0.0,0.0
,,-5.6082697,-6.93229,-5.0976896,1665674969394,,-1.4074554,1.3406982,1.2988129,,,,,,-0.58267033,-0.9401296,0.2867174,0.0,0.0,0.0,0.0
,,-4.72896,-6.1244464,-5.109062,1665674969649,,1.8607788,-1.6889191,-2.1664886,,,,,,0.3081531,-0.6413471,0.75566113,0.0,0.0,0.0,0.0
,,-4.88969,-6.269456,-5.202676,1665674969901,,-0.5967865,0.38835144,0.61917114,,,,,,0.17255034,-0.7482843,0.5619753,0.0,0.0,0.0,0.0
,,-5.723351,-6.721122,-5.064171,1665674970152,,-1.241272,1.8754578,1.5182648,,,,,,-0.58858997,-0.78450215,0.24097338,0.0,0.0,0.0,0.0
,,-5.186811,-6.3676987,-4.9749875,1665674970404,,0.894577,-1.6068878,-0.91267395,,,,,,-0.11176176,-0.6317657,0.595893,0.0,0.0,0.0,0.0
,,-5.118377,-6.190727,-5.1305313,1665674970655,,0.97979736,-0.039886475,-0.89456177,,,,,,0.06176168,-0.7113125,0.6261159,0.0,0.0,0.0,0.0
,,-5.214265,-6.558876,-5.051323,1665674970910,,-1.1475372,1.2043457,0.8066559,,,,,,-0.00835255,-0.7101396,0.2777947,0.0,0.0,0.0,0.0
52.49945472,13.32906818,-5.6412306,-6.8980145,-5.1779766,1665674971000,10.72,-0.49665833,-0.67904663,0.86206055,,,,,,-0.46870926,-0.8989915,0.11831007,0.0,0.0,0.0,0.0
,,-5.1070447,-6.09424,-5.097012,1665674971415,,1.6562347,-1.4769287,-2.348648,,,,,,0.1830212,-0.59322184,0.64292085,0.0,0.0,0.0,0.0
,,-5.0289536,-6.3663816,-5.151839,1665674971666,,-1.3371582,0.14440918,1.0090637,,,,,,0.21948986,-0.66554147,0.35956785,0.0,0.0,0.0,0.0
,,-5.9181204,-6.8679667,-5.2576613,1665674971919,,-1.1763,1.9170074,1.2636566,,,,,,-0.62255895,-0.81644857,-0.057006486,0.0,0.0,0.0,0.0
,,-5.1291904,-6.158006,-5.106746,1665674972169,,1.6200256,-1.6803894,-1.6753998,,,,,,0.13414524,-0.5849628,0.55017376,0.0,0.0,0.0,0.0
,,-5.34854,-6.3126707,-5.0836024,1665674972423,,0.1361084,0.18914795,0.18241882,,,,,,-0.05264088,-0.8290808,0.59049255,0.0,0.0,0.0,0.0
,,-5.683409,-6.599816,-4.8706374,1665674972676,,-1.0857544,1.2821045,1.206131,,,,,,-0.34393483,-0.69322187,0.3475053,0.0,0.0,0.0,0.0
,,-5.4431124,-6.522363,-4.909344,1665674972929,,0.50042725,-1.4140778,-0.20321655,,,,,,-0.23114355,-0.72961164,0.53616345,0.0,0.0,0.0,0.0
,,-5.1215305,-6.08175,-4.950525,1665674973180,,1.4325409,-0.7184601,-1.707367,,,,,,0.19618933,-0.6904898,0.85194963,0.0,0.0,0.0,0.0
,,-5.056329,-6.3281927,-4.893624,1665674973432,,-0.8109131,0.09114075,0.69480896,,,,,,0.17329766,-0.60220873,0.5260222,0.0,0.0,0.0,0.0
,,-5.788755,-6.8724346,-4.989751,1665674973685,,-0.8631134,1.4664001,0.88868713,,,,,,-0.5220331,-0.72679627,0.12790684,0.0,0.0,0.0,0.0
,,-5.0692973,-5.8811154,-5.2701116,1665674973947,,0.13078308,-0.28596497,0.071624756,,,,,,0.122256026,-0.28777465,0.48837268,0.0,0.0,0.0,0.0
52.49950503,13.32980136,-4.758529,-5.3270574,-5.56811,1665674974000,10.72,1.1214752,-1.0944977,-0.9488983,,,,,,0.39509386,-0.23286419,0.68447655,0.0,0.0,0.0,0.0
,,-5.2040095,-5.925728,-5.599993,1665674974455,,0.8423767,-0.35733032,-0.7901764,,,,,,-0.041493814,-0.32773405,0.20556024,0.0,0.0,0.0,0.0
,,-5.2913585,-6.2960305,-5.557736,1665674974708,,-0.9430084,0.22642517,0.854599,,,,,,-0.25467414,-0.33612642,0.004346943,0.0,0.0,0.0,0.0
,,-5.167458,-5.8236547,-5.672218,1665674974959,,-1.0047913,1.4898376,1.0719147,,,,,,-0.05028761,-0.2867308,0.3508968,0.0,0.0,0.0,0.0
,,-4.696239,-5.261696,-5.8048964,1665674975211,,1.1907196,-1.3426971,-1.1246643,,,,,,0.3803734,-0.13340159,0.50588185,0.0,0.0,0.0,0.0
,,-5.204648,-5.9260864,-5.565796,1665674975464,,1.1044312,-0.71206665,-1.009613,,,,,,-0.008595928,-0.32554206,0.19821389,0.0,0.0,0.0,0.0
,,-5.48058,-6.7654133,-5.247447,1665674975717,,-0.840744,0.32017517,0.2505951,,,,,,-0.30753955,-0.5438707,-0.12959431,0.0,0.0,0.0,0.0
,,-5.529302,-6.4605517,-5.2291317,1665674975983,,-0.9983978,1.2938232,1.0314331,,,,,,-0.25204757,-0.38023314,-0.015060751,0.0,0.0,0.0,0.0
,,-5.189126,-5.600715,-5.5191092,1665674976237,,0.17765808,-0.33602905,-0.17871094,,,,,,0.14163265,-0.17137815,0.27690777,0.0,0.0,0.0,0.0
,,-4.9368577,-5.424582,-5.6342707,1665674976489,,1.4538422,-0.67051697,-1.2780609,,,,,,0.37397894,-0.12226269,0.25713077,0.0,0.0,0.0,0.0
,,-5.3465457,-6.3372912,-5.4865885,1665674976745,,0.30548096,-0.21885681,-0.15206909,,,,,,-0.120501235,-0.37740472,-0.12776317,0.0,0.0,0.0,0.0
,,-5.187012,-6.471128,-5.3886657,1665674976997,,-0.9472656,0.16996765,0.7054596,,,,,,-0.051986918,-0.34316984,-0.10220112,0.0,0.0,0.0,0.0
52.49956164,13.33007428,-5.141961,-5.9588885,-5.6035457,1665674977000,10.72,-0.80026245,1.1127319,0.79707336,,,,,,0.10095665,-0.20530726,0.11009334,0.0,0.0,0.0,0.0
,,-4.9000273,-5.559176,-5.849071,1665674977506,,0.38111877,-0.24227905,-0.2937622,,,,,,0.27811578,-0.19948263,0.22192116,0.0,0.0,0.0,0.0
,,-5.0681005,-5.838419,-5.736863,1665674977759,,1.0319977,-0.63217163,-0.8466339,,,,,,0.10930555,-0.25341073,0.16720016,0.0,0.0,0.0,0.0
,,-5.251376,-6.426475,-5.5607295,1665674978012,,0.5068207,-0.2263031,-0.2937622,,,,,,-0.15612023,-0.3835699,-0.035204872,0.0,0.0,0.0,0.0
,,-5.0130734,-6.3591585,-5.324901,1665674978263,,0.010406494,-0.011123657,0.038604736,,,,,,0.011093585,-0.19884647,0.09967247,0.0,0.0,0.0,0.0
,,-4.8108034,-6.415781,-5.103517,1665674978516,,0.040237427,0.16464233,-0.038085938,,,,,,0.106128834,-0.15098485,0.236331,0.0,0.0,0.0,0.0
,,-4.5440497,-6.877023,-4.69758,1665674978766,,-0.038589478,0.14759827,0.03541565,,,,,,0.1699385,-0.18201537,0.24104497,0.0,0.0,0.0,0.0
,,-4.682913,-7.748274,-4.1624756,1665674979018,,-0.18986511,-0.06544495,0.20692444,,,,,,-0.10940827,-0.3028932,0.09935332,0.0,0.0,0.0,0.0
,,-4.5431314,-8.2451105,-3.6950872,1665674979274,,-0.046051025,0.12948608,-0.0029449463,,,,,,-0.15190974,-0.26491708,0.059677158,0.0,0.0,0.0,0.0
,,-4.263489,-8.29495,-3.3374333,1665674979526,,0.018936157,0.12416077,-0.06365967,,,,,,0.026623169,-0.16046904,0.20499983,0.0,0.0,0.0,0.0
,,-4.145734,-8.288605,-3.259701,1665674979783,,-0.050308228,-0.24655151,-0.071121216,,,,,,0.1394204,-0.09950428,0.1904362,0.0,0.0,0.0,0.0
52.49961381,13.33031466,-4.1305304,-8.339003,-3.3031158,1665674980000,11.792,-0.05883789,-0.12510681,-0.028503418,,,,,,0.11466028,-0.07163388,-0.059388764,0.0,0.0,0.0,0.0
,,-4.1593003,-8.346983,-3.3159647,1665674980034,,-0.07267761,-0.063323975,-0.0700531,,,,,,0.1082662,-0.121511206,0.03702053,0.0,0.0,0.0,0.0
,,-3.9293768,-8.323561,-3.1766617,1665674980537,,-0.08653259,0.1539917,-0.1169281,,,,,,0.3145117,0.020770263,-0.049589977,0.0,0.0,0.0,0.0
,,-3.835683,-8.463621,-3.0646927,1665674980796,,0.03703308,-0.06864929,0.08973694,,,,,,0.4281211,-0.093076386,-0.065214165,0.0,0.0,0.0,0.0
,,-3.7176483,-8.649251,-3.0317729,1665674981046,,0.42692566,0.01550293,-0.53344727,,,,,,0.52048737,-0.20096318,-0.16949351,0.0,0.0,0.0,0.0
,,-3.5067194,-8.829535,-2.8238368,1665674981299,,0.07432556,-0.34881592,-0.6133423,,,,,,0.5087574,-0.25299847,-0.13725331,0.0,0.0,0.0,0.0
,,-3.225361,-8.924227,-2.486374,1665674981551,,0.12545776,-0.12084961,-0.3448944,,,,,,0.37712866,-0.15159369,-0.016492017,0.0,0.0,0.0,0.0
,,-2.8415303,-9.112809,-2.1610017,1665674981804,,0.17126465,0.26478577,0.048187256,,,,,,0.25916043,-0.12606551,0.060857415,0.0,0.0,0.0,0.0
,,-2.4264963,-9.272182,-1.8424133,1665674982057,,0.32359314,0.6014099,0.057785034,,,,,,0.14264642,-0.09099897,0.055646338,0.0,0.0,0.0,0.0
,,-2.0011663,-9.433951,-1.4373546,1665674982307,,-0.04498291,-0.047348022,-0.16059875,,,,,,0.039228782,-0.026093325,0.061350297,0.0,0.0,0.0,0.0
,,-1.8433487,-9.533232,-0.98860013,1665674982559,,-0.25057983,0.2562561,-0.06365967,,,,,,-0.36281446,0.058153532,0.1815439,0.0,0.0,0.0,0.0
,,-1.719488,-9.574969,-0.62715507,1665674982812,,-0.3421936,0.4053955,-0.0934906,,,,,,-0.6643107,0.11237262,0.4089384,0.0,0.0,0.0,0.0
52.49963334,13.33050319,-1.5341772,-9.757129,-0.20693308,1665674983000,10.72,0.051956177,0.7217865,0.03541565,,,,,,-0.85025615,-0.06983398,0.9524043,0.0,0.0,0.0,0.0
,,-1.5920767,-9.662957,-0.3339452,1665674983065,,-0.13552856,0.8730469,0.35072327,,,,,,-0.78717214,0.041105937,0.73416704,0.0,0.0,0.0,0.0
,,-1.6235605,-9.855131,-0.14085388,1665674983574,,-0.092926025,0.7526703,0.33262634,,,,,,-1.0429232,-0.18799362,1.2004397,0.0,0.0,0.0,0.0
,,-1.7476201,-9.958521,-0.11359965,1665674983825,,0.30122375,0.99235535,-0.04875183,,,,,,-1.1929878,-0.3175375,1.5456939,0.0,0.0,0.0,0.0
,,-1.9239131,-9.816506,-0.4995056,1665674984077,,-1.0292969,0.54600525,0.8812256,,,,,,-1.2704184,-0.210991,1.5414282,0.0,0.0,0.0,0.0
,,-2.3513978,-10.180305,-1.4576259,1665674984329,,-1.7291718,2.434723,1.8602142,,,,,,-1.4866028,-0.9392078,1.3919488,0.0,0.0,0.0,0.0
,,-2.0804942,-9.201597,-1.9438487,1665674984583,,1.1161499,-2.2545624,-0.102005005,,,,,,-1.0447087,-0.5207873,1.8539321,0.0,0.0,0.0,0.0
,,-2.4655614,-9.145133,-2.5692937,1665674984838,,1.9097748,0.35107422,-1.1811218,,,,,,-1.0583227,-0.72918016,1.6954615,0.0,0.0,0.0,0.0
,,-2.7773259,-9.211851,-3.2178025,1665674985091,,-1.6791077,1.6996918,1.3073425,,,,,,-1.2036756,-0.7823568,1.0143443,0.0,0.0,0.0,0.0
,,-2.9574494,-9.0852375,-3.8657537,1665674985344,,-1.907074,3.309311,0.66285706,,,,,,-1.0763803,-0.91430026,0.7525177,0.0,0.0,0.0,0.0
,,-2.6774077,-8.273523,-4.2227697,1665674985598,,1.2003021,-2.4868011,-0.38963318,,,,,,-0.624109,-0.6869144,1.1804504,0.0,0.0,0.0,0.0
,,-2.6686294,-8.118299,-3.8945236,1665674985850,,2.978241,0.077301025,-1.4911194,,,,,,-0.290256,-0.4712357,1.1233007,0.0,0.0,0.0,0.0
52.49949801,13.33060662,-3.1204941,-8.891465,-4.385535,1665674986000,9.648001,-1.5225067,1.8051605,0.6298218,,,,,,-0.330036,-0.7707438,-0.41348273,0.0,0.0,0.0,0.0
,,-3.203055,-8.766607,-3.9953196,1665674986101,,-1.8612671,-0.27531433,1.3552704,,,,,,-0.5954258,-0.57062936,-0.037904993,0.0,0.0,0.0,0.0
,,-2.5128062,-7.768984,-3.8981948,1665674986605,,1.2908478,-2.5879974,-1.5582275,,,,,,0.71161777,-0.15838026,0.7088265,0.0,0.0,0.0,0.0
,,-2.9167085,-8.5020485,-4.0101237,1665674986861,,-2.0072021,-0.044143677,1.047409,,,,,,0.4495828,-0.6830663,-0.035677984,0.0,0.0,0.0,0.0
,,-3.509753,-9.291498,-3.9401326,1665674987115,,-3.2674103,3.4648285,1.572586,,,,,,0.16238585,-1.1890086,-0.5464124,0.0,0.0,0.0,0.0
,,-2.7738557,-7.998987,-3.8312368,1665674987370,,2.1121674,-2.0361938,-2.5446625,,,,,,1.0828956,-0.46667477,0.10667651,0.0,0.0,0.0,0.0
,,-3.4883256,-8.38605,-4.326876,1665674987624,,-1.5384827,0.9486847,1.5384979,,,,,,0.74739563,-1.164946,0.013510648,0.0,0.0,0.0,0.0
,,-3.6780264,-7.642291,-4.0617585,1665674987877,,-1.780304,0.10392761,1.0154572,,,,,,0.666688,-0.8317582,0.6461988,0.0,0.0,0.0,0.0
,,-3.9768627,-7.7645144,-4.543312,1665674988128,,2.3966064,-3.186676,-2.37529,,,,,,0.535108,-1.4378325,0.40280867,0.0,0.0,0.0,0.0
,,-4.463763,-6.942146,-4.6635814,1665674988380,,-1.4191742,-0.063323975,1.1518097,,,,,,0.38254917,-0.91105956,0.6561925,0.0,0.0,0.0,0.0
,,-4.4677134,-6.4517336,-4.896976,1665674988634,,-1.2732391,1.3023529,0.9323578,,,,,,0.6078877,-0.85332364,0.7959228,0.0,0.0,0.0,0.0
,,-4.8857803,-6.47404,-5.488464,1665674988884,,1.4794006,-1.2553558,-1.454895,,,,,,0.4262633,-1.087252,0.3404611,0.0,0.0,0.0,0.0
52.49935342,13.33059331,-5.251096,-6.5626264,-5.0219135,1665674989000,10.72,-0.8439331,0.5076599,0.41464233,,,,,,0.31001112,-0.9276759,0.32428375,0.0,0.0,0.0,0.0
,,-4.945037,-6.1460743,-5.1137714,1665674989137,,0.57499695,-0.06011963,-0.7656708,,,,,,0.4987466,-0.91655093,0.78648823,0.0,0.0,0.0,0.0
,,-5.7956967,-6.5537677,-5.367637,1665674989646,,-0.875885,2.0757294,1.0399475,,,,,,-0.27598968,-0.7086571,-0.061837945,0.0,0.0,0.0,0.0
,,-4.6408534,-5.600836,-5.297407,1665674989904,,2.0812836,-2.2865295,-1.4900513,,,,,,0.7684137,-0.49381003,0.8001451,0.0,0.0,0.0,0.0
,,-4.9306707,-5.989495,-5.1071873,1665674990154,,0.7124176,-0.23162842,-0.87112427,,,,,,0.4944454,-0.6292311,0.56934184,0.0,0.0,0.0,0.0
,,-5.601567,-6.820203,-4.805678,1665674990405,,-1.1038666,1.4536133,0.84394836,,,,,,-0.30783832,-0.6892237,0.1730638,0.0,0.0,0.0,0.0
,,-4.8623967,-6.539202,-5.31253,1665674990656,,-1.0548553,1.6783905,1.2135925,,,,,,0.19814101,-0.7178823,0.1774442,0.0,0.0,0.0,0.0
,,-4.0741863,-5.601433,-5.6331134,1665674990907,,2.0983276,-2.3302002,-1.7425232,,,,,,1.0114336,-0.44340572,0.46528655,0.0,0.0,0.0,0.0
,,-4.4420557,-6.329509,-5.3457284,1665674991158,,0.03916931,0.011245728,0.08227539,,,,,,0.7608754,-0.81974536,0.124791145,0.0,0.0,0.0,0.0
,,-5.29511,-6.893264,-5.228412,1665674991408,,-0.82688904,1.033905,0.9526062,,,,,,0.012460153,-0.70417976,-0.43933773,0.0,0.0,0.0,0.0
,,-4.770221,-6.5042853,-5.426852,1665674991660,,-0.8652344,-0.00793457,1.1315613,,,,,,0.4866505,-0.69638276,-0.08991701,0.0,0.0,0.0,0.0
,,-4.335474,-5.643211,-5.73319,1665674991912,,1.801117,-2.276947,-1.7979126,,,,,,1.0584772,-0.5271104,0.07755065,0.0,0.0,0.0,0.0
52.49928576,13.33053555,-5.744102,-6.8937826,-4.818765,1665674992000,10.72,-0.35923767,2.2909088,1.1113281,,,,,,-0.119712956,-0.8267551,-0.11744568,0.0,0.0,0.0,0.0
,,-4.8033805,-6.263549,-5.3049474,1665674992163,,-0.6532593,0.60780334,0.4977417,,,,,,0.75672835,-0.7058112,-0.15207024,0.0,0.0,0.0,0.0
,,-5.016383,-6.28793,-4.9637747,1665674992668,,0.6197357,-1.3959656,-0.018920898,,,,,,0.4632359,-0.8353127,0.54182094,0.0,0.0,0.0,0.0
,,-4.883346,-6.047632,-4.749573,1665674992930,,1.3931274,-0.61299133,-1.7489014,,,,,,0.5852533,-0.938283,1.132778,0.0,0.0,0.0,0.0
,,-5.5189276,-6.669925,-4.6265917,1665674993181,,-1.1059875,-0.16133118,0.94621277,,,,,,-0.12542197,-0.981083,0.6730472,0.0,0.0,0.0,0.0
,,-5.989309,-7.2479253,-4.3251624,1665674993436,,-1.1411438,2.2749329,0.9270325,,,,,,-0.73730314,-1.2304916,0.89456373,0.0,0.0,0.0,0.0
,,-5.0733275,-6.0930023,-4.5117493,1665674993688,,1.4740753,-1.7741394,-1.0543518,,,,,,0.1022721,-0.80493146,1.4937129,0.0,0.0,0.0,0.0
,,-5.335732,-6.2712913,-4.5467844,1665674993939,,0.5888519,0.016571045,-0.67619324,,,,,,-0.1509428,-0.98960704,1.341931,0.0,0.0,0.0,0.0
,,-6.1039515,-6.6002946,-4.3309073,1665674994193,,-0.8950653,1.1532135,0.6213074,,,,,,-0.7869319,-0.65350056,0.8192053,0.0,0.0,0.0,0.0
,,-5.934441,-6.6312995,-5.1291738,1665674994444,,-0.78533936,-0.31045532,1.1060028,,,,,,-0.54034173,-0.7762134,0.20589207,0.0,0.0,0.0,0.0
,,-5.03462,-5.766833,-5.217399,1665674994695,,1.5582428,-2.484665,-2.0354614,,,,,,0.54027367,-0.57167315,0.59772015,0.0,0.0,0.0,0.0
,,-5.274119,-6.213232,-5.173265,1665674994945,,-0.6362152,0.021896362,0.29214478,,,,,,0.365052,-0.73771846,0.09892954,0.0,0.0,0.0,0.0
52.49919855,13.33047759,-5.526548,-6.037538,-5.3055863,1665674995000,10.72,0.071121216,-1.4108734,-0.21279907,,,,,,0.080099374,-0.42175686,0.028186416,0.0,0.0,0.0,0.0
,,-6.2905774,-6.6832547,-4.8403525,1665674995197,,-1.2732391,2.8427277,0.8631134,,,,,,-0.5320973,-0.5865497,-0.12614861,0.0,0.0,0.0,0.0
,,-5.077276,-5.6966434,-5.526891,1665674995703,,1.7446594,-1.066803,-1.837326,,,,,,0.53883374,-0.47793433,0.21362096,0.0,0.0,0.0,0.0
,,-5.411108,-6.2181406,-5.062576,1665674995955,,-1.1027985,0.3574524,0.51797485,,,,,,0.08047791,-0.47210044,0.080024965,0.0,0.0,0.0,0.0
,,-6.0336404,-6.570767,-5.015091,1665674996209,,-1.2956085,2.9961243,1.0495453,,,,,,-0.61611,-0.5165025,0.03229947,0.0,0.0,0.0,0.0
,,-5.0655055,-5.411894,-5.176301,1665674996461,,1.1811371,-1.7091522,-1.6264038,,,,,,0.24166116,-0.063220456,0.71571916,0.0,0.0,0.0,0.0
,,-4.792008,-5.692972,-5.536109,1665674996715,,1.0415802,1.5516205,-1.9086914,,,,,,0.4498519,-0.39306253,0.37519518,0.0,0.0,0.0,0.0
,,-5.1425185,-6.2657046,-5.151001,1665674996968,,-2.0508728,-0.2263031,1.5981598,,,,,,0.034689937,-0.2769772,0.13324918,0.0,0.0,0.0,0.0
,,-5.0361767,-6.560392,-5.2931366,1665674997220,,-1.2998657,0.7856903,1.1475525,,,,,,0.049735244,-0.57772166,0.13460469,0.0,0.0,0.0,0.0
,,-4.566594,-5.538586,-5.2942142,1665674997472,,1.4719543,-0.9762573,-2.1462555,,,,,,0.5786526,-0.2235996,0.780736,0.0,0.0,0.0,0.0
,,-4.9476314,-6.0538177,-5.363966,1665674997724,,-0.28573608,1.0349731,0.66711426,,,,,,0.10844417,-0.4383557,0.3708541,0.0,0.0,0.0,0.0
,,-5.5184093,-6.8453403,-5.1951747,1665674997978,,-0.5147705,1.115921,1.1965485,,,,,,-0.4221417,-0.61295044,0.025243767,0.0,0.0,0.0,0.0
52.4990646,13.33044273,-4.765553,-5.8396163,-5.417995,1665674998000,10.72,1.6924591,-1.0401611,-1.9150848,,,,,,0.5013869,-0.5573529,0.67355126,0.0,0.0,0.0,0.0
,,-4.9819484,-6.2119946,-5.30463,1665674998232,,0.19895935,-1.2447052,0.18135071,,,,,,0.060820103,-0.43263188,0.47171223,0.0,0.0,0.0,0.0
,,-4.9679418,-6.161237,-5.168319,1665674998739,,-1.0804291,-0.011123657,0.6074524,,,,,,0.33656698,-0.4103421,0.28271592,0.0,0.0,0.0,0.0
,,-5.3194113,-6.815293,-5.2392673,1665674998993,,-1.430893,1.7572174,1.2114563,,,,,,0.038530175,-0.66171086,-0.16347013,0.0,0.0,0.0,0.0
,,-4.444211,-5.681799,-5.352034,1665674999245,,1.3036346,-2.0329895,-0.9382477,,,,,,0.9364467,-0.25467968,0.39091855,0.0,0.0,0.0,0.0
,,-4.6663127,-5.5700297,-5.7147956,1665674999497,,1.3654175,-0.43615723,-1.2120209,,,,,,0.78559375,-0.26524222,0.01682852,0.0,0.0,0.0,0.0
,,-5.5856066,-6.3128304,-5.3349957,1665674999752,,-1.3328857,0.28927612,0.7193146,,,,,,-0.081407815,-0.3729948,-0.3923174,0.0,0.0,0.0,0.0
,,-5.6899934,-6.500097,-5.6929293,1665675000003,,-0.75019836,1.1649323,1.1166534,,,,,,-0.23093642,-0.4961833,-0.6798623,0.0,0.0,0.0,0.0
,,-4.680558,-5.5926948,-5.518233,1665675000256,,1.3036346,-1.8934479,-2.169693,,,,,,0.77031815,-0.3264037,0.28295657,0.0,0.0,0.0,0.0
,,-4.459852,-6.0228925,-5.3260975,1665675000508,,0.2064209,0.23602295,0.16963196,,,,,,0.8750745,-0.53737944,0.24520776,0.0,0.0,0.0,0.0
,,-5.180587,-6.8245907,-5.054915,1665675000769,,-0.8258209,1.0179291,0.9430084,,,,,,0.19794019,-0.6917171,-0.07552069,0.0,0.0,0.0,0.0
52.49889159,13.33043622,-4.330286,-6.4374485,-4.434577,1665675001000,11.792,-0.7384796,0.10925293,0.44873047,,,,,,0.87120247,-0.7926224,1.0101988,0.0,0.0,0.0,0.0
,,-4.6930475,-6.5972214,-4.9640546,1665675001024,,-0.282547,-0.83670044,0.80133057,,,,,,0.52026963,-0.8500757,0.47819272,0.0,0.0,0.0,0.0
,,-4.1381116,-6.1142707,-4.8534026,1665675001278,,1.8149719,-1.130722,-1.867157,,,,,,1.1693072,-0.9132993,1.0952617,0.0,0.0,0.0,0.0
,,-5.6004105,-7.148687,-4.6357694,1665675001789,,-1.0537872,1.7423096,1.1443481,,,,,,-0.307781,-1.02153,0.35942784,0.0,0.0,0.0,0.0
,,-5.2028527,-6.144,-4.933249,1665675002043,,0.3267975,-0.8068695,-0.3171997,,,,,,0.0775671,-0.7336,0.7645391,0.0,0.0,0.0,0.0
,,-5.088091,-5.6272116,-4.900129,1665675002298,,1.0383911,-0.9549408,-1.7691498,,,,,,0.26790896,-0.5463893,1.0510116,0.0,0.0,0.0,0.0
,,-5.46841,-6.3214498,-4.6934695,1665675002550,,-0.6404724,-0.190094,0.6095886,,,,,,-0.08275617,-0.5515379,0.60417706,0.0,0.0,0.0,0.0
,,-5.9597406,-6.545548,-4.924709,1665675002801,,-1.079361,0.90927124,0.41996765,,,,,,-0.57194656,-0.35727042,0.11979046,0.0,0.0,0.0,0.0
,,-5.764892,-5.9709797,-5.2811656,1665675003052,,-0.060958862,-0.17837524,0.32409668,,,,,,-0.31785977,-0.40081665,0.42244568,0.0,0.0,0.0,0.0
,,-5.292436,-5.2899094,-5.3644843,1665675003305,,1.3281403,-0.76426697,-1.6817932,,,,,,0.10627082,-0.08160807,0.65839773,0.0,0.0,0.0,0.0
,,-6.0234265,-6.327078,-5.2419004,1665675003557,,0.05834961,-0.021774292,0.026885986,,,,,,-0.6366494,-0.42613557,0.14475985,0.0,0.0,0.0,0.0
,,-5.7423067,-6.6154995,-5.1811285,1665675003809,,-0.70651245,0.02935791,0.46791077,,,,,,-0.48642975,-0.3156564,-0.073832974,0.0,0.0,0.0,0.0
52.49847164,13.33058854,-5.0445166,-5.6591344,-5.5760517,1665675004000,10.72,1.2546387,-0.88464355,-0.9286499,,,,,,0.14938648,-0.2499412,0.39419544,0.0,0.0,0.0,0.0
