88#1#0
key,lat,lon,ts,bike,childCheckBox,trailerCheckBox,pLoc,incident,i1,i2,i3,i4,i5,i6,i7,i8,i9,scary,desc,i10
,,,,1,0,0,0,-5,0,0,0,0,0,0,0,0,0,0,,0

=========================
88#1
lat,lon,X,Y,Z,timeStamp,acc,a,b,c,obsDistanceLeft1,obsDistanceLeft2,obsDistanceRight1,obsDistanceRight2,obsClosePassEvent,XL,YL,ZL,RX,RY,RZ,RC
52.50593372,13.32149996,-2.225976,9.027987,-4.0477586,1662829857000,3.216,-0.66355896,0.4143219,-0.30789185,,,,,,0.27028045,0.79907584,0.023083083,0.0,0.0,0.0,0.0
,,-1.8450582,8.258649,-3.627297,1662829857145,,-1.6659698,0.5336304,0.3855896,,,,,,0.4404377,0.009336773,0.43691418,0.0,0.0,0.0,0.0
,,-1.9809692,9.692097,-3.9090545,1662829857397,,-3.1839752,1.1919556,2.6727142,,,,,,0.021338161,1.244806,-0.1312411,0.0,0.0,0.0,0.0
,,-1.6291015,8.311083,-4.0440874,1662829857648,,1.6352844,1.0140533,-0.10975647,,,,,,0.047402572,-0.108015314,-0.5458434,0.0,0.0,0.0,0.0
,,-2.1030345,8.959512,-4.666619,1662829857899,,1.7258301,-1.9910583,0.2290039,,,,,,-0.31054908,0.89413506,-0.3396123,0.0,0.0,0.0,0.0
,,-2.1455317,7.7541914,-4.193884,1662829858151,,-2.1389465,0.9650574,-0.07885742,,,,,,-0.40263876,-0.0062744617,0.60402024,0.0,0.0,0.0,0.0
,,-1.8863189,9.078263,-3.8213058,1662829858402,,-1.828949,-0.9609375,1.0854645,,,,,,-0.5221744,0.7785352,0.19088139,0.0,0.0,0.0,0.0
,,-1.7442235,9.634955,-3.631126,1662829858654,,2.3511505,-1.6735992,-0.97262573,,,,,,-0.61552083,0.9511042,-0.29826245,0.0,0.0,0.0,0.0
,,-1.8149322,8.215353,-3.6686747,1662829858906,,-2.30513,1.8598785,-0.18112183,,,,,,-0.59398234,0.0044790586,0.4854196,0.0,0.0,0.0,0.0
,,-1.9267812,9.210065,-3.5586216,1662829859158,,-2.8547974,-2.563095,1.5765533,,,,,,-0.7072947,1.1942989,1.1297927,0.0,0.0,0.0,0.0
,,-1.846695,8.537573,-2.7941535,1662829859409,,2.0954742,2.3435059,-1.056778,,,,,,-0.9529814,0.15898317,1.0624775,0.0,0.0,0.0,0.0
,,-2.4450862,9.790816,-4.1837873,1662829859661,,-0.17353821,0.8553314,-0.8692932,,,,,,-1.3823556,1.3739936,-0.3975009,0.0,0.0,0.0,0.0
52.50594372,13.32138084,-2.0905452,8.776114,-3.4485676,1662829860000,4.288,-2.416977,-4.345291,0.44950867,,,,,,-0.7775918,0.6856506,0.79145634,0.0,0.0,0.0,0.0
,,-2.5114853,9.191748,-3.3688009,1662829860164,,4.146118,2.6811981,-1.1878052,,,,,,-1.068924,1.1120371,0.7533056,0.0,0.0,0.0,0.0
,,-2.4000347,8.964657,-3.345697,1662829860415,,-2.4702454,2.7664185,0.121414185,,,,,,-0.7836622,1.3006686,0.90682244,0.0,0.0,0.0,0.0
,,-2.1150446,8.392563,-4.1504283,1662829860666,,-0.8073578,-0.7851715,0.3163452,,,,,,-0.3793831,1.0716393,0.55062634,0.0,0.0,0.0,0.0
,,-1.578862,8.753729,-5.1464562,1662829860918,,4.890732,-1.779068,0.583725,,,,,,0.3221585,2.0044253,0.6820577,0.0,0.0,0.0,0.0
,,-1.2031316,7.0180936,-4.443958,1662829861169,,-5.3752136,1.6020813,-0.059692383,,,,,,0.550131,1.159588,1.8721011,0.0,0.0,0.0,0.0
,,-1.4210037,7.3487334,-5.789859,1662829861421,,2.2115936,0.1671753,-0.51348877,,,,,,0.09877995,1.5366615,0.7533528,0.0,0.0,0.0,0.0
,,-1.0763983,6.8811855,-6.528031,1662829861672,,3.9948425,-1.4797211,0.15122986,,,,,,0.330167,1.7999073,1.0753193,0.0,0.0,0.0,0.0
,,-0.9548131,6.046487,-6.7718005,1662829861931,,-3.3821106,-0.24508667,-0.46875,,,,,,0.10732753,1.3265023,1.0450866,0.0,0.0,0.0,0.0
,,-1.2037308,6.185631,-6.991149,1662829862181,,-0.21720886,-0.6275177,0.5826721,,,,,,-0.20447902,1.3385938,0.7501798,0.0,0.0,0.0,0.0
,,-1.3669754,5.903314,-6.6172137,1662829862435,,1.7055969,1.1994171,0.4601593,,,,,,-0.40695116,0.9031016,0.96410584,0.0,0.0,0.0,0.0
,,-1.1312267,6.512518,-7.042823,1662829862689,,0.28453064,0.46011353,0.42288208,,,,,,-0.2784033,1.3799763,0.5426251,0.0,0.0,0.0,0.0
52.50593882,13.32103016,-0.9756032,5.258315,-6.7715592,1662829863000,5.36,-2.3296204,-1.1196594,-0.4144287,,,,,,-0.15540741,0.81228054,1.2780416,0.0,0.0,0.0,0.0
,,-1.0731273,5.700963,-6.976543,1662829863194,,0.6083679,0.75413513,-0.07460022,,,,,,-0.1178246,0.78640515,0.7603538,0.0,0.0,0.0,0.0
,,-0.73917645,7.061907,-7.2615724,1662829863445,,3.522934,-0.67225647,-0.060760498,,,,,,0.26094744,1.3543953,0.12507643,0.0,0.0,0.0,0.0
,,-0.956131,5.5863595,-7.001961,1662829863697,,-1.8364105,0.6646576,0.041519165,,,,,,0.104445465,0.84143406,0.8573553,0.0,0.0,0.0,0.0
,,-1.0296727,5.083338,-7.1201553,1662829863950,,-2.4894104,-0.67225647,0.4100952,,,,,,-0.0076551377,0.7088307,0.97801685,0.0,0.0,0.0,0.0
,,-1.0371745,6.2730565,-6.9742684,1662829864202,,1.1708374,1.6425629,-0.37394714,,,,,,-0.12767829,0.94497013,0.5071317,0.0,0.0,0.0,0.0
,,-0.9025004,6.8517747,-7.0937796,1662829864455,,3.50589,-1.0845184,-0.17260742,,,,,,-0.1444019,1.1158671,0.20859534,0.0,0.0,0.0,0.0
,,-0.9781972,5.0883255,-7.0178437,1662829864705,,-3.0295105,0.88516235,-0.19711304,,,,,,-0.4074091,0.39649817,0.9324381,0.0,0.0,0.0,0.0
,,-1.2247198,5.156042,-6.7400765,1662829864958,,-1.3794098,-0.42404175,0.7626953,,,,,,-0.84806615,0.46130836,1.1321076,0.0,0.0,0.0,0.0
,,-0.9692581,6.5117583,-6.7897964,1662829865208,,1.7769623,0.18101501,-0.7893982,,,,,,-0.7831147,0.6773574,0.47267646,0.0,0.0,0.0,0.0
,,-0.97380775,6.5002265,-6.8635783,1662829865460,,2.997757,-0.6498871,-0.21734619,,,,,,-0.87647635,0.7120772,0.48421773,0.0,0.0,0.0,0.0
,,-0.8590459,4.911395,-6.7777467,1662829865711,,-3.6377716,-0.30473328,-0.5145569,,,,,,-0.7745386,0.13682023,1.2218846,0.0,0.0,0.0,0.0
52.50597141,13.32074192,-1.0936782,5.210032,-7.2407446,1662829866000,5.36,-0.61135864,-0.15026855,0.39517212,,,,,,-0.80101544,0.24553974,0.5151476,0.0,0.0,0.0,0.0
,,-0.8175466,6.800181,-7.238071,1662829866214,,1.9346313,1.1781158,-0.16621399,,,,,,-0.41160214,0.84059054,-0.023453586,0.0,0.0,0.0,0.0
,,-0.8936422,5.991659,-7.463724,1662829866469,,0.73727417,0.5251007,0.41116333,,,,,,-0.27439734,0.60741353,0.12600411,0.0,0.0,0.0,0.0
,,-0.95038503,4.7737284,-7.484634,1662829866722,,-3.3597412,-0.3995514,-0.55822754,,,,,,-0.2619693,0.26876158,0.7000268,0.0,0.0,0.0,0.0
,,-1.0694966,5.5199614,-7.5296845,1662829866972,,1.3114471,-1.0365753,-0.11508179,,,,,,-0.238565,0.50094557,0.1844165,0.0,0.0,0.0,0.0
,,-0.8873779,6.90357,-7.6082144,1662829867222,,2.2605896,-0.016052246,0.046844482,,,,,,0.0144815985,1.0474486,-0.3157368,0.0,0.0,0.0,0.0
,,-0.9526993,5.686478,-6.911543,1662829867474,,-0.87553406,0.8553314,-0.099105835,,,,,,-0.03891079,0.62354237,0.8432452,0.0,0.0,0.0,0.0
,,-1.0949951,4.973924,-6.91254,1662829867725,,-2.1165771,-1.5958405,-0.32814026,,,,,,-0.23693927,0.46288517,1.2254306,0.0,0.0,0.0,0.0
,,-1.128514,6.015282,-6.9662504,1662829867977,,0.7894592,1.723526,-0.35902405,,,,,,-0.25389662,0.66786706,0.5611221,0.0,0.0,0.0,0.0
,,-0.9171458,7.087327,-7.2135315,1662829868228,,2.934906,-0.24295044,-0.11508179,,,,,,-0.017940883,1.1845661,0.050359264,0.0,0.0,0.0,0.0
,,-0.9370173,5.4374027,-6.9115033,1662829868479,,-2.3232422,0.7030029,-0.03944397,,,,,,0.020138761,0.5880741,0.96391034,0.0,0.0,0.0,0.0
,,-1.1872909,5.132302,-6.9433856,1662829868732,,-1.955719,-1.127121,0.3547058,,,,,,-0.23648615,0.5596017,1.0779312,0.0,0.0,0.0,0.0
52.50599105,13.3204383,-1.1285136,6.3972774,-7.1640105,1662829869000,4.288,1.0206299,0.35679626,-0.30682373,,,,,,-0.19096455,0.81954104,0.21483842,0.0,0.0,0.0,0.0
,,-1.0299124,6.7432,-7.419951,1662829869234,,4.036392,-1.1974335,-0.30577087,,,,,,-0.055011965,0.94804007,-0.16843039,0.0,0.0,0.0,0.0
,,-1.0198964,5.0452724,-7.2962904,1662829869487,,-3.7496185,1.1003418,0.16827393,,,,,,-0.04901147,0.32994998,0.6351405,0.0,0.0,0.0,0.0
,,-1.146989,5.217095,-7.014892,1662829869739,,-0.7072296,-2.004898,0.18638611,,,,,,-0.1533433,0.43863684,0.78209865,0.0,0.0,0.0,0.0
,,-1.1898453,6.600784,-7.0601816,1662829869992,,3.0329132,-1.9729462,-0.93214417,,,,,,-0.22046168,0.74928737,0.14912301,0.0,0.0,0.0,0.0
,,-1.1957514,6.312841,-7.2920203,1662829870243,,2.0305023,-0.34414673,0.614624,,,,,,-0.19568735,0.70966315,0.08771038,0.0,0.0,0.0,0.0
,,-1.0724101,4.918777,-6.9436646,1662829870493,,-3.3171234,-0.42085266,-0.5518341,,,,,,-0.16185601,0.24045609,1.0873477,0.0,0.0,0.0,0.0
,,-1.2205312,5.5818105,-6.7930694,1662829870745,,0.7788086,-1.5649414,0.11502075,,,,,,-0.30529055,0.53307307,0.86387724,0.0,0.0,0.0,0.0
,,-0.94571686,7.094666,-6.822478,1662829870995,,1.947403,0.49420166,0.13206482,,,,,,-0.11574106,1.1017579,0.3431322,0.0,0.0,0.0,0.0
,,-1.1132705,5.8497615,-6.965612,1662829871246,,-0.15222168,0.4739685,0.018081665,,,,,,-0.2833772,0.5596169,0.62840974,0.0,0.0,0.0,0.0
,,-0.92165476,5.11546,-7.0094666,1662829871498,,-2.6140594,-1.2964935,-0.43466187,,,,,,-0.20830058,0.4368367,1.0177583,0.0,0.0,0.0,0.0
,,-0.8669464,5.976096,-6.848417,1662829871750,,1.6704407,0.6028595,-0.48579407,,,,,,-0.19704625,0.6074563,0.57791275,0.0,0.0,0.0,0.0
52.50601778,13.32014108,-0.7266459,7.1310596,-7.0372787,1662829872000,4.288,3.1373138,-0.31752014,0.06707764,,,,,,-0.047982156,1.047644,0.0147699835,0.0,0.0,0.0,0.0
,,-0.7680257,5.4050803,-6.754084,1662829872254,,-2.6524048,0.36637878,-0.44424438,,,,,,-0.1532242,0.26444066,0.9305724,0.0,0.0,0.0,0.0
,,-1.0427201,5.042718,-6.8230767,1662829872507,,-2.3796997,0.2779541,0.28546143,,,,,,-0.45772654,0.14936556,1.0173823,0.0,0.0,0.0,0.0
,,-1.1872101,6.2809196,-6.807355,1662829872758,,0.738327,0.9735718,-0.48686218,,,,,,-0.5655135,0.4356479,0.34302375,0.0,0.0,0.0,0.0
,,-1.0839005,6.8222885,-7.105871,1662829873009,,4.076874,-1.2474976,0.24391174,,,,,,-0.3835287,0.8136855,-0.0073271114,0.0,0.0,0.0,0.0
,,-1.1196141,5.180544,-6.919282,1662829873261,,-3.1754456,0.7498779,-0.5752716,,,,,,-0.4012331,0.23986934,0.917342,0.0,0.0,0.0,0.0
,,-1.2775116,5.207838,-6.9185243,1662829873512,,-0.9841919,-0.25680542,0.67533875,,,,,,-0.44732332,0.28767526,0.9508411,0.0,0.0,0.0,0.0
,,-1.2337372,6.763949,-7.150283,1662829873764,,1.9814911,0.83828735,-0.35157776,,,,,,-0.26544526,0.8571968,0.11244234,0.0,0.0,0.0,0.0
,,-1.0929189,6.5303946,-7.067603,1662829874015,,2.8124084,-0.728714,0.2886505,,,,,,-0.10354498,0.8604283,0.25029853,0.0,0.0,0.0,0.0
,,-0.7957987,5.082621,-6.8227954,1662829874265,,-3.2574768,0.27583313,-0.6924591,,,,,,0.10588564,0.36204064,1.214435,0.0,0.0,0.0,0.0
,,-0.9084854,5.508868,-6.9309335,1662829874517,,0.67015076,-0.9012909,0.44631958,,,,,,0.04840727,0.40114668,0.7228133,0.0,0.0,0.0,0.0
,,-0.84424084,6.928351,-7.0466547,1662829874768,,1.4360809,1.4188538,0.27374268,,,,,,0.13706033,0.8683916,0.1111159,0.0,0.0,0.0,0.0
52.50604092,13.31984574,-0.87767994,6.0946097,-7.072273,1662829875000,3.216,0.3995819,1.3293762,0.009552002,,,,,,-0.024580942,0.65199447,0.42041305,0.0,0.0,0.0,0.0
,,-0.73139495,5.047426,-6.8979745,1662829875271,,-2.510727,-1.699173,-0.8362732,,,,,,-0.07259937,0.28290218,1.051201,0.0,0.0,0.0,0.0
,,-0.9283976,5.938708,-7.1878324,1662829875522,,1.8131866,-1.6416473,-0.08206177,,,,,,-0.13772386,0.5149344,0.3841014,0.0,0.0,0.0,0.0
,,-0.77788186,7.179144,-7.3981223,1662829875777,,2.2574005,-0.046951294,0.487854,,,,,,0.05270564,1.0371363,-0.21617588,0.0,0.0,0.0,0.0
,,-0.86738485,5.7341237,-6.970717,1662829876031,,-2.128296,0.544281,-0.45703125,,,,,,-0.06444518,0.49603212,0.839159,0.0,0.0,0.0,0.0
,,-0.9024195,5.3329754,-6.9443407,1662829876281,,-2.1080475,-1.1548157,-0.17474365,,,,,,-0.18513411,0.40602207,1.0409987,0.0,0.0,0.0,0.0
,,-1.0554092,6.423894,-6.9645314,1662829876531,,1.0153046,0.9160614,-0.2738037,,,,,,-0.18747492,0.6260008,0.36516806,0.0,0.0,0.0,0.0
,,-0.97364706,7.162345,-7.0054727,1662829876782,,3.108551,-0.9428253,0.17999268,,,,,,-0.011211066,0.96360654,0.12483975,0.0,0.0,0.0,0.0
,,-0.7951996,5.469206,-6.7627015,1662829877035,,-2.9986115,0.7850189,0.0074310303,,,,,,0.0622643,0.32138747,1.0326412,0.0,0.0,0.0,0.0
,,-1.0209732,5.3719616,-6.8259096,1662829877288,,-1.8726349,-0.3611908,0.8340759,,,,,,-0.15459794,0.28197238,0.9365005,0.0,0.0,0.0,0.0
,,-1.15864,6.8424,-7.099647,1662829877540,,2.8805847,0.8702545,-0.3952484,,,,,,-0.21999782,0.7715863,-0.031572483,0.0,0.0,0.0,0.0
,,-1.0381724,6.7788343,-7.2368345,1662829877793,,2.9753876,-0.68504333,0.52194214,,,,,,-0.0136074545,0.79150224,0.051929586,0.0,0.0,0.0,0.0
52.50606195,13.31955325,-0.7474365,5.1998186,-6.942349,1662829878000,3.216,-2.8686523,0.1991272,-0.7648926,,,,,,0.14526668,0.1848258,1.1085727,0.0,0.0,0.0,0.0
,,-1.1753199,5.6915073,-7.1399894,1662829878295,,0.07147217,-1.9015656,-0.046905518,,,,,,-0.14526202,0.51943654,0.63574135,0.0,0.0,0.0,0.0
,,-1.0532552,6.9895234,-7.1180425,1662829878547,,1.9175873,1.850296,0.15550232,,,,,,0.019562364,0.8559051,0.08111982,0.0,0.0,0.0,0.0
,,-1.1078426,6.4192243,-6.98265,1662829878801,,0.33140564,0.9000702,0.08305359,,,,,,-0.06555393,0.75669295,0.5525233,0.0,0.0,0.0,0.0
,,-0.8717743,5.174319,-6.666017,1662829879053,,-2.9794464,-0.8650665,-0.82881165,,,,,,-0.019234054,0.21070261,1.4351333,0.0,0.0,0.0,0.0
,,-1.1174195,5.9273753,-6.6308217,1662829879305,,1.1687012,0.29180908,-0.23864746,,,,,,-0.23985969,0.4480267,0.8780182,0.0,0.0,0.0,0.0
,,-1.0468303,7.338756,-6.8151746,1662829879555,,2.5088043,0.028686523,0.40370178,,,,,,-0.12344066,1.0648808,0.13909718,0.0,0.0,0.0,0.0
,,-0.930512,5.852636,-6.5619884,1662829879807,,-0.6699524,0.31524658,-0.5529022,,,,,,-0.17367195,0.30162102,1.0677212,0.0,0.0,0.0,0.0
,,-1.0716903,5.38876,-6.8341293,1662829880060,,-1.686203,-1.858963,-0.611496,,,,,,-0.46783254,0.27103895,1.11799,0.0,0.0,0.0,0.0
,,-1.1912415,6.361483,-6.898094,1662829880312,,0.94924927,1.2249756,-0.18006897,,,,,,-0.44061783,0.48068488,0.42149836,0.0,0.0,0.0,0.0
,,-1.0889695,7.2509294,-7.049527,1662829880564,,2.3894958,0.18315125,0.7541809,,,,,,-0.25736922,0.9116894,-0.008054272,0.0,0.0,0.0,0.0
,,-1.0345017,5.597334,-7.2030354,1662829880817,,-2.577835,0.5485382,-0.20350647,,,,,,-0.2968604,0.2244174,0.5201788,0.0,0.0,0.0,0.0
52.50608133,13.31927743,-1.3024129,5.277509,-7.267639,1662829881000,3.216,-1.7810211,-0.77345276,0.22367859,,,,,,-0.59868276,0.098991424,0.49198183,0.0,0.0,0.0,0.0
,,-1.3907592,6.546755,-7.3062654,1662829881319,,1.3881378,0.29499817,-0.18751526,,,,,,-0.5295199,0.4368595,-0.3592781,0.0,0.0,0.0,0.0
,,-1.204131,7.022163,-7.316081,1662829881572,,3.7828674,-0.80114746,0.21728516,,,,,,-0.27082214,0.743735,-0.4526569,0.0,0.0,0.0,0.0
,,-1.0956731,5.3703637,-7.551671,1662829881832,,-2.6119232,0.51763916,-0.4186859,,,,,,-0.42664775,0.01993049,-0.033873353,0.0,0.0,0.0,0.0
,,-1.2811834,5.5417485,-7.176739,1662829882085,,-1.4507904,-1.2528229,0.4090271,,,,,,-0.62356204,0.12237819,0.21825811,0.0,0.0,0.0,0.0
,,-1.3045268,6.988883,-6.87491,1662829882335,,1.7194366,0.26411438,-0.5060272,,,,,,-0.5323774,0.5901358,-0.18615885,0.0,0.0,0.0,0.0
,,-1.0850978,6.9251175,-6.9822893,1662829882588,,2.6068115,-0.107666016,0.34191895,,,,,,-0.36945188,0.68057865,-0.041603882,0.0,0.0,0.0,0.0
,,-0.7734522,5.4655323,-6.9399114,1662829882842,,-2.989029,-0.34202576,-1.0386658,,,,,,-0.26237673,0.17453228,0.7490038,0.0,0.0,0.0,0.0
,,-0.99252164,5.8221893,-6.722079,1662829883095,,-0.7754059,-0.49435425,0.25349426,,,,,,-0.35195714,0.31425518,0.70441383,0.0,0.0,0.0,0.0
,,-0.9771993,7.19686,-6.352295,1662829883348,,1.0600433,1.4337769,0.056427002,,,,,,-0.11263266,0.8335408,0.5372755,0.0,0.0,0.0,0.0
,,-0.92732036,6.5316715,-6.791392,1662829883600,,0.9481964,0.33229065,0.30143738,,,,,,-0.14791708,0.63951045,0.48713785,0.0,0.0,0.0,0.0
,,-0.6953613,5.40496,-6.7686076,1662829883854,,-3.3480225,-0.7393646,-0.7957916,,,,,,-0.12510407,0.26810467,1.1000609,0.0,0.0,0.0,0.0
52.5061005,13.3189919,-0.966305,6.1369076,-6.712105,1662829884000,3.216,0.7809448,-1.0813141,0.111816406,,,,,,-0.23195113,0.52198374,0.67038643,0.0,0.0,0.0,0.0
,,-0.8930425,7.459944,-6.765935,1662829884358,,1.324234,0.6923523,0.5389862,,,,,,-0.046656746,1.0417464,0.07588107,0.0,0.0,0.0,0.0
,,-0.89763135,6.31372,-6.8021674,1662829884610,,-0.108551025,0.895813,0.5251465,,,,,,-0.19301838,0.54337007,0.5654737,0.0,0.0,0.0,0.0
,,-0.7778814,5.5216784,-7.004038,1662829884861,,-2.49794,-1.0504303,-1.0930023,,,,,,-0.293755,0.29820448,0.6855138,0.0,0.0,0.0,0.0
,,-0.86219734,6.4906116,-6.8728747,1662829885113,,1.4605865,-0.31219482,-0.108688354,,,,,,-0.1761705,0.5978953,0.20598368,0.0,0.0,0.0,0.0
,,-0.8018636,7.47028,-6.8305373,1662829885366,,1.9133148,-0.082092285,0.30036926,,,,,,0.015640318,0.9472588,-0.16362686,0.0,0.0,0.0,0.0
,,-0.643368,6.152631,-6.925627,1662829885618,,-1.1493073,0.57943726,-0.21202087,,,,,,-0.028229767,0.37663066,0.3732171,0.0,0.0,0.0,0.0
,,-0.9073293,5.5887556,-7.2768173,1662829885870,,-2.7312317,-0.40594482,-0.5294647,,,,,,-0.40137857,0.18059978,0.30476493,0.0,0.0,0.0,0.0
,,-0.92257285,6.715905,-7.258861,1662829886121,,0.9737549,0.41004944,-0.07460022,,,,,,-0.33418456,0.4656654,-0.4521622,0.0,0.0,0.0,0.0
,,-0.7150355,7.5355997,-7.0634546,1662829886372,,2.790039,-0.49009705,1.0226135,,,,,,-0.08289953,0.8572021,-0.43061888,0.0,0.0,0.0,0.0
,,-0.683871,5.9466476,-6.9755874,1662829886628,,-2.4446716,0.4654541,-0.43147278,,,,,,-0.28190628,0.1436019,0.35640615,0.0,0.0,0.0,0.0
,,-0.68283385,5.8840795,-6.671644,1662829886880,,-1.4294739,-1.6150208,-0.48686218,,,,,,-0.37420374,0.2475929,0.77465564,0.0,0.0,0.0,0.0
52.5061216,13.31871618,-0.71994376,7.062227,-6.494514,1662829887000,3.216,1.181488,1.278244,0.29185486,,,,,,-0.22223517,0.64778715,0.27564076,0.0,0.0,0.0,0.0
,,-0.3590576,7.4995275,-6.3350596,1662829887385,,3.8318634,-1.1026154,0.48573303,,,,,,0.12413361,0.9713861,0.3909748,0.0,0.0,0.0,0.0
,,-0.30949757,5.9866314,-6.2387323,1662829887639,,-2.576767,0.2502594,-1.059967,,,,,,-0.030525839,0.3958828,1.2819095,0.0,0.0,0.0,0.0
,,-0.5521891,6.07414,-6.4423995,1662829887891,,-1.4742126,-0.20353699,0.8543091,,,,,,-0.19602895,0.44670963,0.9815799,0.0,0.0,0.0,0.0
,,-0.512206,7.4419875,-6.4787917,1662829888153,,1.8600616,1.1610718,0.06600952,,,,,,0.008428291,0.96180207,0.31217065,0.0,0.0,0.0,0.0
,,-0.5966817,7.1214037,-6.927584,1662829888406,,1.7844238,-0.44854736,0.5379181,,,,,,-0.15959726,0.8898505,0.081375614,0.0,0.0,0.0,0.0
,,-0.39612782,5.8631306,-6.6866865,1662829888658,,-3.0635986,0.12136841,-1.0301514,,,,,,-0.30446094,0.32908636,0.9456998,0.0,0.0,0.0,0.0
,,-0.7230962,6.3395777,-6.623919,1662829888911,,0.6243439,-0.90341187,0.121414185,,,,,,-0.526799,0.4467163,0.58721644,0.0,0.0,0.0,0.0
,,-0.48267823,7.5837646,-6.572324,1662829889162,,1.2922668,1.2707825,0.49317932,,,,,,-0.19977942,0.8886599,0.0131149925,0.0,0.0,0.0,0.0
,,-0.44784242,6.76375,-6.622043,1662829889412,,0.4539032,0.51338196,0.18852234,,,,,,-0.39332628,0.55917865,0.40581125,0.0,0.0,0.0,0.0
,,-0.37681478,5.852357,-6.940392,1662829889665,,-2.2017975,-1.1782532,-1.439209,,,,,,-0.64052856,0.12876834,0.5013842,0.0,0.0,0.0,0.0
,,-0.51009214,6.647591,-7.0405498,1662829889917,,1.3370056,-0.1492157,0.013809204,,,,,,-0.56854606,0.35219544,-0.21180958,0.0,0.0,0.0,0.0
52.50613916,13.31844211,-0.40594432,7.7033935,-7.234241,1662829890000,3.216,1.9197083,-0.070373535,0.7797394,,,,,,-0.28512114,0.83287585,-0.8085547,0.0,0.0,0.0,0.0
,,-0.30131733,6.16871,-7.340383,1662829890421,,-1.3783417,-0.20353699,-0.34518433,,,,,,-0.3884382,0.054958183,-0.18637346,0.0,0.0,0.0,0.0
,,-0.40929565,5.8457723,-7.439623,1662829890675,,-1.6286774,-1.5063629,-1.1760864,,,,,,-0.62433964,0.04223911,0.028018156,0.0,0.0,0.0,0.0
,,-0.52936554,6.838608,-7.2582216,1662829890927,,0.005432129,1.2761078,0.40156555,,,,,,-0.4349086,0.34404272,-0.46754333,0.0,0.0,0.0,0.0
,,-0.21504669,7.650602,-6.967047,1662829891180,,3.0169373,-0.92152405,0.8085022,,,,,,0.07587157,0.8798504,-0.3365118,0.0,0.0,0.0,0.0
,,-0.16137594,6.0564218,-6.8455405,1662829891431,,-2.2177734,0.48355103,-0.75743103,,,,,,-0.08517378,0.1567091,0.5205016,0.0,0.0,0.0,0.0
,,-0.38228098,5.990023,-7.0018015,1662829891682,,-1.3858032,-1.2581482,0.055358887,,,,,,-0.32229108,0.21476707,0.3989977,0.0,0.0,0.0,0.0
,,-0.47062683,7.3062353,-6.639679,1662829891941,,1.722641,-0.44108582,-0.011749268,,,,,,-0.12653747,0.7588454,0.07025954,0.0,0.0,0.0,0.0
,,-0.3910197,7.4375577,-6.7018886,1662829892197,,2.4225159,-0.56785583,0.232193,,,,,,0.051235676,0.937938,0.1055435,0.0,0.0,0.0,0.0
,,-0.20379283,6.009457,-6.547463,1662829892450,,-3.088089,-0.1534729,-0.53479004,,,,,,-0.07626691,0.33204877,0.9615303,0.0,0.0,0.0,0.0
,,-0.47964427,6.3085723,-6.44104,1662829892701,,-0.46647644,-0.714859,0.6050415,,,,,,-0.32628503,0.49454936,0.86864084,0.0,0.0,0.0,0.0
,,-0.5268107,7.570038,-6.2921605,1662829892953,,1.1378021,0.6774292,-0.18006897,,,,,,-0.22992466,0.9252206,0.38142854,0.0,0.0,0.0,0.0
52.50614771,13.31814903,-0.38132325,7.382971,-6.2758803,1662829893000,3.216,1.7993317,0.23535156,0.34724426,,,,,,-0.20764984,0.8804557,0.51909137,0.0,0.0,0.0,0.0
,,-0.18364207,6.1904583,-6.6016917,1662829893456,,-1.0843353,-0.18649292,-0.32919312,,,,,,-0.37647828,0.57885635,0.8375324,0.0,0.0,0.0,0.0
,,-0.35259196,6.017677,-6.47416,1662829893707,,-1.8566437,-0.9066162,-0.22587585,,,,,,-0.5914361,0.44988668,0.9609374,0.0,0.0,0.0,0.0
,,-0.65446115,7.390352,-6.5201693,1662829893958,,0.45285034,0.28755188,-0.07034302,,,,,,-0.5660185,1.0337219,0.2750176,0.0,0.0,0.0,0.0
,,-0.85006714,7.122321,-6.510513,1662829894208,,1.4605865,0.77864075,0.07772827,,,,,,-0.74723965,0.73706836,0.28711632,0.0,0.0,0.0,0.0
,,-0.7051773,6.6782765,-6.7759905,1662829894462,,1.3774872,0.3802185,0.23751831,,,,,,-0.7783741,0.7972577,0.53584343,0.0,0.0,0.0,0.0
,,-0.6727758,5.887632,-6.7822146,1662829894714,,-2.132553,-0.6317749,-0.45596313,,,,,,-0.82067543,0.38964984,0.808427,0.0,0.0,0.0,0.0
,,-0.9280375,6.9706893,-6.586968,1662829894966,,-1.541336,-0.51246643,-0.12573242,,,,,,-0.80801237,0.79267883,0.56172526,0.0,0.0,0.0,0.0
,,-0.9993057,7.4557548,-6.3422403,1662829895219,,1.2198334,0.7157898,-0.13531494,,,,,,-0.62395376,0.77821803,0.3039993,0.0,0.0,0.0,0.0
,,-0.80808866,7.20153,-6.511071,1662829895474,,1.8142548,0.35040283,0.24391174,,,,,,-0.541848,0.7905417,0.47651806,0.0,0.0,0.0,0.0
,,-0.64624125,6.167993,-6.773117,1662829895726,,-0.7572937,0.45373535,0.11820984,,,,,,-0.4980766,0.5329889,0.7805903,0.0,0.0,0.0,0.0
,,-0.6383408,5.9827213,-6.81318,1662829895983,,-1.6425323,-0.56892395,-0.15556335,,,,,,-0.42512062,0.46304828,0.7832952,0.0,0.0,0.0,0.0
52.50617508,13.31790794,-0.97165376,6.923363,-6.7095513,1662829896000,3.216,-1.0694122,-0.22590637,0.09158325,,,,,,-0.38619405,0.78030777,0.44289535,0.0,0.0,0.0,0.0
,,-1.0811086,7.0048456,-6.410236,1662829896488,,0.29092407,0.21617126,-0.10656738,,,,,,-0.36485732,0.6176618,0.4383253,0.0,0.0,0.0,0.0
,,-1.151498,6.933019,-6.285818,1662829896742,,0.021408081,-0.46879578,-0.17260742,,,,,,-0.45749563,0.54779166,0.57498777,0.0,0.0,0.0,0.0
,,-1.3581574,7.017375,-5.929201,1662829896993,,0.012893677,-0.1023407,-0.12361145,,,,,,-0.52202713,0.35336596,0.60084194,0.0,0.0,0.0,0.0
,,-1.6272659,7.858377,-5.3774567,1662829897243,,-0.14370728,0.45692444,0.031921387,,,,,,-0.49508798,0.37044907,0.51409984,0.0,0.0,0.0,0.0
,,-2.1197133,8.619534,-4.771325,1662829897497,,-0.44091797,0.36637878,-0.27061462,,,,,,-0.6146625,0.41205457,0.33745965,0.0,0.0,0.0,0.0
,,-2.309573,8.881379,-4.007016,1662829897751,,-0.7477112,-0.8032837,-0.06713867,,,,,,-0.5900368,0.35133702,0.4331915,0.0,0.0,0.0,0.0
,,-2.5823925,8.837965,-3.1211216,1662829898002,,-0.5793915,0.61990356,0.07347107,,,,,,-0.58885455,0.13900372,0.57325715,0.0,0.0,0.0,0.0
,,-2.6695817,8.97635,-2.069309,1662829898253,,-0.46221924,-0.48902893,0.088378906,,,,,,-0.3962931,0.12294862,0.5990466,0.0,0.0,0.0,0.0
,,-2.6704996,9.23656,-1.0769119,1662829898504,,0.0118255615,-0.07357788,0.014877319,,,,,,-0.1946159,0.23626633,0.34609714,0.0,0.0,0.0,0.0
,,-2.6983118,9.46828,-0.09951935,1662829898756,,-0.03718567,0.17356873,0.015945435,,,,,,-0.06145989,0.27870014,0.056590524,0.0,0.0,0.0,0.0
52.50617445,13.31782289,-2.4182303,9.476859,1.3186457,1662829899000,3.216,0.026733398,-0.07676697,-0.03199768,,,,,,0.3324981,0.16658856,-0.22902118,0.0,0.0,0.0,0.0
,,-2.526887,9.525463,0.78701323,1662829899007,,-0.054229736,0.05531311,-0.0884552,,,,,,0.20129056,0.23072039,-0.0595038,0.0,0.0,0.0,0.0
,,-2.183877,9.572388,1.4844447,1662829899509,,0.1013031,0.012710571,-0.0927124,,,,,,0.49097475,0.29025513,-0.40769196,0.0,0.0,0.0,0.0
,,-2.3167558,9.627614,1.2282252,1662829899761,,-0.038238525,0.368515,0.04045105,,,,,,0.29011726,0.32880908,-0.73436445,0.0,0.0,0.0,0.0
,,-2.2304845,9.565204,1.0817393,1662829900012,,-0.31733704,-0.64456177,0.09158325,,,,,,0.2582836,0.21815087,-0.7155218,0.0,0.0,0.0,0.0
,,-2.0826025,9.588908,1.1410354,1662829900263,,-0.35462952,-0.46347046,-0.036254883,,,,,,0.2046421,0.21384545,-0.72063917,0.0,0.0,0.0,0.0
,,-1.905631,9.571151,1.2182891,1662829900514,,1.2390137,0.5336304,-0.077804565,,,,,,0.10611782,0.05902087,-0.55722976,0.0,0.0,0.0,0.0
,,-1.5733556,9.407505,1.0983795,1662829900764,,-0.58898926,-1.0205994,0.56562805,,,,,,0.10005247,-0.12217935,-0.47526902,0.0,0.0,0.0,0.0
,,-1.2705688,9.520951,0.8588394,1662829901015,,0.11941528,0.4185791,-0.052230835,,,,,,0.07232892,-0.07495988,-0.6495631,0.0,0.0,0.0,0.0
,,-0.70940757,9.386078,0.92679495,1662829901267,,-0.120269775,0.3440094,1.6777649,,,,,,0.12130577,-0.31982073,-0.4717249,0.0,0.0,0.0,0.0
,,0.29460093,9.21178,1.0768316,1662829901518,,-1.094986,-0.5326996,-0.08099365,,,,,,0.14690976,-0.43743625,-0.45336297,0.0,0.0,0.0,0.0
,,1.3768194,8.829466,1.3755087,1662829901784,,-2.1506653,0.43562317,-1.9590607,,,,,,0.6382434,-0.684654,-0.40747228,0.0,0.0,0.0,0.0
52.50616727,13.31783745,1.3016413,6.656608,3.8591344,1662829902000,3.216,-0.002029419,-0.16944885,-0.9928589,,,,,,0.30410337,-0.78532314,-0.53826547,0.0,0.0,0.0,0.0
,,1.5622106,7.86173,2.3595657,1662829902037,,-2.0803528,0.16824341,-1.4210968,,,,,,0.70786566,-0.82120484,-0.5455457,0.0,0.0,0.0,0.0
,,1.312056,5.506713,5.2291765,1662829902540,,-0.14796448,0.546402,0.12886047,,,,,,0.20304622,-0.7866451,-0.49668658,0.0,0.0,0.0,0.0
,,1.2634933,4.513,6.6468225,1662829902792,,0.041656494,-0.29940796,-0.33132935,,,,,,0.27243298,-0.62678033,-0.4736016,0.0,0.0,0.0,0.0
,,0.3329071,3.6904323,7.8225756,1662829903043,,-0.602829,-1.0951691,0.23005676,,,,,,0.17194986,-0.50302494,-0.4449268,0.0,0.0,0.0,0.0
,,-0.4134842,2.804977,8.905593,1662829903293,,1.3146362,1.0971527,-0.056488037,,,,,,-0.18253534,-0.31289998,-0.2640461,0.0,0.0,0.0,0.0
,,-0.49001974,2.7027445,9.158898,1662829903543,,0.11090088,-0.4741211,-0.12466431,,,,,,-0.25131282,0.018089311,-0.20987724,0.0,0.0,0.0,0.0
,,-0.16688232,2.862478,9.123903,1662829903800,,-0.5346527,-0.035232544,-0.008560181,,,,,,0.07034283,0.17991512,-0.24281381,0.0,0.0,0.0,0.0
,,-0.0517217,2.6255722,9.360689,1662829904072,,0.07254028,0.07449341,0.006362915,,,,,,0.16428946,0.16332537,-0.055174667,0.0,0.0,0.0,0.0
,,-0.048649088,2.431043,9.383914,1662829904325,,0.59025574,-0.03416443,-0.09803772,,,,,,0.15759443,0.19684719,-0.09171779,0.0,0.0,0.0,0.0
,,0.1155131,2.220752,9.536664,1662829904598,,0.29838562,0.43455505,0.041519165,,,,,,0.19208524,0.16052333,-0.022468409,0.0,0.0,0.0,0.0
,,-0.18124898,2.4898996,9.397522,1662829904848,,0.21635437,-0.13642883,-0.077804565,,,,,,0.011701391,0.24369447,-0.1046689,0.0,0.0,0.0,0.0
52.5061525,13.31783915,-0.3995992,2.8097641,9.351194,1662829905000,3.216,0.15563965,0.13627625,-0.013885498,,,,,,-0.0026455005,0.18334071,-0.041085117,0.0,0.0,0.0,0.0
,,-0.24916382,2.5511107,9.40215,1662829905098,,0.25576782,-0.054397583,-0.046905518,,,,,,-0.009236564,0.18736483,-0.05910311,0.0,0.0,0.0,0.0
,,-0.5065008,3.096869,9.210495,1662829905599,,-0.3567505,-0.6179199,0.4324646,,,,,,0.024734974,0.12922527,-0.08588146,0.0,0.0,0.0,0.0
,,-0.48499247,3.2654212,9.17123,1662829905850,,-0.0712738,0.0031280518,-0.15982056,,,,,,0.025414895,0.088646606,-0.07162453,0.0,0.0,0.0,0.0
,,-0.5368261,3.3928325,9.184835,1662829906104,,0.09918213,-0.14389038,-3.0517578E-5,,,,,,-0.039544396,0.12667571,-0.033258725,0.0,0.0,0.0,0.0
,,-0.32845053,3.3556035,9.158181,1662829906355,,0.3292694,0.2268219,-0.30577087,,,,,,0.022840682,0.10591818,-0.07211135,0.0,0.0,0.0,0.0
,,-0.18124695,3.4439495,9.067201,1662829906606,,0.09811401,0.4185791,-0.058624268,,,,,,0.071103066,0.09725392,-0.12780628,0.0,0.0,0.0,0.0
,,-0.10088145,3.5028467,9.032445,1662829906857,,-0.6880493,-0.1108551,0.14590454,,,,,,0.07261567,0.08905356,-0.11824843,0.0,0.0,0.0,0.0
,,-0.028815715,3.427948,9.158858,1662829907108,,0.07041931,0.02017212,-0.00642395,,,,,,0.036864955,0.07328097,-0.015367571,0.0,0.0,0.0,0.0
,,-0.079292804,3.4777074,9.155946,1662829907361,,-0.09150696,-0.10127258,0.07026672,,,,,,0.009262311,0.09562174,-0.014516513,0.0,0.0,0.0,0.0
,,-0.06053823,3.2496994,9.316358,1662829907613,,0.79159546,0.065979004,0.04257202,,,,,,0.025291212,0.020391215,0.10465291,0.0,0.0,0.0,0.0
,,-0.14900412,3.1717274,9.282241,1662829907864,,0.6318054,-0.31219482,-0.07141113,,,,,,0.0043227454,0.012103966,0.04917339,0.0,0.0,0.0,0.0
52.50614684,13.3178389,-0.8329885,3.271247,9.196487,1662829908000,4.288,0.024612427,-0.05760193,0.08731079,,,,,,-0.035684746,0.0056492486,0.13946247,0.0,0.0,0.0,0.0
,,-0.21971335,3.1343384,9.3158,1662829908116,,0.18333435,1.0801086,-1.3284149,,,,,,0.049603898,-0.042021975,0.10347147,0.0,0.0,0.0,0.0
,,-1.4635813,3.5166128,8.852281,1662829908620,,-1.8417358,-2.2041016,0.3025055,,,,,,-0.10995494,0.06395451,-0.013321892,0.0,0.0,0.0,0.0
,,-1.4295446,3.2205298,8.988273,1662829908872,,0.53593445,0.15759277,0.31315613,,,,,,0.013094892,-0.028389843,0.07742047,0.0,0.0,0.0,0.0
,,-1.5437485,3.3427937,8.781214,1662829909122,,1.3050537,0.8212433,-0.0650177,,,,,,0.018446764,-6.9796643E-4,-0.09337462,0.0,0.0,0.0,0.0
,,-1.8240697,3.5372036,8.7117815,1662829909374,,0.70851135,0.7488098,-0.22055054,,,,,,0.032072123,0.01672107,-0.05364766,0.0,0.0,0.0,0.0
,,-2.3111303,3.6725159,8.591392,1662829909625,,0.17907715,-0.45280457,0.14483643,,,,,,0.013149802,0.028149283,0.0013319493,0.0,0.0,0.0,0.0
,,-2.056866,3.5041642,8.735883,1662829909876,,-0.7530365,-0.5156555,0.1586914,,,,,,0.054965187,-6.00489E-4,0.019236071,0.0,0.0,0.0,0.0
,,-1.4083165,3.00625,9.113967,1662829910127,,0.36975098,0.40153503,0.19491577,,,,,,0.2044736,-0.11165219,0.14617367,0.0,0.0,0.0,0.0
,,-1.5279871,3.1722875,8.956509,1662829910378,,0.1950531,-0.016052246,-0.120407104,,,,,,0.09078893,-0.039843578,0.016302649,0.0,0.0,0.0,0.0
,,-1.4763921,3.1848567,9.022189,1662829910637,,-0.21295166,-0.25680542,0.035125732,,,,,,0.11143112,-0.024966173,0.073787056,0.0,0.0,0.0,0.0
,,-1.1613545,2.7981927,9.20275,1662829910891,,0.11727905,0.06277466,-0.085250854,,,,,,0.13104466,-0.054864008,0.09971447,0.0,0.0,0.0,0.0
52.50614704,13.31783539,-0.48515218,2.0468924,9.487821,1662829911000,4.288,0.008621216,0.17889404,0.19596863,,,,,,0.11899638,-0.063424006,-0.032495182,0.0,0.0,0.0,0.0
,,-0.6824738,2.2784917,9.429323,1662829911142,,-0.157547,0.23428345,0.0031585693,,,,,,0.092420034,-0.03635984,0.02164189,0.0,0.0,0.0,0.0
,,-0.7043808,2.29956,9.396043,1662829911645,,-0.010543823,0.02229309,0.025527954,,,,,,0.050854433,0.0076774755,-0.06182785,0.0,0.0,0.0,0.0
,,-0.7867004,2.32865,9.433752,1662829911895,,-0.6177521,-0.2280426,-0.110824585,,,,,,0.030518038,0.006010302,-0.018752702,0.0,0.0,0.0,0.0
,,-0.72796273,2.1978867,9.491253,1662829912148,,0.14604187,0.08302307,-0.026672363,,,,,,0.043627664,-0.015783723,0.008910402,0.0,0.0,0.0,0.0
,,-0.715154,2.2711496,9.492649,1662829912400,,0.7575073,0.37809753,0.13951111,,,,,,0.057169534,-0.02662528,0.031358816,0.0,0.0,0.0,0.0
,,-0.7888153,2.599235,9.259455,1662829912650,,-0.24383545,-0.32817078,-0.36328125,,,,,,0.0540411,-0.012087917,-0.11775656,0.0,0.0,0.0,0.0
,,-0.67544913,2.7360637,9.277572,1662829912903,,1.1537933,1.3485565,0.021270752,,,,,,0.13625579,-0.0064558345,-0.06004356,0.0,0.0,0.0,0.0
,,-1.0515788,2.9986281,8.987194,1662829913154,,0.29411316,0.673172,-0.15556335,,,,,,0.10151968,-0.013073087,-0.1212353,0.0,0.0,0.0,0.0
,,-1.6069936,3.4571178,8.519487,1662829913409,,-2.6683807,-2.6344757,0.41116333,,,,,,0.07057056,0.049289156,-0.20641044,0.0,0.0,0.0,0.0
,,-1.5521662,3.508633,8.550014,1662829913659,,0.31329346,0.94055176,0.16615295,,,,,,0.14983876,-0.01411825,-0.1513415,0.0,0.0,0.0,0.0
,,-1.6561147,3.4891994,8.51027,1662829913909,,0.0970459,-0.24295044,-0.045837402,,,,,,0.08642537,-0.01881468,-0.21048616,0.0,0.0,0.0,0.0
52.50614341,13.31783199,-1.5917114,3.0781546,8.781573,1662829914000,4.288,0.16415405,-0.082092285,-0.0181427,,,,,,-0.0015387605,-0.04029681,-0.06732877,0.0,0.0,0.0,0.0
,,-1.6079117,3.258837,8.754079,1662829914160,,0.1673584,0.05744934,-0.012817383,,,,,,0.077256404,-0.029782323,-0.03705292,0.0,0.0,0.0,0.0
,,-1.0293534,2.6752498,9.072109,1662829914662,,0.2770691,-0.086364746,-0.07673645,,,,,,0.059545603,-0.056611933,-0.04950428,0.0,0.0,0.0,0.0
,,-0.31827596,2.157224,9.581437,1662829914914,,0.16522217,-0.18862915,0.072402954,,,,,,0.06328055,-0.107649125,0.052712314,0.0,0.0,0.0,0.0
,,-0.35865733,2.1648457,9.4677515,1662829915166,,0.04058838,-0.119384766,0.0052948,,,,,,-0.069599345,-0.033111308,-0.04025809,0.0,0.0,0.0,0.0
,,-0.21704,2.2436156,9.482117,1662829915417,,0.17373657,0.065979004,0.084121704,,,,,,-0.021172183,-0.0030411324,0.005803712,0.0,0.0,0.0,0.0
,,-0.19257914,2.323582,9.444168,1662829915673,,1.0681152E-4,0.10646057,-0.056488037,,,,,,-0.04444269,-0.0062574386,-0.013705159,0.0,0.0,0.0,0.0
,,-0.21935374,2.383517,9.433075,1662829915925,,0.51142883,0.15013123,0.037246704,,,,,,-0.028237509,-0.018780716,-0.003535684,0.0,0.0,0.0,0.0
,,-0.3744583,2.5256128,9.401113,1662829916176,,0.19184875,-7.6293945E-5,0.019134521,,,,,,-0.07538169,-0.0060201725,0.010681438,0.0,0.0,0.0,0.0
,,-0.4756536,2.6922495,9.3484,1662829916427,,-0.24490356,-0.037353516,-0.0032348633,,,,,,-0.03304298,0.007924478,0.008695507,0.0,0.0,0.0,0.0
,,-0.50981194,2.7995102,9.34836,1662829916678,,-0.14050293,0.054260254,0.030853271,,,,,,8.5247256E-4,0.004380894,0.005300649,0.0,0.0,0.0,0.0
,,-0.5620453,2.8776402,9.306141,1662829916929,,0.043777466,-0.0874176,0.006362915,,,,,,-0.011260521,-0.004808728,-0.018060239,0.0,0.0,0.0,0.0
52.50614304,13.31783171,-0.31193084,3.0177007,9.19956,1662829917000,5.36,-0.15861511,0.58262634,-0.14916992,,,,,,0.05663416,-0.04247842,-0.06729673,0.0,0.0,0.0,0.0
,,-0.49584553,2.954374,9.291179,1662829917182,,0.06614685,-0.0874176,0.023406982,,,,,,0.024676265,-0.007828712,-0.005068366,0.0,0.0,0.0,0.0
,,-0.18731181,3.0442367,9.21237,1662829917687,,-0.05316162,0.023361206,0.10862732,,,,,,0.032762866,-0.028474467,-0.056407675,0.0,0.0,0.0,0.0
,,-0.042542014,3.01439,9.214164,1662829917939,,-0.11174011,0.029754639,-0.00642395,,,,,,0.04705032,-0.043222126,-0.060520075,0.0,0.0,0.0,0.0
,,0.034511313,3.0244455,9.2321205,1662829918191,,-0.057418823,0.044662476,-0.045837402,,,,,,0.04620325,-0.040958438,-0.04241956,0.0,0.0,0.0,0.0
,,0.04887543,3.022052,9.236312,1662829918442,,-0.012680054,-0.012863159,-0.017074585,,,,,,0.025990307,-0.0384398,-0.037056573,0.0,0.0,0.0,0.0
,,0.026130168,3.014271,9.245968,1662829918693,,0.01928711,-0.035232544,-0.008560181,,,,,,0.025951833,-0.028212976,-0.03449405,0.0,0.0,0.0,0.0
,,-0.10690867,3.022531,9.306421,1662829918946,,0.03100586,-0.020309448,-0.025604248,,,,,,-0.031738676,0.018341875,0.0125839235,0.0,0.0,0.0,0.0
,,-0.09924774,2.9748068,9.321466,1662829919198,,-0.0116119385,-0.053329468,-0.03944397,,,,,,-8.0020877E-4,0.008844852,0.014659882,0.0,0.0,0.0,0.0
,,-0.113772586,2.937057,9.320587,1662829919452,,0.032058716,0.004180908,-0.011749268,,,,,,4.3308947E-4,-0.013334846,0.0019620894,0.0,0.0,0.0,0.0
,,-0.15112203,3.023527,9.275578,1662829919704,,-0.098968506,0.7615967,-0.0692749,,,,,,-0.03138784,0.020003764,-0.02015117,0.0,0.0,0.0,0.0
,,-0.46113026,3.0373733,9.421741,1662829919954,,1.2411346,2.3680115,2.331833,,,,,,-0.11447834,-0.075279936,0.1769116,0.0,0.0,0.0,0.0
52.50614297,13.31783157,0.37117413,3.449176,7.820261,1662829920000,5.36,1.1218262,0.8446808,0.87242126,,,,,,-0.34811553,-0.6796926,-0.19204657,0.0,0.0,0.0,0.0
,,-0.6240957,3.1100373,8.492673,1662829920209,,0.99186707,0.67637634,4.910843,,,,,,-0.3044005,-0.6322847,-0.23561995,0.0,0.0,0.0,0.0
,,1.4832804,4.4575734,7.4482417,1662829920712,,-2.004715,0.23002625,-0.61042786,,,,,,-0.21970575,-0.32538942,0.38801736,0.0,0.0,0.0,0.0
,,3.1535559,5.1842937,6.1995053,1662829920963,,-0.07020569,-1.8312683,-1.884491,,,,,,0.5398747,-0.39281976,0.039258044,0.0,0.0,0.0,0.0
,,4.0508223,5.6147714,5.0273438,1662829921214,,-0.040374756,-1.9356537,0.06814575,,,,,,0.41154376,-0.64530843,0.1295744,0.0,0.0,0.0,0.0
,,5.0647273,6.2345905,3.3002875,1662829921467,,-0.09150696,-0.459198,-4.8704224,,,,,,0.08603217,-0.61817473,-0.16984367,0.0,0.0,0.0,0.0
,,5.7305145,7.2370043,2.6753607,1662829921717,,-0.16500854,-1.8983765,-1.7587891,,,,,,0.4965736,-0.09001931,0.002972897,0.0,0.0,0.0,0.0
,,4.3713665,7.850757,2.235586,1662829921968,,-0.4877777,-0.49542236,0.13206482,,,,,,0.37797052,-0.24053384,0.13926545,0.0,0.0,0.0,0.0
,,3.4283707,7.943373,0.8239248,1662829922220,,3.236374,2.5469666,1.0577698,,,,,,0.6023416,-0.5956426,-0.8510818,0.0,0.0,0.0,0.0
,,1.5230647,8.549426,0.697671,1662829922471,,-0.10108948,1.1887665,0.5570984,,,,,,-0.34006485,-0.3957548,-0.18444364,0.0,0.0,0.0,0.0
,,0.64706725,8.983415,0.21140951,1662829922725,,-2.0750275,-3.7764435,0.6923828,,,,,,-0.0119394185,-0.34472504,-0.47950408,0.0,0.0,0.0,0.0
,,-0.4152008,9.488353,0.6196197,1662829922979,,0.04058838,-0.13749695,0.014877319,,,,,,0.22262731,-0.26376948,-0.20429988,0.0,0.0,0.0,0.0
52.50614132,13.31783086,-0.84934795,9.720829,0.59272563,1662829923000,4.288,0.036331177,0.15652466,-0.010681152,,,,,,0.21524827,-0.026634343,-0.09241565,0.0,0.0,0.0,0.0
,,-1.0585617,9.557863,0.8238856,1662829923229,,0.06614685,-0.09701538,0.018081665,,,,,,0.03169222,-0.22002554,0.0533341,0.0,0.0,0.0,0.0
,,-1.172845,9.727413,0.9926768,1662829923738,,-0.06060791,0.040405273,-0.054367065,,,,,,-0.11665364,-0.028674126,0.30795616,0.0,0.0,0.0,0.0
,,-1.1566442,9.522309,1.0253179,1662829923991,,-0.025466919,0.046798706,0.014877319,,,,,,0.052279115,-0.14006926,0.012929535,0.0,0.0,0.0,0.0
,,-1.3602326,9.68719,1.3872808,1662829924244,,-0.06593323,-0.12364197,-0.012817383,,,,,,-0.10561089,0.03557984,0.25157303,0.0,0.0,0.0,0.0
,,-1.205807,9.676255,1.2021296,1662829924495,,-0.0116119385,-0.1023407,0.034057617,,,,,,0.07219901,0.024706967,0.06621298,0.0,0.0,0.0,0.0
,,-1.2242427,9.660174,1.2340916,1662829924746,,-0.013748169,-0.13749695,0.0042266846,,,,,,0.05893077,0.015021007,0.061534025,0.0,0.0,0.0,0.0
,,-1.2317047,9.662768,1.2860855,1662829924997,,-0.059555054,-0.1065979,-0.030929565,,,,,,0.051258244,0.02729438,0.045314584,0.0,0.0,0.0,0.0
,,-1.2418,9.653512,1.3844075,1662829925249,,0.04484558,0.10646057,-0.0074920654,,,,,,0.033223007,0.02384936,0.06452992,0.0,0.0,0.0,0.0
,,-1.2197337,9.646607,1.4376786,1662829925500,,0.023544312,0.07235718,0.0010375977,,,,,,0.043851197,0.026762486,0.050892524,0.0,0.0,0.0,0.0
,,-1.2345368,9.638747,1.4810537,1662829925750,,0.015014648,9.918213E-4,0.014877319,,,,,,0.025487415,0.027835274,0.034874488,0.0,0.0,0.0,0.0
52.50614093,13.31783079,-1.2845347,9.611134,1.543781,1662829926000,4.288,-0.04144287,-7.6293945E-5,-0.02772522,,,,,,0.006319368,0.009499487,0.014723674,0.0,0.0,0.0,0.0
,,-1.2279515,9.624461,1.5411875,1662829926003,,0.015014648,-0.019241333,-0.005355835,,,,,,0.032128226,0.020011425,0.046537258,0.0,0.0,0.0,0.0
,,-1.2636653,9.622546,1.5582265,1662829926255,,-0.002029419,-0.028839111,-0.0032348633,,,,,,0.010772435,0.021330802,0.033701457,0.0,0.0,0.0,0.0
,,-1.2242005,9.63655,1.4816513,1662829926760,,0.06402588,-0.44747925,-0.23332214,,,,,,0.08153992,0.03372574,-0.034345236,0.0,0.0,0.0,0.0
,,-1.1633083,9.614125,1.4399526,1662829927012,,-0.2086792,-0.4506836,-0.18432617,,,,,,0.14963926,0.015218607,-0.12452542,0.0,0.0,0.0,0.0
,,-1.0727279,9.576017,1.404957,1662829927263,,-0.20335388,-0.58703613,-0.1907196,,,,,,0.2588466,0.011824259,-0.3057997,0.0,0.0,0.0,0.0
,,-0.99048716,9.78204,1.4788986,1662829927515,,-1.1759491,-1.3060913,-0.34623718,,,,,,0.39433914,0.29819447,-0.47587445,0.0,0.0,0.0,0.0
,,-1.1118739,10.155812,1.0683726,1662829927767,,2.8773804,-1.6309967,0.4132843,,,,,,0.30269298,0.6916845,-0.89405686,0.0,0.0,0.0,0.0
,,-1.129272,9.828846,0.119551085,1662829928020,,0.44218445,-0.004333496,-0.120407104,,,,,,0.24356464,0.5966256,-0.7268576,0.0,0.0,0.0,0.0
,,-1.2340184,9.630208,-1.5168859,1662829928271,,0.69039917,-2.2552338,0.09902954,,,,,,0.07828382,0.8926681,-0.9055489,0.0,0.0,0.0,0.0
,,-1.1823441,8.526681,-2.5605586,1662829928523,,-1.5892639,1.3773193,-0.27168274,,,,,,0.1939414,0.25298938,-0.5135801,0.0,0.0,0.0,0.0
,,-1.158163,8.280715,-3.602754,1662829928776,,-0.69125366,0.06491089,-0.3014984,,,,,,0.14232813,0.12584361,-0.42681688,0.0,0.0,0.0,0.0
52.50615426,13.31779717,-1.1078446,8.218944,-3.8659973,1662829929000,4.288,1.8664551,0.31311035,-0.07992554,,,,,,0.017666152,-0.21956444,-0.09266627,0.0,0.0,0.0,0.0
,,-1.3428365,8.469657,-4.26551,1662829929028,,-1.0736847,-1.6682739,0.2598877,,,,,,-0.044553194,0.27975276,-0.2088387,0.0,0.0,0.0,0.0
,,-1.0669042,8.142329,-4.5431967,1662829929281,,2.2914886,0.55599976,0.4644165,,,,,,0.17201035,-0.099219926,-0.30983213,0.0,0.0,0.0,0.0
,,-1.1384109,8.594594,-3.6311255,1662829929782,,1.1047821,-1.4499054,-0.37394714,,,,,,-0.001814572,0.05583191,0.007991584,0.0,0.0,0.0,0.0
,,-1.1343399,8.58318,-3.4326065,1662829930033,,-1.1184235,0.39300537,-0.6636963,,,,,,-0.037152346,0.026213042,0.17142048,0.0,0.0,0.0,0.0
,,-1.2698914,9.462652,-3.1456614,1662829930285,,-2.4606476,-1.8365936,0.24284363,,,,,,-0.10367898,0.8486994,0.27005538,0.0,0.0,0.0,0.0
,,-0.94032896,8.875914,-3.3043559,1662829930536,,1.8952179,1.2633362,-0.0042877197,,,,,,0.23688412,0.20120747,-0.18368822,0.0,0.0,0.0,0.0
,,-1.2935537,9.194462,-3.6236627,1662829930791,,2.423584,-0.31539917,0.1544342,,,,,,-0.10376738,0.7629624,0.39156067,0.0,0.0,0.0,0.0
,,-1.2502192,8.19193,-4.2302337,1662829931041,,-2.8441467,1.8758545,0.6092987,,,,,,0.10654445,0.2661379,0.56970865,0.0,0.0,0.0,0.0
,,-1.1390086,8.779428,-3.5652053,1662829931292,,-2.5330963,-2.3085022,0.10542297,,,,,,0.12647006,0.5351586,0.67453593,0.0,0.0,0.0,0.0
,,-1.0913243,9.5334015,-3.450563,1662829931545,,2.137024,0.7765045,0.13418579,,,,,,0.1359774,0.8111351,-0.20883653,0.0,0.0,0.0,0.0
,,-1.1659836,9.189434,-3.9440088,1662829931800,,1.343399,-1.3486938,0.07133484,,,,,,0.11161281,0.7117424,-0.0849871,0.0,0.0,0.0,0.0
52.50617076,13.3176198,-1.1605561,10.2051735,-4.036186,1662829932000,4.288,3.201233,-1.0397644,0.21195984,,,,,,0.08156719,1.5885156,-0.4290273,0.0,0.0,0.0,0.0
,,-1.5208842,8.197597,-3.5767787,1662829932050,,-2.481964,-0.3611908,-1.0290833,,,,,,-0.37278712,0.1440765,1.183328,0.0,0.0,0.0,0.0
,,-1.3608317,8.6875305,-3.4001667,1662829932302,,1.1761627,-0.7766571,-0.10443115,,,,,,-0.12715481,0.4300424,0.6759022,0.0,0.0,0.0,0.0
,,-1.3808217,8.163798,-3.818713,1662829932805,,-2.2635803,-0.23016357,-0.3622284,,,,,,-0.06609294,-0.0129110655,0.4137443,0.0,0.0,0.0,0.0
,,-1.7148128,9.62913,-3.9026291,1662829933058,,1.2070465,-0.97798157,-0.4261322,,,,,,-0.43350017,1.5004864,0.47201124,0.0,0.0,0.0,0.0
,,-1.4217621,9.580926,-3.51796,1662829933309,,5.6705017,-1.6160736,-0.5720825,,,,,,-0.3782852,1.3425221,0.52383894,0.0,0.0,0.0,0.0
,,-1.0293126,9.062262,-4.031836,1662829933562,,-2.829239,-0.99290466,-3.0956879,,,,,,-0.3033454,1.2308409,0.3716432,0.0,0.0,0.0,0.0
,,-0.63542634,8.944706,-4.6578803,1662829933817,,2.2211761,1.610611,-0.17900085,,,,,,-0.31966645,1.2556535,0.3503874,0.0,0.0,0.0,0.0
,,-0.39788207,8.221819,-4.315429,1662829934068,,2.4629974,-1.4253998,1.0897369,,,,,,-0.60841924,1.0509427,1.2786062,0.0,0.0,0.0,0.0
,,0.06667277,8.765263,-4.7602315,1662829934321,,-3.2329712,-1.1963654,-1.312439,,,,,,-0.65870017,1.8898273,0.9809172,0.0,0.0,0.0,0.0
,,0.57412416,7.7596593,-5.386834,1662829934572,,1.4179688,2.1304626,0.710495,,,,,,-0.41570184,1.0861964,0.9573164,0.0,0.0,0.0,0.0
,,0.76458335,6.866224,-5.80989,1662829934827,,-0.16821289,0.83721924,0.7403259,,,,,,-0.6569427,0.7530968,1.0603813,0.0,0.0,0.0,0.0
52.50619382,13.31750272,0.93265635,7.477183,-5.666557,1662829935000,4.288,1.964447,-0.19502258,0.6923828,,,,,,-0.69165146,1.0193316,0.98512006,0.0,0.0,0.0,0.0
,,0.8316213,7.7421026,-5.7102904,1662829935078,,-2.304062,-0.6690521,-1.2772827,,,,,,-0.8665287,1.6121935,1.1285411,0.0,0.0,0.0,0.0
,,0.83134204,7.134175,-5.720186,1662829935335,,1.4328918,-1.1494904,0.14804077,,,,,,-0.86582595,1.0591165,1.2167435,0.0,0.0,0.0,0.0
,,1.0042826,7.1466627,-6.0192623,1662829935841,,-0.29071045,0.39193726,0.11820984,,,,,,-0.56287587,0.8426258,0.803407,0.0,0.0,0.0,0.0
,,1.111263,6.318987,-5.8901353,1662829936095,,-1.6542511,-1.2165985,-1.4402771,,,,,,-0.77393043,0.52680016,1.347901,0.0,0.0,0.0,0.0
,,1.1236323,7.1521688,-5.8488755,1662829936345,,1.0195618,0.10218811,0.312088,,,,,,-0.46752495,0.7402266,0.8312185,0.0,0.0,0.0,0.0
,,1.3212733,7.7811656,-6.1723323,1662829936600,,1.7780304,0.025497437,0.931015,,,,,,-0.017904611,0.89925206,0.20143518,0.0,0.0,0.0,0.0
,,1.230573,6.5646315,-6.238532,1662829936854,,-1.303772,0.7477417,-0.30789185,,,,,,-0.32058135,0.4199106,0.75625193,0.0,0.0,0.0,0.0
,,1.0828512,6.1193905,-6.4111543,1662829937106,,-2.2039337,-0.20993042,-1.1718292,,,,,,-0.7270949,0.26555416,0.686395,0.0,0.0,0.0,0.0
,,1.0016469,7.3246713,-6.512469,1662829937360,,0.8523102,0.9437561,-0.066085815,,,,,,-0.7873519,0.6284172,-0.26899084,0.0,0.0,0.0,0.0
,,1.0971756,8.022861,-6.6177344,1662829937612,,1.8398132,1.2420197,0.54325867,,,,,,-0.7351018,0.89987046,-0.6851876,0.0,0.0,0.0,0.0
,,1.0404729,6.6417646,-6.645666,1662829937864,,-1.1546478,0.5570526,-0.8905945,,,,,,-1.174189,0.2797808,-0.080872916,0.0,0.0,0.0,0.0
52.50623042,13.31737477,1.1668075,7.8101745,-6.8129,1662829938000,4.288,2.154068,0.5730438,0.91397095,,,,,,-0.52228016,0.8055964,-0.6932666,0.0,0.0,0.0,0.0
,,0.91561586,6.3687854,-7.0877156,1662829938116,,-1.4060364,-1.3092804,-1.0514526,,,,,,-1.465996,0.25346813,-0.36414003,0.0,0.0,0.0,0.0
,,0.92846423,7.449608,-6.7924304,1662829938369,,1.469101,0.464386,-0.010681152,,,,,,-1.1641612,0.567473,-0.7176648,0.0,0.0,0.0,0.0
,,1.1734726,6.4179063,-6.6689296,1662829938873,,-2.1836853,1.118454,0.1618805,,,,,,-0.2965881,0.48215923,0.39533722,0.0,0.0,0.0,0.0
,,1.0422302,6.019751,-6.375959,1662829939125,,-1.5935364,-1.2954407,-0.7233429,,,,,,-0.09695422,0.44666764,0.9954464,0.0,0.0,0.0,0.0
,,0.9751124,7.3426676,-6.306727,1662829939375,,0.8832092,0.497406,0.31315613,,,,,,0.3855458,1.0519943,0.5162137,0.0,0.0,0.0,0.0
,,1.1745886,7.6256227,-6.0953193,1662829939627,,1.8195801,-0.2280426,1.1238251,,,,,,0.8084211,1.2277977,0.73171747,0.0,0.0,0.0,0.0
,,1.1932633,6.38806,-6.2876935,1662829939879,,-1.9674377,1.0971527,-0.3196106,,,,,,0.61204857,0.88131523,1.2592351,0.0,0.0,0.0,0.0
,,1.0107844,6.152391,-6.3398876,1662829940131,,-1.7724915,-0.69569397,-0.7936554,,,,,,0.22412232,0.7473637,1.2250977,0.0,0.0,0.0,0.0
,,1.0051575,7.470359,-6.3057704,1662829940384,,1.1910706,1.6968994,0.28652954,,,,,,0.3159715,1.0705363,0.52634335,0.0,0.0,0.0,0.0
,,1.210261,7.751677,-6.387692,1662829940640,,1.8451385,0.09474182,1.524353,,,,,,0.5590897,1.158191,0.38269487,0.0,0.0,0.0,0.0
,,1.297729,6.421418,-6.538486,1662829940892,,-1.7224274,0.60180664,-0.13105774,,,,,,0.409285,0.7079737,0.90558547,0.0,0.0,0.0,0.0
,,1.0912694,6.279322,-6.412471,1662829941145,,-1.6244202,-1.1047516,-0.22692871,,,,,,0.21653073,0.69435596,1.0822076,0.0,0.0,0.0,0.0
,,1.0830892,7.585639,-6.1628747,1662829941398,,0.5199585,0.32270813,0.4804077,,,,,,0.45213357,1.1145875,0.6432875,0.0,0.0,0.0,0.0
,,1.185761,6.4722157,-6.111439,1662829941914,,-2.5064545,1.4114075,-0.6264038,,,,,,0.03225494,0.57828915,1.1630918,0.0,0.0,0.0,0.0
52.50620396,13.31677365,1.2106206,7.781524,-6.143442,1662829942000,4.288,1.5990753,0.14480591,0.77441406,,,,,,0.5658217,1.143189,0.5670592,0.0,0.0,0.0,0.0
,,0.9923096,6.4270053,-6.163752,1662829942167,,-1.4848785,-0.3484192,-0.7233429,,,,,,-0.55465955,0.42929438,0.7987227,0.0,0.0,0.0,0.0
,,0.91385955,7.703075,-5.9689846,1662829942419,,1.0983887,0.2651825,-0.09378052,,,,,,-0.7790653,0.71384186,0.047273006,0.0,0.0,0.0,0.0
,,1.1867584,7.8646035,-6.2159467,1662829942670,,3.6752625,-1.1356506,0.54644775,,,,,,-0.8376658,0.6981728,-0.37793344,0.0,0.0,0.0,0.0
,,1.2796137,6.3973174,-6.4202127,1662829942925,,-2.2731628,0.94055176,-0.9417267,,,,,,-1.2247028,0.028939318,0.008543125,0.0,0.0,0.0,0.0
,,1.206072,6.440213,-6.237056,1662829943178,,-1.4337463,-0.506073,-0.4176178,,,,,,-1.4177822,-0.01560502,0.0100993635,0.0,0.0,0.0,0.0
,,1.2507232,7.672429,-6.1007466,1662829943428,,1.4339447,0.93203735,0.084121704,,,,,,-1.0383279,0.43067867,-0.48759302,0.0,0.0,0.0,0.0
,,1.4683965,7.638191,-6.4218087,1662829943686,,3.443039,-1.0333862,0.54644775,,,,,,-0.6455739,0.54912114,-0.5104212,0.0,0.0,0.0,0.0
,,1.5737417,6.299912,-6.461831,1662829943938,,-2.414856,0.75839233,-0.99072266,,,,,,-0.60174453,0.11562964,0.31548443,0.0,0.0,0.0,0.0
,,1.4041524,6.4160705,-6.2779565,1662829944191,,-1.2025757,-0.73724365,-0.2184143,,,,,,-0.6290373,0.12991618,0.3476028,0.0,0.0,0.0,0.0
,,1.4054296,7.81181,-6.0386558,1662829944442,,1.8483429,0.13415527,-0.019210815,,,,,,-0.26255906,0.6985109,-0.07055987,0.0,0.0,0.0,0.0
,,1.5095367,6.2429304,-6.4852524,1662829944954,,-3.008194,1.0002136,-1.153717,,,,,,-0.3100099,0.19295548,0.46568462,0.0,0.0,0.0,0.0
52.50623249,13.31648559,1.437471,7.6340814,-6.2089624,1662829945000,4.288,2.7804413,-0.2589264,0.4569702,,,,,,-0.16316557,0.75790054,0.098041184,0.0,0.0,0.0,0.0
,,1.3626913,6.63574,-6.103378,1662829945204,,-0.46647644,-0.3068695,0.2055664,,,,,,-0.3924083,0.3090353,0.49393347,0.0,0.0,0.0,0.0
,,1.3837606,7.862369,-6.0519032,1662829945455,,1.4137115,0.41004944,0.49957275,,,,,,-0.12347846,0.71706134,-0.08861146,0.0,0.0,0.0,0.0
,,1.3324448,7.3792596,-6.1721325,1662829945709,,1.8153229,-0.935379,0.40370178,,,,,,-0.16234224,0.62568986,0.22113842,0.0,0.0,0.0,0.0
,,1.3837204,6.2122855,-6.3339005,1662829945964,,-2.4702454,0.35147095,-1.1356049,,,,,,-0.3507732,0.23714866,0.7011886,0.0,0.0,0.0,0.0
,,1.2466527,6.8201723,-6.30916,1662829946216,,0.18759155,-1.3412476,0.1586914,,,,,,-0.27394092,0.5260276,0.34244767,0.0,0.0,0.0,0.0
,,1.255392,8.056698,-6.0775614,1662829946466,,1.3817596,1.0705109,0.64445496,,,,,,-0.029653069,1.0246116,0.08026182,0.0,0.0,0.0,0.0
,,1.2174047,7.228025,-6.187056,1662829946719,,0.9844055,0.23214722,0.46762085,,,,,,-0.15826869,0.6864795,0.48856202,0.0,0.0,0.0,0.0
,,1.2784963,6.176531,-6.2028966,1662829946970,,-2.750412,0.28222656,-1.3539886,,,,,,-0.41285953,0.28527564,0.9805859,0.0,0.0,0.0,0.0
,,1.2579864,6.8816233,-6.0546155,1662829947221,,-0.36953735,-0.41445923,0.12246704,,,,,,-0.29007623,0.49314287,0.63604206,0.0,0.0,0.0,0.0
,,1.2426636,7.9944487,-5.980795,1662829947475,,1.2656403,0.706192,0.33233643,,,,,,-0.07934263,0.90502906,0.17854711,0.0,0.0,0.0,0.0
,,1.5192739,6.134952,-6.3400464,1662829947980,,-1.3442535,-0.13217163,-0.6455841,,,,,,-0.2545424,0.29737073,0.82010585,0.0,0.0,0.0,0.0
52.50626192,13.31621051,1.3660451,7.1083546,-6.077641,1662829948000,4.288,1.4073181,0.027618408,0.60183716,,,,,,-0.16196705,0.5220565,0.5518784,0.0,0.0,0.0,0.0
,,1.5164012,6.4654717,-6.4416,1662829948231,,-0.44836426,-0.22590637,-0.058624268,,,,,,-0.12828802,0.40888563,0.559556,0.0,0.0,0.0,0.0
,,1.3719915,7.3001704,-6.593433,1662829948482,,0.07041931,0.28222656,0.13206482,,,,,,0.036952186,0.7897609,0.15977447,0.0,0.0,0.0,0.0
,,1.3459737,6.7530155,-6.667853,1662829948733,,-0.25448608,0.06277466,0.044708252,,,,,,-0.006447315,0.42753944,0.34733197,0.0,0.0,0.0,0.0
,,1.222992,6.513556,-6.6793046,1662829948985,,-0.030792236,0.05105591,-0.052230835,,,,,,-0.1834802,0.31603184,0.50868154,0.0,0.0,0.0,0.0
,,1.0341696,6.839686,-6.5033703,1662829949237,,-0.012680054,-0.06399536,-0.18218994,,,,,,-0.24740483,0.24348573,0.38035253,0.0,0.0,0.0,0.0
,,0.80783844,7.7138486,-6.3263183,1662829949488,,-0.1255951,0.026565552,-0.085250854,,,,,,-0.29745153,0.4736851,0.14705072,0.0,0.0,0.0,0.0
,,0.6870906,7.681925,-6.023093,1662829949740,,-0.8084259,-0.07571411,-0.1395874,,,,,,-0.37414277,0.25768402,0.28772506,0.0,0.0,0.0,0.0
,,0.5900055,7.884076,-5.881157,1662829949990,,0.7457886,1.2217865,0.20236206,,,,,,-0.35988653,0.28334692,0.11953212,0.0,0.0,0.0,0.0
,,0.6865326,7.967035,-5.7331553,1662829950241,,1.1868134,-0.21206665,0.5986481,,,,,,-0.21014158,0.24798183,0.13628598,0.0,0.0,0.0,0.0
,,0.8286677,7.664288,-5.9220576,1662829950492,,0.89811707,0.1756897,0.6231537,,,,,,-0.19968936,0.30938238,0.21068098,0.0,0.0,0.0,0.0
,,1.0595876,7.124954,-6.009725,1662829950997,,-1.5146942,-0.2280426,-0.43998718,,,,,,-0.45855126,0.06670132,0.0052957693,0.0,0.0,0.0,0.0
52.50627695,13.31596345,0.983373,6.8890057,-6.0295177,1662829951000,3.216,-2.3477325,0.961853,-1.0184326,,,,,,-0.3620617,-0.014217178,0.35739887,0.0,0.0,0.0,0.0
,,0.90587974,7.943572,-5.7195477,1662829951252,,1.1740265,0.43455505,-0.21627808,,,,,,-0.49570403,0.5090995,-0.6348018,0.0,0.0,0.0,0.0
,,0.89450735,7.5176034,-5.2232294,1662829951502,,1.9559326,1.0449524,0.22793579,,,,,,-0.36402747,-0.10101105,-0.51763755,0.0,0.0,0.0,0.0
,,0.32728067,8.214636,-5.4494414,1662829951752,,1.9612579,-2.2424622,-0.056488037,,,,,,-0.5761917,0.64222944,-0.69533956,0.0,0.0,0.0,0.0
,,-0.082407124,7.66808,-4.684415,1662829952009,,-1.2132263,0.0137786865,-0.43785095,,,,,,-0.37680906,-0.18648168,-0.14601803,0.0,0.0,0.0,0.0
,,-0.5427328,9.419159,-4.1265254,1662829952264,,-2.0920715,-0.8277893,0.17999268,,,,,,0.05149851,0.9114464,-0.2936071,0.0,0.0,0.0,0.0
,,-0.7624008,9.145303,-3.6916993,1662829952516,,2.1743164,0.6167145,0.2801361,,,,,,0.57949847,0.4804603,-0.37689057,0.0,0.0,0.0,0.0
,,-1.0618755,8.878189,-3.903985,1662829952768,,2.5876312,0.99168396,0.5560303,,,,,,0.5636253,0.40740114,-0.01208291,0.0,0.0,0.0,0.0
,,-1.2938735,8.470536,-4.256411,1662829953021,,-3.264923,2.3658752,0.43032837,,,,,,0.3984577,0.42523032,0.39741236,0.0,0.0,0.0,0.0
,,-1.1402054,8.332869,-3.663247,1662829953273,,-2.0004578,-0.7510834,-0.7457123,,,,,,0.42294183,0.10207078,0.6142696,0.0,0.0,0.0,0.0
,,-1.0366954,9.652073,-3.772941,1662829953526,,2.9285126,-0.3249817,0.34831238,,,,,,0.5157949,0.9519722,-0.6545512,0.0,0.0,0.0,0.0
52.50628028,13.31572901,-1.0292333,9.254517,-3.7288482,1662829954000,3.216,2.026245,1.1280365,0.743515,,,,,,0.32866552,0.48685175,-0.6763998,0.0,0.0,0.0,0.0
,,-1.0992239,8.564747,-3.7669556,1662829954030,,-2.767456,2.4170074,0.46762085,,,,,,0.017542766,0.2213179,0.3221674,0.0,0.0,0.0,0.0
,,-0.84200644,8.682063,-3.5249014,1662829954281,,-1.8545227,-1.5372467,-0.7489166,,,,,,0.11753646,0.3548564,0.5938093,0.0,0.0,0.0,0.0
,,-0.6066564,9.678849,-3.3488872,1662829954530,,3.1373138,-0.51885986,0.35150146,,,,,,0.40551147,0.87340796,-0.41933525,0.0,0.0,0.0,0.0
,,-0.77712405,9.7793255,-3.3891504,1662829954785,,2.615326,1.1259155,0.2886505,,,,,,0.25793058,0.9398006,-0.47868347,0.0,0.0,0.0,0.0
,,-0.7843068,8.549823,-3.2153325,1662829955038,,-1.9844818,1.1163177,0.09477234,,,,,,0.12395044,0.16219129,0.8837146,0.0,0.0,0.0,0.0
,,-0.74516195,8.955762,-3.2624583,1662829955289,,-2.863327,-1.7076874,-0.18965149,,,,,,0.1493647,0.57597464,0.8090865,0.0,0.0,0.0,0.0
,,-0.68614453,9.590305,-2.9571183,1662829955542,,1.9101257,0.28222656,0.47506714,,,,,,0.35834596,0.7276459,-0.04944358,0.0,0.0,0.0,0.0
,,-0.8222946,9.665124,-3.4349616,1662829955797,,1.3934784,-1.7098236,-0.2684784,,,,,,0.2580121,0.90701807,-0.40513644,0.0,0.0,0.0,0.0
,,-1.1120722,8.579152,-2.9142232,1662829956048,,-2.2401428,0.068099976,-1.1377411,,,,,,-0.22658713,0.16858128,1.0847642,0.0,0.0,0.0,0.0
,,-0.9507833,9.06737,-2.9174953,1662829956298,,0.13220215,-1.19104,-0.40376282,,,,,,0.021265931,0.59354746,0.53321064,0.0,0.0,0.0,0.0
,,-0.8718943,10.00841,-2.9054036,1662829956550,,3.2161407,1.8375092,0.13739014,,,,,,0.11707438,1.1544209,-0.24349506,0.0,0.0,0.0,0.0
52.50629954,13.3156643,-0.9825058,8.617021,-2.9480205,1662829957000,3.216,-3.5237885,2.7504425,0.06600952,,,,,,-0.037271302,0.06212047,0.3913232,0.0,0.0,0.0,0.0
,,-1.0141891,9.638826,-3.0049627,1662829957052,,-2.511795,-1.6565552,-0.68074036,,,,,,-0.26919577,1.2445121,0.8081,0.0,0.0,0.0,0.0
,,-0.9865763,9.082933,-2.4255655,1662829957304,,2.9466248,2.2082214,0.34831238,,,,,,-0.1795049,0.4003978,0.7140462,0.0,0.0,0.0,0.0
,,-0.92408854,9.872223,-2.92344,1662829957555,,0.006500244,1.1312408,0.82980347,,,,,,-0.19972119,1.4328977,0.530018,0.0,0.0,0.0,0.0
,,-0.49688262,8.576879,-3.1674092,1662829957807,,-1.9759521,0.5804901,-0.98327637,,,,,,-0.28178218,0.62054604,1.2946528,0.0,0.0,0.0,0.0
,,-0.27446136,8.760714,-3.9335938,1662829958058,,1.3497925,0.7807617,0.1778717,,,,,,-0.33391365,0.9184174,0.9494981,0.0,0.0,0.0,0.0
,,0.28322804,9.107513,-4.2182636,1662829958308,,2.3149261,-0.42192078,0.64764404,,,,,,-0.2334755,1.5071515,0.76331353,0.0,0.0,0.0,0.0
,,0.47604066,7.2676497,-4.717853,1662829958560,,-2.9986115,0.3397522,-1.4200287,,,,,,-0.5631069,0.42047957,1.13786,0.0,0.0,0.0,0.0
,,0.85631967,7.7515583,-5.375979,1662829958814,,1.8589935,-0.8054199,0.42288208,,,,,,-0.506609,1.1060545,1.1121322,0.0,0.0,0.0,0.0
,,1.481606,7.93248,-5.6124063,1662829959065,,2.4683228,-1.2421722,1.409317,,,,,,-0.088583566,1.0670187,0.643486,0.0,0.0,0.0,0.0
,,1.2320902,7.068213,-5.800391,1662829959318,,-2.4223022,1.0406952,-0.85650635,,,,,,-0.3914708,0.6621996,0.8518789,0.0,0.0,0.0,0.0
,,1.2842438,6.937888,-5.6613684,1662829959570,,-1.3144379,-1.0749207,-0.62960815,,,,,,-0.5619427,0.75489706,1.2035779,0.0,0.0,0.0,0.0
52.50632641,13.31547146,1.3294942,7.4157705,-5.7859874,1662829960000,3.216,2.3809662,-0.51246643,0.16401672,,,,,,-0.35596544,0.78428996,0.5793138,0.0,0.0,0.0,0.0
,,1.312854,7.8324814,-5.8279266,1662829960088,,0.6403351,0.5378876,0.40370178,,,,,,-0.3218435,1.073202,0.5079821,0.0,0.0,0.0,0.0
,,1.3471309,6.6649084,-5.5743017,1662829960339,,-2.3029938,-0.9470978,-1.6575775,,,,,,-0.60929185,0.43501678,1.2066394,0.0,0.0,0.0,0.0
,,1.1356827,6.928949,-5.951508,1662829960592,,1.0749512,0.6422882,0.38772583,,,,,,-0.6973947,0.49474618,0.54924315,0.0,0.0,0.0,0.0
,,1.4773351,8.140056,-5.6373086,1662829960849,,2.6142578,-1.4562836,1.3603058,,,,,,-0.32026598,1.1212125,0.45540684,0.0,0.0,0.0,0.0
,,1.3553904,6.8376107,-5.911125,1662829961100,,-2.3232422,0.8169861,-1.2975311,,,,,,-0.49699554,0.4119542,0.66807556,0.0,0.0,0.0,0.0
,,1.31014,6.7572856,-5.937741,1662829961353,,-0.62519836,-0.59129333,0.02659607,,,,,,-0.618708,0.44895965,0.75842136,0.0,0.0,0.0,0.0
,,1.583519,7.491786,-6.07006,1662829961606,,2.1562042,0.4963379,0.82022095,,,,,,-0.11479549,0.61938345,0.11718725,0.0,0.0,0.0,0.0
,,1.559936,7.620475,-6.2606378,1662829961859,,-0.31733704,0.86065674,0.583725,,,,,,-0.06499422,0.78573626,0.050721884,0.0,0.0,0.0,0.0
,,1.6224645,6.6964726,-5.9977546,1662829962114,,-2.2784882,-0.8352356,-1.8482666,,,,,,-0.3307682,0.34681046,0.7337818,0.0,0.0,0.0,0.0
,,1.4877508,7.0063224,-6.222291,1662829962366,,0.73727417,1.566925,0.27160645,,,,,,-0.24299005,0.3840048,0.10474118,0.0,0.0,0.0,0.0
,,1.7211059,8.234906,-5.7247763,1662829962622,,3.0467682,-1.9313965,0.6359253,,,,,,0.07037722,1.0663066,0.20682806,0.0,0.0,0.0,0.0
52.50634936,13.31478507,1.5975652,6.984454,-5.557262,1662829963000,3.216,-2.6747742,0.83721924,-0.9917908,,,,,,-0.272177,0.43648714,1.026683,0.0,0.0,0.0,0.0
,,1.6028321,7.0612683,-5.3089433,1662829963125,,-0.4462433,-1.1803894,0.022338867,,,,,,-0.38200766,0.5735941,1.2752883,0.0,0.0,0.0,0.0
,,1.6570603,7.752155,-5.1126585,1662829963377,,1.9410248,1.2249756,0.49638367,,,,,,-0.12834364,0.6920429,0.90989023,0.0,0.0,0.0,0.0
,,1.5787699,7.6683574,-5.2315702,1662829963629,,0.029937744,0.6326904,0.6540375,,,,,,-0.15276907,0.7059572,0.9970691,0.0,0.0,0.0,0.0
,,1.4828426,6.8418393,-5.3593807,1662829963881,,-1.0885925,-2.1092987,-1.7396088,,,,,,-0.5949008,0.3748635,1.37099,0.0,0.0,0.0,0.0
,,1.1512456,7.1278667,-5.639422,1662829964135,,0.54444885,2.3988953,0.51342773,,,,,,-0.7314069,0.35612148,0.6946602,0.0,0.0,0.0,0.0
,,1.3936188,8.20857,-5.62378,1662829964386,,2.5897675,-0.935379,1.0332794,,,,,,-0.30498037,0.89337295,0.19828695,0.0,0.0,0.0,0.0
,,1.1521637,6.914623,-5.794287,1662829964639,,-2.962387,1.7022247,-1.1057739,,,,,,-0.75156075,0.21492903,0.5549328,0.0,0.0,0.0,0.0
,,1.1529225,7.030622,-6.063834,1662829964891,,-1.2355957,-0.7255249,-0.073532104,,,,,,-0.84399086,0.41716745,0.32544312,0.0,0.0,0.0,0.0
,,1.2059149,7.8638844,-5.9729743,1662829965144,,1.6352844,0.22576904,0.074539185,,,,,,-0.5813243,0.7106286,-0.15270084,0.0,0.0,0.0,0.0
,,1.1864817,7.8376284,-5.874573,1662829965396,,1.4211731,0.029754639,0.30143738,,,,,,-0.5612067,0.80515134,0.11099327,0.0,0.0,0.0,0.0
,,1.366126,6.9015355,-5.8835917,1662829965647,,-2.3605194,-0.6413574,-1.6277618,,,,,,-0.6827344,0.47040024,0.67325014,0.0,0.0,0.0,0.0
52.50636267,13.31447248,1.1773031,7.392906,-6.262793,1662829966000,3.216,1.6512604,-0.1577301,0.5901184,,,,,,-0.6923369,0.7362055,0.002692795,0.0,0.0,0.0,0.0
,,1.4826431,8.395918,-6.1036983,1662829966151,,2.6174622,-0.63816833,1.2484589,,,,,,-0.22657439,1.2228047,-0.17575952,0.0,0.0,0.0,0.0
,,1.307108,7.09024,-5.8870234,1662829966404,,-1.9237671,1.1152649,-0.50177,,,,,,-0.5312081,0.5997124,0.65468216,0.0,0.0,0.0,0.0
,,1.2140528,6.761357,-5.6195917,1662829966657,,-2.0963287,-0.5625305,-0.6317291,,,,,,-0.7610256,0.47175184,1.1996346,0.0,0.0,0.0,0.0
,,1.4236252,7.629335,-5.522267,1662829966910,,1.3423462,1.0587921,0.21621704,,,,,,-0.2360062,0.75021017,0.73246205,0.0,0.0,0.0,0.0
,,1.5119721,8.047961,-5.6011558,1662829967160,,3.2640686,-0.22058105,1.0300751,,,,,,-0.058959406,0.95994157,0.5753634,0.0,0.0,0.0,0.0
,,1.5955689,6.530196,-5.41385,1662829967410,,-1.988739,-0.28450012,-1.8184357,,,,,,-0.3496266,0.2007807,1.4354347,0.0,0.0,0.0,0.0
,,1.5621307,6.87556,-5.7608895,1662829967661,,-0.50909424,-0.63816833,0.6274109,,,,,,-0.3159735,0.43247986,0.886079,0.0,0.0,0.0,0.0
,,1.744569,8.012807,-5.8094516,1662829967912,,1.1623077,0.8308258,0.5890503,,,,,,0.07039153,0.8134041,0.20177692,0.0,0.0,0.0,0.0
,,1.9182286,7.696292,-6.303016,1662829968163,,0.98760986,0.3471985,0.64019775,,,,,,0.12765905,0.78261644,-0.08986982,0.0,0.0,0.0,0.0
,,1.8989955,6.5980716,-6.605284,1662829968415,,-1.9983368,0.046798706,-2.222168,,,,,,-0.3982711,0.22886643,0.09801141,0.0,0.0,0.0,0.0
,,1.9807566,7.1343327,-6.6109495,1662829968666,,1.4275665,-0.25360107,0.2875824,,,,,,-0.22454308,0.38001728,-0.43800062,0.0,0.0,0.0,0.0
52.50637181,13.31418386,2.152741,8.137383,-6.3404846,1662829969000,3.216,1.851532,-0.6647949,1.0151672,,,,,,0.08163653,0.74419016,-0.6805073,0.0,0.0,0.0,0.0
,,1.9335114,6.9385257,-6.194838,1662829969168,,-1.3261414,1.3325653,-0.5891266,,,,,,-0.44573873,0.14824586,-0.004676199,0.0,0.0,0.0,0.0
,,1.9657532,6.680909,-6.3378916,1662829969421,,-1.8726349,0.46118164,-1.3422699,,,,,,-0.7012347,0.15614852,0.03563822,0.0,0.0,0.0,0.0
,,2.1183028,7.5719914,-6.0760455,1662829969672,,0.13220215,-0.0554657,0.2833252,,,,,,-0.34217644,0.45244235,-0.358164,0.0,0.0,0.0,0.0
,,2.2076066,8.135507,-5.813362,1662829969925,,2.1572723,-0.65734863,0.89372253,,,,,,-0.08729203,0.73824435,-0.29510587,0.0,0.0,0.0,0.0
,,2.0956776,6.6830244,-5.7347927,1662829970177,,-2.0910034,0.799942,-1.0461273,,,,,,-0.4932909,0.03378657,0.50586885,0.0,0.0,0.0,0.0
,,2.0511851,7.0299444,-6.0008283,1662829970429,,0.2962494,-1.2080841,0.22154236,,,,,,-0.5751329,0.34020767,0.1679341,0.0,0.0,0.0,0.0
,,2.184901,7.9359107,-5.8423705,1662829970682,,2.3000183,-0.38357544,0.3866577,,,,,,-0.19088782,0.5741529,-0.2772795,0.0,0.0,0.0,0.0
,,2.4583983,7.962486,-5.820304,1662829970934,,1.8430176,-1.1803894,0.7094269,,,,,,0.111534975,0.70154,-0.070308015,0.0,0.0,0.0,0.0
,,2.205571,6.469502,-5.745924,1662829971185,,-1.9131165,-0.3249817,-2.4192505,,,,,,-0.50449413,-0.04873069,0.64619726,0.0,0.0,0.0,0.0
,,2.188213,6.891919,-5.778964,1662829971438,,-0.8180237,-0.2546692,-0.15130615,,,,,,-0.4090237,0.1355072,0.21491702,0.0,0.0,0.0,0.0
,,2.411153,8.178842,-5.5992794,1662829971691,,1.2198334,-0.13642883,0.9789429,,,,,,0.06774834,0.7301943,-0.21295646,0.0,0.0,0.0,0.0
52.50637975,13.31389545,2.2839015,7.4466944,-5.4185567,1662829972000,4.288,0.37295532,0.43241882,0.6029053,,,,,,-0.2443046,0.39863613,0.42347053,0.0,0.0,0.0,0.0
,,2.4556859,6.8395247,-5.539624,1662829972193,,-2.0878143,0.80952454,-2.4000702,,,,,,-0.4179007,0.3074171,0.64866287,0.0,0.0,0.0,0.0
,,2.2942374,7.285605,-5.350921,1662829972446,,0.9652405,-0.060791016,0.2513733,,,,,,-0.39286235,0.32028252,0.29195195,0.0,0.0,0.0,0.0
,,2.7465417,8.376962,-5.3082247,1662829972697,,1.3135834,0.08514404,1.6521912,,,,,,0.28699762,0.8441354,-0.07961132,0.0,0.0,0.0,0.0
,,2.711586,7.270122,-5.3066278,1662829972951,,-2.2230988,2.0324554,-0.548645,,,,,,-0.042001612,0.36628482,0.5615027,0.0,0.0,0.0,0.0
,,2.7044435,6.9040494,-5.3396683,1662829973204,,-1.4561157,-0.13110352,-2.0421448,,,,,,-0.42568004,0.30403855,0.70316535,0.0,0.0,0.0,0.0
,,2.8599463,7.6622133,-5.355869,1662829973454,,1.5234375,0.36317444,0.8820038,,,,,,0.07643659,0.5364803,0.033798918,0.0,0.0,0.0,0.0
,,2.976145,8.259328,-5.1593046,1662829973706,,1.9761658,-1.1952972,1.7821503,,,,,,0.46016285,0.8123074,-0.0067578,0.0,0.0,0.0,0.0
,,2.8369222,7.0063224,-5.098771,1662829973960,,-2.0707703,1.5733185,-1.0375977,,,,,,-0.027404087,0.29569623,0.7327452,0.0,0.0,0.0,0.0
,,2.870841,7.1487765,-5.3081045,1662829974211,,-1.0545044,-0.56466675,-1.1505127,,,,,,-0.19799566,0.56466,0.5200597,0.0,0.0,0.0,0.0
,,2.8010101,8.0758915,-5.113137,1662829974463,,0.50717163,0.8915558,0.78826904,,,,,,0.044607043,0.78154594,0.060992662,0.0,0.0,0.0,0.0
,,3.0496085,8.206295,-5.2124166,1662829974714,,2.6941528,-1.6096954,1.0673676,,,,,,0.38069248,0.8872758,0.046295665,0.0,0.0,0.0,0.0
52.50638718,13.31360514,2.9792593,6.9285502,-5.0770245,1662829975000,3.216,-2.162384,1.629776,-1.60112,,,,,,-0.18180433,0.32703704,0.77089113,0.0,0.0,0.0,0.0
,,2.9232748,7.2167315,-5.20691,1662829975222,,-0.856369,-0.39527893,-0.040512085,,,,,,-0.33688593,0.47425953,0.4564831,0.0,0.0,0.0,0.0
,,3.1691594,8.358167,-5.1135764,1662829975473,,1.548996,-0.19288635,0.6966553,,,,,,0.16097371,0.8864593,-0.11951702,0.0,0.0,0.0,0.0
,,3.060143,7.8325605,-5.134047,1662829975724,,1.4936066,-0.7659912,0.7531128,,,,,,-8.449952E-4,0.5689281,0.08903059,0.0,0.0,0.0,0.0
,,3.1965735,7.0130253,-5.2395916,1662829975977,,-1.6308136,1.2239227,-1.9942017,,,,,,-0.37946796,0.36400896,0.4024275,0.0,0.0,0.0,0.0
,,3.155712,7.4321303,-5.068127,1662829976228,,0.7202301,-1.4616089,0.41542053,,,,,,-0.28963527,0.4534002,0.0902931,0.0,0.0,0.0,0.0
,,3.382642,8.409004,-5.022517,1662829976480,,0.7617645,0.53681946,0.82873535,,,,,,0.20071961,0.7923995,-0.39691103,0.0,0.0,0.0,0.0
,,3.3215892,7.6563077,-5.0417504,1662829976743,,0.20249939,0.368515,0.46548462,,,,,,-0.09130589,0.4775563,0.013118092,0.0,0.0,0.0,0.0
,,3.3848755,7.0952673,-5.1466966,1662829976995,,-1.6425323,0.47929382,-2.4544067,,,,,,-0.44054407,0.3355562,0.17236903,0.0,0.0,0.0,0.0
,,3.4176753,7.7425394,-4.812665,1662829977246,,1.2517853,0.48036194,1.0556488,,,,,,-0.15060265,0.48618767,-0.06880658,0.0,0.0,0.0,0.0
,,3.61795,8.481869,-4.558999,1662829977497,,1.1963959,-0.6125946,1.7555237,,,,,,0.31262547,0.7550967,-0.15008016,0.0,0.0,0.0,0.0
,,3.3616908,7.387679,-4.55026,1662829977748,,-1.3698273,1.8630676,-0.5379944,,,,,,-0.3475322,0.26858234,0.45248774,0.0,0.0,0.0,0.0
52.50640276,13.31334962,3.4690309,7.2101893,-4.6266756,1662829978000,4.288,-0.602829,-0.75001526,-2.123108,,,,,,-0.56659687,0.33103648,0.41034856,0.0,0.0,0.0,0.0
,,3.5100124,8.023459,-4.3937597,1662829978251,,0.69252014,0.90859985,0.79039,,,,,,-0.16213973,0.55192286,7.0088706E-4,0.0,0.0,0.0,0.0
,,3.7245722,8.430553,-4.306291,1662829978502,,1.277359,-0.67544556,1.9621887,,,,,,0.19658838,0.71064484,-0.03420702,0.0,0.0,0.0,0.0
,,3.5199885,7.2444253,-4.460039,1662829978753,,-1.6180267,1.4966278,-1.1750183,,,,,,-0.49223214,0.19693223,0.44700983,0.0,0.0,0.0,0.0
,,3.648557,7.325549,-4.6194925,1662829979005,,-0.91708374,-0.46133423,-1.5222931,,,,,,-0.52284086,0.34655583,0.1934858,0.0,0.0,0.0,0.0
,,3.6653962,8.294084,-4.4708524,1662829979257,,0.4080963,0.66571045,0.7403259,,,,,,-0.039728746,0.66936153,-0.25166163,0.0,0.0,0.0,0.0
,,3.7478364,8.426004,-4.4256015,1662829979510,,2.3692474,-2.4864044,1.6362152,,,,,,0.15899412,0.76359016,-0.056884926,0.0,0.0,0.0,0.0
,,3.7472377,7.111189,-4.594951,1662829979761,,-1.6680908,1.3943634,-1.9239044,,,,,,-0.36509502,0.15247364,0.41143587,0.0,0.0,0.0,0.0
,,3.765673,7.4162097,-4.5881677,1662829980019,,-0.6145477,-0.86187744,-0.4964447,,,,,,-0.30209568,0.36041725,0.14811243,0.0,0.0,0.0,0.0
,,3.8913682,8.439013,-4.2979903,1662829980270,,1.5692444,-1.0323181,0.6582947,,,,,,0.25414658,0.7303902,-0.15878883,0.0,0.0,0.0,0.0
,,3.889293,8.190973,-4.4092417,1662829980522,,1.7481995,-1.2496338,0.966156,,,,,,0.17147154,0.63772714,0.007291603,0.0,0.0,0.0,0.0
,,3.96064,7.177388,-4.402379,1662829980773,,-1.6436005,1.29422,-2.3010101,,,,,,-0.3159078,0.22772886,0.44584712,0.0,0.0,0.0,0.0
52.50641566,13.31306465,3.852183,7.4676447,-4.363792,1662829981000,4.288,-0.15116882,-1.1228638,-0.4186859,,,,,,-0.24232498,0.2802438,0.10287813,0.0,0.0,0.0,0.0
,,3.9422047,8.524206,-4.096399,1662829981275,,1.24646,-0.42404175,1.2122345,,,,,,0.29458675,0.7112891,-0.15949206,0.0,0.0,0.0,0.0
,,3.7622008,8.009692,-4.040614,1662829981527,,0.8832092,0.26411438,0.7839966,,,,,,-0.115795895,0.50714767,0.26876202,0.0,0.0,0.0,0.0
,,3.9020224,7.211146,-4.147436,1662829981783,,-1.7085724,0.9373627,-2.3713074,,,,,,-0.5020115,0.19734667,0.37819633,0.0,0.0,0.0,0.0
,,3.8120408,7.5703564,-3.8038676,1662829982037,,0.85765076,-0.8586731,0.44311523,,,,,,-0.23537774,0.17969185,0.22473268,0.0,0.0,0.0,0.0
,,4.1010213,8.665743,-3.84006,1662829982288,,0.80651855,0.009521484,1.5190277,,,,,,0.4054235,0.7780141,-0.15280633,0.0,0.0,0.0,0.0
,,3.7874207,7.674624,-3.958054,1662829982539,,-0.633728,0.70832825,0.3110199,,,,,,-0.28903306,0.31047535,0.2667145,0.0,0.0,0.0,0.0
,,3.9965942,7.4050364,-4.112361,1662829982795,,-0.9341278,-0.28129578,-2.204071,,,,,,-0.526057,0.3780647,0.28266093,0.0,0.0,0.0,0.0
,,3.97772,7.893693,-4.0761285,1662829983048,,0.7180939,0.9213867,1.1589813,,,,,,-0.12459925,0.4265561,-0.137223,0.0,0.0,0.0,0.0
,,4.0994253,8.650141,-3.9582138,1662829983299,,1.5500641,-0.7628021,1.8652496,,,,,,0.3190971,0.8556999,-0.117606275,0.0,0.0,0.0,0.0
,,3.9604416,7.5992856,-4.102704,1662829983550,,-1.6457214,1.643631,-1.0141602,,,,,,-0.36096105,0.44587675,0.38408133,0.0,0.0,0.0,0.0
,,3.8274434,7.2452626,-4.103223,1662829983804,,-0.8137512,-0.3026123,-1.1675568,,,,,,-0.6318133,0.30427963,0.3085552,0.0,0.0,0.0,0.0
52.50642505,13.31276148,4.046393,8.248513,-3.9147599,1662829984000,4.288,0.71170044,0.081954956,0.3547058,,,,,,-0.02452674,0.71657693,-0.16760537,0.0,0.0,0.0,0.0
,,3.9798746,8.337537,-3.8353913,1662829984309,,1.835556,-0.62431335,1.680954,,,,,,0.0714213,0.6865419,-0.1089798,0.0,0.0,0.0,0.0
,,3.819024,7.140197,-3.8713841,1662829984560,,-1.4411926,1.4572144,-1.3092499,,,,,,-0.662835,0.16725738,0.43337867,0.0,0.0,0.0,0.0
,,3.8114426,7.1024485,-3.997958,1662829984811,,-1.0342712,-0.62112427,-1.6927338,,,,,,-0.7480061,0.13410787,0.13715026,0.0,0.0,0.0,0.0
,,3.8580902,8.12956,-3.890857,1662829985063,,1.6715088,-0.2237854,0.5613556,,,,,,-0.17680155,0.5216044,-0.3637047,0.0,0.0,0.0,0.0
,,3.996276,8.156536,-3.9579346,1662829985313,,2.197754,-1.828064,1.6734924,,,,,,-0.13183925,0.5312259,-0.18881,0.0,0.0,0.0,0.0
,,3.9351842,6.983497,-4.0118036,1662829985565,,-0.9554291,0.49526978,-2.1966095,,,,,,-0.7999007,-0.025270129,0.2836256,0.0,0.0,0.0,0.0
,,3.9890137,7.378062,-3.9071376,1662829985817,,-0.37806702,-0.28129578,0.07347107,,,,,,-0.62995684,0.16987978,0.082898706,0.0,0.0,0.0,0.0
,,4.135819,8.317745,-3.682482,1662829986070,,1.6842957,-0.5710602,0.9054413,,,,,,-0.006446441,0.4870531,-0.20717612,0.0,0.0,0.0,0.0
,,4.1471915,8.125133,-3.6383088,1662829986323,,0.578537,0.28009033,1.3539124,,,,,,-0.17135957,0.5204461,0.17939644,0.0,0.0,0.0,0.0
,,4.241284,7.2790217,-3.6790502,1662829986575,,-1.0747528,-0.060791016,-2.665329,,,,,,-0.65041596,0.21812907,0.42257848,0.0,0.0,0.0,0.0
,,4.175523,7.6033955,-3.4342031,1662829986827,,0.25257874,-0.5710602,0.614624,,,,,,-0.42108986,0.2525195,0.24789463,0.0,0.0,0.0,0.0
52.50641498,13.31247009,4.4010563,8.582424,-3.2123399,1662829987000,4.288,0.4815979,0.48355103,1.1536407,,,,,,0.2565542,0.70318896,0.057910983,0.0,0.0,0.0,0.0
,,4.1190186,7.7412214,-3.276185,1662829987331,,-0.6529083,1.3517456,0.29504395,,,,,,-0.42474344,0.29886493,0.41784513,0.0,0.0,0.0,0.0
,,4.44842,7.5274196,-3.5010803,1662829987582,,-0.07232666,-0.2280426,-2.3340302,,,,,,-0.607927,0.43121693,0.18907486,0.0,0.0,0.0,0.0
,,4.294034,7.8443317,-3.2466161,1662829987835,,0.7702942,0.8436127,1.0556488,,,,,,-0.35232,0.316644,-0.08743921,0.0,0.0,0.0,0.0
,,4.6005707,8.633381,-3.1790996,1662829988086,,0.5231476,-0.9279175,1.0801392,,,,,,0.28160536,0.66826326,-0.1905427,0.0,0.0,0.0,0.0
,,4.3841753,7.6996026,-3.2361217,1662829988338,,-0.94158936,1.4358978,-0.46128845,,,,,,-0.41731426,0.2970208,0.26971772,0.0,0.0,0.0,0.0
,,4.398421,7.417605,-3.409702,1662829988590,,-0.2236023,-0.62538147,-2.0687714,,,,,,-0.67740697,0.25335142,0.13005574,0.0,0.0,0.0,0.0
,,4.429546,8.143447,-3.1301794,1662829988841,,0.6456604,0.2939453,0.78826904,,,,,,-0.042744517,0.45716944,-0.058703367,0.0,0.0,0.0,0.0
,,4.414343,8.494279,-2.9233596,1662829989093,,0.58706665,-0.7244568,1.8343506,,,,,,0.26753426,0.57345176,0.2537559,0.0,0.0,0.0,0.0
,,4.3612714,7.5918245,-3.0067575,1662829989346,,-0.8829956,1.1163177,-0.8959198,,,,,,-0.35629928,0.28578624,0.7138693,0.0,0.0,0.0,0.0
,,4.248225,7.362899,-3.020844,1662829989596,,-0.46328735,-0.69569397,-1.9537354,,,,,,-0.6674009,0.24614051,0.67491466,0.0,0.0,0.0,0.0
,,4.329588,8.257533,-2.8981807,1662829989852,,0.44218445,0.10218811,1.0417938,,,,,,-0.01977376,0.55452865,0.33319464,0.0,0.0,0.0,0.0
52.50640725,13.31217465,4.470846,8.50258,-2.7849746,1662829990000,4.288,0.5572357,-0.377182,1.7565918,,,,,,0.30655053,0.6544084,0.55880165,0.0,0.0,0.0,0.0
,,4.442235,7.590788,-2.92715,1662829990356,,-0.86595154,0.85321045,-1.1324158,,,,,,-0.38853207,0.3388743,0.888127,0.0,0.0,0.0,0.0
,,4.4218845,7.376028,-2.8747573,1662829990610,,-0.6614227,-0.44535828,-1.8141785,,,,,,-0.56323355,0.22386299,0.7120154,0.0,0.0,0.0,0.0
,,4.482259,8.433507,-2.8690913,1662829990860,,0.66589355,0.3951416,1.1611023,,,,,,0.054092567,0.65067923,0.1592454,0.0,0.0,0.0,0.0
,,4.5145006,8.561117,-2.7385676,1662829991114,,0.7649689,-0.16731262,1.8322144,,,,,,0.14814481,0.6580533,0.22715159,0.0,0.0,0.0,0.0
,,4.478029,7.5311713,-2.8111522,1662829991366,,-1.1546478,1.5189972,-1.2091064,,,,,,-0.60033494,0.22648434,0.4285858,0.0,0.0,0.0,0.0
,,4.422004,7.453399,-2.7405229,1662829991618,,-0.41215515,-0.32710266,-1.4956665,,,,,,-0.7712439,0.17300731,0.22104463,0.0,0.0,0.0,0.0
,,4.5377636,8.482467,-2.7737625,1662829991870,,0.22914124,0.9469452,0.78292847,,,,,,-0.098327726,0.5821088,-0.33026993,0.0,0.0,0.0,0.0
,,4.6862836,8.600141,-2.7694137,1662829992123,,0.44432068,-0.66799927,1.840744,,,,,,0.07120479,0.6490186,-0.20261742,0.0,0.0,0.0,0.0
,,4.599573,7.493421,-2.8133073,1662829992377,,-0.46861267,0.4931488,-1.4743652,,,,,,-0.6685403,0.15745196,0.17819479,0.0,0.0,0.0,0.0
,,4.610626,7.5285764,-2.845429,1662829992635,,-0.49630737,-0.18969727,-1.3912659,,,,,,-0.6213868,0.20440613,-0.02843103,0.0,0.0,0.0,0.0
,,4.553245,8.518538,-2.7271953,1662829992887,,0.027801514,0.5719757,0.32806396,,,,,,-0.02388091,0.57885617,-0.33135816,0.0,0.0,0.0,0.0
52.50643467,13.31190211,4.562184,8.479394,-2.7319045,1662829993000,5.36,0.40704346,0.10751343,2.0026703,,,,,,-0.006067538,0.54476345,-0.15839764,0.0,0.0,0.0,0.0
,,4.6038833,7.5010047,-2.74631,1662829993391,,-1.2867279,1.2526703,-1.7619781,,,,,,-0.59481615,0.16098522,0.19231746,0.0,0.0,0.0,0.0
,,4.412069,7.54426,-2.7132294,1662829993645,,-0.36314392,-0.33244324,-1.2080383,,,,,,-0.6929799,0.11154684,-0.007392029,0.0,0.0,0.0,0.0
,,4.4340153,8.523489,-2.5652282,1662829993898,,0.5657654,0.20872498,0.7147522,,,,,,-0.040883247,0.48664814,-0.3131438,0.0,0.0,0.0,0.0
,,4.5806203,8.508684,-2.6054108,1662829994149,,1.4392853,-1.795044,1.7129059,,,,,,0.0021063169,0.54497886,-0.105209686,0.0,0.0,0.0,0.0
,,4.6923494,7.5409474,-2.7088003,1662829994400,,-0.9778137,0.70407104,-2.0879517,,,,,,-0.52303445,0.15093343,0.18102627,0.0,0.0,0.0,0.0
,,4.635926,7.6908245,-2.6639485,1662829994651,,-0.22467041,-0.45387268,-0.980072,,,,,,-0.39717907,0.1740163,0.010388827,0.0,0.0,0.0,0.0
,,4.5767093,8.560517,-2.5460744,1662829994902,,1.7055969,-0.30368042,0.76908875,,,,,,0.16960377,0.47690627,-0.2114846,0.0,0.0,0.0,0.0
,,4.727783,8.483704,-2.7066054,1662829995154,,1.1463318,-0.7553406,1.6244965,,,,,,0.10591011,0.59705526,9.3826454E-4,0.0,0.0,0.0,0.0
,,4.8587065,7.581368,-2.774761,1662829995406,,-0.64012146,0.13627625,-2.1390839,,,,,,-0.38012967,0.2697377,0.3015388,0.0,0.0,0.0,0.0
,,4.690435,7.824779,-2.7473872,1662829995658,,0.017150879,-0.8725281,-0.35690308,,,,,,-0.25129265,0.28360793,0.06410148,0.0,0.0,0.0,0.0
,,4.7600665,8.647587,-2.60605,1662829995908,,1.0611115,-0.7564087,1.3358154,,,,,,0.37007266,0.5799819,-0.09356627,0.0,0.0,0.0,0.0
52.50643678,13.31171414,4.725909,8.399069,-2.7677774,1662829996000,5.36,0.71276855,0.23535156,0.91716003,,,,,,-0.020776542,0.6199796,0.14283857,0.0,0.0,0.0,0.0
,,4.759348,7.6075053,-2.8969045,1662829996410,,-0.9863281,0.24067688,-2.4171143,,,,,,-0.56234205,0.31419596,0.2390141,0.0,0.0,0.0,0.0
,,4.5240374,7.8679943,-2.7298293,1662829996663,,0.28027344,-0.76919556,0.42713928,,,,,,-0.36226857,0.24938945,0.03888829,0.0,0.0,0.0,0.0
,,4.551411,8.627476,-2.566545,1662829996916,,-0.10108948,0.71151733,1.4497986,,,,,,0.15980658,0.51078784,-0.03514989,0.0,0.0,0.0,0.0
,,4.403169,8.001911,-2.7478669,1662829997168,,-0.31840515,1.0470886,0.74458313,,,,,,-0.44266796,0.25359935,0.17091432,0.0,0.0,0.0,0.0
,,4.5276275,7.6450553,-2.8832977,1662829997420,,-0.40150452,0.091537476,-2.316986,,,,,,-0.78878874,0.25490266,0.10631577,0.0,0.0,0.0,0.0
,,4.48122,8.055422,-2.7320642,1662829997671,,0.65631104,0.12988281,0.79571533,,,,,,-0.32508165,0.27342424,-0.24054764,0.0,0.0,0.0,0.0
,,4.6057587,8.738806,-2.5289567,1662829997922,,-0.41641235,0.5570526,1.6564484,,,,,,0.2124329,0.5562593,-0.22575171,0.0,0.0,0.0,0.0
,,4.4878445,8.030242,-2.6705735,1662829998173,,-0.3769989,0.6082001,-0.08631897,,,,,,-0.47205037,0.28378728,-0.036532544,0.0,0.0,0.0,0.0
,,4.622598,7.727336,-2.9470236,1662829998425,,-0.10429382,-0.41020203,-2.525772,,,,,,-0.66480863,0.28221846,-0.37013635,0.0,0.0,0.0,0.0
,,4.553605,8.3425255,-2.7172587,1662829998689,,0.31222534,0.577301,1.2548523,,,,,,-0.13672349,0.4574704,-0.5694066,0.0,0.0,0.0,0.0
,,4.6642175,8.659558,-2.4935613,1662829998948,,0.66589355,-0.9897003,1.8684387,,,,,,0.25919408,0.52532035,-0.32081822,0.0,0.0,0.0,0.0
52.50645773,13.31160693,4.4624662,7.7662005,-2.7085607,1662829999000,4.288,-1.5722198,1.4327087,-1.1707611,,,,,,-0.55080605,0.21276766,-0.012153228,0.0,0.0,0.0,0.0
,,4.4983397,7.7117324,-2.8101141,1662829999452,,-0.6773987,0.06277466,-1.5308228,,,,,,-0.67083853,0.2690153,-0.116505355,0.0,0.0,0.0,0.0
,,4.3948307,8.393721,-2.6089616,1662829999705,,0.17694092,0.43455505,0.64764404,,,,,,-0.1537804,0.50327945,-0.19252898,0.0,0.0,0.0,0.0
,,4.4444304,8.601538,-2.3853033,1662829999957,,0.45285034,-0.3345642,1.8173065,,,,,,0.050040554,0.59651417,0.28434741,0.0,0.0,0.0,0.0
,,4.4408793,7.6630907,-2.4524603,1662830000208,,-1.3240204,1.0406952,-1.7204285,,,,,,-0.5758551,0.27560863,0.72353256,0.0,0.0,0.0,0.0
,,4.319214,7.740823,-2.530272,1662830000459,,-0.5431824,0.011642456,-1.0557098,,,,,,-0.61638415,0.35226366,0.5695154,0.0,0.0,0.0,0.0
,,4.430344,8.626119,-2.2436864,1662830000710,,1.2219696,-0.16731262,1.0790863,,,,,,0.14909925,0.68647367,0.48499826,0.0,0.0,0.0,0.0
,,4.494787,8.564349,-2.2896154,1662830000961,,1.4147797,-1.5862579,1.7214355,,,,,,0.15390706,0.71191543,0.68565476,0.0,0.0,0.0,0.0
,,4.6412725,7.5941386,-2.356373,1662830001213,,-1.2196198,0.42070007,-1.9420166,,,,,,-0.3559802,0.296801,0.93586415,0.0,0.0,0.0,0.0
,,4.5637403,7.9439316,-2.3051367,1662830001464,,-0.26301575,0.060653687,-0.6860657,,,,,,-0.2658394,0.4528128,0.60520786,0.0,0.0,0.0,0.0
,,4.629342,8.747905,-2.1190674,1662830001716,,1.2560577,-0.6584015,1.3443298,,,,,,0.3116229,0.6554653,0.26457793,0.0,0.0,0.0,0.0
,,4.6438274,8.511397,-2.2645547,1662830001970,,0.69039917,-0.14389038,1.1579132,,,,,,0.012250248,0.6019497,0.23504205,0.0,0.0,0.0,0.0
52.50650814,13.31104025,4.7743115,7.728653,-2.4715738,1662830002000,4.288,-1.11203,0.38128662,-2.539627,,,,,,-0.49118945,0.2594949,0.13589264,0.0,0.0,0.0,0.0
,,4.707394,8.131597,-2.4207373,1662830002473,,0.6957245,-0.27278137,0.46122742,,,,,,-0.20486063,0.3428351,-0.2753033,0.0,0.0,0.0,0.0
,,4.7704806,8.894828,-2.323972,1662830002724,,-0.27153015,1.184494,1.3443298,,,,,,0.29216233,0.59134537,-0.52233535,0.0,0.0,0.0,0.0
,,4.6022882,8.195521,-2.5316293,1662830002975,,-0.743454,1.3357697,-0.110824585,,,,,,-0.34246948,0.28176892,-0.38117266,0.0,0.0,0.0,0.0
,,4.7715173,7.93611,-2.7262385,1662830003226,,-0.27685547,-0.0011444092,-1.9846191,,,,,,-0.62831074,0.35794276,-0.49097392,0.0,0.0,0.0,0.0
,,4.651368,8.328918,-2.5580063,1662830003478,,0.36016846,0.50379944,1.169632,,,,,,-0.2075496,0.40660012,-0.6250371,0.0,0.0,0.0,0.0
,,4.79522,9.005679,-2.3848648,1662830003729,,0.40704346,-0.45707703,2.2508698,,,,,,0.2740647,0.75167567,-0.51847845,0.0,0.0,0.0,0.0
,,4.542752,7.960652,-2.4349437,1662830003981,,-0.9543762,1.0119324,-0.9225464,,,,,,-0.6062175,0.2665138,-0.14414164,0.0,0.0,0.0,0.0
,,4.7263474,7.9316025,-2.4386942,1662830004232,,-0.37806702,0.31950378,-1.6384125,,,,,,-0.62736225,0.42238414,-0.12214426,0.0,0.0,0.0,0.0
,,4.668727,8.571891,-2.2748907,1662830004484,,0.2504425,0.38235474,0.61994934,,,,,,-0.14149024,0.58966357,-0.2607606,0.0,0.0,0.0,0.0
,,4.8440228,8.759596,-2.2120829,1662830004736,,1.2006531,-1.1654663,1.8641815,,,,,,0.18940578,0.66702044,-0.014490533,0.0,0.0,0.0,0.0
,,4.8131375,7.7144465,-2.344282,1662830004988,,-0.99272156,0.2694397,-1.5457306,,,,,,-0.5180391,0.18967111,0.31373447,0.0,0.0,0.0,0.0
52.50653189,13.31075993,4.7569933,7.7573824,-2.3887746,1662830005000,4.288,-0.4824524,-0.062927246,-1.0013885,,,,,,-0.5608256,0.2257189,0.21435146,0.0,0.0,0.0,0.0
,,4.7878375,8.611712,-2.2768452,1662830005493,,0.94499207,0.35784912,0.83940125,,,,,,0.1279377,0.57494813,0.12165729,0.0,0.0,0.0,0.0
,,4.8059535,8.515626,-2.37816,1662830005746,,0.8917389,-0.67118835,1.6681671,,,,,,0.100041084,0.5800485,0.29235217,0.0,0.0,0.0,0.0
,,4.891067,7.5792933,-2.454894,1662830006000,,-1.07901,0.33442688,-2.1060638,,,,,,-0.35813248,0.18563165,0.5829807,0.0,0.0,0.0,0.0
,,4.6686053,7.79122,-2.4212956,1662830006251,,-0.15116882,-0.18009949,-0.6040344,,,,,,-0.27856934,0.22666235,0.36453918,0.0,0.0,0.0,0.0
,,4.719043,8.723562,-2.2517064,1662830006503,,0.6733551,-0.6584015,1.3113098,,,,,,0.3321409,0.64414763,0.20393471,0.0,0.0,0.0,0.0
,,4.538321,8.284307,-2.2490728,1662830006756,,0.1481781,0.8830261,1.2772217,,,,,,-0.11945098,0.46381074,0.4485672,0.0,0.0,0.0,0.0
,,4.816607,7.776775,-2.453777,1662830007011,,-0.95010376,0.90327454,-3.0541534,,,,,,-0.3906601,0.33360323,0.24380584,0.0,0.0,0.0,0.0
,,4.6321344,8.206655,-2.4217749,1662830007263,,1.0440674,-0.5113983,1.0524445,,,,,,-0.13633002,0.4305536,-0.15272132,0.0,0.0,0.0,0.0
,,4.7057166,8.934772,-2.2704616,1662830007515,,0.08532715,-0.12471008,1.585083,,,,,,0.32995328,0.72072196,-0.2966945,0.0,0.0,0.0,0.0
,,4.522201,8.231275,-2.3435242,1662830007766,,-0.44091797,0.8723755,-0.40376282,,,,,,-0.39566842,0.42910233,0.023399504,0.0,0.0,0.0,0.0
52.50653796,13.31044978,4.6365237,8.504094,-2.4788365,1662830008000,4.288,0.08746338,0.54000854,1.2793427,,,,,,-0.09938801,0.52796453,-0.53325486,0.0,0.0,0.0,0.0
,,4.6769466,7.888904,-2.534901,1662830008017,,-0.40682983,-0.030960083,-2.0730438,,,,,,-0.61795175,0.32652664,-0.18311225,0.0,0.0,0.0,0.0
,,4.656077,8.875475,-2.182953,1662830008526,,1.1133118,-1.3242035,1.5946655,,,,,,0.17714575,0.63249916,-0.28587124,0.0,0.0,0.0,0.0
,,4.434932,7.817956,-2.2167907,1662830008783,,-1.2366638,0.95866394,-1.4019165,,,,,,-0.66353214,0.090810396,0.06850334,0.0,0.0,0.0,0.0
,,4.4528494,7.904387,-2.3067331,1662830009035,,-0.38446045,0.511261,-2.0155182,,,,,,-0.72524637,0.23784621,-0.15751435,0.0,0.0,0.0,0.0
,,4.425555,8.633262,-2.18443,1662830009286,,1.1889343,0.31950378,0.6582947,,,,,,-0.1078137,0.47106904,-0.49738672,0.0,0.0,0.0,0.0
,,4.39064,8.804168,-1.9451691,1662830009540,,1.4659119,-1.0866394,1.4806824,,,,,,-0.037598744,0.5741736,-0.0837146,0.0,0.0,0.0,0.0
,,4.4537673,7.748444,-1.8962871,1662830009797,,-0.81907654,0.10964966,-1.9856873,,,,,,-0.59837395,0.07027156,0.43348497,0.0,0.0,0.0,0.0
,,4.4220834,8.024017,-1.8170384,1662830010048,,0.0011749268,-0.41871643,-0.57315063,,,,,,-0.43825632,0.29335865,0.55628496,0.0,0.0,0.0,0.0
,,4.4902387,8.842915,-1.674384,1662830010300,,0.98228455,-0.5295105,1.1099701,,,,,,0.2501532,0.66235465,0.56840616,0.0,0.0,0.0,0.0
,,4.550891,8.641004,-1.7573832,1662830010552,,0.15563965,0.4452057,1.5275574,,,,,,0.11177691,0.6692909,0.94540304,0.0,0.0,0.0,0.0
,,4.703402,7.9270916,-1.7698328,1662830010809,,-0.77008057,0.13308716,-1.8557281,,,,,,-0.35620835,0.40408236,1.1968365,0.0,0.0,0.0,0.0
52.50653542,13.31017618,4.6741138,9.00564,-1.7958506,1662830011000,4.288,0.021408081,0.87557983,1.427414,,,,,,0.37345225,0.7948237,0.46451363,0.0,0.0,0.0,0.0
,,4.636884,8.191173,-1.8738612,1662830011064,,0.48905945,-0.31219482,0.74139404,,,,,,-0.0830849,0.44985196,0.7896013,0.0,0.0,0.0,0.0
,,4.4634643,8.291289,-1.9908981,1662830011566,,-0.7349243,1.1536102,-0.025604248,,,,,,-0.28970146,0.4241291,0.39965376,0.0,0.0,0.0,0.0
,,4.813097,8.092132,-2.1453638,1662830011818,,0.21421814,-0.42085266,-2.2796936,,,,,,-0.39459813,0.49886337,0.14080821,0.0,0.0,0.0,0.0
,,4.6374826,8.488612,-1.9729818,1662830012069,,0.3665619,0.38128662,1.5477905,,,,,,-0.029677661,0.48670605,-0.14234735,0.0,0.0,0.0,0.0
,,4.5949855,8.827991,-1.7401855,1662830012320,,0.4304657,-1.2112732,1.5456696,,,,,,0.32136986,0.5485148,0.029280718,0.0,0.0,0.0,0.0
,,4.3863707,7.995287,-1.7836003,1662830012571,,-1.3357391,1.0918274,-1.0812836,,,,,,-0.4885493,0.2120571,0.36666468,0.0,0.0,0.0,0.0
,,4.459953,7.9299655,-1.9872268,1662830012826,,-0.47073364,0.3163147,-1.8344116,,,,,,-0.5747068,0.26970336,0.14685081,0.0,0.0,0.0,0.0
,,4.3777914,8.615426,-1.9437724,1662830013078,,0.47521973,0.2651825,1.0066376,,,,,,-0.01689827,0.49549565,-0.15058984,0.0,0.0,0.0,0.0
,,4.3262362,8.719932,-1.7837993,1662830013329,,0.7511139,-0.8000946,1.8982697,,,,,,0.044332456,0.47939917,0.052966047,0.0,0.0,0.0,0.0
,,4.2508993,7.6665225,-2.0095718,1662830013580,,-0.8798065,0.8553314,-2.0847626,,,,,,-0.67362446,7.066091E-4,0.18320581,0.0,0.0,0.0,0.0
,,4.358997,8.00638,-2.1904933,1662830013845,,-0.045700073,-0.2599945,-0.5944519,,,,,,-0.49885997,0.25917202,-0.15200506,0.0,0.0,0.0,0.0
52.50655809,13.30988825,4.35784,8.627116,-1.9033885,1662830014000,4.288,0.6989136,0.08834839,1.059906,,,,,,-0.1274456,0.5206459,0.15101178,0.0,0.0,0.0,0.0
,,4.418533,8.7578,-2.0278869,1662830014095,,1.5351562,-0.4283142,1.2346039,,,,,,0.13063245,0.52601933,-0.27410412,0.0,0.0,0.0,0.0
,,4.5082364,7.8439326,-1.9943684,1662830014599,,-0.4696808,-0.020309448,-2.363861,,,,,,-0.6673472,0.18428376,0.3780604,0.0,0.0,0.0,0.0
,,4.3272753,8.159808,-2.0564988,1662830014854,,0.3527069,-0.34095764,0.61143494,,,,,,-0.5084256,0.29380718,0.17441514,0.0,0.0,0.0,0.0
,,4.453888,8.982219,-1.7302887,1662830015107,,0.15136719,0.6593323,1.3741608,,,,,,0.078951955,0.6454831,0.27631524,0.0,0.0,0.0,0.0
,,4.289327,8.35326,-1.8120509,1662830015359,,-0.89471436,1.0257721,0.49531555,,,,,,-0.50726336,0.3782867,0.5757795,0.0,0.0,0.0,0.0
,,4.5850906,7.9730606,-1.91153,1662830015610,,-0.38978577,-0.012863159,-2.5992737,,,,,,-0.68519986,0.29169232,0.5344381,0.0,0.0,0.0,0.0
,,4.513344,8.384185,-1.8306458,1662830015860,,0.6786804,-0.28982544,1.1834717,,,,,,-0.16401653,0.36745963,0.2797908,0.0,0.0,0.0,0.0
,,4.599854,9.003923,-1.7077439,1662830016112,,0.54551697,-0.7532196,1.4956055,,,,,,0.28457722,0.64960057,0.3098718,0.0,0.0,0.0,0.0
,,4.555122,8.229239,-1.763329,1662830016363,,-1.1770172,1.3389587,-0.5720825,,,,,,-0.3883262,0.30276874,0.5668915,0.0,0.0,0.0,0.0
,,4.6093106,7.983515,-2.0014725,1662830016614,,-0.6837921,0.16503906,-2.0197754,,,,,,-0.54815865,0.2239445,0.20809354,0.0,0.0,0.0,0.0
,,4.5310206,8.746987,-1.9445307,1662830016866,,0.22593689,0.58688354,1.0950623,,,,,,-0.03160096,0.52574134,-0.21363261,0.0,0.0,0.0,0.0
52.50657343,13.3096034,4.512027,8.127845,-2.0682714,1662830017000,4.288,-0.73599243,0.74134827,-1.8035278,,,,,,-0.5954127,0.26651064,-0.08703006,0.0,0.0,0.0,0.0
,,4.5045247,9.10464,-1.8446126,1662830017121,,0.18865967,0.14692688,1.9749603,,,,,,0.13115379,0.7285007,-0.14979206,0.0,0.0,0.0,0.0
,,4.550853,8.309366,-2.079005,1662830017624,,-0.25448608,0.016967773,-1.0727539,,,,,,-0.5555664,0.45063177,-0.3354759,0.0,0.0,0.0,0.0
,,4.389524,8.896464,-1.9742192,1662830017877,,1.1921387,-0.36972046,1.1664276,,,,,,-0.08696113,0.5858555,-0.6099065,0.0,0.0,0.0,0.0
,,4.492635,9.10069,-1.9359115,1662830018129,,1.7183838,-1.3433685,1.3059845,,,,,,-0.07890728,0.8232295,-0.35190287,0.0,0.0,0.0,0.0
,,4.6111865,8.040377,-1.9680741,1662830018382,,-0.3567505,0.019104004,-2.445877,,,,,,-0.64906347,0.27031258,-0.042161986,0.0,0.0,0.0,0.0
,,4.533415,8.158531,-2.0188706,1662830018649,,0.33992004,-0.61473083,0.11288452,,,,,,-0.48644727,0.27181,-0.20575078,0.0,0.0,0.0,0.0
,,4.6801,8.921602,-1.7880294,1662830018905,,0.33992004,0.06384277,1.5126495,,,,,,0.20620888,0.6140012,-0.10960112,0.0,0.0,0.0,0.0
,,4.328751,8.249551,-1.8780121,1662830019157,,-0.30136108,0.68914795,0.8351288,,,,,,-0.4047067,0.24739711,0.2745698,0.0,0.0,0.0,0.0
,,4.4004574,7.567084,-2.1467612,1662830019407,,-1.0672913,0.34187317,-3.7103424,,,,,,-0.8634196,-0.03172903,0.30592442,0.0,0.0,0.0,0.0
,,4.3151035,7.9849515,-2.013364,1662830019657,,0.7894592,-0.61686707,0.42181396,,,,,,-0.46125326,0.11041985,0.2117679,0.0,0.0,0.0,0.0
,,4.3619905,8.700139,-1.8365519,1662830019909,,0.31436157,0.048934937,1.425293,,,,,,0.09458368,0.408528,0.23138812,0.0,0.0,0.0,0.0
52.50659269,13.30929416,4.1764393,7.8110127,-2.1061397,1662830020000,4.288,0.016082764,-0.32817078,-2.2924805,,,,,,-0.90318614,0.10437746,0.27956328,0.0,0.0,0.0,0.0
,,4.1115966,8.136265,-1.9334381,1662830020161,,-0.6976471,1.1344299,0.057495117,,,,,,-0.6056181,0.20532688,0.48211226,0.0,0.0,0.0,0.0
,,4.3950706,8.507167,-1.9111714,1662830020663,,0.81503296,-0.05760193,1.0535126,,,,,,-0.105494544,0.4077023,0.07032898,0.0,0.0,0.0,0.0
,,4.603047,9.108709,-1.5448979,1662830020914,,-0.57406616,-0.14389038,1.604248,,,,,,0.45426187,0.7524393,0.3255657,0.0,0.0,0.0,0.0
,,4.385134,8.107773,-1.7187968,1662830021165,,-1.1035156,0.8979492,-0.5102997,,,,,,-0.41666493,0.2311283,0.5142158,0.0,0.0,0.0,0.0
,,4.5595913,8.032155,-1.879248,1662830021417,,-0.5314636,0.20872498,-2.4554749,,,,,,-0.50155455,0.32864812,0.27883595,0.0,0.0,0.0,0.0
,,4.5950255,8.689923,-1.8218673,1662830021678,,-0.040374756,0.6412201,0.82022095,,,,,,0.12814559,0.57349294,-0.010219467,0.0,0.0,0.0,0.0
,,4.677426,8.975311,-1.7006805,1662830021930,,0.54019165,0.042541504,1.7320862,,,,,,0.33481848,0.7394009,0.1836414,0.0,0.0,0.0,0.0
,,4.7152934,8.060328,-1.9361507,1662830022184,,-0.74450684,0.7243042,-1.663971,,,,,,-0.33646777,0.32612163,0.29766768,0.0,0.0,0.0,0.0
,,4.619365,8.13335,-2.0440495,1662830022436,,-0.15010071,-0.28556824,-1.1430664,,,,,,-0.4341709,0.38207868,0.13312052,0.0,0.0,0.0,0.0
,,4.6481357,8.813584,-1.8677974,1662830022699,,1.2209015,-0.5902252,1.0726929,,,,,,0.19291727,0.60551965,-0.0038475196,0.0,0.0,0.0,0.0
,,4.65911,8.858236,-1.9065837,1662830022953,,0.95884705,-0.39741516,1.2878723,,,,,,0.12820467,0.7100151,0.17523886,0.0,0.0,0.0,0.0
52.50658401,13.30902557,4.5226398,8.148794,-1.9450109,1662830023000,5.36,0.1289978,-0.3580017,0.12779236,,,,,,-0.37074757,0.30181444,0.083480015,0.0,0.0,0.0,0.0
,,4.709707,7.9141226,-1.9484421,1662830023203,,-0.6880493,0.4931488,-2.426712,,,,,,-0.5041812,0.22776864,0.3481574,0.0,0.0,0.0,0.0
,,4.5444274,8.8855715,-1.6760218,1662830023706,,0.18226624,-0.33563232,1.3358154,,,,,,0.18932995,0.5657681,0.03849564,0.0,0.0,0.0,0.0
,,4.51015,8.495555,-1.6727097,1662830023960,,-0.8020325,1.1908875,0.77227783,,,,,,-0.2159204,0.4094323,0.25134125,0.0,0.0,0.0,0.0
,,4.77846,8.075651,-1.7932576,1662830024212,,-0.33865356,0.23535156,-2.7505493,,,,,,-0.458335,0.31409237,0.17736168,0.0,0.0,0.0,0.0
,,4.494468,8.366667,-1.6136928,1662830024466,,0.4262085,0.5986023,1.1344757,,,,,,-0.22228855,0.2805289,0.044530503,0.0,0.0,0.0,0.0
,,4.644625,9.081534,-1.4378784,1662830024719,,0.36016846,-0.6775818,1.6223602,,,,,,0.325556,0.6472504,0.10322013,0.0,0.0,0.0,0.0
,,4.5030484,8.249789,-1.6116979,1662830024974,,-1.254776,0.9810333,-0.9981842,,,,,,-0.41519356,0.2818201,0.34728852,0.0,0.0,0.0,0.0
,,4.625631,8.150151,-1.7762996,1662830025225,,-0.3503723,0.2268219,-2.0517273,,,,,,-0.53749967,0.3184618,0.14223148,0.0,0.0,0.0,0.0
,,4.5518503,8.764105,-1.7162058,1662830025476,,-0.12452698,0.6678467,1.0258179,,,,,,0.010363754,0.5544585,-0.15485317,0.0,0.0,0.0,0.0
,,4.528467,9.062303,-1.6082667,1662830025737,,0.8597717,-0.236557,1.8695068,,,,,,0.17196102,0.7116075,0.016357636,0.0,0.0,0.0,0.0
,,4.4777093,8.108173,-1.7652456,1662830025988,,-0.6550293,0.65826416,-1.8344116,,,,,,-0.5784462,0.2771182,0.20808516,0.0,0.0,0.0,0.0
52.50661161,13.30873115,4.369691,8.769412,-1.5407089,1662830026000,4.288,0.7511139,1.2058105,-0.00642395,,,,,,0.008844121,0.47787997,0.09660683,0.0,0.0,0.0,0.0
,,4.48581,8.256135,-1.8676372,1662830026240,,-0.07020569,0.28967285,-0.6040344,,,,,,-0.45661417,0.41968757,0.040556636,0.0,0.0,0.0,0.0
,,4.392037,8.5684185,-1.1383234,1662830026747,,0.22061157,-0.2322998,1.1483154,,,,,,0.088349134,0.5107816,0.78064144,0.0,0.0,0.0,0.0
,,4.5716014,7.8290887,-1.367687,1662830027001,,-0.6411896,0.49526978,-2.2306976,,,,,,-0.36803618,0.22369114,0.8794127,0.0,0.0,0.0,0.0
,,4.5113864,8.086506,-1.338597,1662830027254,,0.64245605,-0.67225647,0.79571533,,,,,,-0.0868278,0.29513866,0.77398044,0.0,0.0,0.0,0.0
,,4.6708007,8.817735,-1.1420333,1662830027505,,-0.19697571,0.2971344,1.4359436,,,,,,0.5363418,0.63369447,0.82552105,0.0,0.0,0.0,0.0
,,4.4610686,8.150352,-1.1755524,1662830027757,,-1.0577087,1.0460205,-0.19284058,,,,,,-0.13736926,0.29582018,1.086821,0.0,0.0,0.0,0.0
,,4.899487,8.05211,-1.4030405,1662830028007,,-0.2704773,-0.3622589,-2.316986,,,,,,-0.10504388,0.4631201,0.8763616,0.0,0.0,0.0,0.0
,,4.689157,8.496833,-1.6590205,1662830028259,,0.44325256,0.40686035,1.7065277,,,,,,0.01688691,0.46403867,0.30459931,0.0,0.0,0.0,0.0
,,4.868005,9.01442,-1.515209,1662830028510,,0.4038391,-1.0632019,1.7384796,,,,,,0.5013552,0.72016627,0.3507374,0.0,0.0,0.0,0.0
,,4.658911,8.132755,-1.6559484,1662830028762,,-0.9841919,1.0460205,-1.2282867,,,,,,-0.37362042,0.32265946,0.4806528,0.0,0.0,0.0,0.0
52.50662624,13.30844182,4.7072344,9.030819,-1.6714325,1662830029000,4.288,2.0763092,-2.1103668,1.7651062,,,,,,0.22117968,0.77356714,0.07117105,0.0,0.0,0.0,0.0
,,4.6502924,8.141015,-1.7183975,1662830029014,,-0.5623474,0.75839233,-1.7673035,,,,,,-0.48705533,0.3934788,0.27533954,0.0,0.0,0.0,0.0
,,4.6642985,8.813386,-1.7027954,1662830029264,,0.4922638,-0.10873413,0.6039734,,,,,,0.11523075,0.6306676,-0.055053625,0.0,0.0,0.0,0.0
,,4.6904745,8.053387,-1.8420192,1662830029766,,-0.539978,0.43774414,-2.1380157,,,,,,-0.4982453,0.33435854,0.19571552,0.0,0.0,0.0,0.0
,,4.5548425,8.145843,-1.7876313,1662830030018,,0.036331177,-0.33244324,-0.58380127,,,,,,-0.5006883,0.3282316,0.060637746,0.0,0.0,0.0,0.0
,,4.667849,8.881341,-1.6674428,1662830030272,,1.0717621,-0.117248535,1.6585846,,,,,,0.18665093,0.6013785,-0.07670142,0.0,0.0,0.0,0.0
,,4.681935,8.637372,-1.7528752,1662830030524,,-0.022262573,0.5858154,1.172821,,,,,,-0.04986634,0.55595136,0.103739485,0.0,0.0,0.0,0.0
,,4.8335276,7.9535875,-1.8380284,1662830030777,,-0.6454468,0.6699829,-2.538559,,,,,,-0.50396764,0.29383692,0.20270558,0.0,0.0,0.0,0.0
,,4.6454234,8.136863,-1.7373123,1662830031029,,0.9098358,-0.4975586,0.9608307,,,,,,-0.298149,0.25626025,0.046595193,0.0,0.0,0.0,0.0
,,4.779618,8.925712,-1.5773402,1662830031280,,-0.063812256,0.28222656,1.4018555,,,,,,0.30313504,0.62263846,0.0044123214,0.0,0.0,0.0,0.0
,,4.5482974,8.283149,-1.6610173,1662830031534,,-0.9437256,1.29422,-0.20350647,,,,,,-0.42730114,0.3448946,0.2189328,0.0,0.0,0.0,0.0
,,4.7698007,8.007855,-1.7829219,1662830031792,,-0.3567505,0.103256226,-2.4235077,,,,,,-0.63381237,0.3295489,0.12315915,0.0,0.0,0.0,0.0
52.50661236,13.30814189,4.6826124,8.054704,-1.7728271,1662830032000,4.288,-1.1652985,1.1003418,-1.1526489,,,,,,-0.50878054,0.25076568,0.23617573,0.0,0.0,0.0,0.0
,,4.668207,8.421734,-1.6513611,1662830032043,,0.36123657,-0.14068604,1.3741608,,,,,,-0.1735442,0.37173453,-0.05478915,0.0,0.0,0.0,0.0
,,4.802801,8.964978,-1.5241495,1662830032295,,0.7489929,-1.1430969,1.697998,,,,,,0.26744646,0.6469484,0.063399784,0.0,0.0,0.0,0.0
,,4.6778646,7.9981604,-1.9161199,1662830032798,,-0.26940918,0.4547882,-1.6000671,,,,,,-0.66734505,0.32322085,0.119037256,0.0,0.0,0.0,0.0
,,4.7438254,8.666461,-1.8186758,1662830033055,,0.2184906,0.0020599365,1.0876007,,,,,,0.037817407,0.5562165,-0.06405339,0.0,0.0,0.0,0.0
,,4.757433,8.864261,-1.7780544,1662830033307,,0.55404663,-0.21525574,1.8865509,,,,,,0.17521161,0.64695907,0.06974319,0.0,0.0,0.0,0.0
,,4.7767863,7.913644,-1.9170777,1662830033557,,-0.9479828,1.2398987,-1.5723572,,,,,,-0.5165323,0.22826165,0.24600205,0.0,0.0,0.0,0.0
,,4.723834,7.9485593,-1.9402618,1662830033810,,-0.24490356,0.3440094,-1.2804871,,,,,,-0.55260205,0.24761052,0.03732963,0.0,0.0,0.0,0.0
,,4.616574,8.760234,-1.7383912,1662830034060,,0.7553711,-0.058670044,0.5570984,,,,,,-0.047716245,0.53791565,-0.1848946,0.0,0.0,0.0,0.0
,,4.7480555,8.755645,-1.6718725,1662830034311,,1.5766907,-1.6299286,1.4540558,,,,,,-0.0057458957,0.55667216,-0.11259563,0.0,0.0,0.0,0.0
,,4.832171,7.8524327,-1.75563,1662830034563,,-0.3524933,0.323761,-1.8770294,,,,,,-0.6111727,0.14450338,0.0015449087,0.0,0.0,0.0,0.0
,,4.7738323,8.002749,-1.6671239,1662830034816,,-0.23425293,-0.06718445,-0.64772034,,,,,,-0.45229205,0.19122264,-0.109675154,0.0,0.0,0.0,0.0
52.50661982,13.30784417,4.9453373,7.8724236,-1.7504405,1662830035000,4.288,-0.43559265,0.05531311,-1.8290863,,,,,,-0.4804531,0.20195323,0.04639932,0.0,0.0,0.0,0.0
,,4.7627387,8.869928,-1.589033,1662830035068,,0.8267517,-0.06611633,1.0833435,,,,,,0.17179231,0.55080986,-0.3150339,0.0,0.0,0.0,0.0
,,4.79554,8.691561,-1.6354395,1662830035319,,0.51249695,9.918213E-4,1.4572449,,,,,,-0.006841612,0.5271209,-0.13314295,0.0,0.0,0.0,0.0
,,4.7905116,8.054743,-1.6554306,1662830035825,,-0.17779541,-0.053329468,-0.42720032,,,,,,-0.3491587,0.22978824,0.07857177,0.0,0.0,0.0,0.0
,,4.6425905,8.8784685,-1.5685211,1662830036075,,0.51675415,0.49526978,1.0055695,,,,,,0.1390244,0.58718306,0.023040045,0.0,0.0,0.0,0.0
,,4.6512094,8.617859,-1.7134507,1662830036327,,0.62861633,-0.45707703,1.3709564,,,,,,-0.1129915,0.49486646,0.084057614,0.0,0.0,0.0,0.0
,,4.8869596,7.821747,-1.9643626,1662830036577,,-0.18844604,0.26197815,-0.4133606,,,,,,-0.5314073,0.23139845,0.19565752,0.0,0.0,0.0,0.0
,,4.965289,7.556589,-2.1254928,1662830036828,,-0.28431702,0.19487,-0.89378357,,,,,,-0.5652876,0.10455708,0.08280122,0.0,0.0,0.0,0.0
,,5.08456,8.178843,-2.1925704,1662830037080,,0.043777466,0.077697754,-0.09803772,,,,,,-0.18089351,0.46439326,-0.041401092,0.0,0.0,0.0,0.0
,,5.087992,7.8782506,-2.4335465,1662830037331,,1.0681152E-4,0.03401184,-0.18432617,,,,,,-0.3773447,0.24584383,-0.17491531,0.0,0.0,0.0,0.0
,,5.2867117,7.72542,-2.5421233,1662830037581,,0.21102905,-0.19927979,0.1778717,,,,,,-0.46877098,0.2035325,-0.19540745,0.0,0.0,0.0,0.0
,,5.169795,7.6575847,-2.4428034,1662830037833,,-0.005218506,-0.08848572,-0.30044556,,,,,,-0.39817125,0.017435439,-0.079208665,0.0,0.0,0.0,0.0
52.50661365,13.30756717,4.5816584,8.397154,-1.9082189,1662830038000,5.36,0.402771,-1.0301819,0.72328186,,,,,,-0.06529059,0.15964551,0.44300613,0.0,0.0,0.0,0.0
