88#1#0
key,lat,lon,ts,bike,childCheckBox,trailerCheckBox,pLoc,incident,i1,i2,i3,i4,i5,i6,i7,i8,i9,scary,desc,i10
,,,,7,0,0,0,-5,0,0,0,0,0,0,0,0,0,0,,0

=========================
88#1
lat,lon,X,Y,Z,timeStamp,acc,a,b,c,obsDistanceLeft1,obsDistanceLeft2,obsDistanceRight1,obsDistanceRight2,obsClosePassEvent,XL,YL,ZL,RX,RY,RZ,RC
52.49304397740023,13.415336383744956,-1.8358538,-8.692918,-0.55003804,1662733318853,64.0,2.1928535,0.7324274,1.6427693,,,,,,-0.029066468,-0.13290387,0.45873114,-0.28802538,0.6582107,-0.5316261,0.37742135
,,-3.981278,-7.3599343,-0.68642765,1662733319933,,0.024281893,-3.6835175,1.1827878,,,,,,-0.4106693,0.63369656,0.5383294,-0.21673553,0.69006306,-0.48903474,0.42171523
,,-6.306357,-6.075067,-0.7786741,1662733320184,,0.32910365,-1.010982,2.6299276,,,,,,-0.8659178,0.7993118,0.3316865,-0.14413442,0.7100719,-0.41516516,0.48931703
,,-7.1806097,-4.6932354,-0.2046245,1662733320444,,-0.8352055,-1.9938642,0.5371033,,,,,,-0.85165495,0.033360586,0.016502531,-0.037495386,0.6801049,-0.3512326,0.55030817
,,-7.523798,-2.9318495,1.6932392,1662733320697,,-1.1479685,-3.5796704,0.28237244,,,,,,-0.8823843,-0.19672157,0.15741043,0.058610067,0.60149205,-0.3046693,0.6369471
,,-7.0961747,-1.0224936,3.26188,1662733320948,,-1.7197384,0.39584067,-0.9082039,,,,,,-0.6438082,-0.050209276,-0.38147464,0.11544377,0.4856574,-0.26649335,0.73689806
,,-6.3057394,0.12858853,5.5508966,1662733321199,,1.574047,-1.1435398,-0.5056437,,,,,,-0.54293305,-0.3543107,0.32567298,0.13703768,0.3792328,-0.2211722,0.8196242
,,-4.2668557,1.157058,6.289069,1662733321453,,-0.93233305,-0.39584067,-0.590554,,,,,,0.19640054,-0.82686836,-0.26019105,0.15868087,0.2612911,-0.1950686,0.87823313
,,-2.41528,2.6603968,7.782932,1662733321710,,-0.49556443,-0.79168135,-0.65286225,,,,,,0.57190317,-0.057814207,0.043147184,0.17115127,0.15464722,-0.21411535,0.90845764
52.49290065459445,13.415358114260153,0.926157,1.9750569,9.53378,1662733321953,16.0,1.9173533,-1.0690142,-1.1201742,,,,,,0.7236594,0.51946235,-0.0971441,0.06439534,-0.033902463,-0.3621828,0.92627126
,,-1.0446298,2.244893,8.8254175,1662733321961,,0.8904888,-0.6872234,-0.50625455,,,,,,0.5765222,0.061181705,-0.12869547,0.13049157,0.06420701,-0.27615345,0.9289597
,,0.13814542,1.8794485,9.498986,1662733322291,,-0.20906863,-0.54305923,0.028863383,,,,,,0.726287,0.1649576,-0.082212165,0.09033787,-0.0010905326,-0.32996273,0.9335331
,,0.4676674,1.9894221,9.542818,1662733322543,,-0.17241672,1.3982705,0.4503604,,,,,,0.5003668,0.47485504,-0.059278917,0.07175111,-0.025309233,-0.35129973,0.9289806
,,1.0567209,1.8007588,9.868571,1662733323046,,-0.12660182,-1.0793989,-0.5325218,,,,,,0.7835825,0.40748888,0.22462343,0.05851307,-0.0393893,-0.38101706,0.91880935
