98#1#0
key,lat,lon,ts,bike,childCheckBox,trailerCheckBox,pLoc,incident,i1,i2,i3,i4,i5,i6,i7,i8,i9,scary,desc,i10
,,,,0,0,0,0,-5,0,0,0,0,0,0,0,0,0,0,,0

=========================
98#1
lat,lon,X,Y,Z,timeStamp,acc,a,b,c,obsDistanceLeft1,obsDistanceLeft2,obsDistanceRight1,obsDistanceRight2,obsClosePassEvent,XL,YL,ZL,RX,RY,RZ,RC
52.48839247,13.41210973,-0.09858432,4.7560534,8.472586,1698392512000,3.7900925,0.3442223,-0.18341215,0.012370012,,,,,,-0.042256124,0.08236054,-0.059584044,0.11362779,-0.21149975,-0.8386209,0.48567995
,,0.68889356,4.6811595,8.097233,1698392513126,,-0.09682207,-0.006261364,0.016035201,,,,,,-0.19672553,0.11629355,-0.33652985,0.101281844,-0.21939163,-0.8472597,0.47182974
,,0.79465646,4.5915875,7.6951585,1698392513377,,0.16340633,-0.04046979,-0.03894263,,,,,,-0.57003856,0.24126257,-0.61580163,0.091888174,-0.22463061,-0.84867233,0.4692056
,,0.988156,4.293761,8.084789,1698392513629,,-0.12370012,-0.07467822,-0.39813113,,,,,,-0.5909143,0.16189608,-0.4285151,0.08470588,-0.22814836,-0.84902376,0.4684933
,,0.7148958,4.245984,8.387561,1698392513878,,-0.109039366,-0.04780017,0.59269154,,,,,,-0.6912987,0.12173615,-0.38146508,0.078245796,-0.23100556,-0.85100216,0.46452755
,,0.78516483,4.470909,7.670034,1698392514129,,0.3808742,0.09269873,0.5584831,,,,,,-0.90762234,0.122924104,-0.82396966,0.07259445,-0.2320668,-0.84847295,0.46924764
,,1.0810773,4.679404,7.8418374,1698392514380,,0.05222894,-0.14553854,0.536492,,,,,,-1.3336301,0.40500876,-0.8751351,0.067520484,-0.23426692,-0.8428934,0.4782407
,,0.7243872,4.597969,8.191509,1698392514631,,0.01924224,0.063377224,0.7857248,,,,,,-1.6355237,0.25638762,-0.34512267,0.061725114,-0.23652166,-0.8323171,0.49389035
,,0.8985049,4.4633327,8.158888,1698392514881,,-0.15424335,0.19532402,0.9812015,,,,,,-1.6434543,0.07055715,-0.19188458,0.05386881,-0.23868854,-0.8116723,0.5218847
52.48834481,13.41214595,1.9934604,3.0699115,8.806144,1698392515000,3.7900925,0.09010255,0.14401138,0.7136428,,,,,,-0.80956936,-0.42471054,0.37518018,0.052368335,-0.22078156,-0.5979946,0.74971855
,,1.299223,4.3388257,7.768778,1698392515131,,0.2196059,0.38957903,0.85291994,,,,,,-1.563015,-0.1825442,-0.035223834,0.045141917,-0.23922512,-0.7753398,0.5671093
,,2.1092732,3.8163126,7.8956766,1698392515383,,0.22082762,0.3016145,0.4754055,,,,,,-1.2872834,-0.26662502,-0.036223922,0.041388817,-0.2359208,-0.72148913,0.6301187
,,1.9699311,3.4119253,8.747681,1698392515641,,0.04856375,0.2283107,0.5242747,,,,,,-1.1059399,-0.23411085,0.32488552,0.045394804,-0.22946018,-0.6636769,0.6897859
,,2.1818552,3.032903,8.850332,1698392516143,,-0.107817635,0.06582068,0.8516982,,,,,,-0.70742184,-0.20859295,0.16888334,0.060479183,-0.21092366,-0.524994,0.8066999
,,2.265445,2.7424934,8.909912,1698392516393,,-0.22021675,-0.17730351,0.76251197,,,,,,-0.5977382,-0.18313354,0.15227142,0.0645047,-0.20104082,-0.44591168,0.8562899
,,2.549872,2.1065614,9.283673,1698392516646,,0.32100943,0.09880738,1.0667226,,,,,,-0.4303653,-0.25887856,0.024416765,0.062375978,-0.19491036,-0.36287203,0.89525276
,,2.920201,1.7548963,9.239007,1698392516897,,0.7351758,0.49953467,0.84436786,,,,,,-0.30193895,-0.23255007,0.111148804,0.05929851,-0.19143748,-0.27167088,0.9238271
,,2.497389,1.5976082,9.397491,1698392517147,,0.5519163,0.33337945,1.1559088,,,,,,-0.4920886,-0.16238625,0.34541598,0.061034143,-0.18257858,-0.16760102,0.9457407
,,2.5607986,1.3248261,9.408738,1698392517417,,0.8316924,0.5581777,1.196226,,,,,,-0.49500102,-0.2702824,0.31299594,0.06994871,-0.16701062,-0.049282804,0.95568013
,,2.6906495,1.0998211,9.334482,1698392517668,,0.45906487,0.5691733,1.0667226,,,,,,-0.13963445,-0.5777132,0.27314442,0.08779297,-0.14042068,0.08205485,0.94806975
,,2.5531418,1.1877972,9.306884,1698392517919,,0.18906265,1.0871866,1.124144,,,,,,-0.09422086,-0.703392,0.37829277,0.1127913,-0.10471735,0.2168017,0.92241436
52.48833599,13.41215747,0.29351953,3.6835113,9.047741,1698392518000,3.7900925,0.083993904,0.030390523,0.23838998,,,,,,-0.49541873,-0.55937237,0.016277218,0.19889131,0.0733567,0.61078763,0.7533546
,,1.2476177,2.0259233,9.546644,1698392518170,,0.34666577,0.45433068,0.050243627,,,,,,-0.50245565,-0.65092677,0.4601468,0.14317752,-0.05903425,0.34594682,0.8835839
,,0.26648077,2.8201811,9.344451,1698392518421,,0.097432934,0.1660025,0.5120574,,,,,,-0.92802453,-0.55255127,0.29565236,0.17152123,-0.008224934,0.45412067,0.8408869
,,0.68761736,3.2086158,9.077252,1698392518671,,-0.00763581,0.1782198,-0.17699806,,,,,,-0.4567087,-0.62454903,-0.049622502,0.19057518,0.036002114,0.5447235,0.7947371
,,0.18368897,3.8447876,9.128697,1698392519174,,0.083993904,0.007177661,0.10399973,,,,,,-0.5020091,-0.61433464,0.15378411,0.19992523,0.09866905,0.65297717,0.7203665
,,0.3088336,4.0907693,9.13141,1698392519425,,-0.052839804,0.20143266,0.3336849,,,,,,-0.25226554,-0.59605426,0.07246838,0.20008235,0.11381222,0.67720467,0.6975994
,,1.0364912,3.9515076,8.742098,1698392519677,,-0.062613636,0.15378521,-0.23930627,,,,,,0.0066572228,-0.53899133,-0.106311336,0.19910714,0.1204956,0.6919793,0.6823355
,,0.943889,2.695914,10.541101,1698392519929,,-0.9410372,-0.090560704,0.34101525,,,,,,0.48992148,-1.3839295,-0.35613388,0.1953187,0.12272709,0.70330065,0.6718053
,,0.86580306,2.8689945,11.087543,1698392520179,,0.04978548,0.13423753,0.12232567,,,,,,0.37837112,-1.0709882,-1.1453092,0.19122785,0.1250853,0.7106801,0.6649166
,,1.0890535,2.9265015,10.8861475,1698392520430,,-0.00641408,0.07803798,-0.3260491,,,,,,0.75595665,-1.0195678,-1.2497628,0.18717249,0.12757292,0.71855235,0.65718704
,,0.72350985,3.1429727,10.823777,1698392520681,,-0.012522728,0.04016436,-0.20265439,,,,,,0.5174479,-0.76051354,-1.3489072,0.1798959,0.13208528,0.72045135,0.65614235
,,0.14500506,3.2573497,10.845389,1698392520931,,-0.003970621,0.0010690134,0.1443168,,,,,,0.18652156,-0.61991656,-1.3369908,0.17000262,0.13892026,0.7177693,0.66009724
52.48833077,13.4121582,-0.05184448,4.3379483,8.799286,1698392521000,3.7900925,-0.00641408,0.20509785,0.19318599,,,,,,0.08123211,0.10779418,-0.12311344,0.15321,0.15678306,0.68636733,0.69280314
,,-0.098025955,3.3285754,10.886465,1698392521183,,0.016798781,-0.21517712,-0.09880738,,,,,,0.22169901,-0.5548498,-1.2663894,0.16167721,0.14677005,0.71239656,0.66629493
,,0.30699915,4.4186664,9.252726,1698392521442,,0.004581486,-0.07834341,-0.41645706,,,,,,0.24240895,0.20092322,-0.9098894,0.1583684,0.15090632,0.7061107,0.67276
,,0.13112667,4.3080378,8.74138,1698392521693,,-0.051618073,0.23441936,0.40698865,,,,,,0.23670368,0.04744846,-0.093863614,0.1557125,0.15383047,0.6947963,0.6840655
,,-0.15617159,4.2932816,8.831907,1698392522194,,-0.008857539,0.069485866,-0.002290743,,,,,,0.12753041,0.07182724,-0.0829064,0.15010104,0.15913862,0.6827078,0.6966989
,,-0.052881382,4.2392836,8.8327055,1698392522447,,-0.003970621,0.12935062,0.108886644,,,,,,0.32171038,0.038671654,-0.07532953,0.1465466,0.16126761,0.68167704,0.6979092
,,-0.15649058,4.281079,8.820582,1698392522699,,0.0033597562,0.12324197,0.3764454,,,,,,0.2788378,0.09181401,-0.088432916,0.14237942,0.16450663,0.6839098,0.69553226
,,-0.49627143,4.439164,8.734362,1698392522950,,-0.003970621,-0.07223476,0.22128576,,,,,,-0.010711194,0.24676864,-0.16324797,0.13617304,0.17179571,0.69173187,0.6868214
,,-0.4248058,4.309394,8.7946615,1698392523201,,-0.05650499,0.0707076,0.16142102,,,,,,0.08730642,0.029375244,-0.054358006,0.1324541,0.17814846,0.7054029,0.6721337
,,-0.5886344,4.102734,9.089138,1698392523451,,0.15118903,-0.52793986,-0.5031999,,,,,,-0.06077316,-0.2092641,0.20480677,0.1315948,0.18122855,0.7146695,0.66171825
,,-0.35110694,4.1659837,8.839886,1698392523702,,-0.06750056,-0.008704823,-0.0035124724,,,,,,0.052218378,-0.23038314,0.0120742,0.1380935,0.17975466,0.71451104,0.6607179
,,-0.30628127,4.2451863,8.849377,1698392523954,,-0.06750056,0.15134175,0.5780308,,,,,,-0.04221389,-0.19815286,0.04604125,0.14689438,0.17510653,0.71464485,0.6597204
52.48832706,13.41216642,1.2466605,4.116612,8.519963,1698392524000,3.7900925,-0.0015271619,-0.016035201,-0.04138609,,,,,,0.60904664,-0.024673868,-0.61090124,0.1811641,0.14180349,0.7122436,0.66250193
,,0.06907282,4.160799,9.007462,1698392524204,,-0.068722285,-0.14920372,0.009926553,,,,,,0.046614163,-0.21345952,0.08409079,0.15588197,0.168257,0.7182177,0.65552866
,,0.5678168,3.92399,9.224331,1698392524455,,0.13897173,0.34193155,-0.3113883,,,,,,0.25143358,-0.38359413,-0.049060855,0.16577981,0.1580108,0.71825016,0.6556856
,,1.0440682,3.9586856,9.041678,1698392524706,,-0.36315912,0.22708899,-0.042607818,,,,,,0.5869929,-0.11808429,-0.44374174,0.17442267,0.14903218,0.7150909,0.6592461
,,1.469831,4.084229,8.616714,1698392525209,,0.035124727,-0.07345649,0.0368046,,,,,,0.5929338,0.052930832,-0.46669683,0.18237498,0.13823956,0.71751,0.65748036
,,1.6712267,4.0008793,8.590713,1698392525459,,0.044898562,-0.0368046,-0.018173227,,,,,,0.7523502,-0.09838118,-0.38630387,0.18296555,0.13666764,0.7237863,0.65100205
,,1.3914262,4.0778484,8.51438,1698392525711,,0.02046397,-0.006261364,1.527162E-4,,,,,,0.5824053,-0.100203,-0.3820348,0.1844297,0.13577889,0.7237631,0.65083724
,,1.2090932,4.173242,8.43454,1698392525961,,-0.06139191,-0.08689552,0.04657844,,,,,,0.5286194,-0.0204072,-0.22171049,0.18441759,0.13690978,0.7246151,0.6496588
,,0.8089335,4.152425,8.561359,1698392526213,,0.036346454,0.026725333,0.11377356,,,,,,0.016521996,-0.18769921,0.119497016,0.18290544,0.13733222,0.72769,0.646572
,,0.79465634,4.188397,8.836057,1698392526463,,-0.010079269,0.054825112,0.006261364,,,,,,0.09637885,-0.08809645,0.14587164,0.18229331,0.13726793,0.7302185,0.6439263
,,0.6815556,4.1241093,9.017114,1698392526715,,9.162972E-4,-1.527162E-4,0.18463388,,,,,,0.13027184,-0.17394374,0.22590062,0.18203565,0.13694128,0.7329549,0.6409834
,,0.5436494,4.1852055,9.110673,1698392526966,,-0.054061532,-0.13942988,-0.23686282,,,,,,0.059609946,-0.06062874,0.049693856,0.1822974,0.13625665,0.73372245,0.64017797
52.4883204,13.4121735,1.382254,3.9657047,8.901539,1698392527000,3.7900925,-0.016187917,0.048716467,-0.18066326,,,,,,-0.41236132,-0.03197801,0.014962546,0.19611587,0.1174306,0.74931735,0.62049156
,,0.97451705,4.1416564,8.765548,1698392527216,,-0.046731155,-0.15286891,1.164461,,,,,,-0.21419741,-0.031007122,0.18464677,0.18453541,0.13378446,0.7324714,0.64141655
,,1.1543775,4.0268006,8.840443,1698392527468,,-0.017409647,0.019394957,-0.03894263,,,,,,-0.35565913,-0.042291943,0.13475463,0.18846829,0.12843518,0.73764414,0.6349742
,,1.1487144,3.9891539,8.856633,1698392527730,,-0.03573559,-0.020922119,0.050243627,,,,,,-0.24923149,-0.081651434,0.12747526,0.19234791,0.12292612,0.74337405,0.6278522
,,1.4266804,3.9708097,8.867961,1698392528231,,0.004581486,0.04138609,0.024587307,,,,,,-0.39980975,-0.006856489,-0.038425382,0.20024794,0.111762255,0.7546116,0.6138353
,,1.7588841,3.893123,8.787323,1698392528482,,-0.00763581,-0.031917684,-0.051159926,,,,,,-0.34533173,0.0010291735,0.022002427,0.20433432,0.10616876,0.7607184,0.60620755
,,1.6666807,3.9003813,9.040722,1698392528739,,0.008246674,0.015729768,0.056352276,,,,,,0.050761037,-0.027790936,-0.1362367,0.20634395,0.10248736,0.7683665,0.5970708
,,1.6252848,4.0259237,8.842994,1698392528990,,-0.008857539,-0.04780017,-0.04382955,,,,,,0.08972793,0.0029801687,-0.076221846,0.20648366,0.101842485,0.76940525,0.5958213
,,1.7265811,4.0016766,8.879286,1698392529240,,-0.0015271619,-0.0050396346,0.12476913,,,,,,-0.07419634,0.01871067,-0.021595605,0.20643288,0.10148112,0.7695722,0.59568536
,,1.6122044,3.9949765,8.829675,1698392529492,,0.0070249448,-0.022143848,-0.06093376,,,,,,0.028344119,8.247455E-4,0.0072514536,0.20649418,0.10115688,0.7694852,0.5958315
,,1.6613368,4.0181875,8.83446,1698392529743,,0.004581486,0.027947064,-0.012064579,,,,,,-0.0041581434,0.010307415,0.038804278,0.2065476,0.10085513,0.7693289,0.5960649
,,1.6417953,4.023691,8.822418,1698392529995,,-3.054324E-4,0.00962112,-0.00962112,,,,,,-0.089277655,0.023108061,0.025174808,0.20642683,0.10075488,0.7687939,0.5968107
52.48831924,13.41217464,1.910988,3.9544585,8.851689,1698392530000,3.7900925,-3.054324E-4,-1.527162E-4,-0.002290743,,,,,,0.04726667,-0.020244518,0.024552058,0.20659767,0.09956113,0.76490885,0.6019228
,,1.6811175,4.0173097,8.826645,1698392530248,,-0.0015271619,-0.003817905,0.0013744457,,,,,,-0.10931448,0.02364924,0.018925825,0.20636992,0.100529976,0.76805407,0.5978174
,,1.6905292,4.0127635,8.858389,1698392530501,,-0.0027488915,-0.0013744457,0.028252495,,,,,,-0.10252757,0.016089654,0.020927334,0.2063791,0.100272305,0.7670127,0.5991935
,,1.7517854,3.9984863,8.867242,1698392530752,,-0.0027488915,-0.006261364,0.0050396346,,,,,,-0.0017043392,-0.0014155468,0.021149063,0.20654605,0.09991138,0.76598513,0.6005104
,,1.9304496,3.954937,8.829835,1698392531253,,-3.054324E-4,-0.0013744457,-0.004734202,,,,,,-0.014124441,0.0030105035,4.629771E-4,0.20665666,0.09918834,0.7638996,0.603244
,,1.9223939,3.9566915,8.826006,1698392531504,,-0.0015271619,-0.0013744457,1.527162E-4,,,,,,-0.02239478,0.003823503,0.005267493,0.20677961,0.09872972,0.7628911,0.6045511
,,1.9184856,3.9574895,8.829914,1698392531756,,-3.054324E-4,-0.0025961753,0.008704823,,,,,,-0.021960171,0.006031092,0.0057727178,0.20695375,0.0982792,0.7618007,0.60593754
,,1.9209582,3.956612,8.829435,1698392532007,,-0.0015271619,-0.003817905,0.008704823,,,,,,-0.016017715,0.0068448065,0.0038809776,0.20713203,0.09785405,0.760667,0.6073673
,,1.9223139,3.9570107,8.831269,1698392532257,,-0.0015271619,-0.0025961753,0.0050396346,,,,,,-0.015439435,0.006380701,0.0030928613,0.20730506,0.09744061,0.7595066,0.6088251
,,1.9199212,3.9586854,8.831828,1698392532509,,9.162972E-4,-0.0025961753,0.0025961753,,,,,,-0.01916695,0.007956934,0.0028266907,0.20746277,0.09706978,0.75848347,0.61010677
,,1.9121845,3.9585261,8.831588,1698392532759,,9.162972E-4,-0.0013744457,1.527162E-4,,,,,,-0.020020166,0.006716808,0.0016476313,0.20760135,0.096756905,0.7576607,0.6111334
52.48832107,13.41217906,1.8987844,3.9634712,8.8327055,1698392533000,3.7900925,-0.0027488915,-0.0050396346,0.020922119,,,,,,-0.030200744,0.009202012,0.007930279,0.20795508,0.0959888,0.7554496,0.613867
,,1.9134606,3.9586859,8.830873,1698392533011,,9.162972E-4,-0.0013744457,0.0013744457,,,,,,-0.01870012,0.0056845825,0.0015823364,0.2077019,0.09651433,0.757039,0.6119101
,,1.9092331,3.962594,8.831191,1698392533262,,-3.054324E-4,-0.01847866,-0.046273008,,,,,,-0.025610741,0.0065977257,0.009985352,0.2077916,0.09631169,0.7566334,0.6124147
,,1.9077975,3.9621952,8.833264,1698392533512,,0.0058032153,0.020616686,0.012370012,,,,,,-0.012815344,0.0050352095,0.008818022,0.20782878,0.096215375,0.75628895,0.6128426
,,1.9056439,3.9630728,8.83175,1698392533764,,-3.054324E-4,-0.0074830935,-0.026725333,,,,,,-0.01881645,0.006947883,0.009452502,0.20787057,0.09613716,0.7559423,0.61326736
,,1.8876177,3.965864,8.837811,1698392534267,,9.162972E-4,-0.012370012,0.029474225,,,,,,-0.042720065,0.011195167,0.008585612,0.20810495,0.09574125,0.7547807,0.61467475
,,1.8805989,3.9672205,8.84092,1698392534517,,-3.054324E-4,-0.0025961753,1.527162E-4,,,,,,-0.036579978,0.011661879,0.009881973,0.2082968,0.095414445,0.7539483,0.61567944
,,1.8960726,3.9598029,8.839247,1698392534769,,-3.054324E-4,0.002290743,-0.002290743,,,,,,-0.023973083,0.0083215395,0.002969265,0.20847054,0.09508514,0.752922,0.61692566
,,1.9040488,3.9598024,8.837651,1698392535021,,-0.0015271619,-1.527162E-4,-0.007177661,,,,,,-0.034357782,0.009989985,0.0040833154,0.20866452,0.094683886,0.7518539,0.6182234
,,1.9022143,3.9576485,8.838368,1698392535272,,-3.054324E-4,-0.0025961753,1.527162E-4,,,,,,-0.032366507,0.008891407,0.002233092,0.20885187,0.09427353,0.75077546,0.61953217
,,1.9035703,3.9571698,8.836853,1698392535524,,-0.0015271619,-0.0050396346,0.011148282,,,,,,-0.02641823,0.008514611,0.0033918698,0.20903309,0.093862385,0.7496789,0.6208594
,,1.914737,3.9556546,8.830632,1698392535775,,-0.003970621,-0.003817905,0.008704823,,,,,,-0.018713363,0.0078047356,0.0033110937,0.20920043,0.09346881,0.7485449,0.6222287
52.48832337,13.41218109,1.9193631,3.9576483,8.83119,1698392536000,3.7900925,-3.054324E-4,-0.0013744457,0.0050396346,,,,,,-0.021341125,0.006014808,0.003299745,0.20991018,0.09192167,0.743804,0.62788683
,,1.9211974,3.9543786,8.828718,1698392536026,,-3.054324E-4,-0.0025961753,0.006261364,,,,,,-0.024592288,0.0076324465,0.0029215494,0.20936403,0.09308958,0.7473585,0.6236543
,,1.9154545,3.9553359,8.828398,1698392536277,,-3.054324E-4,-1.527162E-4,-0.0010690134,,,,,,-0.025311172,0.0074367207,0.001554966,0.20952977,0.09271031,0.7461962,0.62504566
,,1.9144976,3.9573298,8.829835,1698392536527,,-0.0015271619,-1.527162E-4,-0.0010690134,,,,,,-0.025351482,0.007115388,0.0017952283,0.20968182,0.09237736,0.7452075,0.6262248
,,1.9169705,3.9578085,8.830314,1698392536778,,-3.054324E-4,-0.0025961753,1.527162E-4,,,,,,-0.024350692,0.0073029995,0.0021979967,0.20980819,0.09211357,0.7444068,0.6271757
,,1.917369,3.9572496,8.83422,1698392537279,,-3.054324E-4,-0.0013744457,0.006261364,,,,,,-0.020297997,0.0064545316,0.0029961586,0.20996957,0.09180531,0.7434127,0.6283485
,,1.9188845,3.9578884,8.832149,1698392537535,,-3.054324E-4,-0.003817905,0.003817905,,,,,,-0.020270944,0.007762702,0.0014642398,0.20999585,0.0917615,0.74322635,0.62856674
,,1.9155345,3.9590847,8.833742,1698392537787,,-0.0015271619,-0.003817905,0.0074830935,,,,,,-0.02561437,0.00857451,0.0024711292,0.20997988,0.09179155,0.7432011,0.6285976
,,1.9171294,3.9581275,8.833184,1698392538039,,0.0021380268,-1.527162E-4,1.527162E-4,,,,,,-0.02192215,0.008166138,0.0027242661,0.21001497,0.091768585,0.74319005,0.6286024
,,1.9223937,3.9558942,8.835657,1698392538290,,-3.054324E-4,0.0059559317,-0.0059559317,,,,,,-0.011559975,0.008005817,0.002638944,0.2100516,0.09176319,0.74316216,0.6286238
,,1.8930418,3.9641893,8.846663,1698392538542,,0.0021380268,-0.022143848,0.0050396346,,,,,,-0.046330664,0.012314972,0.016502952,0.20998712,0.09183139,0.74314755,0.62865245
,,1.8507686,3.9736807,8.848975,1698392538793,,-3.054324E-4,-0.014813471,0.014813471,,,,,,-0.056473352,0.011000316,0.027566243,0.20994207,0.091822505,0.74299496,0.62884897
52.48832559,13.41218175,1.8452648,3.9610784,8.842916,1698392539000,3.7900925,0.0021380268,-1.527162E-4,-0.0035124724,,,,,,-0.026488077,0.002748879,0.017743174,0.21057078,0.09046725,0.73975456,0.63263935
,,1.844228,3.9733617,8.852487,1698392539045,,-3.054324E-4,0.0010690134,-0.0059559317,,,,,,-0.056614622,0.008514651,0.038252607,0.21007584,0.09161377,0.74264526,0.6292464
,,1.8419149,3.972883,8.854161,1698392539296,,-3.054324E-4,-0.0013744457,0.009926553,,,,,,-0.05777715,0.0064027705,0.03718532,0.21020025,0.09138813,0.7420871,0.62989396
,,1.833859,3.9708893,8.856155,1698392539548,,-0.0015271619,-0.009926553,-0.0010690134,,,,,,-0.064924374,0.006646347,0.038606644,0.21026638,0.0911846,0.74135053,0.63076574
,,1.8317056,3.9692934,8.85504,1698392539801,,9.162972E-4,-0.009926553,-0.002290743,,,,,,-0.07383934,0.0041711647,0.038709767,0.21035022,0.09086737,0.7405669,0.6317026
,,1.8897712,3.9472802,8.846106,1698392540307,,-0.0027488915,0.0010690134,1.527162E-4,,,,,,0.018224478,9.822528E-4,-0.012352784,0.2107882,0.09017379,0.73905545,0.63342774
,,1.8720647,3.9585264,8.8321495,1698392540559,,0.008246674,0.016951498,0.064904384,,,,,,-0.019552367,0.017520936,-0.020888995,0.21083578,0.09011741,0.7384872,0.6340836
,,1.9046074,3.9654655,8.799208,1698392540810,,-0.0051923506,-0.006261364,0.038026333,,,,,,-0.03454611,0.012064704,-0.0029658952,0.21086536,0.09002193,0.7381655,0.63446146
,,1.9607588,3.9538205,8.738111,1698392541061,,0.0058032153,0.04016436,0.08933897,,,,,,-0.0052311937,0.022091698,-0.03679279,0.2109065,0.08975314,0.7380072,0.6346687
,,1.9877979,3.9522252,8.716415,1698392541312,,-0.00763581,0.0059559317,-0.03405571,,,,,,0.03706797,0.016826114,-0.02890199,0.2110953,0.089391164,0.73775357,0.63495094
,,1.9704098,3.9648273,8.761798,1698392541562,,9.162972E-4,-0.07467822,0.008704823,,,,,,-0.099966064,0.039421342,0.012432957,0.21127543,0.088959195,0.73730165,0.63547456
,,1.808017,3.9929032,8.782697,1698392541814,,0.014355322,0.025503604,-0.007177661,,,,,,-0.11518058,0.0139235575,0.073605284,0.21175292,0.088357165,0.73649085,0.63633513
52.48832729,13.41218224,1.7737195,3.9764724,8.888219,1698392542000,3.7900925,-0.0051923506,0.007177661,-0.004734202,,,,,,-0.041387483,-0.019931419,0.07520981,0.21334434,0.08675887,0.72943306,0.6441001
,,1.8666413,3.9570913,8.7901945,1698392542066,,0.0058032153,-1.527162E-4,-0.048716467,,,,,,-0.06738879,-0.023697885,0.08387629,0.21221828,0.08763,0.73562723,0.6372755
,,1.7830517,3.9654655,8.833265,1698392542317,,-0.013744458,-0.029474225,-0.06582068,,,,,,-0.12028708,0.015007051,0.057883773,0.21273774,0.08718708,0.73408335,0.63893414
,,1.74022,3.9802213,8.888062,1698392542568,,0.0070249448,-1.527162E-4,0.04046979,,,,,,-0.14905556,-0.009364565,0.1059349,0.21307562,0.08694459,0.73255193,0.64061093
,,1.7072787,3.9704905,8.931532,1698392542820,,0.0021380268,0.021838415,-0.057268575,,,,,,-0.21791172,4.5131842E-4,0.11353426,0.21334286,0.08679016,0.7309317,0.64239216
,,1.8486148,3.9810991,8.79155,1698392543321,,0.0021380268,-0.016035201,0.10522146,,,,,,-0.07238252,-0.015543191,0.07684905,0.21318775,0.08673099,0.7280124,0.6457614
,,1.7166907,4.0441103,8.736675,1698392543573,,0.015577052,-0.011148282,0.16508621,,,,,,-0.17235745,9.546439E-4,0.076848,0.2132174,0.08682186,0.7263168,0.6476476
,,1.8727027,3.9875593,8.790194,1698392543823,,0.004581486,-0.027030766,-0.108581215,,,,,,-0.0728302,-0.07169315,0.175514,0.21331353,0.086333655,0.7254616,0.64863926
,,1.8817157,3.968098,8.752228,1698392544074,,-0.021074835,0.0010690134,0.023365578,,,,,,-0.15306179,-0.030228885,0.13126676,0.21360336,0.08590797,0.7240915,0.65012866
,,1.8368901,4.005585,8.707721,1698392544326,,-0.003970621,-0.006261364,-0.0059559317,,,,,,-0.15381312,-0.013642518,0.09354855,0.21382363,0.085458085,0.72285277,0.6514924
,,1.808017,3.9874792,8.7082,1698392544577,,-0.0027488915,0.0010690134,0.033139415,,,,,,-0.21982005,-0.021849092,0.11405115,0.21430124,0.08490659,0.72149765,0.6529103
,,1.9034904,3.9538999,8.78118,1698392544827,,-0.0051923506,-0.008704823,0.027030766,,,,,,-0.22401886,0.0022228956,0.06469282,0.21451731,0.084507175,0.72029,0.65422463
52.4883288,13.41218276,3.1059635,3.6850264,9.026444,1698392545000,3.7900925,0.109650224,0.33093598,-0.479987,,,,,,0.1355351,-0.1266362,0.15626508,0.21284571,0.0840665,0.71455264,0.6610727
,,2.0168307,3.909952,8.844192,1698392545079,,-3.054324E-4,0.0010690134,-0.021838415,,,,,,-0.12625206,0.0045295637,0.051374625,0.21447726,0.08397956,0.7194193,0.65526307
,,1.9192032,3.951188,8.77799,1698392545329,,-3.054324E-4,0.004734202,-0.020616686,,,,,,-0.15336524,0.046138693,-0.0397254,0.21437849,0.08372828,0.71812075,0.65675384
,,1.934996,3.9771898,8.764193,1698392545578,,-0.0027488915,-0.035582874,-0.053603385,,,,,,-0.10840399,0.020542558,-0.052024286,0.21400094,0.08357619,0.71720964,0.65788865
,,2.0008783,3.903491,8.824014,1698392545830,,0.0070249448,0.045051277,0.04046979,,,,,,-0.03410903,-0.03285303,0.006332032,0.21360703,0.083597295,0.7157288,0.6596156
,,2.9446073,3.789832,8.787881,1698392546331,,0.05589413,-0.07834341,0.050243627,,,,,,0.17859636,-0.1712376,0.2825519,0.21272792,0.08429485,0.71238816,0.6633974
,,2.8670003,3.7988448,8.702215,1698392546581,,-0.017409647,-0.003817905,0.011148282,,,,,,0.3011844,-0.17274046,0.29682454,0.21288191,0.08438732,0.70976937,0.6661209
,,2.8999412,3.762953,8.753344,1698392546831,,-0.019853106,-0.035582874,-0.16355905,,,,,,0.31551784,-0.19699593,0.29362652,0.2131124,0.08441477,0.7067005,0.66928375
,,2.7855647,3.8681576,8.739944,1698392547083,,0.01802051,-0.09300416,0.24694209,,,,,,0.2588164,-0.11723883,0.37622622,0.2138948,0.08408474,0.70228255,0.6736747
,,2.863012,3.9856453,8.667842,1698392547334,,0.015577052,-1.527162E-4,0.33979353,,,,,,0.24101795,-0.04057227,0.34830025,0.21516983,0.082972966,0.70032,0.6754518
,,1.7739589,4.1760345,8.4528055,1698392547586,,-0.003970621,0.06826414,0.5450441,,,,,,0.031831935,0.062114976,0.1701124,0.21670885,0.08040444,0.70291156,0.6723836
,,2.1896718,4.0738606,8.463494,1698392547837,,0.038789913,0.20143266,1.0459533,,,,,,0.15299296,0.10479366,-0.016288599,0.21752197,0.076322064,0.7139518,0.659624
52.48832989,13.41218312,3.552544,2.4089346,8.822976,1698392548000,3.7900925,0.0033597562,-0.008704823,-0.04016436,,,,,,0.15013963,-0.01937876,0.024884319,0.21062906,0.033005245,0.86674964,0.440208
,,2.4975486,3.8238103,8.638887,1698392548089,,0.0021380268,-0.0025961753,0.866359,,,,,,-0.14346793,0.09300143,0.050093967,0.21728563,0.0695934,0.73694366,0.6299994
,,2.6975882,3.5195227,8.651171,1698392548340,,0.013133593,0.03527744,0.5487093,,,,,,-0.036889203,0.09275916,-0.0047237715,0.21611643,0.060553648,0.7684301,0.58559674
,,3.136432,3.0858634,8.739783,1698392548593,,-0.008857539,-0.006261364,0.07223476,,,,,,0.048831202,0.007728374,0.04005747,0.21448721,0.050548855,0.8039578,0.53424066
,,3.287579,2.7095525,8.789316,1698392548843,,-0.012522728,-0.0050396346,-0.06826414,,,,,,0.07242224,-0.014801828,0.0063817976,0.21243194,0.041272122,0.83770436,0.48476622
,,3.5823748,2.0961127,9.07494,1698392549346,,0.027794348,0.002290743,-0.002290743,,,,,,-0.002377049,-0.023215072,0.12624802,0.209141,0.026746463,0.88834685,0.40452775
,,3.4845083,2.2017953,8.573244,1698392549596,,0.029016078,0.03649917,0.11133011,,,,,,0.252704,0.030941557,-0.08799019,0.20868938,0.023621747,0.898295,0.38559815
,,3.524947,2.2134407,8.560083,1698392549847,,-0.045509428,-0.022143848,-0.04016436,,,,,,0.14212713,0.100609876,-0.05248149,0.20911063,0.022834854,0.9005276,0.3805147
,,3.460659,2.2351356,8.542935,1698392550100,,-3.054324E-4,-0.006261364,-0.030390523,,,,,,0.19127563,0.09875255,-0.122331046,0.20974118,0.023261527,0.9002529,0.38079417
,,3.6027932,2.1962924,8.632349,1698392550353,,-0.018631376,-0.09300416,0.12843432,,,,,,0.14136137,0.024698686,0.0039160727,0.21035524,0.023437122,0.90013087,0.3807339
,,3.4826736,2.0847068,8.973484,1698392550605,,-0.013439025,0.038179047,-0.04382955,,,,,,-0.0054394645,0.057063743,-0.060572196,0.21087839,0.023470147,0.9000599,0.3806111
,,3.4949567,2.068755,8.998847,1698392550857,,0.0012217296,0.017409647,-0.04382955,,,,,,-0.027798207,0.07209859,-0.1032571,0.21129534,0.02326463,0.9002108,0.38003305
52.48833149,13.41218367,3.497429,2.0382857,9.046863,1698392551000,3.7900925,-0.013439025,-0.07177661,-0.06459895,,,,,,-0.014016572,0.1667227,-0.3504451,0.21203952,0.02342562,0.9015804,0.37635037
,,3.6168313,1.8811576,9.436812,1698392551106,,-0.013439025,-0.031459536,-0.10613775,,,,,,-0.12788884,0.05006803,0.030192645,0.21158202,0.022915678,0.90054506,0.37910455
,,3.5921052,1.8845875,9.450771,1698392551358,,-0.019547673,0.010079269,-0.004734202,,,,,,-0.1547398,0.01797856,0.0402987,0.21172293,0.02275611,0.9009388,0.37809902
,,3.6039095,1.8661624,9.460263,1698392551608,,0.0048869182,-0.0058032153,-0.0108428495,,,,,,-0.19721407,0.026399009,0.015279023,0.21181689,0.022637304,0.90132296,0.3771386
,,3.455953,1.895594,9.403632,1698392551859,,-0.037873615,-0.040011644,-0.082924895,,,,,,-0.10017965,0.1309376,-0.19472034,0.2119649,0.022879934,0.90142745,0.37679127
,,3.4634511,2.0540786,8.917094,1698392552362,,-0.0061086477,0.027183482,0.01847866,,,,,,0.06160016,0.13066211,-0.3855997,0.212125,0.023837557,0.9016896,0.37601534
,,3.5905104,2.0107687,8.767382,1698392552613,,0.041538805,-0.0754418,0.11255184,,,,,,0.09536478,0.044702582,-0.322151,0.21211325,0.024250206,0.90191334,0.37545928
,,3.5862029,2.0535204,8.735317,1698392552865,,0.04886918,0.045509428,-0.013286309,,,,,,0.06577078,0.08304707,-0.26264444,0.21226726,0.02441814,0.9020306,0.37507907
,,3.6248868,2.0618157,8.802396,1698392553117,,0.0012217296,0.019853106,0.027030766,,,,,,0.094176255,0.09100974,-0.29330817,0.21234737,0.024677802,0.9023038,0.37435427
,,3.565146,2.0984259,9.03801,1698392553368,,-0.074525505,0.06383537,-0.10002911,,,,,,-0.098679624,0.097836524,-0.27542183,0.21235012,0.024694271,0.9027658,0.37323436
,,3.6816764,2.0599012,9.090094,1698392553620,,0.018325943,-0.015577052,0.07101303,,,,,,-0.114920095,-0.02322185,0.037579264,0.21232785,0.024623744,0.9032724,0.37202248
,,3.7610385,2.052404,9.190194,1698392553871,,0.021991132,-0.029016078,0.034361143,,,,,,-0.09506325,-0.014417748,0.04527486,0.21229416,0.024629623,0.9038115,0.37073022
52.48833345,13.41218431,3.8446283,1.8413568,9.333604,1698392554000,3.7900925,-0.0061086477,0.06383537,0.06734784,,,,,,-0.12594925,0.020374974,-0.18866895,0.21267167,0.023600059,0.9059364,0.36535802
,,3.725066,2.1115863,9.375477,1698392554123,,0.020769402,-0.13530655,0.058795735,,,,,,-0.08097586,0.021054542,-0.042518932,0.21230851,0.02454113,0.9043027,0.36952937
,,3.846622,1.9577278,9.429635,1698392554379,,-0.13683371,-0.058337588,0.21395539,,,,,,-0.15090112,-0.037566204,-0.06274516,0.21233457,0.024476921,0.9047509,0.36842427
,,3.8731027,1.9020545,9.468399,1698392554630,,0.041538805,-0.016798781,0.16142102,,,,,,-0.15039086,-0.079436235,-0.021535428,0.21244963,0.024145452,0.90514404,0.3674112
,,4.0082974,1.8303496,9.2323885,1698392554881,,-0.012217295,0.017409647,-0.015729768,,,,,,-0.064738676,-0.11257798,0.037301287,0.21252772,0.023886407,0.90559024,0.36628067
,,3.8463035,1.8229321,9.265726,1698392555383,,-0.03054324,0.12614357,-0.042607818,,,,,,-0.2126298,0.061210442,-0.20543599,0.21280159,0.023339476,0.9063714,0.3642162
,,3.7800217,1.8467805,9.127582,1698392555636,,0.041538805,0.003970621,-0.12324197,,,,,,-0.14328359,0.0831258,-0.29424605,0.21289475,0.023092085,0.90687275,0.36292574
,,3.7144585,2.3005393,8.14804,1698392555888,,0.12217296,-0.036346454,0.057574004,,,,,,-0.044476476,0.05788585,-0.19352666,0.21293467,0.023033801,0.90743566,0.36149666
,,3.6092541,2.322952,8.078807,1698392556140,,0.0024434591,-0.010690134,0.0025961753,,,,,,-0.14920406,0.076883875,-0.10279449,0.21295294,0.023086453,0.9078916,0.3603372
,,3.6095726,2.3564517,7.946645,1698392556392,,0.056199558,-0.0070249448,-0.076816246,,,,,,-0.057122674,0.04897244,-0.1019008,0.21287556,0.023331173,0.90842944,0.35900557
,,3.7248268,2.3339589,7.847741,1698392556644,,0.0061086477,0.0051923506,-0.018173227,,,,,,0.06310083,-0.05589658,0.075480334,0.21273644,0.02359851,0.9090365,0.3575327
,,3.6657243,2.3337996,7.9239125,1698392556895,,0.0012217296,0.00641408,-0.013286309,,,,,,0.100325935,-0.08061334,0.111755945,0.21259774,0.02389484,0.9095751,0.3562239
52.48833521,13.41218488,3.6585457,1.8879371,8.98122,1698392557000,3.8485377,-0.012217295,3.054324E-4,0.0050396346,,,,,,0.020013673,-0.02214005,0.037255384,0.21177943,0.025201688,0.9125095,0.3490463
,,3.661816,2.2914467,7.9999237,1698392557146,,0.014660755,-0.0070249448,-0.004734202,,,,,,-0.010781622,-0.07373752,0.2488451,0.21243297,0.024171889,0.9101598,0.3548064
,,3.6543982,1.9318851,8.939586,1698392557396,,-0.012217295,0.014966187,-0.03405571,,,,,,0.022701534,-0.04356302,0.12679815,0.2122537,0.024416724,0.9107476,0.353386
,,3.6822348,1.9148165,8.877293,1698392557647,,0.02687805,-0.02046397,0.008704823,,,,,,0.12152707,-0.052499242,0.054010328,0.2120416,0.024709158,0.9114131,0.35177475
,,3.6487353,1.8840287,9.007861,1698392557897,,-0.0097738365,-0.0021380268,-0.007177661,,,,,,0.044522006,-0.04414003,0.07920459,0.21192676,0.024947738,0.911926,0.35049635
,,3.6459436,1.8792431,9.017911,1698392558400,,-0.010995566,-9.162972E-4,-0.0059559317,,,,,,0.01282003,-0.0386473,0.040196896,0.21165211,0.025417214,0.91305125,0.347691
,,3.6257644,1.8722242,9.046704,1698392558651,,-0.0024434591,-0.0021380268,-0.021838415,,,,,,0.10817886,-0.044677712,-0.032304667,0.21150663,0.02563528,0.9136465,0.3461925
,,3.6046283,1.8711876,9.010731,1698392558902,,-0.0024434591,0.011300999,0.009926553,,,,,,0.107062705,-0.03262987,-0.089550145,0.21140209,0.025768258,0.91419625,0.34479272
,,3.623053,1.9997617,8.905446,1698392559156,,0.034208428,-0.030237807,-0.00962112,,,,,,0.11105151,0.012064012,-0.0505483,0.2113594,0.02598096,0.91465414,0.34358642
,,3.7025743,1.898226,8.964709,1698392559405,,0.019547673,-0.016798781,-0.03527744,,,,,,0.24055439,-0.14435104,0.08169441,0.2113035,0.026096025,0.9151426,0.3423125
,,3.661577,1.8975879,9.0144005,1698392559657,,-0.0012217296,-0.07666353,-0.0059559317,,,,,,0.11946038,-0.10779875,0.09634005,0.21127294,0.026298849,0.9155463,0.34123632
,,3.6590242,1.928854,9.022058,1698392559909,,0.014660755,-0.021685699,-0.013286309,,,,,,0.018738993,-0.1038307,0.17044976,0.21121578,0.026578644,0.9159716,0.34010968
52.48833712,13.41218553,3.7505903,1.9165714,8.764989,1698392560000,3.8264349,-0.023212861,3.054324E-4,-0.0377209,,,,,,0.08359949,-0.23455237,0.47289076,0.21122365,0.028269209,0.9176982,0.33527362
,,3.7004998,1.8718251,8.933924,1698392560161,,0.062308207,-0.027794348,-0.07192933,,,,,,0.11839015,-0.2406018,0.408014,0.21122083,0.026945284,0.9162655,0.3392841
,,3.724269,1.9530218,8.781261,1698392560414,,-0.013439025,-0.08032872,-0.012064579,,,,,,0.17944503,-0.2629606,0.5588674,0.21120925,0.027387142,0.9165841,0.33839357
,,3.770131,1.8395221,8.888859,1698392560664,,-0.015882485,0.0051923506,0.014813471,,,,,,0.085367754,-0.32818717,0.62041205,0.21118416,0.02775191,0.9169218,0.33746278
,,3.7035315,1.9390637,8.827442,1698392560916,,0.012217295,-0.009468404,0.056352276,,,,,,-0.042528678,-0.19881706,0.51019734,0.2112146,0.028123647,0.9172325,0.33656752
,,3.7975693,1.899662,8.739466,1698392561419,,0.017104214,-0.0070249448,0.07589995,,,,,,0.15133356,-0.20866254,0.43769976,0.21117425,0.028449383,0.9182175,0.33386058
,,3.7481177,1.958924,8.839405,1698392561669,,-0.018325943,-0.004581486,0.031917684,,,,,,-0.0028577328,-0.035879876,0.21910962,0.2110173,0.028689118,0.9188565,0.33216926
,,3.683591,1.8951154,8.971331,1698392561922,,0.008552107,-0.0058032153,0.014813471,,,,,,-0.06662286,-0.031742964,0.1335003,0.21087155,0.028925437,0.91949,0.33048135
,,3.6001613,1.9227127,9.034819,1698392562172,,-0.06108648,0.03451386,-0.08048143,,,,,,-0.0056709526,0.051832326,-0.024975682,0.21080594,0.02899479,0.920102,0.32881135
,,3.5747974,1.9312474,9.119685,1698392562424,,0.013439025,0.046731155,-0.08414663,,,,,,2.0461877E-4,0.07528559,-0.032822512,0.2107698,0.02901435,0.9206943,0.32718003
,,3.585326,1.9365915,9.123913,1698392562677,,0.0097738365,0.050396346,0.025809037,,,,,,0.031880975,0.070785716,-0.062027074,0.21080285,0.029181086,0.921093,0.32602602
,,3.5537407,1.9378674,9.1396265,1698392562927,,-0.047647454,-0.031459536,-0.056046844,,,,,,0.0014113188,0.105731696,-0.1339201,0.21096559,0.029278839,0.9213369,0.32522538
52.48833912,13.41218624,3.5919464,1.8738991,9.222576,1698392563000,3.9171643,0.020769402,0.03695732,0.07101303,,,,,,-0.16678992,0.09794589,-0.08504219,0.21272103,0.029750863,0.9208511,0.32541043
,,3.503332,1.9164913,9.169457,1698392563178,,-0.035430156,-0.015577052,-0.08659008,,,,,,0.024489848,0.0891737,-0.19168301,0.21140191,0.029221106,0.92121595,0.32528862
,,3.5573301,1.8833905,9.210054,1698392563428,,0.020769402,-0.02046397,-0.004734202,,,,,,-0.07674694,0.0935346,-0.20406047,0.21178907,0.029218992,0.9211112,0.32533327
,,3.6429927,1.8614563,9.232547,1698392563680,,0.02687805,0.018631376,0.04046979,,,,,,-0.108541094,0.0882492,-0.12718748,0.21212266,0.029302906,0.9210327,0.3253313
,,3.6111684,1.8658432,9.182695,1698392563930,,-0.015882485,-0.01802051,-0.020616686,,,,,,-0.19006126,0.097239,-0.094808735,0.21237265,0.029522369,0.92100644,0.32522315
,,3.6011188,1.8723835,9.205428,1698392564431,,0.0,0.0051923506,-0.00962112,,,,,,-0.12381186,0.04377854,-0.027356751,0.21286267,0.030112807,0.920949,0.32500476
,,3.676652,1.8916061,9.16132,1698392564684,,0.0012217296,-0.0021380268,0.01970039,,,,,,-0.19428468,0.04169568,0.060154248,0.21273153,0.030587953,0.92143756,0.32365194
,,3.687659,1.9068406,9.165468,1698392564936,,0.0012217296,0.0051923506,0.013591741,,,,,,-0.098648526,0.04054423,0.059716478,0.21257408,0.031066246,0.92198974,0.32212582
,,3.608138,1.9094726,9.121281,1698392565187,,-0.0036651888,0.0015271619,-0.0010690134,,,,,,-0.052397266,0.006904872,0.015938854,0.21234193,0.03162912,0.9226164,0.320417
,,3.6629333,1.9345971,9.10134,1698392565437,,-0.015882485,0.03084867,0.003817905,,,,,,0.023935605,-0.011950715,-0.0091950735,0.21221398,0.032130692,0.9230092,0.3193206
,,3.6459439,1.9342782,9.127661,1698392565688,,-0.0097738365,0.00763581,-0.09392046,,,,,,-0.03515928,1.5892187E-4,-0.010486603,0.21189173,0.03280667,0.92350036,0.31806034
,,3.7169306,1.9257438,9.111071,1698392565937,,-0.043982264,-0.06811142,-0.21487169,,,,,,0.01116093,0.03496285,-0.097803496,0.2117064,0.033515103,0.9236363,0.3177179
52.48834103,13.41218696,2.9393432,2.9250665,8.708039,1698392566000,3.9962292,0.014660755,-0.085215636,0.028252495,,,,,,-0.5142269,-0.14032939,-0.047451608,0.21777762,0.07011871,0.81150955,0.5105928
,,3.9174492,1.902932,9.149915,1698392566188,,-0.042760536,-0.12675445,-0.69378966,,,,,,0.049372092,-0.027753094,-0.044807468,0.2121313,0.034922503,0.9211685,0.32388496
,,3.9477584,1.882992,9.131651,1698392566438,,-0.036651887,-0.30634868,-2.2123995,,,,,,0.2211712,-0.22045904,-0.042445343,0.21376206,0.038839944,0.90982795,0.34784397
,,3.258865,2.2835503,8.952347,1698392566691,,-0.17592905,0.010079269,0.091782436,,,,,,-0.23119096,-0.15009816,-0.17605273,0.21560532,0.04806331,0.880409,0.39836133
,,3.2606196,2.5610383,8.724788,1698392566941,,0.067195125,0.024740024,-0.1452331,,,,,,-0.4094898,-0.12218294,-0.14894319,0.21705933,0.058727838,0.84615684,0.45422462
,,2.4070995,3.3074396,8.718169,1698392567443,,0.012217295,-0.014355322,0.18341215,,,,,,-0.59658015,-0.19218124,0.05044764,0.21870266,0.08064445,0.778376,0.56511027
,,1.9144971,3.6748173,8.65787,1698392567693,,0.0036651888,0.024740024,0.15897755,,,,,,-0.56343687,-0.17023633,0.004159498,0.21936072,0.08955273,0.74931324,0.61180055
,,1.6234505,4.04052,8.645189,1698392567946,,0.0036651888,0.016187917,-0.00962112,,,,,,-0.71223134,0.011503498,0.008604225,0.2189819,0.0950639,0.7308628,0.6389249
,,2.053042,3.9775891,8.783972,1698392568197,,-0.0024434591,0.0027488915,0.014813471,,,,,,-0.2838684,-0.062145863,0.1434519,0.21832053,0.09500705,0.73064274,0.6395743
,,1.7897516,4.015715,8.94158,1698392568449,,0.014660755,-0.016798781,0.003817905,,,,,,-0.14288956,-0.085234955,0.1088631,0.21782205,0.09342589,0.7354595,0.63446033
,,1.8918456,3.9243886,9.036177,1698392568700,,-0.039095346,-0.20005822,0.11866048,,,,,,-0.08866499,-0.06651022,0.050053246,0.21824482,0.09078981,0.7402492,0.6292613
,,2.1370304,3.8754158,9.045827,1698392568951,,0.09529491,0.008857539,-0.1122464,,,,,,0.019534146,-0.056579724,0.008771181,0.21860032,0.0898334,0.7446147,0.6241918
52.48834135,13.41218708,0.65802664,5.660541,6.3069224,1698392569000,3.8048038,1.309694,1.0913099,-2.665661,,,,,,0.7151608,-0.6202029,0.114045285,0.26529053,0.28406784,0.68773705,0.5638617
,,2.0610178,3.812405,8.966704,1698392569202,,0.9590577,1.235474,-2.141539,,,,,,0.13399293,-0.07494687,0.26858413,0.21932565,0.090135105,0.74724025,0.6207797
,,1.9693724,3.9732025,9.307443,1698392569453,,3.4990335,-0.5042689,2.2542439,,,,,,0.13886096,-0.08879875,0.65354544,0.22851287,0.09720961,0.7495464,0.6116818
,,2.2515662,4.5621557,8.2539625,1698392569704,,-0.51190466,0.6966913,-0.9014837,,,,,,0.42016798,-0.21748288,0.09349717,0.25987008,0.14178428,0.74401295,0.58130556
,,1.8659234,5.0648084,7.3335223,1698392569955,,-0.3848448,-0.15118903,-1.5990913,,,,,,0.6127378,-0.57106173,0.064075425,0.2723933,0.20886286,0.72799855,0.56068504
,,-1.4278771,5.6382084,4.6548386,1698392570459,,0.971275,1.9294164,-0.9625702,,,,,,0.41771522,-0.63314384,-0.24531001,0.24037713,0.37638935,0.6019438,0.5807072
,,-3.3129427,5.5482383,3.3359935,1698392570710,,0.9908227,-2.8279984,-0.29917103,,,,,,0.15300491,-0.5534279,-0.42304435,0.22283117,0.4801778,0.49253473,0.5909792
,,-5.0886564,4.876254,1.7397417,1698392570961,,0.5424479,0.6404917,-1.2093595,,,,,,0.22744559,-0.880374,-0.65150464,0.2121854,0.56552625,0.36449495,0.6185951
,,-7.5775914,3.6478581,1.3202798,1698392571211,,0.95172733,-1.4376702,0.57680905,,,,,,-0.328208,-0.99796295,-0.25589812,0.18825904,0.6083726,0.2156428,0.6651735
,,-9.287342,2.763232,0.39744794,1698392571462,,-0.74281156,-2.0363178,0.2591594,,,,,,-0.653827,-0.500887,-1.0664191,0.19501457,0.60962415,0.04185847,0.6977879
,,-9.143773,1.6151555,1.0134401,1698392571713,,-0.10506874,1.6044364,-1.5612177,,,,,,-0.38242874,-0.68479055,-0.79084903,0.2047788,0.5680469,-0.10756873,0.7299702
,,-8.218469,1.3248261,2.5923045,1698392571966,,-2.1759005,-0.7547234,0.028252495,,,,,,-0.29293016,-0.5408951,-0.54236287,0.21748376,0.4866499,-0.21950498,0.7551316
52.48834078,13.41218967,-3.400042,-2.3256643,8.207622,1698392572000,3.7900925,0.8014546,0.109039366,-2.530049,,,,,,0.46319467,-0.17545874,-0.18390857,0.019975957,0.23837095,-0.4858109,0.81864834
,,-6.7708116,0.593739,3.8827538,1698392572217,,-1.0702351,0.06627883,0.5902481,,,,,,-0.082139015,-0.6212711,-0.8423748,0.20065634,0.38493013,-0.30989024,0.7900159
,,-5.592027,0.18121637,5.3600826,1698392572467,,-1.865581,0.6343831,0.32757625,,,,,,-0.10843844,-0.1799603,-0.8342917,0.15819915,0.30498692,-0.3792779,0.81568056
,,-4.4166718,-0.6904091,6.8026347,1698392572720,,0.51068294,1.1194097,-0.9637919,,,,,,0.23286425,-0.17645618,-0.5213269,0.10196031,0.2513699,-0.41653255,0.83969665
,,-3.5035713,-1.6484954,8.4012,1698392572973,,0.9101885,0.47555822,-0.85750145,,,,,,0.4958518,-0.36726794,0.3279644,0.046107914,0.22933127,-0.43747818,0.8527016
,,-3.4242887,-3.7100718,7.9748793,1698392573472,,0.92118406,0.20677772,-2.0645702,,,,,,0.44819573,-0.600087,-0.1437402,0.006300392,0.26106894,-0.5584554,0.736463
,,-3.4382467,-4.449454,8.234181,1698392573723,,0.59376055,-0.29657486,-1.5380048,,,,,,0.29158625,-0.75918955,0.25360048,0.0058960733,0.28374472,-0.64253163,0.6168829
,,-3.3091137,-4.7519865,8.130332,1698392573975,,0.39584038,-0.5873465,0.65866494,,,,,,-0.07738209,-0.87486565,0.1265666,0.0075336467,0.2838952,-0.73538536,0.48086798
,,-2.4831119,-4.30038,8.140542,1698392574227,,0.36407542,-2.6239696,1.6971351,,,,,,-0.32427195,-0.6939812,-0.104373075,-0.0014970616,0.24490476,-0.8200388,0.3922564
,,-0.6107281,-4.205386,8.259227,1698392574477,,1.1630865,-1.5537345,0.3019199,,,,,,-0.39474192,-0.8179689,-0.14361444,-0.050169293,0.17292173,-0.8593721,0.36038023
,,1.3721242,-3.49392,8.156734,1698392574728,,-0.11606431,-2.0326526,-0.4017963,,,,,,-0.28934795,-0.76859593,-0.24378324,-0.110491,0.0767487,-0.8662485,0.35108662
,,2.927539,-2.2004397,7.9846897,1698392574979,,-0.54733485,-0.14630212,0.49861836,,,,,,-0.7264992,-0.44360885,0.054201517,-0.17778248,-0.030223388,-0.8385371,0.37430462
52.48833857,13.4121819,3.1061234,0.68929255,8.717692,1698392575000,3.7900925,0.05864302,-0.13775001,-0.16844596,,,,,,-0.21863812,-0.15193729,0.487514,-0.118397586,-0.15395294,-0.6741721,0.670891
,,4.666881,-1.4929616,7.843912,1698392575230,,1.3475677,1.1914917,-0.9320269,,,,,,-0.2989449,-0.5098976,0.31054017,-0.23107494,-0.1153919,-0.7959106,0.44366258
,,5.416792,-0.49228346,7.592426,1698392575482,,0.7403681,0.70890856,0.925002,,,,,,-0.10495626,-0.20104387,0.12956981,-0.24516214,-0.17078899,-0.75829154,0.53459305
,,5.462335,-0.05168507,7.714142,1698392575732,,0.5546652,0.23365578,1.313512,,,,,,0.13089913,-0.32416335,0.121285185,-0.22380932,-0.19503435,-0.7267632,0.593512
,,4.769772,0.52993053,7.852606,1698392575984,,0.27244568,1.1829396,0.19196425,,,,,,0.34952545,-0.2913808,0.008915393,-0.17147359,-0.19373448,-0.70144814,0.62928635
,,2.2713473,0.24590236,9.365987,1698392576487,,-0.5522218,-0.24648394,0.50961393,,,,,,0.38922775,-0.2797364,0.32627505,-0.061932396,-0.0910103,-0.65150625,0.7218407
,,0.55896336,0.20793632,9.44479,1698392576738,,-0.2480111,0.17379104,0.6818778,,,,,,-0.12728417,-0.07290353,-0.149055,-0.01845617,-0.037635755,-0.6269495,0.76291716
,,-0.09395815,-0.5319245,9.716772,1698392576989,,-0.056199558,0.13225223,1.0813833,,,,,,0.028311288,-0.30690944,0.0012377739,-0.010358274,0.0058071455,-0.58168876,0.80425155
,,-0.3787041,-0.9608777,9.759924,1698392577239,,-0.4581486,0.31428993,-0.1660025,,,,,,0.16927952,-0.08722159,0.13011542,-0.024386497,0.042035554,-0.52889866,0.84024274
,,-1.1582057,-1.4224533,10.0785675,1698392577491,,0.47769627,-0.062002774,0.7686206,,,,,,-0.13403247,0.09674666,0.5257483,-0.044562377,0.078820564,-0.4937952,0.8577588
,,-1.2006385,-2.3407388,9.515219,1698392577745,,-0.9663881,0.36071566,0.09666935,,,,,,0.10019741,-0.2831506,0.036459826,-0.06611008,0.106294885,-0.4563805,0.8734844
,,-1.4993427,-2.4979472,9.326028,1698392577997,,0.66339916,0.7394518,0.5829177,,,,,,0.33113644,0.06557954,0.097905986,-0.08584607,0.14193875,-0.4090192,0.88969797
52.48834096,13.41219846,-3.1146576,-1.9854046,9.002596,1698392578000,3.7900925,-0.3090976,0.11270455,1.3611594,,,,,,-0.057030406,0.118113324,0.2457605,-0.016620303,0.19851655,-0.52441424,0.7854689
,,-2.0308683,-2.676133,9.010573,1698392578248,,-0.15393792,-0.34300056,-1.2594504,,,,,,0.5845566,0.09143119,0.09464574,-0.08382913,0.18438016,-0.37028274,0.9002629
,,-2.7915463,-3.105884,8.909039,1698392578500,,1.1936297,-0.36987862,-0.9955569,,,,,,0.38656488,-0.12330181,0.215564,-0.08026046,0.21837775,-0.36317158,0.8964716
,,-3.2240095,-3.0863423,8.761002,1698392578750,,1.3585633,-0.883005,-0.6058251,,,,,,0.19736017,-0.25242874,0.20392308,-0.062600054,0.22796877,-0.39143944,0.87878734
,,-2.959044,-2.5619156,8.463812,1698392579003,,0.16004658,-0.04978548,-2.09267,,,,,,0.29538208,-0.10976656,-0.17871289,-0.038802166,0.21570128,-0.44284764,0.846017
,,-2.7520652,-1.6248858,8.941979,1698392579506,,0.22601996,0.31184646,0.30802858,,,,,,-0.06580544,0.06123531,-0.057669893,0.0077470867,0.17098993,-0.6160274,0.72281474
,,-2.3566911,-1.261416,9.673465,1698392579756,,-0.05864302,-0.058337588,0.5584831,,,,,,-0.10401513,0.093700044,0.38240507,0.027700255,0.13383093,-0.7040742,0.6600462
,,-1.4460627,-0.5769096,9.668041,1698392580006,,1.170417,-0.43585202,-1.3119848,,,,,,0.39332733,0.24900965,0.1381556,0.04800717,0.09462741,-0.77389675,0.60210925
,,-0.8002397,0.02855432,10.129137,1698392580258,,0.524122,-1.7137811,-0.2771799,,,,,,0.62776774,0.27495477,0.4293672,0.056062505,0.05116352,-0.8340909,0.524155
,,-0.24598216,0.070349,10.073305,1698392580511,,0.2602284,-0.8940006,-1.9582797,,,,,,0.71891725,-0.25183648,0.41647083,0.03900202,0.012817061,-0.87928045,0.43582296
,,0.4065406,0.59278196,9.846863,1698392580762,,-1.2901465,0.69302607,-0.06093376,,,,,,0.7032034,-0.31804302,0.28768933,0.051387083,0.016021617,-0.6446275,0.35169223
52.48831311,13.41223042,2.6689544,1.5840486,8.627084,1698392581000,3.7900925,-1.2767074,-0.20005822,1.326951,,,,,,0.0620532,-1.1534755,-0.33639508,0.17984119,0.10955637,0.8954464,0.30533448
,,1.0194222,0.76004016,9.448059,1698392581013,,-0.44470957,-0.6215549,0.41065386,,,,,,0.39891243,-0.5783461,0.1662585,0.08380862,0.014469821,-0.34375566,0.2706611
,,2.4805596,1.160838,9.19785,1698392581265,,-0.3176497,1.7547091,-1.6296345,,,,,,0.54446703,-0.48530564,-0.034245458,0.11359515,0.008291122,-0.042477466,0.19010894
,,3.6832724,1.1266209,9.540743,1698392581517,,0.10140356,-0.82314026,-3.651597,,,,,,0.9691424,-0.93356484,0.3436739,0.12995927,0.013107668,0.25988814,0.14413102
,,3.1327634,1.3851253,9.302499,1698392581769,,0.25656322,-1.5635084,-0.114689864,,,,,,0.066128984,-1.1800772,0.07494517,0.14164616,0.05728614,0.5527995,0.1750969
,,2.721357,2.0084555,9.009538,1698392582020,,-1.3744458,-0.23304491,0.64278245,,,,,,-0.02789286,-0.90378135,-0.022415224,0.1736194,0.116499886,0.8467891,0.23827483
,,2.332125,1.3074383,9.244352,1698392582522,,-0.37751442,2.826166,4.687929,,,,,,0.0017367522,-1.2621559,0.106853455,0.16509536,0.0935477,0.89069295,0.34520322
,,0.15808563,0.9395017,10.1364765,1698392582772,,-1.5931354,-2.3527458,0.7466295,,,,,,0.16367798,-1.7462457,0.46942052,0.14550611,0.08339743,0.63337135,0.34966114
,,-1.9542181,1.0396018,10.523076,1698392583027,,3.5967717,-0.8304707,0.32757625,,,,,,-0.86032224,-1.170662,0.43867552,0.14698634,0.07843699,0.31214863,0.3308786
,,-1.9171294,0.43581262,10.308439,1698392583280,,-0.15393792,-1.4193443,2.5071418,,,,,,-0.21023296,-1.2786328,0.26423797,0.14150926,0.0313943,0.010811508,0.2563968
,,-1.7158132,0.18368895,10.69887,1698392583532,,0.59253883,-0.3100139,-0.22586726,,,,,,-0.122306846,-1.0754473,0.43373743,0.12097581,-0.021565443,-0.2847564,0.1920311
,,-1.662852,0.49419764,11.410733,1698392583782,,-0.18448116,1.0693188,-0.09880738,,,,,,0.11982925,-1.0096381,1.0576192,0.09114704,-0.05765074,-0.5930722,0.13650145
52.48828284,13.41222906,0.6535596,3.9538198,8.907442,1698392584000,3.7900925,0.13316852,-0.0033597562,0.23594652,,,,,,0.105942585,-0.38496488,-0.0413212,-0.0067926147,-0.22726198,-0.97007877,0.07732407
,,-1.6301501,1.1523037,11.222338,1698392584033,,-1.237612,0.1640172,-0.1574504,,,,,,0.42379087,-0.98707706,0.7412531,0.06643078,-0.08905292,-0.9120023,0.10152023
,,-0.50113684,1.8809183,10.205069,1698392584282,,0.9456187,-0.28313583,0.5890264,,,,,,0.0044851857,-0.5333621,0.2522387,0.03874031,-0.120528266,-0.9779158,0.09894266
,,0.4011965,2.4024737,9.356975,1698392584532,,-0.11362085,0.3081813,0.13209951,,,,,,0.2049115,-0.8395284,-0.0023132164,0.006010468,-0.1700963,-0.9769348,0.092895895
,,0.84929264,3.2650864,9.394062,1698392584782,,-0.098960094,-0.058337588,0.11866048,,,,,,0.24122337,-0.45645618,0.18431176,-0.010961457,-0.19603448,-0.97353184,0.094646886
,,0.75381905,3.5828528,9.235898,1698392585036,,-0.64262974,-0.38331765,-0.19288056,,,,,,0.13966411,-0.6234706,0.22450413,-0.0102812825,-0.22166243,-0.9703721,0.08329709
,,0.42025942,4.062693,8.936395,1698392585539,,0.0012217296,-0.091324285,0.3092503,,,,,,-0.07611184,-0.19827718,0.09641277,-0.004576238,-0.22482577,-0.97046924,0.079836115
,,0.40526432,4.1136603,8.77448,1698392585791,,0.23701553,0.30573782,0.19440772,,,,,,-0.040203627,-0.260507,4.7952335E-4,0.001081266,-0.2277821,-0.96850204,0.09431734
,,0.3629114,4.371607,8.717771,1698392586042,,-0.62796897,-0.24648394,0.023365578,,,,,,0.022902055,-0.050849326,-0.087679274,0.0116920825,-0.22812425,-0.9665123,0.10896359
,,0.5537788,4.2279572,8.728857,1698392586291,,-0.9089668,-1.1126902,-2.1256566,,,,,,0.10150052,0.14460334,-0.15249833,0.006411039,-0.2124102,-0.9683531,0.11752796
,,0.25451654,3.5912273,9.240284,1698392586541,,3.6224282,0.15913028,0.3581195,,,,,,-0.22792225,0.11341392,0.09469554,0.0019378855,-0.18170436,-0.9739565,0.10456828
,,0.08654043,3.951427,8.81109,1698392586794,,-0.14538582,-0.058337588,-0.32971427,,,,,,-0.13754795,0.095183484,-0.08578194,0.015287681,-0.20222327,-0.96801853,0.09791387
52.48828786,13.41221843,1.3265811,8.1522665,4.5544195,1698392587000,3.7900925,-1.8533638,-0.22937973,-0.21731515,,,,,,0.17112884,-0.32430193,0.0180179,0.011812601,-0.51840377,-0.8377554,0.1286833
,,0.008853463,4.3561335,8.450572,1698392587045,,-0.13683371,-0.29657486,0.31413722,,,,,,-0.01183921,-0.06478221,-0.015107775,0.023824476,-0.2351734,-0.9580987,0.08653299
,,-0.009252259,4.898986,8.006863,1698392587296,,1.1569779,-0.035124727,0.6867647,,,,,,-0.041120842,-0.14474814,0.07825236,0.023559455,-0.27543765,-0.9444767,0.07449104
,,0.29814568,5.5510297,7.3726854,1698392587547,,0.6511819,0.42668906,0.4094321,,,,,,-0.02247395,-0.16400608,0.15303256,0.011940523,-0.32333618,-0.925421,0.06706191
,,0.4074179,6.40798,6.4949183,1698392587799,,0.16249003,0.42302385,0.025809037,,,,,,-0.0827254,-0.3237947,0.13133903,0.014717376,-0.3892227,-0.89926356,0.07296322
,,0.90544415,7.764072,5.1389847,1698392588051,,0.23212862,0.25076,0.07223476,,,,,,0.19481249,-0.2696995,-0.07370219,0.019521939,-0.4733642,-0.8655662,0.1015407
,,1.8268406,8.572286,3.9444885,1698392588552,,1.2388338,0.12370012,0.32024586,,,,,,0.2218228,-0.1739397,0.09460211,0.0053150645,-0.54774654,-0.81797206,0.15511951
,,2.0874188,8.764431,3.4419954,1698392588803,,-0.19669846,0.1517999,0.14553854,,,,,,0.27202526,-0.16998991,0.020653328,0.0072171087,-0.5694459,-0.80093676,0.17739078
,,2.050968,8.795697,3.224568,1698392589055,,0.2150244,-0.011911863,-0.03649917,,,,,,0.22924417,-0.22754039,0.029072396,0.018765202,-0.58139044,-0.7893993,0.192838
,,1.984049,8.860861,3.0206995,1698392589306,,0.18081598,-0.12553272,-0.09392046,,,,,,0.24265446,-0.26983696,0.1268384,0.03045637,-0.5899346,-0.78147894,0.19907337
,,1.9584459,8.900821,2.7535806,1698392589557,,0.44715303,-0.959974,0.36300638,,,,,,0.26109645,-0.28244987,-0.0181114,0.036712464,-0.59415936,-0.7784587,0.19728372
,,1.9978474,9.04455,2.601397,1698392589807,,-0.46547896,-1.6233732,0.31413722,,,,,,0.2571513,-0.22007425,-0.21315987,0.028464088,-0.593915,-0.7820519,0.17833553
52.48828858,13.41220378,3.9066815,7.942736,4.0280776,1698392590000,3.8220987,-1.0189224,-1.2861758,-0.479987,,,,,,0.67550254,0.20185079,-0.35067907,-0.068115376,-0.16878481,-0.4308146,0.10196195
,,2.0318255,8.950114,2.3396223,1698392590058,,-1.0018182,-1.6087124,-0.21364996,,,,,,0.3967161,-0.43734398,-0.4025481,0.044449646,-0.43968028,-0.57060075,0.15398511
,,1.9361922,8.776235,2.488057,1698392590309,,-0.18814635,1.7962478,1.1742349,,,,,,0.08163109,-0.56455135,-0.11333121,0.06678214,-0.2819084,-0.36515397,0.13448405
,,2.3461626,8.692088,2.6874585,1698392590563,,-0.52656543,0.79442966,-0.4970912,,,,,,0.12911886,-0.28077137,-0.10327892,0.026713781,-0.26035312,-0.37846863,0.1185406
,,2.8388445,8.80814,2.9662225,1698392590815,,-0.0061086477,0.29840744,-0.04016436,,,,,,0.266928,0.21219873,-0.3924104,-0.007976948,-0.23138706,-0.39657882,0.10889201
,,3.2047868,8.452966,3.4872997,1698392591067,,-0.5729912,-0.31245732,-0.778089,,,,,,0.27794135,0.27086657,-0.4877753,-0.041493714,-0.20168327,-0.414392,0.10218454
,,3.9414575,7.630472,4.5229135,1698392591567,,0.19547673,0.38515025,0.43508843,,,,,,0.1916342,0.46149862,-0.4997304,-0.12694825,-0.28612348,-0.65993005,0.09791513
,,4.591508,7.748279,5.297869,1698392591818,,-0.8991929,0.15668681,-0.25152358,,,,,,0.6362667,1.0178928,-0.3560505,-0.19266742,-0.40802702,-0.88400114,0.09558463
,,4.3169713,7.0411196,5.3089557,1698392592068,,0.54855657,-0.14019346,0.07101303,,,,,,0.28786162,0.42919,-0.6435486,-0.19694994,-0.39148223,-0.8920896,0.08533039
,,4.613601,7.014559,5.866883,1698392592318,,0.51068294,-0.41996953,-0.8037453,,,,,,0.3035766,0.60581714,-0.101472855,-0.21528782,-0.38382965,-0.8923637,0.07699086
,,4.457669,6.4499326,5.6665244,1698392592569,,0.19303326,-9.162972E-4,0.2689332,,,,,,-0.056931775,0.20539315,-0.2573194,-0.23002587,-0.37557298,-0.89327055,0.07382059
,,4.5005803,6.8524046,5.985647,1698392592821,,1.2571597,-2.5628831,-0.23075417,,,,,,-0.19145831,0.7091501,0.060376786,-0.2307234,-0.37450117,-0.89047736,0.091955505
52.48829928,13.41219948,5.025885,5.6772113,6.0272017,1698392593000,5.1720047,0.60597783,-0.36621344,1.0337359,,,,,,-0.104417786,-0.221375,0.2598927,-0.17746167,-0.4079487,-0.85203785,0.27244887
,,4.536792,6.3628335,5.9741607,1698392593072,,-0.8979712,-0.422413,-0.31749696,,,,,,-0.23945536,0.20647988,0.2243601,-0.2208692,-0.38794094,-0.88119346,0.1292586
,,4.688657,6.329415,5.693562,1698392593323,,-0.14905101,-0.90866137,0.7063124,,,,,,-0.25382066,0.18732585,-0.020745056,-0.21183231,-0.39485008,-0.87410456,0.16199225
,,5.057948,6.3230333,5.875735,1698392593573,,0.13194679,0.92026776,0.3752237,,,,,,-0.1043143,0.28027382,0.32821167,-0.20962586,-0.40387323,-0.86392087,0.19796678
,,4.975875,6.0190654,5.7147775,1698392593824,,-0.194255,0.96913695,0.43631017,,,,,,-0.1282009,-0.010786994,0.02634004,-0.1931128,-0.40666252,-0.8603027,0.22822753
,,5.2039104,6.001359,6.1778693,1698392594077,,-0.89430606,0.6038398,-0.2112065,,,,,,0.10084935,0.014415757,0.4910472,-0.18129578,-0.41170552,-0.8536587,0.25770858
,,5.132286,5.8039503,6.5287375,1698392594579,,0.2932151,0.6820305,0.12232567,,,,,,-0.035248604,0.115321,0.52482677,-0.17755793,-0.3977577,-0.8547632,0.27893677
,,4.9812183,5.536751,6.4406023,1698392594829,,0.080634154,1.9819508,1.1571306,,,,,,-0.100270316,-0.082629286,0.27316946,-0.17100869,-0.38884407,-0.8578968,0.28555173
,,4.9040904,5.425885,6.89819,1698392595081,,-0.39584038,1.1059707,0.432645,,,,,,-0.0067883013,-0.034726333,0.38447082,-0.15850313,-0.37686482,-0.8624055,0.29535595
,,4.606024,4.95083,6.9495544,1698392595332,,1.007927,-0.11453715,1.2988513,,,,,,-0.2460623,-0.28170007,0.2151189,-0.15443714,-0.36161226,-0.86650693,0.30343822
,,4.653801,5.0315475,7.4319477,1698392595584,,0.14294235,0.77732545,0.523053,,,,,,-0.14148699,0.014421209,0.4709157,-0.15409252,-0.3478402,-0.87128127,0.30653602
,,4.402634,4.778547,7.376515,1698392595836,,0.27244568,0.85551614,0.5719221,,,,,,-0.30547306,-0.104754955,0.23316894,-0.14811964,-0.3393956,-0.8726192,0.31486613
52.48832791,13.41220721,4.5723653,4.1434116,7.475896,1698392596000,9.381281,-0.062308207,0.34849834,0.40576693,,,,,,-0.23892498,-0.2087129,0.12054575,-0.13913335,-0.32788175,-0.8471819,0.38854706
,,4.61719,4.8095737,7.595937,1698392596087,,0.5045743,0.98868465,0.5450441,,,,,,0.074659325,-0.06117844,0.36712456,-0.13693637,-0.33622825,-0.8703378,0.32982454
,,4.3286963,4.40391,7.400523,1698392596338,,0.35307986,-0.010690134,0.82482016,,,,,,-0.21329847,-0.32801616,0.059369564,-0.13424727,-0.33285442,-0.86830205,0.33987942
,,4.6583476,4.664967,7.71821,1698392596588,,-0.2357938,0.45478883,0.42897978,,,,,,0.02350324,0.011178962,0.35385194,-0.13979228,-0.3295919,-0.8677358,0.34233457
,,4.461498,4.5357547,7.45141,1698392596840,,0.40317076,0.17134757,0.4668534,,,,,,-0.25629163,-0.017420474,0.10224776,-0.14665577,-0.32811496,-0.86521125,0.3470741
,,4.7889953,4.52068,7.7380695,1698392597091,,0.84177166,0.399811,0.82726365,,,,,,0.018294748,0.04537358,0.3848076,-0.14224574,-0.32810688,-0.85848635,0.36448762
,,4.9360743,4.179144,7.688777,1698392597591,,-0.59498227,0.49266243,-1.0273218,,,,,,0.01120108,0.010654942,0.24690638,-0.13710046,-0.32364765,-0.8340947,0.4155726
,,4.769214,3.9417763,7.763673,1698392597842,,0.3848448,0.12125666,0.43020153,,,,,,-0.15408805,-0.050177716,0.24429424,-0.13247086,-0.31796476,-0.8217895,0.44365153
,,4.796892,3.992664,7.580782,1698392598094,,-0.8478803,-0.08888082,-1.1018473,,,,,,-0.0051715216,0.034722947,-0.035824347,-0.1129663,-0.31819785,-0.8020819,0.4828379
,,4.9027343,3.60415,7.947522,1698392598346,,-0.16615522,-0.5201514,-0.17577635,,,,,,0.2325396,-0.4489805,0.37014422,-0.09282427,-0.32274672,-0.78646445,0.51385695
,,4.617749,3.7323253,7.308877,1698392598596,,-0.31520623,-0.7290671,-0.3688096,,,,,,-0.06388906,-0.37547693,-0.29812056,-0.08715081,-0.3249772,-0.7786251,0.52753156
,,5.2020755,3.662375,8.032704,1698392598846,,-0.21868959,0.12492185,0.7014255,,,,,,0.3760969,-0.4117879,0.55810064,-0.096288495,-0.32819313,-0.7782162,0.5232785
52.48836336,13.41222508,5.502933,3.2768908,7.3925457,1698392599000,18.88632,-0.2602284,-0.059559315,-0.051159926,,,,,,0.04814357,-0.21328616,-0.025772508,-0.103264704,-0.3301416,-0.7058739,0.6069382
52.48836336,13.41222508,5.5789466,2.5768309,7.581022,1698392599000,18.88632,-0.29688028,-0.41263917,0.07223476,,,,,,-0.11101993,-0.2334377,-0.017089367,0.011530914,-0.3417989,-0.37906915,0.85521394
52.48836336,13.41222508,5.3252263,3.5673795,6.7078795,1698392599000,18.88632,-0.05986475,1.0070106,-2.60824,,,,,,-0.036797665,-0.74893516,0.5485732,0.27196026,-0.16433737,0.2921268,0.80086625
52.48836336,13.41222508,0.5308077,4.2375298,8.62094,1698392599000,18.88632,0.478918,1.0937533,1.2047781,,,,,,0.21426821,-0.26886496,-0.048871722,0.21026887,0.12855159,0.5663997,0.7693793
52.48836336,13.41222508,-2.5883956,4.4101315,8.28459,1698392599000,18.88632,-0.25793764,0.41309732,0.21380267,,,,,,-0.08558135,0.025535742,-0.11770053,0.08086113,0.25550044,0.6587962,0.70269144
52.48836336,13.41222508,-1.9923439,4.701258,8.908239,1698392599000,18.88632,0.046273008,0.18585561,0.041538805,,,,,,-0.05042652,0.05724195,0.12018811,0.08976888,0.24049059,0.7091903,0.6563711
,,4.854319,3.3469207,7.5014977,1698392599097,,0.4214967,0.17623448,0.47296205,,,,,,-0.1664329,-0.5749284,0.06625937,-0.111668326,-0.3248135,-0.782011,0.5149257
,,5.5671415,3.2978675,7.6752186,1698392599347,,0.32253662,0.22143848,0.3678933,,,,,,0.3141978,-0.44882056,0.34465545,-0.1256502,-0.3267088,-0.77636445,0.5181911
,,5.607182,2.9621549,7.4979105,1698392599598,,0.2357938,0.0650571,-0.15134175,,,,,,0.083679505,-0.634963,0.26142395,-0.14019585,-0.3287676,-0.7691318,0.523659
,,5.828757,3.1336408,7.436813,1698392599849,,-0.100181825,0.20433427,-0.09880738,,,,,,0.14886393,-0.3614696,0.23553444,-0.14215158,-0.33355114,-0.75212324,0.5415583
,,5.7750773,3.042474,7.5789466,1698392600101,,0.013439025,0.13591741,-0.07315106,,,,,,0.12345718,-0.4147838,0.3266713,-0.12950139,-0.33289638,-0.7312194,0.5691761
,,5.313342,3.4667213,7.553104,1698392600602,,-0.015882485,0.011300999,0.0490219,,,,,,0.14473385,-0.20805508,0.02894473,-0.07011958,-0.3314443,-0.6814314,0.64186996
,,4.9339995,3.7346375,7.749236,1698392600852,,-0.05253437,0.1065959,-0.1782198,,,,,,0.08374855,-0.12384521,0.09589537,-0.039294127,-0.32930288,-0.6630139,0.6678463
,,4.543651,3.7931817,7.817113,1698392601102,,0.10262528,-0.030237807,0.1565341,,,,,,-1.1401177E-4,-0.16420469,0.008807326,-0.016833028,-0.3214492,-0.65361583,0.68375474
,,4.391228,3.958446,7.959885,1698392601353,,-0.08185588,-0.004581486,0.15531237,,,,,,0.017832717,0.034527756,0.0066681067,-0.006163074,-0.31202915,-0.64831907,0.6940453
,,4.3061237,3.943052,7.992267,1698392601604,,-0.046425723,-0.09498947,0.07834341,,,,,,0.07239975,0.08945145,-0.0784472,-6.383453E-4,-0.30383205,-0.64296234,0.7027717
,,4.1375895,4.0368514,8.152665,1698392601855,,0.70982486,-0.04612029,0.8785763,,,,,,0.031146232,0.23222373,-2.5831859E-4,0.0067596487,-0.29588255,-0.63219064,0.7149489
,,4.125465,4.1172504,8.056553,1698392602105,,0.46181378,0.59528774,0.7551816,,,,,,-0.09242043,0.269343,0.103184015,0.01397012,-0.30509907,-0.60543084,0.73065174
,,4.387399,3.7640698,7.874939,1698392602356,,-0.16859868,0.3509418,0.5193878,,,,,,-0.10150242,0.048438836,0.06028455,0.017463863,-0.31498376,-0.5607754,0.7551998
,,4.7571707,3.5719259,7.743731,1698392602607,,0.28344125,-0.013133593,0.2640463,,,,,,-0.05095531,0.11107702,-0.021868674,0.01966803,-0.3210809,-0.5031697,0.7869118
,,5.0834723,3.1164122,7.8762937,1698392602857,,-0.08552107,-0.2611447,-0.5557342,,,,,,-0.0030098916,-0.108191304,0.14989157,0.023308244,-0.3271444,-0.44580412,0.8181964
,,5.3088765,2.7114668,7.7335224,1698392603110,,-0.64262974,0.1065959,-0.64736396,,,,,,-0.052561965,-0.35053653,0.07468993,0.023181845,-0.33471853,-0.4032741,0.8421125
,,5.9144993,1.8886548,7.8510113,1698392603612,,0.36896232,0.019853106,0.7014255,,,,,,0.081515945,-0.4927046,0.062611036,-0.0061404575,-0.33307138,-0.37296084,0.8624455
,,5.8269215,1.6807188,7.97783,1698392603863,,0.30787584,0.016187917,0.49739665,,,,,,-0.0028295675,-0.40773866,0.04801793,-0.021035677,-0.32384443,-0.37777954,0.86368567
,,5.889933,1.5403397,7.9573307,1698392604113,,0.95294905,-0.26725334,0.6317869,,,,,,0.047985587,-0.4096433,0.02144591,-0.029343512,-0.3227614,-0.38106555,0.8627732
,,5.6863036,1.5992029,7.883473,1698392604365,,-0.24434592,0.29596397,0.01847866,,,,,,-0.22654928,-0.30252665,0.018206898,-0.031086955,-0.32649297,-0.37430933,0.8635006
,,5.7239504,1.5173686,7.9927454,1698392604617,,0.47280934,-0.009468404,0.7466295,,,,,,-0.35325462,-0.14507805,0.22689016,-0.03632552,-0.3307007,-0.35198706,0.86959326
,,6.208338,0.914138,8.008538,1698392604867,,0.34452772,-0.16951497,-0.28328854,,,,,,-0.10790248,-0.40045038,0.4149578,-0.040488835,-0.34293813,-0.3074744,0.88005227
,,6.1749187,0.9236295,7.6646094,1698392605119,,2.2577562,0.07116575,1.074053,,,,,,-0.45377335,-0.24572451,0.3301445,-0.030032096,-0.3603621,-0.24973245,0.89117634
,,6.320961,0.9819345,7.6223354,1698392605370,,1.5149447,0.50976664,0.21884231,,,,,,-0.56209654,-0.22970298,0.5312485,0.001680171,-0.37546307,-0.17004572,0.8983117
,,6.7732835,1.174876,7.561958,1698392605622,,2.2736387,0.00763581,0.19562945,,,,,,-0.2682183,-0.4865305,0.8033195,0.060614146,-0.37241328,-0.07681945,0.8936093
,,6.3689756,1.8116857,7.104211,1698392605875,,-0.9773837,5.6593566,-0.51419544,,,,,,-0.5384848,-0.60048205,0.7358744,0.13506775,-0.34205845,0.021017643,0.8777932
,,5.5436115,2.5245078,6.745367,1698392606125,,1.0995566,0.35705048,2.8223479,,,,,,-0.45107743,-0.5998859,0.53188616,0.19773193,-0.26219502,0.14853959,0.854491
,,4.353422,4.5462832,6.524749,1698392606632,,-2.800204,-0.09498947,-1.7664682,,,,,,0.12310147,-0.8479606,0.26067975,0.32621923,-0.051083565,0.41957745,0.75513196
,,3.4250066,5.111468,6.915098,1698392606881,,2.3848162,-1.1297944,0.37278023,,,,,,0.23078649,-0.98194605,0.39907625,0.34734124,0.043499168,0.5148799,0.7212134
,,2.0250456,5.5030932,6.559604,1698392607131,,1.4086542,-0.8634574,1.7105742,,,,,,-0.54237974,-1.1401031,-0.17353871,0.3559693,0.13153702,0.5869704,0.6781563
,,2.7057238,5.695875,6.5312095,1698392607384,,0.14416409,-1.1969895,0.10766492,,,,,,0.2908099,-1.0669304,-0.19070593,0.35698748,0.19628914,0.6531519,0.62098366
,,3.3132615,5.8742194,6.3994446,1698392607636,,-0.23212862,0.6026181,-0.08414663,,,,,,0.32167414,-1.1211902,-0.12658769,0.37533888,0.2050626,0.68643135,0.5745185
,,2.8499315,5.767181,6.1535425,1698392607887,,-1.3439025,1.9746203,-0.60216,,,,,,-0.23164023,-0.9992741,-0.38432142,0.37429053,0.19692734,0.69577026,0.56593984
,,3.4626536,5.5215178,6.684031,1698392608136,,-0.14538582,-1.154229,-2.2246168,,,,,,0.08825739,-0.8324474,-0.07304033,0.3662762,0.17072697,0.703116,0.5686073
,,3.6713872,5.6015973,6.3947396,1698392608389,,-0.25656322,0.10537417,-0.615599,,,,,,0.0903465,-0.6452804,-0.47290954,0.37576973,0.15576164,0.68590885,0.5812543
,,3.500859,5.5244684,6.9942217,1698392608641,,-1.4697406,0.6563742,0.49250972,,,,,,0.49346304,-0.3757808,-0.06525256,0.3567171,0.13888805,0.64565444,0.6236746
,,2.0514464,4.9719667,7.578309,1698392608890,,-0.77457654,0.076052666,3.6066983,,,,,,0.06417154,-0.4739217,-0.104351535,0.30810177,0.13202454,0.5984747,0.6903332
,,1.3538587,4.741538,8.078169,1698392609140,,-1.5577052,-0.16951497,-0.5667298,,,,,,0.34377512,-0.32576066,-0.17667675,0.25743648,0.13354114,0.58235514,0.7330589
,,-0.26025936,3.9077187,8.798966,1698392609671,,-0.045203995,0.205556,0.031917684,,,,,,0.046299003,-0.31353265,-0.059557375,0.17736027,0.13567336,0.56715053,0.7767998
,,-0.753101,3.702574,9.015119,1698392609923,,0.20158538,0.25198174,-0.07192933,,,,,,0.14650764,-0.3116457,0.096295945,0.1408744,0.15317465,0.5976415,0.7567915
,,-1.1093922,3.6335015,9.050293,1698392610172,,0.12217296,0.15302163,0.028252495,,,,,,0.029220978,-0.2186099,0.0724813,0.113925464,0.17059252,0.6459738,0.72277296
,,-1.039522,3.808018,8.966864,1698392610432,,-0.07956514,0.6159044,0.23335035,,,,,,0.11477685,-0.019972665,0.02011304,0.100348435,0.17949638,0.69365585,0.685852
,,-1.1643475,3.5720854,9.099744,1698392610683,,0.7353285,0.060017463,-0.50213087,,,,,,0.13463035,-0.24103403,0.20220198,0.08618717,0.19006115,0.711689,0.6668798
,,-1.5116256,3.8964727,8.844031,1698392610933,,0.063377224,-0.102472566,-0.32498005,,,,,,0.16871668,-0.2632675,0.10988496,0.08152449,0.21646585,0.71975833,0.65241456
,,-1.8643278,4.1722856,8.5595255,1698392611184,,0.16478078,0.0074830935,-0.11728604,,,,,,0.0551749,-0.20724797,-0.020101706,0.08116205,0.2358555,0.71391666,0.6527006
,,-2.2222142,4.3343596,8.367781,1698392611434,,-0.13087778,0.035582874,-0.017104214,,,,,,-0.04645598,-0.1587542,-0.073361665,0.07976854,0.25121006,0.70140785,0.6605756
,,-2.3003001,4.358527,8.357891,1698392611685,,-0.020922119,-0.10980295,-0.046425723,,,,,,0.04999322,-0.14901091,-0.028291099,0.077275835,0.2582878,0.6912814,0.6686884
,,-2.396412,4.3610797,8.323275,1698392611937,,0.008399391,-0.019394957,-0.02443459,,,,,,0.09928098,-0.15226202,0.0021241982,0.07609641,0.26262224,0.6787887,0.68013203
,,-2.6629722,4.458467,8.21161,1698392612189,,-0.19562945,-0.17699806,-0.07696896,,,,,,-0.115332104,-0.018430138,-0.11172565,0.07816473,0.26323977,0.66447675,0.6945015
,,-2.3866014,4.3186464,8.412765,1698392612691,,-0.025809037,-0.04382955,0.100181825,,,,,,0.004851188,-0.0037238598,-0.03648378,0.082445875,0.24765357,0.66086614,0.70315063
,,-2.2047467,4.265605,8.502735,1698392612940,,0.09025527,0.055130545,-0.019547673,,,,,,0.023052001,0.016536253,-0.010795085,0.08397665,0.23886302,0.66719854,0.6999204
,,-2.1074388,4.2695932,8.4985075,1698392613191,,0.0707076,0.19318599,0.11117739,,,,,,-0.0018145561,0.032440297,-0.044261854,0.0866089,0.2340902,0.6721926,0.6964388
,,-2.0307093,4.288576,8.529535,1698392613442,,0.09025527,0.038026333,0.068416856,,,,,,-0.019218475,0.036122117,-0.048673343,0.08796541,0.23214538,0.6792842,0.69001955
,,-1.9397019,4.302136,8.555616,1698392613692,,-0.014813471,0.058795735,-0.0097738365,,,,,,-0.013624638,0.007207791,-0.018694099,0.089527115,0.2309387,0.687828,0.6818855
,,-1.8654448,4.3571706,8.561839,1698392613942,,0.054825112,0.009926553,0.0097738365,,,,,,-9.211421E-4,-0.010299746,0.051107533,0.090228245,0.23404044,0.6944306,0.6741666
,,-1.9519849,4.4811983,8.450414,1698392614193,,0.082924895,0.15897755,0.05497783,,,,,,-0.041110344,0.017624537,-0.016427644,0.0911181,0.2405486,0.6967358,0.6694585
,,-2.0097318,4.569015,8.460303,1698392614445,,0.015729768,0.016035201,-0.043982264,,,,,,-0.020935882,0.020820078,0.036982536,0.0902685,0.24722624,0.6985942,0.6652483
,,-2.081516,4.631627,8.565029,1698392614695,,-0.16875139,-0.30772313,0.056199558,,,,,,-0.022952227,0.039139986,0.12947565,0.088656195,0.24949382,0.70079195,0.66234726
,,-2.0731416,4.6420755,8.652129,1698392614946,,0.06826414,-0.12324197,0.03054324,,,,,,-0.0423723,0.054771867,0.16163288,0.08805912,0.24728864,0.7030194,0.660854
,,-2.0485752,4.6831517,8.860383,1698392615197,,0.30772313,0.07223476,0.1404989,,,,,,-0.067087516,0.06966054,0.19896176,0.08843199,0.24424115,0.70578843,0.6589151
,,-1.8924834,4.731009,8.958728,1698392615698,,-0.74174255,-0.6204859,-0.16493349,,,,,,-0.03279737,0.065836586,0.07668236,0.09191161,0.23570128,0.7135349,0.653025
,,-1.7071192,4.6877794,9.06497,1698392615952,,-0.024587307,-0.0108428495,-0.05497783,,,,,,-0.027289871,0.049381923,0.08286901,0.095533036,0.22797213,0.71737826,0.6510687
,,-1.5046865,4.6768513,9.055637,1698392616204,,-0.008704823,0.15775582,0.0048869182,,,,,,-0.017483316,0.040554333,-0.0015237967,0.100200936,0.2222367,0.72123533,0.648202
,,-1.4938393,4.7611594,9.171291,1698392616455,,-0.38988444,-0.5178606,-0.2516763,,,,,,-0.0076358574,0.0427866,-0.040957246,0.103767745,0.22271197,0.7241677,0.6442462
,,-1.4172688,4.7940993,9.109875,1698392616705,,0.047494736,-0.095142186,-0.02443459,,,,,,0.0071622273,0.04104767,-0.040223394,0.10730672,0.2217174,0.72533345,0.6427208
,,-1.3183656,4.8189855,9.116414,1698392616957,,0.008399391,0.016035201,0.012217295,,,,,,0.008326737,0.04068031,-0.014171998,0.110988684,0.22104925,0.7253651,0.64230573
,,-1.263969,4.840281,9.115777,1698392617259,,-1.527162E-4,-0.014508039,0.05497783,,,,,,0.0016684254,0.02271657,-0.006331253,0.11427793,0.2217396,0.72437316,0.6426077
,,-1.2615759,4.9042497,9.028518,1698392617513,,0.053603385,0.08811724,0.08796453,,,,,,0.0090549905,0.015406879,-0.06977129,0.117117524,0.22374381,0.72370136,0.6421679
,,-1.2722638,4.954578,9.014241,1698392617781,,-0.6049088,-0.37369654,-0.092851445,,,,,,0.0010569155,-0.012089523,-0.04551339,0.11916282,0.22716251,0.72385186,0.640411
