98#1#0
key,lat,lon,ts,bike,childCheckBox,trailerCheckBox,pLoc,incident,i1,i2,i3,i4,i5,i6,i7,i8,i9,scary,desc,i10
1000,52.41881210356951,13.021116508170962,1701445125407,1,0,0,6,1,0,0,0,0,0,0,1,0,0,0,,0
1001,52.419099351391196,13.02131624892354,1701445134686,1,0,0,6,1,0,0,0,0,0,0,1,0,0,0,,0
1002,52.42025056388229,13.022136334329844,1701445162166,1,0,0,6,1,0,0,0,0,0,0,1,0,0,0,,0

=========================
98#1
lat,lon,X,Y,Z,timeStamp,acc,a,b,c,obsDistanceLeft1,obsDistanceLeft2,obsDistanceRight1,obsDistanceRight2,obsClosePassEvent,XL,YL,ZL,RX,RY,RZ,RC
52.41872204001993,13.021027073264122,-1.0777897,1.8252196,9.441056,1701445123000,3.0,-0.8561276,-0.68386364,0.11927144,,,,,,0.281793,0.06560386,0.11755252,0.1011956,0.05472755,-0.1474405,0.9758185
,,-0.8493032,0.15143318,9.166678,1701445123078,,-1.0693196,0.677755,-0.2759584,,,,,,0.2616307,-0.18296814,-0.29731023,0.024553394,0.052642208,-0.13219647,0.9821919
,,-1.2467805,-0.11883223,9.415517,1701445123330,,0.12675454,0.29352075,-0.1421789,,,,,,0.14017612,0.05448105,-0.12794088,6.837055E-4,0.0705606,-0.13292283,0.9841413
,,-1.4507664,-0.20673935,9.712558,1701445123579,,-0.13408493,-0.46395215,0.7655669,,,,,,0.21123911,0.21277423,0.15914159,-0.008713502,0.08557275,-0.1428406,0.9825976
,,-1.777615,0.23143949,9.597518,1701445123830,,-0.25503623,1.4688255,-0.23319781,,,,,,0.078282006,0.14385538,0.08307673,0.020578532,0.09130728,-0.15641312,0.97936875
,,-2.3048582,0.9632272,9.188109,1701445124081,,0.3118467,0.4083634,-0.41157046,,,,,,0.23252177,0.26181418,-0.06799105,0.06274304,0.1210062,-0.17654954,0.9687952
,,-3.0966208,1.5264632,8.875983,1701445124346,,-0.17562376,-0.042455133,-0.6272059,,,,,,0.22279163,0.28583178,0.0028894106,0.1019943,0.15737562,-0.19033161,0.9558582
,,-3.587831,1.5531983,8.58409,1701445124641,,-2.5390613,-2.0650299,-0.2649628,,,,,,0.17114204,0.0859355,-0.097791515,0.11670003,0.17968248,-0.18484242,0.9513819
,,-3.7090967,1.1190097,8.954873,1701445124894,,1.3564262,0.42363504,0.15592335,,,,,,-0.021387447,-0.0060842433,0.2835647,0.09699872,0.17693672,-0.16042903,0.9530136
,,-3.7028723,1.0236808,8.64622,1701445125146,,0.01985312,-1.625207,0.6721045,,,,,,0.08451299,-0.033606183,-0.0033817927,0.08867231,0.18497415,-0.12206123,0.9559931
,,-3.1938653,-0.46232042,8.03969,1701445125659,,-8.640384,3.2311716,-7.11826,,,,,,0.12999997,-0.69408643,-0.5672046,0.025204604,0.1745925,-0.04197635,0.9616483
,,-2.2560961,-2.7159424,6.9333696,1701445125922,,-3.248276,-5.950133,1.218218,,,,,,0.042280387,-1.0274175,-0.8931475,-0.1055203,0.13514256,-0.021900615,0.9413985
52.41881210356951,13.021116508170962,-3.7471247,0.9591569,8.577107,1701445126000,3.0,-0.15607607,-1.0503827,-0.26313022,,,,,,0.012393816,-0.11983158,-0.08682955,0.08335887,0.1874763,-0.0766468,0.95941466
,,-1.5950968,-4.34799,5.955019,1701445126431,,2.562885,1.4963144,0.8315403,,,,,,8.663237E-4,-0.7634357,-0.3083877,-0.24541657,0.10692517,-0.011667957,0.89171517
,,-1.1162966,-5.5681148,3.5689566,1701445126681,,0.10048734,-1.6588045,-0.37125334,,,,,,0.4676803,-0.6576589,-1.3933083,-0.33458537,0.12394431,-0.028598018,0.8528275
,,-0.7130733,-7.5877438,2.1843896,1701445126938,,-0.86284715,2.8652635,-0.2649628,,,,,,0.440946,-0.9306943,-1.4396096,-0.44998685,0.11102486,-0.042203415,0.8130559
,,-0.56331575,-9.2521515,0.63390476,1701445127190,,-0.5018258,-1.0112875,0.18219055,,,,,,0.17797484,-0.6966151,-1.3971667,-0.5774073,0.11786805,-0.08205558,0.7618597
,,-0.58314776,-9.956408,-0.035673622,1701445127442,,0.9941832,0.10170906,0.24083363,,,,,,-0.21785727,-0.3099931,-0.71939176,-0.6656315,0.10937653,-0.09185997,0.71995765
,,-0.5276821,-9.811159,-0.28283504,1701445127696,,0.5342017,-0.4071417,0.68310004,,,,,,0.0071113547,-0.104780436,-0.7107288,-0.6754188,0.122009195,-0.08961054,0.71232414
,,-0.545479,-9.815787,-0.56666756,1701445127946,,-1.1023064,0.04428773,0.14737125,,,,,,0.2263466,-0.13927388,-1.4342347,-0.6586016,0.13873677,-0.0927026,0.72964627
,,-0.8574035,-9.965905,-0.3492342,1701445128200,,-0.77366084,0.5335908,0.0917825,,,,,,-0.056178376,-0.2717703,-0.84718037,-0.6723032,0.14097239,-0.08741585,0.71723294
,,-0.8283538,-9.859004,-0.43518603,1701445128704,,0.4437936,-0.636827,-0.38835758,,,,,,0.3224209,-0.1900766,-0.73999465,-0.6750291,0.16243152,-0.08327854,0.7117903
,,-0.85229594,-9.754256,-0.4873397,1701445128954,,0.0070249503,0.10903945,-0.20326541,,,,,,0.3540434,-0.09297772,-0.9972229,-0.6664189,0.1674249,-0.087005846,0.71878475
52.4188934918493,13.02119068801403,-0.98704964,-9.585425,-0.40605658,1701445129000,3.5,1.3942999,0.42302418,-0.32910365,,,,,,-0.037455555,0.103201345,-0.5417461,-0.6820646,0.16018842,-0.092498206,0.7037743
,,-0.8799089,-9.771854,-0.46371695,1701445129206,,-0.8164214,-0.15241088,0.17363845,,,,,,0.26628864,-0.09782533,-0.72600853,-0.6745462,0.1727359,-0.0936919,0.7089607
,,-0.9245608,-9.858444,-0.40613648,1701445129458,,0.6478226,-0.04550946,-0.034055736,,,,,,0.10298104,-0.15972343,-0.15542892,-0.6908177,0.18463498,-0.10735134,0.68842924
,,-0.885655,-9.606457,-0.47297463,1701445129713,,0.033292156,0.11453723,-0.3895793,,,,,,0.116299085,0.10046694,-0.3221231,-0.6855969,0.19013758,-0.11646748,0.6908055
,,-1.0115103,-9.857247,-0.5276023,1701445129963,,-0.5305365,-0.19517145,0.30741793,,,,,,-0.046549723,-0.13691932,-0.5298431,-0.6795503,0.19169869,-0.123041235,0.69554174
,,-0.9772732,-9.660684,-0.43754038,1701445130214,,-0.3454443,0.16401732,0.016035212,,,,,,-0.05777615,0.05898193,-0.119943105,-0.6903592,0.19547674,-0.12472119,0.6834246
,,-0.7499038,-9.730195,-0.5013858,1701445130466,,0.22204952,-0.364992,0.12415836,,,,,,0.11662218,-0.016136868,0.14983097,-0.7008645,0.2014063,-0.12923393,0.67024195
,,-0.99004215,-9.671816,-0.47305435,1701445130720,,0.8732319,0.9166033,0.37522396,,,,,,-0.22048391,0.047342855,0.124109045,-0.7013716,0.18758836,-0.123052314,0.6731413
,,-1.1732386,-9.606974,-0.59587693,1701445130972,,-0.81336707,-0.7486154,0.051465396,,,,,,-0.49396378,0.115256675,-0.4453134,-0.68900645,0.16919975,-0.117330104,0.6905638
,,-1.0861695,-9.832229,-0.49192873,1701445131228,,-0.36010507,1.8041905,0.28848112,,,,,,-0.62062806,-0.09841226,-0.28993836,-0.6957892,0.14509933,-0.10758795,0.6900803
,,-0.9340579,-9.832507,-0.76119655,1701445131734,,0.24709499,0.94225967,-0.29000828,,,,,,-0.7628957,-0.08701717,-0.4485545,-0.69924575,0.14213595,-0.123746485,0.68095213
,,-1.2875619,-9.740489,-0.092136905,1701445131986,,0.68691796,-0.10598512,-0.4445572,,,,,,-1.0511996,-0.027602721,-0.2566208,-0.68346816,0.12592795,-0.10587688,0.69888777
52.41897810716182,13.021260341629386,-1.0044873,-9.531438,-0.43219328,1701445132000,3.0,-0.8689558,3.7748418,-0.28878653,,,,,,-0.7075909,0.201111,-0.035307303,-0.7056522,0.13328753,-0.10514446,0.6829823
,,-1.2364854,-9.550869,0.993833,1701445132239,,2.6111436,-0.40958515,0.37950003,,,,,,-0.95980626,-0.15747197,-0.11739292,-0.64198977,0.11799028,-0.099568635,0.7297327
,,-1.1728398,-8.812417,2.4273214,1701445132518,,2.7107146,1.4016303,-0.02611449,,,,,,-0.9204379,-0.5038295,0.044061884,-0.5620569,0.10244601,-0.08999726,0.7681692
,,-1.5324489,-6.766972,3.9031868,1701445133031,,0.109650314,0.21288654,-0.13729197,,,,,,-0.89926505,-0.33061743,-0.079298414,-0.43104362,0.10958979,-0.08193782,0.81701267
,,-1.8549477,-4.9696054,5.332126,1701445133382,,0.093767814,-1.0326678,-0.50747633,,,,,,-0.7194721,-0.45327035,-0.37020254,-0.29033557,0.112716146,-0.07779107,0.87138927
,,-2.0853894,-3.218046,7.204512,1701445133632,,-0.1695151,-0.9673051,0.3837761,,,,,,-0.715439,-0.47485742,-0.20175043,-0.16879478,0.08152164,-0.05137888,0.92972285
,,-2.1784444,-1.6198369,8.780974,1701445133883,,1.0986412,-1.3588698,2.0508273,,,,,,-0.8016483,-0.20875709,0.04809888,-0.07720006,0.073288195,-0.04230082,0.9693968
,,-1.8666793,-0.20151189,9.2780905,1701445134134,,1.7211128,-0.8549059,-0.6076582,,,,,,-0.48855242,-0.21857904,-0.120722406,0.004112397,0.06935142,-0.022016011,0.9871021
,,-1.7673599,0.9982225,9.292056,1701445134383,,-0.9630291,0.12370021,0.73624533,,,,,,-0.3578196,0.04889402,-0.18708965,0.052700985,0.06929485,-0.014781753,0.9894033
52.419099351391196,13.02131624892354,-1.3118628,-0.34185213,8.715812,1701445135000,3.0,-9.598831,3.6942077,-3.1812334,,,,,,-0.13987908,-0.5650214,-0.5907046,0.013007809,0.061292835,-0.01861215,0.9841765
,,-0.9268752,-2.50214,7.8592863,1701445135013,,0.33200526,-0.2947425,-0.767094,,,,,,-0.4005724,-0.86562246,-0.17022327,-0.11189178,0.039502922,-0.020411586,0.94525415
,,-0.46491402,-4.1860223,6.2865357,1701445135308,,0.19394971,0.34788775,0.0050396384,,,,,,-0.33955532,-0.79186416,0.1047026,-0.24564002,0.033188477,-0.022036413,0.8865833
,,0.21272482,-5.6776495,4.088858,1701445135559,,0.31612277,-1.0283916,0.36911532,,,,,,0.15487994,-0.9137333,-0.531976,-0.3479227,0.031645425,-0.0329713,0.8391749
,,0.047485,-7.4179153,2.4285588,1701445135809,,-0.46517387,0.42302418,-1.1110111,,,,,,-0.02749739,-0.9171881,-0.78546196,-0.46270263,0.041356128,-0.057080023,0.7976931
,,0.07932787,-9.315519,1.2605869,1701445136059,,0.57879484,2.568383,0.077121735,,,,,,-0.039430987,-0.79250234,-0.23518582,-0.605233,0.051148277,-0.06769744,0.74433583
,,-0.013567169,-10.072167,0.19460873,1701445136311,,0.40042216,-0.99112886,0.07162395,,,,,,-0.25716117,-0.40353346,0.1751525,-0.697231,0.06058923,-0.07849821,0.69800085
,,0.20342728,-9.903854,-0.41335887,1701445136563,,-0.19639318,-0.113926366,-0.40851614,,,,,,0.12565476,-0.16247375,-0.2209456,-0.7064933,0.06723108,-0.06987567,0.6925966
,,0.17138495,-9.7738905,-0.4245319,1701445136818,,-0.47494772,-0.3173445,0.2640465,,,,,,0.1167346,-0.013156938,-0.49593467,-0.69876,0.06421756,-0.06688976,0.7038866
,,0.030605892,-9.942003,-0.402585,1701445137075,,0.027794369,0.6808093,-0.11957687,,,,,,-0.16406855,-0.18556885,-0.27483273,-0.7067551,0.060437687,-0.073751085,0.6968229
,,0.15366785,-9.765231,-0.37126085,1701445137328,,0.83169305,0.19639318,-0.4616614,,,,,,-0.31550026,-0.020623906,0.09149076,-0.7202052,0.0493091,-0.08031178,0.68443066
,,0.4510277,-9.904415,-0.6522204,1701445137581,,-0.36010507,-0.48288897,-0.3510948,,,,,,-0.35942277,-0.18781999,-0.29942235,-0.71698576,0.033447858,-0.089561224,0.6874782
,,0.897666,-9.674212,-0.5819507,1701445138086,,-1.1768318,-0.7131852,0.5352707,,,,,,-0.50569624,-0.016303556,-0.01956008,-0.7264508,0.0054315794,-0.10332766,0.6776346
,,0.7718906,-9.726045,-0.5832674,1701445138339,,-0.98807454,-0.33078352,0.93538743,,,,,,-0.6282892,-0.071448155,0.09977241,-0.7301791,0.012375203,-0.10917228,0.6723534
,,0.6796341,-9.725688,-0.6281986,1701445138591,,-1.806634,0.14080444,-0.024892759,,,,,,-0.5652789,-0.057061054,-0.11802807,-0.7230607,0.025700731,-0.112189285,0.6784004
,,0.3690264,-9.793563,-0.6485493,1701445138842,,-0.1151481,-1.6325374,-0.01572978,,,,,,-0.6619498,-0.113946706,-0.076861545,-0.7239211,0.042641565,-0.112238176,0.675942
52.4192365212366,13.021404929459095,0.84519315,-9.717985,-0.5308345,1701445139000,3.0,0.5036584,0.528093,0.38133264,,,,,,-0.3145525,-0.04536522,-0.07394977,-0.722256,0.012681121,-0.09372332,0.6827258
,,0.20973201,-9.521978,-0.56846327,1701445139093,,0.8524625,-1.0186177,-0.02611449,,,,,,-0.53794205,0.17609559,0.21300812,-0.730463,0.061409403,-0.108368106,0.66853076
,,0.08878495,-9.856609,-0.60018647,1701445139345,,-0.48899764,1.529912,0.8437576,,,,,,-0.36982286,-0.11480411,0.052994568,-0.72583574,0.06834256,-0.09544015,0.67527837
,,-0.10458671,-9.7473545,-0.5990293,1701445139596,,-0.9428705,-0.22999077,0.011759156,,,,,,-0.26121727,0.0061597186,-0.02030766,-0.7207381,0.089177325,-0.09519447,0.67826205
,,-0.45146662,-9.775206,-0.59001106,1701445139849,,-0.83658,0.46700647,-0.39629883,,,,,,-0.4342405,-0.019808706,-0.034999505,-0.7189101,0.09765126,-0.091118604,0.6797995
,,-0.35242644,-9.724249,-0.55425775,1701445140103,,0.9990701,0.22937989,-0.17638734,,,,,,-0.34827077,0.018056137,0.23958848,-0.72780305,0.09302617,-0.085826494,0.67148024
,,0.056024324,-9.776762,-0.5856217,1701445140355,,0.41141775,0.58246,0.123547494,,,,,,0.08885174,-0.022078514,0.08586927,-0.72422105,0.08738534,-0.079837546,0.67701626
,,-0.17294115,-9.867782,-0.6196194,1701445140607,,0.37598756,0.01740966,0.08506299,,,,,,-0.0020445029,-0.094953634,-0.14608656,-0.7167231,0.09181207,-0.076192126,0.68509114
,,-0.36703107,-9.670222,-0.6557319,1701445141110,,-0.0888809,0.3753767,-0.35048392,,,,,,-0.19216296,0.09270155,0.015783818,-0.7247034,0.08877932,-0.07144901,0.67827713
,,-0.042975936,-9.702983,-0.6980296,1701445141364,,0.28680122,0.34055737,-0.29611692,,,,,,0.014282722,0.057886697,0.042222608,-0.7283761,0.078859344,-0.06977411,0.6758854
,,-0.20426534,-9.7343855,-0.77647954,1701445141616,,1.1933253,-0.05222898,0.051465396,,,,,,-0.14533745,0.039522823,-0.17486188,-0.7231828,0.08269818,-0.07421952,0.6806822
,,-0.5412492,-9.746118,-0.79611194,1701445141867,,-0.04550946,0.47861293,-0.072540246,,,,,,-0.4558435,0.029151043,-0.26331452,-0.72006035,0.08806236,-0.07817683,0.68273747
52.419351981952786,13.021494699642062,-0.59009093,-9.705694,-0.7181009,1701445142000,2.5,-1.1902709,-0.86345804,-0.20143281,,,,,,-0.31536925,0.06831395,-0.26828107,-0.7148836,0.10236419,-0.07929723,0.6856945
,,-0.37812427,-9.80697,-0.7658253,1701445142118,,0.1695151,-0.9074403,-0.13607024,,,,,,-0.40298662,-0.04225515,-0.08488916,-0.725947,0.0815363,-0.07864311,0.67702025
,,0.020151222,-9.862077,-0.66479,1701445142370,,-1.1743884,1.2812898,-1.116509,,,,,,-0.09688627,-0.10525257,0.10969542,-0.73013526,0.07042618,-0.0740722,0.67389387
,,-0.098321885,-10.070411,-0.7332243,1701445142623,,-1.2134838,-0.26725355,0.21639901,,,,,,-0.1786081,-0.30577347,-0.08638025,-0.72406733,0.08196501,-0.08322772,0.67757803
,,-0.32549173,-10.043477,-0.6557319,1701445142874,,-1.9037615,2.5720482,-0.54901516,,,,,,-0.2913666,-0.2753905,-0.124892265,-0.718547,0.09277976,-0.086462684,0.6814882
,,-0.2940079,-10.035336,-0.63330626,1701445143129,,-0.8933904,-1.5134187,-0.5160284,,,,,,-0.25791377,-0.27513584,-0.020678934,-0.7205033,0.098155044,-0.090660624,0.67759126
,,0.054029133,-9.940725,-0.5708974,1701445143383,,-0.1151481,0.7290677,0.051465396,,,,,,0.023801064,-0.1921979,0.22011222,-0.72758937,0.091194935,-0.087279186,0.6712949
,,0.09844157,-9.878675,-0.5910486,1701445143636,,0.77121735,-0.1255328,0.1375974,,,,,,0.056944653,-0.12548997,0.16688296,-0.72616976,0.09502873,-0.09159827,0.67203945
,,-0.3203043,-9.824567,-0.645796,1701445144138,,-0.41141775,-1.3222178,0.29153544,,,,,,-0.45236763,-0.065479085,0.035954636,-0.7240839,0.09473083,-0.098239236,0.6742104
,,0.19185537,-9.610606,-0.89786553,1701445144391,,0.3155119,0.9062186,-0.93019503,,,,,,-0.0925569,0.13563773,-0.045501485,-0.7316438,0.08029683,-0.09417377,0.6682592
,,0.12034854,-9.633909,-0.92336375,1701445144642,,-0.6814202,0.006414085,0.008093964,,,,,,-0.15765347,0.11734578,-0.11359896,-0.7308802,0.07660476,-0.09056504,0.6705934
,,-0.15310921,-9.679757,-0.96649927,1701445144897,,-0.99112886,0.7089091,-0.6424775,,,,,,-0.34453356,0.07974841,-0.26221547,-0.7257117,0.08749166,-0.09566026,0.6739071
52.419479386880994,13.02156150341034,-0.35689566,-9.9084425,-0.6891709,1701445145000,2.0,-0.35705075,0.7315111,0.23044892,,,,,,-0.3819628,-0.14619215,-0.060374297,-0.72080237,0.10552144,-0.10123443,0.6757959
,,-0.2549426,-9.739573,-0.9694521,1701445145150,,-1.0760391,-0.23060162,-0.49953505,,,,,,-0.39734474,0.018747887,-0.25782195,-0.72580636,0.08776982,-0.092604846,0.674016
,,0.1016339,-9.693845,-0.9251993,1701445145402,,-0.08460484,0.6062838,0.04841107,,,,,,-0.107490845,0.047575124,0.009169945,-0.7345411,0.07826601,-0.086577445,0.66642576
,,0.09437148,-9.660883,-0.9795476,1701445145656,,1.1218541,-0.27885997,0.17241672,,,,,,-0.08122766,0.08155991,-0.026963923,-0.73490924,0.08189671,-0.08721318,0.6657318
,,-0.36112544,-9.8444805,-0.84279895,1701445145907,,-0.6545421,0.86834496,-0.11591168,,,,,,-0.41979375,-0.08624085,-0.057683725,-0.7276308,0.09543001,-0.09286619,0.67142224
,,-0.35917014,-9.811238,-0.8572039,1701445146159,,-0.66798115,-0.8927795,-0.527024,,,,,,-0.36944783,-0.060644865,0.0046798806,-0.7298821,0.09783053,-0.091120906,0.6686782
,,-0.14532809,-9.778039,-0.8443949,1701445146414,,-0.34422258,0.3277292,0.081397794,,,,,,-0.20582013,-0.04287491,0.18920727,-0.73655874,0.0932668,-0.08855809,0.66245997
,,-0.039903358,-9.74911,-0.81873715,1701445146667,,0.38148534,1.2635747,-0.094531395,,,,,,-0.034417845,-0.023459276,0.29305083,-0.7381898,0.10059953,-0.08971097,0.65930635
,,-0.40637589,-9.652385,-0.8962694,1701445147170,,-0.2611449,-0.5439755,-0.25213462,,,,,,-0.17355204,0.08918141,0.03924666,-0.72813714,0.12672366,-0.10005698,0.66443235
,,-0.15159288,-9.685344,-0.8590395,1701445147422,,0.23426682,0.37232238,0.40454552,,,,,,0.050104283,0.031757195,0.32148218,-0.7363791,0.12809363,-0.10066485,0.65489364
,,-0.08479465,-9.519786,-0.80062103,1701445147674,,1.0387764,0.5885687,-0.5141958,,,,,,0.18826489,0.18817899,0.41981548,-0.73599106,0.13774385,-0.10381449,0.6529007
,,-0.31743133,-9.632353,-0.891042,1701445147926,,-0.27458394,-0.12064589,-0.15500705,,,,,,0.03587592,0.09286213,0.09666341,-0.7254652,0.15008202,-0.112654455,0.6602932
52.41961219813675,13.021653620526195,-0.30370456,-9.610244,-0.8850167,1701445148000,2.0,-0.42485678,-0.0571159,0.38560867,,,,,,-0.12583822,0.12931557,0.07399411,-0.72963333,0.12244985,-0.0995794,0.6636466
,,-0.374972,-9.739892,-0.9298282,1701445148176,,-0.22571471,0.64965516,-0.5123632,,,,,,-0.06937869,-0.0035990078,-0.028928578,-0.72329116,0.14451747,-0.111989595,0.66368115
,,-0.09149839,-9.827082,-0.8722876,1701445148428,,0.3662137,-0.6392705,-0.091477074,,,,,,0.11671798,-0.11526443,0.26729053,-0.7327003,0.13944729,-0.110609815,0.65462
,,-0.08738836,-9.632234,-0.8265981,1701445148679,,0.9117164,1.561677,-0.11285736,,,,,,0.1742483,0.0760754,0.33202365,-0.73217803,0.14622067,-0.11289295,0.6535318
,,-0.38438907,-9.688656,-0.90165627,1701445148930,,-0.20189096,-0.926988,-0.19532417,,,,,,-0.10561433,0.045161042,-0.018040339,-0.7216099,0.15095401,-0.11975043,0.66286045
,,-0.38267326,-9.863952,-0.8959102,1701445149183,,-0.05467244,0.2996294,0.36300668,,,,,,-0.2339932,-0.11585185,-0.10006212,-0.7209211,0.13762699,-0.11766767,0.66659725
,,-0.15985289,-9.840729,-0.8051301,1701445149436,,0.56046885,0.21899518,0.23655757,,,,,,-0.06012825,-0.11091337,0.22486018,-0.73072666,0.13059317,-0.11122588,0.6588233
,,-0.19887835,-9.796674,-0.8269573,1701445149694,,1.2403619,0.2874121,-0.35964692,,,,,,-0.046397224,-0.06781578,0.18810554,-0.72850263,0.14011884,-0.116433,0.65860087
,,-0.25314692,-9.956286,-0.9412004,1701445150199,,-0.364992,0.86345804,-0.2509129,,,,,,-0.13246796,-0.19861823,-0.23665155,-0.719377,0.12893438,-0.11269711,0.6710507
,,0.057899773,-9.871932,-0.86901534,1701445150451,,0.14263703,-0.14813483,0.33735034,,,,,,0.17784077,-0.13792317,0.096594095,-0.7285988,0.12896325,-0.10908069,0.661731
,,-0.13295801,-9.861157,-0.88218343,1701445150703,,-0.36071593,1.8347337,-0.14584407,,,,,,0.108840264,-0.12560725,-0.0064478833,-0.72290045,0.14252256,-0.11447796,0.66421723
,,-0.34604198,-9.796115,-0.95193464,1701445150953,,-0.7657196,-1.9679024,-0.20265454,,,,,,-0.10065809,-0.042682044,-0.27162054,-0.71491545,0.14705332,-0.12121854,0.6703653
52.41974320728332,13.021743893623352,-0.41922474,-9.7977915,-0.93074584,1701445151000,2.0,-0.5555819,-1.4950926,-0.48487428,,,,,,-0.21708496,-0.04194768,-0.23663786,-0.7170503,0.14068651,-0.11798583,0.67065614
,,-0.077612035,-9.861478,-0.930706,1701445151206,,-1.1108584,0.6881397,0.24755314,,,,,,0.09508917,-0.10798952,-0.22704536,-0.7177387,0.13587156,-0.115604274,0.67038345
,,0.011851307,-9.715471,-0.8295509,1701445151458,,1.0516045,-0.44868052,-0.1226312,,,,,,0.20449772,0.010501877,0.19155847,-0.72774214,0.14161843,-0.11488535,0.65832156
,,-0.3902549,-9.753858,-0.94347495,1701445151711,,0.074830994,0.010079277,-0.46960264,,,,,,-0.07485816,-0.026200105,0.010456788,-0.7221811,0.15865327,-0.12302906,0.6596212
,,-0.52373165,-9.631954,-0.95883775,1701445151962,,0.09132435,-1.0290025,-1.7701348,,,,,,-0.16459826,0.10408428,-0.070274204,-0.7206425,0.15432395,-0.11716377,0.6630967
,,-0.26898858,-9.738055,-1.0007763,1701445152212,,0.22876903,0.77182823,0.5890268,,,,,,0.05975686,-0.014074135,0.043026842,-0.72624105,0.15208796,-0.11490763,0.6574343
,,-0.26862943,-9.634706,-0.9097169,1701445152465,,0.32834008,1.2379184,0.10888673,,,,,,0.20992857,0.064636186,0.3107859,-0.73026496,0.16153488,-0.11043953,0.6515703
,,-0.59244525,-9.64987,-1.0290679,1701445152718,,-0.59773165,-1.7186694,-0.07070765,,,,,,0.05298668,0.044060357,0.17333807,-0.7238565,0.18580823,-0.12180841,0.65012056
,,-0.18211895,-9.739135,-0.902135,1701445153222,,0.31123585,-0.018020526,0.04352415,,,,,,0.5587707,-0.062389884,0.4093633,-0.7283076,0.18322124,-0.11143072,0.6476748
,,-0.33534783,-9.801183,-0.8977856,1701445153473,,0.45234573,0.50671273,-0.0071776668,,,,,,0.48979935,-0.13156863,0.41310114,-0.7257763,0.1950052,-0.11628011,0.64697415
,,-0.60042584,-9.730993,-0.9438342,1701445153727,,-0.21533,-1.4590516,-0.52946746,,,,,,0.26941252,-0.049482726,0.24234046,-0.7209646,0.19842787,-0.11825757,0.651569
,,-0.31643364,-9.751504,-0.9481837,1701445153979,,-0.50426924,0.46761733,0.24755314,,,,,,0.45137322,-0.053742997,0.17786649,-0.7225119,0.18269345,-0.11184812,0.6549414
52.419868810102344,13.021844644099474,-0.5456385,-9.656374,-0.9749988,1701445154000,2.0,0.33933565,1.2837334,-0.005955936,,,,,,0.17432468,0.048190244,0.13745648,-0.7215884,0.18221623,-0.11498947,0.6548515
,,-0.16396293,-9.724288,-0.83346146,1701445154230,,-0.2648101,0.22693644,0.14920384,,,,,,0.5636321,-0.038874276,0.41648403,-0.7304297,0.17046458,-0.101440325,0.6521537
,,-0.44508213,-9.87257,-0.8909223,1701445154485,,0.29352075,0.3032946,-0.86849767,,,,,,0.27418283,-0.18515325,0.3375191,-0.7290281,0.17335452,-0.10487389,0.6524608
,,-0.5255273,-9.765189,-0.86131406,1701445154737,,0.56291234,-0.99173975,-0.182496,,,,,,0.09864073,-0.04985064,0.21155113,-0.72640157,0.15920463,-0.10076895,0.6590989
,,-0.24209371,-9.828399,-0.853852,1701445154988,,-0.25381452,0.8579602,0.17486018,,,,,,0.2953843,-0.096985884,0.12924948,-0.72625977,0.14467782,-0.09429957,0.66343266
,,-0.22369823,-9.875364,-0.7648276,1701445155241,,0.29901853,0.12003502,-0.02977968,,,,,,0.33640936,-0.15782204,0.3444526,-0.7315032,0.14155798,-0.088135146,0.6595765
,,-0.48853686,-9.924326,-0.851857,1701445155496,,-0.22204952,-1.4046847,-0.10552697,,,,,,0.08746645,-0.20912983,0.26958326,-0.73092324,0.14692949,-0.09179084,0.65860564
,,-0.43422845,-9.8094425,-0.8478668,1701445155748,,0.14874569,1.2024882,0.40210205,,,,,,0.080051266,-0.08110878,0.20736066,-0.7309134,0.13410744,-0.08541024,0.66194564
,,-0.21879014,-9.741568,-0.9130688,1701445156253,,0.46395215,0.17745635,0.12904528,,,,,,0.26483065,-0.022723278,0.24962202,-0.73498166,0.1343132,-0.08643191,0.65774566
,,-0.5017449,-9.697873,-0.953451,1701445156506,,-0.008246681,-0.68630713,0.14126259,,,,,,-0.043094993,0.021341642,0.22929643,-0.73503166,0.13899112,-0.09242637,0.6562332
,,-0.30585924,-9.682271,-1.0094354,1701445156758,,-0.022907447,0.7669413,0.47968194,,,,,,0.049337547,0.046731297,0.1322411,-0.7351715,0.13038611,-0.09220961,0.657858
52.4200032139197,13.021936677396297,-0.14345255,-9.803857,-0.9151437,1701445157000,2.0,-0.30024028,-0.35827246,0.36545014,,,,,,0.30870712,-0.07448383,0.1684996,-0.7334356,0.12682047,-0.0827416,0.66126794
,,-0.16112977,-9.6540575,-0.92348355,1701445157013,,0.23609942,-0.37843102,-0.18677205,,,,,,0.13208623,0.075550474,0.23276383,-0.73624706,0.12755258,-0.093641154,0.65706563
,,-0.23447217,-9.722693,-0.9532515,1701445157266,,0.18661933,-0.97035944,0.10827587,,,,,,-0.017576586,0.015772311,0.122270904,-0.73231465,0.13464314,-0.10613556,0.6583608
,,-0.27074432,-9.640014,-0.8650251,1701445157519,,-0.41813725,1.1988231,0.25793785,,,,,,-0.104713045,0.10801039,0.12797934,-0.7297398,0.13257317,-0.10860513,0.6611658
,,-0.13144165,-9.731353,-0.87136966,1701445157770,,0.37598756,-0.88117313,-0.10552697,,,,,,-0.0019480069,0.017582575,0.12663884,-0.72905934,0.13646942,-0.114318594,0.65990484
,,0.057221428,-9.835181,-0.8174603,1701445158023,,0.20005837,0.8689558,-0.01572978,,,,,,0.19949579,-0.08864107,0.20215854,-0.72868824,0.14162487,-0.117895275,0.65839005
,,-0.10929532,-9.839451,-0.77009493,1701445158278,,-0.30024028,-0.1518,0.86758137,,,,,,0.05733269,-0.0850949,0.14681026,-0.7230698,0.15182033,-0.12690228,0.66077036
,,-0.0049879076,-9.928315,-0.58685875,1701445158529,,2.4889705,-6.107736,-2.0297525,,,,,,0.20660454,-0.16621822,0.08781858,-0.7132633,0.15474375,-0.129919,0.6685434
,,0.2991156,-9.788932,0.18463284,1701445158781,,-1.6936239,-4.95259,0.44241914,,,,,,0.62828696,-0.068254136,0.3810272,-0.6939279,0.15294464,-0.12647733,0.68514466
,,-0.16176823,-9.142777,2.7279537,1701445159506,,0.060170226,0.39370266,-0.06765333,,,,,,0.64966327,-0.4623718,0.5349506,-0.5707089,0.16040073,-0.14592277,0.75961745
,,-0.79722923,-7.1465726,4.3727307,1701445159762,,0.72601336,0.05955936,0.3941608,,,,,,0.47011694,-0.1982637,0.47862902,-0.4413085,0.15716454,-0.1487676,0.81223017
52.42013422306627,13.022041115909815,0.10873667,-9.826761,1.1828554,1701445160000,2.0,0.77488256,-1.1621711,1.6433803,,,,,,0.669977,-0.28077787,0.567561,-0.6554834,0.1678366,-0.14183132,0.709595
,,-1.2457031,-5.225306,5.665439,1701445160018,,-0.7516697,-2.19209,-0.46838093,,,,,,0.5849453,-0.088159636,0.1949169,-0.31085968,0.159703,-0.14556344,0.8615175
,,-1.756147,-4.146997,7.445768,1701445160268,,-1.2843442,-1.3057245,2.67391,,,,,,0.1897562,-0.3759503,0.43227068,-0.21058789,0.14445382,-0.13968939,0.9094465
,,-1.8102162,-2.9495366,8.706274,1701445160521,,0.6753115,-0.36193767,-0.016340645,,,,,,0.1557423,-0.29843804,0.4920287,-0.13455036,0.12759487,-0.105143115,0.9455412
,,-1.5938203,-1.6529968,8.715692,1701445160781,,-6.684393,2.055867,-2.0120375,,,,,,0.28383228,-0.009477663,-0.35890368,-0.07590739,0.09914877,-0.058651067,0.97317016
,,-1.56916,-2.7005,7.181687,1701445161057,,-6.425386,2.5970936,-0.68279463,,,,,,0.13787378,-0.2210219,-0.8055897,-0.14356086,0.09936753,-0.048322983,0.9417906
,,-1.1157779,-4.5749207,5.7053022,1701445161406,,0.4456262,-5.044831,-0.039553523,,,,,,-0.012847946,-0.40258905,-0.38934568,-0.28074673,0.09460063,-0.045868754,0.88047004
,,-0.4007894,-6.427713,4.4344206,1701445161656,,-0.09010262,0.64599,1.413084,,,,,,0.108787745,-0.45620254,0.04838439,-0.41759285,0.07936565,-0.03802987,0.8270942
,,-0.12046825,-7.502071,2.474009,1701445161907,,-1.180497,0.4633413,-0.5337435,,,,,,0.33593127,-0.17412886,-0.2061995,-0.5251997,0.088799,-0.031770673,0.77532256
,,-0.6752049,-10.234892,0.17138489,1701445162416,,0.6246097,1.6514742,-0.039553523,,,,,,-0.54921716,-0.61722845,1.172916,-0.7301923,0.10461314,-0.08583241,0.6580278
,,-0.19963652,-9.775127,0.09951899,1701445162666,,-0.009468411,-1.149343,0.111941054,,,,,,-0.28665295,-0.12433097,1.5332118,-0.7477055,0.097844414,-0.08922721,0.6420024
,,-0.065720834,-9.898947,-0.024620367,1701445162918,,-1.1322387,1.1407908,0.14676037,,,,,,-0.16007382,-0.22727051,1.3285738,-0.7468575,0.08335674,-0.07843383,0.6479126
52.42025056388229,13.022136334329844,-0.70082283,-8.858585,1.0629058,1701445163000,2.5,-0.5177083,0.08827003,-0.99372506,,,,,,-0.38543263,-0.40211445,0.25876063,-0.6274649,0.106575206,-0.06678036,0.7148661
,,-0.05690219,-9.893762,0.067716025,1701445163170,,-0.18967366,-0.3436117,-0.2771801,,,,,,-0.39336526,-0.28076935,1.6408354,-0.75535244,0.07693246,-0.08715396,0.6383536
,,0.33458963,-9.836139,0.056343548,1701445163423,,0.32650748,-0.9868528,0.2848159,,,,,,-0.44356987,-0.25868097,1.7513453,-0.7612535,0.061705448,-0.10257849,0.6314117
,,0.9647036,-9.619305,-0.51946205,1701445163677,,-0.9465357,1.5549575,0.78022766,,,,,,0.010900338,-0.021826029,0.9772831,-0.7562915,0.045228958,-0.10179296,0.6398981
,,0.7862558,-9.712278,-0.6960344,1701445163931,,-1.3961325,-0.269697,-0.30405816,,,,,,-0.23245977,-0.10821278,0.7630398,-0.75435555,0.05839842,-0.11817997,0.64012337
,,0.57393,-9.67457,-0.54547894,1701445164185,,0.053450707,-0.8323039,0.054519724,,,,,,-0.510433,-0.10693131,1.102775,-0.7610557,0.056688078,-0.11938848,0.6324991
,,0.7598797,-9.746994,-0.56586957,1701445164436,,-0.06383542,1.3026701,-0.007788532,,,,,,-0.301278,-0.16378787,0.9680593,-0.7571728,0.057827737,-0.11926944,0.6369261
,,0.7516995,-9.646279,-0.73593765,1701445164694,,0.38637227,-1.1206323,0.5493206,,,,,,-0.12658732,0.004266389,0.5024292,-0.7461424,0.06772773,-0.11831736,0.6490591
,,0.19245389,-9.753658,-0.76494753,1701445164948,,-0.3118467,0.11759156,-0.6253733,,,,,,-0.4567135,-0.07411974,0.46712697,-0.74513376,0.078120425,-0.111878164,0.65059793
,,0.272939,-9.781871,-0.62113565,1701445165450,,-0.7480045,0.98624194,0.48640144,,,,,,-0.33111218,-0.12392399,0.7462985,-0.7504704,0.06776334,-0.098633096,0.6470267
,,0.13611037,-9.868701,-0.7133524,1701445165701,,0.39492437,-1.0064005,-0.026725354,,,,,,-0.30630386,-0.17266372,0.48520756,-0.7440882,0.073202915,-0.09425473,0.65466034
,,-0.29724014,-9.746278,-0.77368635,1701445165952,,0.0290161,-1.144456,-0.52580225,,,,,,-0.6726019,-0.0500144,0.45898184,-0.7442449,0.08343778,-0.098726116,0.65288013
52.42036715615541,13.022203724831343,-0.097643524,-9.801223,-0.6678626,1701445166000,2.0,0.65148777,-1.8060231,-0.020616703,,,,,,-0.7057063,-0.15469137,0.8048851,-0.7530475,0.08035079,-0.10927984,0.641362
,,-0.18339583,-9.779955,-0.65234005,1701445166203,,2.440712,2.9959886,1.6293303,,,,,,-0.58247864,-0.105023734,0.71997046,-0.7502794,0.06645667,-0.084536664,0.64901143
,,0.0036311706,-9.752542,-0.76949656,1701445166456,,0.9392053,-2.482251,-0.51175237,,,,,,-0.33061367,-0.064355455,0.50419277,-0.7461377,0.071032025,-0.08511283,0.6526615
,,-0.035793345,-9.8133545,-0.8268376,1701445166708,,0.8176431,1.7467692,-0.4812091,,,,,,-0.19809349,-0.08120025,0.2171338,-0.738086,0.07593917,-0.0796715,0.6624243
,,-0.44476286,-9.634546,-0.9105549,1701445166959,,-0.9923506,-2.54517,-0.5288566,,,,,,-0.56939524,0.0970661,0.15837689,-0.73837835,0.08257113,-0.083260015,0.6608867
,,-0.21587716,-9.669901,-0.9096371,1701445167211,,-1.0253373,0.40103304,0.4222606,,,,,,-0.43283644,0.05571313,0.17443053,-0.7402468,0.0648238,-0.07389561,0.66127247
,,0.13251907,-9.502228,-0.89307714,1701445167462,,0.310625,0.50671273,-0.11835514,,,,,,-0.10343518,0.21620177,0.24538273,-0.74270004,0.06003849,-0.07055031,0.6596325
,,-0.29113492,-9.700507,-1.0227231,1701445167714,,0.098043874,0.033292156,-0.45372015,,,,,,-0.49839827,0.04067963,-0.050980665,-0.7359065,0.07574995,-0.083608136,0.66470265
,,-0.27337793,-9.659287,-0.8317057,1701445167967,,1.1322387,0.46089783,0.4894558,,,,,,-0.5663526,0.07811149,0.16534571,-0.7382987,0.060910806,-0.07610382,0.6648052
,,-0.021946827,-9.643246,-0.87244695,1701445168473,,1.3826935,0.07971791,-0.182496,,,,,,-0.32178172,0.076669045,0.264145,-0.74275476,0.06557871,-0.07914774,0.6593523
,,-0.34895486,-9.700786,-1.0191716,1701445168727,,-0.89949906,-2.4284947,-0.28145617,,,,,,-0.6150664,0.030975612,0.02144088,-0.73817116,0.08212518,-0.092325665,0.66135526
,,-0.2491167,-9.808286,-0.98441595,1701445168981,,-0.79137594,0.87017757,-0.107359566,,,,,,-0.5902719,-0.07043203,-0.03646973,-0.7355908,0.07115629,-0.08828458,0.66526353
52.420504284091294,13.022307995706797,-0.06464346,-9.7529,-0.96610016,1701445169000,2.0,0.6765333,0.3203988,0.046578474,,,,,,-0.4444367,-0.019873524,0.056696896,-0.73929036,0.05980033,-0.08066339,0.66337764
,,-0.024500638,-9.859163,-0.9439938,1701445169232,,-0.29901853,-0.6068946,0.021533,,,,,,-0.38107613,-0.1325169,0.11930934,-0.7397967,0.0696723,-0.08671486,0.6611056
,,-0.20618063,-9.777203,-0.96410507,1701445169483,,-0.35460728,1.9453003,-0.5868888,,,,,,-0.5192155,-0.047991134,0.071215264,-0.7378292,0.08124611,-0.09447554,0.6611216
,,-0.42026222,-9.763076,-0.8988631,1701445169737,,0.39553526,-1.7876972,-0.43600506,,,,,,-0.7977626,-0.034753148,0.10829309,-0.7366578,0.07983528,-0.09822509,0.6614117
,,-0.21687476,-9.827639,-0.88066727,1701445169991,,-1.2403619,3.3698382,-0.43172902,,,,,,-0.77063614,-0.09479793,0.020046864,-0.73355275,0.06448438,-0.09763542,0.6652163
,,-0.0677559,-9.5693445,-0.75664765,1701445170243,,-0.05589417,-0.053450707,0.29275718,,,,,,-0.6570717,0.15407994,0.22591823,-0.73643535,0.064163916,-0.09880949,0.6616465
,,-0.35988843,-9.808207,-0.85417145,1701445170497,,0.13591751,-1.2208142,0.11438452,,,,,,-0.9363086,-0.08139178,0.11814475,-0.7344309,0.08255659,-0.11472175,0.65961623
,,-0.39963216,-9.544924,-0.78821105,1701445170751,,1.149343,1.3778065,0.09728029,,,,,,-1.0574074,0.1815446,0.1472932,-0.73400754,0.073564075,-0.11269013,0.6613128
,,-0.104666494,-9.659765,-0.90668404,1701445171002,,0.9288206,-0.11759156,-0.25518894,,,,,,-0.7973455,0.060977556,0.06801985,-0.73561794,0.071899146,-0.11307787,0.6597709
,,-0.42197806,-9.825086,-1.0313023,1701445171506,,-0.9104946,-1.1133019,-0.011453724,,,,,,-0.9473732,-0.091577195,-0.058602672,-0.73452854,0.093349956,-0.12049508,0.6593266
,,-0.30111077,-9.928195,-1.0009758,1701445171760,,-1.325883,-0.2452624,-0.029168816,,,,,,-0.8293809,-0.18904243,-0.096544646,-0.7331759,0.0839974,-0.11298553,0.66342056
52.420626701787114,13.02243028767407,-0.15682024,-9.656494,-0.92037094,1701445172000,2.0,1.2147056,0.50488013,0.006872234,,,,,,-0.7479229,0.0650222,0.109228514,-0.7367822,0.081135646,-0.11368921,0.65780026
,,-0.18447329,-9.563519,-0.90021986,1701445172013,,0.20799962,0.45906523,-0.13057245,,,,,,-0.6592939,0.17564298,0.032448027,-0.73494875,0.07884609,-0.10430608,0.66403
,,-0.42672655,-9.782548,-1.0249976,1701445172263,,0.27030787,-0.66920286,-0.18005253,,,,,,-0.8066507,-0.029868046,-0.19405188,-0.73004687,0.09131186,-0.11012874,0.6670012
,,-0.5852626,-9.69919,-0.905527,1701445172516,,0.8915578,0.3680463,-0.107359566,,,,,,-0.9668715,0.05927189,-0.10924438,-0.72953916,0.08264985,-0.10274919,0.66936743
,,-0.32301778,-9.79827,-0.96941227,1701445172768,,0.04550946,-0.030848695,-0.12629639,,,,,,-0.7190062,-0.03291426,-0.25924033,-0.72710073,0.07816743,-0.10042887,0.67301774
,,-0.2668338,-9.606894,-0.84654987,1701445173020,,0.8891144,1.3778065,-0.09086621,,,,,,-0.5703145,0.15718652,-0.09090892,-0.7284077,0.081310235,-0.09657204,0.6719569
,,-0.53709924,-9.680395,-0.9856929,1701445173272,,-0.1151481,-2.9196305,-0.15989397,,,,,,-0.82015646,0.09007497,-0.3098033,-0.7245763,0.09041593,-0.10446627,0.6736155
,,-0.45342195,-9.709484,-0.9291498,1701445173523,,0.19150625,3.0027082,-0.8147415,,,,,,-0.80107117,0.060267672,-0.29153818,-0.7238665,0.078466915,-0.098315835,0.67573106
,,-0.29839733,-9.638019,-0.9666589,1701445173774,,0.118202426,-1.1511755,-0.010842858,,,,,,-0.6572443,0.12882598,-0.2938954,-0.72513425,0.07804928,-0.09833171,0.67421
,,-0.36096585,-9.659008,-1.0722433,1701445174029,,-0.8567385,-0.35216382,-0.27046058,,,,,,-0.6615918,0.11359445,-0.46449652,-0.72101414,0.09381752,-0.10965066,0.6748005
,,-0.33135754,-9.693604,-1.0728018,1701445174530,,-0.12308934,-0.6123924,0.3397938,,,,,,-0.7743441,0.07499312,-0.46745396,-0.72145045,0.08863985,-0.11474736,0.6739959
,,-0.30769482,-9.73698,-0.9723651,1701445174781,,0.5207626,0.66737026,-0.17577648,,,,,,-0.70584875,0.026695045,-0.25458118,-0.72503096,0.091793515,-0.11316431,0.6700936
52.420760854147375,13.022567750886083,-0.58306783,-9.473056,-0.952573,1701445175000,2.0,0.18845193,0.2996294,-0.063988134,,,,,,-0.9327215,0.29572636,-0.31210822,-0.72250265,0.09023955,-0.10953667,0.6735424
,,-0.58063376,-9.862516,-1.1454259,1701445175033,,-0.004581489,-1.1304061,-0.3089451,,,,,,-0.95325935,-0.09770134,-0.40860435,-0.7245154,0.10740938,-0.12553869,0.6675961
,,-0.46431547,-9.7444,-1.100335,1701445175284,,-0.22571471,0.27580565,0.3184135,,,,,,-0.863354,0.013354651,-0.29317278,-0.72741467,0.10442183,-0.12383992,0.6653761
,,-0.3269681,-9.75322,-1.0685722,1701445175536,,-0.799928,0.7877107,0.22128594,,,,,,-0.71926266,0.004562028,-0.25501782,-0.72817767,0.10167591,-0.120507136,0.66591483
,,-0.3988341,-9.812594,-1.1741962,1701445175787,,-1.212873,-0.089491755,0.018478673,,,,,,-0.68327874,-0.047882557,-0.45443532,-0.72317535,0.113979965,-0.1256747,0.6686162
,,-0.6011442,-9.638816,-1.0570799,1701445176040,,-0.025350908,0.68691796,0.27015516,,,,,,-0.7638872,0.12583733,-0.2996964,-0.72365373,0.11968496,-0.122185126,0.66781217
,,-0.6240087,-9.71611,-1.0551246,1701445176293,,0.5213735,-0.6930266,-0.28084528,,,,,,-0.6727463,0.051196672,-0.3505832,-0.7204259,0.12656428,-0.12144574,0.6699903
,,-0.45338202,-9.678281,-0.94969994,1701445176545,,0.12492194,0.12064589,-0.32727104,,,,,,-0.39424717,0.09583581,-0.3282274,-0.7170652,0.12931663,-0.1175478,0.6738911
,,-0.4417302,-9.742565,-0.8853358,1701445176799,,0.067500606,0.8921687,0.008093964,,,,,,-0.28617212,0.039511807,-0.3316953,-0.7138356,0.13506024,-0.1169003,0.6766436
,,-0.5302359,-9.654898,-0.8470685,1701445177053,,0.63804877,-0.49449542,0.23167065,,,,,,-0.30392092,0.11397783,-0.14944333,-0.71688724,0.14516357,-0.11941413,0.67061996
,,-0.4718572,-9.802061,-0.85720414,1701445177559,,0.79443026,0.6618725,0.5352707,,,,,,-0.33646482,-0.03327613,-0.15052065,-0.7174352,0.14131662,-0.122058965,0.6697112
,,-0.18590973,-9.733707,-0.88234305,1701445177812,,0.7693848,-1.1896601,0.017256944,,,,,,-0.1645505,0.025878858,-0.084734276,-0.72071654,0.14027984,-0.12720874,0.6649636
52.42088947445154,13.022713512182236,-0.529757,-9.798909,-0.8166224,1701445178000,1.5,0.034513887,-0.19639318,0.05390886,,,,,,-0.28972334,-0.03177209,-0.071429335,-0.7177813,0.14904214,-0.12152846,0.6683911
,,-0.2245362,-9.783826,-0.8396065,1701445178061,,0.5537493,1.8457294,-0.5874997,,,,,,-0.22360139,-0.029329013,0.033053163,-0.72233474,0.14526044,-0.13235755,0.6611335
,,-0.41854635,-9.871733,-0.9548874,1701445178311,,-0.38453966,-2.4028385,-0.32604933,,,,,,-0.49290162,-0.114391886,-0.13935347,-0.7193899,0.14883357,-0.14179306,0.66115624
,,-0.13886367,-9.877598,-0.9453904,1701445178561,,-1.171945,1.366811,-0.20143281,,,,,,-0.31416133,-0.10776461,-0.2655673,-0.7170006,0.13525146,-0.13803683,0.6670195
,,0.064803034,-9.735782,-0.91965276,1701445178813,,-0.18112154,0.062002823,-0.04016439,,,,,,-0.115458935,0.02369078,-0.12225857,-0.72080255,0.13685635,-0.13800272,0.66243047
,,-0.12789027,-9.796993,-0.9547278,1701445179063,,-0.4034765,0.2751948,0.023365596,,,,,,-0.20536967,-0.039352052,-0.13610677,-0.7174068,0.1578003,-0.1501939,0.65890014
,,-0.05103639,-9.717626,-0.96622,1701445179315,,-0.07422013,-1.1010846,-0.68462723,,,,,,-0.14947106,0.048757967,-0.22127627,-0.7157202,0.15276551,-0.14851217,0.66214186
,,-0.014883979,-9.802102,-1.0822192,1701445179568,,-1.2299771,0.36743546,0.42959097,,,,,,-0.18962307,-0.039010286,-0.3246294,-0.7169895,0.14688937,-0.1480728,0.6616011
,,0.09712475,-9.654179,-0.9044496,1701445179820,,0.11881329,2.2379048,0.24755314,,,,,,0.013530588,0.092195414,0.026502224,-0.7226416,0.14973544,-0.14172323,0.65640295
,,-0.17920598,-9.712079,-1.0668962,1701445180074,,-0.12492194,-2.437047,-0.11224649,,,,,,-0.16611893,0.03479042,-0.15124616,-0.7179804,0.1691717,-0.15386799,0.6543235
,,-0.040701427,-9.704378,-1.099178,1701445180578,,-0.10842858,-0.97158116,-0.10552697,,,,,,-0.046403613,0.033739567,-0.09695237,-0.7246387,0.152687,-0.13872014,0.6542219
,,-0.22357854,-9.758487,-1.0346142,1701445180831,,1.1175779,0.8005389,0.16997325,,,,,,-0.1246407,-0.028397322,0.041251138,-0.72526395,0.16246909,-0.13948277,0.6512238
52.42101017385721,13.022861452773213,-0.26982647,-9.7052555,-1.0911175,1701445181000,2.0,-0.049785517,1.7314975,1.6336064,,,,,,-0.2747533,0.045110844,-0.20787407,-0.7188314,0.15874831,-0.1461495,0.65700996
,,-0.4436057,-9.680756,-1.0828974,1701445181082,,-0.33750305,-1.6447546,0.17486018,,,,,,-0.22836106,0.05603334,-0.08770021,-0.7208404,0.17139669,-0.14114223,0.65404624
,,-0.4088499,-9.610486,-1.1737975,1701445181334,,-0.91354895,0.34422258,1.622,,,,,,-0.24222422,0.13520975,-0.2557013,-0.7196512,0.16387743,-0.1388154,0.65753347
,,-0.27617118,-9.600789,-0.961272,1701445181585,,0.121256754,0.7883216,0.24144448,,,,,,-0.0976324,0.12969866,0.12088756,-0.7271813,0.15785232,-0.12959042,0.6534106
,,-0.33039984,-9.645919,-0.9911197,1701445181836,,0.04062254,-0.732122,-0.18066339,,,,,,-0.06954587,0.08367453,0.084317245,-0.72149205,0.17998093,-0.14437748,0.65049225
,,-0.5083289,-9.577804,-1.0047667,1701445182087,,-0.08582657,-1.0595458,-0.49037206,,,,,,-0.20579927,0.16124013,-0.0067139585,-0.71747893,0.18506645,-0.14733042,0.65292424
,,-0.45018977,-9.568387,-1.0080389,1701445182339,,-0.12675454,0.14996742,0.08200866,,,,,,-0.14958769,0.17099902,-0.01294679,-0.7170584,0.18630303,-0.14844349,0.6528853
,,-0.013048378,-9.492051,-0.9105549,1701445182591,,0.22876903,1.2592987,0.44180828,,,,,,0.21973081,0.23604062,0.22768663,-0.72222716,0.18592963,-0.15021396,0.6469776
,,-0.17940551,-9.670259,-0.94802403,1701445182841,,0.022907447,-0.28802297,0.15897769,,,,,,0.024995307,0.06326216,0.106042355,-0.71649474,0.19787928,-0.16452323,0.6468117
,,-0.28427157,-9.684748,-1.0565213,1701445183094,,0.3491095,-1.543351,-1.043816,,,,,,-0.22942406,0.06163837,-0.15597613,-0.7130382,0.18786302,-0.16778396,0.6520262
,,-0.08978253,-9.777122,-0.8777144,1701445183599,,0.45356745,0.42363504,0.33857206,,,,,,-0.30482757,-0.030139113,-0.038297296,-0.71727055,0.15974613,-0.16110341,0.65600115
,,-0.37596944,-9.810002,-0.9417992,1701445183855,,-0.21471913,-0.8689558,-0.24297164,,,,,,-0.6333693,-0.04950404,-0.27578208,-0.71074563,0.16090402,-0.16828385,0.6608027
52.421123161911964,13.023014506325126,-0.28957874,-9.797232,-0.9493408,1701445184000,1.5,-0.26236662,1.1548407,0.6000224,,,,,,-0.4341116,-0.053608753,-0.08815987,-0.7172034,0.16276094,-0.15878521,0.65571874
,,-0.46631068,-9.8082075,-0.9344968,1701445184109,,0.08582657,-0.3594942,-0.88438016,,,,,,-0.7952024,-0.04611853,-0.3170852,-0.7109314,0.15072507,-0.16496457,0.6634317
,,-0.1602918,-9.8457155,-0.92180747,1701445184359,,-0.15424347,-0.4810564,0.6238461,,,,,,-0.51634073,-0.08819291,-0.22910027,-0.7154657,0.14307791,-0.15844677,0.6622623
,,-0.08934365,-9.784744,-0.83386046,1701445184612,,0.28313604,1.4468343,-0.07742717,,,,,,-0.35414368,-0.02647651,-0.0996282,-0.71494853,0.15309814,-0.16087352,0.6601413
,,-0.15506448,-9.755175,-0.9317435,1701445184866,,-0.2770274,-0.73884153,-0.047494773,,,,,,-0.32809195,0.014393775,-0.2464271,-0.7108172,0.1673296,-0.168665,0.66021717
,,-0.12912728,-9.738138,-0.9441535,1701445185118,,0.19517145,0.03023783,0.06918049,,,,,,-0.265751,0.03122301,-0.2567832,-0.7103047,0.16948724,-0.16817541,0.66025674
,,0.2863066,-9.784425,-0.87288594,1701445185371,,0.40286562,0.42546764,0.63606346,,,,,,0.13430552,-0.02051134,-0.073650725,-0.714182,0.17028089,-0.16772936,0.65607995
,,0.050916675,-9.713396,-0.8454324,1701445185623,,0.29779682,0.81397796,-0.25518894,,,,,,0.020518484,0.06225581,-0.1811758,-0.7058993,0.1860141,-0.17617469,0.6592233
,,-0.22557372,-9.754258,-0.9020554,1701445185874,,-1.1108584,-2.1749856,-0.1348485,,,,,,-0.20553933,0.029587286,-0.3793339,-0.69971114,0.19072421,-0.17965041,0.6637762
,,-0.052193597,-9.729796,-0.8883287,1701445186128,,-0.10170906,1.0974194,0.99464136,,,,,,-0.08924789,0.048801184,-0.32104692,-0.7027395,0.18389453,-0.17663191,0.6627181
,,-0.05734112,-9.824447,-0.8465498,1701445186633,,-0.019242255,0.5934556,0.31413746,,,,,,-0.03796198,-0.044597436,-0.36129597,-0.698387,0.18854068,-0.17893095,0.66518956
,,-0.32565132,-9.756651,-0.8969078,1701445186885,,-0.4364632,-1.1322387,-0.19593503,,,,,,-0.24786398,0.02585532,-0.5007823,-0.6953574,0.18740126,-0.17577748,0.66944045
52.421234641224146,13.023158591240644,0.13922283,-9.722493,-0.8402451,1701445187000,2.0,-0.13652839,-0.3827071,0.24449882,,,,,,0.12769867,0.05294461,-0.21614408,-0.7043488,0.18580267,-0.17562631,0.6608127
,,-0.21503924,-9.818781,-0.9409612,1701445187136,,0.105374254,0.419359,0.2499966,,,,,,-0.17795716,-0.047151167,-0.38121605,-0.70208615,0.18458886,-0.17281191,0.6639012
,,-0.059815146,-9.816465,-0.83118707,1701445187390,,0.75900006,0.60139686,-0.01695151,,,,,,0.025172945,-0.05652509,-0.08865064,-0.7076097,0.1888655,-0.17012715,0.6575847
,,-0.14656505,-9.872451,-0.98006666,1701445187642,,0.008857546,-0.032070424,0.1479821,,,,,,0.06676207,-0.10564964,-0.45119032,-0.69731534,0.19954349,-0.1749664,0.6645284
,,-0.40880993,-9.8353405,-1.0308237,1701445187893,,-0.6783658,-0.8915578,-0.41829,,,,,,-0.12190315,-0.06816634,-0.60446936,-0.69347894,0.19971104,-0.17190269,0.66915447
,,-0.23790386,-9.774569,-1.0181744,1701445188148,,0.060170226,1.4388931,0.30069843,,,,,,-0.0040265103,-0.024185563,-0.3522627,-0.70399815,0.1928905,-0.1647995,0.66169494
,,0.020191094,-9.817944,-1.0277511,1701445188402,,0.68386364,-0.22693644,0.31902438,,,,,,0.1941123,-0.082129575,-0.17421848,-0.7102608,0.19482255,-0.1668083,0.65384525
,,-0.07030972,-9.832389,-1.0616688,1701445188653,,-0.019242255,0.7107417,-0.22892176,,,,,,0.08862834,-0.086849436,-0.4135395,-0.7026167,0.19528845,-0.17229202,0.66018504
,,-0.25653872,-9.740011,-1.1752737,1701445188906,,-0.8219192,-2.3020456,-0.22036964,,,,,,-0.16290298,0.009881147,-0.6208855,-0.6997313,0.19293809,-0.17659369,0.6624985
,,-0.12501724,-9.625608,-1.0382057,1701445189158,,0.27580565,1.6258179,-0.21120666,,,,,,-0.17801097,0.09980559,-0.15986697,-0.71340406,0.18375993,-0.17278661,0.65092963
,,0.0558248,-9.738615,-1.1126255,1701445189665,,0.33383787,0.310625,-0.2490803,,,,,,-0.028732082,-0.014194378,-0.21798207,-0.7091153,0.19997708,-0.1899694,0.64544374
,,-0.3220201,-9.7440815,-1.1387622,1701445189916,,-0.7816021,-2.2311852,-0.106137834,,,,,,-0.394028,-0.0063333036,-0.41167703,-0.7023439,0.20166501,-0.19447239,0.65054727
52.42134666536003,13.023298401385546,0.107579455,-9.639575,-1.0328587,1701445190000,1.5,0.87872964,-0.39187005,0.23105977,,,,,,-0.016216159,0.068887375,0.07728424,-0.72056013,0.18803017,-0.17721538,0.6406807
,,-0.12988545,-9.725966,-1.0640231,1701445190167,,-0.7974846,1.1737776,-0.20631973,,,,,,-0.20545584,-0.0013151009,-0.10478594,-0.711642,0.19809674,-0.18712991,0.64355576
,,0.1934116,-9.696,-0.9943918,1701445190418,,0.34605515,-0.32711834,0.43386704,,,,,,0.14053437,0.015310431,0.12750107,-0.7151216,0.20644027,-0.18944481,0.6364859
,,-0.21240559,-9.839969,-1.0495383,1701445190672,,-0.0021380284,1.534188,-0.4109596,,,,,,-0.1366189,-0.10447362,-0.16999026,-0.70187753,0.22356914,-0.20097342,0.6427009
,,-0.39236975,-9.855652,-1.0409591,1701445190923,,-0.41874814,-1.0705414,-0.35353827,,,,,,-0.3340234,-0.09899469,-0.409067,-0.6931326,0.22191998,-0.2057603,0.6508741
,,-0.1578976,-9.701704,-1.010393,1701445191176,,-0.2012801,0.08032878,-0.6693556,,,,,,-0.26279527,0.050689332,-0.31721753,-0.69948596,0.2081094,-0.20199896,0.6497529
,,0.040621627,-9.70749,-0.88230336,1701445191428,,0.8170323,1.3429873,-0.057268616,,,,,,-0.13921486,0.039195728,-0.09608353,-0.7052429,0.20041856,-0.19770612,0.64755327
,,-0.054787304,-9.838933,-0.9908404,1701445191681,,-0.116980694,-0.37720928,0.47357327,,,,,,-0.23640618,-0.07798147,-0.37757444,-0.6959254,0.21115588,-0.21104312,0.65032864
,,-0.3183889,-9.8126745,-1.011231,1701445191932,,-0.49754974,-0.54092115,-0.61559945,,,,,,-0.52031094,-0.032242283,-0.592069,-0.69046485,0.206271,-0.21215746,0.6577517
,,-0.119670175,-9.779555,-0.97232527,1701445192184,,-0.36743546,1.3570372,0.04718934,,,,,,-0.48726574,-0.008466959,-0.42062098,-0.699819,0.19054553,-0.20581748,0.65460724
,,-0.026894884,-9.668984,-0.8883686,1701445192688,,1.0833695,0.95142263,-0.23564127,,,,,,-0.4542151,0.08702619,-0.19010898,-0.703426,0.19837356,-0.21376516,0.6463511
,,-0.2716222,-9.768503,-1.064901,1701445192938,,-1.3142766,-2.0857995,-0.31505376,,,,,,-0.75376105,-0.012582381,-0.6146015,-0.69404954,0.19904907,-0.22318348,0.65275747
52.42144649382681,13.023448437452316,0.25446373,-9.669263,-0.9518549,1701445193000,1.5,0.7699956,-0.5513059,0.5138904,,,,,,-0.23162134,0.0814662,-0.18969117,-0.70751,0.19131851,-0.20968564,0.6451253
,,0.06955155,-9.667425,-1.0806628,1701445193189,,0.31673363,0.58184916,2.6024387,,,,,,-0.5790494,0.067722335,-0.4995673,-0.7038931,0.17855762,-0.21302158,0.65089023
,,0.2468821,-9.8272,-1.069809,1701445193441,,-0.14813483,-1.2568552,0.0032070426,,,,,,-0.3876399,-0.09449663,-0.43905818,-0.70513856,0.18040854,-0.21272281,0.6489813
,,0.20358697,-9.786658,-1.0346941,1701445193695,,0.44684792,1.8176296,0.12965615,,,,,,-0.31526747,-0.043069396,-0.5144838,-0.69884604,0.18947594,-0.21541089,0.6524764
,,-0.033199556,-9.796315,-1.0768319,1701445193947,,-0.59773165,-1.0173961,-0.04627304,,,,,,-0.3980426,-0.033343203,-0.8382135,-0.6869317,0.19395247,-0.21593577,0.66336834
,,-0.02398194,-9.689533,-1.0461065,1701445194201,,0.08155051,-0.38820487,-0.01695151,,,,,,-0.3362357,0.06818091,-0.686904,-0.69096893,0.1952881,-0.21113785,0.6602182
,,0.34105402,-9.642249,-0.9139067,1701445194452,,-0.537256,0.569021,0.21395555,,,,,,0.13455778,0.122711614,-0.3845786,-0.695973,0.20036934,-0.20516475,0.6558316
,,0.06476316,-9.639016,-0.7612364,1701445194709,,0.11759156,0.37415496,-0.49098295,,,,,,0.09489224,0.14620382,-0.36473754,-0.68613726,0.22068118,-0.21046284,0.65944767
,,-0.16248651,-9.613357,-0.73170793,1701445194961,,-0.59956425,0.33750305,-0.39813143,,,,,,-0.10238792,0.17526202,-0.5025305,-0.6797877,0.2209235,-0.21241792,0.66528755
,,-0.18471265,-9.699986,-0.74786866,1701445195212,,-0.61422503,0.5207626,0.047800206,,,,,,-0.113645874,0.08876579,-0.50950426,-0.6799233,0.22171184,-0.21218751,0.6650099
,,-0.09269551,-9.98406,-0.701102,1701445195730,,0.6178902,0.88239485,-0.020005837,,,,,,0.03237003,-0.20389213,-0.3903431,-0.6801671,0.22898774,-0.21326394,0.6618098
,,-0.28399223,-9.921892,-0.7235677,1701445195983,,-0.23182335,-1.1548407,0.366061,,,,,,-0.030787786,-0.14744258,-0.6200031,-0.6704281,0.23415089,-0.2143284,0.66922486
52.42152985185385,13.023611633107066,-0.09253592,-9.611004,-0.64934736,1701445196000,1.5,1.0607675,-0.54275376,0.17669277,,,,,,-0.03753306,0.16666679,-0.15066944,-0.68861943,0.22476706,-0.20988403,0.65567535
,,-0.2670732,-9.903255,-0.6918844,1701445196235,,0.19517145,0.6227771,-0.020005837,,,,,,0.08196567,-0.13656469,-0.5945141,-0.6680409,0.23918004,-0.21261379,0.66979575
,,-0.19632453,-9.86838,-0.63601965,1701445196486,,0.569021,0.42485678,0.038026363,,,,,,0.2570153,-0.10915648,-0.37486115,-0.6705841,0.2487616,-0.21113087,0.6639353
,,-0.084275894,-9.873288,-0.70026416,1701445196740,,0.45845437,-0.7302894,0.42714754,,,,,,0.45646027,-0.115581244,-0.48674124,-0.6636313,0.262397,-0.21983184,0.66279215
,,-0.097483926,-9.837177,-0.64795095,1701445196994,,-0.4718934,1.6245961,0.10277808,,,,,,0.5198688,-0.070877045,-0.7149416,-0.6533545,0.26141793,-0.22053811,0.6734475
,,-0.14177664,-9.900105,-0.63538116,1701445197247,,-0.038179077,-0.7425067,-0.14095716,,,,,,0.440791,-0.13181953,-0.5991901,-0.6544663,0.26878634,-0.22774848,0.66694224
,,-0.0677958,-10.012712,-0.5547365,1701445197499,,1.8756617,0.35521814,0.7386888,,,,,,0.36763918,-0.24237967,-0.29073864,-0.6608579,0.27509502,-0.23822813,0.6542109
,,-0.080245644,-9.994077,-0.60896516,1701445197753,,0.40042216,0.50854534,0.52488595,,,,,,0.17569609,-0.22813697,-0.59258014,-0.6531582,0.27021924,-0.25236994,0.65861005
,,0.028331378,-9.652144,-0.6358999,1701445198005,,-0.5665775,-0.39920044,-0.14523321,,,,,,0.16149093,0.10841239,-0.9358538,-0.6425877,0.26558805,-0.26453272,0.66612965
,,-0.16013218,-9.637898,-0.56359506,1701445198257,,-0.4596761,0.26847526,-0.027947085,,,,,,-0.13673118,0.12504235,-0.8799953,-0.6430136,0.26311433,-0.26976216,0.6646775
,,-0.12409946,-9.667228,-0.5590859,1701445198759,,0.54641896,-0.37782016,0.20295998,,,,,,-0.15610708,0.0974695,-0.77125293,-0.64388084,0.2708886,-0.2785456,0.65732926
52.42159749381244,13.02375546656549,-0.23538993,-9.854974,-0.58230984,1701445199000,1.5,0.22815818,0.06811147,-0.13057245,,,,,,-0.2815766,-0.09168372,-0.70973223,-0.6475829,0.2699063,-0.2762367,0.65492696
