97#1#0
key,lat,lon,ts,bike,childCheckBox,trailerCheckBox,pLoc,incident,i1,i2,i3,i4,i5,i6,i7,i8,i9,scary,desc,i10
,,,,1,0,0,0,-5,0,0,0,0,0,0,0,0,0,0,,0

=========================
97#1
lat,lon,X,Y,Z,timeStamp,acc,a,b,c,obsDistanceLeft1,obsDistanceLeft2,obsDistanceRight1,obsDistanceRight2,obsClosePassEvent,XL,YL,ZL,RX,RY,RZ,RC
52.46017638,13.33797706,2.2320185,6.281317,-6.100883,1073552904000,22.794994,-2.404211,1.159574,-1.0735948,,,,,,-0.15951583,0.0055595874,0.70093334,0.19838531,-0.893437,-0.3156371,0.21250248
52.459966,13.33802525,2.385161,6.9535003,-5.6108093,1073552907000,23.011047,0.8981239,0.11499529,0.25686863,,,,,,-0.268656,0.36517873,0.50244045,0.21995007,-0.87443286,-0.32910997,0.24307585
52.45970462,13.33794473,2.6152337,7.4934497,-5.7063346,1073552910000,22.037746,1.1937824,-0.5361866,0.788321,,,,,,0.019064553,0.6368469,0.21678235,0.20167214,-0.87064415,-0.35468224,0.24165957
52.4594189,13.33772496,2.9002113,6.441642,-5.8147874,1073552913000,20.216732,-1.8373286,-0.019394957,-1.1297944,,,,,,-0.41521856,0.17969352,0.6421217,0.20635273,-0.88471335,-0.30207005,0.25733683
52.45933791,13.3375233,3.3352191,7.569103,-5.583597,1073552916000,16.064035,2.2896738,-1.4023929,1.0009019,,,,,,0.13411468,0.7847401,0.2055358,0.19961508,-0.86923856,-0.3422247,0.2678823
52.45918412,13.33755753,2.905638,6.4592786,-5.7088084,1073552919000,16.196962,-1.9827144,-0.12812889,-1.2678498,,,,,,-0.2635223,0.35303637,0.7351081,0.15417765,-0.89717495,-0.31110117,0.24026269
52.45902417,13.33769623,3.2803144,7.657765,-5.4238305,1073552922000,17.505547,1.9989023,-1.5086833,0.72601277,,,,,,0.017524688,0.80651575,0.2598314,0.18354593,-0.8687259,-0.35137194,0.2671717
52.45887634,13.33783111,3.0422614,6.149402,-5.7552543,1073552925000,17.795025,-2.134209,0.7002038,-1.4437789,,,,,,-0.16679583,0.029262114,0.79128605,0.19556007,-0.889354,-0.29756778,0.25490615
52.45871865,13.33790313,3.2653112,6.8217454,-5.5588574,1073552928000,21.810165,1.5945098,0.5254964,0.6478221,,,,,,-0.12528393,0.20445657,0.29268673,0.17929877,-0.8765898,-0.33238173,0.2660936
52.45853024,13.33769135,3.311916,7.3170047,-5.579766,1073552931000,19.446953,1.7533346,-1.6736168,0.6013964,,,,,,-0.005294124,0.47238913,0.09524487,0.21208481,-0.8612818,-0.34155142,0.2848304
52.45841986,13.3375668,3.3715293,7.2930627,-5.5642037,1073552934000,19.311602,1.2670863,-0.16478078,0.64171344,,,,,,0.112853535,0.4190418,0.15659009,0.19034466,-0.86651605,-0.34977335,0.27493718
52.45830824,13.33744129,3.730724,7.2277045,-5.617674,1073552937000,15.945127,1.0642792,0.0490219,0.4083631,,,,,,0.0031358162,0.39422974,-0.060233276,0.17583461,-0.8654081,-0.34663945,0.2912196
52.45816825,13.3373945,3.6745424,7.3743033,-5.484481,1073552940000,14.970777,1.1546872,0.084452055,0.8713986,,,,,,0.22088128,0.55473554,0.23605652,0.18682991,-0.86657053,-0.34382302,0.28400517
52.45801438,13.33739801,3.838937,7.4659977,-5.453119,1073552943000,14.2769575,1.7362304,-1.2447897,0.82008594,,,,,,0.10263903,0.66074616,0.11516598,0.15614066,-0.869932,-0.34946823,0.28684372
52.45786524,13.33733663,3.486925,6.2645574,-5.664358,1073552946000,13.539296,-1.3657409,1.3917027,-0.56046844,,,,,,-0.29631504,0.11207738,0.46548888,0.12691374,-0.89073044,-0.3198726,0.26658818
52.45771807,13.33730432,3.595138,6.1361547,-5.6535845,1073552949000,13.091834,-1.4109449,-0.16966769,-1.2360849,,,,,,-0.3795977,0.13116144,0.6056742,0.117129244,-0.8938141,-0.31036058,0.27482542
52.45756815,13.33724991,3.8659906,6.8487983,-5.3360467,1073552952000,14.666373,1.164461,0.46563166,0.6185006,,,,,,-0.066874504,0.33383,0.33952448,0.11311083,-0.8794489,-0.3453225,0.27667677
52.45735396,13.3373069,3.9668622,7.388509,-5.5540705,1073552955000,14.767163,1.5932881,-1.4158318,0.7516691,,,,,,0.14144339,0.7458093,0.03195154,0.10476728,-0.8764512,-0.36232787,0.2729964
52.45717379,13.33729643,3.76488,6.029697,-5.681834,1073552958000,15.64644,-1.6406301,1.5175408,-1.0564907,,,,,,-0.20673819,0.045173485,0.49017626,0.11330676,-0.8925888,-0.31618947,0.2718453
52.45703557,13.33718778,3.7304049,6.100244,-5.5627685,1073552961000,15.022468,-1.6357431,0.31169376,-1.1835505,,,,,,-0.28803122,0.23708351,0.648403,0.08038289,-0.8990801,-0.31431872,0.26484713
52.45686291,13.33722217,3.766556,6.461753,-5.5452113,1073552964000,13.616048,0.37766716,-0.30405796,0.24709481,,,,,,-0.15279391,0.21609625,0.45316035,0.12754306,-0.88598233,-0.32034394,0.27848154
52.45671268,13.33718338,3.8872185,7.085175,-5.4259863,1073552967000,14.049304,1.1925608,0.7808379,0.7663299,,,,,,-0.13711606,0.456814,0.0132916765,0.12214819,-0.8717891,-0.3510497,0.29249626
52.4565198,13.33719943,3.7405398,6.0002503,-5.556145,1073552970000,14.197384,-2.1928518,1.1559088,-1.5891647,,,,,,-0.1794755,0.018268108,0.6363951,0.14296678,-0.88822293,-0.305454,0.28028524
52.45632352,13.3371396,4.1285434,6.9205422,-5.32663,1073552974000,14.616987,1.675144,-1.062752,1.2330306,,,,,,0.20739059,0.50727344,0.42434496,0.13563554,-0.8788715,-0.33010224,0.28772658
52.45613551,13.33714082,3.7456477,5.9685674,-5.460939,1073552977000,14.013261,-2.037692,1.462563,-1.5842777,,,,,,-0.26871508,0.029524978,0.6469778,0.10427259,-0.89373386,-0.3100473,0.2762201
52.45598226,13.3371527,3.8283236,6.485294,-5.417367,1073552980000,14.453933,1.2695297,0.5902481,0.5549707,,,,,,-0.20813163,0.29220086,0.42619956,0.115885645,-0.8827124,-0.3253846,0.28554022
52.4558304,13.33714918,4.116094,6.979676,-5.5365133,1073552983000,14.928681,1.0813833,-0.3028362,0.8542944,,,,,,0.12251076,0.62643635,0.21042748,0.110596254,-0.8798746,-0.3411197,0.28466043
52.45571337,13.33705995,3.8730927,5.731953,-5.6926074,1073552986000,16.22923,-2.0780094,0.9592104,-1.3704752,,,,,,-0.26565105,0.06961628,0.80651164,0.102254726,-0.90185475,-0.29375517,0.27040002
52.45563684,13.33688129,2.1136699,9.317514,-2.0471141,1073552989000,19.630123,-0.00962112,-0.16111559,0.041844238,,,,,,3.31227E-4,0.019384878,0.18379036,0.20492056,-0.7556544,-0.5487409,0.2920383
52.45555468,13.33680662,3.025742,8.622506,-3.347429,1073552992000,16.027388,1.3440552,-1.3486367,0.55008376,,,,,,0.21188831,0.089963466,-0.020804612,0.060221758,-0.81076866,-0.528044,0.21807885
52.45544907,13.33677293,4.292459,6.670678,-5.6564574,1073552995000,14.429576,-0.6950114,1.527162E-4,-0.85490525,,,,,,-0.51728386,0.13945048,-0.72617733,0.11211102,-0.8571644,-0.34576625,0.3312372
52.45533135,13.33675163,3.8655918,5.4980483,-5.957875,1073552998000,14.019367,-1.6711733,1.286634,-1.2055416,,,,,,-0.093496494,-0.18633936,0.4605561,0.04384275,-0.90826726,-0.30870914,0.24608597
52.45512827,13.33678224,4.0517726,5.60267,-5.745997,1073553001000,15.375816,-1.7322598,0.5572614,-1.7712024,,,,,,-0.31637058,-0.022766996,0.5144893,0.063899375,-0.9018252,-0.30438548,0.27447253
52.4549729,13.3367047,4.0348544,6.5129066,-5.390313,1073553004000,18.697071,1.4234676,0.35201082,0.61117023,,,,,,-0.14750811,0.33988133,0.42733008,0.048094105,-0.88813794,-0.34367597,0.26577085
52.45484238,13.33661472,3.912117,6.278524,-5.434444,1073553007000,20.049328,-1.2582288,1.4869976,-0.58123785,,,,,,-0.20050257,0.2832676,0.4608888,0.04079846,-0.8913158,-0.34029132,0.26126546
52.45464748,13.33666072,3.9453952,5.5688334,-5.643609,1073553010000,21.798784,-1.7066035,1.2768601,-1.1591159,,,,,,-0.34173363,-0.09898235,0.6151156,0.025666725,-0.9035206,-0.31524882,0.25941285
52.45443839,13.33670594,4.0474634,5.6634808,-5.8536515,1073553013000,27.520449,-1.9130758,0.77106404,-1.3130538,,,,,,-0.33122057,0.020582763,0.45133674,0.015329506,-0.90398914,-0.31772068,0.25555664
52.45425958,13.33669788,3.9597595,5.692049,-5.740969,1073553016000,22.710663,-1.8006767,0.6562215,-1.723555,,,,,,-0.42307612,-0.0010035833,0.4915401,0.0010578826,-0.9033767,-0.32222933,0.25276121
52.45399292,13.33684277,4.06909,5.863228,-5.5791273,1073553019000,24.147312,-1.3596323,-0.101250835,-0.85734874,,,,,,-0.16848756,0.08409193,0.53197896,0.06015848,-0.89682263,-0.31711766,0.27076355
52.45388017,13.33673523,2.8938272,8.508547,-3.120468,1073553022000,22.505516,-0.27229297,-0.18310672,0.11636974,,,,,,0.11025033,0.29461783,0.84410655,0.124414995,-0.8252478,-0.46830666,0.25541747
52.45376184,13.33667567,4.3934107,7.0163856,-5.2749176,1073553025000,28.773386,1.0422881,-0.95401806,0.878729,,,,,,0.29225922,0.23741558,-0.07395209,0.06828463,-0.8707946,-0.3792068,0.27825594
52.45366335,13.3365403,4.4520664,7.2084723,-5.2475467,1073553028000,36.00484,1.1400265,0.016035201,0.78709924,,,,,,0.19063444,0.5615854,0.05770917,0.070809685,-0.87258536,-0.37113553,0.28324488
52.453476,13.33626505,4.518622,7.2905893,-5.1714125,1073553031000,46.076504,1.4283546,-0.6998983,0.97280216,,,,,,0.31764144,0.70522535,0.19700484,0.07719406,-0.8738867,-0.36539787,0.28359082
52.45334631,13.33614977,4.394528,6.952224,-5.4585447,1073553034000,41.843304,1.209665,-1.2851068,0.7467822,,,,,,0.1872153,0.5064038,-0.012875168,0.065650254,-0.87836987,-0.35777333,0.2816293
52.4531808,13.33616982,4.2836018,5.956678,-5.5590973,1073553037000,34.26031,-1.5074615,1.4723369,-0.765719,,,,,,-0.23893814,0.16986808,0.3818774,0.03680611,-0.89509434,-0.32423848,0.2734005
52.45296167,13.33623154,4.1658916,5.68782,-5.6293244,1073553040000,34.951378,-1.9387321,0.432645,-1.9275838,,,,,,-0.29906005,0.1387739,0.6654993,0.03354546,-0.9024387,-0.30767098,0.2700157
52.45281961,13.33604393,2.6872962,9.253431,-2.2766287,1073553043000,34.815815,0.07834341,-0.37491825,0.1933387,,,,,,0.055565774,0.124716826,0.0864871,0.16761708,-0.7715611,-0.5376538,0.2952347
52.45267348,13.33592101,2.0320313,9.434344,-1.804512,1073553046000,52.6443,1.527162E-4,0.0025961753,-0.010690134,,,,,,-0.0181302,0.031145351,0.15593857,0.15793017,-0.7582649,-0.5756925,0.26156464
52.45267348,13.33592101,2.290275,9.331478,-2.0264452,1073553046000,52.6443,-0.0010690134,0.08689552,-0.057115857,,,,,,0.084994815,-0.026390426,-0.20297432,0.12282022,-0.75964296,-0.5886225,0.24420418
52.45267348,13.33592101,4.5093656,6.601488,-5.6294036,1073553046000,52.6443,0.66233015,-0.49098256,0.49388418,,,,,,0.42828304,0.050730325,-0.049311113,0.04647786,-0.87966406,-0.3658614,0.26395145
52.45267348,13.33592101,4.486302,6.974968,-5.3328547,1073553046000,52.6443,1.625053,-0.7170025,1.014341,,,,,,0.18867111,0.6740291,0.24432938,0.049710445,-0.8839725,-0.3518806,0.27499893
52.45232869,13.33549679,4.1034856,6.412833,-5.3955007,1073553058000,45.367023,1.5590796,-0.53863,1.0766492,,,,,,-0.3133106,0.5687475,0.652386,0.04705976,-0.8916212,-0.32881963,0.27478722
52.45217007,13.33553041,4.4411325,7.1140647,-5.13598,1073553061000,45.649124,1.3941461,-0.5557342,0.846964,,,,,,0.17106488,0.46447423,0.1352631,0.06365477,-0.87134516,-0.37266365,0.28492814
52.45212955,13.33543488,3.9314299,7.309663,-4.916601,1073553062000,51.44265,0.33001968,0.2689332,-0.0021380268,,,,,,0.0011664947,0.56076086,0.22968632,0.06199606,-0.86820877,-0.3846383,0.26831827
52.45179252,13.33554821,2.2052042,9.393804,-1.9055429,1073553067000,47.935246,0.13332124,-0.024281874,0.00763581,,,,,,0.09695859,0.022528838,0.16292953,0.23608252,-0.74230194,-0.53943956,0.31964782
52.45165654,13.33552766,1.9087353,9.443682,-1.7701169,1073553070000,35.801537,-0.06093376,-0.115911596,0.032070402,,,,,,-0.20201318,0.047914043,0.043929197,0.11246266,-0.7630129,-0.59245694,0.23162988
52.4515362,13.33548456,2.0242102,9.1488905,-2.7409236,1073553073000,37.351036,-1.0346522,0.057574004,-0.49938196,,,,,,-0.09078483,-0.022447618,0.10817938,0.11290519,-0.7939566,-0.55537355,0.21354574
52.4514454,13.3356453,1.3074174,9.697138,-0.9250799,1073553076000,32.26363,0.11988221,0.07589995,0.11759147,,,,,,0.2700906,-0.05296793,-0.18637826,0.1487952,-0.7178656,-0.64729744,0.20810659
52.45148045,13.33553152,4.3294086,6.7108197,-5.4425836,1073553079000,29.897331,0.13942988,0.54260063,0.42913252,,,,,,-0.02235395,0.12568015,0.04525968,0.050724395,-0.8765563,-0.3642046,0.28217214
52.45141193,13.33546662,4.34513,6.9585276,-5.277791,1073553082000,28.15552,1.1803435,0.5535962,0.76144296,,,,,,0.1141925,0.5989576,0.39454287,-0.042719025,-0.88345134,-0.378063,0.23358051
52.45127195,13.33546427,4.431476,7.1162195,-5.2449923,1073553085000,31.285576,1.6323835,-0.95401806,0.96913695,,,,,,-0.017644556,0.6779051,0.2808108,-7.8381447E-4,-0.88154626,-0.37341407,0.26223534
52.45106934,13.33547709,3.9626324,6.008311,-5.3687663,1073553088000,30.494095,-1.7591379,1.0056361,-2.0778565,,,,,,-0.35687053,0.40136248,0.9375868,0.052017774,-0.90306467,-0.30520925,0.26800668
52.4510956,13.3351334,4.443048,6.8855877,-5.3236775,1073553091000,27.493084,1.3562726,-0.98944825,0.80786866,,,,,,0.21525404,0.69888437,0.5547408,-0.0047751637,-0.89126617,-0.35858902,0.24580035
52.45095092,13.33505716,4.086168,6.461513,-5.288645,1073553094000,25.444296,2.1369576,-1.4256057,1.1462878,,,,,,-0.17952426,0.4724053,0.5986982,0.017107606,-0.8922644,-0.34114707,0.25936773
52.45082036,13.33492259,4.2601385,6.1193967,-5.330461,1073553097000,23.941143,0.077121675,-0.40423977,0.13225223,,,,,,-0.17408644,0.37936708,0.7277378,-0.030377306,-0.89609265,-0.3434921,0.24522768
52.45071682,13.33470317,4.5622754,7.2027264,-5.199663,1073553100000,24.44111,1.7667737,-2.1256566,0.6356048,,,,,,0.1813147,0.7607468,0.1267,-0.014508914,-0.8761432,-0.38854373,0.25486007
52.45056946,13.33458108,3.479902,7.5128407,-3.9067702,1073553103000,28.669554,-0.0010690134,0.22983788,0.040622506,,,,,,0.07732603,0.14283058,0.3812509,0.028968513,-0.8420307,-0.45213622,0.23403254
52.45043908,13.33443382,2.146389,9.336267,-1.8835175,1073553106000,36.648663,-0.046273008,0.064904384,-0.0033597562,,,,,,-0.093631774,0.023071734,0.10841129,0.14140879,-0.7618617,-0.57603854,0.2598283
52.45032241,13.33425744,2.4324841,9.1650095,-2.160355,1073553109000,30.082602,0.025809037,0.31658068,-0.11942407,,,,,,0.12105092,-0.124377616,-0.24916968,0.09921118,-0.7666692,-0.5902906,0.23163943
52.45020734,13.33409099,2.3164504,9.345445,-2.0823073,1073553112000,32.468582,0.033139415,-0.12690715,-0.0058032153,,,,,,0.15941705,0.042995676,0.113119625,0.11122988,-0.7742126,-0.57833177,0.22992747
52.45010015,13.33390759,2.368083,9.252792,-2.2112694,1073553115000,22.937164,0.020922119,-0.020616686,-0.010690134,,,,,,0.04772777,0.010532474,0.013703604,0.1457147,-0.76897264,-0.56359386,0.26217145
52.44999309,13.33378211,2.4436567,9.1908655,-2.2583535,1073553118000,25.384264,-0.1122464,-0.048716467,0.016187917,,,,,,0.008650375,-0.024430418,0.035552654,0.10420199,-0.77817744,-0.5746325,0.23099022
52.44980771,13.33356073,2.2277884,9.376727,-2.2801397,1073553122000,22.624714,0.13332124,-0.20998476,-0.065667965,,,,,,-0.019017493,-0.0020781357,-0.091490276,0.114121035,-0.7743545,-0.5735958,0.24133816
52.44965135,13.33342734,2.4226685,9.361645,-2.1430376,1073553125000,25.233097,-0.0707076,0.09544762,-0.026572619,,,,,,0.029128853,0.10853634,0.030156763,0.07275247,-0.77822393,-0.5866973,0.2101518
52.44949828,13.33330767,2.3740683,9.285033,-2.1300292,1073553128000,15.765682,-0.018173227,-0.16722423,0.0015271619,,,,,,0.012217227,0.014742565,0.04048495,0.14265351,-0.76648945,-0.56849366,0.26111013
52.44936137,13.33317973,2.173363,9.316236,-2.0872552,1073553131000,15.686583,0.06856957,0.050243627,-0.0033597562,,,,,,-0.055661447,-0.06366539,-0.08747499,0.071987554,-0.77264446,-0.59700835,0.20257634
52.4492117,13.3330262,2.2444677,9.354063,-1.9068998,1073553134000,18.942009,0.12843432,0.064904384,-0.042455103,,,,,,0.10566545,-0.03547624,0.12785092,0.10034967,-0.7709281,-0.59041256,0.21642993
52.44903219,13.3329652,2.1176603,9.305144,-2.017507,1073553137000,21.475876,0.11255184,0.057574004,0.019853106,,,,,,-0.50500524,0.087820135,-0.39537668,0.13350898,-0.75069904,-0.5806942,0.28181186
52.44883635,13.33283396,2.334645,9.195416,-2.2849276,1073553140000,23.851343,-0.10613775,0.13332124,0.03084867,,,,,,-0.07142485,0.013443724,0.05306188,0.06875788,-0.7808047,-0.58806646,0.19941625
52.4486389,13.33274706,2.2207663,9.41631,-2.252049,1073553143000,30.549137,-0.004734202,-0.23441936,-0.14263692,,,,,,-0.13567415,0.13460407,-0.06090899,0.1189355,-0.7734427,-0.5710562,0.24730366
52.44844476,13.33273568,2.3858788,9.223904,-2.310066,1073553146000,38.58015,-0.13423753,-0.108581215,0.023518294,,,,,,0.11281868,-0.042211518,-0.018561117,0.1892058,-0.7607989,-0.55146796,0.28489676
52.44835942,13.33239972,3.9144313,7.7086,-4.724435,1073553149000,19.328852,1.733787,-1.1812598,0.9129374,,,,,,0.24053903,0.5110678,0.15972596,0.060801584,-0.85822403,-0.4145285,0.25737938
52.44819563,13.33225734,4.0328603,6.415627,-5.357195,1073553152000,21.795757,-1.9106324,-0.42012227,-1.1468986,,,,,,-0.13827159,0.39290604,0.65244037,0.011173383,-0.89601505,-0.34277582,0.25003618
52.44797852,13.33224238,4.0627065,7.4687896,-4.629469,1073553155000,29.559183,0.342237,-0.10613775,0.038179047,,,,,,0.213495,0.58803815,0.32161695,0.046133175,-0.866276,-0.39544973,0.26299953
52.44784582,13.33195724,3.0119357,9.027667,-2.6454797,1073553158000,39.463646,0.022143848,-0.24297146,-0.1414152,,,,,,-0.2360275,0.17859527,0.18261757,0.15097171,-0.77978784,-0.5293425,0.29788935
52.44777623,13.331722,4.3618884,6.7626905,-5.422873,1073553161000,30.403065,1.2731949,-1.2154682,0.65881765,,,,,,0.10337036,0.25948662,0.0669954,0.07164538,-0.8769618,-0.36312854,0.27991068
52.44757821,13.33169899,4.291262,6.6423473,-5.304605,1073553164000,36.889393,0.61712617,-0.5862775,1.1988221,,,,,,0.3913218,0.29232427,0.38850278,0.0340761,-0.8869287,-0.3651539,0.24929279
52.44747543,13.33146905,3.9906437,5.842559,-5.39558,1073553167000,30.601992,-1.3449715,1.4332415,-0.74128443,,,,,,-0.14054604,-0.12479274,0.64220905,0.03970843,-0.8982771,-0.32526085,0.26197842
52.44723078,13.33148231,4.08928,5.69995,-5.6885386,1073553170000,41.86545,-1.5807654,0.5535962,-1.5060871,,,,,,-0.2340409,0.06163407,0.6944939,0.0414423,-0.9037456,-0.31092015,0.26284975
52.44704548,13.33152562,4.0722823,5.9329762,-5.436998,1073553173000,37.627605,-0.87460566,-0.1782198,-0.4725039,,,,,,-0.22054751,0.19042331,0.6841477,0.03081271,-0.8976589,-0.3248817,0.26378253
52.44680929,13.33164382,4.5264425,7.358902,-5.345225,1073553176000,38.365295,1.8046473,-0.8135192,0.93859375,,,,,,0.35156745,0.9586853,0.24526708,0.057304718,-0.88113946,-0.3596237,0.274827
52.44656164,13.33177271,4.216806,6.004161,-5.530209,1073553179000,36.166492,-1.2643374,-0.35292712,-0.75961035,,,,,,-0.008175691,0.3319383,0.7568683,0.017800426,-0.90166533,-0.32267115,0.25649193
52.44646378,13.33158914,4.5403285,7.2211604,-5.3515296,1073553182000,30.097387,1.2744167,-0.21487169,0.92393297,,,,,,0.36668614,0.92119133,0.25109807,0.017327351,-0.8844419,-0.36480635,0.25943658
52.44636642,13.33141934,4.160066,5.9844484,-5.484482,1073553185000,31.122164,-1.0603086,-0.8171843,-0.47494736,,,,,,-0.18710636,0.28506738,0.73001385,0.025488542,-0.901043,-0.31871092,0.2625452
52.44627822,13.33132043,4.368672,6.9874964,-5.2875276,1073553188000,36.20935,0.84070265,-0.012064579,0.95325446,,,,,,0.25105196,0.7298719,0.3364902,0.018856475,-0.8861526,-0.3625644,0.25750357
52.44620436,13.33130005,4.2397895,5.9581933,-5.6020327,1073553191000,27.30582,-1.1384993,-0.95646155,-0.6496547,,,,,,-0.12287343,0.20299493,0.4925026,0.013238628,-0.89843583,-0.3256403,0.26355702
52.44609906,13.33125691,4.495638,7.105765,-5.377067,1073553194000,24.123007,0.9457714,-0.058490302,1.041219,,,,,,0.34352624,0.8586939,0.31424618,0.010864358,-0.8854191,-0.36380845,0.25819215
52.44594039,13.33082234,4.1681256,6.016929,-5.3421917,1073553197000,23.01898,-0.41034842,-0.48243046,-0.16462806,,,,,,-0.2144242,0.2918295,0.6170547,-0.015415684,-0.8959641,-0.33509445,0.25658217
52.44581257,13.33060282,4.6392837,7.2894716,-5.1469936,1073553200000,19.132467,1.6384921,-1.916741,0.74189526,,,,,,0.385332,0.95426685,0.367929,-5.7941204E-4,-0.883282,-0.3731194,0.25550017
52.44569462,13.33046682,4.1550384,6.407326,-5.4592643,1073553203000,19.425013,0.123547405,0.5071705,0.52687085,,,,,,-0.12093472,0.44511402,0.4857306,-0.04157683,-0.8925037,-0.3583543,0.23569527
52.44557135,13.3303292,2.4754982,9.276494,-1.9261323,1073553206000,19.595598,0.077121675,-0.025503604,-0.011911863,,,,,,0.07312977,0.036022965,0.16582705,0.069489434,-0.77572936,-0.5902061,0.21150765
52.44556021,13.33026718,2.2339334,9.324057,-1.7603806,1073553209000,16.86265,-0.04382955,0.041691523,-0.19272783,,,,,,-0.28934434,-0.027331145,0.04852765,-0.0021425227,-0.76899755,-0.61685073,0.16696079
52.44555482,13.33024157,1.5514556,9.471773,-1.8980418,1073553212000,14.616039,0.11377356,0.11133011,0.038179047,,,,,,0.26833302,-0.017471345,-0.16545278,-0.02773478,-0.76360196,-0.63621026,0.06247955
52.44554326,13.33022322,1.4220946,9.549103,-1.7437817,1073553215000,14.431738,0.006261364,0.011148282,3.054324E-4,,,,,,0.010065706,-0.0038481713,-0.009331794,-0.036569946,-0.76597065,-0.6387245,0.0630615
52.44554008,13.33022209,1.4758025,9.551336,-1.668687,1073553218000,14.424987,-0.0035124724,0.0050396346,-0.0058032153,,,,,,0.016619703,-0.004112943,0.004026254,-0.041161772,-0.76400816,-0.6407877,0.0631393
52.44553836,13.33022278,1.5477848,9.561711,-1.548503,1073553221000,13.468136,0.0013744457,-0.0035124724,-0.0033597562,,,,,,0.026541447,-0.009111309,-0.002616795,-0.043441188,-0.7595119,-0.6457796,0.064963125
52.44553653,13.33022338,1.4868153,9.572965,-1.5072447,1073553224000,13.5603285,1.527162E-4,-0.013286309,-0.004581486,,,,,,0.016697628,-0.004443073,0.0045383335,-0.04231604,-0.75844735,-0.647366,0.062304594
52.44553538,13.33022386,1.4971898,9.58286,-1.4757226,1073553227000,13.554396,0.0050396346,-0.008399391,3.054324E-4,,,,,,0.017509528,-0.009843763,0.009721768,-0.038881015,-0.7576665,-0.6480988,0.06627556
52.4455341,13.33022468,1.4983068,9.580145,-1.4797927,1073553230000,13.549194,-0.0035124724,0.012370012,3.054324E-4,,,,,,0.015545051,-0.008065606,0.0029491186,-0.037834737,-0.757758,-0.6479724,0.06709694
52.44553288,13.33022536,1.4992644,9.587648,-1.4461155,1073553233000,13.5454445,-0.008399391,1.527162E-4,-0.011911863,,,,,,0.015551332,-0.00267423,-0.001417462,-0.039630495,-0.75622505,-0.6497268,0.066339985
52.44553181,13.3302258,1.3733348,9.633296,-1.2285718,1073553236000,13.53906,0.0050396346,0.024587307,0.003970621,,,,,,0.010217603,-0.0038281442,-0.008382408,-0.044619918,-0.74874336,-0.65918994,0.053440865
52.445531,13.330226,2.320919,9.337544,-2.3767016,1073553239000,13.534781,1.2389865,-0.08170316,0.743117,,,,,,0.09555117,0.103550605,-0.3185926,-0.10146351,-0.76735526,-0.622872,0.06012248
52.44549032,13.3302029,4.4197454,6.4259205,-5.505389,1073553242000,13.309677,-0.70967215,0.446084,-1.212872,,,,,,-0.9830199,0.09774999,-0.62244624,0.022967078,-0.8609671,-0.36447504,0.3217811
52.44537747,13.33013061,4.7351284,6.2414165,-5.402843,1073553245000,13.155435,0.49006626,0.3251328,0.8005383,,,,,,-0.60951525,0.4997383,-0.008913835,0.38691226,-0.7862783,-0.16296737,0.4345485
52.44528626,13.33011122,4.3924527,6.003123,-5.2635856,1073553248000,14.58203,-0.50197816,1.0777181,0.341168,,,,,,0.026821582,0.40689617,0.9183077,0.27717736,-0.8540716,-0.23179819,0.35018355
52.44517533,13.33016941,4.439537,5.7177463,-5.3567166,1073553251000,15.129222,-1.6785038,0.57558733,-2.0473132,,,,,,-0.21613799,0.1742502,0.7768465,0.24222782,-0.86727864,-0.23018971,0.34757152
52.44506591,13.33018862,4.528358,6.6133785,-5.150824,1073553254000,15.786201,1.688583,-0.19410229,1.0827578,,,,,,-0.09204527,0.45949486,0.34306362,0.24860166,-0.8464944,-0.26726872,0.3628408
52.44496248,13.33017793,4.414878,6.064491,-5.157368,1073553257000,16.228315,-2.2356124,0.6818778,-2.1316125,,,,,,-0.28877297,0.32833144,0.6634613,0.2609626,-0.8497715,-0.24214314,0.36439225
52.44486132,13.3302004,4.851881,7.3195577,-5.1295958,1073553260000,16.39564,1.706909,-1.1861467,1.0705405,,,,,,0.22389963,0.87906384,0.03964894,0.2986846,-0.8199469,-0.26390296,0.39308736
52.44472429,13.33014943,4.26772,6.0192432,-5.135501,1073553263000,15.997943,-2.164752,0.8223767,-1.9715661,,,,,,-0.3082447,0.3089913,0.7736465,0.28375408,-0.84899366,-0.22797492,0.36084506
52.44457958,13.33014781,2.4836383,9.349035,-2.021577,1073553266000,17.837934,0.2762636,-0.25396705,-0.030237807,,,,,,-0.048803058,0.10211047,0.21092436,0.3958554,-0.671578,-0.4405339,0.44501278
52.44449288,13.33008841,2.5080576,9.319269,-2.058047,1073553269000,21.217163,-0.10980295,-0.29917103,-0.07299834,,,,,,0.14847517,-0.022694191,-0.017770605,0.38621625,-0.6763281,-0.44852704,0.4383282
52.44427095,13.33026293,2.527051,9.390135,-2.0521414,1073553272000,18.242191,0.22250749,0.10033454,0.094378605,,,,,,0.04447105,0.10297349,0.009037197,0.38211462,-0.67816705,-0.44991314,0.4375809
52.444176,13.33026413,3.7589748,7.160909,-4.407057,1073553275000,18.026608,-1.3938407,-0.45188722,-1.0797035,,,,,,0.041195076,0.05695285,0.20628613,0.31728086,-0.78953964,-0.323697,0.37737343
52.44384814,13.33067806,4.226063,5.665875,-5.281222,1073553278000,17.103355,-1.5123485,-0.030390523,-0.9844086,,,,,,-0.43129238,-0.0902706,0.81851685,0.33978906,-0.8286894,-0.20146482,0.37358788
52.44367805,13.3308349,4.2526374,5.8083234,-5.360387,1073553281000,19.081125,-1.0884084,-0.42134398,-0.88667023,,,,,,-0.012233313,0.14527182,0.69586504,0.32399997,-0.8398035,-0.21463005,0.35416162
52.44345114,13.33099899,4.4917283,6.304062,-5.4824066,1073553285000,16.43572,0.69165164,-0.24297146,0.7199041,,,,,,0.017901676,0.17896579,0.22937758,0.29199317,-0.83848035,-0.2474385,0.36290553
52.44330678,13.33105801,4.728904,7.2203627,-5.226716,1073553288000,15.650882,1.5615231,-0.8990402,1.0839796,,,,,,0.2276822,0.7557422,-0.0076770782,0.30125704,-0.8203455,-0.26614258,0.38760674
52.44318979,13.33106372,2.8062832,9.230209,-2.3347251,1073553291000,15.604535,-0.076816246,0.14187334,-0.038789913,,,,,,0.21472429,0.12252461,-0.034585334,0.33690754,-0.71323293,-0.45946044,0.40696812
52.4430789,13.33103234,2.9421875,9.4874935,-2.5541844,1073553294000,15.115458,-0.48731738,-0.032833982,-0.12553272,,,,,,-0.43389875,0.3004588,-0.63499326,0.23717414,-0.7378115,-0.50368214,0.37712985
52.44297653,13.33109911,3.3495035,7.9500837,-3.5463789,1073553297000,17.864893,-0.11346813,0.11377356,-0.14385866,,,,,,-0.06691415,0.48089257,0.97194165,0.35739362,-0.7675827,-0.3241721,0.39060163
52.44281616,13.33121805,1.3755692,9.62723,-1.7835234,1073553300000,19.876347,-0.16966769,-0.20631959,-0.083993904,,,,,,-0.14629194,0.30396235,0.45458648,0.39723197,-0.67276126,-0.47350106,0.3978921
52.44276931,13.33132089,1.1158894,9.741747,-0.48496458,1073553303000,17.081594,0.022143848,0.01970039,0.012522728,,,,,,0.06314101,0.024532476,1.4965335E-4,0.37049067,-0.6224244,-0.5506533,0.41477165
52.4427686,13.33133493,1.1483694,9.714294,-0.55223876,1073553306000,17.077633,-0.0035124724,-0.019394957,0.008857539,,,,,,0.020908326,-0.007773876,-0.0058570057,0.37212563,-0.62391,-0.545685,0.41771
52.44276854,13.3313366,1.1451774,9.729458,-0.51441205,1073553309000,17.072767,-0.002290743,-0.016951498,-9.162972E-4,,,,,,0.026394581,-0.0019787787,0.013233725,0.36839896,-0.62548614,-0.54853266,0.41492182
52.44276865,13.33133689,1.0873199,9.728978,-0.625179,1073553312000,17.067842,-0.00962112,-0.0059559317,-0.004581486,,,,,,0.016752,5.9197744E-4,-0.0039777537,0.37812757,-0.6235864,-0.54293823,0.416384
52.44276864,13.33133708,1.1138942,9.735364,-0.5385924,1073553315000,17.061464,0.0050396346,0.016035201,-0.004581486,,,,,,0.016634626,-0.0033826192,0.0031103364,0.37267548,-0.62321734,-0.54698724,0.41652182
52.4427686,13.33133765,1.112378,9.737997,-0.56780046,1073553318000,17.055828,0.0013744457,-0.025503604,-0.0070249448,,,,,,0.022144977,-0.001004219,-0.0017503857,0.3825606,-0.61871123,-0.5398972,0.42350134
52.44276869,13.33133817,1.1106226,9.737918,-0.5816063,1073553321000,17.051332,0.0074830935,0.0025961753,-0.004581486,,,,,,0.023381304,0.0074622473,0.0063350378,0.3850956,-0.61776596,-0.53781635,0.4252256
52.44276875,13.33133832,1.0934646,9.731374,-0.6194332,1073553324000,17.048748,-0.0035124724,-0.0059559317,-9.162972E-4,,,,,,0.019120006,-0.0055274325,0.0014776607,0.39058617,-0.6157909,-0.5341841,0.42765665
52.44276432,13.33135077,1.099849,9.72866,-0.6021957,1073553327000,16.789755,0.011148282,0.003817905,-0.008246674,,,,,,0.0170245,-0.0045241355,-3.4049552E-4,0.3886954,-0.61618286,-0.5353571,0.42734864
52.44275885,13.33136634,1.1037593,9.72882,-0.64481056,1073553330000,16.480034,-0.007177661,-0.004734202,-0.0070249448,,,,,,0.025997687,-4.4787725E-4,0.0017933131,0.3921555,-0.61591464,-0.5323068,0.42838022
52.44275304,13.33138304,1.1490078,9.724031,-0.61648047,1073553333000,28.679777,0.006261364,-0.00962112,-0.004581486,,,,,,0.0128682135,-0.0031295777,0.0041556833,0.38628024,-0.61842036,-0.53443706,0.42745548
52.44274977,13.33139285,1.1257851,9.726824,-0.65813774,1073553336000,28.584965,0.003817905,-0.007177661,-9.162972E-4,,,,,,0.018692056,-0.0029239336,0.0039426624,0.3902893,-0.6175486,-0.5322487,0.4278076
52.44271484,13.33145018,4.7644167,5.622861,-5.811834,1073553339000,33.69563,-0.09880738,0.59513503,0.5439751,,,,,,0.045417953,-0.07307849,0.13972686,0.31935596,-0.836265,-0.20954245,0.36912888
52.44251334,13.3317394,4.5220537,5.969527,-5.4514422,1073553342000,21.83861,-0.80741054,0.9262237,-0.57879436,,,,,,-0.44803885,0.6427099,0.6490029,0.30721766,-0.8418312,-0.1927955,0.37718317
52.44241052,13.33180071,4.2646885,7.661675,-4.488936,1073553345000,15.337152,0.7515164,-0.32238388,1.0265583,,,,,,1.2484542,1.3140812,1.7110339,-0.113992795,-0.86930406,-0.38715327,0.14086904
52.44229364,13.33186417,5.0433283,7.2394357,-5.1485095,1073553348000,13.442334,2.0538802,-1.6552908,0.9813543,,,,,,-0.11070061,1.0573243,-0.1475951,-0.30937073,-0.8116166,-0.45364147,0.15716095
52.44221408,13.33176341,4.309218,5.9197283,-5.062482,1073553351000,12.433803,-1.9692754,-0.047494736,-1.4804308,,,,,,-0.6422273,0.3999258,0.835311,-0.2740976,-0.8490387,-0.39410144,0.17979039
52.44218478,13.33157229,2.4640863,9.417187,-1.7455373,1073553354000,12.214301,0.35323256,0.23961172,-0.0033597562,,,,,,-0.41006365,0.24764116,-0.13897109,0.0029899115,-0.76340115,-0.61220205,0.20446016
52.44213455,13.3313758,4.515989,6.2507524,-5.2745986,1073553357000,12.145809,1.4857758,-0.29672757,0.6050616,,,,,,-0.8278567,0.27517232,-0.22346511,0.35516694,-0.78830695,-0.19391963,0.4335943
52.44202413,13.3313809,4.579831,6.2885785,-5.0988708,1073553360000,11.85775,-2.0242531,0.6892082,-2.3722935,,,,,,0.16710609,0.7291105,1.0682052,0.3936742,-0.81060624,-0.17338638,0.3725843
52.44189443,13.3314769,5.1139545,7.03873,-5.009253,1073553363000,11.438343,1.7631085,-1.9741622,0.9459241,,,,,,0.36702397,0.84340614,0.4429571,0.35115844,-0.8059838,-0.21961074,0.40385467
52.44176238,13.33156352,4.4792,6.2254543,-5.167104,1073553366000,11.426741,1.6152792,-0.1904371,0.8616248,,,,,,-0.22049811,0.41256225,0.4650682,0.35184565,-0.81452084,-0.20286846,0.39045462
52.44165064,13.33161652,4.3122506,6.084602,-5.3342113,1073553369000,11.621054,-0.93324864,1.2854122,-0.6997456,,,,,,-0.11530458,0.22845797,0.5226921,0.3315265,-0.8260146,-0.21890588,0.3750512
52.44153644,13.33165169,4.34872,6.101999,-5.262468,1073553372000,11.664595,1.0545053,-0.016951498,0.93859375,,,,,,-0.15395078,0.19158979,0.48276526,0.2978921,-0.8361214,-0.22989398,0.3705263
52.44142292,13.3316973,4.5017037,6.2863445,-5.1498656,1073553375000,11.616301,-1.2704461,1.6336051,-0.95264363,,,,,,-0.085661665,0.4063761,0.48030034,0.34445685,-0.8135539,-0.21662907,0.38974005
52.44131708,13.33174951,4.580789,6.6193643,-4.938387,1073553378000,11.545214,1.6788092,-0.49831295,1.4529419,,,,,,-0.084984094,0.5288623,0.43511486,0.30804175,-0.82249933,-0.23565875,0.39207524
52.44121591,13.33176158,4.673121,6.1867504,-5.130873,1073553381000,11.900217,-1.3193152,0.08078687,-1.2165372,,,,,,-0.28710857,0.41081828,0.553078,0.30887333,-0.8316907,-0.21188493,0.38921186
52.44078361,13.33233139,5.01029,6.964912,-5.154894,1073553384000,12.688132,1.1082615,-0.18432845,0.8542944,,,,,,0.42081243,0.8426273,0.32304114,0.30147856,-0.82298404,-0.25254834,0.3881326
52.44063994,13.33241961,4.5100026,5.6996307,-5.354083,1073553387000,11.275024,-1.5538872,1.2670863,-1.271515,,,,,,-0.3119866,0.13679495,0.69005704,0.30245823,-0.8405627,-0.21323492,0.3728298
52.44050852,13.33253638,4.4070573,6.056112,-5.0241756,1073553390000,11.124855,-1.2802199,-0.40668324,-1.0063998,,,,,,-0.5446848,0.37535122,0.7065163,0.30841753,-0.83603275,-0.20762332,0.38114214
52.44032229,13.3326328,4.6725626,6.6015677,-5.18865,1073553393000,11.59419,1.3306162,0.066126116,0.7651081,,,,,,-0.2002841,0.26919097,-0.09666584,0.33768034,-0.80202866,-0.22603722,0.41563654
52.44017242,13.33274532,4.9455695,7.2530026,-5.1180243,1073553396000,11.51064,1.2450951,-0.99922204,0.78709924,,,,,,0.17158714,0.9450886,0.2661956,0.28808683,-0.8264424,-0.26046267,0.38832387
52.439984,13.33292906,4.4535823,5.621025,-5.297582,1073553399000,11.385408,-1.4292709,1.6788092,-1.0247257,,,,,,-0.21817069,-0.011421991,0.62138873,0.31003398,-0.8375311,-0.21402957,0.37294146
52.43983437,13.33303337,4.4983525,5.659889,-5.503794,1073553402000,11.306175,-1.4585924,0.7564033,-1.9825616,,,,,,-0.31639436,0.072941765,0.46237612,0.29331347,-0.84247905,-0.21022435,0.3784645
52.43972518,13.33309456,4.4637175,6.010225,-5.13598,1073553405000,11.383002,0.46318823,-0.22953244,0.27275112,,,,,,-0.25991645,0.20446482,0.53871804,0.34181932,-0.817709,-0.20788087,0.38994217
52.4396022,13.33316704,4.8667235,6.9418483,-5.026809,1073553408000,11.181657,1.2927426,0.09300416,0.87750727,,,,,,-0.07554706,0.54105264,-0.18178669,0.270789,-0.8200293,-0.27020347,0.40585008
52.43945883,13.33322821,4.9407816,7.101775,-5.0140405,1073553411000,10.984568,1.2304344,-0.7499892,1.2330306,,,,,,0.3550645,0.5728567,0.05348702,0.35095307,-0.7945052,-0.24355339,0.41207543
52.43931297,13.33333573,4.8268228,7.049584,-5.194077,1073553414000,11.162718,1.0789399,-0.751211,1.299004,,,,,,0.28991282,0.81636256,0.18574508,0.30775812,-0.82024133,-0.25418368,0.38791803
52.43915331,13.33344946,4.800088,5.839366,-5.17269,1073553417000,10.869944,-1.3852886,-0.42745262,-1.3448188,,,,,,-0.35073683,0.19461693,0.48226687,0.32412764,-0.8240765,-0.19772053,0.39902827
52.43899127,13.33359056,5.0201864,7.0659437,-4.903513,1073553420000,11.2298,1.8425208,-1.4769183,1.1670572,,,,,,0.31336975,0.7537501,0.24237005,0.31714648,-0.8138422,-0.24500349,0.4011744
52.43884933,13.33368603,4.6850915,5.9636197,-4.996565,1073553423000,10.777371,-1.6491822,0.24083345,-2.2769985,,,,,,-0.27570072,0.31079483,0.6172751,0.30146176,-0.83633804,-0.2096858,0.38649732
52.43870561,13.33378858,4.9404626,6.8532667,-5.0600076,1073553426000,10.944922,1.7350087,-0.67302024,1.6007712,,,,,,0.19844857,0.56247395,0.29849634,0.29058722,-0.8253197,-0.25247532,0.39082348
52.43858099,13.33387343,4.4495926,5.6622825,-5.1670237,1073553429000,11.484903,-1.8935281,1.9427028,-1.2519673,,,,,,-0.28869793,0.005089482,0.6371615,0.3088747,-0.8345862,-0.21201281,0.3801764
52.43843434,13.33398128,4.6590753,6.0783772,-5.3281465,1073553432000,11.42039,1.0361794,0.15286891,0.9410372,,,,,,-0.078741126,0.29857078,0.45551062,0.29529083,-0.8365011,-0.22633952,0.37626845
52.43828638,13.33408282,4.88867,6.724704,-5.2034936,1073553435000,11.198794,0.8944588,-0.3932442,1.0790926,,,,,,0.31565866,0.5043676,0.27154478,0.3154491,-0.81876695,-0.23939547,0.39386564
52.43808278,13.3342153,4.757234,5.775843,-5.2442727,1073553439000,10.979609,-1.3620757,-0.31627524,-1.5036436,,,,,,-0.1929725,0.24533036,0.5206126,0.28009477,-0.84347975,-0.21385771,0.38328123
52.43795374,13.33429252,5.143562,7.084777,-4.919873,1073553442000,11.0127125,1.9842415,-1.4720314,1.1487312,,,,,,0.26447687,0.80112803,0.26023385,0.29464996,-0.8205912,-0.25188935,0.40045914
52.43780981,13.33438457,4.6522126,5.801939,-5.073893,1073553445000,10.952573,-1.7163773,0.5658135,-2.1499386,,,,,,-0.40721357,0.31337088,0.7264421,0.31124398,-0.8328971,-0.19715841,0.39152944
52.43766096,13.3344997,3.1818373,8.005627,-2.8349328,1073553448000,11.258237,0.24205516,-0.021838415,-0.19883649,,,,,,-0.045211554,0.02930034,0.33769757,0.3738197,-0.71982163,-0.35512426,0.4320102
52.43753558,13.33456252,2.5335948,9.283916,-1.9592506,1073553451000,11.083232,0.2762636,0.28848088,0.055283263,,,,,,0.47133282,0.13655528,0.86267734,0.2666977,-0.7546099,-0.5066772,0.31253693
52.43741629,13.33450066,4.431716,5.404519,-5.592216,1073553454000,11.710053,-1.3657409,1.3318379,-0.6215549,,,,,,-0.37120888,0.23769024,0.69134843,-0.3078342,-0.8481117,-0.37633035,0.15811981
52.43734803,13.33427201,4.504098,5.4971704,-5.30285,1073553457000,12.700844,-1.2411245,1.6653701,-0.82191855,,,,,,-0.77897924,0.08985468,0.4262544,-0.31465232,-0.8292705,-0.40481573,0.17862695
52.43729252,13.33402874,4.603852,5.76076,-5.2053294,1073553460000,12.118583,-1.8605413,0.10399973,-1.5720605,,,,,,-0.5390848,0.33416986,0.56346446,-0.28342155,-0.8433193,-0.3944998,0.18908721
52.43722395,13.33380359,4.9798856,6.9353046,-4.8201985,1073553463000,11.150984,1.9084942,-0.82451475,0.9581414,,,,,,-0.09731415,0.74598527,0.15373303,-0.24768692,-0.8297703,-0.44309494,0.18712166
52.43716828,13.33356789,4.4675474,5.7314734,-5.1292768,1073553466000,11.814888,-1.7432554,1.9390376,-1.4682134,,,,,,-0.40834782,0.08765443,0.66111845,-0.24995987,-0.8518335,-0.39968207,0.18013649
52.43708128,13.33331685,4.691635,6.4405255,-5.1331077,1073553469000,12.714014,1.6629267,0.3006982,1.3319906,,,,,,-0.07391457,0.4160185,0.30503896,-0.24057885,-0.8460312,-0.41803876,0.17651065
52.4370231,13.33309516,4.7033668,6.0372787,-4.9059076,1073553472000,12.629939,-2.065792,1.4430153,-1.9703443,,,,,,-0.19884148,0.2835874,0.6151769,-0.24326712,-0.8510851,-0.40285254,0.18745755
52.43697391,13.33286066,3.2191055,8.380144,-2.4323246,1073553475000,12.391064,0.16019928,-0.12202024,0.160352,,,,,,-0.078622535,0.13295409,0.37542835,-0.11009715,-0.78852934,-0.56665117,0.1420577
52.43693923,13.33260502,2.7795484,9.087999,-1.7694784,1073553478000,12.2875,-0.032833982,0.022143848,0.046731155,,,,,,-0.034005776,-0.10820491,-0.030409114,-0.044929538,-0.7655254,-0.62439233,0.1473204
52.43687582,13.33242155,2.289557,9.434025,-1.5398842,1073553481000,11.457022,-0.11835505,0.18219042,0.049174614,,,,,,-0.059259143,0.16500475,0.37482557,-0.06154372,-0.770755,-0.6238831,0.11121322
52.43683151,13.33227305,4.806313,5.6980357,-5.394623,1073553484000,12.610433,-0.7976367,0.7234166,-1.6893466,,,,,,-0.8866823,-0.010879135,-0.57272965,0.1578868,-0.8436724,-0.2755529,0.39540577
52.43673069,13.33232086,4.7357664,5.5106564,-5.2235255,1073553487000,12.451538,-1.2264638,1.3782637,-0.5897899,,,,,,-0.086990684,0.37245655,1.1341559,0.38809544,-0.8160116,-0.14753677,0.37933484
52.43660326,13.33236647,4.5831037,5.506188,-5.285851,1073553490000,13.718117,-1.5722132,1.552971,-1.8066326,,,,,,-0.29961246,0.16796494,0.89630187,0.3418268,-0.83148944,-0.17693065,0.37845775
52.43642052,13.33257348,4.622287,6.2142024,-5.1679015,1073553493000,12.646485,0.97020596,-0.17088942,0.79198617,,,,,,-0.18452106,0.4292056,0.48992023,0.33574894,-0.81896937,-0.20295069,0.39333186
52.43627086,13.33269036,5.043567,7.111352,-4.944692,1073553496000,12.898453,1.3672681,-0.87338394,1.0436624,,,,,,0.2516623,0.798865,0.2764473,0.32513663,-0.81072277,-0.24013764,0.4033118
52.43609537,13.33282027,4.6911573,5.7482305,-5.1473126,1073553499000,13.412663,-1.6369649,1.0997093,-2.0473132,,,,,,-0.2661761,0.21331199,0.7291778,0.31596863,-0.8327339,-0.19865401,0.3876826
52.43600536,13.33284398,4.6491003,6.134957,-5.1049366,1073553502000,14.806882,0.65866494,-0.39813113,0.6808088,,,,,,-0.14066178,0.3491233,0.5182115,0.3201045,-0.824653,-0.216515,0.38711604
52.43585436,13.33298306,5.0750103,7.192271,-4.898166,1073553505000,14.522726,1.941481,-1.5380048,1.2818997,,,,,,0.28453675,0.7186422,0.061107986,0.34714666,-0.7944842,-0.2351481,0.42085588
52.43567356,13.33321457,4.6164603,6.347713,-5.0367846,1073553508000,15.774123,-0.23319763,1.2023346,0.31062475,,,,,,-0.16843583,0.3205802,0.32371196,0.31688902,-0.8171919,-0.23001233,0.39964083
52.43551466,13.3334003,4.504257,5.481688,-5.1723704,1073553511000,14.297348,-1.509905,0.93966275,-2.0045528,,,,,,-0.26869977,0.0020918052,0.8989329,0.34468746,-0.8283424,-0.1822243,0.38026598
52.4354039,13.33347046,4.7345705,5.6640396,-5.1986256,1073553514000,14.11042,-1.387732,-0.2771799,-1.3277146,,,,,,-0.21442431,0.12888046,0.5871588,0.35008267,-0.8182872,-0.17900151,0.39605147
52.43530782,13.33351093,4.6317034,5.83386,-5.090094,1073553517000,12.963101,-1.1116211,-0.31261006,-0.92087865,,,,,,-0.3577295,0.16024163,0.4140787,0.3263666,-0.820549,-0.19775386,0.40298054
52.43520446,13.3335961,4.7708006,5.8031363,-5.2283926,1073553520000,12.7288065,-1.0151045,-0.24297146,-0.96608263,,,,,,-0.20566379,0.1644289,0.43562678,0.3618312,-0.80921626,-0.17979234,0.40378025
52.43507953,13.33369111,4.7514887,6.1792502,-5.0197864,1073553523000,13.580788,0.22983788,-0.25885394,0.17379104,,,,,,-0.08295209,0.26107258,0.41945964,0.34636572,-0.81285244,-0.2028596,0.39807865
52.43497909,13.33376367,4.8784547,6.6016483,-4.9739,1073553526000,13.311665,1.295186,0.07956514,0.6881392,,,,,,-0.041444764,0.3961135,0.21878849,0.3157996,-0.8116602,-0.23593278,0.40873095
52.43486311,13.33385064,5.0600877,7.0742426,-4.88444,1073553529000,13.138102,1.5004367,-0.80741054,1.2183698,,,,,,0.33576146,0.6363569,0.14848973,0.33918515,-0.79854286,-0.24455903,0.4133646
52.4347155,13.33401896,4.880849,6.5250373,-5.1161895,1073553532000,13.481523,0.33735007,0.23716825,0.8005383,,,,,,0.085600734,0.44732475,0.23862107,0.32964677,-0.8114349,-0.2288206,0.4019533
52.43458249,13.33410675,4.561715,5.6176734,-5.0535436,1073553535000,13.929731,-1.8409938,1.2524256,-1.9727879,,,,,,-0.30093923,0.058984313,0.69754785,0.31017444,-0.83176005,-0.20802662,0.3866445
52.43446239,13.33423546,2.463368,9.246649,-1.8857517,1073553538000,13.213286,-0.058490302,0.057574004,0.09071342,,,,,,0.0822268,-0.039252315,0.032269876,0.40428153,-0.65950966,-0.4401402,0.45581424
52.43423377,13.334523,2.518193,9.25343,-1.9811968,1073553541000,13.7524395,-0.03405571,0.035582874,-0.015577052,,,,,,0.11931839,-0.013725344,0.061919995,0.4052491,-0.6628987,-0.4354189,0.4546088
52.43411958,13.33456872,2.5055842,9.302751,-2.0297966,1073553544000,15.210329,0.028252495,-0.06459895,0.018631376,,,,,,-0.0021869023,0.05750079,-0.05859648,0.3903995,-0.66952336,-0.442416,0.45115465
52.43401299,13.33458616,2.4747002,9.257581,-2.0161505,1073553547000,15.6989,0.024587307,0.20540328,-0.109650224,,,,,,-0.16575027,0.060828336,0.0061065755,0.4000685,-0.66446704,-0.43110105,0.46095902
52.43390183,13.33470527,2.4691937,9.351909,-2.0090477,1073553550000,15.584031,-0.32238388,-0.44944376,0.1273653,,,,,,-0.086334415,0.07300074,0.047735825,0.4656194,-0.62445676,-0.3841197,0.49559125
52.43380766,13.33483968,2.5910537,9.247366,-2.23952,1073553553000,23.815638,-0.26251915,0.33246315,0.045509428,,,,,,0.26216504,-0.09151561,0.24925406,0.49413604,-0.6173224,-0.36741096,0.48956642
52.4337096,13.33508355,4.406897,5.7436023,-5.094881,1073553556000,20.152275,-1.5612177,1.1375829,-1.0296125,,,,,,-0.078280225,-0.003587707,0.794314,0.4676828,-0.761443,-0.1478724,0.40140212
52.4335353,13.33529823,4.4997888,5.764432,-5.1247277,1073553559000,21.203005,-1.5196788,-0.39202246,-1.1908809,,,,,,-0.26525277,0.097413935,0.6153196,0.44683847,-0.76920074,-0.13828605,0.41387147
