97#1#0
key,lat,lon,ts,bike,childCheckBox,trailerCheckBox,pLoc,incident,i1,i2,i3,i4,i5,i6,i7,i8,i9,scary,desc,i10
,,,,1,0,0,0,-5,0,0,0,0,0,0,0,0,0,0,,0

=========================
97#1
lat,lon,X,Y,Z,timeStamp,acc,a,b,c,obsDistanceLeft1,obsDistanceLeft2,obsDistanceRight1,obsDistanceRight2,obsClosePassEvent,XL,YL,ZL,RX,RY,RZ,RC
52.48519664411374,13.268875793502255,-3.261717,9.169973,-2.8587456,1692381583000,4.478289,2.528066,-0.3791946,-0.63697976,,,,,,-0.118688755,1.1091675,0.011588288,0.2544373,0.75594574,0.44092244,0.36723292
,,-3.196791,8.151548,-3.336054,1692381583110,,1.3637567,1.1577424,-0.7128797,,,,,,-0.85731417,-0.09180145,-0.06731966,0.4371054,0.6789334,0.37614343,0.39761373
,,-3.34716,8.404032,-3.4608796,1692381583363,,2.379931,-0.6507242,-0.026419923,,,,,,-0.9206561,0.25863707,-0.16749576,0.40021536,0.7070767,0.38697565,0.38122305
,,-3.2881172,8.063274,-3.0802608,1692381583616,,-2.4010057,1.7767016,0.17119499,,,,,,-0.6859807,-0.056177195,0.1484075,0.3724774,0.72267574,0.39400175,0.382139
,,-3.232544,8.378071,-2.8712473,1692381583871,,-1.0748174,-0.9240864,-0.712727,,,,,,-0.6400785,0.101744905,0.14477564,0.34634194,0.73008704,0.41328147,0.37747452
,,-3.4137604,8.987642,-2.7644873,1692381584123,,-1.757612,-0.01985312,0.28389964,,,,,,-0.6558082,0.77754366,-0.021328608,0.33340654,0.7255007,0.41939667,0.38717836
,,-3.2270005,8.210632,-2.8214967,1692381584376,,2.0503693,1.8489364,-0.66248333,,,,,,-0.28118992,0.048929993,-0.09788771,0.3212538,0.7313185,0.42002767,0.38615078
,,-3.5682368,8.91488,-3.663252,1692381584627,,2.3735168,-1.5855007,0.057726767,,,,,,-0.34678468,1.1478862,0.032365687,0.30682582,0.76993626,0.38557723,0.3644084
,,-3.296233,7.2894955,-3.1998217,1692381584878,,-2.8183796,1.7608191,0.45448375,,,,,,0.09081521,-0.043732468,0.9337111,0.30027723,0.78354716,0.3623125,0.3575062
,,-3.1059837,8.60495,-2.8682966,1692381585128,,-1.7104226,-1.0748174,-0.627664,,,,,,0.074019276,0.64138764,0.7915287,0.2694926,0.779081,0.40896866,0.35257044
,,-3.2589247,8.462237,-3.0107698,1692381585633,,2.393981,2.1163425,-0.45814893,,,,,,-0.019687764,0.46401682,0.092318185,0.24964872,0.76783276,0.43057877,0.35965738
,,-3.653222,8.061379,-3.545984,1692381585885,,-2.4952319,1.5326608,0.2948952,,,,,,-0.2576904,0.7069345,0.6216755,0.24814329,0.80824393,0.37697405,0.331386
52.48510803887738,13.268723467797017,-1.1202794,7.82447,-6.36423,1692381586000,4.6883163,2.4953845,0.7874053,0.257327,,,,,,-0.06457874,1.4628296,0.4970835,-0.021451412,0.66025186,0.29463747,0.04349109
,,-3.2669806,7.4586864,-3.0720253,1692381586136,,-1.5311338,-0.3717115,-0.8730792,,,,,,-0.013400134,-0.06405716,1.0981709,0.23239341,0.8104982,0.39283562,0.31659567
,,-3.3872404,9.273643,-2.9722245,1692381586387,,2.0841196,-0.15882497,-0.98456204,,,,,,-0.3311297,1.179041,0.24728706,0.20505849,0.7841747,0.45568144,0.32284692
,,-3.46062,9.310693,-3.125824,1692381586641,,4.7833805,-0.86452705,0.49189925,,,,,,-0.25066194,1.381125,-0.008152136,0.18216006,0.78972566,0.45179865,0.3201629
,,-3.2387457,7.3727055,-3.4807198,1692381586895,,-3.9895608,1.6424639,0.39736784,,,,,,-0.08219735,0.4893088,1.1708986,0.16205175,0.8413865,0.37545025,0.27573082
,,-2.6826136,7.6172915,-3.9858441,1692381587152,,-0.59330285,-1.4056009,-0.52320606,,,,,,0.06471288,0.8825418,1.2679214,0.1279549,0.86213213,0.37159473,0.22184971
,,-2.1116855,8.404571,-4.1165524,1692381587406,,1.7777706,0.53801954,0.32284227,,,,,,0.11421283,1.2670152,0.9087999,0.082436115,0.85937154,0.4117816,0.18675044
,,-1.9377077,7.944131,-4.8999424,1692381587658,,1.8231273,0.086437434,0.44501534,,,,,,0.013305887,1.5200976,0.8072973,0.045178197,0.87931573,0.37708867,0.14922905
,,-1.4098908,6.1581087,-5.4593444,1692381587909,,-3.396258,-0.20433442,-0.81214535,,,,,,0.09979523,0.6331204,1.4984467,0.022117607,0.7291479,0.26291412,0.09445052
,,-1.2014562,6.1755757,-6.1355367,1692381588162,,0.67256266,0.007941248,-0.04795292,,,,,,-0.073404565,0.62442803,1.2188213,0.0011535196,0.73536587,0.2689818,0.057920106
,,-1.2470394,6.534101,-6.408098,1692381588667,,-1.2835805,0.8969029,0.5627596,,,,,,-0.315352,0.98633176,0.8986272,-0.026780257,0.54620385,0.21506526,0.039904095
,,-1.1663017,5.7478986,-6.5196843,1692381588917,,-2.6699393,-1.7815884,-0.7680103,,,,,,-0.31322747,0.7079116,1.3966669,-0.019742656,0.3664168,0.13117842,0.029712994
52.48500598240473,13.268552018852349,-1.7447665,6.49133,-6.673383,1692381589000,4.6884594,-2.4491115,1.0592403,0.6258314,,,,,,-0.46184555,0.8072337,0.72520363,-0.05006599,0.8646538,0.30494103,0.060347654
,,-1.4210374,6.58439,-6.645787,1692381589168,,1.0983357,0.77778417,-0.32818735,,,,,,-0.32587418,0.9471331,0.5791557,-0.029021995,0.3496949,0.17372051,0.041554112
,,-1.4050654,7.7157364,-6.7696347,1692381589420,,2.8490756,-0.41691554,0.600786,,,,,,-0.07075432,1.5688915,0.1938571,-0.053921957,0.5341021,0.2489082,0.045260686
,,-1.2613566,6.0058255,-6.612127,1692381589672,,-2.5004241,0.84589565,0.10125092,,,,,,0.009944644,0.8680581,0.98163223,-0.060635433,0.55218273,0.19070697,0.044285323
,,-1.3161122,5.900661,-6.576234,1692381589922,,-1.4306464,-1.3193163,-0.01817324,,,,,,-0.114951245,0.9315222,1.2026144,-0.06713107,0.6189465,0.20175402,0.043255888
,,-1.586521,6.915318,-6.683472,1692381590172,,1.5230398,1.174083,-0.26190847,,,,,,-0.08016233,1.1321957,0.4617217,-0.074025355,0.7291806,0.28815648,0.057668548
,,-1.6443876,7.2191463,-6.8852277,1692381590425,,2.179567,-0.54550266,0.4720461,,,,,,-0.06286543,1.4342088,0.18181978,-0.08895484,0.9216725,0.3380993,0.06049443
,,-1.4282562,5.8308306,-6.493164,1692381590683,,-3.3819027,-0.33673948,-1.185384,,,,,,-0.20308672,0.7007729,1.3818692,-0.074728526,0.87531555,0.27323478,0.048412226
,,-1.6331614,6.216892,-6.600283,1692381590938,,1.0520626,0.4821254,0.25961772,,,,,,-0.36574122,0.7836126,1.0119282,-0.06134696,0.8677368,0.29183057,0.058440812
,,-1.7217556,7.570552,-6.506743,1692381591188,,2.8942795,0.7339546,0.43081272,,,,,,-0.40234363,1.2696408,0.63437384,-0.058529727,0.85436743,0.33969218,0.061883952
,,-1.4304093,6.323871,-6.4426956,1692381591698,,-1.5635096,-2.1653645,-0.31444287,,,,,,-0.3519512,0.844829,1.3159934,-0.044795092,0.74520355,0.25159082,0.048504792
,,-1.7703297,6.893183,-6.457451,1692381591951,,1.0833695,1.5511396,-0.24709499,,,,,,-0.45734274,0.809228,0.6909901,-0.03549838,0.72977895,0.28947008,0.06407847
52.48489199454625,13.268378745020273,-1.5081562,6.513064,-6.221738,1692381592000,4.688601,1.0494665,0.8378017,-0.18448131,,,,,,-0.17180255,0.89297426,0.9504543,-0.0284322,0.8656704,0.3039221,0.061166577
,,-1.5917255,7.6628156,-6.589535,1692381592202,,2.3107505,-0.45265114,0.31597003,,,,,,-0.21121016,1.2745954,0.26020238,-0.038473845,0.7896493,0.32390144,0.06521122
,,-1.4208981,6.1931243,-6.333064,1692381592458,,-3.1458032,-0.7328856,-0.9418015,,,,,,-0.2839032,0.5423778,1.0458878,-0.03145318,0.8070194,0.27700272,0.052151263
,,-1.5564911,6.5641713,-6.6056857,1692381592712,,0.61453044,0.6206391,0.083383106,,,,,,-0.26439637,0.7850749,0.56632996,-0.026784517,0.8018218,0.28676498,0.058798354
,,-1.4917454,7.771809,-6.537072,1692381592962,,2.8948903,0.52824575,0.57650405,,,,,,-0.048735283,1.2752753,0.26854578,-0.0305233,0.78808564,0.33083507,0.06695203
,,-1.5263817,6.7171717,-6.538448,1692381593220,,-2.4859161,0.6589709,0.13225232,,,,,,-0.08892195,0.8229258,0.6004918,-0.03229243,0.9264895,0.33119926,0.06508168
,,-1.3208579,6.467798,-6.209714,1692381593471,,-1.8003726,-2.0190623,0.1337795,,,,,,-0.03932559,0.99057215,1.3017068,-0.03523548,0.93674874,0.30977547,0.05210892
,,-1.673221,6.9789057,-6.376833,1692381593723,,1.3579534,1.4417948,-0.21792617,,,,,,-0.18100971,1.0438209,0.62075454,-0.03256518,0.9228133,0.34184045,0.067481354
,,-1.5440483,7.620382,-6.559206,1692381593974,,2.3425155,-0.9297369,0.37827832,,,,,,-0.018963259,1.488494,0.3043351,-0.034393255,0.85501415,0.33732775,0.06758458
,,-1.2998811,6.2093954,-6.110511,1692381594226,,-3.10121,-0.9772317,-0.75793105,,,,,,-0.039584614,0.7269534,1.3395866,-0.033548284,0.87144375,0.29324427,0.053432304
,,-1.4695318,7.687781,-6.338447,1692381594730,,3.3835826,0.28115073,0.48838675,,,,,,-0.04004557,1.3835354,0.40842506,-0.026878865,0.8536958,0.34311137,0.069402486
,,-1.3382856,6.504729,-6.4251275,1692381594982,,-2.905886,0.4877759,-0.30207285,,,,,,-0.055935975,0.7282554,0.71620786,-0.019069916,0.8639688,0.30805466,0.06651068
52.48478567141391,13.268193490688862,-1.9276181,7.347282,-6.531309,1692381595000,4.6887403,-1.1044444,0.35460728,0.36193767,,,,,,-0.35466295,1.2728336,0.41835484,0.0376466,0.91986495,0.34117052,0.10430908
,,-1.189452,6.45105,-6.2428346,1692381595234,,-1.3075571,-1.7289014,0.13820826,,,,,,-0.058460966,0.87006986,1.2248005,-0.0162451,0.87274253,0.28984582,0.05889269
,,-1.5810374,7.040721,-6.316852,1692381595484,,1.6310102,1.3223705,-0.14355333,,,,,,-0.13686252,0.9818018,0.6909866,-0.010829689,0.92323357,0.34008276,0.07970233
,,-1.554158,7.4521074,-6.541399,1692381595740,,0.33185256,-0.03359759,0.59696805,,,,,,-0.048772834,1.3857657,0.35503808,-0.0072613293,0.92206687,0.34462625,0.08270349
,,-1.2870595,6.2595043,-6.0775695,1692381595991,,-2.713158,-1.4676038,-0.6041457,,,,,,-0.051847514,0.72978556,1.4132437,-7.1646314E-4,0.9381399,0.30449456,0.06827038
,,-1.593261,6.5389857,-6.348517,1692381596246,,1.4402676,0.7991645,-0.31505376,,,,,,-0.14482118,0.8479125,0.8485604,0.006615876,0.9297716,0.31836066,0.08305154
,,-1.5537196,7.8088765,-6.2447686,1692381596497,,3.34464,-0.4859433,0.21303925,,,,,,-0.014433736,1.4679025,0.45637372,0.00883768,0.9190894,0.3545004,0.09209244
,,-1.4626127,6.5013585,-6.251967,1692381596749,,-2.8163943,-0.022296581,-0.3846924,,,,,,-0.09021948,0.85576665,0.9902571,0.019987317,0.9300546,0.31782323,0.0878456
,,-1.5257237,6.5610003,-6.137611,1692381596998,,-1.0864239,-0.42760566,0.6105598,,,,,,-0.2181192,0.99302167,1.2306386,0.026220372,0.9340054,0.30825657,0.08686359
,,-1.7962322,7.3344007,-6.237331,1692381597250,,1.832443,1.9507982,0.054519724,,,,,,-0.24105579,1.0756975,0.64820755,0.03436146,0.91879255,0.34581706,0.10412791
,,-1.7556739,6.41727,-5.8816175,1692381597758,,-2.3081543,-1.8350391,-0.5103779,,,,,,-0.44377592,0.83978355,1.6210287,0.03973349,0.9347049,0.30829078,0.08529356
52.484670189836386,13.267998394207133,-0.9232506,5.8879986,-6.440721,1692381598000,4.1790876,-2.3800838,-0.58200186,-0.77381355,,,,,,-0.03747629,0.35861695,0.65202916,-0.011814256,0.6788325,0.24318027,0.050904557
,,-2.0167708,6.671649,-6.3395243,1692381598010,,1.8008307,0.9579894,-0.5535966,,,,,,-0.46466205,0.7771356,0.941713,0.04247097,0.92371696,0.3281276,0.09996426
,,-1.9181864,7.760482,-6.4672213,1692381598264,,3.4255795,-0.34681875,0.25320363,,,,,,-0.23511511,1.3022916,0.36191633,0.034278534,0.9149476,0.3603247,0.10006793
,,-1.6886947,6.3326044,-6.41765,1692381598516,,-2.218357,0.16340645,-0.52855116,,,,,,-0.29070988,0.573538,0.96553314,0.03195485,0.929351,0.32033387,0.08108785
,,-1.6526628,6.30421,-6.3711104,1692381598768,,-1.4393512,-0.7255552,0.6786713,,,,,,-0.36766237,0.6834069,1.1795086,0.025203144,0.93389237,0.31301117,0.07206827
,,-1.6723439,7.111848,-6.219704,1692381599018,,1.5066991,1.4033102,-0.44700065,,,,,,-0.18487154,0.7059796,0.60524917,0.023677884,0.9149906,0.36029655,0.0893277
,,-1.4016557,7.4730844,-6.7005816,1692381599269,,2.6244297,-0.16600263,0.11713341,,,,,,-0.009513375,0.9329681,-0.17495015,0.01504104,0.9133173,0.3678065,0.08507522
,,-1.0996816,5.979185,-6.301478,1692381599522,,-2.0599904,-0.52458054,-0.79137594,,,,,,-0.14522046,0.28296292,0.7872296,0.0091023985,0.8047594,0.28441253,0.059784003
,,-1.3296716,6.260261,-6.258706,1692381599774,,-0.9195049,-0.9816604,0.34025195,,,,,,-0.29256243,0.31398055,0.6202203,0.0036535093,0.79845786,0.2982643,0.06562405
,,-1.405524,7.5673404,-6.2627153,1692381600026,,1.9706513,1.502423,-0.16493362,,,,,,-0.06413753,0.80555254,-0.10823708,-0.0014368867,0.77866364,0.35088584,0.084405966
,,-1.1565309,7.1171713,-6.268717,1692381600276,,2.6983445,-0.5511532,0.42485678,,,,,,0.005902916,0.7466368,0.07550011,-0.008009586,0.78718835,0.32983646,0.07219401
,,-1.236212,6.385407,-6.385068,1692381600780,,-0.68752885,-0.014202617,0.7377725,,,,,,-0.109245926,0.5395828,0.6135239,-0.019372147,0.6689493,0.26440808,0.060905147
52.484551363928965,13.26781024401693,-0.91154575,5.8290153,-6.3615384,1692381601000,4.179621,-2.6925414,-1.2276864,-0.75609845,,,,,,0.030240448,0.35603315,0.882247,-0.016448153,0.2976728,0.12363027,0.035985444
,,-1.5387446,7.7484384,-6.510871,1692381601030,,1.4479034,2.0500638,0.3203988,,,,,,-0.079844,1.1188092,-0.03491346,-0.028678818,0.7804926,0.34488207,0.075651236
,,-1.2773087,6.986184,-6.612665,1692381601280,,1.4414892,-0.12751812,0.4466952,,,,,,0.043513697,0.8875257,0.19958742,-0.034620874,0.791881,0.31450891,0.06358982
,,-1.0118251,5.7050276,-6.5953765,1692381601531,,-2.706744,-0.5652031,-0.8713993,,,,,,-8.276721E-4,0.3415863,0.87182844,-0.03832143,0.7456648,0.25073153,0.042659976
,,-1.3086548,6.465248,-6.649594,1692381601783,,0.4485278,-0.41890085,0.3016147,,,,,,-0.1259312,0.5671014,0.43986422,-0.043253623,0.73147523,0.28337625,0.052292287
,,-1.5420747,7.693145,-6.5454664,1692381602035,,1.5399913,1.4020884,0.3284928,,,,,,-0.14923416,1.0213377,-0.08280133,-0.054821435,0.8435453,0.3648583,0.062698044
,,-1.2532808,6.7518888,-6.7325854,1692381602285,,0.19883664,-0.116980694,0.28909197,,,,,,-0.09354305,0.7086583,0.21022156,-0.04062325,0.66710293,0.26937684,0.05087592
,,-0.92943203,5.6388264,-6.446604,1692381602536,,-2.9437597,-1.2754866,-0.821461,,,,,,-0.059900265,0.16841458,0.8174498,-0.03427943,0.5538409,0.19573091,0.035264973
,,-1.2224133,6.6760955,-6.496753,1692381602785,,0.73838335,0.743423,0.12736541,,,,,,-0.15909837,0.6391286,0.1906547,-0.03523291,0.5357859,0.23848496,0.04891251
,,-1.3205389,7.886205,-6.5442104,1692381603039,,1.7313448,0.77350813,0.48808134,,,,,,-0.0441893,1.1586348,-0.3375262,-0.036319237,0.5242241,0.27176586,0.056773677
,,-1.0864412,6.517431,-6.455955,1692381603289,,-1.0630583,0.30741793,0.4280638,,,,,,0.024556423,0.615126,0.32325637,-0.024034163,0.41480362,0.1856153,0.047111053
,,-1.2660623,6.8351583,-6.2554154,1692381603794,,1.1073459,0.8868236,-0.019547688,,,,,,-0.0047877114,0.64162785,0.28437042,-0.029439695,0.4692393,0.22793618,0.0532862
52.484431251671715,13.267612481560915,-1.4308082,6.4647093,-6.385466,1692381604000,4.1801553,0.25350907,-0.03191771,0.3744604,,,,,,-0.40144625,0.51390934,0.79192173,-0.016129186,0.605533,0.24523616,0.048634347
,,-1.3278569,7.8464246,-6.459963,1692381604048,,2.5227208,0.11438452,0.5190827,,,,,,0.16643365,1.2091986,-0.091496736,-0.036610078,0.58732325,0.29274723,0.062055696
,,-1.188834,6.3420177,-6.405147,1692381604301,,-2.1746802,0.70524395,0.1611157,,,,,,0.14046851,0.52888954,0.63597053,-0.028150117,0.6090003,0.23559234,0.050934076
,,-1.2031909,5.9455657,-6.2275605,1692381604552,,-1.7919732,-2.2374468,-0.7788532,,,,,,-0.031617228,0.42819378,1.069652,-0.026571663,0.6148489,0.2225714,0.0449082
,,-1.470569,7.049016,-6.3211994,1692381604804,,1.1096367,1.1540772,-0.18387043,,,,,,-0.0015667498,0.6928851,0.25567707,-0.031171072,0.7213875,0.31355235,0.062879406
,,-1.4251052,7.781818,-6.6345,1692381605056,,2.6691756,0.29458976,0.55939984,,,,,,0.15850495,1.1648797,-0.26394305,-0.03217958,0.7809139,0.3438069,0.069499776
,,-1.1712868,6.1820164,-6.5613,1692381605310,,-2.4020748,0.58459806,-0.44593164,,,,,,0.060468,0.4735213,0.6347902,-0.022780139,0.8030961,0.2859427,0.052579336
,,-1.3068601,6.059464,-6.4796643,1692381605561,,-1.5583172,-1.3153456,-0.101556346,,,,,,-0.23031713,0.42547086,0.8495508,-0.017513555,0.6779718,0.24206965,0.047653653
,,-1.5247266,7.2944403,-6.3355155,1692381605811,,1.3434454,1.1633929,-0.27473664,,,,,,-0.21717635,0.7968538,0.225139,-0.018830437,0.65581363,0.30037963,0.062445115
,,-1.3828521,7.5876017,-6.6620364,1692381606062,,3.4158058,-0.6102544,0.4382958,,,,,,-0.053598452,1.0223829,-0.08801766,-0.01700753,0.5905259,0.2862717,0.06287411
,,-1.1180664,6.10804,-6.450929,1692381606314,,-3.7493382,0.21303925,-0.9045387,,,,,,-0.14409159,0.33913657,0.97035015,-0.0144956475,0.5480126,0.21382591,0.04351318
,,-1.5239488,7.806185,-6.2940807,1692381606823,,1.8892535,1.640784,0.66950834,,,,,,-0.2992357,1.0384537,0.22282697,-0.023867888,0.5886672,0.2943368,0.058735505
52.48431392526599,13.26741274636729,-1.3938591,7.5359163,-6.314838,1692381607000,4.180688,0.05375614,0.5016731,0.33093625,,,,,,0.11219273,1.3059176,0.40489075,-0.016554749,0.91802955,0.3562436,0.0724103
,,-1.5229319,6.8462453,-6.496893,1692381607079,,-2.3218987,0.9972375,-0.07192938,,,,,,-0.31790403,0.6526309,0.5461105,-0.01857523,0.5981044,0.26450774,0.056138404
,,-1.2677174,6.5257854,-6.3911695,1692381607333,,-1.8668042,-1.6436857,-0.22876903,,,,,,-0.2931919,0.58215445,1.2294643,-0.019446176,0.48161307,0.20567842,0.041853808
,,-1.6855443,6.7967935,-6.3379297,1692381607589,,1.6879734,1.357648,-0.20082195,,,,,,-0.46773428,0.5416962,0.78377205,-0.02286271,0.59756666,0.26623517,0.057507873
,,-1.5263617,7.754022,-6.5482183,1692381607842,,2.067168,-0.7475463,0.5552765,,,,,,-0.2502758,1.2678645,0.42007005,-0.026821965,0.6571203,0.30006284,0.060666647
,,-1.3670595,6.312346,-6.1118274,1692381608096,,-3.147483,-1.0629056,-0.7139487,,,,,,-0.2172216,0.49704537,1.4746422,-0.021266492,0.6723957,0.2588751,0.05261181
,,-1.4802998,6.63418,-6.344928,1692381608348,,1.6963727,0.39614612,-0.21181752,,,,,,-0.13926372,0.7870703,1.13106,-0.018461922,0.66891485,0.26423863,0.06108307
,,-1.288794,7.7948184,-6.258308,1692381608601,,3.5301902,-0.13164146,0.5180137,,,,,,0.18137778,1.3722723,0.6496546,-0.025205905,0.78606707,0.33460814,0.06939201
,,-1.3360326,6.669295,-6.222037,1692381608852,,-3.0369165,0.8416196,-0.38637227,,,,,,0.10789637,0.8977891,0.9376905,-0.017117359,0.9251544,0.33332747,0.06941534
,,-1.197787,6.638726,-6.049515,1692381609104,,-1.3162619,-1.4595097,0.053297993,,,,,,0.123627834,0.990483,1.4057857,-0.015228639,0.93352884,0.31701067,0.05947726
,,-1.4934006,7.1232543,-6.0348787,1692381609355,,1.3924674,1.3987287,0.28771752,,,,,,0.05333333,0.9549193,0.81404823,-0.013630786,0.91944057,0.3504324,0.0741618
,,-1.1132606,6.4385867,-5.9946184,1692381609866,,-3.1626022,-0.96684694,-0.75334954,,,,,,-0.012050334,0.672663,1.3403565,-0.013608581,0.8690407,0.30293864,0.053753696
52.484203858629705,13.267229607751533,-1.0892729,6.616334,-6.2195644,1692381610000,4.181221,-0.7858781,-0.8938486,0.21838433,,,,,,-0.027279146,0.8699227,1.176,0.015448456,0.8018593,0.28846613,0.06205757
,,-1.4409178,6.5940013,-6.2306113,1692381610119,,1.0870347,0.9465357,-0.1553125,,,,,,-0.2270167,0.64275587,0.74933994,-0.013256433,0.8592781,0.3218315,0.06028754
,,-1.25025,7.9745398,-6.2130437,1692381610369,,3.7878227,-1.2962561,0.42149702,,,,,,-0.04133699,1.3413692,0.24438544,-0.018729895,0.7213392,0.31973374,0.06062485
,,-1.0247662,6.422894,-6.2218776,1692381610623,,-3.280499,0.45723262,-0.7292204,,,,,,-0.08850629,0.52078223,0.68139136,-0.015430252,0.6693895,0.26438484,0.053455777
,,-1.057169,6.6209393,-6.1839304,1692381610874,,-0.79168135,-1.158964,0.20555615,,,,,,-0.24857919,0.77987605,0.95436066,-0.017882854,0.60985464,0.23661429,0.044115867
,,-1.2898909,7.3812995,-6.3036327,1692381611124,,1.5801557,1.5677856,0.55771995,,,,,,-0.19571857,0.96046054,0.33949608,-0.024210213,0.5950915,0.27375343,0.05586073
,,-1.3528422,7.3208804,-6.5019975,1692381611375,,-0.45066583,0.66248333,0.5401576,,,,,,-0.19806954,1.1181374,0.19733386,-0.024328232,0.59789145,0.26353744,0.056626722
,,-1.1141979,6.5364537,-6.1157355,1692381611632,,-2.4611762,-1.5636623,-1.0279335,,,,,,-0.18953462,0.75195605,1.1946882,-0.015715173,0.61392844,0.22666648,0.044043638
,,-1.45019,6.7760944,-6.428397,1692381611888,,1.273654,1.0939069,0.02076942,,,,,,-0.23227414,0.76245844,0.60302925,-0.010966793,0.7302664,0.2858612,0.06324923
,,-1.3710276,8.149854,-6.392345,1692381612139,,3.8079813,-1.0554224,0.6310238,,,,,,-0.017833542,1.5858719,0.3379598,-0.007885734,0.7856026,0.3341874,0.06903267
,,-1.1255639,6.4748197,-6.304071,1692381612389,,-3.0951016,0.52442783,-1.0034989,,,,,,0.051386163,0.6754087,0.99538594,0.0054135933,0.79955024,0.2932772,0.061831303
,,-1.2293525,7.546603,-6.2449484,1692381612892,,1.636508,1.6719382,0.49648073,,,,,,0.043570854,1.156604,0.54994696,0.017463604,0.8502756,0.34777048,0.079751715
52.48409431616852,13.267045804226823,-1.2017752,8.071329,-6.272764,1692381613000,4.1817536,2.7792842,0.5665775,0.75686204,,,,,,-0.03323915,1.3983802,0.17796718,0.007422977,0.9099214,0.37971494,0.07555534
,,-1.2663217,7.3261247,-6.4157157,1692381613147,,-0.49418998,0.39614612,0.301462,,,,,,0.049286358,1.2021539,0.3588495,0.017982515,0.85367054,0.33572805,0.07928247
,,-0.9859427,6.371289,-6.0438113,1692381613405,,-2.2479842,-1.6574302,-1.0978775,,,,,,0.0018297414,0.688553,1.3182169,0.020823592,0.86933625,0.30120185,0.058304537
,,-1.4085351,6.720301,-6.275517,1692381613657,,1.3953689,1.6997325,-0.03176499,,,,,,-0.17854199,0.71603864,0.60183805,0.02021624,0.85679406,0.32513857,0.07387689
,,-1.3538191,8.1039915,-6.297949,1692381613909,,3.1430545,-0.7469355,0.4914411,,,,,,-0.009149837,1.4638555,0.09956761,0.01315725,0.9111305,0.3771468,0.07983114
,,-1.1722835,6.443593,-6.2502317,1692381614161,,-2.9813278,0.7819075,-0.8597928,,,,,,-0.05034851,0.53744966,0.7775843,0.017593559,0.8620748,0.31656483,0.06741611
,,-1.161456,6.5417776,-6.154938,1692381614413,,-1.1325442,-0.9268353,0.029321533,,,,,,-0.18286565,0.6796566,1.0672314,0.016994623,0.86516404,0.31143412,0.0580253
,,-1.3037692,7.4338617,-6.2124457,1692381614665,,1.8008307,1.3755158,-0.010079277,,,,,,-0.1090085,0.8717074,0.51463926,0.013116809,0.84821606,0.35516182,0.07360672
,,-1.2777272,7.542138,-6.515915,1692381614916,,1.0341948,-0.31581733,0.51923543,,,,,,-0.09170268,1.1748818,0.27553272,0.007777668,0.8502663,0.34826818,0.074378535
,,-0.93449694,6.2666035,-6.0992455,1692381615168,,-2.862209,-1.2597568,-0.91645056,,,,,,-0.08378223,0.5172436,1.3246827,0.011017779,0.86898315,0.30356425,0.053557985
,,-1.2484552,6.65428,-6.276573,1692381615422,,1.1033753,0.4027129,0.068264194,,,,,,-0.24306731,0.68226457,0.7452713,0.012337759,0.8583145,0.32324955,0.066323504
,,-1.0863215,6.618647,-6.2276807,1692381615925,,-2.659249,1.0468704,-0.34300083,,,,,,-0.063397236,0.6802827,0.6719996,0.0091823535,0.794449,0.30791256,0.06548924
52.48398457437921,13.266864693207445,-1.0510873,6.464411,-6.017749,1692381616000,4.182286,-3.278361,0.57604593,-0.6440047,,,,,,-0.17509365,0.47536665,1.0231628,-0.0062636193,0.5416052,0.23048688,0.053940337
,,-0.9676973,6.352226,-5.9958143,1692381616177,,-1.844813,-1.1510228,-0.06261369,,,,,,-0.19415398,0.6132727,1.2323434,0.005394076,0.67465425,0.25494173,0.051500462
,,-1.2115657,7.127601,-5.969175,1692381616431,,1.6945401,1.0914634,-0.25625798,,,,,,-0.18534866,0.6739715,0.6418603,0.0033018892,0.6566691,0.29818165,0.06616869
,,-1.115534,7.8920474,-6.37091,1692381616682,,3.2779028,-1.2238685,0.59559363,,,,,,-0.04756982,1.2414273,0.080536336,-0.0026964801,0.5257328,0.27262598,0.06630736
,,-0.8255837,6.2294545,-5.9244695,1692381616932,,-2.822961,-0.6963864,-1.2131784,,,,,,-0.050465185,0.35694522,1.2256402,-0.0012535534,0.41753563,0.18566397,0.046909068
,,-1.0029519,6.565447,-6.072924,1692381617182,,0.055588737,-0.6444628,0.43279803,,,,,,-0.11394172,0.5994892,0.96504796,-0.006127751,0.41281813,0.19405217,0.05119249
,,-1.114896,7.8706717,-6.076574,1692381617437,,1.7811303,1.8025106,0.680962,,,,,,0.113618724,1.1090249,0.37952054,-0.0104298005,0.52645206,0.2693016,0.0675654
,,-1.0497512,7.1139812,-6.1199036,1692381617689,,-1.3944527,1.070236,0.7475463,,,,,,0.038202398,0.855306,0.5301497,-0.004697753,0.66387683,0.27606466,0.06458153
,,-0.8591827,6.4257655,-5.874719,1692381617940,,-2.4567473,-1.2699889,-0.81504697,,,,,,-0.050209984,0.6211272,1.2994559,-0.0037347698,0.55054957,0.20724232,0.048963826
,,-1.2506485,7.0411205,-5.9991846,1692381618191,,1.0471758,1.4671456,-0.33001995,,,,,,-0.16644022,0.8173257,0.6714313,-0.0052180756,0.66220003,0.27980137,0.06437778
,,-1.1687145,8.2342615,-6.2864633,1692381618443,,3.5466835,-0.44318274,0.97417736,,,,,,0.05428162,1.4333662,0.13997969,-0.009528351,0.65391344,0.30750877,0.067666866
,,-1.0375677,6.6391063,-6.039205,1692381618945,,-1.4191927,-0.75945824,0.26251933,,,,,,-0.35603535,0.71536064,1.1574435,-0.009478331,0.48088548,0.20487618,0.046570897
52.48387989382902,13.26668749108993,-1.11354,6.3211193,-6.08106,1692381619000,4.689778,-1.9801197,-1.8255708,-0.25305092,,,,,,-0.36021277,0.5201429,1.2929665,-0.00454693,0.09563659,0.108953394,0.043297555
,,-1.2384251,7.570313,-6.126185,1692381619196,,1.3315336,1.7282904,0.03023783,,,,,,-0.16993104,0.94707483,0.4747806,-0.016902775,0.46253407,0.2526211,0.062110294
,,-1.142493,7.566086,-6.4575496,1692381619449,,1.945453,-0.4202753,0.6601926,,,,,,-0.05032439,1.1175122,0.1963511,-0.01857645,0.5288366,0.26349008,0.06119072
,,-0.8718049,6.0805006,-5.9741797,1692381619700,,-2.9368873,-0.9245446,-1.0641272,,,,,,-0.059896056,0.3306638,1.3108283,-0.01399731,0.4850786,0.19484614,0.04432893
,,-1.172124,6.5252867,-6.072405,1692381619951,,0.5138904,0.21303925,0.25137106,,,,,,-0.16497649,0.62394017,0.8875663,-0.015714517,0.60325325,0.25120825,0.05827669
,,-1.2327024,7.999565,-6.239206,1692381620203,,1.8034269,1.2441798,0.8179486,,,,,,0.09382934,1.2921317,0.14179404,-0.01741212,0.7180192,0.32423943,0.07020387
,,-1.0995619,6.7921076,-6.359126,1692381620454,,-1.6163495,0.91782504,0.3857614,,,,,,0.037488278,0.7721043,0.43942687,-0.007729271,0.6663163,0.26963302,0.061290007
,,-0.83627146,6.2532244,-6.219565,1692381620707,,-2.1299343,-1.9752327,-1.104139,,,,,,-9.073695E-4,0.60780084,1.1156805,-0.007296439,0.48589137,0.1930457,0.045708667
,,-1.2304094,7.0089173,-6.129615,1692381620958,,1.5036448,1.4173601,-0.0050396384,,,,,,-0.049938384,0.69493014,0.52517414,-0.003933565,0.53216165,0.25169235,0.06508847
,,-1.2236496,8.057929,-6.33081,1692381621210,,3.2270484,0.2576324,0.57344973,,,,,,0.026327806,1.2291124,0.15876767,-0.0060813604,0.46120113,0.25555122,0.07057431
,,-1.117887,6.489015,-6.1744385,1692381621461,,-2.3499987,0.43050727,-0.70554936,,,,,,-0.19194247,0.5204078,1.0023704,-0.0038700039,0.21838531,0.1572104,0.051653128
,,-1.4009978,7.450452,-6.0688753,1692381621964,,1.178359,1.4309518,-0.20387627,,,,,,-0.25714648,0.7667829,0.58412856,-0.011792441,0.20263194,0.19903287,0.06192725
52.48377980587971,13.266514748147328,-0.87543404,5.6372905,-6.617591,1692381622000,4.6898975,-2.0312796,-0.5896377,-0.56398135,,,,,,0.13656664,0.25972775,1.059213,0.011381939,0.7436143,0.25822833,0.055764977
,,-1.343231,7.9230137,-6.2493544,1692381622214,,3.1853569,-0.02733622,0.6899723,,,,,,-0.14441957,1.1235616,0.2521381,-0.009872793,0.26613578,0.21644074,0.06338084
,,-0.99673027,6.2870607,-6.171748,1692381622466,,-2.990949,0.3903429,-0.61086524,,,,,,-0.24992657,0.45995957,1.208521,-0.0105828,0.092270024,0.12141324,0.0428582
,,-1.1285747,6.388656,-6.146284,1692381622718,,-1.5822937,-1.3552046,0.070554934,,,,,,-0.37118834,0.51193917,1.1768374,-0.015228753,0.15244523,0.14919001,0.04471396
,,-1.2914861,7.7048287,-6.2021766,1692381622969,,1.2718215,0.9636399,-0.23411411,,,,,,-0.1813409,0.9331037,0.3029563,-0.01794216,0.39312026,0.25189033,0.06344297
,,-1.095215,7.643733,-6.47103,1692381623225,,3.1801646,-0.8593347,0.5589417,,,,,,0.004087934,1.0539786,0.15475307,-0.014546165,0.33228454,0.22610523,0.060997225
,,-0.77986085,6.158368,-6.3937607,1692381623477,,-2.6398542,-0.065209866,-1.033584,,,,,,-0.066525094,0.44575533,1.0137165,-0.010494502,0.22412014,0.14093737,0.04189271
,,-1.1145369,6.34435,-6.367141,1692381623730,,-0.977079,-1.1314751,0.17928895,,,,,,-0.20668052,0.48876044,0.91816163,-0.015171895,0.34624758,0.18990323,0.05062044
,,-1.4082959,7.80764,-6.310712,1692381623982,,1.1158981,0.7307475,-0.02031127,,,,,,-0.0044722715,1.1050217,0.22931387,-0.017556703,0.5221482,0.28075436,0.072915696
,,-1.2443277,7.50102,-6.420781,1692381624232,,2.0302107,0.03481932,0.5983425,,,,,,0.15552276,1.0404211,0.23423521,-0.011854771,0.59086454,0.28930786,0.07281686
,,-0.8770891,6.2790246,-6.6117077,1692381624483,,-0.6114761,0.46654832,0.15928312,,,,,,0.18422659,0.6735422,0.88072664,0.004475705,0.61238635,0.231011,0.055854663
,,-1.1461022,7.1110897,-6.6919684,1692381624985,,-0.7841983,-0.9550878,0.45173484,,,,,,0.21855429,1.0146006,0.38085857,0.020637574,0.8574086,0.32968712,0.080739714
52.4836912080671,13.266344670992055,-1.2215958,6.972487,-6.371748,1692381625000,4.6900134,2.414903,-0.5222898,0.28221974,,,,,,-0.4332973,0.42163688,0.25864214,0.017651565,0.466134,0.249196,0.05985844
,,-1.2038091,6.9259048,-6.5882983,1692381625236,,0.9104946,1.0177015,-0.06566802,,,,,,0.22501269,0.6983588,0.18578047,0.04175792,0.85026276,0.33908376,0.097390346
,,-0.9804192,6.668159,-6.728896,1692381625487,,2.27868,0.34956762,0.550695,,,,,,0.1435585,0.67927945,0.43156275,0.0540975,0.8604504,0.31961107,0.08502699
,,-0.89924276,5.6500325,-6.801219,1692381625741,,-1.7206547,0.4008803,0.024129177,,,,,,0.053252544,0.14609699,0.6638857,0.06230167,0.8024167,0.28007746,0.0773282
,,-1.0304891,6.417949,-6.6424556,1692381625995,,-1.6119207,-1.8043432,-0.53038377,,,,,,-0.109614104,0.3871299,0.55525833,0.056259997,0.7300682,0.29395953,0.08072284
,,-1.5112472,7.355597,-6.601677,1692381626246,,0.68844515,0.9816604,0.21090123,,,,,,-0.28106213,0.677281,-0.12290483,0.06312113,0.77551085,0.3493735,0.105440505
,,-1.3551751,7.237152,-6.462994,1692381626497,,2.3762658,0.11026118,0.62125,,,,,,-0.3473919,0.474766,-0.015924629,0.06078777,0.7759847,0.35269013,0.0915403
,,-1.0396217,6.3294344,-6.7089562,1692381626748,,-0.36468655,0.28328875,0.28389964,,,,,,-0.39373332,0.3216537,0.41990247,0.04850981,0.66630596,0.27834818,0.06196082
,,-0.997847,5.7256455,-6.557291,1692381626998,,-2.0500638,-1.3101532,-0.8894198,,,,,,-0.5078738,-0.020921476,0.76417625,0.03872567,0.5428303,0.23048316,0.05191783
,,-1.4147964,7.2212987,-6.496134,1692381627254,,0.040011674,0.47250426,0.30298916,,,,,,-0.5577857,0.5933003,0.102993615,0.033614933,0.58897686,0.2930842,0.07287561
,,-1.6534005,7.4849095,-6.3816376,1692381627509,,0.8266534,1.5312865,0.31123585,,,,,,-0.5328952,0.53829867,-0.272795,0.031801544,0.64229697,0.33294958,0.08632973
,,-0.98622185,5.830172,-6.6580486,1692381628014,,-1.3891076,-0.05421429,-0.4802928,,,,,,-0.4126391,0.069951326,0.5855482,0.0060220044,0.15387377,0.14610194,0.05091189
,,-1.0980862,6.447062,-6.63103,1692381628266,,-1.5366315,-1.8686367,-0.29184088,,,,,,-0.40493366,0.28057256,0.48100296,0.0016825869,0.14969143,0.1598142,0.055841465
,,-1.4235102,7.2797236,-6.6617785,1692381628517,,0.17562376,0.022602014,0.14569137,,,,,,-0.3408195,0.58626735,-0.16955547,0.0010359021,0.26216775,0.22894797,0.077238195
,,-1.3004593,6.958089,-6.5054674,1692381628769,,0.8162687,1.0893254,0.03634648,,,,,,-0.26396662,0.27288195,0.049452957,-0.00595679,0.26362064,0.22826375,0.070404984
52.48360032005797,13.266149334884776,-1.9073988,8.192827,-4.195695,1692381629000,4.6901646,0.10476339,0.36987892,0.049480084,,,,,,0.06284085,0.2605241,0.17338681,-0.03170648,0.65209025,0.45182335,0.108655855
,,-1.0118848,6.668258,-6.66413,1692381629019,,1.9575176,-0.19410244,0.31658092,,,,,,-0.20936534,0.30836734,0.3278177,-0.009759169,0.084363654,0.14575551,0.052708384
,,-0.997867,5.9897137,-6.838367,1692381629270,,-0.7870999,0.14584407,-0.005192355,,,,,,-0.2050732,0.07414518,0.43478414,-0.008485971,0.08627351,0.14117578,0.051205676
,,-1.0334203,6.3778095,-6.845286,1692381629526,,-1.5077682,-0.2863431,-0.48991394,,,,,,-0.12581386,0.2506682,0.3272843,-0.005518555,0.2161102,0.16928649,0.049188197
,,-1.1450256,6.622974,-6.772964,1692381629777,,-1.3735305,-0.960891,-0.108123146,,,,,,-0.032532196,0.3061907,0.15972708,-0.009755193,0.33882254,0.21779941,0.058308266
,,-1.1318051,6.512445,-6.4130235,1692381630028,,-0.4016439,0.21380283,-0.01038471,,,,,,0.030295243,0.15824907,0.380758,-0.0134084225,0.33443877,0.22453308,0.06010089
,,-1.2230116,6.6392055,-5.88094,1692381630281,,-0.22479841,-0.5858198,-0.035888333,,,,,,0.015550947,0.18270802,0.49167073,-0.016780326,0.32272443,0.24177885,0.0670165
,,-1.5510477,7.060183,-5.1330824,1692381630533,,-0.08017606,0.14309518,0.047036625,,,,,,0.028858788,0.11846814,0.38971177,-0.024356207,0.4883363,0.34504572,0.08722107
,,-2.3196423,8.997252,-3.336851,1692381631037,,0.16630806,-0.41370848,-0.041233405,,,,,,0.023252547,0.33621505,0.02753296,-0.040182903,0.81839055,0.55193466,0.12772025
,,-2.3838696,9.049077,-2.801038,1692381631288,,1.2290609,-0.30741793,0.16691893,,,,,,0.060409006,0.10953306,-0.0018329581,-0.03956698,0.80336154,0.57771164,0.13411503
,,-2.2985055,8.99833,-3.1669009,1692381631540,,0.5357288,0.93401295,0.18845193,,,,,,0.038121093,0.19472064,-0.03959705,-0.039163098,0.81238663,0.5637473,0.12550676
,,-1.939582,8.658987,-3.934977,1692381631797,,2.5337162,-0.55665094,0.32177326,,,,,,0.11063264,0.381206,-0.010071564,-0.03612789,0.8355522,0.52221787,0.1066607
52.48353344217912,13.266029639733736,-1.1416554,7.0036535,-6.457371,1692381632000,4.6902747,-1.2632693,-1.5351044,-0.44806966,,,,,,0.5022148,0.51011103,0.2991862,0.1227884,0.905219,0.35537478,0.13002545
,,-1.4824932,7.5097737,-4.92086,1692381632049,,-0.93111134,-0.068264194,-0.16630806,,,,,,0.1629619,0.15392144,0.17029765,-0.024442147,0.868078,0.451574,0.08749984
,,-1.0983852,6.7816377,-5.7442904,1692381632301,,-1.5331191,-1.1652255,-0.54382277,,,,,,0.19955407,0.0016836167,0.25964254,-0.013207774,0.89551544,0.4012384,0.06976619
,,-1.0386645,6.905348,-6.267101,1692381632552,,-0.4718934,-0.9445504,0.47708577,,,,,,0.238189,0.26503286,0.13059296,-5.4886317E-5,0.9078448,0.3811908,0.07267571
,,-0.9325826,6.890074,-6.5423756,1692381632806,,0.8865182,0.4896085,0.0027488936,,,,,,0.30663303,0.35475573,0.086685136,0.021925863,0.91272396,0.36801782,0.08569856
,,-0.7274778,6.8378096,-6.652426,1692381633058,,1.4323263,0.70906186,0.39202276,,,,,,0.47057864,0.3318619,0.08014073,0.0444244,0.9143995,0.35997412,0.09367024
,,-0.7761119,6.5212393,-6.724031,1692381633310,,0.6835582,-0.07376198,0.36850446,,,,,,0.4043059,0.21229306,0.052734073,0.07352786,0.9161345,0.3460892,0.10061192
,,-0.9195019,6.582337,-6.6867423,1692381633561,,-1.5682437,-0.38835758,-0.08200866,,,,,,0.49996418,0.25898245,0.2397979,0.098805584,0.9127142,0.34759113,0.10831465
,,-1.1778271,6.9791656,-6.478508,1692381634063,,0.97005403,0.35811976,0.15225816,,,,,,0.5690668,0.49131054,0.13976243,0.15023306,0.89816844,0.35114685,0.15442108
,,-1.146162,6.932824,-6.5304723,1692381634314,,0.84528476,1.3695599,0.19456059,,,,,,0.6556935,0.54570234,0.27539632,0.17257752,0.89949036,0.3349857,0.16415937
,,-1.0244073,6.7669826,-6.566742,1692381634567,,3.09052,-0.50671273,0.68966687,,,,,,0.6942435,0.67169243,0.5150557,0.19999164,0.9001423,0.31631452,0.1660441
,,-1.1633703,6.332824,-6.5638304,1692381634820,,-1.4665347,0.8009971,0.68325275,,,,,,0.73078483,0.49888447,0.8604799,0.23956008,0.8922081,0.29450482,0.17444634
52.48351927660826,13.265816119343512,-1.2173685,7.5550184,-6.3859644,1692381635000,4.185647,2.4032967,-0.29184088,0.9787588,,,,,,0.70768833,1.5698256,0.74933153,0.65290517,0.6497589,0.15578961,0.31101277
,,-1.1140383,6.977431,-6.2275996,1692381635072,,-1.4895949,-1.6329955,-0.063988134,,,,,,0.85760695,0.77386755,0.68717253,0.2773401,0.87384677,0.30232427,0.19912004
,,-1.2734601,7.5233135,-6.296254,1692381635323,,1.1870639,-0.28130344,0.45005497,,,,,,1.0068574,1.1034118,0.30334982,0.3188427,0.8473547,0.2944841,0.24236518
,,-1.1592628,7.433624,-6.311828,1692381635576,,0.91782504,1.0236574,0.79626286,,,,,,1.1587919,1.1450362,0.6406534,0.37197348,0.8323094,0.260058,0.25740963
,,-1.0127023,7.0508113,-6.578029,1692381635827,,2.1539109,-0.59742624,0.86284715,,,,,,1.0790327,1.2678597,0.8764589,0.43612614,0.8134401,0.22128128,0.2486761
,,-1.042513,6.2527847,-6.5760937,1692381636078,,-2.1045835,-0.23854288,0.15515977,,,,,,0.97514474,0.90252423,1.063912,0.50767684,0.7782873,0.18504214,0.24604791
,,-1.11352,7.3461246,-6.257869,1692381636329,,-1.4590516,-1.6742289,0.5868888,,,,,,0.9891388,1.393613,0.8696739,0.5539409,0.73251736,0.19412047,0.28395778
,,-1.4519649,7.906863,-6.323532,1692381636580,,0.88300574,1.3055718,0.13622294,,,,,,0.8136338,1.616654,0.410008,0.59791976,0.68149793,0.1813664,0.3270358
,,-1.0387243,6.3365726,-6.593263,1692381637084,,-1.5370897,0.33567044,0.22876903,,,,,,0.41159582,1.1625332,1.0718453,0.71065134,0.61054444,0.12543194,0.2692052
,,-1.1048459,6.564928,-6.4345994,1692381637334,,-1.6148223,-2.431549,-0.29061913,,,,,,0.24362598,1.214445,1.1435612,0.74661916,0.56470066,0.120059356,0.27921972
,,-1.485265,7.7955976,-6.3963337,1692381637586,,1.0093021,0.81061816,0.18295415,,,,,,0.11658509,1.6168816,0.5040383,0.7570168,0.5163328,0.12430635,0.3374792
,,-1.4583656,7.621579,-6.450552,1692381637836,,2.0169244,0.86559606,0.7328856,,,,,,-5.6883197E-5,1.377976,0.41682103,0.78142905,0.47836316,0.11740733,0.34528992
52.48365963007787,13.265746316782964,-2.047698,9.289876,-3.9949973,1692381638000,4.413266,2.3321307,0.24633141,0.4802928,,,,,,-1.0546916,0.5280336,-0.29862756,0.7466451,0.36152747,0.17414236,0.52079624
,,-1.1668798,6.556234,-6.618509,1692381638088,,-0.8575021,0.78694713,0.3885103,,,,,,-0.30533737,0.9948724,0.9193538,0.8181514,0.4529543,0.11115775,0.29488504
,,-1.012503,5.8025737,-6.549834,1692381638339,,-2.4367414,-0.6780604,-1.1534663,,,,,,-0.5237716,0.45296064,1.0904858,0.84083337,0.42351314,0.11083967,0.27714947
,,-1.3254443,7.2026753,-6.3058453,1692381638592,,-1.0250319,0.059406646,0.027183503,,,,,,-0.6582464,0.8548228,0.53896207,0.82851154,0.40217698,0.1259713,0.3353328
,,-1.4673188,7.488997,-5.7740006,1692381638847,,0.18677205,0.4616614,-0.06414085,,,,,,-0.73927695,0.5578728,0.13250193,0.8103024,0.38122904,0.13595314,0.38638145
,,-1.3550357,7.4513297,-5.025706,1692381639098,,-0.13500121,0.032528576,-0.10552697,,,,,,-0.8442974,0.2947976,0.47851202,0.80177605,0.37174025,0.15155004,0.40081272
,,-1.4802201,7.581001,-4.3861833,1692381639350,,-0.12018774,0.09621128,0.16661349,,,,,,-0.9796465,0.058465734,0.41914025,0.78456914,0.36238137,0.16158168,0.43245876
,,-1.896292,8.546885,-3.94716,1692381639601,,0.90194255,1.329701,-0.08353582,,,,,,-1.0282873,0.17875318,0.02369717,0.75975144,0.3549663,0.16935335,0.49456832
,,-1.6621941,7.923215,-4.4279184,1692381640104,,-1.2461652,0.7119634,0.09437868,,,,,,-1.0563056,-0.05421555,0.033721987,0.76337075,0.37094203,0.16894282,0.46849972
,,-1.4107685,7.2792263,-4.935536,1692381640357,,-2.2644775,-0.8732319,-0.67149365,,,,,,-1.0545591,-0.17843945,0.3757363,0.78380203,0.38591808,0.16625394,0.41696274
,,-1.5860622,7.5068426,-5.6242304,1692381640610,,0.84772825,0.5589417,-0.05375614,,,,,,-1.0072116,0.12523785,-0.043917973,0.7901805,0.39388868,0.15830097,0.404999
,,-1.5228322,7.4905314,-6.219485,1692381640862,,0.6747007,1.3732251,0.81046546,,,,,,-0.8864222,0.33838812,-0.093680575,0.80100286,0.40537018,0.15084375,0.38276094
52.48382583391527,13.265726545380483,-1.7512271,8.015436,-5.6281977,1692381641000,4.1866956,-0.12751812,0.5169447,0.004428773,,,,,,-0.6222422,0.6690175,0.06316355,0.77153534,0.4343676,0.15994804,0.404428
,,-1.0949557,6.758986,-6.596194,1692381641118,,1.2304354,-0.71593404,0.36819902,,,,,,-0.6977841,0.20286752,0.18161081,0.81779486,0.42256516,0.14612441,0.3311749
,,-1.0091331,5.805347,-6.566821,1692381641369,,-2.5567765,-0.41523564,-0.9140071,,,,,,-0.67990595,-0.29997605,0.60785025,0.8276955,0.4251273,0.1373583,0.30295295
,,-1.3464016,7.2388673,-6.3094745,1692381641622,,-0.56031615,-0.29917124,0.5093089,,,,,,-0.585641,0.3758867,0.17289788,0.8081356,0.4233054,0.14053819,0.35400167
,,-1.6921645,7.8350587,-6.2979894,1692381641872,,1.2345587,1.3277156,0.25442538,,,,,,-0.5533734,0.5669336,-0.22122476,0.79355294,0.419455,0.13593277,0.3915857
,,-1.2813764,7.1400623,-6.3051877,1692381642123,,2.5873199,-0.61361414,0.32574388,,,,,,-0.5624281,0.46409157,0.310596,0.8044097,0.43145344,0.14016877,0.35400602
,,-1.1364511,6.0045886,-6.3349776,1692381642375,,-2.727055,0.019700404,-0.64828074,,,,,,-0.6716139,-0.0420259,0.7747188,0.8181944,0.43882138,0.13507256,0.30978334
,,-1.3183655,6.845146,-6.099963,1692381642627,,-1.3026701,-1.527774,0.46868637,,,,,,-0.6493228,0.27437037,0.6379873,0.8023844,0.4385304,0.14423515,0.3435388
,,-1.7060626,7.662217,-4.899543,1692381643129,,-0.2910773,0.24633141,0.16325374,,,,,,-0.59768283,0.10468486,0.37402642,0.7549747,0.4350422,0.17528145,0.4221186
,,-1.913301,7.804948,-4.317929,1692381643383,,0.03970624,0.052687127,-0.030543262,,,,,,-0.6723837,0.059364635,0.5035603,0.7386984,0.43701676,0.19286665,0.4361561
,,-2.0043678,8.225347,-3.5617764,1692381643635,,-0.18860464,0.6733262,-0.23182335,,,,,,-0.47712326,-0.16769923,0.25835901,0.7094601,0.4329352,0.20804057,0.48465332
,,-2.286362,9.336992,-3.0615764,1692381643886,,0.07437284,-0.5731443,-0.20463985,,,,,,-0.589815,0.06364183,-0.20455565,0.6709665,0.4332166,0.23360893,0.5487249
52.48397949985996,13.265601506959324,-1.34351,7.7643905,-5.935796,1692381644000,4.1872187,3.281568,-0.26358834,0.86422163,,,,,,-0.13637145,0.715304,0.07304684,0.71763337,0.5421096,0.19238302,0.3610554
,,-2.5598018,9.3219185,-2.3846471,1692381644138,,0.024129177,-0.35964692,-0.06001751,,,,,,-0.5914044,-0.06864583,-0.11657752,0.64965206,0.43691722,0.2459925,0.5701822
,,-2.4285355,9.230533,-2.1625135,1692381644389,,-0.04230242,0.9579894,0.37094793,,,,,,-0.48945683,-0.17410375,0.061222732,0.6398202,0.448701,0.25476414,0.56851786
,,-2.3932416,9.250892,-2.4146574,1692381644641,,1.1036807,0.398895,-0.20754147,,,,,,-0.4470889,-0.09889956,-0.03659357,0.6389648,0.46152705,0.25788197,0.5569569
,,-1.9191035,9.212465,-3.2370102,1692381644891,,2.6166413,-0.19013181,0.29184088,,,,,,-0.3108938,0.3013262,-0.16411772,0.6498792,0.48506525,0.25365013,0.51626664
,,-1.8552948,7.8813,-3.9623947,1692381645149,,-2.3370178,0.58352906,-0.3555236,,,,,,-0.4912447,-0.11356175,0.2955721,0.67617553,0.5060591,0.22973332,0.4467436
,,-1.7173287,7.9132047,-4.37745,1692381645401,,-1.397507,-2.466521,-0.32895094,,,,,,-0.30128324,0.28670013,0.51679325,0.6928166,0.52066875,0.21683836,0.41047144
,,-1.619283,7.8619184,-5.195536,1692381645654,,1.4873042,1.3333662,-0.14889841,,,,,,-0.21903847,0.34995472,-0.010664058,0.70091003,0.5262112,0.20420027,0.40071604
,,-1.1200006,6.493602,-6.301778,1692381646157,,-2.8903089,0.42638394,-0.35430184,,,,,,-0.17028198,0.3725769,0.6875813,0.74144065,0.553086,0.1684985,0.30460376
,,-1.3613964,6.572266,-6.011707,1692381646410,,-1.0624474,-1.4337007,-0.20112738,,,,,,-0.24680074,0.31976768,0.85828644,0.73777604,0.54976636,0.16685031,0.31669852
,,-1.7078972,7.9379497,-6.0188847,1692381646661,,0.75396043,1.3610078,0.37614027,,,,,,-0.32900396,0.928244,0.13989124,0.715724,0.5419591,0.18191501,0.3725575
,,-1.4651852,7.5769525,-6.2744784,1692381646912,,1.8871155,-0.3471242,-0.23625213,,,,,,-0.1873742,0.73119664,0.11029322,0.7178988,0.54663604,0.18089391,0.35942933
52.48411888404503,13.265426439641397,-1.509632,6.4918284,-6.0030727,1692381647000,4.690739,-2.527913,0.032528576,-0.59880066,,,,,,-0.3038668,0.53688455,0.98843217,0.7283765,0.5715515,0.147723,0.31075332
,,-1.0901501,6.479505,-6.209355,1692381647163,,-2.5896106,-0.64751714,-0.7987063,,,,,,-0.26628196,0.27634346,1.0331192,0.73490715,0.5601828,0.17077014,0.30672464
,,-1.4445671,6.7476406,-6.215038,1692381647417,,0.16615535,0.19043724,-0.039095376,,,,,,-0.4232691,0.35228363,0.69863456,0.72795236,0.5548067,0.16852851,0.32846144
,,-1.6401405,8.077231,-6.1364145,1692381647667,,1.6728544,1.3367258,0.68432176,,,,,,-0.24014045,1.012199,0.079876535,0.7077305,0.555047,0.18130323,0.37172887
,,-1.4441082,6.9769516,-6.213084,1692381647925,,-1.0147998,0.64950246,0.41279218,,,,,,-0.29324067,0.61476314,0.49525547,0.7178913,0.5659364,0.16445541,0.33509597
,,-1.2502698,6.516174,-5.998567,1692381648178,,-2.0685425,-1.9879082,-1.1404854,,,,,,-0.21944077,0.62335026,1.3039119,0.73149836,0.57709086,0.15372682,0.29597154
,,-1.6602402,6.9657664,-6.0144196,1692381648429,,1.3306172,0.8258898,-0.02855795,,,,,,-0.26559925,0.710344,0.67330647,0.7207112,0.5669314,0.1501558,0.33398867
,,-1.9197618,7.989117,-6.081678,1692381648682,,3.3814445,-0.3381139,0.31047225,,,,,,-0.2914791,1.2865596,0.25848266,0.71067977,0.56410766,0.16059358,0.36095348
,,-1.5826926,6.5378504,-6.2034717,1692381649187,,-1.1496484,-1.3413074,0.22082779,,,,,,-0.52751756,0.6535333,0.96478283,0.7326698,0.5715512,0.1489715,0.3013887
,,-1.8805392,7.391887,-6.259345,1692381649439,,0.8338311,1.892766,-0.09621128,,,,,,-0.45455924,0.71829325,0.23559687,0.71731246,0.5595607,0.16335084,0.34996426
,,-1.8084754,7.628278,-6.4663644,1692381649689,,2.0706804,0.77747875,0.5647449,,,,,,-0.3713682,0.83817935,-0.10668411,0.7092723,0.5640471,0.17220029,0.3574425
,,-1.4110076,6.4204016,-6.625008,1692381649939,,-0.6977608,0.8491027,-0.08735373,,,,,,-0.2668642,0.42530072,0.5833021,0.7240399,0.5812169,0.16332155,0.29688233
52.48426362931162,13.265260523594199,-1.4823935,6.863931,-6.3302326,1692381650000,4.1882634,1.0490084,1.2454015,-0.21365012,,,,,,-0.03801507,0.43836302,0.19154927,0.6990255,0.58634794,0.16760758,0.3386198
,,-1.1899707,5.771249,-6.723552,1692381650190,,-1.871233,-1.0908526,-0.8576548,,,,,,-0.20748907,0.12967351,0.6857182,0.7280054,0.58910334,0.15648304,0.27502975
,,-1.5838294,7.115397,-6.800163,1692381650441,,-0.8846856,0.122478485,0.19349156,,,,,,-0.17498563,0.79508233,0.08407367,0.7073761,0.58719367,0.16683252,0.32404235
,,-1.708316,6.876434,-6.5138416,1692381650691,,0.8739954,1.0937542,0.034055736,,,,,,-0.020058203,0.46998528,0.1139816,0.70051134,0.58374083,0.16238981,0.34316623
,,-1.2901701,6.892505,-6.5709305,1692381650943,,1.5227343,0.38423425,0.63499445,,,,,,0.1551697,0.7048445,0.37730566,0.7065478,0.5946195,0.15880194,0.31910527
,,-1.2034104,6.056732,-6.8111897,1692381651196,,-0.52290064,-0.022296581,0.02031127,,,,,,0.12794329,0.3348988,0.4817452,0.7190981,0.59201604,0.14376749,0.2960667
,,-1.173839,6.336234,-6.6622972,1692381651447,,-2.0117319,-0.40515637,-0.3923282,,,,,,0.02683938,0.48704955,0.52514493,0.7163857,0.5920693,0.14838408,0.3038206
,,-1.4908681,6.9960356,-6.517949,1692381651698,,-1.1560625,-0.88025683,0.3746131,,,,,,-0.03406716,0.73805976,0.3145333,0.70283407,0.59090006,0.15787539,0.3313778
,,-1.2736995,7.019126,-6.5635324,1692381652201,,1.486846,0.032528576,0.53801954,,,,,,-0.19317637,0.7274207,0.13937958,0.69865304,0.5985317,0.17977513,0.31595665
,,-1.2713665,6.084549,-6.6723857,1692381652451,,1.2457069,-0.12507465,0.0018325958,,,,,,-0.45785654,0.27540457,0.43288454,0.70182157,0.6065692,0.17764857,0.288661
,,-1.1200204,6.201439,-6.545367,1692381652705,,-1.8765781,-0.18921551,-0.6461427,,,,,,-0.4351595,0.22359785,0.57300544,0.6925786,0.61572814,0.18570383,0.2898781
,,-1.4298114,6.98086,-6.373183,1692381652958,,-1.0835222,-0.6356053,0.14126259,,,,,,-0.4573564,0.41956192,0.30848685,0.6754516,0.61635816,0.19709985,0.32330215
52.48440998436325,13.265069590290766,-1.3010573,6.159045,-6.7070417,1692381653000,4.6909056,0.50961435,-0.1966986,0.160963,,,,,,-0.06971606,0.33948618,0.5346924,0.67826957,0.63625455,0.17597175,0.2850424
,,-1.5068002,7.2369323,-6.224311,1692381653210,,1.311375,0.19379699,0.52748215,,,,,,-0.3741476,0.55947953,0.09234098,0.6716825,0.60766757,0.19850291,0.3407661
,,-1.3094922,7.1566935,-6.327641,1692381653473,,2.4249823,0.43860126,0.3911065,,,,,,-0.31541577,0.57171243,0.48254114,0.6744104,0.6190619,0.19939867,0.3198872
,,-1.0946165,6.185188,-6.518747,1692381653727,,0.8593347,-0.02687807,-0.07162395,,,,,,-0.23717643,0.07892571,0.8174712,0.6842187,0.6249952,0.18453649,0.28993157
,,-1.1156737,6.232167,-6.5706115,1692381653982,,-1.65911,-0.22495113,-0.7699956,,,,,,-0.07726108,0.13579604,0.7857039,0.68386066,0.62709117,0.18003488,0.2877901
,,-1.4710478,7.231888,-6.5294943,1692381654233,,-1.1123856,-1.1001683,-0.2507602,,,,,,-0.025859265,0.7054228,0.39779118,0.6708228,0.62608784,0.1872118,0.3188375
,,-1.5985453,7.1078596,-6.345327,1692381654484,,0.9621128,1.31672,-0.046578474,,,,,,-0.061078105,0.58810836,0.24824084,0.6663199,0.61778575,0.19037254,0.33636677
,,-1.4040483,6.838508,-6.5076995,1692381654736,,1.7725782,0.66538495,0.4166101,,,,,,-0.06764706,0.43891755,0.48700613,0.6681424,0.6298583,0.1916474,0.3158241
,,-1.2800404,6.141259,-6.633323,1692381655239,,-2.0630445,-0.9300423,-0.7339546,,,,,,0.019227745,0.3612262,0.5694277,0.68027836,0.6359886,0.17176479,0.28124753
,,-1.5211372,7.052665,-6.4359956,1692381655491,,-1.3104587,-1.2006557,0.10903945,,,,,,0.03264631,0.7819251,0.3178983,0.66991866,0.63082176,0.18250623,0.31402597
,,-1.6581663,6.836494,-6.2186275,1692381655742,,1.0764973,0.85154617,-0.053603426,,,,,,0.0720082,0.34081957,0.1366993,0.66762215,0.617071,0.18502985,0.3368712
,,-1.5139587,7.0174313,-6.372086,1692381655993,,1.8121318,0.98456204,0.35002577,,,,,,0.03553264,0.57911974,0.28716695,0.67334205,0.62381554,0.18521944,0.3186355
52.48454967892587,13.264839240343585,-1.3420745,6.7089562,-6.695617,1692381656000,4.690985,-1.5908458,-1.1265882,-0.26939157,,,,,,4.7918162E-4,0.45021102,0.4135372,0.6781328,0.62789196,0.18205641,0.30342045
,,-1.210868,6.2621765,-6.596373,1692381656244,,0.8790351,0.7996226,0.14248432,,,,,,0.012494215,0.34160691,0.44131288,0.68460447,0.6276867,0.1744957,0.2892123
,,-1.1567104,6.098467,-6.722873,1692381656498,,-1.3057245,-0.5465717,-0.3736968,,,,,,-0.053168584,0.32724088,0.4286819,0.6871058,0.6272692,0.17209212,0.2832618
,,-1.337229,6.7175097,-6.581419,1692381656750,,-1.2959507,-0.97402465,-0.11255192,,,,,,-0.04826541,0.44848996,0.32693493,0.67685574,0.6254906,0.18439022,0.31016275
,,-1.5192227,6.8334036,-6.48794,1692381657001,,0.77564615,0.5878051,-0.069791354,,,,,,-0.024021411,0.30041128,0.086537346,0.6711944,0.61683303,0.18653294,0.3313471
,,-1.4552149,6.939225,-6.6068025,1692381657252,,1.1693488,0.84788096,0.3129157,,,,,,-0.101897284,0.5368411,0.1949735,0.6737394,0.62456304,0.18662782,0.31716758
,,-1.2150556,6.413362,-6.908816,1692381657504,,1.461495,-0.12980886,0.36025777,,,,,,-0.057855718,0.45550755,0.3110802,0.6821114,0.6306755,0.17843853,0.2895439
,,-1.169233,5.9883375,-6.969196,1692381657757,,-1.3785702,-0.64766985,-0.69714993,,,,,,-0.06300458,0.22625403,0.41848028,0.6874265,0.6293906,0.1716116,0.27805993
,,-1.6417354,7.156953,-6.636335,1692381658262,,0.76342887,0.16371189,0.07284568,,,,,,-0.09789358,0.6815943,-0.00925506,0.67098296,0.6170686,0.1834478,0.33231175
,,-1.4904692,6.95454,-6.505408,1692381658513,,1.4844025,1.2432635,0.5338962,,,,,,-0.09075904,0.6315385,0.2717064,0.67493236,0.6215805,0.18386379,0.32020998
,,-1.1762121,6.4657855,-6.888758,1692381658762,,1.3895657,-0.18707748,0.40653083,,,,,,-0.088477574,0.55661786,0.32876986,0.6848924,0.62813395,0.1776581,0.28858474
52.484689638259624,13.264624498796946,-1.4858633,6.210531,-6.471727,1692381659000,4.5102544,-3.3786957,0.98807454,-0.3352123,,,,,,-0.18104722,0.43435547,0.69703335,0.6735329,0.6410789,0.1858523,0.28204557
,,-1.0794224,5.905646,-6.871409,1692381659014,,-1.1001683,-0.04505131,-0.36209038,,,,,,-0.12052374,0.287698,0.47357416,0.69196385,0.62691087,0.1683399,0.27295238
,,-1.2767104,6.634101,-6.647939,1692381659266,,-1.7626517,-1.4147639,-0.2996294,,,,,,-0.13131839,0.5344016,0.40606195,0.68269855,0.6261513,0.18172134,0.29658478
,,-1.5605592,6.984091,-6.6310496,1692381659516,,0.66721755,0.26908615,0.055283304,,,,,,-0.2403875,0.5869545,-0.045141473,0.6749222,0.6147714,0.18849288,0.32571608
,,-1.3634902,6.789235,-6.591029,1692381659774,,1.6189456,1.1154399,0.29657507,,,,,,-0.20469639,0.4758027,0.21963167,0.6771384,0.62112254,0.19295755,0.31119174
,,-1.0779266,6.1254663,-6.977431,1692381660024,,0.8921687,0.14110987,0.21624629,,,,,,-0.28786924,0.34095144,0.3862883,0.6851434,0.6311035,0.18632947,0.27581212
,,-1.4542977,5.7222357,-6.5122066,1692381660274,,-2.9970577,-0.626595,-0.2919936,,,,,,-0.43732077,0.17854287,0.8839306,0.68694806,0.63289773,0.18108687,0.26759568
,,-1.9232509,7.0304117,-6.563093,1692381660530,,0.39813143,-0.106901415,0.3483459,,,,,,-0.3710522,0.7143364,0.15256688,0.66547334,0.6286741,0.19786905,0.3192486
,,-1.871965,7.4411,-6.4771113,1692381660783,,2.4718661,-0.08155051,0.7441866,,,,,,-0.17371944,0.92761195,-0.0022131442,0.6569942,0.62818664,0.20321931,0.33480942
,,-1.4498509,6.365984,-6.491608,1692381661286,,-1.3671165,-1.5219707,0.11942416,,,,,,-0.23859122,0.5777514,0.8913151,0.67528325,0.6440367,0.18434404,0.2729954
,,-1.8517056,7.360322,-6.472546,1692381661537,,1.3683381,1.6027577,0.28237244,,,,,,-0.2026143,1.0072074,0.27620298,0.6632048,0.6338221,0.19202541,0.31403872
,,-1.4995619,7.7489567,-6.5923066,1692381661789,,0.7982482,-0.016646078,0.52274793,,,,,,-0.052610658,1.1864783,0.04535546,0.6596025,0.6344034,0.19653846,0.3200432
52.48483710649393,13.26445068857037,-1.1081562,7.6076207,-5.718588,1692381662000,4.6911387,3.9058723,-0.6780604,0.6049093,,,,,,-0.057388235,0.96444386,1.0847812,0.6924601,0.60108536,0.19361946,0.31190282
,,-1.1087344,6.884509,-5.9067426,1692381662039,,-2.0277672,-2.0265455,-1.3904821,,,,,,-0.0795652,0.5741487,1.1852641,0.6756926,0.63580537,0.18812643,0.28735816
,,-1.4110874,7.267441,-6.2692957,1692381662290,,2.486527,-0.08582657,0.001985312,,,,,,-0.17238873,0.8850001,0.5178521,0.67566335,0.6257494,0.18414718,0.30525988
,,-1.3743377,7.981878,-6.2326255,1692381662543,,1.5792394,-0.8762862,0.6579019,,,,,,-0.040372264,1.3948549,0.3804102,0.67391676,0.6203639,0.19222555,0.3200987
,,-1.2210177,7.111987,-5.7086363,1692381662803,,-2.643672,-2.4494169,-1.1494957,,,,,,-0.023798088,0.94691384,1.0676179,0.68773425,0.61604655,0.18234874,0.30084363
,,-1.1250653,7.375078,-5.7128644,1692381663056,,1.3008375,0.7108944,-0.3651447,,,,,,0.21951528,0.87300384,0.9718221,0.68967587,0.6113805,0.18398319,0.30378512
,,-1.0575079,7.6043906,-5.7975497,1692381663307,,2.218357,-0.88254756,0.7771733,,,,,,0.28118342,1.023647,0.92613107,0.6914704,0.6066524,0.1843083,0.31006786
,,-1.1880763,7.2676005,-5.8825545,1692381663559,,-3.0825787,-1.6920967,-1.3151928,,,,,,0.09281402,0.8346708,0.9723975,0.69663924,0.60310954,0.18253198,0.30475733
,,-1.1643674,7.258646,-5.8588057,1692381663810,,1.4110987,2.0964894,-0.1253801,,,,,,-0.04315825,0.7571838,0.98754907,0.69753075,0.6004679,0.18662089,0.30488905
,,-1.1624731,7.099086,-6.11097,1692381664324,,-3.0271428,-1.5940529,-1.6668985,,,,,,-0.17599054,0.5663703,0.9926081,0.69257057,0.6050136,0.19173643,0.30364826
,,-1.2547165,7.2386084,-6.244729,1692381664576,,1.4957036,0.9735665,-0.1441642,,,,,,-0.49788418,1.0944506,0.9870053,0.691571,0.6077277,0.19050717,0.3020215
,,-1.2656435,7.5678606,-6.016972,1692381664829,,4.3563857,-1.9720258,0.72311175,,,,,,-0.3914786,1.2482812,1.090286,0.68664265,0.6078864,0.1951766,0.31209603
52.48497276701884,13.264255607007998,-1.3528221,7.3593464,-6.039823,1692381665000,4.190869,1.8083138,1.1148291,0.32406402,,,,,,-0.53310895,0.86918133,0.5790291,0.69034606,0.5995474,0.20835537,0.30849352
,,-1.1847463,7.1244907,-6.291509,1692381665079,,-2.862362,-0.5626069,-1.1378893,,,,,,-0.2821803,1.1020478,1.2064649,0.68913287,0.61015105,0.1855402,0.30432415
,,-1.2343577,7.2531247,-6.205705,1692381665333,,0.4746423,0.8597928,0.41080686,,,,,,-0.23981254,1.2692037,1.4090459,0.6909716,0.6124153,0.18101908,0.30018663
,,-1.2840087,7.434978,-6.429813,1692381665593,,3.03936,0.35476,0.9071349,,,,,,-0.16106148,1.2032305,1.0010872,0.6901721,0.6070841,0.18106744,0.31269878
,,-1.2786446,7.4179287,-6.4411798,1692381665847,,-3.6661077,0.5534439,-1.1809553,,,,,,-0.24852408,1.3567672,0.86094993,0.6967403,0.6016514,0.17836179,0.3081667
,,-1.2332807,7.255955,-6.1865034,1692381666098,,0.22800545,-0.4989242,0.21578814,,,,,,-0.28696525,1.0742342,1.1318318,0.7026119,0.5982459,0.18221723,0.30048847
,,-1.392244,7.310392,-6.266204,1692381666350,,1.9717203,1.721571,1.0969613,,,,,,-0.45067596,0.8783442,0.71786684,0.6998293,0.5900251,0.19049859,0.3157478
,,-1.3905288,7.631888,-6.210969,1692381666604,,-3.0373747,1.0447323,-0.51251596,,,,,,-0.5185413,1.1426042,0.37664253,0.6977362,0.5910584,0.1990052,0.3152326
,,-1.203869,7.33129,-6.04794,1692381666855,,-0.9978484,-2.0179935,-0.35934147,,,,,,-0.59007734,0.9757454,0.82467145,0.6989538,0.59845823,0.20552725,0.2964035
,,-1.2941582,7.9651093,-6.092903,1692381667358,,-0.4636467,0.5015204,0.2941316,,,,,,-0.31732988,1.381798,0.35827592,0.68169695,0.60690343,0.20959598,0.3152127
,,-0.9601801,7.089116,-5.9363933,1692381667609,,-2.160325,-1.9069686,-0.93691456,,,,,,-0.16583712,0.88607824,0.9930779,0.686308,0.6189975,0.1990863,0.28869432
,,-1.3062221,7.2878594,-6.09781,1692381667862,,2.1363485,2.3493876,0.4036292,,,,,,-0.13012509,1.1606808,0.7969496,0.67780596,0.622322,0.19255877,0.30106086
52.48510354853167,13.264077016096023,-1.0824332,6.734102,-5.690092,1692381668000,4.416104,-2.4063509,-2.2377522,-0.907593,,,,,,0.021550547,0.75575966,1.4354428,0.72941345,0.5725673,0.15943354,0.30184022
,,-1.1185049,8.318808,-6.3134227,1692381668114,,2.5685356,-2.3063216,0.7635816,,,,,,0.39609605,2.0204408,0.4473316,0.6708779,0.6238634,0.19232553,0.31901234
,,-1.0455838,7.0211,-5.790889,1692381668368,,-3.1134274,-2.1365013,-1.8538233,,,,,,0.5730048,1.175512,1.1712004,0.68671006,0.62146544,0.16826506,0.29821914
,,-1.3043875,7.214958,-5.841119,1692381668620,,0.9024007,0.83291477,0.34880406,,,,,,0.34633106,1.4049755,1.1091226,0.68849427,0.6156401,0.16135305,0.30635092
,,-1.2235103,8.178309,-5.673383,1692381668872,,4.089285,-0.22388211,1.1010846,,,,,,0.5294394,1.8331711,0.77740663,0.6841156,0.60572267,0.17089356,0.3352211
,,-1.2073588,7.260741,-5.6889367,1692381669124,,-2.7693577,0.12156218,-0.55939984,,,,,,0.44530037,1.3944161,1.0112149,0.6991909,0.5970048,0.15808,0.3198498
,,-1.11011,7.2221966,-5.5506716,1692381669382,,-0.46379945,-1.1265882,-0.018020526,,,,,,0.22546396,1.3079189,1.3100321,0.71265036,0.58862656,0.15720274,0.30943286
,,-1.3938191,7.3735633,-5.503014,1692381669635,,1.9918789,1.2776246,0.9211848,,,,,,0.010063736,0.95449585,0.9028917,0.7075847,0.5751743,0.16504033,0.33965224
,,-1.4238288,7.5732045,-5.9839315,1692381669887,,-1.6836973,0.79244494,0.5166393,,,,,,-0.1071635,1.250684,0.62737155,0.7110869,0.5719181,0.1651345,0.33619177
,,-1.3717055,6.835656,-6.0308504,1692381670390,,1.8678732,0.9211848,-0.17470746,,,,,,-0.08074845,0.6460687,0.93389004,0.72601,0.5622742,0.15197876,0.32458204
,,-1.3654243,8.162417,-6.256194,1692381670642,,4.6251664,-1.2907583,0.50610185,,,,,,0.21183333,1.5646785,0.32382455,0.7223541,0.55491483,0.15865651,0.34943417
,,-1.005544,6.596395,-6.073502,1692381670894,,-2.503173,-0.5893322,-1.3869696,,,,,,0.36631095,0.6493227,0.94594437,0.7466648,0.54708534,0.1397398,0.31012693
52.48524686881491,13.263962361635137,-0.9659227,7.982297,-5.984529,1692381671000,4.3698454,1.4016303,1.6360499,0.46181414,,,,,,-0.078064345,0.8028473,0.050299127,0.7628611,0.47081548,0.17816116,0.37854952
,,-1.1796416,6.8883185,-6.1173115,1692381671149,,1.0725267,0.3135266,0.55573463,,,,,,0.21289985,0.9006711,0.92402905,0.7535341,0.5361729,0.13381514,0.3142085
,,-1.1384451,7.849854,-6.143871,1692381671401,,1.6688838,1.6366607,0.9106474,,,,,,0.39552662,1.3042121,0.26791903,0.7483918,0.5188746,0.143917,0.3547558
,,-1.0972289,7.3641496,-6.152605,1692381671653,,-1.9720258,0.8756753,-0.2133447,,,,,,0.14753273,1.1776999,0.53162515,0.76469606,0.5038669,0.13513182,0.33910164
,,-0.8585049,6.7561345,-5.8430133,1692381671904,,-1.843744,-1.6114625,-0.63270366,,,,,,0.08152654,0.83544475,1.2566832,0.78273904,0.49666458,0.14086503,0.3109458
,,-1.2473785,7.057609,-5.824012,1692381672154,,1.0557278,2.4883597,0.2864958,,,,,,-0.21647769,0.6380493,0.7069877,0.7756209,0.47766128,0.1450695,0.34646696
,,-1.2179068,8.175158,-6.1398835,1692381672404,,4.0518694,-0.7377725,0.46135598,,,,,,-0.10526605,1.3311121,0.21497792,0.7673205,0.47341436,0.16062394,0.37318885
,,-0.84123653,6.519704,-5.946344,1692381672655,,-2.9578094,-0.35048392,-1.1667526,,,,,,-0.19796127,0.28748426,0.9666702,0.7874136,0.4731292,0.15729046,0.32741657
,,-0.9446463,6.930392,-5.8994646,1692381672907,,0.66248333,-1.0001391,0.50518554,,,,,,-0.38015023,0.4867283,0.87132174,0.7821358,0.47178027,0.16535105,0.3336836
,,-0.94991076,7.3850684,-6.334758,1692381673412,,-1.4434745,0.42164972,0.6123924,,,,,,-0.10217292,0.6849565,0.215622,0.77009124,0.47515386,0.16567472,0.35721225
,,-0.5594818,6.6591053,-6.0300922,1692381673663,,-2.512336,-1.5309811,-1.1148291,,,,,,-0.023907721,0.30323645,1.0641812,0.78277844,0.48368624,0.16638917,0.32173634
,,-0.94165546,7.2314296,-6.1067033,1692381673914,,0.9960158,2.726597,0.39675698,,,,,,-0.2315774,0.55096817,0.38801762,0.77148783,0.47545835,0.16145709,0.35378867
52.48540248790341,13.263902468924174,-2.6089544,8.519465,-4.195156,1692381674000,4.1924305,2.8851166,-2.4764478,0.2948952,,,,,,0.24760771,1.2371671,0.08272056,0.7254228,0.4187673,0.07112634,0.49800608
,,-0.92905337,8.541759,-5.7878985,1692381674170,,3.0920472,-0.7255552,1.0407617,,,,,,-0.0783327,1.4782274,0.19364958,0.7625364,0.47295004,0.16704662,0.3818881
,,-0.7593223,6.7395244,-5.288397,1692381674421,,-1.3997977,0.4343252,-1.290911,,,,,,0.13224727,0.36489195,1.1952237,0.78668076,0.46965262,0.15049988,0.33752203
,,-0.8011569,7.1004415,-5.2309895,1692381674677,,-0.4653266,-0.4970916,-0.50671273,,,,,,-0.11341635,0.58389795,1.0324388,0.78922635,0.46576163,0.14986213,0.33692366
,,-1.0238091,8.069335,-4.988198,1692381674931,,0.9812023,0.68035114,0.28099802,,,,,,-0.06107107,0.8637278,0.4451905,0.7728758,0.4576173,0.15871292,0.38349506
,,-1.1350154,8.0220375,-5.5833726,1692381675184,,0.54168475,-1.5460999,-0.47784933,,,,,,0.08756972,1.0838296,0.089002006,0.7758348,0.45648053,0.1417959,0.38408798
,,-1.0754342,6.5517883,-4.968775,1692381675435,,-3.265533,0.96837413,0.29031372,,,,,,0.39462575,0.18956473,1.2773138,0.788924,0.46516114,0.112174794,0.35394105
,,-1.828954,7.199565,-4.5170307,1692381675686,,-2.9895744,-0.9602802,1.868484,,,,,,0.22853504,0.51724786,1.196039,0.767067,0.46045235,0.10096972,0.39368328
,,-2.239662,8.427302,-4.2020555,1692381675943,,1.7890716,1.6494889,-0.33551773,,,,,,0.05467361,0.9868319,-0.0020438035,0.72411287,0.43159142,0.096603915,0.48438212
,,-2.8433712,7.342456,-3.5371103,1692381676446,,-2.7889054,0.7651087,0.2996294,,,,,,0.2772642,0.2738062,0.9432099,0.741664,0.40103647,0.03967692,0.49025524
,,-3.3619356,8.642956,-2.422673,1692381676698,,-2.824641,1.5848899,1.3278683,,,,,,-0.0070082825,0.9094465,0.8930498,0.7180687,0.37705764,0.03964566,0.5478288
,,-3.3766708,9.418111,-1.9845275,1692381676950,,2.7256808,0.21594086,-0.42424592,,,,,,-0.011575532,1.0227181,-0.020573027,0.6883203,0.3435821,0.054526284,0.61206347
52.48555774395163,13.26387921103851,-3.2082164,8.223234,-2.9003603,1692381677000,4.415783,-2.1429152,1.3605496,-0.13332134,,,,,,0.2673589,0.32770303,0.16616659,0.7353468,0.3376206,0.015930172,0.55462605
,,-3.321397,9.101899,-2.8150165,1692381677201,,1.9816469,-2.0372355,0.7903069,,,,,,0.009490995,0.95997787,-0.38310704,0.7124102,0.32986978,0.03767028,0.5915687
,,-3.2586658,8.200481,-2.8090143,1692381677452,,-1.704925,-0.55665094,-0.65209866,,,,,,0.055098247,0.2293158,0.8894114,0.7500012,0.33826384,0.026862059,0.54161036
,,-3.4520257,8.5887575,-2.4609985,1692381677705,,-1.2434162,-0.4185954,0.539394,,,,,,-0.1846463,0.41181475,0.65751094,0.73366123,0.33036122,0.03947154,0.5648157
,,-3.3196225,9.352286,-2.3975687,1692381677956,,2.934444,1.2089024,-0.7458665,,,,,,-0.13699344,0.78890544,-0.23631836,0.7045817,0.31972757,0.055369634,0.60834473
,,-3.2388048,8.555937,-3.2498324,1692381678207,,0.047494773,-0.61407226,1.0896308,,,,,,-0.0848123,0.42916825,-0.43712565,0.7279996,0.32823175,0.042754017,0.5706088
,,-3.224907,8.162776,-3.3549569,1692381678460,,-1.5028812,-1.1438452,-0.7318166,,,,,,-0.057545077,0.16379236,0.48234335,0.75504756,0.34603626,0.03556765,0.52833337
,,-3.269573,8.712028,-2.7573693,1692381678711,,0.022143865,-1.6340646,-0.39003745,,,,,,-0.061360773,0.466235,0.30923727,0.7275889,0.3416015,0.04565936,0.56469375
,,-3.2613974,9.529019,-2.6982067,1692381678965,,3.2023084,2.2892175,-0.67088276,,,,,,0.10437176,1.1082938,-0.485343,0.70369756,0.3348711,0.04485259,0.6014263
,,-3.1942983,8.327063,-2.9916265,1692381679470,,-1.8174769,-1.9509509,-0.2826779,,,,,,0.3648536,0.5604803,0.862867,0.75742275,0.34622267,0.006619719,0.5238923
,,-3.1400807,9.026065,-2.2795424,1692381679724,,1.7354681,-0.58032197,-0.24938573,,,,,,0.36366278,0.82760054,0.6245631,0.7271058,0.3269895,0.016893988,0.57359844
,,-3.3046074,9.842098,-2.386442,1692381679976,,2.4740043,1.6728544,-0.31505376,,,,,,0.23941198,1.5577209,-0.113071226,0.71801716,0.3138775,0.013720205,0.5953949
52.48570559663731,13.263848036578477,-3.2619958,8.079926,-3.0044084,1692381680000,4.193472,-3.1616857,1.3962852,0.5190827,,,,,,0.38879538,0.45291036,1.0740315,0.76399887,0.33757746,-2.6393434E-4,0.52075887
,,-3.1152954,8.08421,-2.5159936,1692381680226,,-3.1624494,1.6792686,0.10567969,,,,,,0.438842,0.35052255,0.7505913,0.75438714,0.31796697,-0.0102981245,0.5421349
,,-3.195196,8.536315,-2.822574,1692381680479,,-1.647809,-1.0772609,-0.47968194,,,,,,0.25472394,0.848239,0.9825967,0.76690274,0.3282823,-0.0044094753,0.52176464
,,-2.9262826,9.280383,-2.5698712,1692381680729,,2.5755606,0.0777326,-0.23991732,,,,,,0.37555027,1.1435732,0.23529953,0.7309126,0.31995648,0.019125342,0.5764399
,,-3.2185855,9.853863,-2.9926233,1692381680984,,2.134516,0.34437528,0.8921687,,,,,,0.14200553,1.7332577,-0.4648644,0.72516334,0.32311377,0.017186249,0.5824545
,,-3.2185657,8.042835,-2.9689746,1692381681234,,-3.163213,1.6279559,0.3268129,,,,,,0.35201433,0.5003697,0.78031147,0.761878,0.3373947,-0.0041793375,0.52469057
,,-3.168137,8.503793,-2.9562526,1692381681487,,-2.3548856,-1.5425875,0.36667186,,,,,,0.33509356,0.87738395,1.1154561,0.7619456,0.3442911,0.0048420685,0.5210613
,,-2.973102,9.332667,-2.7831714,1692381681739,,3.0705142,-0.36361754,-0.5693264,,,,,,0.41246212,1.1245425,0.06327834,0.7241904,0.33052444,0.029251778,0.5801306
,,-3.269294,9.611312,-3.3294532,1692381681992,,3.9606977,-3.555083,-0.37904188,,,,,,0.30364186,1.5737087,-0.31170216,0.72912216,0.32876143,0.020352744,0.5734869
,,-3.2991445,8.592607,-2.7186654,1692381682492,,-2.9727757,1.0436633,1.3067935,,,,,,0.34459558,0.8828689,1.1543478,0.75466686,0.33547986,0.009941803,0.53377795
,,-3.0307095,9.391349,-2.5346372,1692381682742,,2.7041478,0.31245756,-1.0838276,,,,,,0.5293519,1.0917754,0.118201576,0.7184431,0.32703826,0.03179269,0.5884982
,,-3.1552958,9.071051,-3.218486,1692381682994,,1.7536414,-1.9074267,1.0713049,,,,,,0.5672384,1.2329286,-0.14608565,0.7298705,0.33322975,0.014816867,0.5664049
52.48584817510447,13.26380467255225,-0.6323632,7.357133,-5.795636,1692381683000,4.1939917,1.3164146,0.269697,-0.0038179078,,,,,,0.38836807,1.108371,0.9680542,0.81984085,0.405686,0.11764867,0.34365088
,,-3.131926,8.098608,-2.9903705,1692381683244,,-1.3793337,-1.6021469,-0.33093625,,,,,,0.7325018,0.5987578,1.1778363,0.76058745,0.34797278,-0.0043297466,0.5194971
,,-3.1626136,8.550692,-2.382394,1692381683496,,-0.09514226,-1.7996091,-0.21426098,,,,,,0.5765508,0.8043597,0.97668135,0.7384159,0.3446664,0.0041629467,0.5489769
,,-3.250071,9.863834,-2.7262423,1692381683749,,2.9869783,3.745673,-0.24297164,,,,,,0.45963356,1.6903571,-0.20927219,0.7157482,0.34173098,0.017925177,0.58496755
,,-2.694378,7.7444296,-3.1657643,1692381684008,,-5.008637,2.6907086,-0.56673026,,,,,,0.7477197,0.4039384,0.51558,0.7461019,0.3524437,0.0056760055,0.52033246
,,-2.508815,8.568439,-3.9085162,1692381684260,,-0.6933321,-0.62858033,-0.8721629,,,,,,0.4276303,1.3425157,0.6900986,0.7676071,0.37402827,0.032206494,0.47235668
,,-1.8657837,8.378965,-3.618048,1692381684513,,1.3745996,-0.40133846,0.2910773,,,,,,0.6296972,0.8751748,0.74430317,0.75900865,0.38464504,0.06818731,0.4734832
,,-1.7572095,8.883153,-4.715177,1692381684763,,1.2263119,0.5740606,0.21120666,,,,,,0.28737888,1.8031105,0.13327523,0.76723963,0.39488,0.090415105,0.44106677
,,-0.92307115,6.8409405,-5.174858,1692381685014,,-3.4654386,-0.21303925,-1.2638801,,,,,,0.46497992,0.5147632,1.0126164,0.8080949,0.40086544,0.09919284,0.3628626
,,-0.5683552,8.576316,-5.783114,1692381685517,,1.1009319,1.0299188,0.9605856,,,,,,0.31383246,1.7116427,0.35822028,0.8078674,0.39968818,0.14068551,0.3774258
,,-0.4682754,7.122237,-5.6623964,1692381685769,,-1.737148,0.9807441,0.27183503,,,,,,0.23698989,0.96836525,0.95787126,0.83084697,0.38758028,0.12272726,0.3409795
52.48601668165935,13.263801636845502,-0.52670014,8.387442,-5.4980874,1692381686000,4.194511,1.6934712,0.24953845,0.15974127,,,,,,-0.16587171,1.0700057,0.22616003,0.8059138,0.3815665,0.16008686,0.39845955
,,-0.46303117,6.662296,-5.7057257,1692381686021,,-2.0175352,-1.052979,-1.3758212,,,,,,-0.124767646,0.7982114,1.2912605,0.84969205,0.37398794,0.12184121,0.31454572
,,-0.5603791,7.502576,-5.5402417,1692381686272,,1.2744176,1.1701124,-0.024587326,,,,,,-0.12566684,0.89882714,0.7081328,0.8334184,0.36432812,0.12865488,0.35930535
,,-0.51467615,8.683713,-5.7453265,1692381686523,,2.32816,-0.01985312,0.9828822,,,,,,0.09192105,1.6298752,0.20647667,0.81983864,0.3696702,0.13825554,0.38900617
,,-0.45830533,6.8499136,-5.7041707,1692381686774,,-2.488665,1.0903945,-0.55848354,,,,,,-0.064516515,0.6086,1.1889764,0.8416322,0.37073368,0.13278861,0.3356277
,,-0.39280176,6.6412597,-5.7167525,1692381687024,,-2.388025,-1.4033102,-0.52381694,,,,,,-0.21233724,0.49677855,1.2037586,0.84436077,0.37269232,0.14017554,0.32445225
,,-0.70456666,7.938429,-5.651609,1692381687283,,0.4906775,-0.1815797,-0.17745635,,,,,,-0.27111435,1.0299659,0.45742175,0.82125306,0.37277344,0.14485821,0.37783423
,,-0.66973114,8.41488,-5.862456,1692381687534,,4.1851907,-1.1389582,0.3846924,,,,,,-0.11077162,1.4015477,0.29032058,0.81730914,0.3742323,0.14534818,0.3870253
,,-0.41555354,6.812386,-5.8553967,1692381687790,,-2.606562,0.33567044,-1.273654,,,,,,-0.39339653,0.5018273,1.1217787,0.8406279,0.37259015,0.14633293,0.33398876
,,-0.54263234,6.97779,-5.6687174,1692381688045,,-1.0731375,-1.0722213,-0.010231993,,,,,,-0.4925956,0.48634753,1.050918,0.8323308,0.37510493,0.15248033,0.34407866
,,-0.49361938,8.308578,-5.7278,1692381688547,,1.9381227,-0.30665436,0.5184719,,,,,,-0.07419161,1.216837,0.3276738,0.8103669,0.3856365,0.15358816,0.38556665
,,-0.16041882,6.942535,-5.7657447,1692381688803,,-2.8820622,0.056505036,-1.1540772,,,,,,-0.005093662,0.4528082,1.1208725,0.8295976,0.39003095,0.15441181,0.3366819
52.48616003750422,13.263760888263882,-0.7134201,7.9322677,-6.0605803,1692381689000,4.1950307,1.0282389,-0.160963,0.5006041,,,,,,-0.061456546,1.0488018,-0.060951743,0.80875003,0.39091173,0.14774036,0.38364246
,,-0.40879387,7.3041506,-5.835556,1692381689056,,1.1166617,0.10903945,0.34025195,,,,,,-0.044974692,0.53456205,0.6043673,0.81450045,0.39431936,0.15498409,0.36093348
,,-0.38683966,8.706105,-5.671269,1692381689308,,1.2892311,0.4364632,0.9222538,,,,,,0.44023502,1.2980975,0.13844284,0.7931137,0.40220964,0.1576379,0.40448707
,,-0.4805984,7.538229,-5.886483,1692381689558,,-0.8368854,0.9103419,0.49571714,,,,,,0.21587801,0.80333316,0.5594776,0.8119948,0.39969248,0.1415691,0.36832342
,,-0.28309092,7.0084376,-5.808876,1692381689811,,-2.2930355,-0.699288,-1.0844386,,,,,,0.08239424,0.5892012,1.0691608,0.827989,0.39703977,0.14369664,0.33690503
,,-0.6318248,7.653204,-5.7894545,1692381690063,,0.5519168,2.3434317,0.18020524,,,,,,0.065769106,0.8462336,0.40325356,0.8103687,0.39091444,0.14389227,0.37780946
,,-0.61421776,8.78836,-6.00387,1692381690316,,2.6642888,0.3587306,1.0280862,,,,,,0.29956338,1.5443063,-0.20800433,0.7983421,0.39258304,0.14910078,0.40663865
,,-0.57982075,7.019166,-6.0179687,1692381690571,,-2.713769,0.6241516,-1.3052663,,,,,,-0.08367022,0.56524765,0.61809057,0.82389075,0.3882094,0.14143467,0.35464096
,,-0.6325826,6.99767,-6.057112,1692381690822,,-1.1235338,-1.372767,0.02443461,,,,,,-0.25946206,0.632335,0.7326641,0.8263094,0.38985312,0.1450409,0.34610716
,,-0.64562345,8.095496,-5.8974705,1692381691074,,1.2779301,1.1097895,0.569021,,,,,,-0.011383661,1.0239184,0.11739759,0.8068262,0.38762602,0.15147582,0.39146483
,,-0.3857828,6.655538,-5.933283,1692381691577,,-3.0430253,-0.77366084,-1.4065173,,,,,,-0.25724465,0.24927935,0.95023507,0.8285167,0.3989543,0.15033132,0.33107254
,,-0.71952176,6.932945,-6.007759,1692381691828,,0.79779,0.78801614,0.17027868,,,,,,-0.41590413,0.36351535,0.6628722,0.8160296,0.40568873,0.14909177,0.34702188
52.486314252220446,13.26371955952831,-0.43122652,7.212666,-5.74068,1692381692000,4.19555,-1.7159204,-1.5899295,-0.47983465,,,,,,0.05063502,0.9050757,1.3501585,0.8316117,0.4021235,0.13461968,0.32561043
,,-0.50835526,8.329974,-5.7702913,1692381692080,,2.6665795,-0.11636983,1.0280862,,,,,,0.0614681,1.094524,0.28967458,0.795107,0.41774178,0.15706363,0.38385826
,,-0.5056234,7.129455,-5.647042,1692381692330,,-2.1433735,0.8089383,-0.345597,,,,,,-0.09146387,0.56167567,0.7735113,0.80931795,0.42200172,0.14695051,0.34430653
,,-0.36354956,6.859883,-5.6089354,1692381692581,,-1.5735888,-1.5393804,-0.82253003,,,,,,-0.17860037,0.5039734,1.2067819,0.8145886,0.43340588,0.15577936,0.3183065
,,-0.627099,7.5503125,-5.7409396,1692381692833,,1.1722504,0.7461719,0.27412578,,,,,,-0.06084497,0.72096354,0.68745285,0.7950833,0.43817645,0.15656899,0.35584906
,,-0.5516054,8.231829,-5.75099,1692381693086,,2.4497223,-0.24098633,0.7237226,,,,,,0.18689993,1.2779922,0.5115413,0.78975856,0.44152015,0.15540433,0.36844432
,,-0.25623143,6.7644687,-5.419045,1692381693340,,-2.8296804,-0.48792863,-1.1818715,,,,,,0.13511635,0.47041544,1.5468198,0.81396294,0.43691367,0.15026563,0.31917915
,,-0.59635127,7.0961146,-5.648178,1692381693595,,0.88193667,-0.06154467,0.2434298,,,,,,-0.004067413,0.74960643,1.0864323,0.8113627,0.42993292,0.14590056,0.33210984
,,-0.56530446,8.262078,-5.6675,1692381693845,,2.2881484,0.52320606,0.9728029,,,,,,0.30483434,1.2554448,0.6020177,0.7978592,0.4236365,0.14976521,0.37579516
,,-0.5602395,7.375856,-5.829574,1692381694095,,-2.2030854,0.72219545,-0.31627548,,,,,,0.23909025,0.9160067,0.7555352,0.81519234,0.41136634,0.13468361,0.34971327
,,-0.85026956,7.6130247,-5.926503,1692381694599,,0.9630291,2.035403,0.7060075,,,,,,-0.06210821,0.805512,0.54682845,0.82178324,0.38721946,0.12745674,0.36267266
,,-0.8130611,8.435698,-6.112963,1692381694854,,2.95277,-0.32727104,0.9294315,,,,,,0.030387592,1.345821,0.11003162,0.8168474,0.38155642,0.13162947,0.38454035
52.486468430524816,13.263707850135827,-0.4455635,8.245209,-5.605665,1692381695000,4.1960683,2.0717494,0.77442443,0.6944011,,,,,,0.3392412,1.0358716,0.41324845,0.83262944,0.34578568,0.1174002,0.3900877
,,-0.5845267,6.9183283,-5.740221,1692381695105,,-2.628095,-0.5545129,-1.5047138,,,,,,-0.18601917,0.37358436,1.090241,0.83965695,0.37225997,0.13290483,0.3404308
,,-0.7245467,7.216953,-6.0056853,1692381695358,,0.9440922,-0.0096211275,0.014049901,,,,,,-0.3679262,0.5413695,0.69677824,0.8359658,0.36623314,0.13635874,0.3504038
,,-0.8190234,8.293883,-5.8934026,1692381695608,,1.9520199,1.0906999,1.0436633,,,,,,-0.23629913,0.92048496,0.24972068,0.81778616,0.3670267,0.14529389,0.39418894
,,-0.7138788,7.3192463,-5.907062,1692381695860,,-1.967597,0.98471475,-0.18921551,,,,,,-0.23369919,0.50715727,0.4458238,0.82720983,0.36598766,0.14063375,0.37011293
,,-0.39092734,6.923592,-5.5700927,1692381696113,,-1.4689782,-1.743104,-1.0719157,,,,,,-0.21252963,0.43972635,1.2091324,0.83861285,0.37169367,0.14861603,0.33945534
,,-0.71724856,7.4724655,-5.714081,1692381696365,,1.5102116,0.86361074,0.23090707,,,,,,-0.17300314,0.61104596,0.5925003,0.82629186,0.36913577,0.1370968,0.37021443
,,-0.61421764,8.511769,-5.9468427,1692381696616,,3.6332738,-0.7405214,0.82512623,,,,,,0.13204047,1.4121983,0.09672231,0.8209906,0.3691509,0.13192712,0.3890802
,,-0.38650063,6.9105926,-5.5196433,1692381696867,,-2.5207355,-0.5013676,-1.5337299,,,,,,0.075549155,0.48002556,1.0949688,0.8460337,0.35964844,0.12370066,0.34083483
,,-0.50648075,7.229356,-5.679464,1692381697119,,0.88346386,-0.2967278,0.3735441,,,,,,0.04542289,0.71792716,0.8981677,0.8468996,0.35233155,0.11659396,0.34659508
,,-0.58765733,7.502476,-5.896792,1692381697621,,-2.133905,0.9297369,-0.19440787,,,,,,0.0529507,0.74641573,0.5404373,0.84431386,0.33713374,0.1107444,0.36957482
,,-0.40825546,7.1041913,-5.5385666,1692381697871,,-2.1229095,-1.5253305,-0.12110403,,,,,,-0.03235958,0.5579693,1.2817811,0.8584496,0.33201635,0.11640242,0.34371695
52.486632313470125,13.263734946232937,-0.66057867,6.639585,-5.911966,1692381698000,4.6918855,-2.5411994,-1.0407617,-1.4188873,,,,,,-0.25627297,0.21462494,1.121895,0.8536244,0.33779457,0.12281,0.34906092
,,-0.798784,7.405008,-5.6250477,1692381698122,,1.379181,0.42256603,-0.01863139,,,,,,-0.18705048,0.45408514,0.7842993,0.84720105,0.32146645,0.11036451,0.37610257
,,-0.749811,8.383473,-6.081518,1692381698376,,1.6363553,-0.29733866,0.124311075,,,,,,-0.11297854,1.1405314,0.13623865,0.8399865,0.32319415,0.11617059,0.39512712
,,-0.57495534,6.813523,-5.7755957,1692381698627,,-2.6989553,-1.0923798,-1.366811,,,,,,-0.3452064,0.11789349,1.0393643,0.8578386,0.32141775,0.12073359,0.35337454
,,-0.85427755,7.166285,-5.953641,1692381698877,,0.6386596,0.79137594,0.5653558,,,,,,-0.6377434,0.4250097,0.7103617,0.8545685,0.31770337,0.1199952,0.3613663
,,-0.707797,8.216635,-5.7817583,1692381699129,,2.5045476,0.06536258,1.0454959,,,,,,-0.3119693,0.85511374,0.24722318,0.8394633,0.31724077,0.12605517,0.39921337
,,-0.7595218,7.227262,-6.1381087,1692381699380,,-2.1138992,0.79168135,-0.39064834,,,,,,-0.53917015,0.40397397,0.45022577,0.8482064,0.31825456,0.12319458,0.375058
,,-0.58299136,6.8584485,-6.102037,1692381699632,,-2.2385156,-1.6384933,0.15851954,,,,,,-0.46088892,0.32458636,0.95726615,0.85661334,0.3285043,0.12900877,0.349492
,,-1.0313864,7.248538,-5.9083176,1692381699883,,1.5519031,0.6436992,-0.098043874,,,,,,-0.5182222,0.39435494,0.66387624,0.8414902,0.32798365,0.122129045,0.38309762
,,-0.9032507,8.159446,-6.326782,1692381700134,,2.3663392,-0.6270532,0.18234327,,,,,,-0.25040066,1.1669495,0.09716778,0.83490604,0.33299047,0.12200788,0.39695367
,,-0.94426763,7.018887,-6.062196,1692381700639,,0.5412266,-0.27000242,0.009773844,,,,,,-0.33972445,0.4395331,0.9419245,0.84848964,0.3378418,0.116583854,0.35955778
,,-0.9201797,8.166684,-6.064829,1692381700890,,1.7971655,1.2166909,0.914618,,,,,,-0.06431813,0.92907155,0.16567452,0.8328693,0.337696,0.11990661,0.39870766
52.48679098791021,13.263770208605717,-0.83433723,7.191788,-5.9142804,1692381701000,4.498052,1.3399329,1.2799155,0.31597003,,,,,,0.01680513,0.7460234,0.5670751,0.8506317,0.32936186,0.09023018,0.366826
,,-0.8651649,7.2721653,-6.065547,1692381701143,,-2.1949916,0.8587238,-0.10415252,,,,,,-0.26226062,0.56287885,0.44319543,0.8436455,0.3375506,0.11464037,0.36935085
,,-0.5349554,6.7676396,-5.980064,1692381701394,,-2.364354,-1.2657127,-0.04062254,,,,,,-0.17930323,0.41406193,1.0332711,0.85588783,0.34452277,0.11593726,0.33845434
,,-0.90351,7.2571125,-5.7954764,1692381701645,,1.5891659,0.5193882,-0.1049161,,,,,,-0.2353813,0.5328843,0.61674184,0.84343934,0.33764094,0.10727457,0.37218076
,,-0.9490134,8.134481,-6.1503315,1692381701895,,2.9648345,-0.3359759,-0.4830417,,,,,,-0.11989875,1.1979814,0.14005403,0.83784574,0.33753505,0.104626484,0.39049667
,,-0.6170491,6.5971127,-5.9402223,1692381702150,,-2.5686884,-0.98547834,-0.79412484,,,,,,-0.0013485174,0.4680025,0.9034109,0.8579805,0.34238538,0.097006105,0.3390506
,,-0.78753775,6.85113,-5.9066825,1692381702402,,-0.04444045,0.16661349,0.21319197,,,,,,-0.041515507,0.72441286,0.8771473,0.85602355,0.34220287,0.089884624,0.34386462
,,-0.7720043,7.9345007,-5.9312105,1692381702655,,1.1171198,1.0277808,0.8324566,,,,,,0.25166532,1.1158905,0.33036137,0.8406218,0.33796427,0.09283802,0.38765845
,,-0.8185446,7.494102,-6.020423,1692381702906,,-1.1275045,0.63789606,0.18661933,,,,,,0.07398239,0.932283,0.41021663,0.84903073,0.33251336,0.09099389,0.36973026
,,-0.56458646,6.7759957,-5.96118,1692381703158,,-2.2047653,-1.8148806,-0.29642236,,,,,,0.025928143,0.7054489,1.0962805,0.8645365,0.33575362,0.09411995,0.33350033
,,-0.9236892,8.290313,-6.1458054,1692381703662,,3.5581374,0.12644911,-0.17837265,,,,,,-0.027604064,1.31121,0.019727094,0.8408697,0.32307163,0.09857693,0.3999867
,,-0.6147161,6.809634,-5.9716277,1692381703919,,-2.293799,-0.22036964,-0.5510005,,,,,,-0.060028013,0.52354217,0.81494826,0.8598646,0.32379186,0.09798195,0.351762
52.486936928764585,13.263782922270536,-0.7722835,8.219205,-6.080661,1692381704000,4.4971795,3.3599117,-0.05009095,-0.10781772,,,,,,-0.05284747,1.0133795,0.027546367,0.8407243,0.3161187,0.10208965,0.40422046
,,-0.71391857,6.8331633,-5.988996,1692381704172,,-1.3165673,-0.86330533,0.18616119,,,,,,-0.1747707,0.6048739,0.8310009,0.8625344,0.3250062,0.09477332,0.3458187
,,-0.8750952,7.754461,-5.9624157,1692381704427,,1.2658654,1.4138476,0.43997568,,,,,,-0.0463843,0.87784255,0.25789592,0.84512794,0.31923246,0.09317844,0.39239675
,,-0.8237292,7.7838917,-6.1071615,1692381704682,,1.5529722,-0.23457226,0.26435193,,,,,,-0.064530335,0.85151887,0.050545327,0.8464384,0.31615493,0.096160345,0.39103833
,,-0.53758746,6.7544394,-6.069575,1692381704940,,-2.7656925,-0.8491027,-0.7107417,,,,,,-0.18052438,0.35140127,0.7979979,0.8657702,0.3202763,0.10020138,0.34424126
,,-0.7023533,7.1136413,-6.1127057,1692381705191,,1.0004445,0.4906775,0.33643404,,,,,,-0.1617994,0.496447,0.43355542,0.85633194,0.3175128,0.09537578,0.36466834
,,-0.79060847,8.265307,-6.0954566,1692381705442,,2.110692,0.27855456,0.83001316,,,,,,-0.090565935,0.94599414,-0.15345389,0.84162587,0.31167194,0.10118062,0.40824524
,,-0.6966902,7.2426353,-6.1412597,1692381705694,,-1.4645494,0.3848451,-0.22266038,,,,,,-0.25216874,0.4953813,0.31580538,0.85560536,0.30998698,0.102708064,0.37243137
,,-0.4857829,6.816533,-6.1780486,1692381705946,,-2.4588854,-1.393689,-0.050396383,,,,,,-0.23651507,0.4007004,0.7734655,0.86627936,0.31753027,0.10586952,0.34321675
,,-0.79080796,7.482555,-6.065826,1692381706200,,1.6424639,0.80481493,0.20586158,,,,,,-0.23116507,0.55649984,0.28606635,0.84858155,0.31563994,0.10000085,0.3831748
,,-0.5025725,6.7229342,-5.8628335,1692381706705,,-2.1534526,0.101556346,-0.6038403,,,,,,-0.12349952,0.2863938,0.9392311,0.862174,0.32092983,0.10143023,0.34769493
,,-0.62520474,6.741179,-5.9602413,1692381706955,,-2.3237314,-1.45615,0.4689918,,,,,,-0.17764562,0.4139792,1.0435684,0.8646604,0.32681027,0.09619035,0.33821428
52.48708992888335,13.263798629390864,-0.5192425,7.672646,-6.096793,1692381707000,4.496307,1.6933185,-0.14156802,0.61010164,,,,,,-0.31466085,0.571884,0.11809875,0.8273917,0.34884012,0.14570642,0.38667837
,,-0.9357334,7.8526845,-5.8642097,1692381707210,,1.2114985,1.0031935,0.081855945,,,,,,-0.09755519,0.7938259,0.3862924,0.8444568,0.32010216,0.09011023,0.39205512
,,-0.89722884,7.90774,-6.032665,1692381707465,,2.575866,-0.25579983,0.21624629,,,,,,-0.050597906,0.8755283,0.065035805,0.8451684,0.31696016,0.091363296,0.3937538
,,-0.60993046,6.4481783,-6.0174303,1692381707715,,-2.2296581,-0.7275405,-0.93279123,,,,,,-0.15054111,0.16220579,0.9112609,0.8676621,0.32007647,0.094674036,0.33794394
,,-0.9033901,6.758328,-5.896433,1692381707967,,-1.1459832,-0.48456886,-0.005955936,,,,,,-0.2981798,0.30598226,0.79683304,0.8619104,0.31900316,0.09204859,0.3503523
,,-1.2301699,8.005707,-5.9005213,1692381708218,,1.2020301,1.3495541,0.0870483,,,,,,-0.30616704,0.75601333,0.060250513,0.83984154,0.31459293,0.09470769,0.4073747
,,-0.8611968,7.773683,-6.09755,1692381708470,,2.5156958,-0.84497935,0.28344148,,,,,,-0.24152222,0.71711534,-0.027102685,0.84245396,0.3165076,0.107690305,0.39561024
,,-0.49950182,6.4195848,-6.1431932,1692381708722,,-2.7682886,-0.12156218,-0.8359691,,,,,,-0.33465844,0.027699359,0.7015893,0.86014044,0.3285557,0.119489945,0.34084076
,,-0.677488,6.9403434,-5.906642,1692381708973,,-0.9381363,-0.7078401,0.3494149,,,,,,-0.39097732,0.21144652,0.68902695,0.84561384,0.3352715,0.12548038,0.36269182
,,-0.8943376,8.259985,-5.915935,1692381709223,,1.2014192,1.6562084,0.46120325,,,,,,-0.2887657,0.83601415,-0.016626485,0.82186276,0.33963698,0.13078575,0.41353005
,,-0.21920249,6.55763,-6.0796237,1692381709730,,-2.7641652,-0.4392121,-1.2234104,,,,,,-0.4835434,0.03197473,0.7784883,0.84223694,0.35947752,0.16083707,0.3368325
,,-0.61431736,7.2648287,-5.937231,1692381709982,,0.23915374,0.47036624,0.37690386,,,,,,-0.6836108,0.32987517,0.4704122,0.82460034,0.36480764,0.1668853,0.36473435
52.487222114438744,13.263772490649652,-0.20871392,7.267859,-5.860441,1692381710000,4.4954343,-0.43585235,0.7457138,0.27275133,,,,,,-0.32282686,0.6687391,0.71633565,0.750017,0.5196911,0.22156586,0.3059516
,,-0.7765507,8.49815,-5.795576,1692381710233,,0.96791595,1.5987871,0.8524625,,,,,,-0.624482,0.9141225,-0.14868431,0.80045706,0.37222567,0.1787756,0.4094909
,,-0.44709885,7.665747,-5.8982296,1692381710485,,0.62873304,-0.40332377,0.007941248,,,,,,-0.6963679,0.478021,0.100891836,0.80814445,0.3852652,0.19079965,0.37117052
,,-0.16576274,6.604968,-5.7917275,1692381710739,,-2.9350548,-0.77503526,-1.2803736,,,,,,-0.9133209,-0.14197846,0.77753437,0.8181749,0.40147665,0.2044581,0.32353297
,,-0.3981856,7.5147786,-5.856075,1692381710991,,0.7113526,0.30772337,0.37018433,,,,,,-0.8734085,0.337856,0.2129961,0.7953354,0.41310707,0.21183373,0.354512
,,-0.53132623,8.586045,-5.8600025,1692381711241,,1.0381655,1.8327484,1.1389582,,,,,,-0.7121122,0.8917484,-0.36373565,0.7703342,0.43000963,0.22114103,0.38883173
,,-0.25090736,7.445247,-5.848577,1692381711492,,-0.17730364,0.43371433,0.025350908,,,,,,-0.74855024,0.3875049,0.2912997,0.77882135,0.45128873,0.22410567,0.33876434
,,0.05102694,6.6500726,-5.8771915,1692381711744,,-2.5601363,-0.65133506,-1.4382823,,,,,,-0.774311,0.04971056,0.84738785,0.7846237,0.4721904,0.22811992,0.29275593
,,-0.3056831,7.5473814,-5.95105,1692381711994,,0.7296785,0.2724459,0.24220806,,,,,,-0.676329,0.5593671,0.342636,0.7592017,0.48634067,0.23112726,0.32778236
,,-0.42666018,8.546864,-6.0095544,1692381712245,,1.2997686,1.2574661,0.7469355,,,,,,-0.3202625,1.21012,-0.1032969,0.737335,0.5016785,0.23259328,0.3578044
,,-0.010448665,6.4300523,-5.8899317,1692381712748,,-2.44453,-0.7851145,-1.385137,,,,,,-0.3644255,0.3554991,1.3064958,0.7595095,0.5324813,0.21446052,0.26553354
,,-0.3013162,7.458926,-5.874359,1692381712999,,0.68752885,0.070249505,0.25228736,,,,,,-0.10809502,0.7868472,0.75804913,0.7385806,0.53582484,0.21725672,0.3081222
52.48733733025347,13.263635802117244,-0.23641084,7.7677007,-5.8491154,1692381713000,4.6921086,2.6751316,-0.6239988,0.83276206,,,,,,-0.063603476,0.8848927,0.69390523,0.7005397,0.57770294,0.24710809,0.30701157
,,-0.5434498,8.250932,-5.848836,1692381713250,,1.043816,1.57084,0.9285152,,,,,,0.06266328,1.2294792,0.341366,0.7233212,0.53712875,0.2173653,0.34423062
,,-0.25836506,7.33789,-5.826922,1692381713502,,0.463494,0.22525656,0.36483926,,,,,,-0.019665973,0.871952,0.9260142,0.739519,0.5428739,0.21122693,0.30123466
,,-0.10418749,6.3679786,-5.879125,1692381713755,,-2.863889,-0.28527406,-1.1276573,,,,,,-0.2725908,0.3669819,1.3342401,0.7530276,0.5448488,0.20800403,0.26393658
,,-0.2865405,7.5370917,-5.899982,1692381714007,,0.36911532,0.022907447,-0.081855945,,,,,,-0.17446047,0.8163999,0.71393967,0.73263365,0.54178756,0.22453097,0.30820227
,,-0.5432704,8.310372,-5.860242,1692381714260,,0.7797695,2.0383046,0.70554936,,,,,,-0.1025488,1.1028767,0.2130207,0.71427506,0.5420112,0.23347518,0.3467499
,,-0.2133002,7.5302525,-5.952705,1692381714512,,1.1861476,0.22296582,0.5367978,,,,,,-0.16071402,0.79535323,0.67836887,0.7249445,0.55137634,0.23304778,0.30682313
,,0.011425758,6.425008,-6.0065837,1692381714764,,-2.1276436,-0.33444872,-1.1863003,,,,,,-0.35481474,0.2587023,1.2418323,0.7373799,0.5587986,0.22860935,0.2622346
,,-0.21294127,7.2907114,-5.879186,1692381715016,,-0.57803124,-0.95737857,-0.02855795,,,,,,-0.320405,0.5922213,0.9181029,0.71745765,0.56257766,0.24149093,0.29400316
,,-0.5133402,8.323354,-5.8601427,1692381715269,,1.2165382,1.2145529,0.32925636,,,,,,-0.10524234,1.0838057,0.33166572,0.6940951,0.56625813,0.24982816,0.33715546
,,0.009950137,6.6284575,-6.0084577,1692381715774,,-2.175902,0.34284812,-0.70341134,,,,,,-0.115198486,0.4724552,1.1249986,0.71840245,0.58397007,0.23131476,0.25868192
52.48743639253705,13.26349458145181,-0.47686958,8.106243,-5.85737,1692381716000,4.692148,1.0238101,1.4570663,0.5868888,,,,,,0.09731727,0.72739065,-0.049884874,0.6820087,0.5716843,0.2535683,0.34984738
,,-0.08309075,7.02455,-5.7384686,1692381716023,,-1.6723963,-1.2304354,-0.5148067,,,,,,-0.1423739,0.5776245,1.0707629,0.70871735,0.5836031,0.23824762,0.27884582
,,-0.40879378,8.269076,-5.7733426,1692381716276,,1.0571023,0.7506007,0.051465396,,,,,,-0.041344363,1.1413983,0.24920067,0.6852541,0.58004653,0.2490106,0.33213797
,,-0.09044873,7.9577103,-5.8615785,1692381716526,,2.3067799,-0.2835942,0.6733262,,,,,,0.155517,0.95570296,0.36466187,0.68846864,0.5842212,0.24919637,0.31923768
,,0.24608189,6.846863,-5.9559555,1692381716779,,-1.4353806,0.4615087,-0.4034765,,,,,,0.028231243,0.5818255,0.889325,0.7084867,0.589587,0.23447338,0.26983213
,,0.17918254,6.6627145,-5.9324665,1692381717030,,-1.0914634,-1.6009251,-1.2202033,,,,,,-0.14514963,0.3915936,1.0572786,0.7099896,0.58776087,0.23545317,0.26831472
,,-0.16580267,8.024251,-5.868697,1692381717282,,0.6200282,0.57635134,0.35705075,,,,,,-0.042624746,0.9483764,0.35370764,0.68472403,0.58440554,0.25236014,0.32373145
,,-0.18695919,8.004171,-5.9164524,1692381717539,,1.055117,0.48258355,0.68829244,,,,,,0.13923527,0.83298683,0.18345307,0.6813694,0.58458215,0.24876413,0.33365923
,,0.024426695,7.2119675,-6.129534,1692381717799,,0.36025777,0.41813725,0.56169057,,,,,,0.11900749,0.6655042,0.6314822,0.70202196,0.589347,0.23659497,0.289421
,,-0.032043856,6.415497,-6.098348,1692381718053,,-2.7666087,0.2133447,-1.0345002,,,,,,-0.15355578,0.15383185,0.9526638,0.7172577,0.5830334,0.22635986,0.26943868
,,-0.2336392,7.731947,-5.959404,1692381718303,,-0.08384126,-0.6800457,-0.14614952,,,,,,-0.037655365,0.675651,0.43247673,0.69600874,0.5762662,0.24879067,0.316966
,,-0.07300105,7.732207,-5.906144,1692381718809,,2.9851458,-0.62888575,0.7458665,,,,,,0.06674381,0.646174,0.28110546,0.69224286,0.5790299,0.25589287,0.31617957
52.487535781477995,13.263380588690094,-0.21754748,8.026186,-5.6749973,1692381719000,4.2002077,0.06795876,0.22708915,0.1656972,,,,,,-0.20656362,0.71314335,0.3027981,0.6319818,0.6326988,0.2989441,0.29973352
,,0.09002994,6.6014185,-6.1522856,1692381719060,,-2.3365595,0.5468771,-0.70570207,,,,,,-0.23759331,0.07117271,0.534003,0.7040726,0.58570516,0.24955711,0.274771
,,0.08811569,7.3278604,-5.8034525,1692381719312,,-1.3191634,-1.5528195,-0.79733187,,,,,,-0.25818565,0.13696073,0.48671907,0.6768732,0.5949341,0.27773422,0.29324347
,,-0.28522447,8.409915,-5.822874,1692381719562,,0.59131753,1.4075862,0.14004086,,,,,,-0.21435902,0.6688515,-0.3526079,0.6445251,0.6001168,0.29711932,0.336326
,,-0.007996019,8.027521,-5.816713,1692381719816,,2.259896,-0.17379116,0.64599,,,,,,-0.086125925,0.48694435,-0.041313354,0.64445037,0.6114393,0.29911757,0.31641665
,,0.15282167,6.9302316,-6.047839,1692381720069,,-1.8842138,0.73853606,-0.51068336,,,,,,-0.2975692,0.0558271,0.4896517,0.66087776,0.6224207,0.28642866,0.26620016
,,0.09104691,6.8974314,-5.8738008,1692381720321,,-1.1959214,-1.4848607,-1.4246905,,,,,,-0.40500644,-0.07967952,0.6507356,0.6541907,0.62489194,0.29476574,0.2671006
,,-0.29818556,8.308938,-5.7300324,1692381720572,,1.056186,0.8136725,0.20891592,,,,,,-0.2458097,0.6198798,0.05076627,0.6273214,0.62051046,0.31430912,0.31879708
,,-0.2638486,8.236436,-5.7636724,1692381720824,,1.545031,0.28680122,0.9308059,,,,,,-0.09101353,0.66138935,-0.052672084,0.6296673,0.62049854,0.3071179,0.32317632
,,0.07363914,7.171689,-5.845147,1692381721079,,-0.7441866,0.6302602,0.3173445,,,,,,-0.13347062,0.30959433,0.6999533,0.65072566,0.6307803,0.28835413,0.27317438
,,-0.031465624,6.690851,-5.8039103,1692381721331,,-1.9885191,-0.647059,-1.3168727,,,,,,-0.44774577,0.045265142,0.9319981,0.65770984,0.633844,0.28178766,0.2534017
,,-0.49347982,8.232306,-5.6596036,1692381721834,,0.86422163,0.9877691,0.3921755,,,,,,-0.06867611,0.75332576,0.07553,0.62098604,0.63414747,0.29452705,0.32323298
52.487638864627456,13.263245929015726,-0.23032914,7.229495,-6.192007,1692381722000,4.692221,0.73838335,1.1415545,0.59650993,,,,,,-0.06743753,0.40373713,0.30755994,0.64511436,0.6401814,0.26792032,0.28615078
,,-0.12209379,7.7734423,-5.7218966,1692381722088,,1.9297233,-0.2134974,0.8562804,,,,,,-0.06792132,0.6745559,0.5086307,0.63209563,0.6455601,0.28655335,0.28908765
,,0.05736793,6.768996,-6.0829744,1692381722340,,-0.4886922,0.056352317,-0.07971791,,,,,,-0.17997125,0.32797083,0.71889216,0.6516668,0.6467964,0.26705846,0.25116682
,,0.16217357,6.950372,-6.0747786,1692381722594,,-1.571909,-1.0946705,-1.1594223,,,,,,-0.08315294,0.3481969,0.6372804,0.6514597,0.6444212,0.27197698,0.25521925
,,-0.1626721,7.6143622,-6.1454263,1692381722847,,-0.9074403,-0.4578435,0.11560625,,,,,,0.049797375,0.70721805,0.18329912,0.6406626,0.64024377,0.2725982,0.2889601
,,-0.25637102,7.374719,-5.990491,1692381723102,,0.68493265,0.64812803,0.088422745,,,,,,0.0017247478,0.42421332,0.30436084,0.6447313,0.6340391,0.2686232,0.2952983
,,-0.1077967,7.3523855,-6.1319265,1692381723353,,1.4506522,0.5870415,0.69898254,,,,,,-0.031161103,0.50569123,0.3191412,0.65116495,0.63461477,0.2684645,0.28367046
,,-0.09425726,6.8715487,-6.2420974,1692381723606,,0.42210788,0.116217114,0.3941608,,,,,,-0.11076,0.27153206,0.40985408,0.66039455,0.6326422,0.26051286,0.27002606
,,-0.03810568,6.91121,-6.2466035,1692381723859,,-1.048703,-0.11713341,-0.5571091,,,,,,-0.12089512,0.28377828,0.38195017,0.6601898,0.6318031,0.26334423,0.2707475
,,-0.21062824,7.276056,-6.1688967,1692381724110,,-1.359786,-1.0151054,-0.41538838,,,,,,-0.109760016,0.4480322,0.30548877,0.65268505,0.6331355,0.26586533,0.286314
,,-0.29882368,7.273483,-6.143792,1692381724361,,0.48563787,0.013591751,0.12370021,,,,,,-0.091161646,0.3807728,0.19154271,0.64754313,0.63188523,0.26662332,0.29571137
,,-0.069511525,6.9811006,-6.2857256,1692381724876,,1.7325666,-0.14446963,0.63453627,,,,,,-0.052828,0.35823452,0.44404083,0.6489127,0.64496267,0.26459977,0.26956227
52.487723591884986,13.263119354588518,-1.0219747,7.4152975,-4.866544,1692381725000,4.692255,-0.50915617,-0.03940081,-0.04046982,,,,,,-0.33104202,0.07669449,0.2856155,0.60668045,0.62192124,0.293121,0.3435632
