97#1#2
key,lat,lon,ts,bike,childCheckBox,trailerCheckBox,pLoc,incident,i1,i2,i3,i4,i5,i6,i7,i8,i9,scary,desc,i10
,,,,1,0,0,0,-5,0,0,0,0,0,0,0,0,0,0,,0

=========================
97#1
lat,lon,X,Y,Z,timeStamp,acc,a,b,c,obsDistanceLeft1,obsDistanceLeft2,obsDistanceRight1,obsDistanceRight2,obsClosePassEvent,XL,YL,ZL,RX,RY,RZ,RC
,,0.29686955,3.1789448,-9.204551,1692112256936,,0.049861837,-0.06887501,0.010231985,,,,,,-0.005733916,0.001776425,-0.01614078,0.937082,0.30733553,0.06639012,0.15154049
52.51873318,13.39248888,0.29623142,3.1688147,-9.179346,1692112257000,5.380981,0.035201084,-0.14462224,0.037110034,,,,,,-0.035234895,0.033857536,0.008180459,0.9383373,0.30452713,0.06615431,0.14951828
,,0.27908286,3.1879578,-9.225688,1692112257188,,0.004657844,-0.09086613,0.031001387,,,,,,0.011409848,-0.013753923,-0.031862162,0.9358934,0.31051362,0.0656926,0.1527374
,,0.26815563,3.2234514,-9.233264,1692112257439,,-0.009392046,0.022143848,0.17516547,,,,,,0.031687994,-0.002028648,-0.0360356,0.9351273,0.31262636,0.06498821,0.15345123
,,0.26799613,3.2354944,-9.171929,1692112257691,,-0.044822205,-0.04016436,0.027947064,,,,,,0.02530079,-0.004222083,0.026044114,0.9344699,0.3137103,0.064992584,0.1552505
,,0.2434298,3.2853453,-9.182455,1692112257940,,-0.058261227,-0.058490302,0.027336199,,,,,,0.018047692,0.018820724,0.0014268239,0.93385226,0.31437644,0.06528305,0.15746342
,,0.17339988,3.3606393,-9.17145,1692112258193,,-0.013057235,0.021532983,-0.05146536,,,,,,-0.010407048,0.048603185,0.01673692,0.93330073,0.31463993,0.06451232,0.16042814
,,0.09435697,3.5207188,-9.145128,1692112258443,,0.031535894,0.0025961753,-0.06551525,,,,,,-0.05198445,0.14158115,0.02708044,0.9324561,0.31524515,0.063561186,0.16435479
,,0.008773682,3.6230516,-9.114103,1692112258694,,0.03092503,0.050243627,0.012675445,,,,,,-0.09323141,0.18026559,0.043097336,0.9313613,0.3164001,0.062468395,0.16861409
,,-0.052562334,3.6784856,-9.097113,1692112258945,,0.06207913,-0.12018765,0.05054906,,,,,,-0.09136399,0.17030185,0.0474658,0.9300245,0.31842837,0.061172124,0.17259683
,,-0.15178472,3.7120652,-9.114422,1692112259197,,0.13599378,-0.06826414,-0.12721258,,,,,,-0.09091399,0.16506201,0.031088702,0.92856705,0.32167968,0.05806069,0.17546391
,,-0.2510071,3.6630921,-9.137073,1692112259449,,0.12316561,-0.06704241,-0.22128576,,,,,,-0.06696845,0.12949976,0.029734485,0.92645365,0.32820442,0.05294862,0.17575692
,,-0.4446662,3.2730622,-9.229035,1692112259954,,0.1476002,0.03252855,-0.11194097,,,,,,-6.439288E-4,-0.016789261,0.0048136073,0.9207287,0.34872082,0.039047264,0.16768198
52.51882803,13.39237896,-0.3558925,3.4939196,-9.173682,1692112260000,5.518091,-0.0045051277,-0.0029016077,-0.08506292,,,,,,-0.042568278,0.06120653,0.016150506,0.9237244,0.33768135,0.046145663,0.17297523
,,-0.5146164,3.0429525,-9.2920475,1692112260204,,0.012599086,0.029474225,-0.11560616,,,,,,0.05494105,-0.053454064,-0.0056753475,0.9177397,0.360478,0.03174092,0.15979615
,,-0.6041877,2.8413172,-9.339347,1692112260454,,0.09873102,-0.039553493,0.047494736,,,,,,0.08025829,-0.04739089,-7.019361E-4,0.9139246,0.3741104,0.024209207,0.15142235
,,-0.6932007,2.656352,-9.365987,1692112260704,,-0.25618142,0.0923933,-0.04046979,,,,,,0.0797364,-0.03620081,0.01827755,0.90971017,0.38815752,0.017976543,0.14349288
,,-0.7170493,2.5916665,-9.390393,1692112260954,,0.102396205,-0.3113883,-0.3074177,,,,,,0.1112684,0.0037430446,0.007950178,0.90521985,0.40059555,0.015246242,0.1390327
,,-0.8322237,2.491008,-9.430912,1692112261204,,0.14882194,-1.2362376,0.48426306,,,,,,0.16796662,0.010343289,-0.040106393,0.8989275,0.41436583,0.007740338,0.13814117
,,-1.3547363,2.1852849,-9.329215,1692112261456,,-0.14072797,-0.5667298,-0.12538,,,,,,0.1588965,-0.19940796,-0.05225293,0.8925628,0.42161337,-0.016858792,0.14572076
,,-2.0421147,2.0157933,-9.083872,1692112261709,,-0.19204062,-0.27595815,-0.41981682,,,,,,0.13664879,-0.32236204,-0.049884606,0.8829822,0.42868403,-0.04932306,0.16095683
,,-2.8480175,1.8202997,-8.798967,1692112261960,,0.07002038,0.03252855,0.073761925,,,,,,0.09503022,-0.44747585,-0.04287227,0.87114197,0.43643907,-0.0858066,0.17884819
,,-3.5913875,1.592264,-8.564311,1692112262211,,0.21662793,0.19440772,0.22953244,,,,,,0.11429894,-0.5679042,-0.0725066,0.86211145,0.4397116,-0.12415603,0.19320828
,,-4.256512,1.2955538,-8.374879,1692112262463,,0.16775873,0.37705627,0.15989386,,,,,,0.105940804,-0.6532638,-0.07006982,0.85889167,0.43563434,-0.16179787,0.19953932
,,-4.618307,1.1263813,-8.3193655,1692112262967,,-0.0032833982,0.09483676,0.076816246,,,,,,0.054278072,-0.46437755,-0.05761906,0.8663896,0.41773897,-0.18909301,0.18783733
52.51888123,13.3923459,-4.6920056,1.098784,-8.266725,1692112263000,5.6698966,-0.0570395,0.11133011,-0.027030766,,,,,,0.036159277,-0.66091925,-0.049526628,0.8619668,0.42412403,-0.18620786,0.19814399
,,-4.3609185,1.091446,-8.505767,1692112263218,,-0.008781182,-0.023060145,-0.012370012,,,,,,0.062444497,-0.33516654,-0.06802479,0.8748241,0.4098651,-0.18113129,0.17154843
,,-3.98062,1.0645669,-8.730533,1692112263469,,-0.011835505,-0.0065667965,0.0016798781,,,,,,0.086365975,-0.23664157,-0.079336196,0.8864162,0.3990448,-0.16868272,0.1532773
,,-3.6464229,1.0699905,-8.925309,1692112263720,,-0.008170316,-0.0016798781,-0.003817905,,,,,,0.07426475,-0.1496338,-0.07699335,0.89572155,0.39158672,-0.15469065,0.1384497
,,-3.4171104,1.0942378,-9.061698,1692112263972,,-0.0075594517,-0.007788526,0.005345067,,,,,,0.054096088,-0.093687646,-0.07062378,0.9003739,0.38972405,-0.14267474,0.12977864
,,-3.3183663,1.1300504,-9.065687,1692112264223,,-0.018555017,0.24388777,-0.048411034,,,,,,0.039641038,-0.064635634,-0.024495443,0.9014387,0.39055565,-0.13645257,0.12734982
,,-3.1804602,1.1503893,-9.13157,1692112264476,,-0.09185879,-0.43600473,-0.20723587,,,,,,0.0554875,-0.050531473,-0.041346487,0.9015538,0.3928406,-0.13036875,0.12545533
,,-3.2650862,1.1769499,-9.059066,1692112264727,,-0.16943862,-1.3144283,-1.2340996,,,,,,0.06992761,-0.071199454,0.010254828,0.8971056,0.3997082,-0.13257298,0.13040793
,,-3.3261032,1.2361321,-8.607062,1692112264979,,-3.6886306,0.67821264,0.77564555,,,,,,0.14108257,-0.35535553,0.28247413,0.8881285,0.40879282,-0.13121098,0.14983554
,,-3.307439,2.6841087,-7.9477596,1692112265231,,0.13232858,0.29397866,-0.16264275,,,,,,-0.0045387903,-0.00408748,0.2584052,0.86614543,0.41179356,-0.0929663,0.208061
,,-2.9194033,3.8756547,-7.3559356,1692112265482,,-0.6324741,-0.86910784,-0.4735729,,,,,,-0.0064786715,0.053945795,0.15497477,0.83866596,0.41676256,-0.04887676,0.27240694
,,-2.9410982,6.706842,-5.635256,1692112265984,,0.26305366,0.18463388,1.3804017,,,,,,-0.23471661,0.1942781,0.008200025,0.7798416,0.41642618,0.041841127,0.4126123
52.51890125,13.39234159,-2.6550763,5.090092,-6.619026,1692112266000,5.81545,-1.174922,-1.1238384,-0.65988666,,,,,,0.11799275,-0.010573387,-0.0027077517,0.81009084,0.41925165,-0.0027719543,0.339729
,,-1.8277975,8.3924265,-5.099583,1692112266237,,-5.3196397,3.6787803,-4.719694,,,,,,0.08548654,0.64090323,-0.3492259,0.75645715,0.40193555,0.115847744,0.46885392
,,-1.4266007,9.266923,-3.477968,1692112266492,,-0.3661371,-1.2130247,4.735271,,,,,,0.29099762,0.64680463,-0.7119171,0.6765115,0.39589658,0.20526005,0.5482954
,,-0.84913284,8.568778,-1.8767707,1692112266742,,-1.4858522,-0.4714349,-0.34712392,,,,,,0.33990872,0.1014597,-1.0112977,0.6108607,0.3594804,0.2748471,0.59312534
,,-0.7305288,8.161201,0.5592028,1692112266993,,0.6576723,0.21823144,1.0028872,,,,,,0.11541627,0.06987063,-0.67179435,0.5386725,0.30767635,0.33154383,0.6444347
,,-0.086380884,8.013083,2.5166113,1692112267244,,0.41699156,-1.0865757,-0.2658789,,,,,,0.12695806,0.33535033,-0.573057,0.47266695,0.2576528,0.3846347,0.6918173
,,0.7534998,7.2327056,4.3588457,1692112267498,,0.045585785,0.6317869,0.285732,,,,,,0.45915362,0.11997544,-0.5551747,0.40848166,0.2113692,0.43233016,0.73662716
,,0.31322047,6.3074803,6.448098,1692112267750,,-0.18471023,0.43325585,-0.107054055,,,,,,0.13054588,-0.39681557,-0.30374992,0.33642465,0.18386647,0.46217823,0.7886677
,,0.33603203,6.3278995,7.1691356,1692112268004,,0.60635966,-1.6051999,-0.056963142,,,,,,-0.15395227,-0.0730857,-0.1395205,0.3228436,0.15399337,0.4733114,0.80160105
,,0.23361918,6.593582,7.4267635,1692112268257,,-0.7076105,0.28603745,0.12751803,,,,,,-0.07720336,0.15992813,0.040565457,0.31679136,0.15655556,0.46249855,0.8108473
,,0.2214956,6.796334,7.142178,1692112268511,,0.021762058,0.21700971,0.06582068,,,,,,0.14768626,0.19719802,-0.13642283,0.31839263,0.17099918,0.46066937,0.80864066
52.51894417,13.39235233,-0.14779668,6.722716,7.1203227,1692112269000,5.562854,-0.17004949,0.61285007,0.089033544,,,,,,0.04167442,0.05878393,-0.10766897,0.31536233,0.18598276,0.46158934,0.80657035
,,-0.5164509,7.050692,7.2464237,1692112269011,,2.3247223,-1.3388629,0.30527967,,,,,,-0.042306244,0.26344576,0.10129698,0.30900034,0.20937409,0.4699076,0.7987818
,,-0.67756754,7.4318676,6.8995442,1692112269266,,1.4481313,0.5242747,0.2997819,,,,,,-0.044932596,0.25421387,0.16865818,0.32130545,0.2333515,0.4728189,0.7833863
,,-0.5131808,7.776833,5.8962336,1692112269516,,0.89590955,-0.03527744,0.08231403,,,,,,0.03933591,0.06658627,0.078372456,0.35220006,0.26579186,0.4726224,0.7515694
,,-0.47274202,8.117572,4.847221,1692112269768,,0.3259727,-0.15683953,-0.025809037,,,,,,0.110037826,-0.0902222,0.21674326,0.38574445,0.30953187,0.47036737,0.70923954
,,-0.4835097,8.570374,3.4554756,1692112270019,,0.0834594,0.13148865,-0.026419902,,,,,,0.115084186,-0.1751934,0.17318708,0.42842072,0.3562933,0.46160406,0.6632244
,,-0.5151747,9.0036335,2.0809584,1692112270271,,0.039477136,-0.049938194,0.0035124724,,,,,,0.103691034,-0.25351208,0.20958203,0.4708657,0.40525523,0.45173392,0.6158721
,,-0.32638106,9.285268,0.45024946,1692112270525,,0.10545053,-0.093309596,0.085979216,,,,,,0.16325955,-0.43196642,0.007871282,0.518273,0.44556516,0.4369217,0.57106966
,,-0.22811575,9.531888,-0.687777,1692112270777,,-0.03138318,0.15592323,-0.060017463,,,,,,0.16974896,-0.3402674,-0.0118144965,0.55360097,0.47350362,0.42149535,0.53586537
,,-0.23808584,9.648976,-1.258784,1692112271029,,0.0297033,0.0074830935,0.020616686,,,,,,0.09882679,-0.19526187,0.019153317,0.57189083,0.4867293,0.40966195,0.51699615
,,-0.25108686,9.704092,-1.5480765,1692112271281,,-0.055817768,0.009315688,0.0151189035,,,,,,0.057309348,-0.07674109,0.0072790463,0.578076,0.49390757,0.40542606,0.5070498
,,-0.23369901,9.6784115,-1.704647,1692112271543,,0.027259842,0.016035201,-0.014813471,,,,,,0.0489285,-0.051499207,-0.0041148188,0.5799179,0.49950662,0.40501007,0.49988034
52.51897477,13.39235592,-0.20514467,9.655839,-1.8573886,1692112272000,5.1488347,-0.019776747,0.008704823,-0.010537418,,,,,,0.061012235,-0.035914198,-0.04136302,0.5815106,0.5036383,0.4043805,0.49444216
,,-0.20546369,9.636694,-1.9181663,1692112272055,,0.024205517,-0.011453714,0.032833982,,,,,,0.055056572,-0.030510712,-0.033883356,0.58174723,0.5071901,0.4045159,0.49047387
,,-0.22165512,9.628081,-1.96371,1692112272307,,-0.0045051277,0.012370012,-0.023976443,,,,,,0.044124477,-0.020803133,-0.025357446,0.58050454,0.51128334,0.4053082,0.48711744
,,-0.23106688,9.622178,-1.9988047,1692112272559,,0.032757625,0.12232567,0.007788526,,,,,,0.032210406,-0.014734014,-0.02341302,0.58049667,0.513019,0.4052819,0.48535126
,,-0.22492532,9.617552,-2.0143578,1692112272813,,-0.0692568,0.03375028,0.002290743,,,,,,0.030292459,-0.011842219,-0.018863278,0.58129925,0.51333165,0.40477508,0.484487
,,-0.21168505,9.625767,-2.0286353,1692112273064,,0.014431681,0.083230324,-0.0074830935,,,,,,0.031422134,-0.0012542406,-0.018825436,0.5817406,0.5134786,0.40498236,0.4836301
,,-0.20155543,9.619546,-2.04028,1692112273317,,-0.052763447,-0.004734202,0.0029016077,,,,,,0.025904087,-0.006698704,-0.022252997,0.5821913,0.5134156,0.40539402,0.4828088
,,-0.18656042,9.610214,-2.065724,1692112273570,,-0.017944153,0.031917684,-0.026419902,,,,,,0.027534256,-0.012695472,-0.03623231,0.5825446,0.5133832,0.40573224,0.48213428
,,-0.18791634,9.616755,-2.057349,1692112273824,,-0.023441937,-0.021227552,0.0010690134,,,,,,0.018048462,-0.0047530173,-0.03828318,0.5827314,0.5129051,0.40589106,0.48228583
,,-0.17308083,9.593705,-2.104328,1692112274080,,-0.61781335,0.14981459,0.005345067,,,,,,0.029240835,-0.028264873,-0.09083736,0.5827167,0.51224345,0.40618527,0.48275527
,,-0.17762719,9.6516905,-1.8616956,1692112274333,,0.108504854,-0.020616686,-0.014202606,,,,,,0.015319243,-2.693812E-4,-0.02861343,0.5796205,0.5073642,0.40959966,0.48830798
,,-0.1878366,9.670276,-1.6918052,1692112274586,,-0.09552398,0.08689552,-0.011148282,,,,,,0.0053518247,-0.008236917,-0.04124097,0.5757119,0.50268495,0.41350272,0.49416307
52.51900458,13.39235666,-0.18424734,9.7177305,-1.4736598,1692112275000,4.7898974,0.03214676,0.01970039,-0.022143848,,,,,,0.008458394,0.0077584265,-0.011432608,0.5713554,0.49792954,0.41771978,0.50035083
,,-0.17930219,9.756972,-1.2904489,1692112275089,,-0.038713556,-0.02489274,-0.026419902,,,,,,0.015624187,0.012276045,-0.015974587,0.5669827,0.4936517,0.42197636,0.5060595
,,-0.18233308,9.776674,-1.1357136,1692112275339,,-0.028939718,-0.03405571,-0.03008509,,,,,,0.018550968,2.322197E-4,-0.023649009,0.56279856,0.48955113,0.4259487,0.51161134
,,-0.21208385,9.841201,-0.90161556,1692112275593,,0.011377357,-4.581486E-4,-7.6358096E-4,,,,,,0.004804061,0.030056827,0.02089132,0.55852294,0.4855091,0.42952698,0.5174778
,,-0.22907288,9.804829,-0.9690134,1692112275843,,-0.033215772,-0.091477,-0.020922119,,,,,,0.018659642,-0.008000246,-0.0427536,0.5574219,0.4857548,0.42934334,0.5186206
,,-0.26305097,9.822934,-0.9429318,1692112276109,,-0.049709123,-0.048716467,-7.6358096E-4,,,,,,0.020548817,0.0073141097,-0.032406177,0.55715096,0.48503333,0.42789084,0.52074665
,,-0.309711,9.816954,-0.90983105,1692112276359,,-0.046654798,-0.004734202,-0.052076224,,,,,,0.0113773635,-0.0010778427,-0.055529434,0.556936,0.48238185,0.4258372,0.5250019
,,-0.35270208,9.822936,-0.820499,1692112276612,,-0.1107956,7.6358096E-4,0.0029016077,,,,,,0.0053958828,5.036672E-4,-0.045375027,0.5561683,0.47852817,0.4241587,0.5305846
,,-0.3723232,9.845109,-0.67381877,1692112276863,,-0.03199404,0.044745844,-0.042302385,,,,,,0.016079212,0.01370093,-0.027942313,0.55463046,0.47397217,0.42366531,0.5366132
,,-0.38532418,9.84439,-0.56805605,1692112277118,,0.0077121677,-0.027947064,-0.0074830935,,,,,,0.020159487,0.00564483,-0.035800144,0.55292374,0.46962488,0.42376694,0.54210675
,,-0.4007978,9.863773,-0.45296136,1692112277369,,0.021151192,0.016035201,0.0010690134,,,,,,0.016356556,0.014971574,-0.034742434,0.5514908,0.4655278,0.42400086,0.5470043
,,-0.38221353,9.858827,-0.38668016,1692112277620,,-0.05093085,-0.025503604,0.011453714,,,,,,0.024195557,0.0015240987,-0.042225365,0.55068016,0.4628625,0.4246088,0.5496944
52.51903141,13.3923573,-0.37655053,9.863614,-0.37694928,1692112278000,4.1415596,-0.069867656,0.038026333,0.00962112,,,,,,0.020276595,0.0017288526,-0.03986705,0.550925,0.46220335,0.4250385,0.549679
,,-0.34081772,9.860503,-0.3929812,1692112278125,,0.07063124,0.04535671,0.013286309,,,,,,0.029190242,-0.00291605,-0.026354725,0.5520337,0.46258122,0.42546833,0.5478894
,,-0.31274194,9.852687,-0.49363932,1692112278384,,-0.013668099,-0.017562363,0.00962112,,,,,,0.01450661,-0.0046804426,-0.039995566,0.55488294,0.46371844,0.42489958,0.544438
,,-0.26664022,9.839525,-0.5996414,1692112278637,,-0.03565923,0.021532983,-0.0129808765,,,,,,0.020943882,-0.011666902,-0.043586634,0.5584532,0.4650809,0.42384222,0.5404369
,,-0.23282164,9.842318,-0.6789236,1692112278890,,-0.005726857,-0.09697478,0.025503604,,,,,,0.021076381,-0.0029097558,-0.029296963,0.5615667,0.46616685,0.42297637,0.5369764
,,-0.21168508,9.836096,-0.7378667,1692112279142,,-0.0014508038,-0.07498365,0.013286309,,,,,,0.013612141,-0.0011668205,-0.029454915,0.56387866,0.466786,0.42226595,0.53460157
,,-0.19270201,9.829874,-0.78851485,1692112279394,,-0.0112246405,-0.035888307,0.011453714,,,,,,0.014450196,-0.0020268757,-0.036596227,0.56567895,0.46710536,0.4214658,0.53306705
,,-0.19461624,9.82493,-0.845145,1692112279648,,0.008933897,-0.0035124724,-0.0050396346,,,,,,0.0051593166,-0.0015964508,-0.05809281,0.5672578,0.46713686,0.42025134,0.53233373
,,-0.20514466,9.828998,-0.83597267,1692112279900,,0.01687514,-0.024281874,0.024281874,,,,,,0.0044105765,0.0035835267,-0.046977688,0.5679154,0.46678248,0.41908684,0.5328624
,,-0.20865415,9.829077,-0.8352547,1692112280153,,0.0077121677,-0.0029016077,0.008399391,,,,,,0.008504191,0.0021217347,-0.049362693,0.5681142,0.46623036,0.41837713,0.5336937
,,-0.21320052,9.825089,-0.82879406,1692112280409,,0.016264275,0.028863361,0.004123337,,,,,,0.0062793028,1.9273759E-4,-0.05074812,0.5685249,0.46565086,0.4175916,0.5343781
,,-0.20873387,9.822537,-0.84011996,1692112280662,,0.0058795735,-0.0059559317,0.0059559317,,,,,,0.017334044,-0.0043409984,-0.055438064,0.56886905,0.46514285,0.41695303,0.53495437
52.51903755,13.39235609,-0.19589241,9.8289175,-0.8193823,1692112281000,4.2014837,0.0040469794,0.016646065,0.0016798781,,,,,,0.024247361,0.0011718114,-0.040567167,0.5690686,0.46449146,0.41677245,0.5354487
,,-0.19381863,9.831711,-0.8226525,1692112281167,,0.009544762,0.028252495,-0.012370012,,,,,,0.025240194,4.8001606E-5,-0.05028147,0.56907445,0.46408284,0.41662133,0.5359145
,,-0.2082553,9.829316,-0.83118683,1692112281424,,-0.020998476,0.0129808765,-0.012370012,,,,,,0.022341328,-0.0035827318,-0.06000506,0.5691766,0.4639635,0.41601,0.5363824
,,-0.22899313,9.831869,-0.81970114,1692112281676,,0.046807513,0.024587307,-0.023365578,,,,,,0.0061458484,0.0045476276,-0.047457796,0.5691882,0.46396798,0.41503182,0.5371212
,,-0.26329026,9.8346615,-0.8328617,1692112281928,,-0.008170316,-0.025503604,0.016340632,,,,,,-0.0032240187,0.004093583,-0.057536617,0.56910115,0.46402004,0.41392723,0.5380159
,,-0.28729823,9.837933,-0.8302297,1692112282180,,-0.017333288,-0.0029016077,0.018173227,,,,,,-0.006197251,0.0057177544,-0.05492645,0.5690051,0.4641765,0.4128871,0.5387811
,,-0.3028516,9.832586,-0.8441082,1692112282432,,-0.0240528,-0.06093376,0.004734202,,,,,,-0.004111494,-6.546974E-4,-0.062342253,0.5692237,0.46436164,0.41184896,0.53918785
,,-0.2863411,9.714461,-0.84666044,1692112282681,,-0.46876237,-0.38041604,-0.13515383,,,,,,0.01901832,-0.09389312,-0.065035895,0.56986797,0.46374717,0.41057476,0.54000396
,,-0.27645078,9.323473,-0.64382875,1692112282935,,-2.548146,-2.110996,-0.6580541,,,,,,0.14368387,-0.4196724,-0.16145961,0.56218404,0.45575425,0.4087779,0.5538588
,,-0.5012166,9.03115,0.8476973,1692112283187,,-1.2500584,-0.6009382,-0.53099424,,,,,,0.07978601,-0.26751703,0.16520524,0.52488554,0.41908512,0.40386838,0.60012555
,,-0.74831545,8.401917,2.5360727,1692112283437,,-0.28733552,0.6073523,-0.16019928,,,,,,-0.12130051,-0.06476377,0.38773692,0.47035024,0.36357197,0.39071125,0.6603429
,,-0.9828917,7.55143,4.13065,1692112283688,,-0.4088976,-4.581486E-4,0.1452331,,,,,,-0.1833038,0.019191297,0.4441491,0.40789464,0.30916706,0.372965,0.7239584
52.51903731,13.39235618,-1.2271988,6.6577907,5.6375704,1692112284000,4.108011,-1.3453534,0.030695954,0.5416843,,,,,,-0.35221633,0.0024645806,0.41570476,0.34906885,0.25120175,0.35648307,0.7869512
,,-1.1793425,5.9026947,7.393024,1692112284193,,0.23984079,-0.049327333,-0.054519683,,,,,,-0.25387165,0.16539337,0.58991927,0.28905672,0.18958847,0.3396715,0.8504327
,,-1.2929218,5.3863235,8.837093,1692112284447,,0.39805475,0.26343542,0.5697841,,,,,,-0.43201256,0.5700782,0.7176923,0.23337266,0.13400464,0.32103404,0.9026423
,,-1.0448658,4.728856,9.01464,1692112284698,,0.31986406,-0.31994042,0.03894263,,,,,,-0.37026793,0.45512813,0.44742954,0.20733671,0.10393439,0.30565327,0.9224401
,,-0.7306882,4.42393,8.979624,1692112284948,,-0.058872093,-0.111635536,-0.075289086,,,,,,-0.18891893,0.30280432,0.24749462,0.2002333,0.090549715,0.29775518,0.9281944
,,-0.4235296,4.3572507,9.073104,1692112285200,,-0.03932442,-0.08048143,-0.014813471,,,,,,-0.15530945,0.2436401,0.24588166,0.20309025,0.07567958,0.29294756,0.9305772
,,-0.12051851,4.35733,9.213563,1692112285459,,-0.011835505,0.22128576,0.03405571,,,,,,0.004575606,0.2974301,0.29096997,0.20199387,0.065724224,0.28658345,0.9338487
,,-0.1634298,4.32064,9.129335,1692112285713,,-0.0655916,0.274431,-0.050243627,,,,,,-0.1294716,0.24643467,0.14700876,0.20157868,0.06124402,0.28090528,0.936128
,,-0.19054843,4.2309093,9.093043,1692112285972,,0.25816673,-4.110967,3.985129,,,,,,-0.27363244,0.046971273,0.12412357,0.20736465,0.05684117,0.2802617,0.935131
,,1.1571691,3.4892137,7.3060856,1692112286225,,2.5043166,-0.37064222,-0.8358157,,,,,,-0.40061763,-0.43572465,-0.087172255,0.2747764,-0.0077228826,0.3057492,0.8635324
,,2.5455644,3.013202,4.906962,1692112286482,,1.1811835,0.5059488,-3.9078548,,,,,,-0.559969,-0.39623287,-0.23791914,0.3756345,-0.051795956,0.3440095,0.73780346
,,4.031348,3.1205597,2.8614962,1692112286733,,-1.536554,1.4729477,-0.6036871,,,,,,-0.07196274,-0.7057981,-0.2328007,0.47289577,-0.031867564,0.37841237,0.6341079
52.51903516,13.39235773,5.0636115,3.6977882,1.2829515,1692112287000,3.8442426,-0.83222693,0.6684388,-0.51511174,,,,,,0.18264645,-0.8744518,-0.44969994,0.54193914,0.0037964385,0.42951074,0.5518408
,,5.858188,4.283152,0.04785655,1692112287236,,-0.10407609,0.31291547,0.77931076,,,,,,0.28678265,-1.0390087,-0.5701195,0.597682,0.041597165,0.48823893,0.47522405
,,7.108518,4.883991,-1.1762317,1692112287486,,-1.6843833,-0.8617775,1.021824,,,,,,0.62407535,-0.99845225,-0.7279251,0.65431,0.07214744,0.55103606,0.39167067
,,6.880083,5.838168,-0.2888934,1692112287738,,0.05291616,-1.288772,1.5367831,,,,,,1.0493382,-0.9658816,-0.4592702,0.6462973,0.15779509,0.5825137,0.3926403
,,6.676374,6.7227154,0.6480561,1692112287987,,0.65339625,-2.2142322,3.0718863,,,,,,1.4190311,-1.1026996,-0.5471955,0.61689585,0.21452743,0.59760416,0.44034848
,,6.7568526,6.89763,0.77328044,1692112288238,,-1.0716859,-2.079231,-1.1852304,,,,,,1.0262629,-0.6771767,-0.5234677,0.6130968,0.17701651,0.6051933,0.44554228
,,6.906005,6.533363,0.52131635,1692112288490,,0.78473216,-0.5074759,0.34498587,,,,,,0.6710842,-0.68210447,0.1274685,0.64450985,0.13239783,0.5848567,0.4301658
,,7.084429,5.7276993,-0.43302113,1692112288741,,1.7993785,-1.0450369,1.0383174,,,,,,0.6529442,-0.8363958,0.16790216,0.6940486,0.09831286,0.5507298,0.40453485
,,6.9160547,5.5322857,-2.168615,1692112288992,,0.9197333,-1.158047,-0.48517936,,,,,,0.80509096,-0.54982257,0.14000735,0.75481814,0.07065239,0.48734683,0.3708219
,,6.400163,4.9682975,-4.2235713,1692112289244,,0.07063124,0.08872811,-0.6372847,,,,,,0.6313099,-0.13809437,0.15487257,0.8264984,0.057504248,0.40926543,0.30010223
,,5.530053,4.1974897,-5.8517284,1692112289496,,-0.9678389,0.0368046,-0.16386448,,,,,,0.34010175,-0.15115982,0.28066874,0.8824116,0.06677254,0.33629778,0.23750284
,,4.4214573,3.7600012,-6.5786676,1692112289748,,-2.1767402,-1.261283,-4.683042,,,,,,0.29802832,-0.54417205,0.32246286,0.90463835,0.11578389,0.29036358,0.21738766
52.51904317,13.39231794,3.2579079,4.29384,-7.1429744,1692112290000,5.304692,0.27527094,0.5969676,-0.027641632,,,,,,0.30940467,-0.2821164,-0.17234498,0.9027754,0.17190437,0.2523258,0.23073131
,,2.5115864,5.097908,-7.3563337,1692112290250,,0.97776544,-0.3602575,-0.42959064,,,,,,0.2811456,-0.01759928,-0.06730335,0.8961848,0.21615955,0.22336955,0.24581459
,,1.9117059,5.0368924,-7.2319064,1692112290500,,1.8824562,-0.8617775,0.1385136,,,,,,0.10558975,-0.24875738,0.008093771,0.8811279,0.27304262,0.21038753,0.25536475
,,1.4210175,5.1028533,-7.2670813,1692112290750,,0.35346162,-0.1018617,0.17944153,,,,,,0.041396372,-0.29447824,-0.008664036,0.86645144,0.3269492,0.19665903,0.26102772
,,1.2644473,4.990471,-7.043672,1692112291000,,-2.7686682,1.1528546,0.0707076,,,,,,0.1469729,-0.4858947,0.26060885,0.85481584,0.36611542,0.18515827,0.26472542
,,1.1518251,5.7742,-7.019664,1692112291251,,-1.2030219,-1.658956,0.11041381,,,,,,0.17283879,-0.09882994,0.1078234,0.8420313,0.38841304,0.18550476,0.28143784
,,1.1657035,5.7271414,-6.9115877,1692112291501,,1.1512511,0.07284562,-0.46746427,,,,,,0.075064324,-0.14434418,0.16155553,0.8421728,0.38637364,0.18979584,0.28049847
,,1.2799208,5.4306703,-7.404589,1692112291754,,2.1323,-0.59849477,-0.08506292,,,,,,0.16765127,-0.13474204,0.07836019,0.8489493,0.39406464,0.18492888,0.25869185
,,1.0356137,4.7727246,-7.5039716,1692112292006,,-0.41806057,0.08628465,0.2997819,,,,,,0.05331679,-0.22095647,0.25674054,0.85736835,0.3973552,0.16439979,0.23033735
,,1.3007386,4.9541802,-7.3470817,1692112292259,,-2.0362413,-0.66507906,-0.59574586,,,,,,0.01908021,-0.3538712,0.24216498,0.8537468,0.39557105,0.18144757,0.23766631
,,0.98975116,6.262416,-7.0333834,1692112292511,,1.4401901,1.3074033,-0.03619374,,,,,,-0.3640129,0.10065881,-0.02529869,0.8353587,0.39218405,0.2125302,0.28220126
,,0.91349995,6.1604023,-6.9381485,1692112292761,,2.7175083,-0.1036943,0.46105018,,,,,,-0.3047796,0.053040884,0.18103546,0.83137727,0.40138283,0.21135028,0.28241655
52.51913541,13.39226204,0.96135634,5.182455,-7.471828,1692112293000,5.474919,0.17012584,0.2678642,0.5410735,,,,,,0.020691542,-0.06583248,0.3290079,0.8432046,0.42181197,0.1870126,0.23280002
,,0.8102098,4.534478,-7.4644895,1692112293262,,-2.808451,1.0076214,-0.8364266,,,,,,-0.16791826,-0.27966678,0.46891126,0.85041445,0.4244606,0.17350166,0.20811078
,,1.0712667,5.7491546,-6.9081583,1692112293513,,0.5732966,0.24953826,0.20265439,,,,,,-0.1425623,0.11891933,0.44128445,0.8354963,0.41530755,0.20712776,0.25014368
,,0.879761,6.5759554,-6.567741,1692112293764,,1.8048,1.2110394,-0.20295982,,,,,,-0.16678788,0.402627,0.29628816,0.8242379,0.40767908,0.22298838,0.28529057
,,1.4659228,5.9152966,-6.7807016,1692112294013,,1.8023565,-0.959974,-0.18096869,,,,,,0.3324488,0.17619854,0.42854154,0.8342349,0.41279715,0.21245933,0.26000217
,,1.2444272,4.996692,-7.3201227,1692112294265,,-0.59589857,0.6172789,0.40973756,,,,,,0.17534058,0.02009097,0.4578041,0.8476438,0.41606203,0.18505786,0.22173065
,,1.5856438,5.090491,-7.3144593,1692112294515,,-1.8530583,-0.3045161,-0.5523745,,,,,,0.06732747,-0.054219723,0.37800676,0.84785926,0.408988,0.19982228,0.22373918
,,1.8943181,6.1277,-6.8861446,1692112294766,,-0.41447175,-1.0247257,0.3675879,,,,,,0.26592615,0.33609974,0.2596329,0.8345147,0.4035606,0.2255028,0.258503
,,1.8547566,5.981179,-6.8283176,1692112295017,,1.1114684,-0.17562363,-0.23900084,,,,,,0.16053753,0.12682675,0.31453747,0.83603746,0.3992672,0.22337696,0.26175433
,,2.0659628,5.4980683,-7.15406,1692112295270,,1.5824453,-1.4724896,-0.49373147,,,,,,0.4235734,0.030002784,0.390155,0.84597164,0.4034571,0.20574003,0.24192926
,,1.5394622,4.8985066,-7.2675605,1692112295522,,-0.7706059,0.869566,0.26923865,,,,,,0.30290163,-0.030638035,0.6459852,0.8544137,0.40374973,0.17176887,0.22333117
,,1.6347765,5.107481,-7.0447903,1692112295774,,-2.266003,0.10354158,-0.12171481,,,,,,0.36782208,-0.13694464,0.5653769,0.854698,0.3957411,0.1792395,0.2365949
52.51920362,13.39223152,1.49025,6.0656457,-6.680922,1692112296000,6.2098584,0.16707152,-0.20311254,0.33521205,,,,,,0.4831268,0.20417179,0.4998403,0.8454512,0.38731295,0.18424533,0.2768985
,,1.3324035,6.027919,-6.7968926,1692112296275,,1.8579452,-0.07849612,-0.011148282,,,,,,0.5062649,0.21873493,0.5316802,0.8515514,0.37906587,0.16927604,0.28166273
,,1.2970694,5.3549776,-7.3024154,1692112296525,,1.5409064,-0.35033095,0.2784016,,,,,,0.75880116,0.22631668,0.57255834,0.86966306,0.37462518,0.14028902,0.24947229
,,0.9028918,4.563352,-7.337829,1692112296776,,-2.1316125,1.561065,0.29000807,,,,,,0.42820632,0.079058155,0.77351075,0.8855183,0.354868,0.1193489,0.22137648
,,1.3696518,5.408417,-7.134201,1692112297025,,-1.7968588,-0.17806709,-0.15103632,,,,,,0.40606296,0.26629886,0.5047369,0.88555586,0.32662687,0.15328969,0.24751644
,,1.4100906,6.3510303,-6.691449,1692112297275,,1.1597267,0.23060146,-0.15286891,,,,,,0.25048316,0.5947313,0.36377826,0.87726784,0.2998384,0.17411481,0.28867093
,,1.5729617,6.0126843,-6.9912705,1692112297527,,2.1242824,-1.2171481,-0.1339321,,,,,,0.22859792,0.53898746,0.31300676,0.88760626,0.28874925,0.17279889,0.27331942
,,1.299542,4.881518,-7.2752976,1692112297779,,-0.4639518,0.33261588,0.22525638,,,,,,0.023697741,0.2960583,0.6078552,0.90341634,0.28753996,0.15042326,0.22698118
,,1.3135798,4.621498,-7.1865234,1692112298030,,-2.7382014,-0.05894845,-0.2921461,,,,,,-0.12209422,0.042722043,0.660194,0.9058572,0.28203568,0.15431339,0.22073695
,,1.6725831,6.023293,-6.7882786,1692112298302,,0.9062179,-0.24098615,0.35903576,,,,,,0.019219104,0.405359,0.39474767,0.88980156,0.2724119,0.18167658,0.27401295
,,1.6989838,6.234499,-6.709396,1692112298553,,2.057698,0.0058032153,-0.01847866,,,,,,0.05875746,0.4855238,0.31440455,0.88714015,0.26487353,0.18048838,0.28901112
,,1.6894921,5.302813,-7.267721,1692112298803,,0.7528908,0.24342962,-0.22861615,,,,,,0.18286212,0.34794414,0.4260598,0.9044241,0.27009943,0.15691122,0.24413912
52.51926907,13.39220153,1.3727624,4.26082,-7.3011403,1692112299000,6.5824986,-2.6520693,1.2983931,-0.22372922,,,,,,-0.05098308,-0.12262714,0.7243907,0.9146878,0.2697278,0.13794364,0.21285065
,,1.6733807,5.3923054,-7.0892158,1692112299306,,-0.8451314,0.5384773,0.43783733,,,,,,-0.0023613493,0.17578888,0.3666131,0.90452546,0.25833338,0.16285394,0.25354695
,,1.856432,6.330611,-6.842196,1692112299559,,1.6997312,-0.31734425,-0.18890993,,,,,,0.056054756,0.48759443,0.10901305,0.8926141,0.24550524,0.18076131,0.29471943
,,1.8351356,5.5657854,-7.1990457,1692112299809,,2.0204353,-0.80114913,-0.15103632,,,,,,0.036268283,0.30319074,0.2980288,0.9045755,0.24927607,0.17092294,0.26235625
,,1.5479169,4.3474407,-7.5077205,1692112300061,,-2.2464552,1.271515,0.20509785,,,,,,-0.077285446,-0.07461815,0.5234009,0.91770715,0.25727722,0.14954731,0.21424435
,,1.745564,4.979305,-7.1802225,1692112300312,,-1.7571526,-0.33994624,-0.11988221,,,,,,-0.13900594,0.050245665,0.47542605,0.9100536,0.25180224,0.17032981,0.2358169
,,2.0424337,6.2638507,-6.9039307,1692112300565,,1.5903865,0.17501275,-0.06307179,,,,,,-6.7644916E-4,0.4702529,0.08964677,0.893883,0.24015133,0.19507138,0.28741
,,2.0588646,5.919205,-7.0485377,1692112300815,,2.4627013,-1.6148211,-0.064904384,,,,,,0.018818,0.44620895,0.20778185,0.8999251,0.2402824,0.1899495,0.27201664
,,1.6902103,4.5560937,-7.3145404,1692112301064,,-2.0021093,0.9337068,0.31627524,,,,,,-0.13725491,0.060413726,0.58136445,0.91631144,0.24847928,0.16259247,0.2176798
,,1.8303498,4.7345185,-7.2414002,1692112301315,,-2.6245806,-0.481056,-0.6006328,,,,,,-0.15607983,0.007069898,0.4350316,0.91300195,0.24671584,0.17211291,0.22401793
,,2.0925233,6.1135025,-6.760042,1692112301567,,1.7290528,0.10720677,-0.07956514,,,,,,-0.15130644,0.36407834,0.17983241,0.8929299,0.23754518,0.20151787,0.28342968
,,2.179303,6.098986,-6.852405,1692112301816,,2.6239696,-1.2348632,0.06520981,,,,,,-0.042930517,0.44525492,0.15305959,0.8935359,0.2395005,0.19981138,0.28184974
52.51936611,13.39216352,1.8494124,4.8317466,-7.2248883,1692112302000,6.588703,-1.6624686,1.0039563,0.016951498,,,,,,-0.20495845,0.14891009,0.4585733,0.9111574,0.2489531,0.17346774,0.22622737
,,1.9428123,4.656273,-7.1793456,1692112302321,,-2.5402813,-1.1255183,-0.0820086,,,,,,-0.2529133,-0.04146153,0.43982843,0.91080326,0.25025812,0.17914182,0.21987145
,,2.185684,6.0623755,-6.827521,1692112302574,,1.3930771,0.34055713,-0.107054055,,,,,,-0.26907805,0.33953303,0.029757945,0.8917418,0.2415227,0.21227105,0.27673095
,,2.2317855,6.3531833,-6.857829,1692112302824,,2.9269586,-1.136514,0.16539164,,,,,,-0.18696427,0.61291164,-0.016127635,0.8891068,0.24550864,0.2147274,0.28161404
,,1.9621944,4.9986067,-7.262217,1692112303078,,-1.2537999,0.85673785,0.17394374,,,,,,-0.16399533,0.3000008,0.27271327,0.9079869,0.25886005,0.18563868,0.22133698
,,1.8441485,4.56423,-7.281759,1692112303329,,-2.5482225,-0.5439751,-0.04535671,,,,,,-0.23154053,0.024353798,0.39380157,0.91103214,0.2631888,0.18012874,0.20810105
,,2.1156542,5.8652873,-6.8793654,1692112303583,,1.2776237,0.3460549,-0.10155627,,,,,,-0.13446169,0.33910206,0.10714844,0.89320153,0.2554719,0.20812172,0.2622387
,,2.1834505,6.2228546,-6.8899736,1692112303833,,2.5769331,-0.9782999,-0.014813471,,,,,,-0.016039077,0.59117323,0.061004367,0.89015824,0.2565087,0.20884947,0.27300397
,,1.9767907,4.8390055,-7.349874,1692112304084,,-1.62826,1.0870339,0.27351472,,,,,,0.0046239733,0.2514169,0.4225866,0.90716296,0.27161676,0.17795199,0.21487485
,,1.8867406,4.4815173,-7.3074408,1692112304334,,-2.4510949,-0.60994846,-0.12171481,,,,,,-0.12479981,0.05426461,0.58648264,0.9103294,0.274258,0.17453487,0.20097107
,,2.2502103,5.7777886,-7.0089765,1692112304583,,1.3344342,0.46822786,0.0035124724,,,,,,-0.011253508,0.3356639,0.22743033,0.89221674,0.26629955,0.2058774,0.255354
,,2.4632516,6.2611394,-7.0155163,1692112304835,,2.7388122,-1.371086,0.24785839,,,,,,0.20910959,0.64216,0.12952594,0.887323,0.26804015,0.21220593,0.26778466
52.51948493,13.39213785,2.1470797,4.846742,-7.382335,1692112305000,6.5871964,-1.4981458,0.9911281,0.3431533,,,,,,0.17280133,0.32799834,0.51522624,0.904295,0.2808525,0.1776597,0.21105975
,,2.0710676,4.5178084,-7.317012,1692112305339,,-2.5946481,-0.71074116,-0.023365578,,,,,,0.09032731,0.13810104,0.66126937,0.90806794,0.28129828,0.17279689,0.19866267
,,2.3238294,5.8890557,-6.9094343,1692112305591,,1.3209951,-0.06444623,-0.077121675,,,,,,0.10520329,0.44976002,0.28220418,0.8911006,0.26851308,0.20370603,0.2554676
,,2.4863021,6.1894345,-6.963433,1692112305841,,2.653902,-1.23975,0.020005822,,,,,,0.26447037,0.6583703,0.18307516,0.88901526,0.26538676,0.20606503,0.26679832
,,2.0740988,4.777989,-7.3013,1692112306093,,-1.6526947,1.0968077,-0.019089524,,,,,,0.1310161,0.3413008,0.5941084,0.90742284,0.27344227,0.17218445,0.21065211
,,1.9499909,4.4457846,-7.306245,1692112306347,,-2.3362525,-0.4883864,-0.0923933,,,,,,-0.046524055,0.15875785,0.66801953,0.9115912,0.27242592,0.16773655,0.19814838
,,2.3085153,5.8073807,-6.988877,1692112306598,,1.2794563,0.024740024,-0.05146536,,,,,,0.008572424,0.4327944,0.24380952,0.8942164,0.26058522,0.20336045,0.25446716
,,2.3788645,6.1150975,-7.0790057,1692112306850,,2.4920228,-1.0870339,0.20021093,,,,,,0.089311205,0.5981422,0.109787114,0.8909825,0.25917673,0.20831706,0.2661474
,,2.08024,4.736832,-7.436494,1692112307102,,-1.5818343,1.307556,0.012064579,,,,,,0.017451787,0.24295457,0.49830613,0.9090938,0.26790476,0.17864603,0.2087975
,,1.9651456,4.3999224,-7.3816996,1692112307353,,-2.644128,-0.6545416,-0.45219266,,,,,,-0.13767233,0.0013144334,0.59433633,0.9116133,0.26845467,0.178186,0.19662139
,,2.4038298,5.8455863,-7.014161,1692112307611,,1.2971714,-0.0632245,-0.064904384,,,,,,0.00870049,0.3680296,0.16209383,0.89231664,0.2594565,0.21349517,0.25418442
,,2.5008988,6.14724,-6.9756374,1692112307862,,2.5573854,-0.90927225,0.17577635,,,,,,0.08597064,0.5139425,0.07334123,0.8884727,0.2583008,0.21911003,0.2671353
52.51958877,13.3920823,2.143092,4.8605404,-7.278488,1692112308000,6.649711,-1.696677,1.2684608,0.28145593,,,,,,-0.054779943,0.24426183,0.4648648,0.9063014,0.26776674,0.18703453,0.21123871
,,2.120599,4.5129437,-7.268039,1692112308365,,-2.5854852,-0.8872811,-0.85597426,,,,,,-0.1440688,0.031175932,0.4892997,0.90867954,0.26940864,0.18537799,0.19981827
,,2.5199614,5.8703113,-6.934001,1692112308617,,1.2928953,0.09560034,0.049327333,,,,,,0.036075626,0.38479593,0.11904272,0.88998973,0.26356548,0.21462817,0.2569544
,,2.6005998,6.1743603,-6.987201,1692112308868,,2.5659375,-0.87262034,0.13423753,,,,,,0.1930666,0.5907406,0.0152850235,0.8880223,0.26246104,0.21362965,0.26894277
,,2.2017958,4.7267823,-7.343013,1692112309120,,-1.9159774,1.3362668,-0.030695954,,,,,,0.02717084,0.1757341,0.42664748,0.90810335,0.26812446,0.18076226,0.21189918
,,2.0634906,4.563033,-7.385765,1692112309371,,-2.148106,0.04367683,-0.08933897,,,,,,-0.10878248,0.07626656,0.4506244,0.9111545,0.26637682,0.1773231,0.2039814
,,2.4989045,5.8912888,-7.094798,1692112309623,,1.723555,-0.01924224,-0.07467822,,,,,,0.07207112,0.35616246,0.049875308,0.8929866,0.2567014,0.20991038,0.26036316
,,2.4718654,6.078487,-7.15422,1692112309875,,2.4113886,-1.1908809,0.2008218,,,,,,0.1352993,0.5352719,0.07582852,0.8924313,0.25556436,0.20878534,0.26663843
,,2.111746,4.677331,-7.462735,1692112310128,,-2.338085,1.3729186,0.038331766,,,,,,-0.040597204,0.16521844,0.47712523,0.9119526,0.2590706,0.17946193,0.20827867
,,2.004388,4.7034917,-7.4257264,1692112310379,,-1.8701625,-0.1291979,-0.054519683,,,,,,-0.3023655,0.15076841,0.46506342,0.91138345,0.25847605,0.1841035,0.20578852
,,2.3652256,6.1135817,-7.0655274,1692112310629,,1.9685117,0.12553272,-0.12538,,,,,,-0.18959478,0.5306284,0.15304142,0.89323115,0.25215042,0.21456608,0.26075312
,,2.3589244,5.9495935,-7.2339816,1692112310881,,2.143219,-1.0448842,0.022449281,,,,,,-0.093733355,0.5132781,0.12460718,0.8942703,0.25440398,0.21092668,0.2583483
52.51971218,13.39202398,1.9123441,4.4445086,-7.428279,1692112311000,5.781038,-2.568992,1.3099995,-0.24266604,,,,,,-0.2724543,0.117350645,0.63796294,0.913375,0.26125404,0.17916296,0.2000271
,,1.9055642,4.8035913,-7.326025,1692112311384,,-1.7540982,-0.08643737,0.1226311,,,,,,-0.37640813,0.24322622,0.5088059,0.9105318,0.25897634,0.1845441,0.20686457
,,2.2272394,6.200681,-7.0173507,1692112311636,,1.7773111,0.53603387,-0.077121675,,,,,,-0.25042605,0.61187255,0.03921189,0.8916097,0.25276834,0.21667537,0.26352504
,,2.285943,5.8333826,-7.0246096,1692112311888,,1.6624686,-1.136514,-0.18219042,,,,,,-0.062155508,0.46261677,0.13902615,0.8945882,0.25525576,0.21159811,0.25400218
,,1.9870797,4.449933,-7.5129848,1692112312139,,-1.3515383,0.46700612,0.19226968,,,,,,-0.15113088,0.16019219,0.37609425,0.9124407,0.26325473,0.18190384,0.19578363
,,1.8425534,4.366343,-7.18453,1692112312390,,-2.5524986,0.003970621,-0.4723512,,,,,,-0.31955823,0.06270133,0.66510844,0.91422176,0.2619884,0.18086919,0.19071983
,,2.4533613,5.9177704,-6.9718876,1692112312644,,0.69241524,0.31917685,0.059101168,,,,,,-0.0022295793,0.50100964,0.059319463,0.8943231,0.25704288,0.21212688,0.24951078
,,2.3002205,5.8782883,-6.5602417,1692112312895,,-0.35888305,-0.28985533,-0.30008733,,,,,,-0.010602618,0.15939553,0.08793769,0.8829911,0.25719365,0.22096115,0.2727558
,,2.3237498,5.9847684,-6.3112288,1692112313146,,0.07910699,-0.6478221,0.02489274,,,,,,0.027900688,0.12203981,0.23467848,0.8768289,0.26303688,0.2222817,0.28078324
,,2.102015,6.620142,-5.6948385,1692112313405,,-0.054672398,0.06444623,-0.16569707,,,,,,-0.112299114,0.06411265,0.22289829,0.8578018,0.26061177,0.23467454,0.3254389
,,2.259383,7.9976106,-4.7837315,1692112313658,,-0.06444623,0.2073886,0.025503604,,,,,,-0.056334898,0.14249687,0.14644045,0.8299867,0.25752896,0.26722565,0.39786488
,,2.3769503,8.817392,-4.3378687,1692112313909,,0.016798781,-0.08949169,0.008399391,,,,,,0.12998764,0.25314632,-0.19387731,0.80629843,0.25670657,0.28378046,0.4490323
52.51982177,13.39197914,2.0911677,8.856715,-3.8734214,1692112314000,6.6130557,0.13775001,0.1933387,-0.050854493,,,,,,-0.038423266,0.20594859,0.05029998,0.7978127,0.25800422,0.28505024,0.46331444
,,2.131367,9.150234,-3.6954753,1692112314411,,0.31367907,0.59712034,0.08964441,,,,,,-0.12911981,0.33336812,0.113603815,0.79129094,0.25624424,0.28250855,0.47724926
,,1.9517457,9.087144,-3.3596027,1692112314668,,-0.422413,-0.1432478,0.03894263,,,,,,-0.17388949,0.14661798,0.21164903,0.78634864,0.25083587,0.28183585,0.48865613
,,1.9479175,9.169057,-3.2174683,1692112314917,,0.11148282,0.399811,0.013286309,,,,,,-0.18631604,0.11642769,0.1455125,0.7809308,0.24658523,0.2835949,0.4984569
,,1.938745,9.249616,-3.1342785,1692112315171,,0.053450666,0.029016078,-0.19929464,,,,,,-0.17649849,0.1616572,0.09324457,0.77769226,0.24424197,0.28558758,0.5035719
,,1.8688744,9.226166,-3.0738199,1692112315421,,0.36926776,0.10293072,-0.053908817,,,,,,-0.23029086,0.10474016,0.07627873,0.77479595,0.24465062,0.286117,0.5075495
,,1.8150357,9.238527,-2.9830518,1692112315672,,-0.80603606,-0.8542944,-0.064904384,,,,,,-0.17751738,-0.019177103,0.18842243,0.7720477,0.2476888,0.2864598,0.51003903
,,1.8145572,9.181899,-2.8689146,1692112315922,,0.23182319,0.5280926,0.25213444,,,,,,0.05548989,-0.070133,0.15825514,0.76987594,0.24841844,0.28435105,0.51409286
,,1.8145574,9.283911,-2.840679,1692112316174,,0.0754418,0.055283263,0.07009673,,,,,,0.043631382,0.033978827,0.20631523,0.7692582,0.24806486,0.28182775,0.51649916
,,1.8357735,9.301938,-2.8185852,1692112316425,,0.29718572,0.5189296,0.1660025,,,,,,0.107784994,0.06997097,0.19818646,0.7701069,0.24591713,0.27848288,0.5179543
,,1.8451852,9.3931055,-2.812364,1692112316676,,-0.011300999,0.14019346,-0.03375028,,,,,,0.1074729,0.1529441,0.1732667,0.77108896,0.24100658,0.27585,0.5201644
,,1.8403198,9.415996,-2.7527034,1692112316928,,0.035124727,0.094378605,-0.0490219,,,,,,0.038846184,0.1442492,0.22186948,0.77227634,0.23496397,0.27527103,0.5216021
52.51991027,13.39196273,1.8096918,9.406903,-2.7530217,1692112317000,8.172047,-0.051007207,0.021685699,0.025503604,,,,,,-0.05146365,0.16440074,0.15768398,0.7726719,0.22914214,0.27591848,0.52353936
,,1.7127827,9.388639,-2.661058,1692112317434,,0.15118903,0.0772744,0.105526894,,,,,,-0.20270711,0.1204848,0.22810307,0.77254623,0.22636054,0.27822492,0.5238053
,,1.7248267,9.415918,-2.7257445,1692112317685,,-0.052839804,0.00763581,0.004734202,,,,,,-0.2220942,0.15668838,0.13566336,0.772134,0.22636564,0.28074327,0.5231073
,,1.7075185,9.45803,-2.7396226,1692112317936,,-0.029626941,0.021074835,-0.015424335,,,,,,-0.26198554,0.1696799,0.15228681,0.77116513,0.22816822,0.28213513,0.52304393
,,1.6652452,9.470472,-2.6573894,1692112318188,,0.07666353,0.13347395,-0.0074830935,,,,,,-0.29115778,0.1497433,0.24089763,0.769726,0.23029585,0.28235206,0.52413076
,,1.5861223,9.488658,-2.5458033,1692112318439,,0.046731155,0.1725693,-0.074067354,,,,,,-0.32010943,0.16179234,0.31734174,0.76795805,0.23235697,0.28191674,0.5260311
,,1.480519,9.582456,-2.4068606,1692112318691,,0.027794348,0.05589413,-0.044745844,,,,,,-0.3170784,0.22063923,0.38391474,0.7651357,0.23532493,0.28152302,0.5289555
,,1.3851254,9.598809,-2.291367,1692112318945,,0.01924224,0.09376775,-0.26343542,,,,,,-0.3323458,0.18855378,0.46029112,0.762294,0.23929606,0.2812595,0.53132075
,,1.2811171,9.644433,-2.2606592,1692112319195,,-0.054061532,-0.2849684,-0.45952302,,,,,,-0.2706257,0.19560963,0.46911088,0.7586254,0.24634275,0.27731597,0.5351791
,,1.0933605,9.707602,-2.1492336,1692112319453,,0.18173227,-0.55985755,-0.077121675,,,,,,-0.10174684,0.20755507,0.556141,0.75502,0.25612548,0.26468652,0.541119
,,0.8252048,9.736794,-2.0713868,1692112319702,,0.029626941,-0.6655372,0.25763223,,,,,,0.09081363,0.2125406,0.61211205,0.7540047,0.25929314,0.24229923,0.549772
,,0.63473606,9.76503,-1.9621145,1692112319954,,-0.1065959,-0.70402163,0.36453354,,,,,,0.2692501,0.18193063,0.6857882,0.7547414,0.25058493,0.2165452,0.56143296
52.51994886,13.39198461,0.52195436,9.82804,-1.8869798,1692112320000,9.35566,-0.31184646,-0.93676114,0.42195484,,,,,,0.33552396,0.18552399,0.65082765,0.75592345,0.2261826,0.1871253,0.57710266
,,0.4709873,9.816794,-1.6846268,1692112320454,,-0.24709481,-0.8634574,0.30955574,,,,,,0.37617102,0.104145594,0.591759,0.7549683,0.18602477,0.15128963,0.59738094
,,0.3510271,9.799646,-1.3324035,1692112320703,,0.56718796,-1.0900882,-0.13209951,,,,,,0.21881567,0.05832135,0.7097505,0.753884,0.12659965,0.10914209,0.61689734
,,0.013878345,10.078887,-1.1163316,1692112320953,,0.062002774,-2.112065,0.54351693,,,,,,-0.16880907,0.2982436,0.8493715,0.75733894,0.05031701,0.058318384,0.6240278
,,-0.407737,9.913464,-0.96725875,1692112321207,,-0.10537417,-0.959974,0.61437726,,,,,,-0.7526025,0.13034697,0.94640136,0.7522174,-0.040072564,-0.0041795066,0.6225228
,,-0.47968122,10.146205,-0.86349,1692112321458,,-0.16096286,0.50304717,0.4140136,,,,,,-1.1413536,0.35396126,1.0443106,0.736177,-0.13899669,-0.06931727,0.6162621
,,0.015074754,9.867681,-1.1349956,1692112321711,,-0.43218684,0.37781987,0.076816246,,,,,,-1.0828665,0.1899753,0.8703018,0.7197205,-0.22734322,-0.114846736,0.61013246
,,0.31114668,9.79813,-1.4487743,1692112321964,,-0.75594515,-1.8530583,0.3999637,,,,,,-1.2036195,0.24603052,0.63221925,0.7008218,-0.29948977,-0.15155242,0.604935
,,0.70101726,9.777232,-1.3845669,1692112322214,,0.094378605,-1.0961969,-0.3263545,,,,,,-1.147137,0.27008432,0.64530367,0.6645164,-0.37377495,-0.20227581,0.59314305
,,1.2606982,9.502217,-1.2674782,1692112322464,,0.14813471,0.7009673,0.14217877,,,,,,-0.96448326,0.036466297,0.5679887,0.61836976,-0.43857422,-0.2476976,0.5839716
,,2.145644,9.639726,-1.376591,1692112322715,,0.15302163,-0.3130682,0.017562363,,,,,,-0.46156794,0.17431028,0.19878925,0.581503,-0.47939414,-0.26995572,0.5831013
,,2.3458436,9.416315,-1.2207385,1692112322965,,0.06139191,0.4553997,-0.09850194,,,,,,-0.39576408,-0.030851984,0.17689112,0.55254906,-0.5065068,-0.28932714,0.5787354
52.52000424,13.39200364,2.029672,9.623135,-0.8764911,1692112323000,9.734649,0.08032872,-0.309403,-0.057574004,,,,,,-0.5824698,0.07496586,0.2961949,0.5222909,-0.53077525,-0.32901567,0.5681139
,,1.8640088,9.887701,-0.70699936,1692112323467,,1.5964952,-1.4987568,-0.9524909,,,,,,-0.49351937,0.24782223,0.43172166,0.49256557,-0.5606993,-0.37697807,0.5441395
,,1.3761123,9.758728,-1.0411172,1692112323719,,0.14263692,0.25198174,0.16661337,,,,,,-0.6521281,0.10975707,0.31989542,0.4775073,-0.5833177,-0.4045783,0.5099771
,,1.3630315,9.764471,-1.1741581,1692112323973,,0.39064804,0.4156935,-0.0044287695,,,,,,-0.6135531,0.13708417,0.3563772,0.45652643,-0.60410476,-0.42279118,0.48514408
,,1.4254841,9.708639,-1.0447861,1692112324223,,-0.3594939,-0.15790854,0.042607818,,,,,,-0.5400483,0.10528281,0.58083427,0.4282407,-0.62785244,-0.44448578,0.4614746
,,1.7004197,9.699388,-1.0632905,1692112324473,,0.69730216,-0.8213077,-0.319635,,,,,,-0.2749492,0.09996799,0.5357837,0.39562863,-0.64747703,-0.4681155,0.4406036
,,1.6038293,9.702099,-1.1613963,1692112324725,,0.20189081,0.24281874,-0.29031348,,,,,,-0.3235822,0.12529264,0.58745646,0.36848676,-0.67030513,-0.485444,0.4148933
,,1.5897914,9.489776,-1.2015957,1692112324975,,-0.6789762,-0.20616686,-0.04291325,,,,,,-0.2724926,-0.04695231,0.71330893,0.35086808,-0.6877153,-0.49677557,0.3919965
,,1.6529619,9.704411,-1.0298707,1692112325226,,0.022907428,0.054061532,-0.170584,,,,,,-0.20653573,0.12353945,0.73192894,0.3327829,-0.69089144,-0.51144254,0.38473648
,,1.4718252,9.703693,-1.0252446,1692112325477,,0.3234529,0.5244274,-0.057574004,,,,,,-0.20592539,0.071055986,0.57393795,0.32727087,-0.68828696,-0.52452403,0.37664932
,,1.1195222,9.760163,-1.1160125,1692112325731,,-0.0027488915,0.1640172,0.03649917,,,,,,-0.3245849,0.08124813,0.47836944,0.33069012,-0.68551403,-0.53339165,0.36682087
,,0.8323832,9.755858,-1.2477773,1692112325983,,-0.083993904,-0.018631376,-0.0074830935,,,,,,-0.38193095,0.043028515,0.3597216,0.34126016,-0.68094623,-0.53707904,0.36076623
52.52001697,13.39200677,0.7715257,9.843432,-1.1943377,1692112326000,9.661448,0.24098615,-0.37659815,-0.013591741,,,,,,-0.27673608,0.07475052,0.28192428,0.3489703,-0.67166436,-0.5440501,0.3606766
,,0.44961137,9.800761,-1.2547963,1692112326486,,-0.01924224,0.52687085,-0.3434587,,,,,,-0.43980047,0.018508308,0.22138351,0.35554817,-0.66793495,-0.54612124,0.35771993
,,0.3270989,9.754181,-1.4789238,1692112326737,,0.3179551,0.15241076,0.17088942,,,,,,-0.3909422,-0.023381297,0.15545516,0.37210968,-0.66460705,-0.53991234,0.35577762
,,0.5822535,9.746205,-1.4783654,1692112326988,,-0.21105379,0.2849684,0.057879437,,,,,,-0.17278959,-0.040951792,0.1673015,0.38491872,-0.65734,-0.53130615,0.36720932
,,0.7698508,9.796774,-1.3631113,1692112327241,,0.45051277,0.12247839,-0.27992877,,,,,,-0.07703684,-0.011194515,0.111218356,0.39309406,-0.64567643,-0.52437705,0.38574868
,,0.6948757,9.835219,-1.1205586,1692112327491,,0.18051054,0.62583095,-0.33857182,,,,,,-0.18893856,-0.0015707652,0.22317274,0.40417644,-0.6331752,-0.5171398,0.40247044
,,0.67453665,9.762159,-0.89802647,1692112327745,,0.028405212,-0.044898562,-0.15225805,,,,,,-0.15771914,-0.08466498,0.32122195,0.42088565,-0.6168956,-0.50886536,0.4194265
,,0.73930246,9.932447,-0.6281957,1692112327995,,0.0736092,-0.3808742,-0.30619597,,,,,,-0.0454932,0.03151067,0.2845228,0.43553635,-0.59443563,-0.50694555,0.44089583
,,0.80446684,9.942258,-0.2926422,1692112328247,,0.22204934,0.008857539,0.027336199,,,,,,0.08894905,0.00899175,0.2954425,0.4430026,-0.57552177,-0.5107184,0.457086
,,0.39338008,9.943213,-0.25547367,1692112328498,,0.21044292,0.008857539,0.25702137,,,,,,-0.064563386,0.009392389,0.24233447,0.45106685,-0.5661297,-0.51678556,0.45480648
,,-0.11517454,9.89472,-0.31760734,1692112328748,,0.082161315,-0.42852163,-0.099723674,,,,,,-0.269089,-0.021229172,0.3249242,0.45781234,-0.56712013,-0.5235602,0.43837196
,,-0.20538396,9.844313,-0.6898508,1692112328998,,-0.2819141,-0.3149008,0.17150028,,,,,,-0.075319536,-0.062682405,0.09481263,0.45884863,-0.5721491,-0.5330216,0.41802365
52.52003265,13.39201544,-0.3302893,9.868079,-0.8348558,1692112329000,8.029687,-0.026572619,-0.182954,0.076816246,,,,,,-0.07058115,-0.032135073,0.022609102,0.4494132,-0.58304065,-0.5442,0.39827472
,,-0.3929015,9.837451,-0.94053876,1692112329499,,-0.422413,0.34666577,0.23319763,,,,,,-0.1010439,-0.0612154,0.003252385,0.43727204,-0.5956888,-0.553017,0.38174054
,,-0.28522444,9.850772,-0.94420785,1692112329749,,0.14080434,0.2538143,-0.0594066,,,,,,-0.10065714,-0.037407145,0.011256175,0.42729425,-0.60374874,-0.5558806,0.37741083
,,-0.16630119,9.865447,-0.8695518,1692112330002,,-0.009468404,0.24159703,0.11957678,,,,,,-0.082782246,-0.04602963,0.07330067,0.41896337,-0.6093591,-0.55752194,0.37594333
,,0.043788668,9.8638525,-0.7972088,1692112330254,,0.035124727,0.40286532,0.034666575,,,,,,0.006801076,-0.059691332,0.047230124,0.41283384,-0.60962594,-0.5588837,0.38041207
,,0.13702898,9.913065,-0.63752764,1692112330506,,0.09010255,0.15974113,-0.0074830935,,,,,,-0.046766266,-0.009581375,0.088692576,0.41153547,-0.60583717,-0.5556442,0.392281
,,0.3206382,9.892884,-0.6258827,1692112330758,,0.016798781,-0.12125666,0.012064579,,,,,,0.012024855,-0.027738826,0.07783474,0.41646746,-0.60094345,-0.5481945,0.4047784
,,0.49475592,9.907323,-0.5838487,1692112331009,,0.11514801,-0.13713914,-0.039858926,,,,,,0.07243832,-0.0023614566,0.11618039,0.4216701,-0.59740955,-0.5401267,0.41582933
,,0.4628516,9.896794,-0.68195444,1692112331260,,0.09071342,0.41935867,-0.064904384,,,,,,0.0030155748,-0.007293733,0.11474455,0.42585477,-0.59842306,-0.5338801,0.41822386
,,0.50927234,9.843275,-0.8969097,1692112331510,,-0.2196059,-0.15668681,0.025503604,,,,,,0.0061590453,-0.02884407,5.0386984E-4,0.4337023,-0.59693295,-0.5254547,0.4230159
,,0.55872405,9.875179,-1.0108082,1692112331763,,-0.014966187,0.083383046,0.019394957,,,,,,0.043492913,0.0074802083,-0.0581568,0.44124973,-0.5942706,-0.518018,0.42832553
52.52003472,13.39201702,0.5715656,9.849734,-0.9808181,1692112332000,6.8085556,-0.109039366,-0.053450666,-0.091782436,,,,,,-0.049096454,-0.008162848,0.060732927,0.44621032,-0.5946341,-0.50862664,0.43390417
,,0.595095,9.855957,-1.005544,1692112332015,,0.09376775,0.06017018,0.11957678,,,,,,0.04057835,-0.010656865,-0.0031809548,0.44548354,-0.59333825,-0.51238483,0.43198606
,,0.6425527,9.841281,-1.0250854,1692112332524,,0.011911863,0.17134757,-0.022143848,,,,,,-0.003832527,-0.013507843,0.018995814,0.4485142,-0.5930818,-0.5059307,0.43682525
,,0.70676005,9.850133,-0.9816954,1692112332775,,0.18356487,0.12858704,-0.10338886,,,,,,-0.0050307335,-0.005815633,0.05655532,0.45302778,-0.5892935,-0.5004465,0.44358274
,,0.7364311,9.832028,-0.9040083,1692112333027,,-0.11148282,0.42485645,-0.0074830935,,,,,,-0.033861328,-0.027825292,0.144096,0.46050498,-0.5837334,-0.49129373,0.45236525
,,0.75126654,9.851649,-0.8158728,1692112333277,,0.02535089,0.15974113,-0.041691523,,,,,,-0.12753637,-0.004433219,0.20807514,0.4688033,-0.5751455,-0.47964668,0.4655599
,,0.84139633,9.855478,-0.8141181,1692112333529,,0.12492185,0.18967351,0.03649917,,,,,,-0.12368045,0.00960029,0.16053317,0.47711107,-0.56592625,-0.46854633,0.4786527
,,0.98895365,9.853484,-0.82456666,1692112333779,,-0.16768238,-0.5861248,0.029779658,,,,,,-0.040286005,0.010820961,0.09420814,0.48675767,-0.5551253,-0.4569808,0.49291724
,,1.0439886,9.841201,-0.6690332,1692112334030,,0.013133593,0.12614357,0.03894263,,,,,,-0.08025374,-0.0062113125,0.17245762,0.49194732,-0.54752797,-0.44865662,0.505114
,,1.1754342,9.835858,-0.6370491,1692112334282,,0.07422007,0.25076,0.045662142,,,,,,-0.02436589,-0.008456898,0.10441604,0.49496228,-0.5406732,-0.44198686,0.5164195
,,1.206541,9.893284,-0.58113676,1692112334535,,0.21838416,0.46944958,0.05665771,,,,,,-0.07117605,0.04422687,0.05907295,0.49398842,-0.5368809,-0.4394143,0.52382493
,,1.2016753,9.851409,-0.56055856,1692112334786,,0.2611447,1.1114684,0.082924895,,,,,,-0.101451464,0.008820788,0.0865369,0.4975017,-0.5339755,-0.43374807,0.5276935
52.52003986,13.39201821,1.2641283,9.90469,-0.5299305,1692112335000,6.047682,0.71135205,1.985616,-0.92011505,,,,,,-0.1617478,0.08690939,0.300076,0.53442854,-0.497733,-0.3844828,0.55030894
,,1.3622339,9.848539,-0.38380876,1692112335036,,0.22082762,0.8316924,0.20143266,,,,,,-0.008096818,0.019705009,0.30748037,0.5093353,-0.52349216,-0.41792628,0.5365061
,,1.0601001,9.676015,-1.0468599,1692112335539,,-0.48411033,1.2330306,-0.49250972,,,,,,-0.083559506,-0.07411195,0.22877182,0.58392364,-0.43891802,-0.33246455,0.56076735
,,0.64143586,9.512268,-1.5822141,1692112335792,,-0.23243405,0.8280272,0.8159626,,,,,,-0.16009143,-0.11552208,0.072764926,0.63619196,-0.3590145,-0.27429724,0.5723737
,,1.0723834,9.460663,-1.1557333,1692112336043,,-0.4480693,-0.74556047,1.5538872,,,,,,0.17974342,-0.13316351,0.37918386,0.6746074,-0.27082053,-0.19101109,0.5986554
,,1.3099109,9.509556,-1.0698311,1692112336294,,0.2696968,1.0161736,0.116522454,,,,,,0.11882107,0.14355129,0.28882393,0.69232076,-0.19232537,-0.09749009,0.6342989
,,1.6340586,9.781699,-0.66352963,1692112336544,,3.1841326,-0.89033544,-0.78511393,,,,,,0.25957835,0.44213524,-0.16450477,0.70884556,-0.10788859,-0.008375939,0.6543613
,,1.5258234,9.247941,-0.5598406,1692112336795,,-0.8781181,-0.729678,0.13545926,,,,,,0.34726447,0.1268797,0.26412696,0.73942924,-0.03213091,0.043170925,0.64194643
,,1.310868,9.641399,-0.85631156,1692112337047,,-0.17379104,0.2122755,-0.6244565,,,,,,0.0899715,0.5264106,0.075285025,0.74827874,0.0038394767,0.06916451,0.6379704
,,1.6172291,10.074261,-0.16167498,1692112337298,,-1.443168,2.486525,2.4836235,,,,,,0.09014357,0.7985968,0.643775,0.7396943,0.039216455,0.11412837,0.64175326
,,1.6086152,10.03151,0.032701828,1692112337548,,-0.004581486,-0.4156935,0.46654797,,,,,,0.49110743,0.8136304,0.26690757,0.70093846,0.09149012,0.16921578,0.6454428
,,1.2381264,9.5799055,1.2547963,1692112337799,,-1.8463387,-2.500575,0.12079851,,,,,,0.34766597,0.49581492,0.5627306,0.6654359,0.12697849,0.22084591,0.6445077
52.52005272,13.39202803,0.65116674,8.273982,3.5104303,1692112338000,5.8861313,-0.050396346,1.1835505,-0.42226028,,,,,,-0.47534198,0.43578708,0.16030216,0.51877564,0.11617033,0.3219702,0.71801
,,0.4451448,8.306364,1.8058633,1692112338049,,-0.107817635,0.36071566,0.046273008,,,,,,-0.4405522,-0.021154355,0.419394,0.60681206,0.12015116,0.26123935,0.66750854
,,0.8268796,7.424929,5.529175,1692112338552,,-0.6740893,1.1566725,0.11713332,,,,,,-0.52475935,0.18327166,0.3053541,0.43190587,0.13396859,0.40244597,0.7581595
,,0.6031507,6.317849,6.661459,1692112338805,,1.9709553,2.7858489,0.48120874,,,,,,-0.39961058,-0.13429502,-0.14023831,0.33740547,0.1419645,0.47062597,0.78307945
,,-0.12259229,5.011289,7.9522257,1692112339057,,0.2715294,0.36132652,-0.26465717,,,,,,-1.1055572,-0.29113844,0.09410227,0.26945695,0.111661784,0.5137222,0.78857875
,,-0.21136601,4.2340193,8.149395,1692112339308,,-9.162972E-4,0.051618073,0.31444263,,,,,,-0.95168424,-0.08262415,-0.39044413,0.2117127,0.092913434,0.54537165,0.78824437
,,-0.20259231,4.1137404,9.060423,1692112339560,,0.8750638,0.059559315,-0.44913834,,,,,,-0.4772875,0.15737513,0.36334714,0.17412233,0.107827894,0.58650386,0.76823866
,,-0.67589253,3.5429723,8.66816,1692112339812,,0.082161315,0.2593121,0.53129965,,,,,,-0.6074115,-0.10914578,-0.14820665,0.143781,0.12492139,0.63270867,0.7389098
,,-0.72414786,3.363591,9.341818,1692112340074,,-0.43524116,-0.15974113,0.027947064,,,,,,-0.4379193,-0.033212718,0.28606442,0.11410367,0.13193546,0.67809415,0.70545024
,,-0.5845665,3.0615373,9.271548,1692112340325,,-0.697913,-0.4743365,-0.23044874,,,,,,-0.4869638,-0.03827468,-0.0698294,0.10293996,0.12392266,0.71466726,0.672282
,,-0.3467998,3.3067217,9.445907,1692112340575,,-0.08643737,0.0650571,-0.50045097,,,,,,-0.4709743,0.12982677,0.14598888,0.10892872,0.12019842,0.7372028,0.64813346
,,-0.38628134,3.1573298,9.435139,1692112340827,,0.59284425,0.4517345,0.18493931,,,,,,-0.48885506,-0.18682389,0.20505644,0.113536336,0.12730919,0.75288415,0.6308065
52.52013174,13.39200029,-0.26448667,2.954578,9.539064,1692112341000,6.1477265,0.15118903,-0.43157595,0.44211337,,,,,,-0.3045737,-0.28944486,0.21057923,0.10437717,0.12999395,0.7741235,0.6086089
,,-0.28466612,3.1790247,9.156294,1692112341080,,-1.4199551,0.09498947,0.28023422,,,,,,-0.3624259,-0.2195618,-0.12861271,0.11372177,0.1362472,0.76440984,0.6171827
,,-0.16311072,2.7539794,9.255039,1692112341582,,0.024740024,0.0051923506,-0.066126116,,,,,,-0.19705006,-0.26519978,-0.17344815,0.09760343,0.122141644,0.77872217,0.6059142
,,-0.122592285,2.4818358,9.886347,1692112341835,,0.6172789,-0.16646065,-0.4741838,,,,,,-0.12023366,-0.44446424,0.38050926,0.09487217,0.11727237,0.77758974,0.6091026
,,-0.41659048,2.7431324,9.1338825,1692112342085,,0.6459895,0.4431824,0.3969094,,,,,,-0.11091478,-0.45071104,-0.24906486,0.09191314,0.13529897,0.7736758,0.60999566
,,-0.5285746,3.258865,9.645388,1692112342336,,-1.7614286,-1.0265583,-1.1204787,,,,,,-0.005291398,-0.2091313,0.21766916,0.088544175,0.1565192,0.7789037,0.5981163
,,-0.5388638,3.1903505,9.32826,1692112342587,,0.24465135,-0.7852667,-0.15958843,,,,,,-0.24383736,-0.32591024,0.04575475,0.09626493,0.15078034,0.78142494,0.5945601
,,0.19645074,3.5790246,9.624491,1692112342838,,-0.1291979,0.7547234,-0.12415826,,,,,,0.014413492,-0.15053381,0.4069986,0.12389086,0.14398697,0.7753219,0.59637654
,,0.30668008,3.4778876,9.306644,1692112343090,,0.4621192,-0.06933315,0.14278965,,,,,,-0.1833715,-0.4033689,0.19521214,0.14241211,0.13869742,0.7649805,0.60592955
,,0.6459824,4.0162725,9.200085,1692112343339,,0.46822786,0.67103493,0.502589,,,,,,-0.19271234,-0.07369792,0.25192156,0.16497162,0.1356277,0.7553462,0.61267686
,,1.0150353,3.8138404,9.308001,1692112343591,,0.318566,0.52626,0.09269873,,,,,,-0.27083054,-0.1687091,0.35932034,0.17913008,0.11905204,0.7557486,0.613177
,,1.4303496,3.717729,8.928259,1692112343840,,-0.9666935,-0.7217367,-0.2536616,,,,,,-0.1340497,-0.19741654,0.06779572,0.19061087,0.10480104,0.75380534,0.61809623
52.52018703,13.3919268,1.3286545,3.6184266,8.69137,1692112344000,5.416306,-0.11026109,1.0693188,-0.24755295,,,,,,0.04865403,-0.33176765,-0.2215147,0.18722562,0.11146481,0.7428505,0.63115
,,1.610609,3.6297526,9.262538,1692112344091,,0.77732545,0.055283263,-0.48701194,,,,,,0.08468654,-0.28882727,0.34607586,0.19466782,0.104107134,0.74918425,0.6227907
,,1.0766106,3.6800013,9.134999,1692112344594,,-0.37965247,-0.6337722,0.111635536,,,,,,0.10451455,-0.14376694,0.21912648,0.17386167,0.116037704,0.73801017,0.6387934
,,0.8115657,3.1689746,9.04415,1692112344844,,0.84024453,0.08093958,-0.3764454,,,,,,-0.04420371,-0.20015086,-0.12943192,0.15143226,0.10114571,0.7332564,0.65054137
,,1.0245271,2.7661831,9.525746,1692112345093,,-0.14813471,0.26908594,-0.5487093,,,,,,0.20555358,-0.33531275,0.24800396,0.14284739,0.0863174,0.7172333,0.6712811
,,0.907837,2.4071796,9.274659,1692112345343,,-0.09071342,0.083993904,0.16661337,,,,,,0.18464787,-0.42710355,-0.07735565,0.13196672,0.075859256,0.6969972,0.6961717
,,0.945803,2.4937994,9.403952,1692112345594,,-0.59589857,-0.6362157,-0.18829907,,,,,,0.3237804,-0.088180505,-0.053476635,0.11841427,0.06959724,0.68255615,0.71401095
,,0.730768,2.0062222,9.734402,1692112345845,,0.73700833,-0.10598504,-0.28909177,,,,,,0.22219992,-0.2527708,0.18369247,0.10303604,0.05882345,0.67017686,0.7297837
,,0.7519845,2.0058236,9.605029,1692112346097,,-0.36438084,0.76022124,-0.24694209,,,,,,0.2509293,-0.24466433,-0.07776936,0.10634723,0.052073766,0.65222955,0.74619776
,,0.9549755,2.0018356,9.503335,1692112346347,,0.15913028,-0.160352,-0.26526803,,,,,,0.48709354,-0.47453168,0.011068567,0.114849776,0.059895348,0.62924457,0.7639527
,,1.134836,2.5280173,9.044709,1692112346600,,0.091324285,0.4016436,-0.17730351,,,,,,0.54152906,-0.22682305,-0.36154327,0.13089415,0.058899466,0.6045391,0.77938896
,,1.104128,2.7368307,9.533166,1692112346849,,-0.4242456,-0.083383046,-0.023976443,,,,,,0.33735415,-0.2366483,0.2098637,0.14823882,0.052592196,0.58205485,0.7933565
52.52023488,13.3918648,1.2184252,2.8761728,9.543613,1692112347000,4.93382,-0.09071342,0.5372556,-0.22189663,,,,,,0.32583123,-0.26635242,0.1673076,0.16349673,0.045440204,0.53554934,0.8246153
,,1.0736595,2.7416956,9.232388,1692112347101,,-0.11148282,0.21777329,-0.39477137,,,,,,0.23532943,-0.35658714,-0.1191689,0.15776825,0.047935802,0.5592504,0.8090522
,,1.4780464,2.5848868,9.249854,1692112347671,,-0.2244928,0.04612029,-0.28420484,,,,,,0.5169078,-0.43336484,-0.1587779,0.15885065,0.038995933,0.5095962,0.8419725
