97#1#2
key,lat,lon,ts,bike,childCheckBox,trailerCheckBox,pLoc,incident,i1,i2,i3,i4,i5,i6,i7,i8,i9,scary,desc,i10
,,,,1,0,0,0,-5,0,0,0,0,0,0,0,0,0,0,,0

=========================
97#1
lat,lon,X,Y,Z,timeStamp,acc,a,b,c,obsDistanceLeft1,obsDistanceLeft2,obsDistanceRight1,obsDistanceRight2,obsClosePassEvent,XL,YL,ZL,RX,RY,RZ,RC
52.53667026,13.3704788,-1.0363314,4.4516873,-7.9050884,1693564619000,8.397021,-2.0708315,-0.0410043,0.22273657,,,,,,0.036661513,0.13839,0.1930353,0.16258855,0.9423368,0.21852641,0.10005429
,,-0.9329614,5.413681,-7.4713492,1693564619855,,0.5564978,-0.11614066,-0.13645191,,,,,,-0.025021011,0.33427742,0.10021552,0.16700448,0.9269886,0.26762542,0.103609174
,,-0.8445865,5.0742984,-7.686942,1693564620106,,2.2601998,-0.26458082,-0.56894416,,,,,,0.08431372,0.24054824,0.09985907,0.16522837,0.9319454,0.2559558,0.10143203
,,-1.0896914,4.030152,-8.024171,1693564620359,,0.37751442,0.49900016,-0.025885396,,,,,,0.09052955,0.1877753,0.22866605,0.1596845,0.94659346,0.19786356,0.101749115
,,-1.0886546,3.6922848,-8.035418,1693564620609,,-2.7776022,0.016416991,0.43653923,,,,,,-0.0031225423,0.08379533,0.30979386,0.16095401,0.9487308,0.18315779,0.09651534
,,-0.91182494,4.8895736,-7.754021,1693564620862,,-0.7073814,0.15935935,0.5116756,,,,,,0.01825486,0.20833462,0.14709559,0.16725919,0.9364823,0.24243477,0.09935013
,,-0.76035917,5.4545994,-7.4993453,1693564621113,,1.8637484,-0.22853978,-0.44249517,,,,,,0.09144104,0.3410625,0.098728485,0.17029548,0.9255017,0.27250785,0.10247953
,,-0.83150584,4.754937,-7.892008,1693564621363,,2.3958116,-0.31955865,-0.7741948,,,,,,0.1969992,0.2789445,0.16179512,0.17020775,0.9374525,0.23700452,0.10212285
,,-1.0866605,3.672982,-8.075059,1693564621613,,-2.0433426,0.39148796,0.4096612,,,,,,0.09893531,0.15046786,0.30619353,0.16505657,0.94797903,0.18261667,0.09948014
,,-0.94484586,4.1721253,-8.010292,1693564621865,,-2.1117594,-0.21387903,0.099341884,,,,,,0.06948589,0.08820735,0.22432923,0.16907226,0.9437862,0.20853113,0.09577639
52.53657993,13.37030401,-1.0188639,4.27773,-8.00806,1693564622000,8.064544,1.0665699,0.24976733,0.077961616,,,,,,-0.022748958,0.22790423,0.16199574,0.16362424,0.9424029,0.21520741,0.09375603
,,-0.8390831,5.3531427,-7.5169725,1693564622115,,0.6902772,0.3163516,-0.16027565,,,,,,-0.0060425224,0.27290362,0.104143634,0.17531112,0.9262644,0.2692302,0.099590786
,,-0.7072385,5.307679,-7.574161,1693564622365,,2.3646576,-0.35254532,-0.89697856,,,,,,0.05051711,0.22687735,0.09198424,0.17453256,0.92605233,0.27120587,0.09551073
,,-1.0620942,3.6741796,-8.05432,1693564622866,,-3.035387,0.25159994,0.75357807,,,,,,-0.089820065,0.0680277,0.25298044,0.15646799,0.9479287,0.18726088,0.08885706
,,-0.82065845,4.9488363,-7.769735,1693564623117,,-0.75563973,0.16058108,0.30092725,,,,,,-0.035450395,0.2414281,0.099887274,0.16155037,0.93608516,0.24550642,0.0909884
,,-0.7140183,5.5718474,-7.3914285,1693564623368,,1.7220278,-0.23464844,-0.42416924,,,,,,-0.0027853053,0.35142797,0.09460243,0.16335991,0.9239022,0.28145948,0.094498076
,,-0.72973114,5.0000424,-7.8142395,1693564623619,,2.5143194,-0.24869832,-0.7039453,,,,,,0.17025469,0.33001575,0.12718743,0.15973377,0.9364542,0.2478012,0.09393402
,,-1.0280365,3.8485363,-8.010611,1693564623872,,-2.0005822,0.31329727,0.48113236,,,,,,0.09206071,0.2772334,0.3480377,0.15554398,0.9488136,0.1871255,0.094210066
,,-0.84370923,4.198367,-7.9251876,1693564624129,,-2.141692,-0.24992006,0.21296273,,,,,,0.10158787,0.12020741,0.293695,0.16352408,0.9444807,0.20827445,0.091144465
,,-0.7292525,5.4289956,-7.4789276,1693564624380,,0.5540544,0.10438152,-0.0014508038,,,,,,0.025826812,0.30387178,0.18327968,0.1732345,0.9269264,0.2709961,0.09536562
,,-0.6385645,5.339503,-7.520402,1693564624631,,2.2369869,-0.15767947,-0.8053489,,,,,,0.06956999,0.25397736,0.16857113,0.17594758,0.9260242,0.27285868,0.09326162
,,-0.8376474,4.3078785,-7.9998446,1693564624882,,0.8814779,0.29619306,-0.12484549,,,,,,0.050358914,0.20488773,0.20861107,0.16966298,0.94217885,0.21692434,0.09063555
52.53648252,13.37012622,-0.5135795,5.5543795,-7.4033947,1693564625000,10.173719,1.8698571,-0.12286018,-0.37407833,,,,,,0.03531484,0.28713432,0.07640464,0.17276543,0.92316806,0.28445232,0.09051302
,,-0.8618149,3.6613376,-8.0239315,1693564625133,,-2.9584181,0.08727731,0.66744614,,,,,,-0.0028904518,0.0084231775,0.32817656,0.1651328,0.9476124,0.18920249,0.085629836
,,-0.63058853,4.8957148,-7.7340016,1693564625383,,-0.82650006,0.029245151,0.32536185,,,,,,0.027518528,0.1394236,0.12533127,0.17061716,0.93528026,0.2486278,0.087499425
,,-0.56374896,4.9632726,-7.8333836,1693564625885,,2.6505423,-0.31894776,-0.7057779,,,,,,0.15302835,0.30896038,0.07763429,0.16843916,0.9357261,0.24990112,0.08864545
,,-0.8606185,3.764628,-8.033742,1693564626136,,-2.236376,0.3041343,0.53488845,,,,,,0.06214255,0.14454177,0.30507517,0.15910466,0.948902,0.19161153,0.08591119
,,-0.6884948,4.3418565,-7.85444,1693564626389,,-2.1117594,-0.12408191,0.4231002,,,,,,0.10059602,0.13068646,0.27476284,0.16239545,0.94340783,0.21890728,0.08518476
,,-0.59996027,5.5436115,-7.363194,1693564626639,,1.1392628,0.061620984,-0.22258386,,,,,,0.028786121,0.32929608,0.15777753,0.16961826,0.92541975,0.2808112,0.09076829
,,-0.5594418,5.2914877,-7.5408216,1693564626889,,2.5680754,-0.30673048,-0.77969253,,,,,,0.076478325,0.24378471,0.16062416,0.16876195,0.9283167,0.27352583,0.08864688
,,-0.8327819,4.05065,-7.919446,1693564627140,,-0.5186242,0.34872743,0.077961616,,,,,,0.047479205,0.15310365,0.35699895,0.16026805,0.9455624,0.20831679,0.08645105
,,-0.8317452,3.7510686,-7.9099536,1693564627392,,-2.457509,-0.11614066,0.44509134,,,,,,0.01650852,-0.0018418729,0.38924897,0.15742393,0.9486589,0.19434857,0.082457274
,,-0.64343005,5.163233,-7.5604424,1693564627643,,0.17592905,0.18196134,0.0938441,,,,,,0.007908786,0.22166528,0.17699566,0.16401942,0.93277323,0.2604693,0.08629281
,,-0.5559326,5.472146,-7.4086585,1693564627895,,2.1569636,-0.3757582,-0.5438987,,,,,,0.03698908,0.2581599,0.12611777,0.16570187,0.92525285,0.28280962,0.08775039
52.53642038,13.36996978,-0.7452046,4.70421,-7.8193455,1693564628000,7.9328976,-0.9834923,0.17951788,0.24717116,,,,,,-0.02328103,0.13373774,0.11778099,0.15963432,0.939677,0.23821832,0.083409004
,,-0.7215955,4.5684576,-7.939067,1693564628145,,1.5369358,-0.1485165,-0.22075126,,,,,,0.0869583,0.26696318,0.1671222,0.1603211,0.941605,0.23008405,0.08611127
,,-0.9035297,3.6339002,-8.050653,1693564628396,,-3.1746643,0.21861324,0.6424007,,,,,,-0.0033178905,0.07658742,0.31135264,0.15482844,0.9509643,0.18583836,0.08321043
,,-0.589432,5.6399636,-7.4632936,1693564628896,,1.7733405,-0.29512405,-0.26106834,,,,,,-0.0053063077,0.31311804,0.038393036,0.16254362,0.92508,0.28689566,0.086694874
,,-0.59198445,5.0237303,-7.817671,1693564629146,,2.579071,-0.2939023,-0.70455617,,,,,,0.0929805,0.24668655,0.062137857,0.15892933,0.93572795,0.2564398,0.083612934
,,-0.8240084,3.7749963,-8.073783,1693564629398,,-2.615723,0.29436046,0.6289616,,,,,,0.04961257,0.11312015,0.22882622,0.14935389,0.95076317,0.19293489,0.07991752
,,-0.7293323,4.203072,-7.963713,1693564629648,,-2.1080945,-0.045280352,0.39622217,,,,,,0.024311772,0.07097196,0.17951332,0.14970316,0.9466526,0.21464273,0.07683151
,,-0.5425327,5.5274987,-7.5142603,1693564629898,,1.0335832,-0.055665053,-0.07231112,,,,,,0.04306636,0.3058458,0.043830648,0.15593265,0.9287907,0.28015915,0.08076119
,,-0.4128417,5.326902,-7.641558,1693564630158,,2.5283694,-0.33116508,-0.6709586,,,,,,0.15602656,0.30804235,0.05216764,0.15675554,0.9312743,0.27278432,0.07942796
,,-0.68227357,4.0325446,-8.040921,1693564630409,,-0.8161153,0.2314414,0.16531529,,,,,,0.09731118,0.1920499,0.21933614,0.14967348,0.9484462,0.20607623,0.07714832
,,-0.72311103,3.7658243,-8.014201,1693564630660,,-2.4611742,-0.24014622,0.1598175,,,,,,0.029981906,0.022689462,0.3146435,0.14779918,0.950852,0.19513206,0.07470738
,,-0.5825726,5.213322,-7.6426754,1693564630910,,0.45203993,0.20150901,0.12133302,,,,,,0.0052290093,0.24037792,0.13874334,0.15520312,0.93411636,0.26322764,0.07971527
52.53634276,13.36981119,-0.86037934,3.671945,-8.071548,1693564631000,5.4346085,-3.10808,0.12515092,0.63384855,,,,,,-0.06547902,0.04038592,0.3457515,0.1453221,0.9527409,0.1889413,0.074980706
,,-0.45487562,5.493841,-7.4562745,1693564631161,,2.1893394,-0.32078037,-0.43577567,,,,,,0.07701387,0.25588736,0.12350869,0.15774755,0.9273323,0.28352454,0.08104385
,,-0.6593025,4.5430126,-7.9405026,1693564631412,,1.1368194,0.25648686,-0.24213153,,,,,,0.041439034,0.24932238,0.22371405,0.15289511,0.9436886,0.22959675,0.07841696
,,-0.658106,4.83398,-7.8052273,1693564631913,,-0.5760455,0.269315,0.1060614,,,,,,-0.057278458,0.14920567,0.18838595,0.15108217,0.94031495,0.24454388,0.07607596
,,-0.53343993,5.6941996,-7.509394,1693564632163,,1.789223,0.013362667,-0.26473352,,,,,,-0.05360627,0.35519317,0.036131416,0.15480623,0.9263416,0.2896721,0.07797178
,,-0.5599205,4.980183,-7.8873014,1693564632413,,2.661538,-0.439899,-0.6483566,,,,,,-0.017409038,0.2659841,0.11919694,0.15118882,0.93803525,0.25644094,0.07350745
,,-0.8053444,3.8184664,-8.173723,1693564632663,,-2.8197517,0.40187266,0.61674434,,,,,,-0.10320392,0.15822019,0.28100434,0.14157572,0.9520535,0.19453453,0.07123146
,,-0.648774,4.275496,-8.020582,1693564632913,,-1.9205588,0.10560325,0.26549712,,,,,,-0.060616717,0.080979094,0.20407598,0.14139001,0.9473918,0.21888927,0.06938763
,,-0.4685147,5.5685773,-7.5159354,1693564633164,,1.0268637,-0.22365287,-0.13645191,,,,,,-0.022571746,0.3206911,0.090527676,0.14660996,0.92978895,0.28277805,0.07323038
,,-0.41523445,5.325307,-7.630232,1693564633416,,2.4966044,-0.38125598,-0.5451205,,,,,,0.086868525,0.2739935,0.102023795,0.1446105,0.93297946,0.2751289,0.07275295
,,-0.6744569,4.1288157,-7.9708905,1693564633666,,-0.52839804,0.4067596,0.11766783,,,,,,0.07025156,0.20772097,0.28428757,0.13721171,0.94969714,0.20905544,0.07400756
,,-0.68873405,3.8644881,-7.977112,1693564633916,,-2.5418084,0.117820546,0.5898663,,,,,,0.07217021,0.10074249,0.3244744,0.13749115,0.95197487,0.19538257,0.073227786
52.53627055,13.36968741,-0.537428,4.6596236,-7.9686565,1693564634000,5.77152,1.9535456,0.033521205,-0.36674795,,,,,,0.18453124,0.32864535,0.13490592,0.14808775,0.94345725,0.23336127,0.07881116
,,-0.4790431,5.2011194,-7.6170716,1693564634168,,-0.05070178,0.12759438,-0.011835505,,,,,,0.092310265,0.26813075,0.11473595,0.14721327,0.935809,0.2621893,0.07629953
,,-0.38476592,5.5020566,-7.446463,1693564634419,,1.9541564,-0.2126573,-0.29894194,,,,,,0.15554997,0.2993859,0.07170162,0.15045275,0.92817837,0.28365025,0.07862034
,,-0.73682994,3.6725843,-8.116693,1693564634920,,-2.9474225,0.15019637,0.8201623,,,,,,0.11384599,0.1809688,0.3068352,0.1455243,0.95260626,0.18368398,0.07734487
,,-0.52602226,4.6610594,-7.912745,1693564635171,,-1.4129303,0.041462447,0.47135854,,,,,,0.16458209,0.24358085,0.15400238,0.15560618,0.9419964,0.23159799,0.0783815
,,-0.36450666,5.5960946,-7.4440703,1693564635421,,1.3872739,-0.38919723,-0.24824017,,,,,,0.15520889,0.3562627,0.075702,0.16527805,0.92486894,0.28272784,0.083110236
,,-0.37854454,5.1045284,-7.7357564,1693564635672,,2.6413794,-0.3256673,-0.80168366,,,,,,0.21969047,0.26440555,0.1215985,0.16957562,0.9318826,0.2604086,0.08273428
,,-0.6683951,3.943851,-8.022894,1693564635924,,-1.76601,0.31329727,0.22640176,,,,,,0.093306325,0.1661882,0.35247698,0.1683809,0.9455686,0.19941154,0.08086862
,,-0.5973283,4.0325446,-7.974401,1693564636174,,-2.4452918,-0.4050797,0.20441063,,,,,,0.015237421,-0.028716985,0.29174346,0.1723948,0.9432871,0.20979029,0.07681276
,,-0.4115655,5.3873606,-7.524709,1693564636426,,0.9016364,0.014584397,-0.058872093,,,,,,-0.044498667,0.15359975,0.08076654,0.18092975,0.9247939,0.28012297,0.07935221
,,-0.2969493,5.3785076,-7.4840326,1693564636677,,2.375653,-0.3171152,-0.772973,,,,,,-0.013355428,0.1052475,0.107610635,0.18131557,0.9231021,0.2860369,0.076723576
,,-0.54604214,4.322395,-8.006227,1693564636927,,0.5876519,0.24610215,0.05291616,,,,,,-0.01727324,0.1161603,0.17329867,0.17206694,0.94125754,0.22562501,0.07388235
52.53617138,13.36955586,-0.29024938,5.624648,-7.430193,1693564637000,6.5287023,1.784336,0.0891099,-0.11384992,,,,,,0.03805781,0.353659,0.016243441,0.17313446,0.9218288,0.29025856,0.07646595
,,-0.64717877,3.66724,-8.055837,1693564637176,,-3.1105235,0.32246023,0.68393946,,,,,,-0.07357743,-0.009782623,0.32974437,0.16492112,0.9483994,0.19387539,0.07011927
,,-0.44307098,4.9123845,-7.7608013,1693564637427,,-0.5546652,0.20639594,0.2691623,,,,,,-0.040495113,0.1757258,0.09744048,0.16949235,0.9345566,0.25315282,0.07295917
,,-0.4242474,4.914698,-7.8532443,1693564637928,,2.665814,-0.44356418,-0.63552845,,,,,,0.08602667,0.30178684,0.116827264,0.17003684,0.93551713,0.25091302,0.07479633
,,-0.67764735,3.7692542,-8.123872,1693564638182,,-2.7079635,0.3749946,0.49701485,,,,,,0.0035190403,0.16625449,0.26948148,0.16110939,0.9481734,0.19328721,0.07304356
,,-0.5578467,4.403432,-7.937871,1693564638434,,-1.9529347,0.116598815,0.4011091,,,,,,-0.014824889,0.12812436,0.19953588,0.1632213,0.94202447,0.22537275,0.071853496
,,-0.38325042,5.590033,-7.4672027,1693564638686,,1.1600323,0.17157665,-0.16394083,,,,,,-0.0066310447,0.29124397,0.05346397,0.1660335,0.9249211,0.28600773,0.076247126
,,-0.34911284,5.296832,-7.683993,1693564638937,,2.7159047,-0.40752316,-0.84810936,,,,,,0.08313478,0.2361523,0.056920275,0.1624302,0.9305112,0.27254203,0.07448908
,,-0.66081786,3.9745588,-8.032388,1693564639187,,-1.0231985,0.28947353,0.06207913,,,,,,0.027502676,0.10942415,0.29603,0.15131648,0.9481711,0.20557614,0.073146224
,,-0.5981258,3.7760339,-8.051051,1693564639438,,-2.5772386,-0.31467173,0.49029535,,,,,,0.05456834,-0.02586232,0.2996104,0.1454144,0.9504967,0.19818933,0.07037456
,,-0.44307098,5.2319865,-7.6550384,1693564639690,,0.35246897,0.2277762,0.10728313,,,,,,0.042114105,0.22360767,0.08574654,0.1508844,0.9336891,0.26714823,0.07423483
,,-0.2951946,5.4855456,-7.536035,1693564639942,,2.2925756,-0.44906196,-0.49136436,,,,,,0.11018789,0.25674707,0.0456354,0.15300936,0.92727345,0.28585762,0.074538924
52.53609486,13.36942813,-0.43820557,4.8376493,-7.857949,1693564640000,8.326441,-0.77091134,0.22655447,0.25389066,,,,,,0.0655023,0.20420946,0.10532557,0.15255356,0.9396927,0.24451402,0.07199871
,,-0.5108677,4.499543,-8.068598,1693564640192,,1.1166608,0.2711476,-0.10102176,,,,,,0.093546584,0.2520607,0.094624214,0.14877172,0.9439381,0.23024319,0.07255287
,,-0.6879366,3.6234515,-8.121798,1693564640445,,-3.0524912,0.21616977,0.5898663,,,,,,-0.0072431983,0.07367708,0.30087847,0.14465922,0.95232743,0.18871781,0.06974397
,,-0.31696922,5.735357,-7.5412984,1693564640951,,1.8551964,-0.2370919,-0.24029893,,,,,,0.05254521,0.4064579,-0.027387062,0.16062024,0.92497534,0.28911126,0.075504474
,,-0.35964125,4.9938207,-7.931329,1693564641205,,2.6792529,-0.23831362,-0.6190351,,,,,,0.120693855,0.28804353,0.03470451,0.16014645,0.9366713,0.2535717,0.07311916
,,-0.62484574,3.752504,-8.145328,1693564641456,,-2.755,0.4153117,0.6576723,,,,,,0.04083852,0.12794489,0.28083983,0.15296312,0.95079416,0.19092958,0.07147584
,,-0.47401816,4.332285,-7.964032,1693564641708,,-2.02746,0.16668972,0.4389827,,,,,,0.085157916,0.1468328,0.2284642,0.15662028,0.94500476,0.21716754,0.07124989
,,-0.29854447,5.616593,-7.514101,1693564641960,,1.1417062,0.16119194,-0.0026725335,,,,,,0.06983523,0.32158694,0.05872326,0.16444367,0.92592514,0.28391328,0.07562898
,,-0.24861427,5.3567324,-7.6520867,1693564642212,,2.7855434,-0.223042,-0.8896482,,,,,,0.087816164,0.28547898,0.09143284,0.16571927,0.9288247,0.27578628,0.07182284
,,-0.50009996,4.074498,-7.973204,1693564642462,,-1.1478149,0.3749946,0.1512654,,,,,,0.050288923,0.18889883,0.34309304,0.15588401,0.9463434,0.20924895,0.06940783
,,-0.4930013,3.9316468,-7.9519877,1693564642713,,-2.5540257,-0.32261297,0.57703817,,,,,,0.035599645,0.09360774,0.38020113,0.153058,0.9482443,0.20133989,0.06722222
,,-0.29934216,5.408816,-7.6328645,1693564642964,,0.5076286,0.053679742,0.03581195,,,,,,0.0307856,0.3521179,0.09647978,0.16198707,0.9306973,0.2706481,0.071391635
52.53602992,13.36925977,-0.50735825,3.6971507,-8.113821,1693564643000,6.3311057,-3.252855,-0.028176138,0.58497936,,,,,,-0.0063331285,0.100915164,0.33644867,0.1522455,0.9518297,0.1900885,0.064617045
,,-0.2304288,5.6205015,-7.513861,1693564643216,,2.317621,-0.3079522,-0.5738311,,,,,,0.01848739,0.35280445,0.082331195,0.16485433,0.92485356,0.2878291,0.07095928
,,-0.38013974,4.5905504,-8.030711,1693564643466,,0.87109315,0.28153232,-0.060093824,,,,,,0.042862926,0.35072756,0.17402764,0.15853891,0.94293284,0.22905557,0.067102
,,-0.33914274,4.86413,-7.836573,1693564643966,,-0.91874063,0.73296136,0.16531529,,,,,,-0.032333378,0.11414275,0.09988419,0.16119274,0.9381389,0.24752489,0.06768436
,,-0.21543382,5.7375107,-7.441678,1693564644219,,2.00608,-0.12652537,-0.32520914,,,,,,-0.054642644,0.3905491,-0.009435494,0.1679905,0.92389774,0.29152188,0.06931516
,,-0.25316066,4.9233913,-7.786403,1693564644470,,2.4483461,-0.28229588,-0.70211273,,,,,,0.016589016,0.25681013,0.14318103,0.16365844,0.93703085,0.2535603,0.06455256
,,-0.45176494,3.7674997,-8.109675,1693564644721,,-2.6859725,0.4153117,0.64789844,,,,,,-0.002608029,0.1628407,0.26734266,0.1538086,0.9509574,0.19297858,0.06189887
,,-0.3127419,4.3436913,-7.98804,1693564644971,,-1.9645411,0.052458014,0.23556472,,,,,,0.021517178,0.14391762,0.16139041,0.15729986,0.9448335,0.2215799,0.06207577
,,-0.24749765,5.653044,-7.509955,1693564645221,,1.1490366,0.13797908,-0.092469655,,,,,,-0.04854806,0.42055732,0.03456726,0.16418,0.92663646,0.28341585,0.06743861
,,-0.15010978,5.4077,-7.6417193,1693564645472,,2.4959934,-0.55657417,-0.6727912,,,,,,0.06229051,0.44995752,0.091737255,0.16300553,0.9303049,0.27483454,0.06361124
,,-0.43118668,4.129693,-8.058788,1693564645722,,-0.4233293,0.34872743,-0.015500694,,,,,,0.029420236,0.23004393,0.29505107,0.1526698,0.9474739,0.21095511,0.063300245
,,-0.4618148,3.8797228,-8.029595,1693564645972,,-2.6236641,-0.10331251,0.58375764,,,,,,0.0102406135,0.11461372,0.34761173,0.14863339,0.9500443,0.19849367,0.06273224
52.53595601,13.36909803,-0.35597223,4.8033524,-7.8711104,1693564646000,5.210216,2.2382085,-0.1295797,-0.7803034,,,,,,0.044992123,0.30099657,0.25537944,0.15313101,0.94174474,0.24152891,0.06462795
,,-0.33020952,5.2352567,-7.611968,1693564646224,,-0.21197008,0.26381722,0.211741,,,,,,-0.01151449,0.30639654,0.20773417,0.15671827,0.93445736,0.26344454,0.067471765
,,-0.24606189,5.597211,-7.366943,1693564646476,,1.9297218,-0.2022726,-0.36002842,,,,,,-0.0016843359,0.3415557,0.20185667,0.15880784,0.9260027,0.28699017,0.06764196
,,-0.5864808,3.7950964,-7.99825,1693564646980,,-2.6138904,0.24549128,0.5183951,,,,,,-0.010233048,0.18395668,0.44137916,0.14325508,0.95233506,0.19045752,0.06378693
,,-0.43916276,4.6256456,-7.8845105,1693564647231,,-1.9462152,-0.042226028,0.45425433,,,,,,0.0056089917,0.25290105,0.29873118,0.14649603,0.9454147,0.22894491,0.06379299
,,-0.32941195,5.64435,-7.4436727,1693564647483,,0.87536925,-0.11797326,0.02481638,,,,,,0.019966071,0.40577453,0.16995297,0.15129977,0.9287138,0.28309736,0.0691382
,,-0.2973481,5.36072,-7.605268,1693564647733,,2.2785256,-0.23403756,-0.31971136,,,,,,0.119196795,0.31938666,0.18203728,0.15018432,0.932788,0.27354673,0.06815248
,,-0.53096735,4.3444085,-7.948558,1693564647984,,0.65973395,0.3249037,0.08956805,,,,,,0.107572176,0.27930835,0.33063236,0.14380665,0.9477373,0.21909611,0.06937316
,,-0.54548377,3.9518263,-7.967381,1693564648235,,-2.9523094,0.33223408,0.5727621,,,,,,0.06961449,0.090368524,0.39279088,0.14399923,0.94982135,0.20518932,0.06709801
,,-0.40805608,5.226642,-7.7213984,1693564648486,,-0.9572251,0.36583164,0.16165009,,,,,,-0.026724705,0.22962381,0.11553189,0.15502617,0.9349439,0.267055,0.068496056
,,-0.3479962,5.583811,-7.387441,1693564648737,,1.5558726,-0.003130682,-0.20059273,,,,,,-0.1589186,0.16021024,0.057788372,0.15848248,0.92250836,0.2988786,0.06486307
,,-0.4237689,5.0997434,-7.8286786,1693564648988,,2.276693,0.2173915,-0.8108466,,,,,,-0.28962326,0.08513375,0.009851345,0.15257247,0.93340147,0.2748061,0.05461087
52.53589527,13.36888978,-0.48638108,5.6976304,-7.609416,1693564649000,4.9761844,0.25595233,0.56986046,-0.23907721,,,,,,-1.0780988,-0.09229479,-0.31649926,0.07703335,0.17839378,0.07904816,0.0443595
,,-0.64422774,4.121158,-8.056554,1693564649239,,-1.0366375,0.40370527,-0.3154353,,,,,,-0.59645844,-0.12162083,0.13885793,0.12895682,0.8126136,0.2246299,0.043068085
,,-0.5984449,4.4732227,-8.084391,1693564649490,,-2.566243,0.19112432,0.20196716,,,,,,-0.8390779,-0.30147675,-0.045995984,0.103210345,0.4878001,0.17270511,0.03782053
,,-0.46628132,5.740541,-7.599286,1693564649992,,1.9382739,0.41836601,-0.74670583,,,,,,-1.2851868,-0.12992154,-0.41597012,0.059697974,-0.11983048,-0.057184525,0.05489651
,,-0.5928617,5.075815,-8.106325,1693564650245,,2.1722353,0.17646356,-0.97700185,,,,,,-1.4536325,-0.15202484,-0.42704198,0.07024041,-0.42188415,-0.16917081,0.06316161
,,-0.73028934,4.2968717,-8.236415,1693564650495,,-2.3524404,0.39637488,-0.10651954,,,,,,-1.673176,-0.34820738,-0.31983295,0.10837591,-0.7337732,-0.23115446,0.070512034
,,-0.56143594,5.2779293,-8.060622,1693564650746,,-1.206458,0.56008667,-0.19509494,,,,,,-1.6938865,-0.21172729,-0.58913016,0.16455789,-0.9097391,-0.28593314,0.101855405
,,-0.4346164,6.105527,-7.580063,1693564650996,,1.3029746,0.1721875,-0.4736493,,,,,,-1.7181922,0.05106554,-0.57831943,0.2313494,-0.8807758,-0.3103086,0.14181928
,,-0.3515057,5.7383876,-8.026644,1693564651249,,2.141692,-0.5339722,-1.0142646,,,,,,-1.5072411,0.08482213,-0.5824978,0.31677783,-0.86846787,-0.27127266,0.16201244
,,-0.50871414,4.590152,-8.286265,1693564651502,,-0.014660755,0.15813762,-0.21891867,,,,,,-1.3250687,0.056847382,-0.16266069,0.3227557,-0.74846023,-0.20755203,0.14770037
,,-0.48670012,4.1868014,-8.208419,1693564651753,,-2.4636176,0.18684827,0.32841617,,,,,,-1.0857338,0.023170153,0.056484923,0.30472648,-0.61746556,-0.18243285,0.1401904
52.5358193,13.36872423,-0.47848475,4.061976,-7.9137034,1693564652000,4.336045,-0.5998692,0.3096321,0.302149,,,,,,0.06385723,0.63648957,0.71002287,0.22107135,-0.2957545,-0.14454399,0.1242248
,,-0.31569308,5.3042502,-7.881639,1693564652004,,-0.750142,0.11293363,0.23678645,,,,,,-0.74362653,0.39153048,0.014038992,0.34322515,-0.58519346,-0.21524866,0.16222343
,,-0.22707886,5.6074204,-7.5910697,1693564652255,,1.6597196,-0.11308634,-0.11934771,,,,,,-0.48538682,0.5786616,0.25213635,0.37672314,-0.5617587,-0.21993332,0.1718147
,,-0.18632111,5.009294,-7.948717,1693564652506,,2.4147484,-0.4655553,-0.6501892,,,,,,-0.05207601,0.56697834,0.36175662,0.4135806,-0.55443114,-0.1924982,0.14684261
,,-0.38285163,4.254997,-7.9617186,1693564653006,,-2.5607452,0.24243696,0.42065677,,,,,,0.23658879,0.611072,0.550731,0.22093065,-0.2948699,-0.14787292,0.12761508
,,-0.28019953,5.308637,-7.633184,1693564653256,,-0.49480048,0.34445137,0.2880991,,,,,,0.3370445,0.8471318,0.46205452,0.29445678,-0.39302275,-0.1881062,0.15282227
,,-0.20610176,5.429235,-7.4999037,1693564653506,,1.5015056,-0.19005531,-0.24335326,,,,,,0.32616073,0.8234506,0.47976828,0.28719798,-0.3928037,-0.19733779,0.16040054
,,-0.27254248,4.8382874,-7.8401637,1693564653756,,2.137416,-0.3116174,-0.6440806,,,,,,0.40672842,0.73134345,0.4834315,0.29321593,-0.39985064,-0.17840418,0.13826862
,,-0.5186842,4.091248,-7.947522,1693564654006,,-0.63041246,0.16241367,0.053527027,,,,,,0.24269219,0.7086238,0.5694229,0.12609838,-0.19949096,-0.14154033,0.12340605
,,-0.41587257,4.4398823,-8.027761,1693564654258,,-2.566243,-0.0080176005,0.72059137,,,,,,0.21485424,0.5821799,0.43511122,0.25440633,-0.3497142,-0.1619463,0.12009904
,,-0.39728832,5.4747787,-7.6437926,1693564654509,,-0.45937032,-0.2841285,0.270384,,,,,,0.16053574,0.80974895,0.401017,0.329176,-0.44580477,-0.20283338,0.1452513
,,-0.3259822,5.356413,-7.7651887,1693564654761,,2.521039,-0.4741074,-0.52251846,,,,,,0.23245166,0.7681015,0.32149342,0.32813966,-0.44658569,-0.20243958,0.14518403
52.53581997,13.36876944,-0.30101708,5.7795444,-7.6094146,1693564655000,3.7900925,3.0072873,-0.17172936,-0.791299,,,,,,0.31653145,0.70415,0.19181328,0.4094568,-0.5451618,-0.22816144,0.15355854
,,-0.5444469,4.28076,-8.050412,1693564655012,,-0.30787584,0.3438405,0.06330086,,,,,,0.27056915,0.70275664,0.48115283,0.21482058,-0.29902202,-0.1539601,0.1116282
,,-0.58137614,3.9290152,-8.105208,1693564655265,,-2.7385068,-0.33849543,0.3174206,,,,,,0.20744553,0.55488205,0.48462972,0.17486162,-0.24906152,-0.1392031,0.10426304
,,-0.40813577,5.2313485,-7.702496,1693564655516,,1.1911863,0.084833845,-0.24457498,,,,,,0.19093516,0.6255661,0.30992877,0.33073464,-0.44583124,-0.19771433,0.13797098
,,-0.4586244,4.477928,-7.9060445,1693564656017,,-2.6028948,0.3181842,0.61674434,,,,,,0.32684204,0.5360809,0.38417673,0.21064717,-0.2947582,-0.16625266,0.12626006
,,-0.5912665,4.212644,-8.053044,1693564656267,,-1.924224,0.19967642,0.56787515,,,,,,0.2358189,0.50818,0.40674245,0.21454273,-0.29822725,-0.15337488,0.1131889
,,-0.45056853,5.3121457,-7.7042513,1693564656517,,2.0799947,-0.08620829,-0.4644863,,,,,,0.17855947,0.55150986,0.2671669,0.32296994,-0.44801834,-0.20593235,0.14500226
,,-0.43637112,5.5508704,-7.7454076,1693564656768,,2.6462662,0.014584397,-0.72227126,,,,,,0.21517445,0.7107618,0.18691233,0.31970644,-0.44866505,-0.21119793,0.14749146
,,-0.5316054,4.233301,-8.069156,1693564657020,,-3.4434447,0.25159994,0.65339625,,,,,,0.2638928,0.49328163,0.41098198,0.20668344,-0.30236512,-0.1587584,0.11470945
,,-0.55433726,4.5027337,-7.8359356,1693564657270,,-0.33108872,0.2296088,0.31497714,,,,,,0.14174171,0.53790194,0.46782145,0.20075577,-0.3028161,-0.16585316,0.12243596
,,-0.28929222,5.5853267,-7.682236,1693564657521,,2.6896377,-0.80336356,-0.75098187,,,,,,0.22540703,0.54618514,0.18640871,0.39633527,-0.555806,-0.22776093,0.14883704
,,-0.3884349,4.9434133,-7.704251,1693564657773,,-0.01527162,0.4256964,0.15004367,,,,,,0.25120273,0.5402604,0.33307427,0.2778928,-0.40164697,-0.19775407,0.13751815
52.53581433,13.36881985,-0.42911282,4.330131,-7.933961,1693564658000,3.7900925,-2.8533494,0.15202898,0.4566978,,,,,,0.3551363,0.41310737,0.34134215,0.16067193,-0.2472652,-0.16927876,0.11794624
,,-0.42528436,3.9385858,-8.071549,1693564658024,,-2.9981244,-0.30734134,0.67050046,,,,,,0.35733214,0.3448738,0.43697146,0.21019462,-0.30307674,-0.15439892,0.10868463
,,-0.44666025,4.634737,-7.692526,1693564658276,,1.2186753,0.07750347,-0.010002911,,,,,,0.27398795,0.4000739,0.39205387,0.23914713,-0.35041004,-0.18895778,0.12930602
,,-0.32606193,5.5665827,-7.7001023,1693564658526,,3.234529,-0.12102758,-0.8200096,,,,,,0.36343002,0.59071654,0.13476382,0.3519274,-0.5056578,-0.22804864,0.14522056
,,-0.5462814,4.2309093,-8.051209,1693564659032,,-1.9175045,0.28031057,0.50617784,,,,,,0.22383627,0.49257374,0.35315737,0.1607996,-0.252831,-0.15754692,0.10780164
,,-0.37862423,5.3147783,-7.732805,1693564659285,,2.2931864,-0.075212725,-0.48403397,,,,,,0.14051245,0.5049399,0.18766905,0.265262,-0.40488207,-0.20952573,0.1389792
,,-0.45934215,5.513701,-7.853563,1693564659536,,1.888183,0.34139705,-0.4021781,,,,,,0.046599176,0.6901039,0.085965015,0.30362213,-0.4582931,-0.21621567,0.1398603
,,-0.4921239,4.3592443,-8.160163,1693564659786,,-3.5851655,-0.1833358,0.79756033,,,,,,0.05742075,0.46009624,0.29169676,0.19616981,-0.3070001,-0.16437557,0.112217836
,,-0.498425,4.680281,-7.879246,1693564660036,,0.239459,0.23205225,-0.10529782,,,,,,-0.084674306,0.4799073,0.32817274,0.19180411,-0.30280814,-0.17683944,0.12474621
,,-0.38628137,5.7749968,-7.7017775,1693564660288,,3.0592108,-0.7453314,-0.71494085,,,,,,-0.070711166,0.5250635,0.09367239,0.37840846,-0.5642036,-0.23604155,0.15277758
,,-0.470748,4.881598,-7.768458,1693564660541,,-0.86987144,0.2296088,0.12194388,,,,,,-0.03799137,0.424312,0.29188386,0.2670778,-0.4073036,-0.20067695,0.1356359
,,-0.5546563,4.1467614,-8.076255,1693564660796,,-2.6810856,-0.51014847,0.38583747,,,,,,0.01098968,0.28891355,0.39669862,0.241686,-0.35889426,-0.16626438,0.11013783
52.53579685,13.36886098,-0.5494718,3.9668212,-7.901579,1693564661000,3.7900925,-1.6694934,0.07811433,0.5287798,,,,,,0.042299032,0.2563145,0.41599318,0.19914737,-0.30558714,-0.1662055,0.113682486
,,-0.48470604,4.9530625,-7.587161,1693564661047,,1.3817761,0.10193806,-0.34109163,,,,,,-0.054121025,0.26653358,0.34277377,0.26918736,-0.4041338,-0.20514297,0.13844
,,-0.41260237,5.64427,-7.550392,1693564661297,,3.1245732,-0.21143557,-1.0393101,,,,,,0.007099249,0.49687243,0.19944358,0.38474706,-0.5600271,-0.23675813,0.1520311
,,-0.469711,4.210012,-7.894879,1693564661547,,-3.2870634,0.014584397,0.71509355,,,,,,0.11710135,0.26406494,0.36227867,0.1950063,-0.30425304,-0.17408472,0.12411894
,,-0.26711875,5.373003,-7.5741596,1693564662050,,1.9901974,0.13492475,-0.2531271,,,,,,0.0844221,0.44695663,0.17859007,0.3035491,-0.45678997,-0.22137748,0.14563866
,,-0.23641086,5.372525,-7.676413,1693564662301,,2.4715588,-0.18944444,-0.55367255,,,,,,0.14842708,0.53817517,0.091682024,0.30160344,-0.45813486,-0.22128771,0.14552
,,-0.29104695,4.065645,-8.117251,1693564662554,,-3.3524258,0.28947353,0.88002706,,,,,,0.22934562,0.36193213,0.27797762,0.19670103,-0.3076505,-0.16463685,0.11275661
,,-0.25898317,4.3982472,-7.954939,1693564662804,,-0.79290247,0.1550833,0.27710354,,,,,,0.20029773,0.31230947,0.21004626,0.1890095,-0.30770713,-0.17540511,0.12120734
,,-0.14612168,5.756334,-7.669076,1693564663056,,2.4355178,-0.24686573,-0.5976548,,,,,,0.14545168,0.48041308,0.0103864195,0.37441996,-0.5657082,-0.23891303,0.15017694
,,-0.21670996,5.274658,-7.9049296,1693564663307,,1.0384701,0.36460993,-0.115071654,,,,,,0.18496951,0.5549241,0.05320997,0.29857293,-0.46361703,-0.21144442,0.13759245
,,-0.40638098,3.9488754,-8.206584,1693564663560,,-3.211927,-0.11308634,0.48296496,,,,,,0.16236623,0.16629142,0.27393162,0.23339228,-0.3648334,-0.1636205,0.108881675
,,-0.43413773,4.723033,-7.789834,1693564663814,,0.36835146,0.11415535,0.25755587,,,,,,0.03495281,0.27173606,0.259946,0.26262295,-0.41223392,-0.19667524,0.13087715
52.53576713,13.36888945,-0.36235303,5.1401815,-7.6500134,1693564664000,3.7900925,1.5668682,0.110490166,-0.4003455,,,,,,-0.035543427,0.24810019,0.19088729,0.33889458,-0.5147579,-0.21688901,0.14260909
,,-0.24231313,5.7982078,-7.644908,1693564664068,,2.8240278,-0.45761406,-0.7961859,,,,,,0.07884299,0.45412123,0.002519671,0.3685748,-0.568474,-0.24247152,0.1552544
,,-0.39649063,4.715854,-7.863452,1693564664319,,-1.3225223,0.42875072,0.19830199,,,,,,0.054340966,0.35654506,0.21803263,0.26106867,-0.41278017,-0.19760133,0.13090996
,,-0.493719,4.1264224,-8.10074,1693564664571,,-2.4324636,-0.49915287,0.15431972,,,,,,0.024737693,0.21726212,0.30085912,0.27332363,-0.41664708,-0.17073084,0.110935144
,,-0.2998207,5.8238115,-7.683593,1693564665072,,3.1056366,-0.14912736,-0.9696715,,,,,,-0.0045804004,0.51077026,0.00380586,0.41292155,-0.6186399,-0.24397415,0.15613446
,,-0.34815565,4.452405,-7.9789476,1693564665324,,-2.8893905,0.109268434,0.57398385,,,,,,0.07269541,0.3230384,0.25016442,0.2682067,-0.41313392,-0.18256351,0.123821415
,,-0.45886362,4.3245482,-8.05472,1693564665574,,-1.8784091,0.15997021,0.61796606,,,,,,-0.0016798903,0.3019689,0.2589671,0.27425665,-0.41332325,-0.17307977,0.1165088
,,-0.26751763,5.530132,-7.681599,1693564665827,,1.9895866,-0.08315397,-0.4351648,,,,,,-0.028730165,0.40854248,0.09170205,0.37565824,-0.5662903,-0.22782278,0.15203233
,,-0.3048456,5.4663234,-7.7308908,1693564666080,,2.574795,-0.02573268,-0.60132,,,,,,-0.012389018,0.50315756,0.08459684,0.3359652,-0.5136102,-0.22214411,0.15033135
,,-0.34959137,4.148916,-8.1357565,1693564666334,,-3.180162,0.20578507,0.6900481,,,,,,0.08102962,0.2610896,0.30984503,0.23305216,-0.36218816,-0.16613665,0.11585392
,,-0.36243284,4.500979,-7.896235,1693564666585,,-0.7061597,0.14897464,0.2935969,,,,,,0.04858913,0.32157785,0.30452976,0.22753413,-0.36058727,-0.17701183,0.12377166
,,-0.15736796,5.7254663,-7.6988273,1693564666837,,2.660927,-0.2926806,-0.5964331,,,,,,0.06325097,0.41850182,0.0015600523,0.37024644,-0.56815124,-0.23636827,0.15668802
52.53574149,13.36894224,-0.148036,5.8387265,-7.6990666,1693564667000,3.7900925,2.846019,-0.46372274,-0.71921694,,,,,,0.13562807,0.52077466,0.008443705,0.36756948,-0.56906617,-0.24194011,0.1560862
,,-0.26009983,5.091289,-7.8016376,1693564667091,,0.641408,0.32795802,0.10178535,,,,,,0.061314907,0.43447924,0.14396848,0.29592133,-0.4650015,-0.20962404,0.14124309
,,-0.33810586,4.064927,-8.15458,1693564667342,,-3.0909758,-0.2578613,0.60269445,,,,,,0.14405987,0.20665026,0.31917146,0.23292877,-0.3646677,-0.16419847,0.1104996
,,-0.32494533,4.8550367,-7.799645,1693564667593,,0.75502884,-0.08743002,0.08834632,,,,,,0.0631658,0.3245934,0.25361913,0.26088178,-0.41210973,-0.19889136,0.13268036
,,-0.28833514,4.699025,-7.8814,1693564668097,,-1.5668682,0.3023017,0.30153814,,,,,,0.115392074,0.4191608,0.27140445,0.26092884,-0.41366065,-0.19606107,0.13001484
,,-0.39385858,4.195735,-8.173643,1693564668349,,-2.398866,-0.1155298,0.2777144,,,,,,0.087000065,0.33714098,0.31085035,0.27009407,-0.4185105,-0.17283677,0.11026427
,,-0.26895323,5.2321467,-7.764311,1693564668600,,1.5711442,0.031688612,-0.39790204,,,,,,0.029112186,0.36529395,0.15004267,0.33227676,-0.5185743,-0.22051188,0.14173362
,,-0.25946173,5.715656,-7.7747593,1693564668852,,2.9822419,-0.15706861,-0.9397391,,,,,,0.042279832,0.5752476,-0.025835864,0.40414724,-0.6255701,-0.2436957,0.15126204
,,-0.3451248,4.3350773,-8.030233,1693564669106,,-3.1606143,0.090942495,0.6417898,,,,,,0.09210331,0.38155025,0.2720526,0.26290172,-0.4182392,-0.1826167,0.11960641
,,-0.48374894,4.3590846,-8.02162,1693564669357,,-1.3817761,0.12942697,0.3888918,,,,,,-0.03654253,0.42156777,0.2438453,0.2633215,-0.4193268,-0.17984419,0.11567617
,,-0.30572298,5.55414,-7.7672625,1693564669611,,2.1496332,-0.19982915,-0.38812822,,,,,,-0.045049258,0.4528487,-0.02442627,0.36380878,-0.57387835,-0.23367691,0.14897293
,,-0.39425743,5.3423753,-7.7202826,1693564669862,,1.9339979,0.13858995,-0.38751733,,,,,,-0.04392012,0.5234662,0.09481508,0.32623944,-0.5210509,-0.22502297,0.1433368
52.53570948,13.3689782,-0.37072796,5.045904,-7.839765,1693564670000,3.7921546,0.9676098,0.22411102,0.035201084,,,,,,-0.1818325,0.3222227,0.14329128,0.29450992,-0.46527112,-0.20822853,0.14556725
,,-0.49140596,4.0635705,-8.045787,1693564670114,,-3.4947574,0.25526512,0.62407476,,,,,,-0.003647916,0.29948857,0.37861547,0.22657432,-0.36705345,-0.16888992,0.11058481
,,-0.49882373,4.5698924,-7.8142414,1693564670366,,-0.4960222,0.39881834,0.0834594,,,,,,-0.15311933,0.32857066,0.3215429,0.2199654,-0.3632521,-0.18403473,0.12637296
,,-0.26919255,5.782655,-7.6772923,1693564670617,,2.5772386,-0.4246274,-0.81756616,,,,,,-0.1680921,0.41302764,-0.040089257,0.36311027,-0.5704421,-0.23991922,0.16150692
,,-0.44865423,3.9611583,-8.100981,1693564671120,,-3.040885,-0.15462515,0.4426479,,,,,,-0.13005322,0.1060588,0.37982267,0.23330157,-0.36330304,-0.16183907,0.11671456
,,-0.38101718,4.8336616,-7.77117,1693564671372,,0.23273948,0.20945026,0.12988512,,,,,,-0.1747119,0.20365013,0.27003506,0.2686586,-0.40654504,-0.19338107,0.14261962
,,-0.20251255,5.8041906,-7.6812797,1693564671623,,2.5332563,-0.7404445,-0.5451205,,,,,,-0.06415478,0.3531849,0.003927501,0.3799085,-0.55941796,-0.23745796,0.16918503
,,-0.34512475,4.749354,-7.9406605,1693564671874,,-0.4074468,0.29497132,0.14149155,,,,,,0.023299737,0.34254292,0.22524914,0.27557892,-0.40387833,-0.19084425,0.14074612
,,-0.43613183,3.949992,-8.1446085,1693564672124,,-2.9309292,-0.22609633,0.622853,,,,,,0.0923333,0.23058064,0.42538217,0.24968286,-0.355536,-0.1565936,0.11114203
,,-0.3325226,4.9610395,-7.769973,1693564672377,,0.8142828,-0.04405862,0.13660464,,,,,,0.089442536,0.31598788,0.2832131,0.31591198,-0.45493495,-0.20169537,0.1385942
,,-0.21200405,5.789993,-7.681519,1693564672628,,2.81853,-0.27740896,-0.633085,,,,,,0.1336336,0.536128,0.100721486,0.38372687,-0.5596054,-0.23622118,0.1578686
,,-0.29056847,4.544767,-8.024889,1693564672879,,-1.1905755,0.23083054,0.19036074,,,,,,0.17764561,0.4027295,0.30272865,0.27350178,-0.40965655,-0.18648206,0.12541765
52.53568172,13.36901113,-0.2619343,4.451846,-8.046345,1693564673000,3.7900925,-1.6065744,0.25159994,0.23189954,,,,,,0.098733336,0.40936118,0.3064353,0.22673434,-0.36155224,-0.18142295,0.122244634
,,-0.40590248,4.0701914,-8.170532,1693564673131,,-2.7470589,-0.44600764,0.36018115,,,,,,0.104614116,0.35203472,0.39393196,0.23800209,-0.36256373,-0.16164108,0.105969034
,,-0.24327031,5.1850076,-7.778428,1693564673381,,1.2608249,-0.111253746,-0.15538873,,,,,,0.04816809,0.34523907,0.18882687,0.34100035,-0.514603,-0.21643443,0.13849762
,,-0.16773683,5.7518682,-7.736872,1693564673633,,2.9932375,-0.2749655,-0.67156947,,,,,,0.07128373,0.50063473,0.04688902,0.3702498,-0.5675858,-0.24085352,0.15503088
,,-0.39074793,4.1418967,-8.187282,1693564674138,,-2.457509,-0.39774933,0.28870997,,,,,,-0.001865667,0.37132934,0.31956166,0.23313434,-0.36344528,-0.1656203,0.11070073
,,-0.29200414,5.3529835,-7.795338,1693564674388,,1.2644901,-0.1277471,-0.20975569,,,,,,-0.07081902,0.41517678,0.102286294,0.33522615,-0.51562375,-0.22116028,0.14605
,,-0.21431716,5.6806407,-7.6942015,1693564674641,,2.8948882,-0.1625664,-0.80168366,,,,,,-0.0046251356,0.5063538,0.07306378,0.3682519,-0.56838936,-0.23981111,0.15703402
,,-0.38404804,4.369214,-8.056953,1693564674892,,-1.7910556,0.27847797,0.22640176,,,,,,0.021407362,0.39607784,0.35649726,0.22723052,-0.36235243,-0.17769426,0.12197767
,,-0.48957154,4.0791245,-8.109196,1693564675142,,-2.2418737,-0.30550876,0.29726207,,,,,,-0.03416496,0.2789126,0.3935534,0.23312593,-0.36325374,-0.16508842,0.111533605
,,-0.3589234,5.3773103,-7.7358356,1693564675395,,1.2699878,-0.05261073,-0.25862488,,,,,,-0.044100966,0.3446546,0.14804767,0.3741042,-0.56939495,-0.22671284,0.14649518
,,-0.29607192,5.586762,-7.657829,1693564675646,,2.9266531,-0.10453424,-0.759534,,,,,,0.032330908,0.41487247,0.12919404,0.3695916,-0.56888855,-0.23752226,0.15293203
,,-0.40031922,4.261697,-8.000322,1693564675897,,-1.9358305,0.24610215,0.38583747,,,,,,0.08556039,0.2981715,0.41369712,0.22883959,-0.36282653,-0.17615636,0.11665876
52.53565326,13.36904188,-0.3004588,4.2972703,-7.9603624,1693564676000,3.7900925,-1.915672,0.18562654,0.31375542,,,,,,-0.07455431,0.26927432,0.4091193,0.22350724,-0.3639779,-0.17594689,0.12675874
,,-0.48837513,4.0993834,-8.054081,1693564676150,,-2.3793182,-0.06971494,0.2948186,,,,,,-0.049806554,0.23553361,0.41306514,0.23172763,-0.3640307,-0.1661246,0.11141513
,,-0.2744567,5.4100122,-7.659506,1693564676401,,1.4220932,0.24182609,-0.3814087,,,,,,-0.11488959,0.31193918,0.12782742,0.37063447,-0.56986576,-0.22832614,0.15104255
,,-0.18759729,5.620103,-7.621459,1693564676651,,2.9975135,-0.14057526,-1.0674099,,,,,,-0.086762495,0.39080176,0.10615778,0.3678023,-0.5674755,-0.23788707,0.16276605
,,-0.3460819,4.0747375,-8.052167,1693564677154,,-2.3359468,-0.40630144,0.3088685,,,,,,-0.1382104,0.16237324,0.39838105,0.23359592,-0.36032775,-0.16465981,0.121544175
,,-0.23720847,5.42086,-7.707042,1693564677404,,1.4220932,0.122707464,-0.35758498,,,,,,-0.17824253,0.30928624,0.13330513,0.3792251,-0.5632153,-0.22518347,0.158813
,,-0.15090734,5.514498,-7.728259,1693564677657,,2.9339836,-0.29206973,-0.7778599,,,,,,-0.010982416,0.36403102,0.101630405,0.38204566,-0.55889034,-0.23311847,0.16213672
,,-0.3081956,4.179304,-8.110314,1693564677907,,-2.087936,0.21494804,0.52083856,,,,,,0.11799303,0.3157938,0.3810967,0.2017205,-0.30135673,-0.16441798,0.12369756
,,-0.38077787,4.1017766,-8.101541,1693564678159,,-2.3964226,-0.16806418,0.47135854,,,,,,0.110312,0.3194774,0.44007576,0.20274694,-0.30387434,-0.15806004,0.113564335
,,-0.25324038,5.39406,-7.716216,1693564678409,,1.3548981,0.07933606,-0.31360272,,,,,,0.06929343,0.39526922,0.16358005,0.3446686,-0.5079867,-0.22104765,0.15078558
,,-0.1906282,5.555975,-7.6523266,1693564678659,,2.985907,-0.1051451,-0.8933134,,,,,,0.11457185,0.4654004,0.14109097,0.33428526,-0.5118559,-0.2313547,0.15715645
,,-0.27413777,4.2008395,-8.0378895,1693564678911,,-2.068999,0.08116866,0.32719445,,,,,,0.17067026,0.34040177,0.37923664,0.18793064,-0.30957407,-0.17088063,0.11925743
52.53562275,13.36909234,-0.27629125,4.182175,-8.037971,1693564679000,3.7900925,-2.1068726,0.10377065,0.37728536,,,,,,-0.0032090545,0.2837134,0.34472504,0.26850688,-0.41625112,-0.17694235,0.11853095
,,-0.3754339,4.2014775,-7.9945803,1693564679163,,-2.3664901,-0.04650208,0.5953641,,,,,,0.04136656,0.3529456,0.41835174,0.18728958,-0.31233597,-0.16406637,0.11507507
,,-0.22851457,5.4886565,-7.635179,1693564679416,,1.3695588,0.03046688,-0.34109163,,,,,,-0.058425672,0.3839292,0.14818151,0.3690678,-0.57015884,-0.23248816,0.15043761
,,-0.17363915,5.5006213,-7.6299143,1693564679666,,2.8716753,-0.031841327,-0.9727258,,,,,,-0.05416291,0.35446116,0.110567965,0.3674782,-0.56936735,-0.23738411,0.15635581
,,-0.35246274,4.148357,-8.03805,1693564680166,,-2.44407,0.052458014,0.4976257,,,,,,-0.07646799,0.29701445,0.36284414,0.27295876,-0.41552967,-0.17043678,0.11345509
,,-0.21144578,5.4929643,-7.5803027,1693564680416,,1.3616176,0.057344932,-0.2683987,,,,,,-0.13507228,0.3729928,0.12972412,0.41341335,-0.62039834,-0.23257522,0.15288314
,,-0.11270194,5.5520673,-7.623453,1693564680666,,2.7073526,-0.18028148,-0.75342536,,,,,,-0.09328007,0.35557556,0.06784693,0.4101792,-0.6198541,-0.23907039,0.16080324
,,-0.24231315,4.276852,-7.9676995,1693564680916,,-1.5741985,5.345067E-4,0.20990841,,,,,,-0.0254179,0.28548342,0.3473326,0.3086917,-0.4677319,-0.18200904,0.12332461
,,-0.32797617,4.1030526,-7.975118,1693564681166,,-2.7397285,-0.29023713,0.53916454,,,,,,-0.053344473,0.24707814,0.4149589,0.3138354,-0.46746662,-0.17277768,0.114046104
,,-0.22923245,5.4487762,-7.5575705,1693564681416,,0.07208204,0.07506001,-0.13461933,,,,,,-0.06460079,0.3568238,0.17223126,0.41476697,-0.6191854,-0.23386689,0.1512507
,,-0.15880369,6.010132,-7.1058054,1693564681666,,0.4263836,-0.050778136,-0.12789981,,,,,,-0.051670115,0.35591933,0.1881749,0.40245506,-0.61176115,-0.2639088,0.17295414
,,-0.23282166,5.90788,-7.004669,1693564681916,,-0.39095345,0.016416991,0.10300707,,,,,,-0.04573153,0.25017318,0.277445,0.40229627,-0.6111907,-0.26634493,0.171381
52.53557687,13.36913145,-0.08023931,8.413803,-5.2449875,1693564682000,3.7900925,0.011606431,0.050625417,-0.0692568,,,,,,-0.21147694,0.15521485,0.1386581,0.48482066,-0.7331615,-0.39330128,0.26864848
,,-0.25595227,6.3565335,-6.4033537,1693564682168,,0.118507765,0.23083054,-0.101632625,,,,,,-0.116561085,0.20692143,0.37836546,0.3905611,-0.60342115,-0.29270235,0.18932407
,,-0.15960127,7.7035327,-5.9118667,1693564682420,,-0.016493348,-0.020234896,-0.035048366,,,,,,-0.19011927,0.2519981,0.12618704,0.49263573,-0.75094527,-0.35474235,0.23163405
,,-0.08845468,8.407742,-5.3681383,1693564682673,,0.047647454,0.0011453715,-0.068035066,,,,,,-0.21566527,0.24480978,0.09946729,0.48082003,-0.73945683,-0.39015058,0.26290423
,,-0.12370893,8.396575,-5.126463,1693564683176,,-0.0030543238,-0.062995434,-0.07475458,,,,,,-0.20123047,0.09321963,0.18990155,0.4891919,-0.7275527,-0.39592728,0.2720555
,,-0.09866405,8.540303,-5.0616975,1693564683426,,0.009162972,-0.20654866,-0.0112246405,,,,,,-0.13219391,0.16253042,0.1670079,0.49268293,-0.7219513,-0.40057182,0.27423885
,,-0.1190828,8.563114,-5.0590653,1693564683676,,0.018936807,-0.1259145,-0.023441937,,,,,,-0.043470643,0.14982252,0.15761909,0.49484786,-0.71953505,-0.40443677,0.2709802
,,-0.14189439,8.586884,-4.9218764,1693564683931,,0.0073303776,-0.21937682,0.07002038,,,,,,0.06646768,0.1358035,0.22801873,0.4901519,-0.7205312,-0.41190612,0.26460907
,,-0.18376876,8.650531,-4.799683,1693564684183,,0.013439025,-0.18516839,-0.013668099,,,,,,0.13169311,0.15662356,0.2662794,0.47738498,-0.7255612,-0.4226683,0.25496635
,,-0.27118656,8.749595,-4.6407194,1693564684433,,-0.062308207,-0.37331474,0.076739885,,,,,,0.17588715,0.1947178,0.30970928,0.45804408,-0.7330757,-0.43695238,0.24169393
,,-0.35940197,8.862377,-4.4411592,1693564684683,,0.0024434591,-0.60055643,0.24594943,,,,,,0.21144488,0.20774202,0.3334956,0.4298127,-0.74305916,-0.4552727,0.22321501
,,-0.4332604,9.031469,-4.172445,1693564684934,,0.056810424,-0.6628646,0.3259727,,,,,,0.21961929,0.24520518,0.37454176,0.38827717,-0.75599355,-0.47686583,0.19839333
52.53553695,13.36916406,-0.798804,9.64826,-2.7883563,1693564685000,3.7900925,-0.15699224,-0.53763735,0.22212571,,,,,,-0.34558314,0.19217494,0.43551272,0.17040445,-0.21505785,-0.12902176,0.09121826
,,-0.55513483,9.220342,-3.8033113,1693564685184,,-0.076358095,-0.8241329,0.496404,,,,,,0.14759181,0.28834084,0.45626703,0.3343852,-0.7692998,-0.50069827,0.167362
,,-0.64358944,9.347641,-3.4970305,1693564685437,,-0.089797124,-0.9554689,0.600251,,,,,,0.029176306,0.24608618,0.4510854,0.26637062,-0.7270892,-0.48629698,0.13086575
,,-0.7065208,9.406985,-3.2122045,1693564685687,,-0.19669846,-0.97990346,0.2850448,,,,,,-0.14872834,0.14908533,0.41410393,0.20822479,-0.4696795,-0.31004918,0.10235953
,,-0.971486,9.440563,-2.2944777,1693564686188,,1.7181336,0.19204062,-0.3830886,,,,,,-0.71716064,-0.12000882,0.67994606,0.14806704,0.04048016,0.05679876,0.08690565
,,-1.3815361,9.458828,-2.4311876,1693564686440,,-1.612912,-1.9075016,0.6963095,,,,,,-1.2618463,0.04404373,0.6273481,0.14088514,0.30937746,0.23238121,0.092979185
,,-1.661257,9.66485,-2.085345,1693564686692,,0.17508912,-0.83115786,0.38721192,,,,,,-1.5492129,0.1796594,0.87089556,0.16435736,0.56637645,0.4179812,0.12607373
,,-1.4446266,9.6764965,-2.083351,1693564686944,,-0.5237402,0.4058433,0.31329727,,,,,,-1.4741737,0.11141661,0.67206013,0.20888224,0.7644219,0.57470685,0.16249232
,,-1.2792825,9.804671,-1.918246,1693564687194,,0.029092435,-0.94600046,0.1117119,,,,,,-1.4542959,0.21244286,0.602599,0.2466612,0.7467812,0.5799464,0.18673705
,,-1.0470192,9.613404,-1.8668005,1693564687446,,-0.21403174,-0.93195057,-0.08009964,,,,,,-1.3418869,0.024927441,0.54573137,0.27719814,0.7306074,0.5798292,0.20704244
,,-0.8037492,9.899667,-1.8596221,1693564687696,,-0.06131555,-0.55382526,-0.2334267,,,,,,-1.12487,0.23494962,0.26321554,0.30733615,0.70934385,0.57796496,0.2381542
,,-0.34177485,10.068918,-1.358884,1693564687946,,1.2410482,-0.31436628,-0.6298779,,,,,,-0.7355482,0.14612858,0.258339,0.34271973,0.67693496,0.58643323,0.27041298
52.53550409,13.36918061,-0.78636116,9.812247,-1.3091931,1693564688000,3.7900925,-0.05215258,-0.33880088,-0.10636683,,,,,,-0.7837729,0.039916325,0.67192,0.45048395,0.6264873,0.5137063,0.36755863
,,-0.120039925,9.742696,-1.6141182,1693564688196,,-0.4767036,-0.6350703,0.5661953,,,,,,-0.5721081,-0.12950097,0.0792136,0.37019926,0.665373,0.57423836,0.2831401
,,-0.43445683,9.814561,-1.3383058,1693564688446,,-0.21708608,0.14133884,-0.108199425,,,,,,-0.8117615,0.027331702,0.47860038,0.40125996,0.6486482,0.5555488,0.3090985
,,-0.66392857,9.766306,-1.2390037,1693564688696,,0.0034361144,0.50602514,-0.08071051,,,,,,-0.82338756,-0.02119077,0.66084266,0.4323591,0.6341591,0.5312597,0.3443805
,,-0.9596015,9.807861,-1.3997215,1693564689200,,0.21235187,-0.302149,-0.0080176005,,,,,,-0.78145736,0.08724225,0.7369279,0.46554786,0.6217337,0.49581924,0.3838507
,,-1.1516653,9.6542425,-1.4423932,1693564689453,,-0.0051159924,0.09185879,0.087888174,,,,,,-0.80313057,-0.05009349,0.7934809,0.47859117,0.61568433,0.47917503,0.3998416
,,-1.0620942,9.777872,-1.2445068,1693564689706,,0.06940951,-0.22640176,0.024358233,,,,,,-0.6729329,0.015998553,0.7389957,0.4830095,0.6029727,0.47859034,0.41591173
,,-1.0741383,9.767503,-1.3332808,1693564689957,,0.18608469,0.044822205,-0.07765619,,,,,,-0.54081064,-0.044450473,0.4965881,0.48122674,0.599719,0.47619227,0.425321
,,-1.0453445,9.811131,-1.4258033,1693564690207,,0.07735075,-0.004657844,0.0017562362,,,,,,-0.39538726,0.0019286792,0.34935075,0.48148873,0.5971914,0.47075874,0.43432257
,,-1.1826924,9.827403,-1.3625529,1693564690457,,0.15065452,0.069867656,-0.16806418,,,,,,-0.41562793,0.023089314,0.38397253,0.48689088,0.5919705,0.46236053,0.44519752
,,-1.1501501,9.792787,-1.5383457,1693564690709,,0.015653409,0.1004109,-0.022678355,,,,,,-0.25985202,0.005398369,0.23263879,0.4877249,0.59239334,0.45542106,0.45109928
,,-1.1812568,9.747242,-1.6345371,1693564690960,,-0.035048366,0.20853396,-0.1295797,,,,,,-0.13902044,-0.007789071,0.1707428,0.4828371,0.5978037,0.45184278,0.4526348
,,-1.2634106,9.691251,-1.8098514,1693564691212,,0.05108357,0.7631992,-0.025121814,,,,,,-0.0503216,-0.01379137,0.06603861,0.47480196,0.6066841,0.44910246,0.45143852
,,-1.3369498,9.609816,-1.9812571,1693564691464,,-0.75220364,1.364901,0.09277509,,,,,,-0.027382886,-0.040665466,0.038830105,0.45539817,0.62522024,0.4541706,0.4364866
,,-1.3962916,9.608776,-2.1288145,1693564691715,,-0.37530005,0.49380782,0.23021966,,,,,,-0.09265501,-0.01275711,-0.011697292,0.42366806,0.64809364,0.4701874,0.40845788
52.53547698,13.36921025,-1.2676376,9.649296,-2.0105293,1693564692000,3.7900925,0.16470441,1.9287292,-0.013515383,,,,,,-0.055275355,0.04519701,0.11688927,0.3816431,0.6722243,0.4934377,0.3701565
,,-1.0597014,9.638049,-1.9698516,1693564692216,,0.018707734,2.3789365,-1.0189989,,,,,,-0.0614479,0.09257202,0.30083826,0.3195522,0.7021889,0.51964927,0.30895072
,,-1.0557932,9.447262,-2.2910483,1693564692468,,-1.2628865,1.3728422,-0.9854013,,,,,,0.11104453,-0.013029432,0.23976198,0.22171564,0.7320059,0.5434148,0.23552078
,,-1.3914264,9.37819,-2.4641287,1693564692721,,-0.36491534,0.78457946,0.9302707,,,,,,-0.094164744,-0.049970403,-0.0190722,0.19532827,0.5039525,0.36379334,0.17524551
,,-1.0340981,9.53125,-2.085345,1693564692972,,0.43653923,3.2543058,0.67248577,,,,,,0.31955555,0.080532774,0.19026184,0.18050714,0.2721447,0.17543179,0.1422709
,,-0.6244468,9.386085,-1.8717455,1693564693222,,-1.1590396,0.7082214,0.09277509,,,,,,0.552843,-0.1140159,0.16898699,0.18767685,0.045004275,-0.015981654,0.14956291
,,-0.23585248,9.680961,-1.6876575,1693564693473,,2.1884995,-0.99120444,-6.8722287E-4,,,,,,0.8374884,0.1563901,-0.09197674,0.20852472,-0.17277147,-0.21542242,0.1816563
,,-0.07162505,9.570652,-1.6490533,1693564693724,,0.6766091,-2.1939971,0.6089558,,,,,,0.9346658,0.06270822,0.07109515,0.25499666,-0.42449984,-0.39812547,0.21129869
,,0.03357923,9.570333,-1.860659,1693564693976,,0.3314705,-1.7596724,0.6321687,,,,,,0.73880047,0.11561796,0.055545427,0.31103522,-0.69568294,-0.57968825,0.22476967
,,0.6613761,9.683992,-1.4924834,1693564694227,,-0.976391,-0.38278314,0.45196357,,,,,,1.0868707,0.23188816,0.71508205,0.26412126,-0.54927385,-0.45403996,0.21491055
,,0.87042916,9.526147,-1.6284754,1693564694478,,-1.0686315,-0.5141191,-0.0080176005,,,,,,0.9747292,0.043594997,0.528843,0.22283319,-0.30844486,-0.23814507,0.19062191
,,0.8231309,9.980463,-1.4483756,1693564694728,,1.9698099,1.0228167,0.40431613,,,,,,0.72459453,0.5380539,0.39274803,0.18432039,-0.088161476,-0.018158473,0.14483963
52.53545287,13.36924723,1.5546966,9.769016,-1.5973686,1693564695000,3.7900925,-2.1095452,-2.1787255,-4.480159,,,,,,1.0092087,0.33110827,0.5908282,0.11616131,-0.063763745,0.014329598,0.09137555
,,1.262852,9.608937,-0.49347967,1693564695232,,-2.0753367,-2.6051092,3.1306057,,,,,,0.7825653,0.10704408,0.39256427,0.06037955,0.15378644,0.23124593,0.060783904
,,1.5515859,9.233105,1.3538591,1693564695482,,-2.124817,-0.75235635,-0.12530364,,,,,,0.59253156,-0.015777223,0.29344463,0.048583794,0.35527197,0.4667068,0.060162026
,,1.4989438,8.456554,2.7176883,1693564695737,,-2.3618324,4.7148833,0.29924738,,,,,,0.32485104,-0.033625007,-0.3535619,0.06610889,0.3685133,0.6056186,0.07015395
,,0.9636696,7.430991,4.963671,1693564695995,,-0.7540362,-0.9282854,0.34017533,,,,,,0.15227136,0.022666836,0.15192156,0.074546546,0.2135554,0.33300474,0.07144046
,,0.73683,5.6366935,6.3706512,1693564696250,,-0.3569741,0.03810269,-0.3684278,,,,,,0.21753266,-0.43236682,0.13037746,0.06129444,0.08713544,0.047172524,0.067512885
,,-0.37399817,4.1958947,8.143175,1693564696504,,0.34307694,-0.2031889,-0.20899211,,,,,,-0.31695765,-0.3791672,0.05312522,0.07155181,0.1566502,0.08274855,0.053181786
,,-0.43764722,2.9867215,9.256316,1693564696757,,0.65278536,0.046654798,-0.40324712,,,,,,-0.32393867,-0.20070614,0.24075909,0.06082332,0.07059083,0.11502862,0.047490098
,,-0.71003026,2.4295924,9.722358,1693564697177,,0.084070265,-0.65522885,1.1825578,,,,,,-0.112391934,0.039181266,0.24942587,0.03204443,0.028784985,0.12877063,0.043261632
,,-1.0536395,2.0811977,10.191669,1693564697476,,-0.35758498,-0.30153814,0.6285035,,,,,,-0.2416169,-0.052554786,0.6047989,0.02202233,-0.03697036,-0.19561699,0.039354447
