97#1#0
key,lat,lon,ts,bike,childCheckBox,trailerCheckBox,pLoc,incident,i1,i2,i3,i4,i5,i6,i7,i8,i9,scary,desc,i10
,,,,1,0,0,4,-5,0,0,0,0,0,0,0,0,0,0,,0

=========================
97#1
lat,lon,X,Y,Z,timeStamp,acc,a,b,c,obsDistanceLeft1,obsDistanceLeft2,obsDistanceRight1,obsDistanceRight2,obsClosePassEvent,XL,YL,ZL,RX,RY,RZ,RC
52.49827333333333,13.406110000000002,3.932157,-1.532768,9.197964,1694857997000,1.9,-0.11484267,0.20158553,0.103847094,,,,,,-0.050311375,0.27523613,0.34172183,-0.21134773,-0.068741456,-0.7135909,0.66372424
,,3.5463715,-1.4638947,8.995815,1694857997962,,0.02076942,0.4269948,-0.3744604,,,,,,-0.5661515,0.30057713,0.15151148,-0.21484701,-0.07647359,-0.7053274,0.6704141
,,3.6106157,-1.6048332,8.828858,1694857998214,,0.11789699,-0.5467244,-0.16371189,,,,,,-0.48213494,0.14219116,0.08098733,-0.21640821,-0.08498061,-0.6935131,0.68072975
,,3.673424,-1.6035563,8.8994875,1694857998466,,-0.04886922,0.36163223,-0.115453534,,,,,,-0.45718786,0.12664647,0.20627615,-0.21542288,-0.09416208,-0.6781851,0.6944312
,,3.6828406,-1.6362771,8.814494,1694857998717,,-0.11789699,0.27672195,-0.23945917,,,,,,-0.5104601,0.04965997,0.16769417,-0.215827,-0.1012508,-0.66760314,0.703518
,,3.759056,-1.6824852,8.696619,1694857998967,,0.0580322,-0.0421497,-0.21868975,,,,,,-0.4725209,-0.008247602,0.08817652,-0.21719687,-0.10557335,-0.6635468,0.70662713
,,3.8019125,-1.6453754,8.89031,1694857999220,,-0.02687807,0.25350907,-0.17837265,,,,,,-0.37432238,0.00773863,0.25668418,-0.21409407,-0.10374586,-0.6630102,0.7085174
,,4.1414905,-1.7464904,8.995495,1694857999470,,0.0030543262,-0.3933972,-0.1423316,,,,,,0.027692216,-0.114677764,0.3269161,-0.21117917,-0.10116307,-0.6666555,0.7060354
,,4.111084,-1.6858373,9.069874,1694857999721,,-0.019547688,-0.4098906,-0.037873644,,,,,,-0.015644232,-0.06542633,0.3627721,-0.21228375,-0.09548942,-0.6818568,0.6905473
,,4.127923,-1.6689183,8.95168,1694857999971,,0.12156218,-0.1386664,0.16798794,,,,,,-0.093502745,-0.041492958,0.2531489,-0.21790211,-0.08959325,-0.70200974,0.6692002
52.49829666666666,13.406263333333333,3.9863465,-1.564132,8.98097,1694858000000,1.8,0.032986723,0.009162978,-0.01038471,,,,,,-0.52910995,0.065785855,0.5265469,-0.24102858,-0.0877442,-0.74548846,0.6136518
,,3.9408562,-1.7179993,9.012254,1694858000223,,0.05681047,0.38056904,-0.24556783,,,,,,-0.35595444,-0.059666794,0.34141794,-0.22560991,-0.08666507,-0.72049713,0.64774597
,,4.023137,-1.6487273,8.968439,1694858000476,,0.1020145,0.6994407,-0.069027774,,,,,,-0.4004468,-0.041439578,0.4105019,-0.23387282,-0.08729337,-0.7354958,0.62798756
,,3.6390269,-1.5875152,9.019596,1694858000979,,0.11301007,0.45448375,-0.3567453,,,,,,-0.91623133,0.06758283,0.58923936,-0.24477641,-0.08507018,-0.75400275,0.603102
,,3.7325604,-1.4633362,9.152236,1694858001230,,-0.020158553,-1.4141531,0.06963864,,,,,,-0.8277046,0.19603488,0.7251265,-0.24543886,-0.08416959,-0.7563218,0.600107
,,3.648843,-1.3191255,9.101078,1694858001481,,0.29138273,-0.02687807,0.42821655,,,,,,-0.89131236,0.3085214,0.65769,-0.24344155,-0.08471555,-0.7566963,0.6003015
,,3.7924957,-1.3215197,9.238186,1694858001732,,-0.08674286,-0.039095376,0.10262536,,,,,,-0.6511821,0.21182087,0.7557391,-0.2358167,-0.08711062,-0.75192106,0.6083319
,,3.5641682,-1.3717978,9.147527,1694858001984,,-0.087964594,-0.4196644,0.007330383,,,,,,-0.8239675,0.15555653,0.55962545,-0.22845964,-0.086703144,-0.74791986,0.6161574
,,3.5592997,-1.5119385,8.870358,1694858002234,,-0.16798794,0.59498274,-0.09040806,,,,,,-0.7364284,0.0052936715,0.25752404,-0.2238008,-0.08879383,-0.741052,0.62593246
,,3.8620067,-1.358949,8.85671,1694858002485,,0.15515977,-0.4269948,-0.008552114,,,,,,-0.44142368,0.15932636,0.29543298,-0.22156115,-0.090362124,-0.73814213,0.6300681
,,3.8246574,-1.4334882,8.790391,1694858002735,,0.10445796,0.24190263,-0.06719518,,,,,,-0.43749064,0.073780894,0.18644299,-0.21911672,-0.09196936,-0.7323892,0.63744074
,,3.9906554,-1.5976506,9.020554,1694858002985,,-0.3463606,-0.30176744,0.124005646,,,,,,-0.19944152,-0.09624948,0.40054306,-0.21569869,-0.09176433,-0.72875243,0.6429455
52.498271666666675,13.406388333333332,4.184666,-1.429578,9.189026,1694858003000,1.7,-0.065973446,-0.16615535,0.47036624,,,,,,-0.022152456,0.10070191,0.57676506,-0.21226129,-0.09718838,-0.69527,0.67699975
,,3.9562585,-1.4690822,8.755595,1694858003238,,0.06352998,-1.5253305,-0.2846632,,,,,,-0.21475881,0.081438206,0.1949092,-0.21589035,-0.09051999,-0.7243012,0.6478139
,,4.119224,-1.5695589,9.053914,1694858003489,,-0.16371189,0.18325958,0.44532076,,,,,,-0.047932878,-0.00457503,0.49623886,-0.21547756,-0.09373439,-0.7118469,0.66044986
,,4.052586,-1.5314113,9.169633,1694858003991,,0.089186326,-0.30115658,0.31398472,,,,,,-0.11557487,-0.03586792,0.48447752,-0.20853917,-0.103324085,-0.67436314,0.6974561
,,3.9845097,-1.6967708,9.162851,1694858004243,,0.06780604,-0.06352998,0.2003638,,,,,,-0.21662992,-0.2161309,0.4715476,-0.20526616,-0.10940549,-0.6538574,0.71697056
,,3.490666,-1.795013,9.106506,1694858004493,,-0.226631,0.88331115,0.062308256,,,,,,-0.66569304,-0.23744355,0.3597862,-0.20218697,-0.11182079,-0.63928336,0.7318499
,,3.5485263,-1.9373081,8.982406,1694858004744,,-0.2950479,0.48258355,0.46486846,,,,,,-0.49411222,-0.35662755,0.17554636,-0.20123023,-0.109491095,-0.639698,0.73194385
,,3.551,-1.9189526,8.751765,1694858004994,,0.05009095,-1.0598512,-0.28038713,,,,,,-0.39855888,-0.31256208,-0.0876777,-0.19918895,-0.10156035,-0.65211177,0.7206715
,,3.5944948,-1.9443309,8.92311,1694858005263,,0.1020145,-0.60048056,-0.36102137,,,,,,-0.1820662,-0.29992956,0.08664057,-0.19856906,-0.08874141,-0.6790912,0.69366443
,,3.6819623,-1.884875,8.840909,1694858005513,,0.15210545,0.52595496,0.073303826,,,,,,0.05173501,-0.23060437,-0.020684225,-0.19933571,-0.0755652,-0.71350473,0.65708584
,,3.7480426,-1.861412,8.814572,1694858005764,,0.15149458,-0.44165558,-0.12034045,,,,,,0.176285,-0.20528704,-0.0706059,-0.19988091,-0.062063143,-0.74920946,0.6197367
52.49824333333333,13.406468333333331,4.2778,-1.1927912,8.763894,1694858006000,1.7,0.27000242,0.02076942,0.002443461,,,,,,0.5785094,0.33615068,-3.6857923E-4,-0.20323822,-0.05854365,-0.7788299,0.5862172
,,4.0748506,-1.6700356,8.789752,1694858006013,,0.028710667,0.23151793,0.081855945,,,,,,0.68865526,-0.06709204,-0.058145985,-0.20097995,-0.05182636,-0.7774086,0.5890376
,,4.4253626,-1.4338076,9.072508,1694858006264,,0.10934488,-0.3622431,-0.17898351,,,,,,0.9717199,0.14529282,0.24582997,-0.20075244,-0.048330322,-0.7914046,0.5731937
,,4.460158,-1.2723585,8.919679,1694858006514,,0.24862215,-0.9560041,-0.06169739,,,,,,0.9220182,0.30969247,0.18940523,-0.20284037,-0.050992128,-0.7930208,0.57035434
,,4.1659107,-1.3351663,9.012892,1694858007019,,0.01282817,-0.15210545,-0.3915646,,,,,,0.44234315,0.16396004,0.22026174,-0.20012426,-0.06633119,-0.7540111,0.6158154
,,4.2204185,-1.1733984,8.914731,1694858007269,,0.12339478,-0.11484267,-0.21197024,,,,,,0.5131179,0.31150258,0.14855574,-0.1986425,-0.075194284,-0.73153293,0.6424932
,,4.2260046,-1.1904769,8.873072,1694858007521,,0.05681047,0.55955255,0.013439035,,,,,,0.31508976,0.26356876,0.090069056,-0.19809507,-0.08333652,-0.71304005,0.66427225
,,3.7615302,-1.3536817,8.917762,1694858007772,,-0.21197024,0.47036624,0.021991149,,,,,,-0.13488862,0.1008183,0.085279,-0.19692306,-0.08717385,-0.6984355,0.6811636
,,3.6326425,-1.5030001,9.112012,1694858008023,,-0.02565634,-0.06841691,0.10567969,,,,,,-0.3405557,-0.044884026,0.13727829,-0.19479583,-0.09079572,-0.687306,0.6934008
,,4.025451,-1.586478,9.113768,1694858008281,,0.15515977,-0.014660766,0.013439035,,,,,,-0.024307268,-0.115820505,0.079784,-0.19530752,-0.0945621,-0.6802441,0.69964623
,,3.9815571,-1.6276581,9.0832815,1694858008532,,-0.38056904,0.7171558,0.7996226,,,,,,-0.15247807,-0.15122679,0.08333605,-0.19608231,-0.09821789,-0.67342514,0.7050068
,,3.7616904,-1.6801711,9.259096,1694858008782,,0.39950588,-1.2253957,-0.9737192,,,,,,-0.36137104,-0.21269868,0.25297737,-0.19427174,-0.10005069,-0.6659975,0.71199006
52.49823,13.406603333333331,3.6136482,-1.6666037,9.00986,1694858009000,1.7,0.07269296,0.40133846,-0.21197024,,,,,,-0.392966,-0.18714304,0.07868555,-0.200298,-0.08497574,-0.7053992,0.6696095
,,3.922022,-1.7006813,9.146409,1694858009032,,-0.21746802,-0.42271876,0.16187929,,,,,,-0.22787918,-0.22955294,0.15338916,-0.19593579,-0.09983926,-0.6691739,0.70806986
,,4.1624,-1.5478514,9.0884695,1694858009284,,0.20525073,0.4447099,-0.021991149,,,,,,-0.021030258,-0.10657315,0.08640118,-0.19927193,-0.09802682,-0.67915064,0.6961724
,,4.011166,-1.6456147,9.056705,1694858009535,,0.12095132,0.5235115,0.062308256,,,,,,-0.11929264,-0.18332346,0.061890826,-0.2005063,-0.09200512,-0.6912097,0.68339276
,,3.9713423,-1.4986106,8.892146,1694858010040,,0.13622294,-0.004276057,-0.09101892,,,,,,-0.036173027,0.011554988,-0.018224796,-0.20232573,-0.078159824,-0.7248038,0.65066034
,,3.987064,-1.5458561,8.885043,1694858010291,,0.13500121,0.57787853,-0.052534413,,,,,,-0.0020625354,-0.01873275,-0.030538924,-0.20424508,-0.07261271,-0.74051476,0.6354363
,,3.6728647,-1.5120182,9.025104,1694858010542,,-0.5534439,0.8344419,0.6579019,,,,,,-0.25937855,0.0036094347,0.08210573,-0.20172718,-0.070516095,-0.74267876,0.6342209
,,3.4395895,-1.6993247,8.85296,1694858010793,,0.02076942,-0.73853606,0.13316862,,,,,,-0.45086512,-0.1567016,-0.084546186,-0.19854426,-0.07070532,-0.7377051,0.64099383
,,3.5569851,-1.5340449,8.797732,1694858011043,,-0.026267206,0.02443461,0.08552113,,,,,,-0.19502646,-0.04025942,-0.12274798,-0.19590287,-0.07067405,-0.73380923,0.6463615
,,3.7495587,-1.5361198,8.983922,1694858011296,,-0.15454891,-0.41538838,-0.13316862,,,,,,-0.008528383,-0.10367053,0.051198658,-0.19429485,-0.07030976,-0.7328674,0.6479776
,,3.6026351,-1.5593436,8.9273405,1694858011547,,0.053145275,0.17898351,0.004276057,,,,,,-0.13565621,-0.15459631,-0.06688191,-0.19553666,-0.07080117,-0.735475,0.6443525
,,3.436238,-1.5847222,8.955831,1694858011798,,0.12583824,-0.1337795,-0.05009095,,,,,,-0.26698253,-0.15821002,0.024032418,-0.19663334,-0.07116665,-0.73733634,0.641862
52.49825666666667,13.406808333333334,3.815161,-1.5320497,9.196208,1694858012000,1.8,-0.3659083,-1.2412782,-0.019547688,,,,,,0.01518027,-0.121265605,0.33107382,-0.20272432,-0.07667527,-0.736192,0.6406189
,,3.7355132,-1.480335,8.978334,1694858012049,,0.30604348,-0.3145956,-0.5864306,,,,,,-0.03553764,-0.05782895,0.027757455,-0.19784103,-0.07067454,-0.73914623,0.6394996
,,4.2618384,-1.3240733,9.191817,1694858012300,,0.17654006,0.44165558,0.32436943,,,,,,0.42371088,0.089908935,0.26956397,-0.20065702,-0.072551005,-0.7412607,0.6359995
,,4.104699,-1.3646151,9.172744,1694858012550,,0.2144137,0.49418998,-0.35613444,,,,,,0.27153113,-4.4507187E-4,0.30783752,-0.20243889,-0.07542517,-0.7392219,0.6374112
,,4.2746882,-1.462458,9.3318,1694858013053,,0.37507126,2.4147503,0.017715093,,,,,,0.4555149,-0.04204734,0.5100608,-0.20208926,-0.078160286,-0.7298016,0.6480991
,,4.7355723,-1.3047599,9.363483,1694858013315,,-0.17348573,-0.7837401,0.48502702,,,,,,0.8938454,0.121505104,0.48522213,-0.20001316,-0.0775943,-0.72844756,0.65031326
,,4.4167433,-1.4767437,9.228131,1694858013567,,-0.44715336,-0.27488935,-0.10323623,,,,,,0.57500863,-0.03328034,0.29638112,-0.19879833,-0.0773417,-0.7279527,0.65127885
,,4.3150697,-1.4931041,9.097406,1694858013820,,0.15027285,-0.72204274,-0.014049901,,,,,,0.57252187,-0.07895046,0.20952149,-0.19797547,-0.076158,-0.7289961,0.65048903
,,4.5592785,-1.4054763,9.234356,1694858014071,,0.115453534,0.32498032,0.030543262,,,,,,0.74842745,0.05815846,0.3153889,-0.198707,-0.07577585,-0.72976035,0.64947313
,,4.7897596,-1.1402783,9.091263,1694858014326,,0.3213151,-0.43676865,-0.6053675,,,,,,1.1271579,0.35535112,0.25734666,-0.19826287,-0.07589526,-0.7277218,0.6517549
,,4.3772388,-1.1789849,9.019596,1694858014578,,0.19181168,-1.106277,-0.24801129,,,,,,0.7107699,0.33856767,0.16297807,-0.19646594,-0.07511544,-0.72571015,0.6545692
,,4.2035794,-1.1885613,9.200517,1694858014840,,-0.0036651916,-0.13133603,-0.05681047,,,,,,0.554088,0.294797,0.3250969,-0.19565621,-0.07544513,-0.7221789,0.65865886
52.49829166666667,13.407018333333333,3.1179688,-1.7994022,8.940588,1694858015000,1.9,-0.40500367,0.6059783,-0.10323623,,,,,,-0.538832,-0.28269526,-0.14691138,-0.19228475,-0.070472315,-0.7243536,0.6579762
,,3.939659,-1.3287022,9.109457,1694858015090,,-0.24617869,-0.73914695,-0.24373524,,,,,,0.39057904,0.14941648,0.29427415,-0.19455501,-0.07490348,-0.7204933,0.6609392
,,3.6055877,-1.4287,8.933166,1694858015342,,0.13683382,-0.6407976,0.14294247,,,,,,0.015890518,0.08911419,0.049388204,-0.1930051,-0.07436731,-0.7174857,0.6649239
,,3.5674405,-1.4537596,8.990628,1694858015593,,-0.29810223,0.8576548,0.28710666,,,,,,0.029698491,0.07729365,0.048902035,-0.19203778,-0.07220673,-0.7197164,0.66296166
,,3.088201,-1.7496027,8.760224,1694858016103,,0.042760566,0.05497787,0.3145956,,,,,,-0.43148363,-0.23214652,-0.2745643,-0.19385289,-0.06905567,-0.7293869,0.65209454
,,2.7162216,-1.8191143,8.454084,1694858016354,,0.10751228,0.39828414,-0.19242255,,,,,,-0.81640553,-0.27479345,-0.5347596,-0.19567277,-0.067359224,-0.73330826,0.6474302
,,3.4494855,-1.6654866,8.883207,1694858016604,,0.05009095,0.5296202,-0.63713247,,,,,,-0.07290118,-0.08853018,-0.14479567,-0.19640453,-0.06518518,-0.7347196,0.6458323
,,3.5863545,-1.4554353,9.029731,1694858016861,,-0.11362094,-0.22235495,0.20525073,,,,,,0.042554896,0.11735495,0.01055727,-0.19766039,-0.064729415,-0.73888355,0.640688
,,3.8911362,-1.3245523,8.844661,1694858017113,,0.5369505,0.26328292,0.172264,,,,,,0.28094512,0.23736458,-0.109904975,-0.19946428,-0.06689501,-0.7378857,0.64101607
,,4.142767,-1.2121842,8.991184,1694858017363,,0.4709771,-0.10873401,-0.20586158,,,,,,0.4554491,0.3744813,0.09788585,-0.20138966,-0.068422064,-0.7363993,0.6419522
,,3.9725392,-1.5048354,9.12901,1694858017613,,-0.0061086523,0.096516706,0.18509217,,,,,,0.28715435,0.10558896,0.1410381,-0.20047341,-0.069965,-0.7326168,0.64628917
,,4.19967,-1.544739,9.22877,1694858017864,,-0.089186326,0.19120082,0.052534413,,,,,,0.6302858,0.06969762,0.22987144,-0.19956504,-0.07149966,-0.72907585,0.6502982
52.49829833333333,13.407213333333335,4.0654345,-1.912728,9.084081,1694858018000,2.0,-0.06658431,-0.34269542,-0.15088372,,,,,,0.58805096,-0.2532079,0.13173674,-0.1944235,-0.069920994,-0.72320056,0.65881336
,,3.9856284,-1.5385143,8.884404,1694858018115,,0.344528,0.58459806,-0.23640485,,,,,,0.47673187,0.09104768,-0.01795834,-0.20007263,-0.07340765,-0.7278684,0.6513228
,,3.9995143,-1.8216685,9.007865,1694858018384,,-0.099571034,-1.0103711,0.4373795,,,,,,0.4994726,-0.122362405,0.10342598,-0.1980656,-0.07304718,-0.7236429,0.6568396
,,3.9414144,-1.975137,9.137551,1694858018636,,-0.089186326,0.35918877,0.15210545,,,,,,0.43600872,-0.28148812,0.18198803,-0.19628896,-0.07115987,-0.7236912,0.6575507
,,4.059689,-1.7002825,9.132922,1694858019139,,-0.07880162,0.54000485,-0.08674286,,,,,,0.4998892,-0.05169649,0.22904848,-0.1940934,-0.06688852,-0.7280167,0.65381074
,,4.1860223,-1.7047516,8.943861,1694858019393,,-0.029932396,0.55955255,6.1086525E-4,,,,,,0.5078021,-0.05315009,0.016827805,-0.1955766,-0.064641446,-0.7330105,0.64799184
,,4.166709,-1.7227077,9.12518,1694858019643,,-0.021380283,-0.084910266,0.06963864,,,,,,0.36489952,-0.082860865,0.13938369,-0.1961948,-0.06298193,-0.737393,0.6429084
,,4.27796,-1.6452156,9.1551075,1694858019893,,0.15271631,0.05375614,-0.7281514,,,,,,0.33975723,-0.16436811,0.1451215,-0.1985896,-0.060711373,-0.743765,0.63490605
,,3.919787,-1.7171216,9.197086,1694858020145,,-1.1337659,-0.75625116,-0.13439035,,,,,,0.17250691,-0.31168202,0.2953815,-0.1972951,-0.05823799,-0.7474677,0.63109857
,,3.7731018,-1.624785,9.04729,1694858020401,,-0.10629055,-2.2687535,-0.7831292,,,,,,0.15378413,-0.19918428,0.10832165,-0.19429563,-0.05407185,-0.749542,0.6298854
,,3.700957,-1.6927801,9.000284,1694858020652,,0.30665436,0.2864958,-0.5204572,,,,,,0.15158561,-0.2781108,0.0327037,-0.19175997,-0.052095965,-0.74758124,0.6330359
,,4.05897,-1.7363551,9.196289,1694858020905,,0.59559363,-1.6975945,-0.13133603,,,,,,0.5977719,-0.31479606,0.1800037,-0.19166555,-0.05319234,-0.74527836,0.63559735
52.498308333333334,13.40743,3.7365518,-1.662374,9.026778,1694858021000,2.2,0.06047566,0.30604348,0.14966199,,,,,,0.04807551,-0.054924484,0.028320663,-0.19716567,-0.06733991,-0.72149444,0.6598516
,,3.6624103,-1.7227082,9.084161,1694858021157,,-0.35063666,0.84238315,0.8564331,,,,,,0.12626944,-0.3431015,0.12209646,-0.1922355,-0.05628305,-0.74024427,0.64084285
,,3.2458193,-1.5995662,8.951362,1694858021413,,0.30482176,-0.3371976,-0.01038471,,,,,,-0.092456825,-0.090264745,0.08770641,-0.19158909,-0.059486274,-0.7322501,0.64995205
,,3.1867628,-1.7525557,8.787357,1694858021665,,-0.3475823,0.5198463,0.3323107,,,,,,-0.36494496,-0.14497092,-0.23016626,-0.19304885,-0.06285377,-0.72457826,0.657921
,,4.2612004,-1.5358804,9.200597,1694858022167,,-0.5009095,-1.0451905,0.070249505,,,,,,0.49962148,0.07128598,0.2294889,-0.19994035,-0.070498094,-0.7190161,0.66152173
,,3.7692714,-1.5469733,9.133879,1694858022417,,-0.45081854,-1.5601498,-0.2669481,,,,,,0.04188485,0.050493114,0.2854281,-0.20010528,-0.07142993,-0.7196971,0.66055876
,,4.1061354,-1.5587848,9.116242,1694858022668,,-0.15088372,-0.19486602,0.50762904,,,,,,0.40001068,0.07334897,0.22547148,-0.20015427,-0.07164446,-0.7198465,0.6604105
,,4.2430034,-1.5465744,9.132684,1694858022919,,0.087964594,-0.2180789,0.42332962,,,,,,0.4785136,0.04763762,0.16467936,-0.19937168,-0.07220764,-0.7205687,0.6598283
,,4.569892,-1.4466565,9.013612,1694858023186,,-0.0067195175,0.41905355,0.28710666,,,,,,0.8885909,0.13870491,0.09291536,-0.1983835,-0.072911516,-0.72036725,0.6602487
,,4.1591277,-1.5701973,9.025182,1694858023437,,-0.46120325,-0.12217305,0.2406809,,,,,,0.5310182,0.0017307004,0.109684706,-0.1943419,-0.070875995,-0.7202501,0.66169196
,,3.8008754,-1.6444975,8.720241,1694858023691,,-0.093462385,1.6811012,0.36163223,,,,,,0.24414857,-0.10113179,-0.21109565,-0.192664,-0.069873765,-0.7214781,0.660894
,,4.372211,-1.382731,8.853838,1694858023944,,0.19975294,2.5692992,0.1600467,,,,,,0.6622266,0.13784689,-0.22364219,-0.19210456,-0.0699703,-0.7234516,0.6587716
52.49833333333333,13.407736666666665,4.433583,-1.3487338,9.209935,1694858024000,2.4,0.018936822,0.027488936,-0.49113566,,,,,,0.9035853,0.13114627,0.13843104,-0.19061165,-0.06367084,-0.73982614,0.6416659
,,4.4311886,-1.3765064,8.935879,1694858024199,,-0.09773844,0.462425,0.08002335,,,,,,0.8279907,0.12213396,-0.13188384,-0.19015905,-0.06856249,-0.72512203,0.6576332
,,4.4494643,-1.4098655,9.015128,1694858024451,,0.15027285,0.4605924,0.31398472,,,,,,0.89662385,0.10538613,-0.070611015,-0.18902811,-0.06516804,-0.72868377,0.6543596
,,4.5094786,-1.3825717,9.283278,1694858024701,,0.017104227,0.11728613,-0.34208453,,,,,,0.98139447,0.12086306,0.21297756,-0.18819182,-0.06278741,-0.73339015,0.6497387
,,4.4073257,-1.2303802,9.262128,1694858025204,,0.02076942,-0.15943582,-0.13255776,,,,,,0.8200529,0.2879476,0.18122877,-0.19270982,-0.064950235,-0.74461204,0.6354163
,,3.8915355,-1.4050772,9.177214,1694858025454,,0.047647487,-0.07880162,0.02565634,,,,,,0.38928017,0.111727506,0.11838596,-0.19305784,-0.06319598,-0.7458086,0.6341063
,,3.673264,-1.3381191,9.018956,1694858025705,,0.081855945,0.20525073,0.040317107,,,,,,0.22817264,0.22395359,-0.025008218,-0.19448991,-0.06289061,-0.74816597,0.63096887
,,3.6944926,-1.3904724,8.98847,1694858025957,,0.03604105,-0.22052236,0.052534413,,,,,,0.2070628,0.12137786,-0.054394405,-0.19701841,-0.06506657,-0.7500003,0.6277658
,,3.4311304,-1.3520855,8.942662,1694858026215,,0.012217305,-0.015271631,0.105068825,,,,,,-0.031608485,0.17394584,-0.06415952,-0.20016195,-0.0675441,-0.7518037,0.624442
,,3.5823648,-1.3852051,8.9648485,1694858026464,,0.01160644,0.08979719,0.0580322,,,,,,0.056443095,0.10048132,-0.0011672656,-0.20128796,-0.06937652,-0.74895126,0.6272824
,,3.29937,-1.5597426,8.916006,1694858026718,,-0.23273966,0.35979962,0.025045475,,,,,,-0.23582992,-0.051611673,-1.3505618E-4,-0.20078655,-0.070339225,-0.7471824,0.6294386
,,3.7110927,-1.4978127,8.921594,1694858026969,,0.23823744,0.3408628,-0.38240165,,,,,,0.07621345,0.003924624,0.054913647,-0.20090815,-0.07298943,-0.74239707,0.63463724
52.49833666666667,13.408075,3.6743815,-1.6977283,9.032445,1694858027000,2.1,-0.31764993,0.37995818,0.081855945,,,,,,-0.07615144,-0.2229715,0.08195149,-0.19003923,-0.082394704,-0.69964314,0.68247473
,,3.6247413,-1.6495253,9.090224,1694858027220,,-0.3109304,0.105068825,0.48991394,,,,,,-0.086141996,-0.19683361,0.19653797,-0.19926137,-0.07521124,-0.7338118,0.6442821
,,3.5360763,-1.7403454,9.12518,1694858027472,,-0.029932396,0.09468412,0.17837265,,,,,,-0.16572085,-0.2704508,0.23856945,-0.1956372,-0.07849767,-0.7211049,0.65857846
,,3.7438927,-1.6789738,9.070673,1694858027724,,0.055588737,-0.12950343,-0.058643065,,,,,,0.034599163,-0.23760252,0.21758218,-0.19247265,-0.08083959,-0.70932525,0.6717271
,,4.1063757,-1.6555105,9.282959,1694858028226,,0.07696902,-0.40500367,-0.06841691,,,,,,0.27409357,-0.27335387,0.30015647,-0.18700205,-0.08340179,-0.689145,0.69438833
,,3.8192306,-1.7776151,9.137471,1694858028477,,-0.29871312,0.050701816,0.42455134,,,,,,-0.07341003,-0.4591853,0.18282178,-0.18419702,-0.08470129,-0.6818846,0.7025883
,,3.9132428,-1.8764157,8.800607,1694858028728,,-0.06963864,0.29565877,0.23090707,,,,,,0.033817288,-0.56267226,-0.16017658,-0.18327168,-0.084912166,-0.6799624,0.7047406
,,3.7529106,-1.9685129,8.761901,1694858028979,,-0.11178834,0.19914207,0.2284636,,,,,,-0.069078065,-0.6544493,-0.22168392,-0.1815358,-0.08171019,-0.68430895,0.70128363
,,3.72841,-1.9566218,9.031967,1694858029231,,0.24923302,-0.18692477,-0.35063666,,,,,,-0.08988396,-0.63977855,-0.030938815,-0.18025215,-0.07674932,-0.6939152,0.69223773
,,3.7861102,-1.8471266,8.798133,1694858029484,,0.06780604,0.26939157,-0.3494149,,,,,,0.021010892,-0.53953385,-0.23503868,-0.18199176,-0.07520342,-0.70391107,0.6813282
,,3.9108484,-1.7451338,8.850885,1694858029736,,0.24923302,-0.25289822,-0.21013765,,,,,,0.03527712,-0.5183677,-0.22036195,-0.18439136,-0.07338289,-0.71552753,0.6683772
,,3.856101,-1.7348386,8.959822,1694858029987,,-0.3286455,0.084910266,-0.09162979,,,,,,0.17543325,-0.4418358,-0.120950654,-0.18549845,-0.07066819,-0.7256976,0.65758365
52.49834166666666,13.408376666666667,4.7032495,-1.4833673,9.3169565,1694858030000,1.8,0.0067195175,-0.5467244,-0.40744713,,,,,,0.6469514,-0.360398,0.3543316,-0.19167969,-0.061650775,-0.75336486,0.6257156
,,4.163118,-1.5179238,9.076658,1694858030237,,-0.16493362,-0.5222898,0.028099801,,,,,,0.37059078,-0.310054,-0.04588763,-0.18681318,-0.067944676,-0.73553604,0.6469959
,,4.5488234,-1.4383566,9.138827,1694858030487,,-0.2125811,0.91996306,0.50823987,,,,,,0.582867,-0.2597849,0.0018240452,-0.19053617,-0.06666939,-0.7444376,0.63615793
,,4.734055,-1.338678,9.067001,1694858030738,,0.05375614,-0.6206391,0.47708577,,,,,,0.64069366,-0.19879405,0.013643265,-0.19306524,-0.065747485,-0.74912816,0.6300139
,,4.594233,-1.4234327,9.119754,1694858031241,,-0.095294975,-0.047036625,-0.31031954,,,,,,0.7561601,-0.180653,0.1870043,-0.1911929,-0.058204427,-0.7574915,0.62105787
,,4.578591,-1.45344,9.05886,1694858031493,,-0.02565634,-0.058643065,0.11484267,,,,,,0.6782066,-0.2033973,0.093669064,-0.1915308,-0.054602444,-0.76464695,0.6123434
,,3.8505943,-1.6361974,9.038111,1694858031745,,-0.25778514,0.49602258,0.028710667,,,,,,0.08376142,-0.2150918,0.11098563,-0.191179,-0.05087987,-0.77244663,0.60294825
,,3.7050264,-1.4632564,8.923827,1694858031997,,0.050701816,0.029932396,-0.09896017,,,,,,0.18495576,0.06474908,0.053489573,-0.19104856,-0.046314355,-0.7821783,0.5902855
,,3.479653,-1.5519215,8.807071,1694858032249,,0.16554448,-0.1282817,0.37018433,,,,,,0.0974732,0.044896938,-0.1354062,-0.19329605,-0.043663003,-0.79281956,0.5749271
,,3.758019,-1.3851254,8.9169655,1694858032501,,-0.24190263,1.2315043,0.6792821,,,,,,0.35528767,0.25164676,-0.074081704,-0.196882,-0.043382175,-0.8006131,0.5630175
,,3.6492422,-1.4702792,9.020794,1694858032761,,-0.17592919,0.74464476,0.25045475,,,,,,0.22576822,0.15077287,0.035329785,-0.19655403,-0.04681041,-0.7934533,0.5712725
52.498338333333336,13.408571666666667,3.925852,-1.3737931,9.264044,1694858033000,1.8,-0.004276057,1.278541,0.02443461,,,,,,0.91834235,0.13762392,0.21001084,-0.17369337,-0.07732962,-0.6630163,0.7219883
,,3.7981615,-1.4547969,9.062693,1694858033012,,-0.21074851,-0.37934732,0.43676865,,,,,,0.36495546,0.15251008,0.07873008,-0.19471325,-0.052764688,-0.7756461,0.59133136
,,4.113398,-1.4316528,9.111374,1694858033264,,-0.39522982,0.66950834,0.4269948,,,,,,0.7898896,0.13111523,0.08635869,-0.19146536,-0.059129655,-0.7506727,0.61863965
,,4.010288,-1.513774,9.321267,1694858033514,,0.45937067,0.38606682,-0.58276546,,,,,,0.77506775,-0.006987548,0.2409585,-0.1852273,-0.06509338,-0.7210968,0.652909
,,4.0509095,-1.3281438,9.350794,1694858033770,,0.41050145,0.4728097,-0.46731192,,,,,,0.9745716,0.17366844,0.3224095,-0.1788733,-0.07189643,-0.6900793,0.6898375
,,4.3974304,-1.2378021,9.310411,1694858034281,,0.37934732,-0.24740042,0.17654006,,,,,,1.3823489,0.25665647,0.25036943,-0.17203934,-0.078184225,-0.6527771,0.73304147
,,4.26112,-1.1662155,9.512483,1694858034531,,-0.44715336,0.7641924,0.539394,,,,,,1.2604444,0.34666055,0.45049483,-0.17231537,-0.07673552,-0.65384394,0.7321257
,,4.561034,-1.1279085,9.478484,1694858034783,,0.4129449,1.382999,-0.05131268,,,,,,1.4150451,0.36236048,0.47039416,-0.17627937,-0.07566104,-0.6645795,0.7210302
,,4.3363786,-1.268847,9.128373,1694858035034,,-0.103847094,-0.8026769,-0.08368854,,,,,,1.0061759,0.25283164,0.14925192,-0.18181024,-0.07534242,-0.676142,0.70887005
,,4.483941,-1.3692437,9.365799,1694858035285,,0.35002577,0.50762904,-0.08674286,,,,,,1.0742263,0.123915784,0.42405102,-0.18442877,-0.07321516,-0.68688685,0.69836795
,,4.38099,-1.3845668,9.440337,1694858035537,,-0.57543504,0.5290093,0.5369505,,,,,,0.82217574,0.06961068,0.44107205,-0.18566863,-0.07300465,-0.6938141,0.6915518
,,3.843412,-1.466608,9.131006,1694858035790,,0.22785273,0.9822713,0.059864793,,,,,,0.31132463,0.013640813,0.20732555,-0.1871309,-0.07428527,-0.69386023,0.6909807
52.49835500000001,13.408774999999999,2.8521323,-1.8450515,8.450095,1694858036000,1.8,0.050701816,-2.0286834,-0.37384954,,,,,,-0.60400325,-0.17555816,-0.51376796,-0.17791739,-0.08498455,-0.63880104,0.74291384
,,3.6581008,-1.562217,8.983443,1694858036042,,0.23457226,-1.1691961,-0.33475417,,,,,,0.15595786,-0.08501692,0.048122533,-0.18536352,-0.07451721,-0.6888157,0.6961156
,,3.4376752,-1.5386736,9.055668,1694858036306,,-0.29626966,-0.6817256,0.096516706,,,,,,-0.045206707,0.0059479834,0.04075098,-0.18124565,-0.074462794,-0.678586,0.70693314
,,3.4667246,-1.5661272,9.001639,1694858036557,,0.4728097,-0.5381723,-0.63224554,,,,,,0.038823683,0.039013244,0.03906778,-0.1791041,-0.07710194,-0.6675028,0.7176725
,,2.9680924,-1.8381882,8.422642,1694858036819,,0.204029,-0.41599923,-0.20341812,,,,,,-0.59555745,-0.21878451,-0.61719704,-0.17807733,-0.08171863,-0.6533011,0.73038584
,,2.9076781,-1.8442534,8.517851,1694858037330,,0.26939157,-0.89369583,-0.25778514,,,,,,-0.61003894,-0.18945074,-0.42732778,-0.17772847,-0.09019604,-0.62826973,0.75142133
,,3.068169,-1.7086618,8.597259,1694858037584,,-0.20219639,-0.6805039,0.18020524,,,,,,-0.49471536,-0.06089217,-0.3320632,-0.17866784,-0.09303642,-0.62466896,0.75399494
,,3.1456618,-1.8040309,8.537245,1694858037836,,-0.09773844,0.784351,-0.009162978,,,,,,-0.3487704,-0.19159482,-0.3499209,-0.17871255,-0.090751626,-0.63096076,0.7483747
,,3.31996,-1.6975689,8.611465,1694858038088,,0.04642576,-1.0775663,-0.17104226,,,,,,-0.050264113,-0.116912015,-0.34165892,-0.17618884,-0.08277905,-0.6473327,0.73357606
,,4.0445256,-1.4725139,9.244015,1694858038341,,0.35796702,0.12889257,-0.26511553,,,,,,0.7932737,0.09510741,0.24241449,-0.17355818,-0.07304201,-0.6730181,0.7091782
,,4.178601,-1.5113,9.110815,1694858038592,,-0.4361578,1.5357152,0.35185838,,,,,,0.9931032,0.02882524,0.07991376,-0.17289585,-0.06396609,-0.702622,0.6800813
,,4.229198,-1.5568694,9.313205,1694858038843,,0.4025602,0.3042109,-0.20341812,,,,,,1.0960921,-0.016931696,0.14423649,-0.17326131,-0.05241522,-0.7336206,0.6488348
52.49839,13.408995,3.9214633,-1.7712305,9.418869,1694858039000,1.7,-0.54183745,0.1563815,0.17470746,,,,,,0.40941486,-0.41067094,0.18205476,-0.18868075,-0.042065687,-0.80275375,0.56265014
,,3.9790838,-1.7134501,9.242657,1694858039096,,-0.1423316,0.61453044,-0.14477506,,,,,,0.96264267,-0.13657583,0.08522216,-0.17525043,-0.044228196,-0.7615723,0.61864054
,,4.3255243,-1.6088235,9.500432,1694858039351,,-0.025045475,-0.059864793,0.23579398,,,,,,1.2927366,-0.118487984,0.3293888,-0.1780899,-0.040568482,-0.7820511,0.59423274
,,4.3493867,-1.587595,9.637621,1694858039600,,-0.017715093,-0.16249016,-0.115453534,,,,,,1.1644572,-0.1726904,0.46348593,-0.18167534,-0.03965943,-0.79649293,0.57431614
,,4.096,-1.6549518,9.372582,1694858039864,,-0.26145032,0.17531833,-0.004276057,,,,,,0.7294081,-0.2581104,0.12777562,-0.18666282,-0.039757732,-0.80506784,0.56083655
,,3.856341,-1.9573398,9.247127,1694858040366,,-0.20097467,-0.7812967,0.6939429,,,,,,0.18375549,-0.62644124,0.0031205972,-0.18667608,-0.049029607,-0.78053594,0.5871252
,,4.135185,-1.8174385,9.285433,1694858040617,,0.12156218,0.096516706,-0.5345071,,,,,,0.4332348,-0.5755364,-0.11668696,-0.18176417,-0.05785428,-0.7432607,0.6252041
,,3.8886626,-1.7649257,9.078254,1694858040875,,-0.19181168,0.50579643,-0.3848451,,,,,,0.23796023,-0.47611633,-0.26476526,-0.17719975,-0.067874804,-0.7059141,0.66355
,,4.084827,-1.7260598,9.145612,1694858041126,,-0.11728613,-0.47586402,0.015271631,,,,,,0.35871354,-0.4732017,-0.1252231,-0.17480303,-0.080730416,-0.6677725,0.7039753
,,4.125289,-1.761893,9.122626,1694858041380,,0.32070425,-0.63041294,0.376293,,,,,,0.42135626,-0.49210176,-0.018228102,-0.17280713,-0.093713365,-0.63008446,0.7440414
,,4.4484267,-1.78791,9.03835,1694858041630,,0.28771752,0.5503896,0.12705997,,,,,,0.75618404,-0.48867843,-0.05803372,-0.17216484,-0.10473542,-0.60119396,0.77180797
,,4.1764455,-1.8120117,9.193574,1694858041881,,0.2003638,0.6731735,-0.16554448,,,,,,0.5906351,-0.50178355,0.16868038,-0.17166686,-0.11079109,-0.58835113,0.7819916
52.498406666666675,13.409186666666669,3.458584,-1.8115329,8.908426,1694858042000,1.7,0.25900686,-1.0873401,-0.040317107,,,,,,-0.08865909,-0.47456303,-0.091312,-0.16527615,-0.10133078,-0.6069981,0.7685843
,,4.08355,-1.8500797,9.024545,1694858042133,,0.081855945,0.44226643,-0.2773328,,,,,,0.38612634,-0.5194492,0.15056267,-0.17266734,-0.1145279,-0.5868572,0.7823885
,,4.0831513,-1.791182,9.10547,1694858042384,,0.1301143,-0.6365216,-0.37568212,,,,,,0.30679777,-0.4914507,0.2783067,-0.1724419,-0.114832036,-0.58589303,0.7831087
,,3.9318376,-1.8973252,9.060139,1694858042637,,0.13500121,-0.45570546,0.21502456,,,,,,0.17312387,-0.5562899,0.10622918,-0.17069015,-0.113045864,-0.5863388,0.7833985
,,3.5406256,-1.9708271,8.938512,1694858042887,,0.02076942,0.014660766,-0.070249505,,,,,,-0.10806417,-0.6254232,-0.017643817,-0.16740862,-0.108538374,-0.5923507,0.77985823
,,3.6523547,-1.7172011,8.725907,1694858043390,,-0.16126843,-0.8503244,0.30665436,,,,,,0.15857705,-0.3747364,-0.2948618,-0.16668329,-0.09313933,-0.63121605,0.74719507
,,3.5924194,-1.7606161,8.781932,1694858043643,,0.05681047,0.6536258,-0.002443461,,,,,,0.12487677,-0.40922996,-0.24810345,-0.17012061,-0.083775,-0.6637124,0.71689385
,,3.524983,-1.8571823,8.854316,1694858043894,,-0.02321288,-0.25961772,-0.35124752,,,,,,-0.0062964917,-0.49364236,-0.24527118,-0.17592487,-0.076029666,-0.6995729,0.68069077
,,3.631844,-1.7611747,8.939628,1694858044146,,0.07513642,-0.02321288,-0.22907446,,,,,,0.07085916,-0.4519182,-0.10255094,-0.18201046,-0.068743914,-0.7332791,0.6448979
,,3.885709,-1.5737888,8.970277,1694858044398,,0.33353242,-0.13805555,-0.100792766,,,,,,0.21623595,-0.30017763,-0.008930476,-0.18955396,-0.06330006,-0.7633394,0.6097488
,,3.7007172,-1.5821683,8.998767,1694858044650,,-0.07513642,-0.31031954,0.21380283,,,,,,-0.043114934,-0.32774955,0.046813488,-0.19416207,-0.06100303,-0.78203285,0.5869244
,,3.8446093,-1.3749104,9.152874,1694858044903,,0.12644911,-0.8032878,0.37140608,,,,,,0.056236275,-0.1456834,0.21545188,-0.19618611,-0.06089946,-0.79047364,0.5761458
52.498394999999995,13.409346666666666,3.974774,-1.4458585,9.394926,1694858045000,1.5,-0.064751714,-0.321926,-0.29138273,,,,,,0.67572224,-0.2865435,0.14421287,-0.17040159,-0.057534203,-0.7541933,0.6303802
,,4.060566,-1.329979,9.186472,1694858045153,,0.10873401,0.21746802,0.19425514,,,,,,0.3112406,-0.15864457,0.23330884,-0.19665906,-0.062312298,-0.7916545,0.57434857
,,3.9679108,-1.3477762,9.189745,1694858045405,,-0.06963864,0.1423316,-0.10751228,,,,,,0.377495,-0.16187835,0.21016529,-0.19239305,-0.06268882,-0.7856285,0.58326936
,,3.798321,-1.3536817,9.140344,1694858045655,,-0.16920967,0.5180137,-0.05681047,,,,,,0.3828363,-0.12767564,0.06688428,-0.18572383,-0.06178624,-0.77674043,0.596614
,,3.696248,-1.3987725,9.260931,1694858045913,,0.29626966,-0.12767084,-0.35246924,,,,,,0.38411912,-0.21789603,0.057392564,-0.17748411,-0.059845157,-0.7655769,0.61399937
,,3.9248946,-1.5507245,9.337386,1694858046425,,-0.12461651,-0.6560693,-0.37323865,,,,,,0.76590514,-0.37162364,0.07522168,-0.16628003,-0.05568889,-0.74445444,0.64336145
,,3.874457,-1.3883976,9.368989,1694858046677,,-0.0018325958,0.48624873,-0.0720821,,,,,,0.70754164,-0.1766114,0.10279281,-0.16480263,-0.056478452,-0.7351056,0.6545467
,,3.9928896,-1.2876017,9.200597,1694858046927,,0.19547687,-0.226631,0.096516706,,,,,,0.6451981,-0.09091185,0.003451236,-0.16743572,-0.061076246,-0.72544944,0.6639574
,,4.0511494,-1.229263,9.173862,1694858047177,,-0.02076942,-0.36102137,0.13439035,,,,,,0.58031815,-0.027023992,0.09917118,-0.17041615,-0.067274466,-0.71360683,0.6750445
,,4.172136,-1.2069969,9.115365,1694858047437,,0.004886922,0.80573124,0.08368854,,,,,,0.6948036,0.010807013,0.104232945,-0.17308275,-0.07332528,-0.702691,0.6853534
,,3.9252934,-1.1018916,9.012972,1694858047688,,0.06536258,0.02443461,-0.13622294,,,,,,0.546222,0.16031599,0.029202016,-0.17566553,-0.07484169,-0.70132846,0.6860459
,,3.883954,-1.1634222,9.062134,1694858047937,,-0.112399206,0.049480084,-0.012217305,,,,,,0.49666983,0.14139013,0.07493906,-0.17689599,-0.07487779,-0.70355,0.6832597
52.498394999999995,13.409510000000001,3.4764607,-1.4388351,9.077377,1694858048000,1.5,0.099571034,0.18509217,0.12156218,,,,,,-0.253661,-0.16643122,0.06534073,-0.18789466,-0.07942091,-0.7375661,0.6429058
,,3.8015134,-1.2789824,9.023347,1694858048187,,-0.09285152,-0.5338962,-0.07391469,,,,,,0.3383153,0.07069373,0.0245776,-0.17779276,-0.07276593,-0.70942223,0.6765802
,,3.8328776,-1.2983756,9.163089,1694858048438,,-0.11789699,0.29565877,0.47708577,,,,,,0.36980438,0.040218137,0.13363418,-0.1799549,-0.07189303,-0.71950996,0.6648178
,,3.821305,-1.3523248,9.085438,1694858048689,,-0.11911872,-0.106901415,0.23945917,,,,,,0.2824333,-0.069120996,0.062530994,-0.18332846,-0.072974764,-0.73071957,0.6518953
,,3.53033,-1.3966177,9.023826,1694858048939,,-0.06719518,-0.35613444,-0.04337143,,,,,,-0.104239024,-0.09844208,-9.5680554E-4,-0.18580474,-0.07489269,-0.7378513,0.64364713
,,3.5677595,-1.3685257,9.005232,1694858049445,,0.073303826,0.42760566,-0.33108896,,,,,,-0.27075514,-0.15961789,-0.0064416886,-0.18838735,-0.0834128,-0.7333907,0.6468967
,,3.5981658,-1.4299767,9.011296,1694858049697,,0.14844026,0.72692966,-0.24740042,,,,,,-0.08044418,-0.2679889,0.031170288,-0.18662208,-0.08632758,-0.7266801,0.6546428
,,3.8248966,-1.2844094,9.104272,1694858049948,,-0.105068825,-0.09101892,-0.3866777,,,,,,0.14290746,-0.19685681,0.14275718,-0.18444179,-0.085217334,-0.7247957,0.65767044
,,3.866157,-1.2876816,9.19996,1694858050201,,-0.059864793,0.4166101,0.17104226,,,,,,0.17252474,-0.18344173,0.24608722,-0.18598342,-0.083916254,-0.72782624,0.6537174
,,4.1354246,-1.1968615,9.103472,1694858050453,,-0.048258353,-0.10629055,-0.025045475,,,,,,0.36465257,-0.090315856,0.18570265,-0.19046302,-0.08407808,-0.73470473,0.6441029
,,4.224728,-1.2377225,9.058142,1694858050704,,-0.17287487,0.39461896,0.20463985,,,,,,0.3504123,-0.1285039,0.20065007,-0.19457078,-0.085997365,-0.73851246,0.6382834
,,4.1530623,-1.2850479,9.171869,1694858050954,,-0.03359759,-0.2669481,0.56199604,,,,,,0.15166745,-0.19987567,0.39851776,-0.19845602,-0.09083806,-0.7364035,0.63857
52.49840000000001,13.409685000000001,3.6331215,-1.4436239,9.180009,1694858051000,1.4,0.087964594,0.17287487,-0.055588737,,,,,,-0.31080857,-0.3712354,0.25973317,-0.1741125,-0.112644106,-0.63124686,0.7450604
,,4.0449243,-1.3470578,9.055988,1694858051205,,0.06414085,0.35246924,-0.108123146,,,,,,-0.117439106,-0.2797366,0.29003355,-0.19902973,-0.09820907,-0.7206777,0.651756
,,3.7742996,-1.4053168,8.907867,1694858051460,,-0.12705997,0.10873401,-0.07269296,,,,,,-0.2881814,-0.29262656,0.15170355,-0.19539885,-0.10591228,-0.6925163,0.67769223
,,3.7798064,-1.4018849,8.883846,1694858051712,,0.38973203,0.24617869,-0.116675265,,,,,,-0.20327117,-0.26511046,0.0964063,-0.18958752,-0.10900291,-0.66743594,0.70380837
,,3.8347929,-1.4995683,9.127735,1694858051963,,0.03848451,0.9584476,0.10629055,,,,,,-0.14572318,-0.39509135,0.27906692,-0.18178232,-0.11143208,-0.64733607,0.7268656
,,3.628971,-1.4988499,9.03843,1694858052472,,0.04642576,-0.15149458,0.11789699,,,,,,-0.20764084,-0.41620043,0.045125183,-0.16873915,-0.112417296,-0.62181985,0.7555098
,,3.5355978,-1.431972,9.019916,1694858052723,,0.16615535,0.6737844,-0.42394048,,,,,,-0.2709172,-0.3281779,0.009433937,-0.16761176,-0.11121846,-0.62485695,0.75356203
,,3.543259,-1.4647726,9.045612,1694858052973,,0.36957347,0.19608775,-0.07513642,,,,,,-0.35301062,-0.41010445,-0.056177713,-0.16883071,-0.1106437,-0.63519734,0.74519134
,,3.469198,-1.4395539,9.214483,1694858053233,,-0.0720821,1.1838568,0.24007004,,,,,,-0.46133882,-0.45071125,0.16344033,-0.16756923,-0.11139067,-0.63824564,0.74288726
,,3.6330414,-1.3294204,9.235633,1694858053484,,-0.18142697,0.07574729,0.19181168,,,,,,-0.20762676,-0.33127627,0.21296825,-0.16694185,-0.111397594,-0.6376159,0.74355423
,,4.0422897,-1.2591108,9.026618,1694858053735,,0.3555236,-0.41905355,-0.31031954,,,,,,0.36476612,-0.29676428,0.12736662,-0.16832823,-0.11156614,-0.64064187,0.7404983
,,4.1281624,-1.1160171,9.27833,1694858053988,,0.100792766,0.47342056,0.21563543,,,,,,0.48284668,-0.15313742,0.4081393,-0.16880204,-0.11132382,-0.646917,0.73469627
,,4.097995,-1.2263101,9.361089,1694858054238,,-0.108123146,0.38362336,-0.043982297,,,,,,0.37586063,-0.28401393,0.48915786,-0.16844779,-0.1098312,-0.65415066,0.728504
,,4.2473936,-1.1325371,9.324936,1694858054493,,-0.1282817,0.18936823,0.36163223,,,,,,0.5121854,-0.16508493,0.52623016,-0.1704431,-0.109698735,-0.660032,0.7227289
,,4.2939205,-1.0904791,9.036274,1694858054744,,0.19730948,-0.0061086523,-0.10445796,,,,,,0.49764168,-0.058306515,0.2212937,-0.17398606,-0.1117187,-0.6625545,0.7194145
,,3.9392598,-1.1746752,8.884243,1694858054995,,0.07391469,0.68661255,0.15027285,,,,,,0.10214068,-0.13463517,0.008197006,-0.17578425,-0.11437953,-0.65935165,0.72133124
52.498405000000005,13.409933333333333,3.6457305,-1.2604673,8.993499,1694858055000,1.4,0.09773844,-1.2614367,-0.12217305,,,,,,-0.2934627,-0.17629023,0.026212549,-0.17578802,-0.115664974,-0.65424085,0.725648
,,3.4595418,-1.2638193,8.883764,1694858055504,,0.095294975,0.25045475,-0.48991394,,,,,,-0.48432222,-0.19369647,-0.11428652,-0.17605048,-0.11517178,-0.6516706,0.7280381
,,3.7011964,-1.0948683,8.907148,1694858055755,,0.10629055,0.38423425,-0.20708331,,,,,,-0.14516732,-0.05593942,-0.018514682,-0.17829046,-0.11311375,-0.6571111,0.7222997
,,3.5883496,-1.2286245,8.918561,1694858056013,,-0.058643065,-0.13194689,-0.16371189,,,,,,-0.2874675,-0.18926618,-0.047948536,-0.17882575,-0.108669214,-0.6676565,0.7118111
,,3.691699,-1.1461841,9.033004,1694858056281,,0.047036625,0.13988814,0.029321533,,,,,,-0.14242901,-0.14973919,0.03751796,-0.18061335,-0.10205647,-0.68676186,0.6924904
,,3.731044,-1.1350911,8.962455,1694858056533,,0.09162979,-0.17654006,-0.034208454,,,,,,-0.121057205,-0.113472335,0.045965943,-0.18581557,-0.09611447,-0.70897985,0.669631
,,3.851632,-1.1117876,9.137949,1694858056785,,-0.14110987,0.30726522,0.18020524,,,,,,-0.06192956,-0.111773394,0.21944994,-0.19080076,-0.09185293,-0.7271834,0.650786
,,4.0224185,-1.1509726,9.110258,1694858057037,,0.35002577,-0.4465425,-0.14355333,,,,,,0.057632096,-0.15013643,0.20957758,-0.19436654,-0.08940451,-0.73704207,0.6402984
,,4.0169916,-1.1591927,9.264922,1694858057287,,0.14477506,-0.124005646,0.18142697,,,,,,0.033798862,-0.13285504,0.39520454,-0.19411422,-0.08879096,-0.73832035,0.63907635
,,4.1243315,-1.2476184,9.257979,1694858057539,,0.028710667,0.593761,-0.077579886,,,,,,0.17931801,-0.17319623,0.45327538,-0.19292586,-0.08967769,-0.7341402,0.64387304
,,3.9496346,-1.2022882,9.230128,1694858057793,,0.18692477,-0.08002335,0.042760566,,,,,,0.039741382,-0.12631199,0.42194113,-0.19004701,-0.091980524,-0.72502804,0.6546271
52.49840833333333,13.410118333333333,4.0436463,-1.1639011,9.1272545,1694858058000,1.4,0.44409904,0.017715093,-0.2302962,,,,,,0.36390507,-0.0523033,0.32237652,-0.18003435,-0.09481653,-0.7059966,0.6778869
,,3.9125245,-1.3632582,9.314162,1694858058044,,-0.13439035,-0.13683382,0.23273966,,,,,,0.12884031,-0.3091272,0.4914709,-0.18453507,-0.093513675,-0.7141048,0.66801137
,,4.1730933,-1.2368448,9.03827,1694858058544,,-0.18936823,0.7275405,0.20586158,,,,,,0.5545168,-0.15997905,0.24774171,-0.17757301,-0.09545326,-0.70292866,0.68176854
,,4.2921653,-1.2397178,9.015367,1694858058794,,-0.096516706,-0.30543262,0.1282817,,,,,,0.65433985,-0.16032901,0.15489084,-0.17699333,-0.09506115,-0.7022453,0.6827257
,,4.236221,-1.1439495,9.08009,1694858059046,,0.005497787,0.14172074,-0.4538729,,,,,,0.60462433,-0.12851776,0.13559549,-0.17675206,-0.094718434,-0.70140237,0.6837342
,,4.4117956,-1.3115438,9.213208,1694858059297,,0.095294975,0.07086037,0.106901415,,,,,,0.70108527,-0.29540354,0.2564787,-0.17732435,-0.094286494,-0.70440716,0.68046474
,,4.3976693,-1.3339694,8.949206,1694858059549,,-0.3866777,0.5540548,0.14355333,,,,,,0.5646213,-0.30197424,-0.07528663,-0.179435,-0.09398278,-0.7078483,0.6764411
,,4.5305476,-1.3540008,9.168915,1694858059803,,0.11728613,0.13622294,-0.45631635,,,,,,0.687781,-0.34121323,0.096320085,-0.18011114,-0.09106065,-0.714077,0.6700716
,,4.347072,-1.3301388,9.321265,1694858060053,,-0.14172074,-0.10995574,-0.31703907,,,,,,0.5395152,-0.23204796,0.28954273,-0.17934489,-0.08640106,-0.7200229,0.66437376
,,4.6878467,-1.1950259,9.308178,1694858060303,,0.21135938,-0.50823987,-0.226631,,,,,,0.8973265,-0.13335119,0.3228174,-0.18077005,-0.08182213,-0.73064387,0.65205985
,,4.813383,-1.1807404,9.54297,1694858060555,,0.15515977,0.051923547,-0.084910266,,,,,,1.0796279,-0.108737536,0.62316996,-0.1828428,-0.07639165,-0.74424386,0.63595676
,,4.8167353,-1.052092,9.522298,1694858060806,,-0.05009095,-1.0928379,0.57726765,,,,,,1.1654224,-0.02512494,0.6021168,-0.18501443,-0.06964212,-0.7582284,0.61859035
52.49842,13.410305000000001,4.486335,-1.1726,9.611922,1694858061000,1.5,-0.2180789,-0.56077427,-0.18020524,,,,,,0.63781893,-0.10390413,0.66211206,-0.18802193,-0.062404536,-0.7767099,0.59653026
,,4.7854505,-1.0312623,9.762516,1694858061058,,0.44409904,-1.568702,-0.61636305,,,,,,1.0355738,0.039085455,0.83357644,-0.1860103,-0.06363689,-0.77153283,0.6030826
,,4.51323,-1.2795411,9.593247,1694858061558,,0.09101892,-0.7538077,-0.20586158,,,,,,0.6250759,-0.21190092,0.5027449,-0.18904956,-0.06474576,-0.771075,0.60208243
,,4.229597,-1.3575122,9.5713005,1694858061810,,0.20830505,0.03970624,0.027488936,,,,,,0.36784676,-0.22538847,0.42756116,-0.18661284,-0.06858873,-0.75521165,0.62005144
,,4.3518605,-1.3586296,9.511605,1694858062061,,-0.06047566,0.17715092,0.016493361,,,,,,0.5150043,-0.17035024,0.32883927,-0.18359208,-0.072652735,-0.7354301,0.64264745
,,4.3560104,-1.417527,9.472738,1694858062313,,0.1001819,-1.1246029,-0.1160644,,,,,,0.564533,-0.14691094,0.28820992,-0.17970705,-0.07796349,-0.71327376,0.6689141
,,4.6680546,-1.3943032,9.596998,1694858062564,,-0.19914207,-0.29871312,0.26145032,,,,,,0.95482725,-0.19943862,0.3408096,-0.17566922,-0.08247772,-0.6936237,0.69170314
,,4.7164974,-1.4379576,9.589735,1694858062813,,0.049480084,-0.118507855,0.0421497,,,,,,1.1084828,-0.20614186,0.3751273,-0.17195418,-0.084649414,-0.6806602,0.7066454
,,4.863741,-1.3042014,9.43962,1694858063065,,0.1777618,0.06719518,0.14049901,,,,,,1.1772041,-0.106936045,0.31410363,-0.17256084,-0.08737807,-0.678196,0.7086774
,,4.7532883,-1.4823301,9.444647,1694858063316,,0.017715093,-0.118507855,-0.21563543,,,,,,0.9887468,-0.3254874,0.32561725,-0.17441572,-0.09243219,-0.6760351,0.70948374
,,4.528473,-1.4308548,9.187749,1694858063568,,0.25595254,-0.71593404,0.2302962,,,,,,0.69417554,-0.31952122,0.12217986,-0.17634074,-0.097606294,-0.6756552,0.70864844
,,4.3613577,-1.6083448,9.212967,1694858063820,,-0.09468412,0.24923302,0.1563815,,,,,,0.46421355,-0.5280485,0.16857556,-0.17727704,-0.10151977,-0.6737961,0.7096212
52.49844499999999,13.410488333333335,4.238295,-1.6044344,9.087671,1694858064000,1.5,0.118507855,0.38545597,0.0030543262,,,,,,0.31070092,-0.5231792,0.20690754,-0.18249294,-0.107809536,-0.67274225,0.70787716
,,4.187219,-1.5037185,9.103952,1694858064074,,-0.02443461,0.43799037,0.12156218,,,,,,0.34332198,-0.39564082,0.20010783,-0.17938818,-0.10497426,-0.67320985,0.70908654
,,4.142687,-1.551283,9.276095,1694858064598,,-0.047036625,0.08368854,-0.047036625,,,,,,0.26303515,-0.41995567,0.3441644,-0.18202093,-0.10827268,-0.67176664,0.708883
,,4.0165124,-1.4934232,9.145452,1694858064851,,0.007941248,0.08002335,0.03848451,,,,,,0.14824793,-0.33048972,0.21673028,-0.18209782,-0.10626597,-0.67186695,0.7091528
,,3.8740578,-1.5527195,9.202755,1694858065105,,0.017715093,-0.32070425,0.07452556,,,,,,-0.0039367597,-0.3411515,0.25052896,-0.1825652,-0.10428831,-0.6705595,0.7105523
,,3.9936879,-1.5237497,9.132443,1694858065355,,-0.08552113,0.050701816,-0.1301143,,,,,,0.07586884,-0.25737473,0.16816469,-0.18571375,-0.10120445,-0.67315656,0.70685935
,,3.9494748,-1.4866396,9.146648,1694858065608,,-0.16676621,0.5821546,0.34574974,,,,,,0.091509186,-0.16222797,0.23051181,-0.19005865,-0.09810633,-0.67596763,0.70350474
,,3.8165166,-1.3619817,9.214005,1694858065858,,0.089186326,-1.2235631,-0.35246924,,,,,,0.04979184,0.050224744,0.3717756,-0.19182613,-0.09340315,-0.6761652,0.703916
,,3.6915395,-1.4020444,9.057824,1694858066111,,-0.039095376,-0.2125811,-0.3921755,,,,,,-0.0017843326,0.10521965,0.24063303,-0.19418675,-0.087023154,-0.6774728,0.7027584
,,3.8375857,-1.362221,9.120313,1694858066362,,-0.069027774,-0.9786061,-0.38973203,,,,,,0.21194276,0.2499903,0.28689137,-0.19617955,-0.07877222,-0.68605435,0.6944529
,,3.8992772,-1.3310963,9.010578,1694858066613,,0.025045475,-1.6218473,-0.05375614,,,,,,0.31308892,0.37059987,0.23702642,-0.19886757,-0.07027004,-0.69829506,0.6821945
,,3.904704,-1.2622234,8.974346,1694858066864,,-0.1386664,-0.2864958,0.044593163,,,,,,0.38117263,0.524259,0.2578092,-0.20119473,-0.06379059,-0.70833975,0.67246515
52.49846333333333,13.410685,4.132073,-1.2722785,8.891425,1694858067000,1.4,-0.0842994,0.2724459,0.54061574,,,,,,0.47348303,0.5599312,0.10220532,-0.2059572,-0.056909062,-0.7232343,0.6560929
,,4.0563364,-1.1486583,8.912097,1694858067113,,0.22785273,-0.3933972,-0.045814894,,,,,,0.4909566,0.6858864,0.19910224,-0.2030661,-0.0587796,-0.7163854,0.66386694
,,4.135026,-1.3650938,9.024942,1694858067617,,0.1386664,-0.66828656,-0.14477506,,,,,,0.40739262,0.46976647,0.20594338,-0.20603226,-0.055454966,-0.7259168,0.6534408
,,4.057374,-1.3698822,9.045453,1694858067867,,-0.03604105,-0.13255776,-0.11056661,,,,,,0.34410807,0.454594,0.21160659,-0.20512284,-0.053910684,-0.7258522,0.6538996
,,4.0756493,-1.4022043,9.201156,1694858068117,,-0.086132,-0.5448918,0.21563543,,,,,,0.36227927,0.41517577,0.28173134,-0.20464073,-0.05276625,-0.7265378,0.6533572
,,4.064157,-1.3978946,9.266599,1694858068373,,0.18692477,-0.43860126,-0.10445796,,,,,,0.36418945,0.38687313,0.31549844,-0.20386799,-0.0522894,-0.7280005,0.6519573
,,3.865997,-1.6097016,9.344569,1694858068625,,0.048258353,0.23151793,0.38240165,,,,,,0.18207867,0.17658585,0.3155641,-0.20255353,-0.051359013,-0.7302865,0.64981276
,,3.7331994,-1.5276603,9.383914,1694858068877,,-0.035430185,0.17592919,0.05681047,,,,,,0.09031138,0.26245818,0.30027205,-0.20038871,-0.05038504,-0.7332659,0.6472178
,,3.6816444,-1.5852808,9.278011,1694858069128,,-0.1423316,-0.14049901,-0.08674286,,,,,,0.052744333,0.1215082,0.25712734,-0.19921277,-0.05416135,-0.7321703,0.64809996
,,3.6691947,-1.5480908,9.177534,1694858069380,,-0.037873644,0.02321288,-0.16982053,,,,,,-0.024398327,0.10582517,0.16747215,-0.19961812,-0.059629325,-0.7320222,0.6471349
,,3.6138084,-1.604115,9.136512,1694858069631,,-0.03359759,-0.1160644,-0.019547688,,,,,,-0.10718,-0.018307714,0.1517447,-0.20000227,-0.06375096,-0.7348972,0.6426643
,,3.55946,-1.5545552,9.085916,1694858069884,,0.051923547,0.40500367,0.226631,,,,,,-0.19606774,0.0056256354,0.09935505,-0.1999077,-0.06705652,-0.7334067,0.6438089
52.498465,13.410871666666667,3.7227442,-1.6204755,8.95663,1694858070000,1.7,-0.037873644,0.076358154,-0.17531833,,,,,,-0.10015003,-0.09327216,0.006003348,-0.19813633,-0.07540821,-0.72209436,0.65597266
,,3.6078224,-1.6322869,9.12119,1694858070135,,0.04153884,0.20219639,0.18448131,,,,,,-0.20034033,-0.09187558,0.13861161,-0.19822553,-0.071330264,-0.7282337,0.6496283
,,3.8338351,-1.663651,9.287508,1694858070637,,-0.40439278,-0.5381723,0.19364429,,,,,,-0.06088531,-0.16858806,0.29047367,-0.1989354,-0.07593979,-0.72498053,0.6528499
,,3.748043,-1.5130558,9.108741,1694858070887,,0.18570304,-0.1386664,0.6444628,,,,,,-0.20850676,-0.013671295,0.11113701,-0.20144966,-0.07606105,-0.72748125,0.6497969
,,3.7784495,-1.5758636,9.103395,1694858071140,,0.02687807,-0.09773844,0.21930063,,,,,,-0.15973759,-0.04988369,0.12203512,-0.20148817,-0.076576725,-0.7224931,0.65610194
,,3.7588966,-1.6385117,9.12167,1694858071392,,0.07696902,0.004886922,0.28099802,,,,,,-0.17259352,-0.12094169,0.13581756,-0.2007708,-0.07722165,-0.7210121,0.6582569
,,3.6865914,-1.5707561,9.11297,1694858071728,,-0.052534413,0.0018325958,-0.17531833,,,,,,-0.24777009,-0.10357005,0.15975176,-0.20091687,-0.076573625,-0.7215815,0.6578022
,,3.7605722,-1.5400302,9.11281,1694858071980,,-0.13805555,0.3408628,0.4111123,,,,,,-0.20558643,-0.10049079,0.18568406,-0.20250894,-0.07735863,-0.7243307,0.6542759
,,3.7320812,-1.3790601,8.777701,1694858072232,,0.049480084,0.014049901,0.07391469,,,,,,-0.2254758,0.09948952,-0.10046482,-0.20449795,-0.07802628,-0.7236823,0.6542963
,,3.7680743,-1.6608578,9.050003,1694858072484,,-0.035430185,0.030543262,0.10262536,,,,,,-0.10426561,-0.15665932,0.1773406,-0.2035632,-0.077867575,-0.72113734,0.6574638
,,3.821305,-1.5841634,9.13803,1694858072736,,0.27183503,0.11911872,-0.09468412,,,,,,-0.07141063,-0.08829353,0.2598983,-0.20351474,-0.076920785,-0.72166187,0.65698546
,,3.9009523,-1.6164851,9.264604,1694858072987,,-0.029932396,0.029321533,-0.10567969,,,,,,0.05731899,-0.13770062,0.3877417,-0.20239541,-0.07686484,-0.7194955,0.6596993
52.49848,13.411048333333333,4.010447,-1.5512036,9.256864,1694858073000,2.2,0.06414085,0.18081611,0.30726522,,,,,,0.2994435,-0.04567146,0.3353182,-0.19719078,-0.07926068,-0.7019816,0.6784509
,,3.9593709,-1.5320498,9.14633,1694858073237,,0.03176499,0.06291912,-0.13072516,,,,,,0.19511726,-0.015787402,0.25191033,-0.20028335,-0.079457685,-0.7080751,0.67117494
,,3.9297624,-1.5868771,9.357419,1694858073740,,0.16187929,-0.13439035,0.10323623,,,,,,0.33413061,-0.030978259,0.4029183,-0.19432876,-0.07295659,-0.7019703,0.67964184
,,3.9379828,-1.5583858,9.333715,1694858073991,,-0.017715093,-0.09773844,-0.35369098,,,,,,0.4034883,0.022332145,0.3640422,-0.19117141,-0.06935115,-0.697798,0.684756
,,3.947241,-1.5461754,9.251036,1694858074243,,-0.11056661,0.21563543,-0.21868975,,,,,,0.4014994,0.014705634,0.29354623,-0.19122896,-0.076050006,-0.68428266,0.6969216
,,4.1721363,-1.3748304,9.091422,1694858074493,,0.06047566,-0.019547688,0.26511553,,,,,,0.46096843,0.16909513,0.22131962,-0.19508086,-0.083948,-0.677122,0.7018634
,,4.1165905,-1.4093071,9.228291,1694858074743,,0.12095132,-0.45020768,-0.2443461,,,,,,0.22589438,0.09755356,0.43821368,-0.20069791,-0.08653455,-0.6856789,0.6916204
,,4.05498,-1.3676478,9.218236,1694858074995,,0.048258353,0.02443461,-0.08552113,,,,,,0.08492211,0.1031809,0.48958227,-0.20353605,-0.09080936,-0.68868506,0.6868953
,,4.1931252,-1.3583901,9.144494,1694858075246,,0.10995574,-0.13622294,0.039095376,,,,,,0.004151853,-0.0062127034,0.45858017,-0.20653579,-0.10135204,-0.6878795,0.6858979
,,4.1726146,-1.3484942,9.134598,1694858075497,,0.018325957,0.2284636,0.111177474,,,,,,-0.16439657,-0.057143252,0.49629813,-0.2102646,-0.110818595,-0.6869572,0.6850466
,,3.9868248,-1.3767456,9.176815,1694858075747,,0.0061086523,-0.10323623,0.08368854,,,,,,-0.33898818,-0.03127747,0.45804897,-0.20794016,-0.1061007,-0.6941043,0.67904276
52.498496666666675,13.41123,3.6126113,-1.6120156,9.170832,1694858076000,2.0,-0.07819075,-0.26450464,-0.076358154,,,,,,-0.16858092,-0.20744261,0.13772601,-0.18690927,-0.08988039,-0.6870882,0.6931846
,,3.6729448,-1.5122577,9.201795,1694858076000,,-0.099571034,-0.06414085,-0.24251351,,,,,,-0.42929515,-0.11479072,0.3447798,-0.2015676,-0.09706297,-0.7003759,0.6758398
,,3.7038302,-1.4782598,9.108341,1694858076252,,0.019547688,0.07941248,0.13744467,,,,,,-0.20707376,-0.07048767,0.16105948,-0.19484179,-0.09161408,-0.70058674,0.67829996
,,3.4189198,-1.6192782,9.206822,1694858076753,,-0.14905111,0.03726278,-0.27122417,,,,,,-0.14871359,-0.1327956,0.12154584,-0.18201324,-0.084808186,-0.68258846,0.69919
,,3.4616163,-1.4741099,9.047769,1694858077005,,-0.32070425,0.23518312,0.19730948,,,,,,0.061127115,0.077588186,-0.025599448,-0.1821395,-0.07637367,-0.6936787,0.68807137
,,3.6446135,-1.4356433,9.080486,1694858077256,,-0.28221974,0.48563787,0.06536258,,,,,,0.21284863,0.04931976,0.083320156,-0.18503357,-0.07371496,-0.7035043,0.67779654
,,3.7853127,-1.3574322,9.019595,1694858077507,,-0.04886922,0.23396139,-0.002443461,,,,,,0.23791157,0.13056768,0.087813504,-0.18932572,-0.07424048,-0.7084977,0.67098576
,,3.7316823,-1.371638,9.019674,1694858077759,,0.029932396,-0.13133603,-0.019547688,,,,,,0.15010054,0.14128923,0.15128231,-0.1932993,-0.074014924,-0.7135504,0.66443646
,,3.8616877,-1.2620636,8.884083,1694858078011,,0.04642576,0.16493362,-0.09101892,,,,,,0.18238504,0.24361405,0.055887777,-0.19869925,-0.074226126,-0.7278291,0.64916134
,,3.9845898,-1.1812193,8.824309,1694858078262,,0.09896017,0.037873644,0.0842994,,,,,,0.16477689,0.24289472,0.04262026,-0.20161334,-0.0798986,-0.729238,0.64689434
,,3.8532283,-1.307314,8.958306,1694858078514,,0.055588737,-0.06352998,0.049480084,,,,,,-0.111365624,0.014622529,0.14287516,-0.19827078,-0.08765542,-0.71545464,0.6615326
,,3.7513947,-1.378741,8.854716,1694858078765,,-0.08674286,-0.3744604,-0.18997909,,,,,,-0.1506125,-0.02969019,-0.013436302,-0.19441982,-0.09288924,-0.70473284,0.6735848
52.498508333333334,13.411423333333335,3.6573029,-1.7006013,9.12909,1694858079000,1.8,-0.21868975,0.4251622,0.100792766,,,,,,-0.24659823,-0.46425098,0.19082464,-0.18848442,-0.093317114,-0.70157415,0.67967826
,,3.70367,-1.4950992,8.923989,1694858079016,,-0.04886922,-0.08735373,0.021380283,,,,,,-0.16612269,-0.22973499,0.04643108,-0.19123188,-0.095750466,-0.69993246,0.6794022
,,3.8889015,-1.553757,9.023028,1694858079269,,0.052534413,-0.45570546,-0.11728613,,,,,,-0.04645942,-0.33447427,0.09737646,-0.18882447,-0.09721576,-0.6975137,0.68264645
,,3.7009575,-1.80858,9.108182,1694858079771,,-0.004276057,-0.061086524,-0.06047566,,,,,,-0.15925816,-0.52950186,0.15576111,-0.18910879,-0.08840178,-0.7075051,0.67391247
,,3.9160368,-1.7583016,9.079054,1694858080021,,0.18509217,-0.5131268,-0.034208454,,,,,,0.044394817,-0.44151893,0.14626147,-0.19269028,-0.08494348,-0.71722156,0.66347706
,,4.064716,-1.7191963,9.072588,1694858080283,,0.22602014,-0.14355333,0.016493361,,,,,,0.10982033,-0.42202246,0.19700862,-0.19742242,-0.08451998,-0.7239992,0.6551279
,,3.8440502,-1.7902242,9.116403,1694858080549,,-0.004886922,-0.017715093,0.100792766,,,,,,-0.11842441,-0.44854727,0.24432951,-0.19949628,-0.08353011,-0.72522277,0.6532647
,,3.690742,-1.738669,9.072668,1694858080801,,0.054367006,-0.12034045,-0.15760323,,,,,,-0.14274874,-0.30498394,0.18667054,-0.19920675,-0.07925398,-0.7201993,0.6589764
,,3.8437312,-1.6500837,8.966365,1694858081053,,-0.014049901,0.10140363,-0.12095132,,,,,,0.11663554,-0.11829697,0.056015827,-0.1977703,-0.0738204,-0.71614605,0.66425955
,,3.7347152,-1.6182408,8.979453,1694858081303,,-0.030543262,0.118507855,-0.20280726,,,,,,0.13147883,0.012625245,0.0041711647,-0.195583,-0.067432195,-0.7129081,0.6690102
,,3.764723,-1.646333,8.996293,1694858081554,,0.04886922,0.034208454,-0.09896017,,,,,,0.19924742,0.040026058,0.011075067,-0.19503109,-0.06544264,-0.70656496,0.67540056
,,3.7091775,-1.6576656,9.078095,1694858081803,,0.14294247,-0.03481932,0.05681047,,,,,,0.10170336,0.046924096,0.1099988,-0.19813938,-0.06349457,-0.7113807,0.6688457
52.49853499999999,13.411591666666668,3.8233006,-1.5544755,8.934922,1694858082000,1.6,0.13927728,-0.3005457,0.22174409,,,,,,-0.39631942,0.09007178,0.16434567,-0.21935667,-0.0799539,-0.7272453,0.6416847
,,3.8016737,-1.5170461,9.017202,1694858082056,,-0.02076942,0.13255776,0.29260445,,,,,,0.05416194,0.21347739,0.10524626,-0.20378147,-0.06577866,-0.7146562,0.6631286
,,3.8568995,-1.5678033,8.971712,1694858082308,,-0.10140363,0.21319197,0.44104472,,,,,,-0.17339899,0.1228759,0.11690696,-0.21281281,-0.07180329,-0.7270954,0.6452766
,,3.6723065,-1.6172832,8.991424,1694858082808,,0.10751228,-0.30543262,-0.22724187,,,,,,-0.71465737,-0.029916372,0.2816817,-0.22247908,-0.08604679,-0.72551924,0.64199555
,,3.501919,-1.6763402,8.940988,1694858083059,,-0.11056661,0.57360244,-0.17470746,,,,,,-0.84429854,-0.070086084,0.23053108,-0.22254139,-0.086727366,-0.7265033,0.6416944
,,3.4286563,-1.6498443,8.97291,1694858083309,,-0.21685717,-0.11484267,-0.20525073,,,,,,-0.78313226,-0.03518962,0.2723168,-0.21840832,-0.08632909,-0.7168134,0.6540053
,,3.6969666,-1.6555107,9.015525,1694858083563,,-0.07574729,0.28099802,0.25228736,,,,,,-0.46043473,-0.0676222,0.2812951,-0.21604347,-0.084661655,-0.7137487,0.65793586
,,3.6390269,-1.5362793,8.950324,1694858083813,,0.009773844,0.12156218,0.49296826,,,,,,-0.44610244,0.04346115,0.24183704,-0.21411173,-0.08305,-0.71226317,0.6606949
,,3.5217109,-1.5374763,9.122387,1694858084064,,-0.005497787,0.11178834,0.16065755,,,,,,-0.4972522,0.024425128,0.35837203,-0.21170048,-0.08029292,-0.7152254,0.6591818
,,3.652913,-1.4936626,9.148085,1694858084316,,-0.064751714,0.081855945,-0.20586158,,,,,,-0.23419757,0.054527268,0.36925238,-0.20890073,-0.07749224,-0.717044,0.65828705
,,3.7651215,-1.3668498,9.24082,1694858084568,,-0.095294975,-0.39461896,-0.24373524,,,,,,-0.15782166,0.104861155,0.40042225,-0.20539479,-0.07834408,-0.714714,0.6608749
,,3.8934507,-1.3496914,9.176894,1694858084821,,-0.04520403,-0.14721853,-0.09712757,,,,,,-0.13102797,0.07125601,0.30852282,-0.2045,-0.08433464,-0.7096618,0.6644298
52.498540000000006,13.411743333333334,4.062402,-1.2441868,9.2101755,1694858085000,1.6,0.13927728,-0.66156703,-0.1282817,,,,,,-0.026054343,0.019883862,0.39047816,-0.19851537,-0.10090208,-0.68431145,0.69022834
,,3.7537887,-1.3220782,9.1428175,1694858085072,,-0.005497787,0.02687807,-0.08979719,,,,,,-0.26098505,0.11764128,0.26877296,-0.20205377,-0.08893199,-0.6962184,0.6779736
,,3.8747756,-1.2627021,9.259896,1694858085334,,-0.070249505,0.2657264,0.2950479,,,,,,-0.06856502,0.07866848,0.39424688,-0.19802049,-0.093535565,-0.6889499,0.6865432
,,4.1734133,-1.1283873,9.087432,1694858085836,,0.06841691,0.22357668,0.35918877,,,,,,-0.11614716,0.10307184,0.36293834,-0.20525043,-0.112830706,-0.6796612,0.69111687
,,4.2790766,-1.247379,9.006107,1694858086087,,0.2602286,0.5479461,0.4111123,,,,,,-0.18997495,-0.021361275,0.41022396,-0.21399806,-0.11904026,-0.68175447,0.68557143
,,4.1277633,-1.394064,9.052156,1694858086337,,-0.12156218,0.12950343,0.0067195175,,,,,,-0.36072305,-0.12183812,0.4488287,-0.2161302,-0.11758805,-0.6811474,0.6865187
,,4.1464376,-1.4153724,9.041703,1694858086587,,-0.016493361,-1.4819591,-0.49480084,,,,,,-0.28910026,-0.14712635,0.4574171,-0.21814588,-0.11571939,-0.68941647,0.6787961
,,4.139335,-1.4358027,9.09693,1694858086838,,0.0842994,0.018325957,0.22968534,,,,,,-0.3880331,-0.089542374,0.42206493,-0.22043674,-0.1167021,-0.68334216,0.68481797
,,4.168145,-1.3638968,9.06397,1694858087092,,0.22968534,-0.6041457,0.2406809,,,,,,-0.332555,0.06729217,0.41292536,-0.2223435,-0.1184328,-0.67370576,0.69307923
,,4.0152354,-1.3977349,9.195411,1694858087343,,-0.007941248,-0.35979962,0.05681047,,,,,,-0.47072428,0.062335715,0.5310174,-0.22007035,-0.11985068,-0.6597364,0.70599574
,,4.0177894,-1.2563972,9.18288,1694858087593,,0.08246681,0.28588495,0.22235495,,,,,,-0.43225804,0.1910519,0.5227168,-0.21143228,-0.1296023,-0.62442243,0.7328805
,,4.2185836,-1.0669361,9.199401,1694858087844,,0.15454891,0.3042109,0.38606682,,,,,,-0.33610106,0.25194278,0.55916923,-0.19857398,-0.14728972,-0.56844974,0.76617736
52.49855666666667,13.411895,3.8678331,-1.2998921,9.326452,1694858088000,1.7,0.4184427,-0.3744604,-0.3475823,,,,,,-0.5329121,-0.13769716,0.6867745,-0.16048269,-0.17992626,-0.42942578,0.8588768
,,4.0235357,-1.060392,9.159018,1694858088095,,0.15332718,-0.39584067,0.08368854,,,,,,-0.6381809,0.18189818,0.51789385,-0.18313907,-0.16355832,-0.5024887,0.8063332
,,3.9162757,-1.2869632,9.284954,1694858088347,,-0.122783914,-0.3463606,-0.5833763,,,,,,-0.51591563,-0.063618936,0.70142144,-0.16967036,-0.17325367,-0.45518193,0.83930945
,,4.0516276,-1.3950216,9.115844,1694858088852,,0.086132,-1.1490375,0.44104472,,,,,,-0.40851685,-0.3028653,0.48696205,-0.15732403,-0.18499555,-0.42374146,0.8630006
,,3.8045459,-1.5349228,9.226854,1694858089103,,0.062308256,-0.30115658,0.18081611,,,,,,-0.78096306,-0.4370623,0.56794345,-0.1614484,-0.18296185,-0.44145787,0.8522483
,,3.8190706,-1.6255832,9.184956,1694858089356,,0.25228736,-0.8576548,0.21319197,,,,,,-0.819484,-0.46906146,0.60320556,-0.17620425,-0.17788759,-0.48656198,0.8252251
,,3.919308,-1.6314889,9.283838,1694858089608,,0.35979962,-0.23701571,0.31215215,,,,,,-0.88959616,-0.45700607,0.78734803,-0.19128688,-0.18088986,-0.5258713,0.80289376
,,3.9436493,-1.5776991,9.203232,1694858089862,,0.106901415,0.71593404,0.6640105,,,,,,-1.2467415,-0.43525806,0.81962293,-0.19976677,-0.19093414,-0.5336963,0.7949365
,,3.9378235,-1.5930219,9.130927,1694858090114,,0.31642818,-1.0867293,0.5589417,,,,,,-1.4413038,-0.46473435,0.9051969,-0.2004104,-0.20429684,-0.5136906,0.8013581
,,3.931918,-1.6353995,9.451829,1694858090371,,0.2846632,0.11178834,0.5510005,,,,,,-1.5413938,-0.5042421,1.2688121,-0.1892946,-0.21944326,-0.45919907,0.82312226
,,3.9479587,-1.5844828,9.363963,1694858090636,,0.26389378,0.321926,0.593761,,,,,,-1.2530347,-0.41569754,1.14049,-0.1808921,-0.2138084,-0.4407401,0.8357375
,,3.6274545,-1.871308,9.518468,1694858090887,,-0.52534413,0.25228736,1.505172,,,,,,-1.2412572,-0.65047586,1.0698392,-0.16267844,-0.20754643,-0.39591944,0.8648778
52.49861333333333,13.41203,3.705985,-1.9737799,9.382398,1694858091000,1.5,0.14660765,1.2431108,0.1881465,,,,,,0.51616436,-0.59459746,0.21132784,-0.12063143,-0.133284,-0.3654572,0.89991957
,,3.8922536,-1.892776,9.811996,1694858091148,,0.45020768,4.0005565,1.1362094,,,,,,-0.4764314,-0.65126675,1.1212251,-0.14280862,-0.19243853,-0.360218,0.88871306
,,3.4480498,-1.903949,8.780255,1694858091401,,1.0012082,-0.57360244,0.37995818,,,,,,-0.3812557,-0.51638013,-0.10981076,-0.13432239,-0.16599669,-0.34896147,0.90009713
,,3.6090991,-1.7761786,9.190462,1694858091903,,0.05375614,0.2406809,0.29993483,,,,,,0.9766888,-0.44349548,-0.20075522,-0.114359,-0.09961315,-0.41627258,0.8864316
,,3.5004027,-1.7487252,9.242098,1694858092160,,-0.07391469,0.67011917,0.6591236,,,,,,1.152631,-0.5444472,-0.24218723,-0.104158804,-0.08650523,-0.44055822,0.87552655
,,3.4538755,-1.3720373,9.165961,1694858092426,,-0.01160644,0.42088616,0.5235115,,,,,,1.3643451,-0.27985224,-0.32984182,-0.10072792,-0.06890238,-0.50894254,0.83271575
,,2.878868,-1.3998898,8.952796,1694858092677,,-0.034208454,0.12339478,0.12767084,,,,,,0.9819068,-0.410652,-0.55397403,-0.09753165,-0.050835088,-0.58759123,0.77883554
,,3.1540413,-1.3633382,9.857166,1694858092928,,-0.051923547,0.33475417,0.105068825,,,,,,1.415908,-0.586866,0.2592503,-0.086931795,-0.0396198,-0.66228944,0.7214282
,,2.574006,-1.4231932,9.38144,1694858093181,,-0.21380283,0.23151793,0.09712757,,,,,,0.93988,-0.6943764,-0.24215768,-0.08360923,-0.030576395,-0.7231972,0.66719633
,,2.455812,-1.6279773,9.477289,1694858093433,,-0.06841691,-0.9804387,-0.44532076,,,,,,1.0138003,-0.9010955,-0.1837596,-0.07870353,-0.01869026,-0.76947695,0.62334824
,,2.5222914,-1.7630903,9.459332,1694858093683,,-0.1826487,0.43493605,-0.086132,,,,,,1.2714931,-1.0011536,-0.24822076,-0.07373946,-0.0076144785,-0.7996435,0.59194064
,,2.6522167,-1.7239848,9.387587,1694858093934,,0.059253927,-1.0177015,-0.4428773,,,,,,1.500251,-0.9318832,-0.3245445,-0.07040335,-0.0017223733,-0.79617137,0.5960911
52.498686666666664,13.412048333333333,3.148056,-1.9432939,9.544245,1694858094000,1.6,-0.33353242,-0.30848694,-0.7800749,,,,,,2.3103988,-0.79514754,-0.069447346,-0.07174387,0.0045361803,-0.64923507,0.73122185
,,2.9463842,-1.7141685,9.436986,1694858094184,,-0.17959438,1.3090842,0.12034045,,,,,,1.8812493,-0.7551183,-0.33913147,-0.07112706,7.913084E-4,-0.7656472,0.62627524
,,2.7547686,-1.7127321,9.086314,1694858094435,,0.17959438,-1.0531317,-0.3042109,,,,,,1.8920596,-0.6375276,-0.59891343,-0.07166864,0.002657145,-0.7150982,0.6737395
,,3.358586,-1.7472088,9.3777685,1694858094935,,-0.055588737,0.116675265,0.12217305,,,,,,2.3734443,-0.47297335,-0.18957853,-0.078667626,-0.002195648,-0.5903538,0.782115
,,3.3277009,-1.7132109,9.329965,1694858095186,,0.25900686,0.14966199,0.116675265,,,,,,2.0700517,-0.3283694,-0.16077386,-0.08883569,-0.01818057,-0.52449906,0.8328601
,,3.1287427,-1.8507179,9.529003,1694858095438,,-0.14721853,0.11789699,-0.044593163,,,,,,1.6497165,-0.33280572,0.05708324,-0.09643783,-0.03400692,-0.4509339,0.875178
,,2.9827766,-1.9124883,9.28248,1694858095690,,0.12095132,0.124005646,-0.16920967,,,,,,1.233382,-0.38089308,-0.07243832,-0.10152999,-0.052022163,-0.37711924,0.9053779
,,3.245979,-1.9590955,9.713994,1694858095942,,-0.119729586,-0.45142943,0.15088372,,,,,,1.1102678,-0.39496788,0.33864844,-0.104571186,-0.07248974,-0.31088182,0.9265799
,,2.951093,-1.8954097,9.280406,1694858096194,,0.02321288,0.2284636,-0.22235495,,,,,,0.57496834,-0.24214844,-0.1319247,-0.1089694,-0.09287981,-0.2559835,0.94088554
,,2.7558856,-2.0003555,9.437784,1694858096445,,-0.062308256,-0.032375857,0.045814894,,,,,,0.24183983,-0.3104851,0.07093399,-0.10797663,-0.108617075,-0.18932296,0.9591564
,,2.7830198,-1.9531897,9.497876,1694858096700,,0.08979719,0.25473082,0.18753563,,,,,,0.19492617,-0.21852271,0.14790323,-0.10504136,-0.11912074,-0.13364546,0.97435373
,,2.8008966,-1.8538306,9.464679,1694858096951,,0.022602014,0.07147124,0.18997909,,,,,,0.1552403,-0.09061024,0.17735413,-0.10275371,-0.1261529,-0.09555542,0.98046625
52.49872833333334,13.412066666666666,2.5031378,-1.7074649,9.408176,1694858097000,1.6,-0.6462954,-1.7654005,0.4343252,,,,,,-0.2554088,-0.03153604,0.17451702,-0.09839127,-0.13428651,-0.08799174,0.9794865
,,2.8020942,-2.0083363,9.556216,1694858097210,,-0.30115658,-1.1722504,-1.065349,,,,,,0.12261115,-0.27031603,0.27379525,-0.10214098,-0.12776557,-0.09860919,0.97932667
,,2.5153487,-1.8196732,9.620381,1694858097461,,0.036651913,-0.043982297,-0.16615535,,,,,,-0.18131328,-0.14363511,0.3332099,-0.09834332,-0.12944429,-0.09313596,0.98006386
,,2.1808784,-1.6659654,9.536584,1694858097963,,-0.0421497,0.43004912,0.45753807,,,,,,-0.555546,-0.0198781,0.28126237,-0.09645801,-0.13426751,-0.084095135,0.97953326
,,2.2499113,-1.5406688,9.532353,1694858098214,,-0.015271631,-0.023823744,0.29993483,,,,,,-0.48941553,0.020194422,0.27799544,-0.09138657,-0.13226663,-0.0780191,0.98077846
,,2.198436,-1.4038002,9.50514,1694858098463,,0.032986723,0.010995574,0.05497787,,,,,,-0.5543673,0.06535308,0.23829755,-0.088315055,-0.13432954,-0.08988377,0.97972083
,,2.2473574,-0.98281974,9.520065,1694858098713,,-0.013439035,0.030543262,-0.17165314,,,,,,-0.56596774,0.39630327,0.30401355,-0.08160085,-0.14238046,-0.069272116,0.9819164
,,2.69643,-1.0872071,9.332838,1694858098963,,-0.3213151,-0.634689,-0.24495697,,,,,,-0.30299443,0.12948556,0.18914305,-0.07402382,-0.15119834,-0.07162966,0.9806274
,,2.749182,-0.98561305,9.532196,1694858099233,,-0.3371976,-0.25045475,-0.35979962,,,,,,-0.30940396,0.018055249,0.3752803,-0.06351987,-0.15433788,-0.07410324,0.98104763
,,3.0500531,-1.0741985,9.355183,1694858099484,,-0.06963864,-0.47036624,-0.6621779,,,,,,-0.08475478,-0.23163834,0.17090951,-0.055933524,-0.15842935,-0.084018625,0.9804436
,,3.070803,-1.1192095,9.357657,1694858099736,,-0.054367006,0.17470746,-0.27122417,,,,,,-0.10881297,-0.37922737,0.18783863,-0.052992072,-0.1653648,-0.09508676,0.97879183
,,3.3277009,-1.3239137,9.236112,1694858099987,,0.03481932,-0.42332962,-0.13988814,,,,,,-0.0018358787,-0.57581323,0.10696384,-0.052648094,-0.17238589,-0.09779279,0.97732073
52.49877,13.412063333333332,3.3751857,-1.521196,9.264681,1694858100000,1.5,-0.15821409,-0.03481932,0.20586158,,,,,,-0.3158228,-0.49913755,0.2306773,-0.0771732,-0.18597923,-0.14134039,0.967878
,,3.373191,-1.6126546,9.242975,1694858100239,,-0.019547688,0.06963864,0.092240654,,,,,,-0.11974699,-0.8387447,0.13014825,-0.056652464,-0.17700624,-0.11461082,0.9745006
,,3.3281,-1.5707558,9.306899,1694858100489,,-0.04886922,-0.86376345,0.12705997,,,,,,-0.21767105,-0.661097,0.20603384,-0.06767867,-0.17950448,-0.12930326,0.97122216
,,3.424107,-1.5840037,9.38511,1694858100993,,-0.089186326,-0.18997909,-0.0036651916,,,,,,-0.41806883,-0.4979166,0.4779892,-0.08596064,-0.19120522,-0.15501206,0.96445316
,,3.459382,-1.5593433,9.486066,1694858101243,,-0.29626966,0.7452556,0.344528,,,,,,-0.5068798,-0.44992626,0.6138934,-0.09129012,-0.19131845,-0.16973203,0.961771
,,3.211343,-1.7759389,9.502269,1694858101494,,-0.20891592,-0.08857546,-0.32925636,,,,,,-0.6574413,-0.71595776,0.6406546,-0.09341011,-0.1872705,-0.17662306,0.9612657
,,3.2539601,-1.7100186,9.483514,1694858101744,,0.061086524,0.2968805,-0.24556783,,,,,,-0.56213385,-0.7073573,0.58477,-0.09418624,-0.18454415,-0.18083319,0.9609871
,,3.1781433,-1.7639679,9.486066,1694858101996,,-0.08002335,-0.26389378,-0.29016098,,,,,,-0.59113157,-0.7485496,0.5670269,-0.09465729,-0.18107091,-0.18767521,0.96013415
,,3.241909,-1.8396246,9.410091,1694858102247,,-0.028099801,0.2687807,0.02443461,,,,,,-0.47558257,-0.7995475,0.46276873,-0.10063804,-0.17419139,-0.21868451,0.95202965
,,3.363614,-1.9859903,9.150879,1694858102499,,0.14660765,-0.22357668,-0.096516706,,,,,,-0.3531933,-0.89738864,0.17047648,-0.10653056,-0.1719065,-0.24003169,0.9462021
,,3.2631373,-1.945608,9.112731,1694858102750,,0.01160644,0.14477506,0.6010914,,,,,,-0.42910177,-0.7897636,0.1234791,-0.1118913,-0.17105454,-0.25679052,0.9413423
52.49881333333333,13.412103333333334,3.8886626,-2.6879702,9.809922,1694858103000,1.5,-1.1410962,-2.3377812,-1.8240436,,,,,,0.38988957,-1.1995313,0.78615636,-0.1293885,-0.14983192,-0.29682818,0.9328594
,,3.5793314,-1.984474,9.130129,1694858103001,,-0.22418754,-0.5467244,-0.30115658,,,,,,-0.13593753,-0.7536708,0.12116658,-0.11772201,-0.16569303,-0.28087577,0.93518215
,,3.4138923,-2.0540652,9.357019,1694858103252,,-0.4813618,1.6218473,1.3249667,,,,,,-0.2685649,-0.6783586,0.36974335,-0.12644938,-0.15917839,-0.30551842,0.92837536
,,3.5798106,-2.0348318,9.103633,1694858103501,,0.711658,0.7635816,0.52656585,,,,,,-0.07020124,-0.596083,0.116618395,-0.13168956,-0.15576243,-0.31433532,0.925934
,,3.8596127,-2.3198218,9.969535,1694858104004,,0.05681047,-0.084910266,-0.023823744,,,,,,0.41773245,-0.790452,0.8208203,-0.12640016,-0.14721224,-0.28733355,0.93650573
,,4.1345468,-2.2989922,9.85645,1694858104254,,0.22357668,-0.2669481,0.29138273,,,,,,0.6791049,-0.7679984,0.7191955,-0.12421801,-0.14945395,-0.27973083,0.9385525
,,4.0831513,-2.0244572,9.78638,1694858104506,,0.22235495,-0.03848451,0.43860126,,,,,,0.49274036,-0.54370636,0.726872,-0.12043665,-0.1584826,-0.2528278,0.9438467
,,4.241807,-1.9193517,9.607532,1694858104757,,0.13500121,-0.21197024,0.3042109,,,,,,0.6132432,-0.54486257,0.5343978,-0.10797832,-0.16377828,-0.20460191,0.9537541
,,4.035666,-1.8142463,9.831229,1694858105008,,0.34391713,0.2180789,0.5534439,,,,,,0.5710087,-0.50241065,0.70258105,-0.10070319,-0.16231546,-0.18242718,0.9597711
,,3.4764607,-1.3983732,9.261889,1694858105261,,0.7141015,0.28160888,-0.09590584,,,,,,0.029679172,-0.14774893,0.111190625,-0.09388983,-0.16367035,-0.15632105,0.9647482
,,3.2406318,-1.4328499,9.2075405,1694858105512,,0.09040806,-0.6017023,0.11362094,,,,,,-0.05468858,-0.29936644,0.09861461,-0.08379498,-0.16010804,-0.122641094,0.9714245
,,2.9297843,-1.5986882,9.458134,1694858105763,,0.17470746,-0.1001819,0.26816985,,,,,,-0.1432708,-0.54087865,0.2810848,-0.07360758,-0.15257518,-0.08332368,0.9790088
52.49886333333334,13.412111666666666,2.9481394,-1.2801795,9.462125,1694858106000,1.5,0.13561209,-0.81061816,0.41233405,,,,,,0.16437617,-0.2409242,0.08848977,-0.04697787,-0.147422,0.0334457,0.9841307
,,2.8142242,-1.4957377,9.477687,1694858106014,,0.20586158,-0.10323623,0.43799037,,,,,,-0.015565995,-0.44121107,0.1982697,-0.06474376,-0.14570671,-0.051200394,0.9832825
,,2.7902026,-1.4917474,9.418791,1694858106265,,0.09162979,-0.02565634,0.39584067,,,,,,0.044346727,-0.4255448,0.067306,-0.058355883,-0.14359574,-0.029872691,0.983414
,,2.7949111,-1.5883934,9.52988,1694858106515,,0.05131268,0.049480084,0.08674286,,,,,,0.03646763,-0.5775668,0.14634058,-0.04962433,-0.14436111,0.009662378,0.9845588
,,2.9574776,-1.3153746,9.525091,1694858107021,,0.020158553,-0.7104363,0.35613444,,,,,,0.1526192,-0.21951889,0.16383685,-0.044205867,-0.1504519,0.07259027,0.98112357
,,3.1538022,-1.3171303,9.518388,1694858107272,,0.03848451,0.5919284,0.22113322,,,,,,0.33719832,-0.19865221,0.16486764,-0.03910652,-0.15120728,0.11466186,0.97642523
,,3.1498115,-1.4694812,9.647355,1694858107523,,-0.39645153,-0.022602014,0.6230826,,,,,,0.33898938,-0.38176402,0.25033075,-0.032143604,-0.15029036,0.15310739,0.9710276
,,3.1334512,-1.4595053,9.745358,1694858107775,,0.03604105,-0.04153884,-0.02443461,,,,,,0.45528603,-0.44500715,0.44558313,-0.028514547,-0.14779598,0.18876089,0.9643214
,,3.1856456,-1.5240688,9.62581,1694858108026,,0.13988814,0.64873886,0.42455134,,,,,,0.31710348,-0.46633086,0.26555756,-0.02398933,-0.14592,0.22720543,0.95701563
,,3.0313787,-1.6429013,9.696357,1694858108278,,0.11301007,-0.009773844,-0.087964594,,,,,,0.22643052,-0.5983087,0.31139332,-0.015824046,-0.1429846,0.27235743,0.9488825
,,3.1854851,-1.629813,9.69109,1694858108530,,-0.053145275,-0.33108896,-0.14538592,,,,,,0.3906205,-0.56811345,0.30531454,-0.0023297253,-0.14239007,0.354389,0.90751636
,,3.0277073,-1.5010049,9.51296,1694858108781,,-0.009162978,-0.47952923,-0.09407325,,,,,,0.21754645,-0.3744546,0.11126559,0.0060100383,-0.14455818,0.41229135,0.88006043
52.49890833333334,13.412026666666668,3.0442276,-1.598768,9.391974,1694858109000,1.5,-0.025045475,-0.016493361,-0.0421497,,,,,,0.31950513,-0.250246,0.026790237,0.026143545,-0.15582041,0.5783233,0.797233
,,3.0376832,-1.4089876,9.388943,1694858109032,,0.12095132,-0.014660766,-0.16737708,,,,,,0.2159187,-0.21702999,0.018836863,0.01155839,-0.14635931,0.46239236,0.8561856
,,3.0063994,-1.5103422,9.385591,1694858109283,,-0.15088372,-0.2443461,-0.17470746,,,,,,0.14777818,-0.21044923,-0.054808903,0.015867937,-0.14764963,0.5021814,0.8369707
,,2.9720025,-1.4974135,9.465637,1694858109537,,0.2883284,0.17531833,-0.06963864,,,,,,0.32153994,-0.18530498,0.06639496,0.021101387,-0.1511705,0.5381852,0.81894857
,,3.0658548,-1.5476118,9.438341,1694858110037,,0.12705997,0.08552113,0.19792034,,,,,,0.31575835,-0.13183695,0.075132385,0.024683896,-0.15743874,0.58159816,0.793628
,,2.8623476,-1.6340425,9.467871,1694858110287,,-0.084910266,0.14049901,0.17104226,,,,,,0.20582615,-0.20842317,0.11985992,0.02270672,-0.15299258,0.5881693,0.7883787
,,2.800338,-1.7031553,9.50586,1694858110538,,-0.16493362,-0.14782938,0.056199603,,,,,,0.28098625,-0.26602432,0.13468495,0.021390427,-0.14612445,0.6093314,0.7720907
,,2.8004181,-1.671153,9.415278,1694858110787,,0.14905111,0.08979719,0.03604105,,,,,,0.44373992,-0.24133591,0.019669835,0.019234246,-0.13940863,0.6230701,0.7633115
,,2.6258008,-1.735956,9.425734,1694858111040,,-0.16798794,0.4392121,-0.037873644,,,,,,0.39775702,-0.2574456,0.050449133,0.014158937,-0.13064772,0.63394266,0.7571908
,,2.6783137,-1.5377159,9.467393,1694858111306,,0.087964594,0.5412266,-0.017104227,,,,,,0.6672769,-0.044503395,0.036077578,0.009630721,-0.12426446,0.63184726,0.76020414
,,2.5987468,-1.6493655,9.3266115,1694858111557,,-0.015882496,0.7122689,0.4886922,,,,,,0.6650564,-0.1566396,-0.13273594,0.0042189914,-0.12007286,0.60851085,0.780518
,,2.678314,-1.7290127,9.328766,1694858111808,,-0.016493361,0.34208453,0.17715092,,,,,,0.69996625,-0.23554452,-0.23368664,0.0025978163,-0.12039152,0.59679693,0.7902147
52.49895333333334,13.411906666666669,2.515827,-2.0561402,9.386228,1694858112000,1.6,0.1826487,0.7348709,0.28771752,,,,,,0.23047304,-0.63013655,-0.16613446,0.009645296,-0.13065915,0.5782278,0.80375737
,,2.7057674,-1.805308,9.257502,1694858112058,,0.2669481,-0.02687807,-0.015882496,,,,,,0.643244,-0.3406553,-0.31462342,0.0026069623,-0.12454642,0.5769144,0.8060232
,,2.5961926,-1.8576611,9.41504,1694858112315,,0.09773844,0.0061086523,0.070249505,,,,,,0.40871665,-0.39608365,-0.13098595,0.0053859125,-0.12799668,0.5741223,0.80763036
,,2.607445,-1.9090564,9.391176,1694858112568,,0.15454891,-0.4447099,-0.19058995,,,,,,0.36217916,-0.43980777,-0.17276528,0.0075971903,-0.13123983,0.5678427,0.8112775
,,2.295401,-2.264037,9.567629,1694858113072,,0.16432275,-0.28405234,-0.36346483,,,,,,0.17591982,-0.9066217,-0.0057243663,0.008901093,-0.12486522,0.59910077,0.7879388
,,2.2861435,-2.4288378,9.617031,1694858113322,,0.042760566,0.4129449,-0.31215215,,,,,,0.4243561,-1.089787,0.069500715,0.0054066284,-0.11632006,0.62291425,0.7697392
,,2.1349897,-2.5213342,9.674172,1694858113573,,-0.002443461,0.27488935,-0.4709771,,,,,,0.55986,-1.1505523,0.10146635,-0.0011967594,-0.10617019,0.64891475,0.74832165
,,2.1840706,-2.6184587,9.596439,1694858113824,,-0.11911872,0.115453534,-0.5589417,,,,,,0.8969017,-1.1814984,-0.027549505,-0.011001948,-0.09755625,0.65937454,0.7402276
,,2.2750504,-2.6126328,9.566272,1694858114077,,0.03176499,0.3933972,-0.689056,,,,,,0.93002135,-1.0578233,-0.007013162,-0.011980512,-0.104800776,0.67224514,0.7259804
,,2.285026,-2.6044123,9.580237,1694858114330,,-0.112399206,-0.21624629,-0.6927212,,,,,,0.7722833,-0.93675053,0.07597653,-0.015222321,-0.115728155,0.65481275,0.7362296
,,2.4926832,-2.4994667,9.496123,1694858114582,,-0.1423316,-0.26816985,-0.49480084,,,,,,0.6883295,-0.72825587,0.08006161,-0.016289275,-0.13127378,0.6220964,0.75706697
,,2.567701,-2.2862232,9.487741,1694858114837,,-0.09285152,0.50885075,-0.23579398,,,,,,0.44001204,-0.41854125,0.15811732,-0.013237994,-0.14918022,0.59038013,0.77815384
52.49897333333333,13.411816666666668,3.030102,-1.6038759,9.380163,1694858115000,1.5,0.03726278,0.0067195175,-0.01282817,,,,,,-0.30506358,0.059372146,0.43789527,-0.017801242,-0.19792406,0.3620172,0.90123725
,,2.675281,-2.1325157,9.384633,1694858115088,,0.020158553,-0.13744467,-0.3555236,,,,,,0.08542045,-0.21751118,0.15910456,-0.010698202,-0.1686322,0.53677475,0.8132748
,,2.755646,-1.963485,9.380721,1694858115340,,-0.07147124,-0.23273966,-0.33108896,,,,,,-0.2847436,-0.073270366,0.31995508,-0.008827692,-0.18788633,0.4733934,0.8468973
,,2.780147,-1.8409817,9.532756,1694858115593,,0.1337795,0.43310347,-0.23151793,,,,,,-0.4244292,-0.06962064,0.5257647,-0.014314446,-0.19202647,0.40972337,0.8829155
,,3.1670501,-1.8712285,9.513281,1694858116101,,0.44409904,1.0867293,-0.09773844,,,,,,-0.31840557,-0.3213177,0.61210644,-0.020760184,-0.20269701,0.31190762,0.91887224
,,3.254039,-1.79206,9.409372,1694858116360,,-0.005497787,-0.39584067,-0.25045475,,,,,,-0.42763475,-0.4095767,0.5310759,-0.023885055,-0.20719446,0.24976297,0.9401148
,,3.3237906,-1.5756241,9.657891,1694858116611,,-0.14477506,-0.883922,0.2779437,,,,,,-0.3860388,-0.33412495,0.7600915,-0.021811511,-0.20963691,0.21566513,0.9512869
,,3.0660148,-1.7264588,9.306899,1694858116864,,0.9969321,2.2375994,-1.1545353,,,,,,-0.81520635,-0.5110858,0.42531726,-0.017247042,-0.21852128,0.22004928,0.9474348
,,2.7367327,-1.563254,9.421184,1694858117115,,0.35185838,1.3359623,0.9950995,,,,,,-1.2781547,-0.33402357,0.51999277,-0.014419749,-0.22341713,0.22348966,0.9454207
,,2.5107195,-1.7629308,9.482556,1694858117366,,0.039095376,0.045814894,0.675617,,,,,,-1.4729903,-0.46857107,0.5605351,-0.009931934,-0.22338253,0.25247377,0.9354992
,,2.2448833,-1.4689225,9.507694,1694858117617,,0.16798794,-0.3145956,0.4868596,,,,,,-1.6616356,-0.06357982,0.5379069,-0.008008463,-0.22198482,0.2892769,0.9240441
,,2.1797607,-1.826297,9.414881,1694858117868,,0.17898351,-0.14721853,0.41172317,,,,,,-1.6893597,-0.22873488,0.45269567,-9.896992E-4,-0.22248666,0.3612447,0.89524233
52.49898499999999,13.411776666666666,3.8078978,-2.5527775,8.729498,1694858118000,1.5,-0.042760566,0.12034045,-0.09407325,,,,,,-0.16510339,-0.117960244,0.12052407,0.016210414,-0.23876922,0.52855986,0.79643357
,,2.0354702,-2.2072945,9.278968,1694858118119,,-0.01160644,-0.47219884,0.0018325958,,,,,,-1.7409643,-0.34326065,0.35358682,-0.01039358,-0.22041565,0.39282906,0.8849079
,,2.315113,-2.3801558,9.565154,1694858118371,,-0.07513642,-0.784351,-0.26145032,,,,,,-1.2650688,-0.28330952,0.5961507,-0.016860114,-0.21526094,0.42178223,0.87278664
,,3.0360873,-2.6701734,9.085596,1694858118623,,0.0036651916,-0.6084218,-0.33475417,,,,,,-0.5814626,-0.36000982,0.2628941,-0.0067860927,-0.22414064,0.48103175,0.8370292
,,4.424086,-2.4524608,8.336291,1694858119125,,-0.008552114,0.08979719,-0.015271631,,,,,,0.0313893,-0.096982695,-0.010611248,0.045921586,-0.25301877,0.567002,0.76409096
,,4.767334,-2.1425712,8.341,1694858119378,,0.021380283,0.014049901,0.013439035,,,,,,0.10518718,0.12693118,0.16961615,0.06433127,-0.2620833,0.5774435,0.7510294
,,5.375143,-1.9035499,8.111955,1694858119627,,0.02076942,0.124005646,0.02321288,,,,,,0.3529924,0.16961196,0.06456075,0.09450725,-0.27222812,0.6156117,0.72355753
,,5.83882,-1.4664484,7.9418063,1694858119877,,0.09101892,0.7318166,0.10629055,,,,,,0.45887566,0.3789996,-0.017211692,0.124379955,-0.27931133,0.6404308,0.70192206
,,5.592057,-1.3481749,8.09687,1694858120127,,0.008552114,0.1282817,0.05375614,,,,,,0.24146728,0.2788172,0.08484184,0.13512088,-0.26987684,0.6485145,0.69652027
,,5.2325277,-1.3430674,8.312509,1694858120381,,0.014660766,0.41172317,-0.008552114,,,,,,0.117728814,0.14468613,0.113014,0.12688507,-0.25587827,0.64162135,0.7087691
,,4.693832,-1.3768256,8.565097,1694858120633,,0.089186326,0.40378192,0.24129178,,,,,,-0.009300073,0.10603387,0.13471101,0.10394863,-0.23985443,0.6125391,0.73641604
,,4.2185044,-1.4718753,8.814893,1694858120883,,0.009162978,0.04886922,-0.050701816,,,,,,0.124701485,0.018313857,0.12194931,0.07552019,-0.2138517,0.5774821,0.76670945
52.498983333333335,13.411758333333333,2.2492726,-1.673547,9.674332,1694858121000,1.5,-0.039095376,-0.20341812,-0.15699236,,,,,,-0.12988307,-0.04149801,0.36332506,-0.004670858,-0.14845248,0.5361989,0.8243539
,,3.5470107,-1.5882336,9.108661,1694858121136,,0.0012217305,0.036651913,0.03848451,,,,,,-0.05428512,-0.010673364,0.2351289,0.052132204,-0.19556735,0.57159334,0.7777863
,,2.7716875,-1.7912617,9.418472,1694858121393,,-0.035430185,-0.17165314,-0.11789699,,,,,,-0.19947252,-0.15308695,0.3441084,0.025061037,-0.17216253,0.5650292,0.7912158
,,2.4916456,-1.7723473,9.521501,1694858121643,,-0.052534413,-0.29260445,-0.15699236,,,,,,-0.08647276,-0.085111775,0.29960334,0.003967354,-0.15751739,0.55064076,0.8088225
,,2.4739287,-1.551762,9.618467,1694858122143,,0.021380283,-0.06841691,0.047647487,,,,,,0.08425451,0.009728619,0.28921947,0.002885826,-0.14537127,0.5572925,0.8118242
,,2.7273948,-1.4081099,9.490854,1694858122394,,-0.022602014,-0.16187929,-0.11789699,,,,,,0.005272357,0.062048715,0.24042025,0.026444385,-0.15442178,0.6067215,0.7737203
,,3.128663,-1.2647773,9.334353,1694858122644,,0.0067195175,0.18570304,0.04520403,,,,,,0.16161394,0.07262443,0.14891154,0.045871124,-0.16088572,0.619398,0.75988466
,,3.5870733,-1.136767,9.195491,1694858122893,,0.04520403,0.08124508,0.09773844,,,,,,0.21990462,0.11728247,0.10752058,0.054905403,-0.17626064,0.5925334,0.77325207
,,3.9328759,-1.1439495,9.079371,1694858123143,,0.007330383,-0.049480084,0.10934488,,,,,,0.22631033,0.038728993,0.11218936,0.06558801,-0.18986459,0.5759124,0.7801789
,,3.9805999,-1.259749,9.076418,1694858123398,,0.014049901,-0.19242255,0.1160644,,,,,,0.060772497,-0.07644586,0.18977578,0.08280933,-0.19312957,0.6123871,0.7393717
,,4.0410933,-1.3227963,9.060298,1694858123649,,0.026267206,-0.106901415,0.007941248,,,,,,0.051053904,-0.07792093,0.21566178,0.089873515,-0.1906677,0.63087505,0.6967022
,,4.2268033,-1.4189636,8.94817,1694858123901,,0.01038471,-0.1337795,0.043982297,,,,,,0.15197685,-0.11508671,0.15757544,0.080399275,-0.20024973,0.5929626,0.7237044
52.49898666666666,13.411734999999998,4.325604,-1.6984468,8.860142,1694858124000,1.5,0.031154128,-0.08857546,0.028710667,,,,,,0.115307264,-0.052493867,0.17753856,0.08423591,-0.2109188,0.63272184,0.68318105
,,4.350105,-1.4944607,8.91904,1694858124153,,0.025045475,0.031154128,0.10995574,,,,,,0.1380763,-0.08642169,0.19669984,0.08537422,-0.20570749,0.60706884,0.7063138
,,4.455848,-1.5163277,8.846735,1694858124408,,0.048258353,0.17898351,0.19303341,,,,,,0.14820221,-0.046860278,0.19071321,0.10395507,-0.20424397,0.6642012,0.6488368
,,4.3353405,-1.5721927,8.885201,1694858124660,,0.022602014,0.0983493,0.13683382,,,,,,0.030559683,-0.03564469,0.21992286,0.099466786,-0.20622927,0.66027814,0.6518079
,,4.3861775,-1.8730637,8.788715,1694858125162,,0.021991149,0.13622294,0.047647487,,,,,,0.19375123,-0.09816866,0.12354315,0.082587294,-0.21848461,0.647888,0.6893538
,,4.262876,-1.9941305,8.852799,1694858125420,,-0.009773844,0.050701816,0.007330383,,,,,,0.106213704,-0.06667182,0.20269866,0.08618882,-0.21944167,0.6839667,0.6616581
,,4.1586475,-2.0658767,8.879456,1694858125672,,0.015882496,0.14782938,0.10567969,,,,,,0.090536095,-0.044967413,0.20015308,0.07262163,-0.22222038,0.66626155,0.6817814
,,4.037821,-2.1463218,8.93995,1694858125922,,0.007941248,0.02443461,0.04153884,,,,,,0.06764262,-0.05555394,0.22629784,0.058430742,-0.22627987,0.64390177,0.714978
,,4.052745,-2.2031443,9.024064,1694858126174,,0.2932153,-0.09407325,-0.2883284,,,,,,0.08960052,-0.0806092,0.3427774,0.06442345,-0.22531083,0.6730732,0.69424844
,,4.0303197,-2.2375407,9.020234,1694858126427,,-0.040317107,-0.3811799,-0.12767084,,,,,,0.027114248,-0.08122994,0.3631667,0.068247125,-0.22870094,0.6778182,0.68970525
,,4.1693425,-2.0214243,8.964768,1694858126678,,0.035430185,-0.22418754,-0.07147124,,,,,,0.04635648,0.08063286,0.38422218,0.066121586,-0.23667881,0.64580196,0.7209861
,,4.271256,-1.8940529,8.929654,1694858126931,,-0.005497787,0.004886922,-0.045814894,,,,,,0.04804506,0.07544088,0.37148052,0.06740961,-0.23870407,0.62301564,0.74056286
52.49899833333334,13.411716666666667,4.7804227,-1.5959748,8.633172,1694858127000,1.5,0.005497787,0.017104227,0.01038471,,,,,,0.18958347,0.08472114,0.16139367,0.07602787,-0.2482645,0.57790625,0.77347165
,,4.3578463,-1.8558254,8.890789,1694858127183,,0.0018325958,0.045814894,-0.004886922,,,,,,0.04738884,0.02501404,0.35565057,0.070541546,-0.24035563,0.61194766,0.7487029
,,4.454173,-1.8107349,8.822554,1694858127441,,0.0030543262,-0.004276057,0.004886922,,,,,,0.050797638,0.010459534,0.32214487,0.07270231,-0.2432926,0.60054624,0.75689983
,,4.6165004,-1.7187178,8.681216,1694858127693,,-0.0036651916,0.0061086523,-0.05131268,,,,,,0.120366,0.04655833,0.18203792,0.07507273,-0.2468912,0.5886456,0.76529276
,,4.6301455,-1.7047513,8.709387,1694858128195,,-0.004886922,0.004886922,-0.016493361,,,,,,0.07341321,-0.043853603,0.18744741,0.072386056,-0.24553712,0.57466984,0.77724755
,,4.628311,-1.706826,8.7136965,1694858128453,,-0.0036651916,-0.002443461,-0.01160644,,,,,,0.102152474,-0.019180862,0.18013828,0.07078941,-0.2447986,0.57638645,0.77641577
,,4.622964,-1.6873534,8.713138,1694858128704,,0.0012217305,-0.0036651916,0.007330383,,,,,,0.099461414,-0.008249386,0.17591442,0.07129101,-0.24431023,0.5769541,0.7761075
,,4.6263957,-1.683443,8.717207,1694858128954,,6.1086525E-4,-0.0030543262,0.0012217305,,,,,,0.10170941,-0.0154283205,0.17631763,0.071895,-0.2439246,0.57749903,0.7757631
,,4.618814,-1.6824853,8.71601,1694858129206,,6.1086525E-4,0.0,-0.0018325958,,,,,,0.09052971,-0.017145252,0.17621873,0.07224253,-0.24377057,0.577716,0.7756177
,,4.6136265,-1.6812882,8.704839,1694858129457,,-6.1086525E-4,0.002443461,-0.0012217305,,,,,,0.08658461,-0.018291743,0.1650456,0.072637014,-0.24355288,0.57853884,0.775034
,,4.619771,-1.6836028,8.703482,1694858129708,,-6.1086525E-4,-6.1086525E-4,-0.0012217305,,,,,,0.092716485,-0.02403837,0.16317339,0.072987534,-0.2433696,0.57940376,0.774414
,,4.6204095,-1.6829642,8.702444,1694858129961,,0.0,-0.0036651916,0.0,,,,,,0.09381873,-0.026484346,0.16118734,0.07333252,-0.24321724,0.58029175,0.7737661
52.498999999999995,13.411718333333333,4.621447,-1.6797718,8.700607,1694858130000,1.6,-0.0012217305,-6.1086525E-4,-0.0012217305,,,,,,0.094657265,-0.028712789,0.1590298,0.07274396,-0.24337557,0.5777263,0.7756806
,,4.6227245,-1.683044,8.701726,1694858130212,,6.1086525E-4,-0.0018325958,6.1086525E-4,,,,,,0.09581194,-0.029291546,0.1605814,0.07336574,-0.24318561,0.5802198,0.77382594
,,4.6222463,-1.682166,8.701008,1694858130461,,-6.1086525E-4,6.1086525E-4,0.0012217305,,,,,,0.096038006,-0.028861554,0.15930793,0.07291676,-0.24331136,0.5786187,0.77501965
,,4.6220064,-1.6815276,8.700449,1694858130713,,6.1086525E-4,0.0,-0.0018325958,,,,,,0.095403604,-0.028871186,0.15933011,0.07279482,-0.24334984,0.5780593,0.7754341
,,4.6196914,-1.6790535,8.698533,1694858131216,,-0.0012217305,-6.1086525E-4,-6.1086525E-4,,,,,,0.093759805,-0.030177109,0.15820175,0.07267359,-0.24342723,0.57731354,0.7759807
,,4.6192927,-1.6799314,8.697895,1694858131468,,-0.0012217305,-6.1086525E-4,-0.0030543262,,,,,,0.091033235,-0.031214122,0.15683253,0.07207033,-0.24363759,0.575214,0.7775238
,,4.618335,-1.6793729,8.697895,1694858131722,,-6.1086525E-4,0.0,-0.002443461,,,,,,0.089404665,-0.031262536,0.15707111,0.07210616,-0.24365178,0.57517374,0.7775454
,,4.618176,-1.6804901,8.699331,1694858131971,,0.0,0.0,-0.0018325958,,,,,,0.088689536,-0.03296881,0.15868855,0.07245218,-0.24356867,0.5761394,0.77682686
,,4.6200113,-1.6840018,8.697895,1694858132228,,-0.0012217305,0.0036651916,-0.004276057,,,,,,0.09023341,-0.03667864,0.15853405,0.07274887,-0.24351414,0.5769416,0.7762205
,,4.618654,-1.6750637,8.697736,1694858132481,,0.0067195175,0.02443461,0.029932396,,,,,,0.08670408,-0.030703103,0.15937008,0.07272534,-0.24360876,0.576634,0.7764227
,,4.619373,-1.6765797,8.699491,1694858132731,,0.0030543262,0.0018325958,0.004276057,,,,,,0.084770344,-0.030599864,0.16010307,0.072736695,-0.24364026,0.5765488,0.77647525
,,4.6310244,-1.6674817,8.695023,1694858132981,,-0.009773844,-0.0067195175,-0.040927973,,,,,,0.098074265,-0.022190316,0.15640132,0.07314423,-0.24350081,0.57789654,0.7754909
52.498999999999995,13.411718333333333,4.675397,-1.6390703,8.69997,1694858133000,1.5,0.0036651916,-0.022602014,0.022602014,,,,,,0.12480208,0.0082429685,0.1721666,0.07349239,-0.24435712,0.576742,0.77604485
,,4.639245,-1.6567876,8.7027645,1694858133232,,0.005497787,-0.0018325958,-0.01038471,,,,,,0.10423099,-0.011947553,0.16515289,0.073323704,-0.24355286,0.57817847,0.7752496
,,4.6453886,-1.6538347,8.70851,1694858133482,,-0.0036651916,-0.007330383,-0.018325957,,,,,,0.101072915,-0.010605701,0.17557405,0.07352314,-0.24397926,0.57756513,0.7755498
,,4.6585574,-1.632925,8.705477,1694858133734,,0.019547688,0.005497787,0.03481932,,,,,,0.11211694,0.010763736,0.17265323,0.073378585,-0.24428417,0.5765912,0.7761918
,,4.674519,-1.639709,8.695821,1694858134236,,0.004886922,-0.005497787,0.005497787,,,,,,0.12452011,0.0065344176,0.16940756,0.07367513,-0.24439713,0.5770161,0.7758097
,,4.67005,-1.6395494,8.692629,1694858134486,,0.007330383,-0.008552114,-0.002443461,,,,,,0.124182574,-0.007840311,0.17669375,0.07370284,-0.24454997,0.57671016,0.77598584
,,4.662708,-1.6512011,8.685126,1694858134736,,-0.0030543262,-0.004276057,-0.01160644,,,,,,0.11039726,-0.024725188,0.16838051,0.07340221,-0.24466331,0.5757667,0.776677
,,4.6560044,-1.6531166,8.680178,1694858134987,,-0.0018325958,0.0036651916,-0.009773844,,,,,,0.116336316,-0.030594416,0.15777557,0.0730267,-0.24439491,0.5755956,0.7769226
,,4.642756,-1.6792932,8.680339,1694858135240,,-0.009162978,0.0067195175,-0.03359759,,,,,,0.10054103,-0.058469605,0.15916239,0.07325018,-0.24428886,0.5762817,0.776425
,,4.62025,-1.6634915,8.691031,1694858135493,,0.01282817,-0.009773844,0.02565634,,,,,,0.075630836,-0.04539385,0.16397844,0.07327671,-0.24442503,0.5755188,0.7769462
,,4.6365314,-1.6844805,8.706435,1694858135743,,-0.030543262,-0.054367006,-0.14294247,,,,,,0.08558704,-0.0657543,0.18003525,0.073395364,-0.24462321,0.57494855,0.77729744
,,4.6458683,-1.6284562,8.686962,1694858135994,,0.04337143,0.115453534,0.19364429,,,,,,0.076922305,-0.018677028,0.16320337,0.07425452,-0.24540713,0.5744951,0.77729994
52.498999999999995,13.411718333333333,4.7437916,-1.6668434,8.641312,1694858136000,1.5,0.01160644,-0.07574729,0.059253927,,,,,,0.15995993,-0.06477239,0.14635581,0.07431997,-0.24567224,0.5704394,0.7801753
,,4.657999,-1.6473701,8.729499,1694858136244,,-0.015271631,-0.19975294,0.04642576,,,,,,0.088011615,-0.043055,0.2208558,0.07481056,-0.24515311,0.5736221,0.77796066
,,4.6817026,-1.6606181,8.678903,1694858136496,,0.017104227,0.062308256,0.04337143,,,,,,0.109223016,-0.04390652,0.1703845,0.07481715,-0.24530278,0.573253,0.7781799
,,4.7170563,-1.6539146,8.677304,1694858136748,,0.01282817,-6.1086525E-4,-0.018936822,,,,,,0.12910372,-0.043835517,0.1787867,0.07456886,-0.24537873,0.5717117,0.7793156
,,4.736688,-1.6468118,8.623435,1694858137253,,-0.0061086523,-0.0012217305,-0.014660766,,,,,,0.12844197,-0.043658115,0.14302148,0.0744733,-0.2469976,0.5689259,0.78084755
,,4.732698,-1.7106574,8.652567,1694858137504,,0.010995574,-0.017715093,0.035430185,,,,,,0.13360621,-0.07902705,0.16538717,0.07336196,-0.24667099,0.5694704,0.7806559
,,4.733735,-1.6975689,8.60109,1694858137755,,0.0030543262,-0.004886922,0.008552114,,,,,,0.13683768,-0.048023455,0.10548593,0.07299956,-0.2473217,0.57123095,0.7791942
,,4.7171354,-1.6849595,8.648814,1694858138006,,-0.0067195175,-0.005497787,0.004886922,,,,,,0.11888452,-0.045572575,0.14576812,0.07320965,-0.24767357,0.57213676,0.7784007
,,4.6988597,-1.6935785,8.635167,1694858138257,,-0.010995574,-0.02076942,-0.029932396,,,,,,0.10916352,-0.043275926,0.14860511,0.07306908,-0.24807596,0.5729567,0.77768457
,,4.7255955,-1.7140888,8.634608,1694858138509,,-0.009162978,0.09407325,-0.048258353,,,,,,0.12397909,-0.041672986,0.16124347,0.072988495,-0.24847278,0.5736505,0.7770605
,,4.699898,-1.6909449,8.631256,1694858138761,,-0.01160644,0.037873644,0.017104227,,,,,,0.104627736,-0.0101799015,0.14642164,0.07284953,-0.24847712,0.57417804,0.7766858
52.498999999999995,13.411718333333333,4.004701,-3.9342322,4.946022,1694858139000,1.5,0.37323865,-1.9847012,-1.102001,,,,,,1.0833282,-0.44469982,0.3018889,0.14708035,-0.25025657,0.31278497,0.5690391
,,4.7030897,-1.6593416,8.595662,1694858139013,,0.010995574,-1.1710287,-0.077579886,,,,,,0.07718798,0.017412556,0.15384106,0.07401593,-0.25008553,0.5733814,0.7766296
,,5.01705,-1.6643692,8.114189,1694858139268,,-0.0421497,0.3359759,0.06719518,,,,,,-0.08684854,0.04111258,0.101223975,0.089995705,-0.27475503,0.5653182,0.7683976
,,5.9574914,-2.4376168,7.3667192,1694858139518,,-1.7806722,-2.8002062,4.5167375,,,,,,0.27192706,-0.32974052,0.2525827,0.1026092,-0.32411614,0.5595514,0.74081767
,,5.4413815,-3.671269,6.274484,1694858139770,,3.0750957,-0.86070913,5.684101,,,,,,0.36541122,-0.2979626,0.7016605,0.09068799,-0.35851017,0.5253683,0.63690597
,,1.6795322,-3.6371918,4.5621505,1694858140284,,-2.2858577,-0.4373795,0.398895,,,,,,0.834515,-0.39306602,0.3006541,0.19935383,-0.16715458,0.09125597,0.5159366
,,-0.53685987,-3.9351106,3.7714262,1694858140535,,-1.8216002,1.5247196,0.076358154,,,,,,0.25491446,-0.6387175,-0.2677168,0.24071638,-0.051671527,-0.11323211,0.4717295
,,-3.0344112,-4.2179456,3.1075141,1694858140789,,-1.4856243,-2.2559254,1.2797627,,,,,,0.54627395,-0.8603254,-0.27501673,0.26341537,0.106536955,-0.2876568,0.4462945
,,-6.3568463,-3.2063947,3.2805352,1694858141044,,-0.13561209,-0.08857546,1.6432275,,,,,,0.048840187,-0.5995629,-0.258501,0.2839211,0.27355206,-0.44559953,0.46808693
,,-7.751309,-0.87380373,3.7656004,1694858141311,,-1.3921618,0.45020768,0.83016586,,,,,,-0.097772904,-0.49833617,-0.82576966,0.3383952,0.40299734,-0.5394124,0.58494246
,,-7.9141145,0.6276798,4.5650244,1694858141561,,1.4782939,0.7959574,-0.7806858,,,,,,-0.79965186,-0.43021393,-0.4529538,0.33304882,0.38165173,-0.43080962,0.66939414
,,-7.511728,1.6038756,3.9817975,1694858141811,,1.368949,0.51923543,-0.06780604,,,,,,-0.54848075,-0.59173363,-0.3759115,0.350128,0.40375963,-0.3239124,0.7220824
52.498999999999995,13.411718333333333,-1.599167,6.3159847,5.085204,1694858142000,1.7,-0.064751714,0.089186326,-0.12950343,,,,,,-0.2615736,-0.39098522,0.03422831,0.41510847,0.104708776,0.037751522,0.8532992
,,-7.404946,3.2364016,3.7272937,1694858142061,,-2.1502457,-5.702427,2.6505444,,,,,,-0.16543224,-0.31373724,0.028324533,0.37462533,0.38824618,-0.24173613,0.7682764
,,-5.268998,4.6050873,4.456727,1694858142311,,0.552833,1.1191051,0.20891592,,,,,,-0.12993598,-0.32494912,0.050208267,0.38029096,0.26143593,-0.16223557,0.8232273
,,-3.40663,5.6453676,4.5793896,1694858142594,,1.6902641,2.3695462,0.13561209,,,,,,-0.25360566,-0.30280623,-0.15973619,0.39846343,0.16612434,-0.070110686,0.8472611
,,-2.3811138,6.039533,4.86414,1694858142847,,-0.15271631,-0.643852,0.24801129,,,,,,-0.20015222,-0.4535694,-0.036320005,0.40952632,0.13595407,-0.0019283886,0.85170513
,,-0.4906518,6.544232,5.708335,1694858143347,,-0.09896017,-0.01160644,0.08368854,,,,,,-0.25993308,-0.28242162,-0.063913934,0.39976534,0.055782437,0.084824756,0.87374634
