97#1#0
key,lat,lon,ts,bike,childCheckBox,trailerCheckBox,pLoc,incident,i1,i2,i3,i4,i5,i6,i7,i8,i9,scary,desc,i10
1000,52.47732579,13.42399322,1694865130000,1,0,0,0,3,0,0,0,0,0,0,1,0,0,0,Auto nimmt mir die Vorfahrt,0

=========================
97#1
lat,lon,X,Y,Z,timeStamp,acc,a,b,c,obsDistanceLeft1,obsDistanceLeft2,obsDistanceRight1,obsDistanceRight2,obsClosePassEvent,XL,YL,ZL,RX,RY,RZ,RC
52.47732579,13.42399322,-0.9611169,3.9968119,-8.456475,1694865130000,4.3560557,-0.11804962,0.43997535,-0.16249003,,,,,,-0.17769435,-0.048122946,0.049012914,0.9614197,-0.034496274,-0.03901537,0.21376091
,,-0.93790656,5.1019764,-7.9496756,1694865130394,,1.7970115,0.3110829,-0.6499601,,,,,,-0.3726048,0.019718472,-0.18235143,0.9401636,-0.0016119033,-0.016130988,0.27487454
,,-0.71936226,5.67442,-7.7100744,1694865130643,,1.8892521,0.52671814,-0.8307761,,,,,,-0.50478566,-0.045674596,-0.33915165,0.9261017,0.04453613,0.015937412,0.3101957
,,-0.5472385,5.7884774,-7.623133,1694865130893,,1.1586578,0.28053966,-0.75930494,,,,,,-0.6398892,-0.05041807,-0.31352156,0.9145516,0.10993962,0.041245017,0.31730393
,,-0.43557352,5.761838,-7.519045,1694865131145,,-1.9445353,0.7619011,-0.28038692,,,,,,-0.71884984,-0.007834133,-0.21385317,0.9001067,0.1854355,0.05646585,0.31136253
,,-0.27469605,5.7256255,-7.498548,1694865131396,,-1.6916373,-0.79519325,-0.37934703,,,,,,-0.5397715,0.08687288,-0.12795858,0.885339,0.26052785,0.07693874,0.2984998
,,-0.27852455,5.661259,-7.447342,1694865131646,,0.5893318,-0.102472566,0.07208204,,,,,,-0.32912102,0.16452764,0.12794882,0.8737425,0.3251133,0.09562312,0.28414863
,,-0.23872396,5.515218,-7.485228,1694865131897,,1.5270092,0.42653632,0.10506874,,,,,,-0.019663338,0.29999033,0.3693933,0.8662034,0.37847868,0.1018958,0.26489216
,,-0.2054637,5.267161,-7.622417,1694865132148,,1.15316,-0.40485063,0.16493349,,,,,,0.22794665,0.43117845,0.5318698,0.8593044,0.4159655,0.09273222,0.24402955
,,-0.26839495,5.1018963,-7.690691,1694865132400,,-0.32574365,-0.1122464,0.38423395,,,,,,0.42511654,0.54529,0.61008954,0.85449666,0.43162128,0.07746534,0.23385762
,,-0.29734808,5.4122453,-7.775317,1694865132652,,0.20815217,0.06551525,-0.037873615,,,,,,0.62990534,0.7932364,0.51016814,0.8537628,0.43249083,0.0673225,0.23917523
,,-0.43397826,5.1412973,-7.872386,1694865132903,,-0.4741838,-0.4317287,-0.18203771,,,,,,0.7356494,0.95783615,0.6029911,0.8611888,0.4283336,0.04279987,0.22218469
52.47736924,13.42403551,-0.58456653,4.1351166,-8.66457,1694865133000,4.271629,-0.43814278,-0.07803798,-0.20280711,,,,,,0.70119196,0.87039673,0.42979145,0.87833285,0.4268564,0.017520733,0.17708251
,,-0.6392027,3.3807397,-9.038171,1694865133405,,0.11041381,-0.25579962,0.62491465,,,,,,0.7259913,0.9284559,0.36472148,0.892182,0.4255531,-0.003177101,0.13891949
,,-0.9338389,2.9440494,-9.057313,1694865133656,,-0.16997312,-0.116522454,-0.06352994,,,,,,0.4931427,0.71902066,0.4975484,0.89850616,0.4187048,-0.011423169,0.12763602
,,-1.1133006,3.1803808,-9.15159,1694865133908,,0.07742711,0.08567379,-0.3848448,,,,,,0.3716393,0.70397747,0.46533263,0.8996822,0.41412792,-0.0043761516,0.13608615
,,-1.1163315,3.3187654,-9.192028,1694865134158,,-0.12538,0.15592323,0.16004658,,,,,,0.2867789,0.7800025,0.43894243,0.8998821,0.41204163,8.844989E-4,0.14170893
,,-1.264607,3.2029526,-9.394541,1694865134409,,-0.20906848,-0.1678351,0.21807873,,,,,,0.22862774,0.5480697,0.37340853,0.90083414,0.40913868,0.0061051054,0.1438714
,,-1.053799,3.227599,-9.157493,1694865134660,,0.14401138,0.03497201,0.13744457,,,,,,0.10616802,0.50842816,0.52507144,0.9024628,0.405161,0.013929276,0.14418265
,,-0.93694943,3.2234514,-9.321719,1694865134912,,-0.19257513,0.468686,-0.034208428,,,,,,0.024618046,0.38947004,0.41259366,0.90491503,0.40023747,0.021508817,0.1418024
,,-0.73603207,3.4514074,-9.505329,1694865135163,,0.36636615,-0.85689056,-0.15210533,,,,,,0.11667793,0.6242641,0.18609712,0.9059489,0.39773288,0.028523095,0.14072776
,,-0.5584848,3.237489,-9.483475,1694865135416,,-0.26710063,0.49312058,0.27366742,,,,,,0.092074625,0.47623217,0.070324965,0.9060172,0.3981476,0.030544719,0.13868566
,,-0.6536394,3.137788,-9.306884,1694865135667,,-0.21151192,-0.7768673,0.75991577,,,,,,0.024396803,0.31637713,0.22912239,0.9071838,0.39480504,0.032243434,0.14016236
,,-0.57866424,3.2580674,-9.312944,1694865135918,,-0.014813471,0.44547313,-0.115453444,,,,,,-0.1261537,0.44482544,0.10329691,0.9074577,0.39314038,0.03449594,0.14245072
52.47743212,13.4240057,-0.6556334,3.2505693,-9.248339,1694865136000,3.9151387,0.59482956,0.110108376,-0.5400045,,,,,,-0.07300748,0.3006521,0.17387976,0.90573996,0.39577314,0.033423055,0.14593829
,,-0.7519844,3.1831717,-9.270753,1694865136419,,0.0151189035,0.21151192,-0.51373726,,,,,,-0.1515692,0.2389369,0.14525265,0.90212536,0.40212265,0.032366,0.1506579
,,-0.7684151,3.218426,-9.240043,1694865136671,,0.23380849,-0.85200363,0.29199335,,,,,,-0.12001254,0.24172954,0.1042497,0.8968142,0.41237172,0.02883059,0.15401469
,,-0.75964147,3.495914,-9.265966,1694865136923,,0.13912445,-0.48059785,0.41355544,,,,,,-0.012504315,0.41785762,0.058422074,0.89370346,0.41765302,0.029378615,0.15721706
,,-0.6386444,3.580221,-9.255757,1694865137177,,0.53252137,0.13820815,0.12583815,,,,,,0.11924609,0.4976156,-0.0013182481,0.89095205,0.42402714,0.03202689,0.1559619
,,-0.55274206,3.3082368,-9.14848,1694865137427,,-0.8645264,0.5517636,-0.12034036,,,,,,0.11349734,0.361376,0.11300588,0.88781255,0.43263084,0.034363557,0.15066352
,,-0.16582267,3.6339798,-8.904492,1694865137680,,-1.5004367,-0.076816246,0.0067195124,,,,,,0.30575457,0.41409996,0.046514798,0.88111514,0.4369587,0.053924013,0.16170284
,,-0.061176516,4.8163533,-8.357572,1694865137932,,-0.5432115,-0.90575975,-0.15027274,,,,,,0.51638716,0.68575805,0.09967911,0.86414343,0.43774828,0.08191471,0.19955342
,,-0.2194218,5.421737,-7.2878203,1694865138182,,-0.32757625,1.2255474,0.25900668,,,,,,0.41293564,0.3196561,0.35638422,0.84244365,0.42887944,0.1108882,0.25441307
,,-0.13926226,6.1584077,-6.3539815,1694865138433,,-0.10766492,-0.12812889,0.27427828,,,,,,0.60414237,0.0206199,0.4453641,0.81815606,0.41784444,0.13822226,0.31671187
,,-0.31034908,7.173204,-5.5428143,1694865138685,,-0.060017463,1.3666573,0.43432486,,,,,,0.4499437,0.041447863,0.3121892,0.7936872,0.40544128,0.16415562,0.38134035
,,-0.52107704,8.3822975,-4.5984473,1694865138936,,0.0029016077,1.4564544,-0.15577053,,,,,,0.4614279,0.13236232,0.24748774,0.768893,0.39474806,0.19270284,0.44648764
52.47748607,13.4239466,-0.8802397,8.997971,-4.0700316,1694865139000,4.2742186,-0.07895427,0.45524698,-0.16187917,,,,,,0.3455645,0.108229525,0.15628415,0.74382824,0.39559457,0.20709375,0.4927009
,,-0.83788675,8.81803,-3.8196628,1694865139440,,-0.13087778,-0.032223117,0.35979936,,,,,,0.35526758,-0.24925238,-0.031473137,0.72972715,0.4001624,0.21287942,0.50949687
,,-0.68777686,9.042796,-3.8355353,1694865139697,,-1.527162E-4,-0.07620538,0.15149446,,,,,,0.46015128,-0.11132472,-0.056267466,0.72731286,0.4014663,0.21447736,0.51134753
,,-0.9438886,9.112586,-3.748995,1694865139951,,-0.052076224,0.69714946,-0.0537561,,,,,,0.20464109,0.101377554,0.0015422503,0.7295998,0.40110475,0.21617845,0.50767505
,,-0.73762745,9.069118,-3.893043,1694865140203,,0.30711228,0.30619597,0.16737695,,,,,,0.3456181,-0.06085245,0.014858532,0.7281775,0.4075237,0.2186746,0.50415057
,,-0.58632123,8.905606,-3.9223943,1694865140453,,0.8287908,0.08933897,-0.16554436,,,,,,0.43627506,-0.1568078,0.16915348,0.728732,0.4154659,0.21865964,0.49696317
,,-0.3787839,8.707642,-4.252285,1694865140705,,1.460425,-0.4659371,0.16554436,,,,,,0.57192075,-0.17787674,0.20727962,0.74045634,0.4183815,0.21486941,0.47599682
,,-0.46699923,8.155377,-4.804389,1694865140958,,1.496466,-0.09575305,0.11606431,,,,,,0.319378,-0.113349125,0.30578327,0.76393497,0.41343865,0.2006817,0.44166052
,,-0.43437707,7.358647,-5.9941797,1694865141209,,0.6687442,0.048411034,-0.52778715,,,,,,0.1993208,-0.00929718,-0.08852169,0.78903496,0.41607234,0.18039903,0.38813418
,,-0.15122639,6.242316,-6.8159556,1694865141459,,-0.57986337,0.7490729,-0.31948227,,,,,,0.12763958,-0.13660863,0.02113293,0.8091294,0.4323358,0.15731396,0.32264104
,,0.08829514,5.0292344,-7.6738615,1694865141710,,-1.3202316,0.056352276,0.12889247,,,,,,0.14266348,-0.3140371,-0.1750565,0.8280643,0.44993165,0.14163128,0.2585692
,,0.21160528,4.8117275,-8.25117,1694865141960,,-1.1638501,-0.3639227,-0.64262974,,,,,,0.053409714,-0.11528061,-0.25846314,0.8402756,0.45967433,0.14017577,0.22029848
52.47752352,13.42388898,0.15258233,4.9674993,-8.183293,1694865142000,4.574682,-0.37094763,-0.25641048,-0.38973173,,,,,,0.0014471153,-0.047591034,-0.39344236,0.8359602,0.46371442,0.14623037,0.22024876
