96#1#0
key,lat,lon,ts,bike,childCheckBox,trailerCheckBox,pLoc,incident,i1,i2,i3,i4,i5,i6,i7,i8,i9,scary,desc,i10
,,,,1,0,0,0,-5,0,0,0,0,0,0,0,0,0,0,,0

=========================
96#1
lat,lon,X,Y,Z,timeStamp,acc,a,b,c,obsDistanceLeft1,obsDistanceLeft2,obsDistanceRight1,obsDistanceRight2,obsClosePassEvent,XL,YL,ZL,RX,RY,RZ,RC
52.43217022,13.19287151,-0.3531728,5.906636,-6.766075,1690989743000,3.216,-1.0939331,-0.4326172,-0.113723755,,,,,,-0.07133656,0.38423428,0.66007924,0.0,0.0,0.0,0.0
,,-0.35345206,5.475121,-6.8023877,1690989743251,,-2.1165924,0.6411743,-0.58351135,,,,,,0.0023029447,0.14555126,0.84781426,0.0,0.0,0.0,0.0
,,0.082972206,7.202019,-6.2261815,1690989743755,,1.249649,-0.48588562,0.21757507,,,,,,0.18983075,0.7388052,0.48442426,0.0,0.0,0.0,0.0
,,0.03161672,6.985184,-6.3292117,1690989744008,,2.2936096,-1.8014832,0.095062256,,,,,,0.18491516,0.7165074,0.6129984,0.0,0.0,0.0,0.0
,,-0.19080505,5.7931113,-6.7975574,1690989744262,,-1.6968689,0.92559814,-0.23835754,,,,,,-0.015248724,0.4230819,0.79619884,0.0,0.0,0.0,0.0
,,-0.028318278,6.126304,-6.654504,1690989744514,,-2.3285828,0.027572632,-0.8402405,,,,,,-0.13421701,0.3951997,0.67051196,0.0,0.0,0.0,0.0
,,0.037402853,7.3710103,-6.423863,1690989744764,,0.99931335,1.4624939,0.24206543,,,,,,-0.040320985,0.84275067,0.2120782,0.0,0.0,0.0,0.0
,,0.14406484,7.0333877,-6.47067,1690989745017,,2.5844269,-1.1772308,0.56378174,,,,,,0.090908766,0.65349567,0.39396122,0.0,0.0,0.0,0.0
,,-0.17085317,5.807516,-6.937301,1690989745271,,-1.0939331,1.0864563,0.16323853,,,,,,-0.04432348,0.3795664,0.63182294,0.0,0.0,0.0,0.0
,,-0.2978653,5.609995,-6.887143,1690989745527,,-2.478775,-0.043792725,-0.45993042,,,,,,-0.12718332,0.23809758,0.6446851,0.0,0.0,0.0,0.0
,,-0.08007202,7.0021434,-6.4836807,1690989745780,,0.9503021,1.6755371,0.19413757,,,,,,0.06802172,0.64957905,0.26631293,0.0,0.0,0.0,0.0
,,0.058073424,7.0688224,-6.3579454,1690989746033,,3.015854,-1.7812347,0.3773651,,,,,,0.3149291,0.64232355,0.37964398,0.0,0.0,0.0,0.0
,,-0.2649043,5.670647,-6.597765,1690989746286,,-1.6702423,1.3463745,-0.14248657,,,,,,0.093975164,0.20551541,0.9074295,0.0,0.0,0.0,0.0
,,-0.19511312,6.9102063,-6.249727,1690989746789,,1.3263397,0.86061096,0.0790863,,,,,,-0.15851898,0.5267006,0.46617737,0.0,0.0,0.0,0.0
52.43211009,13.19282899,-0.50863445,5.6360507,-6.570152,1690989747000,5.36,-2.2284393,0.11174011,-0.96380615,,,,,,-0.25361815,0.25097185,0.8917038,0.0,0.0,0.0,0.0
,,-0.08043111,7.0389733,-6.1802545,1690989747040,,2.9956207,-0.4890747,0.200531,,,,,,-0.13193177,0.5531566,0.50561625,0.0,0.0,0.0,0.0
,,-0.27516022,5.592557,-6.456506,1690989747293,,-2.318985,1.303772,-0.40560913,,,,,,-0.3327563,0.0821044,1.0044023,0.0,0.0,0.0,0.0
,,-0.43984222,5.9712005,-6.452795,1690989747547,,-0.85424805,-0.123687744,-0.46206665,,,,,,-0.56117165,0.34321213,0.81822526,0.0,0.0,0.0,0.0
,,-0.08123067,7.178636,-6.1013656,1690989747798,,1.8153076,-0.33035278,0.31877136,,,,,,-0.35907942,0.6326933,0.4728826,0.0,0.0,0.0,0.0
,,-0.0738088,6.869425,-6.290229,1690989748051,,1.8216858,-1.2400818,0.2974701,,,,,,-0.22702317,0.59059983,0.49545673,0.0,0.0,0.0,0.0
,,-0.2230479,5.569971,-6.487791,1690989748303,,-3.7400513,0.7008209,-0.6921692,,,,,,-0.341251,0.14926793,0.9785757,0.0,0.0,0.0,0.0
,,-0.26454774,6.293299,-6.465286,1690989748554,,0.9172821,-0.5583191,0.17816162,,,,,,-0.32146195,0.5349392,0.6195022,0.0,0.0,0.0,0.0
,,0.09314677,7.381185,-6.303238,1690989748809,,1.9591064,-0.82995605,0.6841583,,,,,,-0.052676167,0.8594897,0.29104736,0.0,0.0,0.0,0.0
,,-0.21207377,6.2469316,-6.451239,1690989749059,,-1.4838257,1.0310516,0.010910034,,,,,,-0.13792275,0.40336373,0.6654679,0.0,0.0,0.0,0.0
,,-0.26829782,5.7068405,-6.4991627,1690989749311,,-2.5373688,-0.040603638,-0.7891083,,,,,,-0.20869617,0.27929714,0.99764436,0.0,0.0,0.0,0.0
,,-0.030832417,7.2266,-6.333284,1690989749814,,2.238205,-1.1026611,0.27615356,,,,,,-0.027721941,0.82827896,0.46140593,0.0,0.0,0.0,0.0
52.43185016,13.19265622,-0.3093577,6.53711,-6.329453,1690989750000,10.72,1.5298157,0.36846924,0.2644348,,,,,,-0.20698054,0.4646609,0.5911331,0.0,0.0,0.0,0.0
,,-0.21969453,5.73198,-6.5337586,1690989750066,,-2.542694,0.7871094,-0.60801697,,,,,,-0.15538464,0.19076774,0.9513213,0.0,0.0,0.0,0.0
,,-0.33158416,5.8500533,-6.5400624,1690989750317,,-0.837204,-0.36869812,-0.40560913,,,,,,-0.27088,0.2925572,0.87881356,0.0,0.0,0.0,0.0
,,-0.040768433,6.9581695,-6.3327246,1690989750568,,1.6395264,0.14155579,0.4593811,,,,,,-0.03170008,0.5815527,0.4522568,0.0,0.0,0.0,0.0
,,0.009590149,6.873773,-6.655702,1690989750822,,2.0752258,-1.1282349,0.23780823,,,,,,0.07620875,0.6337347,0.27224657,0.0,0.0,0.0,0.0
,,-0.12931366,5.539564,-6.867749,1690989751073,,-2.7355042,1.1237335,-0.48336792,,,,,,-0.037981533,0.20932731,0.7682613,0.0,0.0,0.0,0.0
,,-0.17117158,6.009466,-6.7193484,1690989751329,,-0.8808899,-0.4102478,-0.14994812,,,,,,-0.04209702,0.34011406,0.55019355,0.0,0.0,0.0,0.0
,,-0.029355368,7.2960706,-6.5344763,1690989751581,,2.1029205,0.49736023,0.43701172,,,,,,0.12148549,0.81148076,0.11610665,0.0,0.0,0.0,0.0
,,-0.13501944,6.580164,-6.630404,1690989751833,,1.6768188,-1.0121155,0.36990356,,,,,,0.10974486,0.5981166,0.4508129,0.0,0.0,0.0,0.0
,,-0.2686554,5.3609567,-6.9352665,1690989752085,,-3.3246002,1.1535645,-0.5962982,,,,,,-0.03471648,0.1623463,0.7637719,0.0,0.0,0.0,0.0
,,-0.2771947,6.1740284,-6.667715,1690989752338,,0.060806274,-0.22702026,0.12063599,,,,,,-0.0760248,0.4598422,0.51973945,0.0,0.0,0.0,0.0
,,-0.18972778,6.5176373,-6.675216,1690989752842,,0.597702,-0.3079834,0.19413757,,,,,,-0.20984288,0.54416,0.39760605,0.0,0.0,0.0,0.0
52.43168169,13.19263323,-0.08593801,7.3277955,-6.4693556,1690989753000,9.648001,1.9122467,0.2875061,0.65753174,,,,,,-0.041853476,0.7947997,0.13276069,0.0,0.0,0.0,0.0
,,-0.28453827,5.4313073,-6.817552,1690989753093,,-3.1839905,0.6390381,-0.800827,,,,,,-0.44071758,0.06288977,0.75626814,0.0,0.0,0.0,0.0
,,-0.2161438,6.407584,-6.675536,1690989753344,,1.1846619,-0.1354065,0.15151978,,,,,,-0.4378195,0.3757126,0.27399036,0.0,0.0,0.0,0.0
,,0.026867677,7.4913588,-6.3506827,1690989753595,,2.5279694,-0.7489929,0.69906616,,,,,,-0.29116046,0.78945476,0.13207416,0.0,0.0,0.0,0.0
,,-0.14004822,6.298767,-6.671306,1690989753849,,-0.6198883,0.5175934,0.2516632,,,,,,-0.356896,0.4086903,0.46711272,0.0,0.0,0.0,0.0
,,-0.25121868,5.5391264,-6.7861476,1690989754100,,-2.6087494,0.14582825,-1.0980377,,,,,,-0.3948585,0.16227442,0.7677606,0.0,0.0,0.0,0.0
,,-0.21247151,6.551874,-6.4943748,1690989754352,,1.4382019,0.4877777,-0.011459351,,,,,,-0.20490925,0.44960386,0.38594016,0.0,0.0,0.0,0.0
,,0.04721985,7.430268,-6.400961,1690989754604,,2.717575,-1.4723206,0.4785614,,,,,,0.14121006,0.8919683,0.20255437,0.0,0.0,0.0,0.0
,,-0.18633474,6.018885,-6.791296,1690989754858,,-1.4433441,1.3027039,0.27082825,,,,,,0.080946736,0.40609735,0.5548011,0.0,0.0,0.0,0.0
,,-0.30017903,5.596628,-6.9657927,1690989755111,,-2.6620026,0.038223267,-0.88923645,,,,,,-0.019120296,0.29443723,0.6055388,0.0,0.0,0.0,0.0
,,-0.20744425,6.724218,-6.616997,1690989755363,,0.9929199,1.2952423,0.13874817,,,,,,0.043873906,0.5317074,0.21138777,0.0,0.0,0.0,0.0
,,-0.08366445,5.841515,-6.785189,1690989755867,,-1.7725067,0.78178406,-0.3214569,,,,,,0.07694907,0.3064953,0.6457316,0.0,0.0,0.0,0.0
52.43152442,13.19259446,0.10883026,7.282665,-6.5782514,1690989756000,7.504,2.7165222,-1.5852356,0.66604614,,,,,,0.2639764,0.79159254,0.081861846,0.0,0.0,0.0,0.0
,,-0.24894409,5.7026114,-6.7945657,1690989756119,,-1.983429,-0.17375183,-0.6474304,,,,,,-0.1548865,0.28353184,0.68020433,0.0,0.0,0.0,0.0
,,-0.049905904,6.8957214,-6.286756,1690989756373,,1.0610962,1.1365204,0.29640198,,,,,,-0.0752696,0.5295483,0.4332185,0.0,0.0,0.0,0.0
,,0.19154917,7.083267,-6.336317,1690989756626,,2.4438019,-1.8526154,0.38375854,,,,,,0.09237153,0.6435703,0.36978373,0.0,0.0,0.0,0.0
,,0.04378713,5.7320986,-6.6675553,1690989756878,,-2.2625275,1.196167,-0.5813751,,,,,,-0.058838498,0.2442852,0.8097982,0.0,0.0,0.0,0.0
,,-0.16007996,5.778906,-6.622065,1690989757131,,-1.6446838,-0.70106506,-0.5536804,,,,,,-0.23788394,0.25462988,0.7428935,0.0,0.0,0.0,0.0
,,0.021720886,7.1151896,-6.3737473,1690989757384,,1.4445953,0.1149292,0.44447327,,,,,,-0.07553409,0.6478061,0.2582527,0.0,0.0,0.0,0.0
,,0.10954844,6.8543806,-6.5025954,1690989757638,,2.0858765,-0.8342285,0.15258789,,,,,,0.044474386,0.53244644,0.28990608,0.0,0.0,0.0,0.0
,,0.017930603,5.604568,-6.867671,1690989757892,,-3.0391083,1.7394562,-0.74009705,,,,,,-0.012037519,0.21220721,0.6668328,0.0,0.0,0.0,0.0
,,-0.18537751,5.9727163,-6.759892,1690989758146,,-1.1024628,-0.5487366,-0.08177185,,,,,,-0.15883426,0.3353964,0.5211738,0.0,0.0,0.0,0.0
,,0.022040304,7.223567,-6.300923,1690989758400,,1.8153076,0.24809265,0.51264954,,,,,,-0.0075178226,0.66577655,0.23511349,0.0,0.0,0.0,0.0
,,-0.037895713,5.4774756,-6.6622076,1690989758902,,-3.1019592,0.9596863,-0.7390442,,,,,,-0.16214237,0.080581665,0.84817797,0.0,0.0,0.0,0.0
52.43133671,13.19255717,0.059868876,6.8110857,-6.420354,1690989759000,5.36,1.7982635,-1.066452,-0.11798096,,,,,,0.006198855,0.5733031,0.41944394,0.0,0.0,0.0,0.0
,,-0.10417582,6.1611004,-6.4515576,1690989759153,,-0.44200134,-0.5178375,-0.14781189,,,,,,-0.27169195,0.3277611,0.6110513,0.0,0.0,0.0,0.0
,,0.071517944,7.3819036,-6.082251,1690989759405,,1.8206329,0.32798767,0.6351471,,,,,,-0.19762193,0.67119724,0.32257366,0.0,0.0,0.0,0.0
,,0.035046894,6.6973214,-6.2982483,1690989759656,,1.7045135,-0.9812317,-0.14569092,,,,,,-0.25586525,0.4430841,0.4956225,0.0,0.0,0.0,0.0
,,-0.11327362,5.401779,-6.6308436,1690989759906,,-3.0284576,1.0907135,-0.7294464,,,,,,-0.38631192,-0.026634209,0.86709124,0.0,0.0,0.0,0.0
,,-0.117822774,6.1758246,-6.4573426,1690989760157,,0.027786255,-0.4379425,-0.11798096,,,,,,-0.33231476,0.23735386,0.537927,0.0,0.0,0.0,0.0
,,0.08456777,7.4933934,-6.188913,1690989760409,,2.0059814,-0.05657959,0.6074524,,,,,,-0.12238903,0.742574,0.21259953,0.0,0.0,0.0,0.0
,,0.035247803,6.6228213,-6.4231462,1690989760661,,1.6139679,-0.87683105,0.13128662,,,,,,-0.068081036,0.4422838,0.5025569,0.0,0.0,0.0,0.0
,,-0.121372476,5.401938,-6.734832,1690989760916,,-3.1285858,1.1066895,-0.7986908,,,,,,-0.12488357,0.044483464,0.8172623,0.0,0.0,0.0,0.0
,,-0.07783762,6.286715,-6.3820057,1690989761168,,-0.5144348,-0.11943054,0.25698853,,,,,,-2.5417507E-4,0.3918138,0.6548732,0.0,0.0,0.0,0.0
,,0.15759227,7.51929,-6.068964,1690989761420,,1.7705536,-0.12475586,0.6490021,,,,,,0.20628513,0.8146427,0.31535232,0.0,0.0,0.0,0.0
,,-0.12017517,5.349106,-6.5850754,1690989761926,,-3.2777252,1.1993713,-0.6783142,,,,,,-0.11297052,-0.041445818,0.89765257,0.0,0.0,0.0,0.0
52.43118458,13.1925002,0.08608551,6.6610484,-6.2861195,1690989762000,6.432,1.7077026,-1.0451508,0.19625854,,,,,,0.1140841,0.48381653,0.6077855,0.0,0.0,0.0,0.0
,,0.010349019,6.2896676,-6.2611003,1690989762178,,-0.10110474,-0.11517334,0.0013275146,,,,,,-0.07289379,0.31857365,0.6538151,0.0,0.0,0.0,0.0
,,0.18249308,7.475317,-5.91023,1690989762429,,1.7673645,0.21186829,0.50946045,,,,,,-2.8486253E-4,0.64723474,0.32244956,0.0,0.0,0.0,0.0
,,0.09430644,6.6337943,-6.2452183,1690989762680,,1.8248901,-1.0174408,0.07589722,,,,,,-0.13843462,0.2994385,0.48245054,0.0,0.0,0.0,0.0
,,-0.11482696,5.4457116,-6.514725,1690989762931,,-2.8814545,0.8382416,-0.81040955,,,,,,-0.29762042,-0.08843191,0.85131073,0.0,0.0,0.0,0.0
,,-0.04116567,6.1979704,-6.2591434,1690989763183,,-0.565567,-0.33674622,-0.12437439,,,,,,-0.19360135,0.13894601,0.6023435,0.0,0.0,0.0,0.0
,,0.13672434,7.475755,-5.95117,1690989763434,,1.919693,0.1383667,0.52116394,,,,,,0.008164668,0.61378866,0.26657182,0.0,0.0,0.0,0.0
,,0.08656565,6.678447,-6.326581,1690989763685,,2.1913452,-1.5799103,0.10145569,,,,,,-0.030909179,0.3232423,0.44033298,0.0,0.0,0.0,0.0
,,-0.16350912,5.4518576,-6.674578,1690989763936,,-3.0700073,1.3772736,-0.8125458,,,,,,-0.2617853,-0.050948706,0.779001,0.0,0.0,0.0,0.0
,,-0.0056518554,6.1861997,-6.454551,1690989764189,,-0.47395325,-0.4368744,-0.25221252,,,,,,-0.16430171,0.21227424,0.5272953,0.0,0.0,0.0,0.0
,,0.19582061,7.4099555,-6.2081885,1690989764440,,1.9228973,-0.16842651,0.38587952,,,,,,-1.7385483E-4,0.62557083,0.12502392,0.0,0.0,0.0,0.0
,,-0.0485082,5.44268,-6.8565774,1690989764946,,-3.1371155,1.6190796,-0.45887756,,,,,,-0.114356875,0.045640904,0.65803653,0.0,0.0,0.0,0.0
52.43101915,13.19243062,0.15519919,6.7353487,-6.5297694,1690989765000,5.36,2.0485992,-1.5415497,0.002380371,,,,,,-0.0032051683,0.46253633,0.30338338,0.0,0.0,0.0,0.0
,,-0.040408324,6.1448984,-6.518356,1690989765198,,-0.7690277,-0.30265808,-0.11479187,,,,,,-0.10196683,0.2766011,0.49976265,0.0,0.0,0.0,0.0
,,0.17981821,7.4926343,-6.2715535,1690989765448,,1.7875977,0.45581055,0.73635864,,,,,,0.109179564,0.7789644,0.07188533,0.0,0.0,0.0,0.0
,,0.121560164,6.723058,-6.4041123,1690989765700,,2.0209045,-1.5053406,-0.16059875,,,,,,0.048176356,0.4687296,0.3942133,0.0,0.0,0.0,0.0
,,-0.08266602,5.466542,-6.6978807,1690989765953,,-2.9123383,1.1386414,-0.70495605,,,,,,-0.15834941,0.036027733,0.7539614,0.0,0.0,0.0,0.0
,,-0.042243958,6.0936627,-6.356308,1690989766207,,-0.6134949,-0.29412842,-0.24475098,,,,,,-0.19054575,0.15714873,0.5936962,0.0,0.0,0.0,0.0
,,0.14195047,7.495348,-6.060624,1690989766458,,1.8994598,0.17778015,0.5286255,,,,,,-0.13218565,0.68799263,0.1980909,0.0,0.0,0.0,0.0
,,0.07662811,6.782834,-6.2768617,1690989766713,,1.9079742,-1.9655304,0.16323853,,,,,,-0.20585561,0.47591454,0.4709638,0.0,0.0,0.0,0.0
,,-0.08988902,5.4117947,-6.509099,1690989766966,,-3.194641,1.1066895,-0.7582092,,,,,,-0.36701334,-0.09741686,0.8912728,0.0,0.0,0.0,0.0
,,-0.030193584,6.294536,-6.117927,1690989767216,,-0.2907257,-0.4645691,-0.18403625,,,,,,-0.24548493,0.2913295,0.7342367,0.0,0.0,0.0,0.0
,,0.17379303,7.583455,-5.939479,1690989767467,,2.032608,0.96180725,0.7288971,,,,,,-0.02164035,0.7705898,0.29019216,0.0,0.0,0.0,0.0
,,-0.0704951,5.581503,-6.352798,1690989767971,,-2.9858398,0.8020325,-0.95954895,,,,,,-0.16858739,0.08860135,1.0880139,0.0,0.0,0.0,0.0
52.43085595,13.19237175,0.055639647,6.8431277,-6.1131787,1690989768000,5.36,1.4339294,-0.9375458,0.33155823,,,,,,-0.06441149,0.5915592,0.6977936,0.0,0.0,0.0,0.0
,,0.03062083,6.413568,-6.1281414,1690989768224,,0.39956665,-0.37190247,-0.045547485,,,,,,-0.021788383,0.3652856,0.7605593,0.0,0.0,0.0,0.0
,,0.2564341,7.620805,-5.941753,1690989768477,,1.6608429,0.22891235,0.76405334,,,,,,0.23370157,0.8446612,0.40290394,0.0,0.0,0.0,0.0
,,0.00771637,6.579646,-6.3716717,1690989768729,,0.42939758,0.35461426,0.18560791,,,,,,0.07997521,0.47659212,0.6302425,0.0,0.0,0.0,0.0
,,-0.09567363,5.4878507,-6.524222,1690989768981,,-3.2500305,0.635849,-0.84768677,,,,,,-0.057902765,0.08764773,1.0233028,0.0,0.0,0.0,0.0
,,0.0017705281,6.50004,-6.3791733,1690989769231,,1.1005096,-0.32609558,0.10145569,,,,,,0.08007892,0.47651136,0.51659936,0.0,0.0,0.0,0.0
,,0.18771973,7.517576,-6.073913,1690989769481,,2.0475311,-0.70425415,0.6724396,,,,,,0.32723325,0.84154284,0.35709056,0.0,0.0,0.0,0.0
,,-0.090646364,6.401998,-6.4966493,1690989769734,,-0.108566284,1.0065613,0.3805542,,,,,,0.16387767,0.49227315,0.59184605,0.0,0.0,0.0,0.0
,,-0.22276612,5.593196,-6.7058225,1690989769986,,-2.9357758,0.34075928,-0.95848083,,,,,,-0.02872322,0.24915081,0.8267502,0.0,0.0,0.0,0.0
,,-0.08274587,6.7099323,-6.5168,1690989770241,,1.5393982,-0.41557312,0.19839478,,,,,,0.07561917,0.6084451,0.30369326,0.0,0.0,0.0,0.0
,,0.15779114,7.620766,-6.392022,1690989770492,,2.331955,-0.10984802,0.9334259,,,,,,0.28954983,0.9397249,0.028392894,0.0,0.0,0.0,0.0
,,-0.29124147,5.3978295,-6.894884,1690989770995,,-3.0401764,0.20761108,-0.7816467,,,,,,-0.27545184,-0.025545439,0.55647534,0.0,0.0,0.0,0.0
52.43070926,13.19227592,-0.10824483,6.2500854,-6.6938505,1690989771000,5.36,-0.6156311,0.7381134,0.30918884,,,,,,0.034909803,0.4252841,0.42309824,0.0,0.0,0.0,0.0
,,-0.10768585,6.634155,-6.4819245,1690989771248,,1.554306,0.3237152,0.24633789,,,,,,-0.18327448,0.35104933,0.17384608,0.0,0.0,0.0,0.0
,,0.10104879,7.4362125,-6.2389526,1690989771501,,2.60466,-1.4137268,0.79707336,,,,,,-0.03705614,0.65622395,0.05152112,0.0,0.0,0.0,0.0
,,-0.07468567,6.085085,-6.5446925,1690989771753,,-1.0715637,0.8414459,0.09080505,,,,,,-0.20602567,0.18736388,0.5213258,0.0,0.0,0.0,0.0
,,-0.2665802,5.4249244,-6.6420975,1690989772005,,-2.8196716,0.07658386,-0.7614136,,,,,,-0.42742217,-0.06464157,0.7434262,0.0,0.0,0.0,0.0
,,-0.029634094,6.7597713,-6.305154,1690989772256,,1.3263397,0.0211792,0.11956787,,,,,,-0.20236139,0.35899872,0.3112233,0.0,0.0,0.0,0.0
,,0.2520035,7.611109,-6.182011,1690989772508,,2.4640503,-1.3668518,0.93130493,,,,,,0.11612942,0.8450132,0.15377665,0.0,0.0,0.0,0.0
,,0.037841797,6.2141323,-6.4818444,1690989772762,,-0.8617096,0.8723297,0.16217041,,,,,,-0.037945017,0.3780402,0.68458927,0.0,0.0,0.0,0.0
,,-0.14770915,5.510317,-6.650756,1690989773014,,-2.5192566,-0.025680542,-0.93078613,,,,,,-0.20469965,0.08351559,0.8258436,0.0,0.0,0.0,0.0
,,0.0391983,6.815236,-6.280852,1690989773266,,1.5244904,0.42385864,0.2037201,,,,,,0.0070267776,0.49452588,0.4071727,0.0,0.0,0.0,0.0
,,0.2435023,7.5024114,-6.1062336,1690989773517,,2.6600494,-1.3167877,0.9195862,,,,,,0.23899373,0.79314,0.32086378,0.0,0.0,0.0,0.0
52.4305592,13.19219854,0.08241272,6.207108,-6.4162827,1690989774000,4.288,-0.6880646,0.55488586,0.10891724,,,,,,0.11459068,0.41169557,0.80516243,0.0,0.0,0.0,0.0
,,-0.08989003,5.565941,-6.6164784,1690989774026,,-2.6396332,-0.2568512,-0.87965393,,,,,,-0.058622845,0.17100735,0.8814117,0.0,0.0,0.0,0.0
,,0.13719991,6.920301,-6.4034743,1690989774277,,1.919693,-0.14179993,0.505188,,,,,,0.21499753,0.6384612,0.34712404,0.0,0.0,0.0,0.0
,,0.37270966,7.5708447,-6.227859,1690989774528,,2.5364838,-1.228363,1.0484772,,,,,,0.48974547,0.9126762,0.2907195,0.0,0.0,0.0,0.0
,,0.21321563,6.2287755,-6.5587373,1690989774780,,-0.96183777,0.95329285,-8.087158E-4,,,,,,0.3650643,0.5040257,0.7627016,0.0,0.0,0.0,0.0
,,0.034409586,5.6638637,-6.7502737,1690989775033,,-2.7248535,-0.10557556,-0.7891083,,,,,,0.19415188,0.3442095,0.8389839,0.0,0.0,0.0,0.0
,,0.21573028,6.8732944,-6.400521,1690989775286,,1.3444519,0.50268555,0.26657104,,,,,,0.3924013,0.6643008,0.4378288,0.0,0.0,0.0,0.0
,,0.4078659,7.532339,-6.2474113,1690989775537,,2.6323547,-0.8661804,1.0058594,,,,,,0.63672894,0.97479224,0.3791172,0.0,0.0,0.0,0.0
,,0.26493225,6.106752,-6.423226,1690989775788,,-0.821228,0.9010925,0.24739075,,,,,,0.4825745,0.43343604,0.94904953,0.0,0.0,0.0,0.0
,,0.059788514,5.7276306,-6.7960835,1690989776040,,-2.7823792,0.3940277,-0.6868439,,,,,,0.33733946,0.42424405,0.84761685,0.0,0.0,0.0,0.0
,,0.2813324,6.993284,-6.47135,1690989776297,,0.70103455,1.1897736,0.44021606,,,,,,0.48379672,0.77166504,0.42622858,0.0,0.0,0.0,0.0
,,0.4672419,7.4234424,-6.473145,1690989776549,,2.4768372,1.0427704,0.618103,,,,,,0.54076636,0.8568043,0.18936828,0.0,0.0,0.0,0.0
52.43044255,13.19201511,0.32466736,6.1595836,-6.754783,1690989777000,4.288,-1.5061951,1.1493073,-0.104141235,,,,,,0.28716442,0.5317456,0.684653,0.0,0.0,0.0,0.0
,,0.1345276,5.833812,-6.908651,1690989777058,,-2.8388367,-0.30158997,-0.9723358,,,,,,-0.107328095,0.48849997,0.6622934,0.0,0.0,0.0,0.0
,,0.56460625,7.4431944,-6.6358314,1690989777311,,1.1516418,2.5032501,0.5115814,,,,,,0.14461927,1.1707555,0.15788731,0.0,0.0,0.0,0.0
,,0.8572576,7.722558,-6.457224,1690989777561,,2.5727081,-1.2976074,0.62449646,,,,,,0.18898089,1.1071937,0.054754242,0.0,0.0,0.0,0.0
,,0.5133311,6.3365955,-6.596207,1690989777814,,-1.7320251,1.100296,0.0790863,,,,,,-0.1912132,0.58968806,0.6492185,0.0,0.0,0.0,0.0
,,0.3350825,6.2509227,-6.452715,1690989778067,,-2.4489594,-0.5806885,-0.8125458,,,,,,-0.37479365,0.6092793,0.82311535,0.0,0.0,0.0,0.0
,,0.49393767,7.546186,-6.2286973,1690989778319,,1.5606995,0.15859985,0.3720398,,,,,,-0.23867187,0.95267636,0.27343005,0.0,0.0,0.0,0.0
,,0.5507604,7.4076405,-6.292941,1690989778571,,2.347931,-1.6970825,0.3027954,,,,,,-0.090636574,0.81058055,0.26900035,0.0,0.0,0.0,0.0
,,0.08544769,5.562828,-6.4378695,1690989778824,,-3.9499054,1.7170868,-0.6261139,,,,,,-0.5830505,-0.12996204,0.8855361,0.0,0.0,0.0,0.0
,,-0.13633524,6.184802,-6.2609773,1690989779075,,0.32713318,0.08190918,0.41889954,,,,,,-0.7844592,0.29720992,0.7299889,0.0,0.0,0.0,0.0
,,0.35132295,7.389604,-6.142105,1690989779327,,2.3372803,-0.18974304,0.7331543,,,,,,-0.5438238,0.7073648,0.16657795,0.0,0.0,0.0,0.0
,,0.14534251,6.6821976,-6.316004,1690989779580,,-0.614563,0.87020874,-0.10733032,,,,,,-0.7215206,0.41322118,0.31413805,0.0,0.0,0.0,0.0
52.43036972,13.19180389,0.17327423,5.7616673,-6.4065046,1690989780000,4.288,-2.7749176,0.027572632,-1.246109,,,,,,-0.9127327,-0.011192926,0.6578611,0.0,0.0,0.0,0.0
,,0.13728078,6.586151,-6.1059537,1690989780087,,1.392395,1.0971069,0.200531,,,,,,-0.9178321,0.28828457,0.32831496,0.0,0.0,0.0,0.0
,,0.5237442,7.5988584,-6.133287,1690989780343,,2.9615326,-1.5383606,0.5786896,,,,,,-0.5933909,0.7944121,-0.0058211805,0.0,0.0,0.0,0.0
,,0.2978119,5.885407,-6.301799,1690989780593,,-2.7994232,1.5818024,-0.80722046,,,,,,-0.6355557,-0.037691593,0.6023752,0.0,0.0,0.0,0.0
,,0.23205109,5.9794188,-6.367998,1690989780845,,-0.92774963,-1.6331635,-0.6538086,,,,,,-0.56699276,0.14126469,0.6218661,0.0,0.0,0.0,0.0
,,0.49828592,7.0602016,-6.059865,1690989781099,,1.9889374,-0.040603638,0.9249115,,,,,,-0.1839792,0.49404895,0.31237903,0.0,0.0,0.0,0.0
,,0.38663685,6.9952784,-6.196335,1690989781350,,0.59451294,-0.16098022,0.5712433,,,,,,-0.14118773,0.6255747,0.4286632,0.0,0.0,0.0,0.0
,,0.29138795,5.7667737,-6.510773,1690989781604,,-2.858017,0.9650116,-0.94996643,,,,,,-0.32523784,0.014475616,0.7582713,0.0,0.0,0.0,0.0
,,0.18360952,6.411293,-6.2557116,1690989781855,,1.6587067,0.56340027,0.2836151,,,,,,-0.33274633,0.26461664,0.51563525,0.0,0.0,0.0,0.0
,,0.564327,7.702686,-6.066889,1690989782108,,3.2630005,-2.6238708,0.7864227,,,,,,-0.11570922,0.90479094,0.22525916,0.0,0.0,0.0,0.0
,,0.29019114,6.23979,-6.162059,1690989782361,,-2.4691925,1.1397095,-0.79655457,,,,,,-0.31381172,0.20689636,0.74767655,0.0,0.0,0.0,0.0
,,0.19673768,6.211578,-6.4334416,1690989782615,,-1.0864868,-0.56578064,-0.5568695,,,,,,-0.48565444,0.34430677,0.6071078,0.0,0.0,0.0,0.0
52.43028725,13.19158127,0.34825084,6.998991,-6.18612,1690989783000,3.216,1.7865448,0.81373596,0.760849,,,,,,-0.31029424,0.46907577,0.20394982,0.0,0.0,0.0,0.0
,,0.42598215,7.1449976,-6.1982107,1690989783140,,0.3377838,-0.0033111572,0.13661194,,,,,,-0.22050577,0.66352344,0.26367745,0.0,0.0,0.0,0.0
,,0.21513265,5.9087915,-6.5033917,1690989783395,,-2.6779785,0.98205566,-0.9148102,,,,,,-0.53006524,0.106836125,0.62568843,0.0,0.0,0.0,0.0
,,0.075111896,6.3248234,-6.5497994,1690989783647,,1.3849335,-0.30584717,0.4274292,,,,,,-0.49309838,0.25121433,0.26565006,0.0,0.0,0.0,0.0
,,0.45295665,7.449938,-6.2081075,1690989783901,,1.488266,-0.49546814,0.5339508,,,,,,-0.12489558,0.5590492,0.003243812,0.0,0.0,0.0,0.0
,,0.3120575,6.6233,-6.1658893,1690989784153,,-0.08938599,0.79563904,0.74380493,,,,,,-0.12722977,0.24517861,0.50676864,0.0,0.0,0.0,0.0
,,0.23280893,5.5775924,-6.33504,1690989784403,,-2.891037,0.40681458,-0.863678,,,,,,-0.2318681,-0.120683126,0.9317663,0.0,0.0,0.0,0.0
,,0.29014996,6.715197,-6.0423093,1690989784654,,0.71061707,-0.6690979,0.15898132,,,,,,-0.034269463,0.37733337,0.6001871,0.0,0.0,0.0,0.0
,,0.56392723,7.600014,-5.843989,1690989784907,,1.9718933,0.22572327,0.77363586,,,,,,0.32902706,0.71181947,0.36362895,0.0,0.0,0.0,0.0
,,0.38867188,6.418795,-5.9943843,1690989785160,,0.28770447,0.38656616,0.55952454,,,,,,0.17263953,0.29836875,0.9225594,0.0,0.0,0.0,0.0
,,0.11948395,5.871042,-6.3018794,1690989785413,,-3.0316467,0.10107422,-1.1512909,,,,,,-0.11464836,0.24201706,1.0031855,0.0,0.0,0.0,0.0
,,0.33005422,6.954658,-6.2130947,1690989785666,,1.3135681,1.1716766,0.4540558,,,,,,0.08190071,0.59087765,0.40674543,0.0,0.0,0.0,0.0
52.43020857,13.19133699,0.43132883,7.6397586,-6.1825686,1690989786000,3.216,3.109604,-0.99720764,0.7161102,,,,,,0.16387527,0.9424407,0.23451526,0.0,0.0,0.0,0.0
,,0.22000071,6.0295787,-6.3996825,1690989786181,,-3.495041,1.0502319,-1.1672668,,,,,,-0.13238667,0.19522242,0.7518774,0.0,0.0,0.0,0.0
,,0.12515004,6.3855968,-6.439666,1690989786434,,0.37931824,0.017990112,0.071624756,,,,,,-0.2827136,0.50865847,0.5897297,0.0,0.0,0.0,0.0
,,0.41157582,7.2693763,-6.2323685,1690989786686,,2.681366,-0.8896179,0.87590027,,,,,,-0.21117678,0.7069159,0.28674966,0.0,0.0,0.0,0.0
,,0.18404694,6.8653946,-6.3135314,1690989786939,,-1.7341614,1.5093536,-0.38217163,,,,,,-0.406359,0.5705995,0.3979564,0.0,0.0,0.0,0.0
,,0.17830099,6.2000456,-6.362772,1690989787191,,-2.2955475,-0.33781433,-0.7955017,,,,,,-0.59201777,0.2986482,0.76253974,0.0,0.0,0.0,0.0
,,0.08756053,6.7178717,-6.2345624,1690989787444,,1.6235504,-0.034210205,0.41677856,,,,,,-0.6006728,0.44424587,0.47924963,0.0,0.0,0.0,0.0
,,0.391744,7.5844526,-6.2231107,1690989787696,,2.5034637,-2.0571442,0.5158386,,,,,,-0.33704388,0.9769208,0.3233373,0.0,0.0,0.0,0.0
,,0.1451009,5.8956623,-6.279055,1690989787947,,-3.5909119,0.92985535,-0.81147766,,,,,,-0.50643903,0.096981876,0.93720096,0.0,0.0,0.0,0.0
,,0.002087911,6.2703953,-6.3775764,1690989788197,,0.834198,-0.15138245,0.1568451,,,,,,-0.44094437,0.44821912,0.74428636,0.0,0.0,0.0,0.0
,,0.4873525,7.446347,-6.0824113,1690989788449,,2.2925415,-0.38894653,1.1837616,,,,,,0.042326722,0.899122,0.5544426,0.0,0.0,0.0,0.0
,,0.3059911,6.778006,-6.283404,1690989788700,,-0.9320221,1.1493073,0.17602539,,,,,,0.054094553,0.7460853,0.7129472,0.0,0.0,0.0,0.0
52.43015018,13.19109529,0.36249542,5.901649,-6.4316053,1690989789000,4.288,-3.0114136,0.157547,-0.863678,,,,,,0.038076412,0.4004232,1.0774022,0.0,0.0,0.0,0.0
,,0.18281098,6.6518717,-6.1937413,1690989789206,,1.3178253,0.70614624,0.37097168,,,,,,0.04560417,0.59759676,0.7470856,0.0,0.0,0.0,0.0
,,0.57909137,7.830658,-6.1667266,1690989789459,,3.1532745,-2.56102,0.59680176,,,,,,0.4064093,1.2730477,0.5073407,0.0,0.0,0.0,0.0
,,0.42793733,6.174788,-6.375501,1690989789713,,-2.4414978,0.64756775,-0.46099854,,,,,,0.34003153,0.54252553,1.0184178,0.0,0.0,0.0,0.0
,,0.22004089,6.309382,-6.3043137,1690989789966,,-0.07766724,-1.0174408,-0.9712677,,,,,,0.1558583,0.77718925,1.0953215,0.0,0.0,0.0,0.0
,,0.433963,7.355489,-6.1205597,1690989790219,,1.4701538,0.115997314,0.59680176,,,,,,0.3892167,0.9206652,0.66716766,0.0,0.0,0.0,0.0
,,0.4830836,7.5173364,-6.3411856,1690989790472,,2.0038605,-1.9911041,0.3720398,,,,,,0.50592303,1.1774985,0.52893156,0.0,0.0,0.0,0.0
,,0.3754242,5.9850874,-6.4571047,1690989790724,,-3.39917,1.3314667,-0.83810425,,,,,,0.2606971,0.45139778,1.115207,0.0,0.0,0.0,0.0
,,0.21513316,6.439507,-6.480089,1690989790977,,0.7266083,-0.77349854,0.2548523,,,,,,0.104412556,0.5898307,0.68258953,0.0,0.0,0.0,0.0
,,0.5288528,7.6575565,-6.1857224,1690989791240,,2.2616425,-0.8086548,0.903595,,,,,,0.24425624,0.95130384,0.38066196,0.0,0.0,0.0,0.0
,,0.3764216,6.5868306,-6.5408616,1690989791493,,-0.5698242,0.9745941,0.43382263,,,,,,0.16575819,0.5045219,0.49915993,0.0,0.0,0.0,0.0
,,0.3575877,5.9129024,-6.4826016,1690989791744,,-2.3392334,-0.5391388,-1.0373077,,,,,,0.0062994063,0.432226,0.97565174,0.0,0.0,0.0,0.0
52.43011644,13.19086922,0.2128184,6.7264915,-6.169599,1690989792000,6.432,1.5798798,0.940506,0.49560547,,,,,,0.021779863,0.6856232,0.6909918,0.0,0.0,0.0,0.0
,,0.68459576,7.879858,-6.1411085,1690989792248,,2.76445,-1.3274384,1.3020172,,,,,,0.47244692,1.3266397,0.40193728,0.0,0.0,0.0,0.0
,,0.43252614,6.310298,-6.259741,1690989792501,,-2.0366974,1.1620789,-0.2191925,,,,,,0.29486766,0.67424846,1.0368295,0.0,0.0,0.0,0.0
,,0.21908315,5.8559585,-6.3488846,1690989792753,,-2.236969,0.73490906,-0.94462585,,,,,,0.008120209,0.4582754,1.1207459,0.0,0.0,0.0,0.0
,,0.35734862,7.2414026,-6.1973724,1690989793005,,2.2478027,0.31306458,0.56910706,,,,,,0.07047658,0.95695585,0.5028443,0.0,0.0,0.0,0.0
,,0.5569051,7.525754,-6.1595845,1690989793257,,3.2608643,-3.1586304,0.76724243,,,,,,0.17897868,1.0963396,0.47950527,0.0,0.0,0.0,0.0
,,0.4391098,5.9264274,-6.3328457,1690989793510,,-2.9794617,1.1546326,-0.63783264,,,,,,-0.073861636,0.4142136,1.0693765,0.0,0.0,0.0,0.0
,,0.31333363,5.995101,-6.271913,1690989793763,,-1.2100525,-0.892807,-0.3949585,,,,,,-0.24096671,0.3924842,0.9664935,0.0,0.0,0.0,0.0
,,0.60642344,7.396627,-5.898658,1690989794016,,1.8110352,-1.1271667,0.7565918,,,,,,-0.00881819,0.8804369,0.6384666,0.0,0.0,0.0,0.0
,,0.69995725,7.3250804,-6.114136,1690989794270,,1.6651001,-0.6137085,0.49346924,,,,,,0.123436525,1.0740672,0.67371356,0.0,0.0,0.0,0.0
,,0.68295795,5.7930303,-6.1995697,1690989794523,,-3.0518951,1.1013641,-1.166214,,,,,,-0.07015643,0.35492358,1.2751251,0.0,0.0,0.0,0.0
,,0.6248581,6.480166,-6.1814547,1690989794775,,0.80436707,-0.2334137,0.3027954,,,,,,-0.115822315,0.6091758,0.8298681,0.0,0.0,0.0,0.0
52.43015407,13.19066957,1.0253682,7.7926273,-5.8698487,1690989795000,6.432,1.4339294,-0.31863403,1.3904266,,,,,,0.1304016,1.0762771,0.5316547,0.0,0.0,0.0,0.0
,,0.70035607,6.8130007,-6.0718393,1690989795277,,-0.10749817,0.6667328,0.03753662,,,,,,-0.13983001,0.71047026,0.82994485,0.0,0.0,0.0,0.0
,,0.6914571,6.0249095,-6.383963,1690989795530,,-2.333908,-0.14605713,-0.8988342,,,,,,-0.29021713,0.476662,0.991741,0.0,0.0,0.0,0.0
,,0.70925397,6.819186,-6.1822915,1690989795784,,0.77879333,1.0257263,0.51371765,,,,,,-0.21725123,0.64232343,0.61849964,0.0,0.0,0.0,0.0
,,0.9736944,7.7125425,-5.8585553,1690989796035,,2.9849548,-1.6310425,1.4681854,,,,,,0.026077915,0.9523365,0.55554086,0.0,0.0,0.0,0.0
,,0.569514,6.265727,-6.0125413,1690989796287,,-1.8800964,1.227066,-0.418396,,,,,,-0.45076507,0.35371268,1.0981293,0.0,0.0,0.0,0.0
,,0.50495046,5.9884,-6.209784,1690989796539,,-2.077179,-0.5604553,-1.3835144,,,,,,-0.7166976,0.23725267,0.9867261,0.0,0.0,0.0,0.0
,,0.74792224,7.1646304,-5.9491343,1690989796788,,1.2059631,0.48989868,0.5019989,,,,,,-0.53863996,0.5407894,0.41127142,0.0,0.0,0.0,0.0
,,0.9103297,7.531941,-5.76135,1690989797040,,2.6941376,-1.3498077,0.2505951,,,,,,-0.43812406,0.67641556,0.48287833,0.0,0.0,0.0,0.0
,,0.676297,5.926748,-5.8966227,1690989797292,,-3.0422974,1.1642151,-0.89030457,,,,,,-0.77675545,-0.06077833,1.0200905,0.0,0.0,0.0,0.0
,,0.51017916,6.370234,-6.048934,1690989797546,,-0.3972473,-0.043792725,-0.5526123,,,,,,-0.93509066,0.28177872,0.6701495,0.0,0.0,0.0,0.0
,,0.88399404,7.578947,-5.8249164,1690989797798,,1.7396698,-0.42303467,0.89933777,,,,,,-0.4785505,0.629103,0.17870535,0.0,0.0,0.0,0.0
52.43024694,13.19048507,0.6570633,7.192721,-5.937723,1690989798000,7.504,1.02594,0.18736267,0.37097168,,,,,,-0.5306538,0.57289803,0.41003397,0.0,0.0,0.0,0.0
,,0.5855962,6.1003666,-6.1460986,1690989798304,,-2.8260498,0.877655,-1.3164062,,,,,,-0.7517703,0.19387381,0.88207644,0.0,0.0,0.0,0.0
,,0.54657084,6.7698655,-6.264771,1690989798557,,1.3657532,-0.03527832,0.15045166,,,,,,-0.7321333,0.47240382,0.23025967,0.0,0.0,0.0,0.0
,,0.97900337,8.025904,-5.8391213,1690989798812,,2.8038635,-3.0041656,1.0495453,,,,,,-0.3729057,1.0093362,0.1295864,0.0,0.0,0.0,0.0
,,0.77661335,6.743849,-6.116968,1690989799064,,-1.7011414,1.3186798,-0.10839844,,,,,,-0.5369962,0.44496486,0.4709743,0.0,0.0,0.0,0.0
,,0.7306045,6.3044724,-6.2183623,1690989799317,,-2.1187134,-0.5071869,-1.2716675,,,,,,-0.7029248,0.351232,0.6997974,0.0,0.0,0.0,0.0
,,0.8809611,7.2178617,-5.9931874,1690989799568,,1.1186218,0.77645874,0.725708,,,,,,-0.41087613,0.6122846,0.2795477,0.0,0.0,0.0,0.0
,,1.1107249,7.794705,-5.942311,1690989799821,,2.6398163,-1.1229095,0.54034424,,,,,,-0.107594036,0.9174849,0.19556613,0.0,0.0,0.0,0.0
,,0.86906993,6.3312893,-5.944704,1690989800090,,-3.2084808,1.1887207,-1.2961731,,,,,,-0.34207836,0.30668315,0.9864634,0.0,0.0,0.0,0.0
,,0.74469095,6.6424947,-6.1291776,1690989800342,,-0.052108765,-0.25045776,0.014099121,,,,,,-0.40648225,0.52263945,0.60984594,0.0,0.0,0.0,0.0
,,1.1142756,7.731697,-5.8305407,1690989800596,,1.4211578,-0.09918213,1.1198425,,,,,,-0.066730335,0.82542443,0.25427383,0.0,0.0,0.0,0.0
,,1.0263286,7.301539,-5.9344893,1690989800848,,-0.00843811,0.5879059,0.3720398,,,,,,-0.14152935,0.7162629,0.42035338,0.0,0.0,0.0,0.0
52.4302913,13.1904257,0.9845093,6.3019195,-5.9007716,1690989801000,7.504,-2.9986267,0.21080017,-1.0692749,,,,,,-0.43948743,0.30180484,0.9977673,0.0,0.0,0.0,0.0
,,0.8018321,6.956095,-5.8073583,1690989801355,,1.4626923,0.8030853,0.49346924,,,,,,-0.5123707,0.53112864,0.55524045,0.0,0.0,0.0,0.0
,,1.235701,8.001124,-5.635056,1690989801609,,2.9455414,-1.7886963,0.78855896,,,,,,-0.19306612,0.91867507,0.23694444,0.0,0.0,0.0,0.0
,,0.926769,6.4401455,-5.861507,1690989801864,,-2.1144562,1.545578,-0.61972046,,,,,,-0.48436934,0.16576399,0.7511851,0.0,0.0,0.0,0.0
,,0.81348366,6.253996,-5.9160953,1690989802115,,-1.8769073,-0.9631195,-1.0106812,,,,,,-0.62617135,0.2081509,0.9150277,0.0,0.0,0.0,0.0
,,0.8316396,7.243599,-5.701734,1690989802365,,1.3966522,0.104278564,0.5563202,,,,,,-0.43508747,0.5018781,0.4691612,0.0,0.0,0.0,0.0
,,0.9946849,7.5257154,-5.9024878,1690989802617,,2.5109253,-1.0771027,0.61065674,,,,,,-0.24192855,0.6327398,0.209119,0.0,0.0,0.0,0.0
,,0.8671534,6.067566,-6.1798954,1690989802869,,-2.5533447,1.2025604,-1.166214,,,,,,-0.47647354,0.039818883,0.7142455,0.0,0.0,0.0,0.0
,,0.61584216,6.2220316,-6.181213,1690989803121,,-1.0673065,-0.381485,-0.65808105,,,,,,-0.6160731,0.13504891,0.6080124,0.0,0.0,0.0,0.0
,,0.7993581,7.5717225,-5.8623056,1690989803372,,1.43927,0.78497314,0.5563202,,,,,,-0.3197973,0.5989624,0.1361251,0.0,0.0,0.0,0.0
,,0.9422923,7.426195,-5.9456234,1690989803626,,2.940216,-1.8014832,0.7342224,,,,,,-0.17389345,0.5368403,0.20205681,0.0,0.0,0.0,0.0
,,0.8307622,5.9845667,-6.2891912,1690989803878,,-1.9770355,1.0140076,-0.5952301,,,,,,-0.33282858,-0.008311859,0.6424127,0.0,0.0,0.0,0.0
52.43034267,13.19037023,0.70937604,6.2031183,-6.1844845,1690989804000,8.576,-2.1325684,-0.49440002,-0.70495605,,,,,,-0.40664202,0.042691104,0.5592813,0.0,0.0,0.0,0.0
,,0.83024293,7.580742,-5.762187,1690989804388,,1.1463165,0.72213745,0.43701172,,,,,,-0.10782426,0.54352456,0.18783717,0.0,0.0,0.0,0.0
,,1.0739721,7.423922,-5.8496947,1690989804639,,2.7250366,-2.009201,0.6862793,,,,,,0.052274045,0.47751588,0.24954668,0.0,0.0,0.0,0.0
,,0.9834707,6.214172,-6.229096,1690989804893,,-1.6255035,1.2313232,-0.27565002,,,,,,-0.16979074,0.111957856,0.6543244,0.0,0.0,0.0,0.0
,,0.8177516,6.1355224,-6.187437,1690989805143,,-2.381836,-0.06616211,-1.3004303,,,,,,-0.3883069,0.024194272,0.62913543,0.0,0.0,0.0,0.0
,,0.9657135,7.638842,-5.7956257,1690989805396,,1.0504456,1.0587463,0.47109985,,,,,,-0.1745208,0.6003738,0.12803285,0.0,0.0,0.0,0.0
,,1.249027,7.849731,-5.740559,1690989805647,,2.268036,-0.684021,0.9600525,,,,,,0.059322443,0.7209985,0.12660922,0.0,0.0,0.0,0.0
,,1.1147125,6.510774,-6.1612997,1690989805898,,-1.3453369,0.98524475,-0.18510437,,,,,,-0.20766398,0.2466319,0.5466408,0.0,0.0,0.0,0.0
,,0.8644796,6.101764,-6.2832847,1690989806151,,-2.110199,-0.15777588,-1.3984375,,,,,,-0.45756817,0.04425335,0.5704343,0.0,0.0,0.0,0.0
,,0.98845977,7.4663796,-5.921121,1690989806403,,0.98013306,1.0789948,0.47216797,,,,,,-0.18690087,0.5335092,0.076673016,0.0,0.0,0.0,0.0
,,1.237975,7.8245115,-5.8929896,1690989806655,,2.016632,-0.1396637,1.1826935,,,,,,0.15319854,0.68586487,-0.05084556,0.0,0.0,0.0,0.0
,,1.1048976,6.5327597,-6.2330065,1690989806906,,-1.0364075,0.88298035,-0.14141846,,,,,,-0.042037655,0.23590237,0.46567073,0.0,0.0,0.0,0.0
52.43042021,13.19030767,0.7855118,6.039594,-6.2861576,1690989807000,8.576,-2.318985,-0.1556549,-1.1512909,,,,,,-0.27628228,0.009718927,0.61801535,0.0,0.0,0.0,0.0
,,0.829126,7.2922797,-5.6897626,1690989807411,,-0.16288757,-0.01184082,-0.027435303,,,,,,-0.03248504,0.36250106,0.27699035,0.0,0.0,0.0,0.0
,,0.6978836,7.81254,-5.029561,1690989807665,,-0.061691284,0.0073394775,0.1568451,,,,,,0.14514594,0.3412488,0.23896469,0.0,0.0,0.0,0.0
,,0.50175935,7.6268706,-4.546172,1690989807918,,-0.0435791,-0.03527832,0.22290039,,,,,,0.024376,0.08526449,0.5343572,0.0,0.0,0.0,0.0
,,-0.011077881,7.729742,-3.9800231,1690989808176,,0.20036316,-0.36018372,-0.06047058,,,,,,-0.26975784,-0.09180603,0.5946845,0.0,0.0,0.0,0.0
,,0.058073934,8.895918,-3.232873,1690989808430,,-0.06915283,0.46113586,0.08654785,,,,,,-0.09659405,0.14340822,0.27545765,0.0,0.0,0.0,0.0
,,0.057874043,9.594346,-2.749763,1690989808681,,1.2475128,-0.6360779,0.18881226,,,,,,0.0623358,0.2591044,0.007504336,0.0,0.0,0.0,0.0
,,0.28181154,9.514819,-2.9768927,1690989808932,,2.6472778,-1.3327637,1.5353088,,,,,,0.13953325,0.33912724,0.09430412,0.0,0.0,0.0,0.0
,,0.15743256,8.429728,-3.8587966,1690989809186,,-0.3141632,0.59643555,0.64686584,,,,,,-0.119305365,0.13011855,0.17295854,0.0,0.0,0.0,0.0
,,0.33935037,7.682376,-4.466644,1690989809439,,-2.9794617,0.08403015,-1.1459656,,,,,,-0.18370663,0.085166596,0.40958536,0.0,0.0,0.0,0.0
,,0.6559041,7.945658,-4.9614053,1690989809691,,1.2432556,0.77752686,0.5478058,,,,,,0.08475826,0.46391004,0.14633779,0.0,0.0,0.0,0.0
,,0.821903,7.694865,-5.4044523,1690989809944,,1.9654999,-0.26750183,0.9302368,,,,,,0.040522557,0.44792736,0.2305678,0.0,0.0,0.0,0.0
52.43052353,13.19018912,0.76069134,6.575896,-6.171874,1690989810000,8.576,-1.0886078,0.8733978,0.05671692,,,,,,-0.19712418,0.25651595,0.49523765,0.0,0.0,0.0,0.0
,,0.64828336,5.8814974,-6.315726,1690989810449,,-2.6492157,-0.44007874,-1.2524872,,,,,,-0.44646156,-0.04355267,0.69380635,0.0,0.0,0.0,0.0
,,0.8099711,7.2348194,-5.9391184,1690989810701,,1.5766754,0.5474243,0.44021606,,,,,,-0.20625372,0.4849528,0.24683672,0.0,0.0,0.0,0.0
,,0.9925298,7.954078,-5.78589,1690989810952,,2.7037354,-1.7514191,0.72250366,,,,,,-0.016858231,0.7962522,0.07922745,0.0,0.0,0.0,0.0
,,0.7414566,6.455268,-6.105995,1690989811205,,-1.3666382,0.717865,-0.26072693,,,,,,-0.39416197,0.16278301,0.5782343,0.0,0.0,0.0,0.0
,,0.68339694,6.3021593,-6.202122,1690989811457,,-2.2955475,-1.193222,-0.95954895,,,,,,-0.39083064,0.28464907,0.68846023,0.0,0.0,0.0,0.0
,,0.6286494,7.4722447,-5.7782683,1690989811709,,1.4808044,0.7796478,0.49453735,,,,,,-0.21653669,0.6402065,0.33215636,0.0,0.0,0.0,0.0
,,0.8388209,7.8790994,-5.769729,1690989811962,,2.9764404,-1.4573975,0.75019836,,,,,,0.0486895,0.86598223,0.24759065,0.0,0.0,0.0,0.0
,,0.754186,6.282965,-6.074271,1690989812215,,-2.2050018,0.8627472,-0.56114197,,,,,,-0.13731273,0.2288162,0.8503925,0.0,0.0,0.0,0.0
,,0.5701116,6.350322,-6.1439424,1690989812468,,-1.6542664,-0.8842926,-0.83917236,,,,,,-0.2572994,0.3580017,0.8047839,0.0,0.0,0.0,0.0
,,0.7269323,7.587446,-5.84331,1690989812721,,1.3125,0.5644684,0.8023987,,,,,,0.040710527,0.7100361,0.3201447,0.0,0.0,0.0,0.0
,,0.78690696,7.3859735,-6.005996,1690989812976,,2.223297,-0.8150482,0.49560547,,,,,,0.049106207,0.57099307,0.24953519,0.0,0.0,0.0,0.0
52.4306487,13.18997712,0.78977966,6.035445,-6.3298516,1690989813000,8.576,-2.8260498,1.1066895,-1.1438446,,,,,,-0.15718427,0.058450427,0.70852816,0.0,0.0,0.0,0.0
,,0.519634,6.530047,-6.2299337,1690989813480,,-0.29605103,0.2672577,0.0982666,,,,,,-0.30465928,0.3337997,0.4993818,0.0,0.0,0.0,0.0
,,0.7392227,7.826427,-5.828107,1690989813733,,1.8515167,-0.104522705,1.0804291,,,,,,-0.076443516,0.76527107,0.1800511,0.0,0.0,0.0,0.0
,,0.6656408,7.1129146,-5.8039246,1690989813985,,0.9886627,-0.7383423,0.47323608,,,,,,-0.20488392,0.44638616,0.5692442,0.0,0.0,0.0,0.0
,,0.56691945,5.9212413,-5.945102,1690989814238,,-2.984787,0.36740112,-1.3483734,,,,,,-0.48314056,-0.032208513,1.088221,0.0,0.0,0.0,0.0
,,0.51197207,6.7011924,-5.72743,1690989814489,,0.613678,0.11174011,0.69906616,,,,,,-0.3515706,0.34429792,0.77681416,0.0,0.0,0.0,0.0
,,0.66236776,7.8422685,-5.427397,1690989814741,,2.352188,-0.30158997,1.1464844,,,,,,-0.20585972,0.7709852,0.49035186,0.0,0.0,0.0,0.0
,,0.6616094,6.678368,-5.733096,1690989814993,,-1.0278931,1.1215973,0.31558228,,,,,,-0.35042763,0.2862088,0.8149774,0.0,0.0,0.0,0.0
,,0.62453866,6.1340866,-5.912063,1690989815248,,-2.5661316,-0.36763,-1.34198,,,,,,-0.5295121,0.20547093,1.0698091,0.0,0.0,0.0,0.0
,,0.73742574,7.0412097,-5.9372425,1690989815502,,1.3156891,0.7466278,0.6095886,,,,,,-0.2473866,0.44084814,0.34754607,0.0,0.0,0.0,0.0
,,1.0761261,8.030932,-5.8038464,1690989815755,,3.1340942,-1.6384888,0.7853546,,,,,,0.031106535,0.97154456,0.13678464,0.0,0.0,0.0,0.0
52.43078488,13.18971255,0.87653047,6.4351974,-6.1716356,1690989816000,8.576,-1.9908905,-0.50505066,-1.4069519,,,,,,-0.3538346,0.42046496,0.7341487,0.0,0.0,0.0,0.0
,,0.92497253,6.5547876,-6.0710387,1690989816007,,-2.1719818,0.971405,-0.5068054,,,,,,-0.27195388,0.32019714,0.65066713,0.0,0.0,0.0,0.0
,,0.9085729,7.487927,-5.886606,1690989816513,,1.47229,0.094696045,0.51478577,,,,,,-0.16808556,0.6921708,0.24619058,0.0,0.0,0.0,0.0
,,1.0787212,7.675512,-5.8245163,1690989816767,,3.1085358,-1.6321106,0.7043915,,,,,,-0.0057067433,0.76001275,0.18768524,0.0,0.0,0.0,0.0
,,0.94735974,6.133406,-6.11238,1690989817020,,-2.55867,0.8158722,-0.7933655,,,,,,-0.30197668,0.1085908,0.7145992,0.0,0.0,0.0,0.0
,,0.80394644,6.432402,-6.0560365,1690989817273,,-0.56663513,-0.081085205,-0.30973816,,,,,,-0.3427739,0.3053788,0.57512146,0.0,0.0,0.0,0.0
,,0.8958435,7.77495,-5.6830597,1690989817527,,1.5947876,-0.012908936,0.8972168,,,,,,-0.16518502,0.7822834,0.19648519,0.0,0.0,0.0,0.0
,,1.0143565,7.265703,-5.7885237,1690989817779,,1.8248901,-1.2688446,0.5041199,,,,,,-0.059872396,0.511091,0.31433252,0.0,0.0,0.0,0.0
,,0.9455627,5.9166102,-5.945024,1690989818033,,-2.9144745,0.85528564,-1.3856506,,,,,,-0.28992924,-0.1151578,0.86860883,0.0,0.0,0.0,0.0
,,0.8052221,6.632756,-5.9235163,1690989818287,,0.6349945,0.08403015,0.33900452,,,,,,-0.23698832,0.25587556,0.5001398,0.0,0.0,0.0,0.0
,,1.1220546,7.972991,-5.693672,1690989818538,,2.0571136,-0.68081665,1.1060028,,,,,,0.063167356,0.8546926,0.14562108,0.0,0.0,0.0,0.0
,,0.9797999,6.702588,-5.9734344,1690989818792,,-1.1259003,1.1737976,0.2239685,,,,,,-0.11948163,0.23928817,0.4757315,0.0,0.0,0.0,0.0
52.43096116,13.18900611,0.9098892,6.9876175,-5.894466,1690989819000,6.432,1.1441803,0.8872528,0.6766968,,,,,,-0.1116378,0.37489906,0.3799858,0.0,0.0,0.0,0.0
,,0.9838303,6.1955357,-6.1132154,1690989819044,,-2.9027557,-0.44752502,-1.1161346,,,,,,-0.24899442,0.17291692,0.78329635,0.0,0.0,0.0,0.0
,,1.1753266,8.017484,-5.7442307,1690989819551,,3.4579315,-1.703476,0.6415405,,,,,,0.09289988,0.9651338,0.21041402,0.0,0.0,0.0,0.0
,,0.8702657,6.3020782,-6.0869207,1690989819804,,-2.222046,1.3708801,-0.3480835,,,,,,-0.3584335,0.04440333,0.6392212,0.0,0.0,0.0,0.0
,,0.7505549,6.287992,-5.7332973,1690989820058,,-1.4252319,0.01159668,0.024765015,,,,,,-0.43174306,0.08842101,1.0048788,0.0,0.0,0.0,0.0
,,0.8925705,7.515858,-5.442003,1690989820311,,1.5180969,-0.52423096,0.4817505,,,,,,-0.2166041,0.53918624,0.5663551,0.0,0.0,0.0,0.0
,,1.026327,7.383339,-5.693674,1690989820570,,1.1601562,-0.70957947,0.3997345,,,,,,-0.15421909,0.50198287,0.37392867,0.0,0.0,0.0,0.0
,,0.9904943,6.2480483,-5.792354,1690989820825,,-3.3608246,0.5442352,-1.6093597,,,,,,-0.45134252,0.07860818,0.96953857,0.0,0.0,0.0,0.0
,,0.8767695,6.7169538,-5.7731204,1690989821079,,0.9353943,0.016921997,0.42103577,,,,,,-0.34547183,0.31591195,0.6083475,0.0,0.0,0.0,0.0
,,1.3182607,8.039511,-5.4222107,1690989821331,,2.5119781,-0.54766846,1.0665894,,,,,,0.08674812,0.92621034,0.37404665,0.0,0.0,0.0,0.0
,,1.1122793,6.893088,-5.9092712,1690989821581,,-1.8662567,1.116272,-0.25221252,,,,,,-0.2089404,0.4206414,0.44546467,0.0,0.0,0.0,0.0
,,1.155455,6.50798,-6.021719,1690989821835,,-1.7821045,-0.62649536,-0.9978943,,,,,,-0.31398347,0.35001835,0.6657497,0.0,0.0,0.0,0.0
52.4310826,13.18879893,1.3735657,7.947813,-5.7516127,1690989822000,6.432,1.900528,-0.73301697,0.58721924,,,,,,0.049109522,0.8246946,0.06765585,0.0,0.0,0.0,0.0
,,1.093365,7.221292,-5.709754,1690989822087,,1.0600281,0.7093506,0.6404877,,,,,,-0.17074616,0.48660582,0.39355734,0.0,0.0,0.0,0.0
,,1.370932,6.5474834,-6.1180053,1690989822591,,-0.8894043,0.33543396,-0.42478943,,,,,,-0.18205397,0.22189344,0.4924993,0.0,0.0,0.0,0.0
,,1.2809895,6.059265,-6.319518,1690989822843,,-2.1996765,-0.3164978,-1.1161346,,,,,,-0.29095867,0.10504425,0.6238296,0.0,0.0,0.0,0.0
,,1.3636699,7.299182,-6.0701222,1690989823094,,0.4624176,0.18417358,0.29959106,,,,,,0.027914714,0.537446,0.13995552,0.0,0.0,0.0,0.0
,,1.3144684,7.5314193,-5.9319763,1690989823347,,1.3572388,0.2214508,0.99308777,,,,,,0.10731861,0.5300876,0.08912976,0.0,0.0,0.0,0.0
,,1.4078028,6.681478,-6.220996,1690989823598,,1.7918701,-0.7916107,0.505188,,,,,,0.008779748,0.2378198,0.43541798,0.0,0.0,0.0,0.0
,,1.1738896,5.7633414,-6.546607,1690989823851,,-1.6052704,0.82333374,-0.36193848,,,,,,-0.12065756,-0.080759786,0.5389078,0.0,0.0,0.0,0.0
,,1.1780797,6.523181,-6.3162446,1690989824104,,-1.7085876,0.1618042,-0.72732544,,,,,,-0.059361886,0.1804276,0.40005976,0.0,0.0,0.0,0.0
,,1.052065,7.155171,-5.9941435,1690989824355,,1.3050385,0.8382416,0.46897888,,,,,,0.010071704,0.27251494,0.13992617,0.0,0.0,0.0,0.0
,,1.1989888,6.967705,-6.0854416,1690989824611,,1.9548492,-0.6179657,0.72250366,,,,,,-0.07836505,0.21897222,0.2482862,0.0,0.0,0.0,0.0
,,1.235262,6.170237,-6.5403004,1690989824863,,0.9950409,-0.46244812,0.39440918,,,,,,-0.17640194,0.042761,0.34567294,0.0,0.0,0.0,0.0
52.43119541,13.1885498,1.161202,6.7421722,-6.1592245,1690989825000,5.36,-1.2324219,-0.4091797,-0.28416443,,,,,,-0.013301071,0.18459281,0.33822396,0.0,0.0,0.0,0.0
,,1.1852233,5.719768,-6.678846,1690989825115,,-2.1048737,0.0030822754,-0.53344727,,,,,,-0.14658289,-0.13809538,0.34622663,0.0,0.0,0.0,0.0
,,0.9778458,7.2252827,-5.857236,1690989825625,,0.996109,1.3751373,0.760849,,,,,,0.037645403,0.31371966,0.22853445,0.0,0.0,0.0,0.0
,,1.1521434,6.922935,-6.114972,1690989825879,,2.060318,-0.6690979,0.807724,,,,,,0.0032906095,0.28428724,0.33509204,0.0,0.0,0.0,0.0
,,1.1256474,6.0507674,-6.458142,1690989826140,,-0.10217285,0.26086426,0.21330261,,,,,,-0.031266026,0.06670477,0.5143961,0.0,0.0,0.0,0.0
,,1.1007879,5.9776645,-6.3623734,1690989826390,,-2.3062134,0.55381775,-1.1129456,,,,,,-0.065060325,-0.03451348,0.56749153,0.0,0.0,0.0,0.0
,,1.0056585,7.2396483,-5.972118,1690989826642,,-0.741333,-0.12689209,-0.26393127,,,,,,-0.039827745,0.50602484,0.34661764,0.0,0.0,0.0,0.0
,,0.9734156,7.463586,-5.9913526,1690989826896,,1.0014343,0.4440918,0.67562866,,,,,,-0.06869713,0.5529461,0.10834017,0.0,0.0,0.0,0.0
,,1.2559316,6.860407,-6.290907,1690989827151,,2.016632,-0.76071167,0.38694763,,,,,,-0.07185758,0.34416845,0.27802262,0.0,0.0,0.0,0.0
,,1.0527837,5.9091105,-6.547565,1690989827400,,-0.77648926,0.33543396,-0.1169281,,,,,,-0.2680388,0.054088123,0.5000259,0.0,0.0,0.0,0.0
,,1.0230962,6.1726317,-6.4506793,1690989827652,,-2.093155,-0.08320618,-0.7741852,,,,,,-0.32244024,0.034100223,0.38209772,0.0,0.0,0.0,0.0
,,0.95138955,7.1717324,-6.0705204,1690989827903,,-0.15437317,0.49736023,0.1334076,,,,,,-0.20489925,0.34781483,0.05663268,0.0,0.0,0.0,0.0
52.43133986,13.18836457,1.1416484,6.540382,-6.3320465,1690989828000,4.288,1.9495239,-0.62435913,0.46791077,,,,,,-0.32752788,0.045893226,0.13129228,0.0,0.0,0.0,0.0
,,0.93814087,7.100944,-5.992629,1690989828153,,0.85336304,0.4313202,0.7161102,,,,,,-0.2927511,0.2278941,0.03942035,0.0,0.0,0.0,0.0
,,0.8974401,5.8992143,-6.5827203,1690989828660,,-1.1131134,0.15541077,-0.18829346,,,,,,-0.48958448,-0.066966616,0.23895447,0.0,0.0,0.0,0.0
,,1.0411718,6.569391,-6.361735,1690989828912,,-2.0569305,-0.54766846,-1.089508,,,,,,-0.32279184,0.2042521,0.20564078,0.0,0.0,0.0,0.0
,,1.0037822,7.4845343,-6.069084,1690989829166,,0.7266083,0.25021362,0.56591797,,,,,,-0.107449464,0.599005,-0.02089011,0.0,0.0,0.0,0.0
,,1.0339091,7.098069,-6.0429473,1690989829417,,1.7471313,0.0211792,0.6862793,,,,,,-0.16955408,0.3316703,0.23783642,0.0,0.0,0.0,0.0
,,1.1567713,6.5453677,-6.2524405,1690989829671,,1.4286041,-1.9559479,0.2697754,,,,,,-0.15814638,0.35881943,0.6515433,0.0,0.0,0.0,0.0
,,0.9194265,6.101882,-6.420314,1690989829922,,-2.238037,0.3748474,-0.5536804,,,,,,-0.26993006,0.3701954,0.78347176,0.0,0.0,0.0,0.0
,,0.99584144,7.09372,-6.154677,1690989830173,,-1.7735748,-0.5018616,-0.7763214,,,,,,-0.11864043,0.71319443,0.5752534,0.0,0.0,0.0,0.0
,,0.88574827,7.5594726,-5.9129024,1690989830425,,1.0493774,0.8659363,0.5552521,,,,,,-0.02943062,0.6480732,0.28332165,0.0,0.0,0.0,0.0
,,1.0277638,7.167063,-6.0273447,1690989830678,,2.0272827,-0.5220947,0.46470642,,,,,,-0.1450099,0.4945188,0.4774119,0.0,0.0,0.0,0.0
,,1.045401,6.4041514,-6.5470066,1690989830930,,-0.52082825,0.3705902,-0.094558716,,,,,,-0.21917838,0.45125854,0.5329524,0.0,0.0,0.0,0.0
52.43148125,13.18812884,1.0128398,7.166864,-6.1771417,1690989831000,5.36,0.01713562,-0.008636475,-0.12332153,,,,,,-0.092420295,0.41970894,0.18523785,0.0,0.0,0.0,0.0
,,0.9875814,6.092147,-6.6612496,1690989831184,,-2.476654,0.20440674,-1.0373077,,,,,,-0.25694558,0.15108754,0.4028093,0.0,0.0,0.0,0.0
,,0.88574725,7.101822,-5.9118648,1690989831690,,2.5290222,2.3445282,0.51690674,,,,,,-0.16318983,0.17903012,0.27356678,0.0,0.0,0.0,0.0
,,1.0377792,6.4210305,-6.1557145,1690989831942,,1.8504486,-0.94607544,-0.05407715,,,,,,-0.14041823,0.17148182,0.63010466,0.0,0.0,0.0,0.0
,,0.9199855,5.5933948,-6.5525928,1690989832196,,-1.5157776,0.22572327,-0.6932373,,,,,,-0.20333698,0.008734473,0.70441335,0.0,0.0,0.0,0.0
,,0.87329865,6.225384,-6.2895494,1690989832447,,-2.0217743,-0.27708435,-0.4727173,,,,,,-0.13070938,0.20530517,0.6716825,0.0,0.0,0.0,0.0
,,0.79468894,7.1850605,-6.0661707,1690989832699,,1.1942444,0.7658081,0.41571045,,,,,,0.057164587,0.53602463,0.27002543,0.0,0.0,0.0,0.0
,,0.9402964,6.8685074,-6.1574697,1690989832952,,1.8472595,-0.30265808,0.7480774,,,,,,0.062790394,0.37367618,0.40506425,0.0,0.0,0.0,0.0
,,1.0756088,6.0833287,-6.692215,1690989833203,,0.41340637,-0.08001709,0.20478821,,,,,,0.049030866,0.29084972,0.45591325,0.0,0.0,0.0,0.0
,,0.9751719,5.709075,-6.8614855,1690989833454,,-2.2326965,0.47605896,-0.68896484,,,,,,-0.11437349,0.060031448,0.41241482,0.0,0.0,0.0,0.0
,,0.9331141,6.8643174,-6.439428,1690989833705,,-0.93840027,-0.5966644,-0.46632385,,,,,,-0.021195572,0.44510096,0.2385657,0.0,0.0,0.0,0.0
,,0.8711044,7.268658,-6.2516026,1690989833958,,0.9375305,0.39935303,0.2836151,,,,,,0.011377382,0.45349625,-0.037008293,0.0,0.0,0.0,0.0
52.43161496,13.18785411,0.94416755,5.8356876,-6.6523914,1690989834000,4.288,-0.5399933,0.2960205,0.040740967,,,,,,-0.28019205,0.010785977,0.4558367,0.0,0.0,0.0,0.0
,,1.0304784,6.83403,-6.4158845,1690989834211,,1.9963989,-0.057647705,0.58828735,,,,,,-0.122710995,0.31809396,0.18288997,0.0,0.0,0.0,0.0
,,1.0361054,6.025188,-6.639222,1690989834717,,-2.174118,0.9671478,-0.76246643,,,,,,-0.22420771,-0.02737755,0.30528578,0.0,0.0,0.0,0.0
,,0.9657959,7.450058,-6.2842817,1690989834971,,-0.07022095,0.4259796,0.32409668,,,,,,-0.1442818,0.6351869,-0.035299595,0.0,0.0,0.0,0.0
,,1.0397359,7.2218504,-6.194859,1690989835221,,1.3018494,0.32052612,0.8045349,,,,,,-0.16429983,0.3323144,-0.0289325,0.0,0.0,0.0,0.0
,,1.2873358,6.6398606,-6.5118513,1690989835474,,1.7471313,-0.72662354,0.4977417,,,,,,-0.16712213,0.27793267,0.21518892,0.0,0.0,0.0,0.0
,,1.1641545,5.7049246,-6.7018714,1690989835728,,-1.8065948,0.30667114,-0.5430298,,,,,,-0.23055144,-0.042323835,0.4384271,0.0,0.0,0.0,0.0
,,1.2236903,6.564882,-6.51229,1690989835980,,-1.6883545,-0.23980713,-0.5536804,,,,,,-0.08866115,0.24600433,0.20732687,0.0,0.0,0.0,0.0
,,1.0945623,7.5327387,-6.0883174,1690989836232,,1.0025024,0.90641785,0.44873047,,,,,,0.029709406,0.64069915,0.04282147,0.0,0.0,0.0,0.0
,,1.2054138,7.073331,-6.1366796,1690989836486,,1.8280792,-0.10664368,0.6639099,,,,,,-0.0087494375,0.34742248,0.23982069,0.0,0.0,0.0,0.0
,,1.1726934,6.2186007,-6.513247,1690989836738,,0.6648102,-0.20890808,0.16111755,,,,,,-0.11355696,0.16975456,0.46285617,0.0,0.0,0.0,0.0
,,1.0818741,5.766416,-6.6341147,1690989836992,,-2.2167206,0.3141327,-0.7582092,,,,,,-0.16178414,-0.015646012,0.5077761,0.0,0.0,0.0,0.0
52.43175547,13.18761646,0.9600489,7.3032146,-6.1370797,1690989837000,5.36,1.1069031,0.3982849,0.52223206,,,,,,-0.10154801,0.4414057,0.028089864,0.0,0.0,0.0,0.0
,,1.0810755,7.005017,-6.3229084,1690989837243,,-0.9682312,-0.5114441,-0.3161316,,,,,,-0.076926626,0.46440127,0.22380622,0.0,0.0,0.0,0.0
,,1.1813934,6.803544,-6.382246,1690989837750,,2.0592499,-0.80226135,0.6053314,,,,,,-0.16101994,0.2816827,0.20668006,0.0,0.0,0.0,0.0
,,1.1276433,5.724118,-6.792214,1690989838002,,-1.0992584,0.65501404,-0.14674377,,,,,,-0.24495958,-0.09442921,0.30698502,0.0,0.0,0.0,0.0
,,1.177921,6.0424266,-6.615362,1690989838253,,-2.2273712,-0.19932556,-1.0351868,,,,,,-0.2057088,0.0062588216,0.31502315,0.0,0.0,0.0,0.0
,,1.0913707,7.2994227,-6.2290974,1690989838535,,0.613678,0.23316956,0.12915039,,,,,,-0.08171439,0.49104697,0.012898223,0.0,0.0,0.0,0.0
,,1.1614411,7.167821,-6.098454,1690989838788,,1.7929382,-0.10131836,0.7576599,,,,,,-0.049958356,0.32496166,0.13178836,0.0,0.0,0.0,0.0
,,1.2694193,6.4553857,-6.498764,1690989839040,,1.2059631,-0.46777344,0.36776733,,,,,,-0.1281217,0.2659265,0.38571268,0.0,0.0,0.0,0.0
,,1.1064942,5.6823783,-6.639623,1690989839293,,-2.10701,0.8073578,-0.73583984,,,,,,-0.23008318,-0.006612555,0.5967737,0.0,0.0,0.0,0.0
,,1.1693019,6.873654,-6.254435,1690989839543,,-1.0555878,-1.0973358,-0.7763214,,,,,,-0.05998854,0.49524972,0.46597126,0.0,0.0,0.0,0.0
,,1.0328333,7.544509,-6.035207,1690989839795,,1.0877228,0.18629456,0.36776733,,,,,,0.05017059,0.6503583,0.16494793,0.0,0.0,0.0,0.0
,,1.2018636,7.0590835,-6.119921,1690989840046,,2.015564,-0.29945374,0.7246399,,,,,,0.034436837,0.43605736,0.40610978,0.0,0.0,0.0,0.0
,,1.1809946,6.1011243,-6.605425,1690989840297,,-0.46969604,0.37911987,0.03541565,,,,,,-0.07050538,0.2030045,0.49726442,0.0,0.0,0.0,0.0
,,1.1363022,7.1845403,-6.265448,1690989840801,,-0.5122986,0.029708862,0.055648804,,,,,,0.043139994,0.5386734,0.16844878,0.0,0.0,0.0,0.0
52.4319289,13.18727625,1.2239304,6.028819,-6.606821,1690989841000,5.36,-2.3786469,0.46113586,-1.0522308,,,,,,-0.035862897,0.12781923,0.47831848,0.0,0.0,0.0,0.0
,,1.084667,7.219415,-6.136241,1690989841054,,0.996109,0.20121765,0.46151733,,,,,,0.03783772,0.39992842,0.08294428,0.0,0.0,0.0,0.0
,,1.2849014,6.5937715,-6.3744245,1690989841306,,2.014511,-0.332489,0.5254364,,,,,,-0.0023554761,0.1712781,0.3060891,0.0,0.0,0.0,0.0
,,1.1415284,5.7512918,-6.774734,1690989841559,,-0.7349396,0.12878418,-0.029571533,,,,,,-0.12367572,-0.03826003,0.3506414,0.0,0.0,0.0,0.0
,,1.1042175,6.0635357,-6.6397014,1690989841813,,-2.4990234,0.28536987,-0.83917236,,,,,,-0.11660071,0.043758225,0.34220105,0.0,0.0,0.0,0.0
,,0.97393394,6.8647156,-6.1838055,1690989842066,,9.1552734E-5,0.25128174,0.7853546,,,,,,-0.0137441475,0.22726221,0.20695728,0.0,0.0,0.0,0.0
,,1.0870997,6.8026657,-6.3436584,1690989842319,,1.02594,0.9969635,1.1145172,,,,,,0.020751543,0.15569308,0.0582328,0.0,0.0,0.0,0.0
,,1.2298747,6.047814,-6.7684693,1690989842574,,1.6501923,-0.6115875,0.3070526,,,,,,-0.087104656,-0.071522705,0.15791787,0.0,0.0,0.0,0.0
,,1.1326294,5.596746,-6.901148,1690989842826,,-1.9738464,0.5112152,-0.8189392,,,,,,-0.22548392,-0.05791319,0.3011209,0.0,0.0,0.0,0.0
,,1.0425278,6.6218243,-6.4239445,1690989843078,,-1.730957,-0.43475342,-0.73265076,,,,,,-0.28747806,0.3205317,0.31570283,0.0,0.0,0.0,0.0
,,0.88630676,7.35868,-5.9438663,1690989843336,,1.0706787,1.0640869,0.30812073,,,,,,-0.24780588,0.44238824,0.14850529,0.0,0.0,0.0,0.0
,,1.0541794,6.2906256,-6.482641,1690989843839,,0.3409729,-0.14073181,0.24845886,,,,,,-0.2984527,0.284283,0.47631654,0.0,0.0,0.0,0.0
52.43204942,13.18706477,1.0473561,7.242201,-6.1955366,1690989844000,5.36,1.7417908,-0.4411316,0.7555237,,,,,,-0.23124436,0.5276814,0.14142825,0.0,0.0,0.0,0.0
,,0.9687058,5.969284,-6.45435,1690989844092,,-2.3509521,0.17884827,-0.7582092,,,,,,-0.2682973,0.21291237,0.66865224,0.0,0.0,0.0,0.0
,,0.85322624,6.970898,-6.1297755,1690989844344,,-1.2782288,-0.09173584,-0.08496094,,,,,,-0.1619701,0.53131366,0.4815008,0.0,0.0,0.0,0.0
,,0.821902,7.109283,-5.972955,1690989844596,,1.1985168,0.22677612,0.018371582,,,,,,-0.03693305,0.37174493,0.27255586,0.0,0.0,0.0,0.0
,,0.98762053,7.020976,-6.2421846,1690989844850,,1.5639038,-0.21636963,0.5392761,,,,,,-0.06547919,0.5167848,0.36838093,0.0,0.0,0.0,0.0
,,0.78487194,6.3111362,-6.4915805,1690989845102,,0.42832947,0.17564392,0.2079773,,,,,,-0.2717544,0.32968587,0.56519777,0.0,0.0,0.0,0.0
,,0.7455673,6.2958536,-6.451438,1690989845365,,-1.9376221,0.16819763,-0.45248413,,,,,,-0.27192792,0.35926768,0.62489307,0.0,0.0,0.0,0.0
,,0.6434952,7.2544527,-6.1857615,1690989845617,,-1.4060516,-0.30584717,-0.5164032,,,,,,-0.2607235,0.7446651,0.45910987,0.0,0.0,0.0,0.0
,,0.683518,7.311435,-6.1149735,1690989845871,,1.072815,0.83184814,0.48495483,,,,,,-0.12378479,0.5966067,0.27304262,0.0,0.0,0.0,0.0
,,0.87058514,7.10685,-6.339749,1690989846126,,1.774826,-0.5380707,0.7246399,,,,,,-0.09649827,0.615703,0.38524193,0.0,0.0,0.0,0.0
,,0.8128845,6.239831,-6.6460867,1690989846377,,-0.11495972,0.3460846,0.2548523,,,,,,-0.17558964,0.30878517,0.4903392,0.0,0.0,0.0,0.0
,,0.8752131,7.305211,-6.1672063,1690989846883,,0.215271,0.21400452,0.10038757,,,,,,-0.17904112,0.45945454,0.10287801,0.0,0.0,0.0,0.0
52.43215151,13.18690482,0.88427126,6.1737914,-6.547405,1690989847000,7.504,-2.542694,0.5921631,-1.1235962,,,,,,-0.22143748,0.13395678,0.4766821,0.0,0.0,0.0,0.0
,,0.9253713,7.2961125,-6.018766,1690989847138,,1.7449951,0.272583,1.0069275,,,,,,-0.23345529,0.2575781,-0.0109372055,0.0,0.0,0.0,0.0
,,1.0294001,6.3804903,-6.4081826,1690989847396,,-0.0435791,0.5932312,0.16537476,,,,,,-0.49572188,0.019042475,0.24726793,0.0,0.0,0.0,0.0
,,1.0154744,5.5007005,-6.6202693,1690989847647,,-2.3403015,0.34928894,-1.1246643,,,,,,-0.74743617,-0.4555959,0.29719257,0.0,0.0,0.0,0.0
,,1.0046209,6.7599306,-6.230174,1690989847899,,0.48797607,0.18629456,0.2271576,,,,,,-0.6945773,0.004170068,-0.14798161,0.0,0.0,0.0,0.0
,,1.1568125,7.7194457,-5.972319,1690989848150,,1.5330048,0.7551575,0.6298218,,,,,,-0.53150177,0.3331698,-0.52867806,0.0,0.0,0.0,0.0
,,1.3269999,6.8691454,-6.193702,1690989848403,,1.6054382,-1.1175842,0.36244202,,,,,,-0.6601134,-0.023423886,-0.24000597,0.0,0.0,0.0,0.0
,,1.3061707,5.7470627,-6.5671177,1690989848654,,-2.2753143,0.88404846,-1.3728638,,,,,,-0.8039933,-0.43736982,0.023653904,0.0,0.0,0.0,0.0
,,1.257249,6.5717053,-6.209504,1690989848907,,-0.41429138,-0.18547058,-0.5515442,,,,,,-0.62963593,-0.1287571,-0.075683735,0.0,0.0,0.0,0.0
,,1.4102778,7.856554,-6.023674,1690989849160,,0.51568604,-0.47416687,0.51478577,,,,,,-0.010862668,0.585762,-0.32319272,0.0,0.0,0.0,0.0
,,1.5597157,7.112875,-5.9426293,1690989849413,,2.1465912,-1.1527405,1.1826935,,,,,,0.20117745,0.26710206,0.36226776,0.0,0.0,0.0,0.0
,,1.3778768,6.0419893,-6.3458934,1690989849919,,-0.67315674,0.23104858,0.05885315,,,,,,0.61010146,0.0146128815,0.81631774,0.0,0.0,0.0,0.0
52.43224047,13.18676122,1.4003819,5.9643373,-6.216606,1690989850000,7.504,-1.8151245,0.3567505,-0.39814758,,,,,,0.24422517,-0.0228851,0.89620906,0.0,0.0,0.0,0.0
,,1.1744492,7.736565,-6.1666083,1690989850172,,-0.89686584,0.26618958,-0.010391235,,,,,,0.7740484,1.1993136,0.6691223,0.0,0.0,0.0,0.0
,,1.2401698,7.275282,-6.0741115,1690989850425,,0.0075531006,-1.0483398,-0.017852783,,,,,,1.046256,0.6443989,0.6717197,0.0,0.0,0.0,0.0
,,0.641659,6.625655,-5.3340635,1690989850676,,-0.79885864,0.113861084,-0.41625977,,,,,,0.5953391,-0.106255084,1.1844714,0.0,0.0,0.0,0.0
,,0.031896465,7.4611917,-4.7893434,1690989850927,,-1.409256,0.4824524,0.08654785,,,,,,0.3931609,0.21310346,0.7483882,0.0,0.0,0.0,0.0
,,-0.35165507,8.6005125,-3.7224472,1690989851181,,1.8930664,0.98631287,0.5627136,,,,,,0.44939697,0.3447648,0.26363796,0.0,0.0,0.0,0.0
,,-0.9601008,9.518411,-3.4020238,1690989851435,,3.016922,-2.3287811,0.7864227,,,,,,0.10044782,0.7716,-0.09126263,0.0,0.0,0.0,0.0
,,-1.6318334,8.230569,-3.4327881,1690989851688,,-1.8939514,1.7149506,0.1025238,,,,,,-0.15140371,-0.34258428,-0.008555253,0.0,0.0,0.0,0.0
,,-2.0762773,8.230689,-3.0733387,1690989851938,,-1.4401398,-0.1556549,-0.8285217,,,,,,-0.45640177,-0.3260242,0.20242687,0.0,0.0,0.0,0.0
,,-2.078073,9.4832945,-3.1611261,1690989852193,,-0.612442,-0.90133667,-0.63464355,,,,,,-0.26758355,0.86687285,-0.39837447,0.0,0.0,0.0,0.0
,,-1.9672612,8.610648,-3.0124867,1690989852445,,2.3745575,-1.40094,-0.5568695,,,,,,-0.03154489,0.009754594,-0.30613723,0.0,0.0,0.0,0.0
,,-2.1560843,7.3856936,-3.7682958,1690989852949,,-1.8481445,1.721344,-0.35128784,,,,,,0.0430283,-0.4531454,0.5003573,0.0,0.0,0.0,0.0
52.43231494,13.1866198,-2.1652217,8.929874,-4.2144957,1690989853000,9.648001,1.4456482,-2.0379639,0.6362152,,,,,,-0.15547259,0.74030024,-0.4161796,0.0,0.0,0.0,0.0
,,-1.6845866,9.038571,-3.1787248,1690989853205,,-2.33284,-0.925827,0.2079773,,,,,,0.32881638,0.7351002,0.37121898,0.0,0.0,0.0,0.0
,,-1.5152766,9.213031,-3.1319983,1690989853456,,2.0422058,1.9929962,0.4039917,,,,,,0.6444548,0.70366365,-0.23689654,0.0,0.0,0.0,0.0
,,-1.7559332,8.89025,-3.6998632,1690989853709,,2.954071,-1.7663269,0.40185547,,,,,,0.32842794,0.58219963,-0.14529672,0.0,0.0,0.0,0.0
,,-1.7761246,8.103436,-4.0263915,1690989853963,,-2.5629425,2.4020538,0.36244202,,,,,,0.30077833,0.32340583,0.53946537,0.0,0.0,0.0,0.0
,,-1.5281652,8.263089,-3.3031433,1690989854217,,-2.1283112,-1.1303711,-0.16059875,,,,,,0.33622864,0.23539911,0.90122306,0.0,0.0,0.0,0.0
,,-1.2805644,9.314701,-3.3123214,1690989854469,,2.4107819,-0.04272461,0.069503784,,,,,,0.5223971,0.80611175,-0.11045718,0.0,0.0,0.0,0.0
,,-1.4126836,8.975324,-3.571693,1690989854721,,3.2523499,-0.9130554,0.3496704,,,,,,0.38101238,0.5326618,-0.1745697,0.0,0.0,0.0,0.0
,,-1.7536184,8.214605,-3.8204498,1690989854974,,-2.4691925,2.227356,0.62449646,,,,,,0.0489875,0.3748368,0.7990408,0.0,0.0,0.0,0.0
,,-1.4132029,7.9715147,-3.3929255,1690989855228,,-2.017517,-0.6137085,-0.6911011,,,,,,0.17090176,0.074984804,1.1256864,0.0,0.0,0.0,0.0
,,-1.2271733,9.320449,-3.4180253,1690989855481,,2.5492706,0.049942017,0.013046265,,,,,,0.17881139,0.814755,-0.09210232,0.0,0.0,0.0,0.0
,,-1.7180241,8.207944,-3.8324213,1690989855986,,-2.8164673,2.4595795,0.2878723,,,,,,-0.40913704,0.22324286,0.58273137,0.0,0.0,0.0,0.0
52.43234839,13.18656839,-1.4041448,9.217378,-3.6889684,1690989856000,6.432,3.4067993,-0.3111725,0.9430084,,,,,,-0.056489967,0.66776437,-0.42878515,0.0,0.0,0.0,0.0
,,-1.5183085,8.2535925,-3.6896474,1690989856239,,-1.9035339,-0.58815,-0.31399536,,,,,,-0.32855037,0.2478815,0.66519916,0.0,0.0,0.0,0.0
,,-1.2401814,9.242598,-3.5446782,1690989856492,,2.317047,2.3541107,0.31983948,,,,,,-0.13768746,0.62790316,-0.2697646,0.0,0.0,0.0,0.0
,,-1.3844324,8.923211,-4.2460995,1690989856745,,3.4994812,-2.5056152,1.5576782,,,,,,-0.2569057,0.60159224,-0.5620769,0.0,0.0,0.0,0.0
,,-1.2650019,7.6175737,-4.861169,1690989856996,,-2.8697357,1.6499786,-1.9896545,,,,,,-0.5825139,0.14309311,0.14210221,0.0,0.0,0.0,0.0
,,-0.41829222,7.667613,-4.8697486,1690989857247,,1.4275513,-1.3306274,0.46151733,,,,,,-0.1372542,0.19297798,0.11897523,0.0,0.0,0.0,0.0
,,0.39421946,8.731675,-4.8738585,1690989857500,,2.2797546,0.005203247,0.59680176,,,,,,0.075531006,0.93231964,-0.27663815,0.0,0.0,0.0,0.0
,,0.4159668,7.3240843,-5.6433544,1690989857751,,-1.1013947,1.8470459,0.47962952,,,,,,-0.24213284,0.34326652,-0.18060507,0.0,0.0,0.0,0.0
,,0.83012336,6.7393804,-6.173271,1690989858005,,-2.380783,0.8691406,-1.581665,,,,,,-0.5121712,0.4483174,0.35000926,0.0,0.0,0.0,0.0
,,1.4978267,7.0333886,-5.8633814,1690989858255,,1.4733582,0.16287231,0.28575134,,,,,,-0.20826297,0.39297765,0.16734645,0.0,0.0,0.0,0.0
,,1.8478185,8.151241,-5.4621534,1690989858513,,2.1135712,-1.1601868,1.1784363,,,,,,-0.010248701,0.96865124,0.1135606,0.0,0.0,0.0,0.0
52.4324003,13.1865236,1.3974293,6.677689,-5.838961,1690989859000,6.432,-1.0332184,1.3634186,-0.19361877,,,,,,-0.5444542,0.29571554,0.6028732,0.0,0.0,0.0,0.0
,,1.3113571,6.2348413,-6.196654,1690989859017,,-1.5733032,0.12983704,-1.4889832,,,,,,-0.79994893,0.16795602,0.4949438,0.0,0.0,0.0,0.0
,,1.7998937,7.2413635,-5.7366085,1690989859269,,0.7361908,0.9096222,0.47642517,,,,,,-0.31428894,0.34637383,0.13188472,0.0,0.0,0.0,0.0
,,1.985644,7.7968173,-5.483382,1690989859520,,2.2946777,-1.4925537,1.1752472,,,,,,-0.06355938,0.55159014,0.13714404,0.0,0.0,0.0,0.0
,,1.6788676,6.5348725,-5.788124,1690989859773,,-1.7629242,1.6829987,-0.36938477,,,,,,-0.34945157,0.15513462,0.7161172,0.0,0.0,0.0,0.0
,,1.655685,6.1776977,-6.0078716,1690989860026,,-1.7373505,-0.18014526,-1.7947083,,,,,,-0.4264768,0.05345169,0.71212965,0.0,0.0,0.0,0.0
,,1.98361,7.3874884,-5.583778,1690989860281,,0.58491516,1.578598,0.30918884,,,,,,0.08474181,0.46125364,0.33672836,0.0,0.0,0.0,0.0
,,2.1518433,7.781454,-5.3125944,1690989860534,,2.2350159,-1.4744415,1.3691254,,,,,,0.37120703,0.6770335,0.5073215,0.0,0.0,0.0,0.0
,,1.8859273,6.58974,-5.524801,1690989860787,,-1.6042023,1.5178833,-0.18615723,,,,,,0.054812767,0.36937264,1.1332577,0.0,0.0,0.0,0.0
,,1.7939498,6.210778,-5.677431,1690989861039,,-2.0047302,-0.10664368,-1.4655457,,,,,,-0.16726662,0.20709218,1.1022351,0.0,0.0,0.0,0.0
,,2.01665,7.4940705,-5.3018208,1690989861292,,0.5604248,1.4912567,0.36457825,,,,,,0.08281385,0.63581353,0.6458384,0.0,0.0,0.0,0.0
,,2.165449,7.858108,-5.147954,1690989861542,,1.8994598,-1.8185272,1.4032135,,,,,,0.29448587,0.79448026,0.65919596,0.0,0.0,0.0,0.0
52.43247256,13.18646465,1.8820155,6.612245,-5.6631866,1690989862000,5.36,-1.4806213,1.6457214,-0.18296814,,,,,,-0.15458979,0.35587034,0.93646586,0.0,0.0,0.0,0.0
,,1.75604,6.2297316,-5.960348,1690989862047,,-1.6009979,-0.16630554,-1.4794006,,,,,,-0.45647308,0.18023889,0.73168206,0.0,0.0,0.0,0.0
,,2.0109432,7.5415955,-5.688048,1690989862298,,1.0770721,0.91174316,0.5818939,,,,,,-0.18775998,0.5919038,0.10519183,0.0,0.0,0.0,0.0
,,2.139792,7.954875,-5.450981,1690989862551,,1.9931946,-2.006012,1.2902985,,,,,,-0.0046735844,0.74332976,0.13132833,0.0,0.0,0.0,0.0
,,1.8755915,6.6112895,-5.927747,1690989862805,,-1.1322784,1.6222839,0.08654785,,,,,,-0.37552202,0.21021658,0.4356001,0.0,0.0,0.0,0.0
,,1.7651784,5.947976,-6.1984916,1690989863058,,-1.9355011,-0.081085205,-1.4442444,,,,,,-0.66266525,-0.1185308,0.3616596,0.0,0.0,0.0,0.0
,,2.0925455,7.360396,-5.715381,1690989863313,,1.7045135,-0.32395935,0.7480774,,,,,,-0.2929845,0.46934044,-0.047006782,0.0,0.0,0.0,0.0
,,2.191067,7.779102,-5.3746057,1690989863569,,1.6842804,-1.0579224,1.1326294,,,,,,-0.057002045,0.58740693,0.07651304,0.0,0.0,0.0,0.0
,,1.9577911,6.6320796,-5.6243606,1690989863820,,-0.65930176,1.1929779,0.14086914,,,,,,-0.36827466,0.23458727,0.65376145,0.0,0.0,0.0,0.0
,,1.868487,6.0321727,-5.822561,1690989864073,,-1.9493408,0.32159424,-1.6530304,,,,,,-0.5746203,0.036880754,0.7404979,0.0,0.0,0.0,0.0
,,2.340065,7.365743,-5.371692,1690989864326,,0.9950409,-0.27389526,0.6308899,,,,,,-0.11428482,0.5669337,0.34944552,0.0,0.0,0.0,0.0
,,2.3990428,7.999049,-4.9627223,1690989864577,,1.3572388,-0.91838074,0.91319275,,,,,,0.04366266,0.7891923,0.38539326,0.0,0.0,0.0,0.0
52.43256225,13.18637595,2.2644486,6.882233,-5.258685,1690989865000,5.36,-0.263031,0.97991943,0.08227539,,,,,,-0.21361281,0.40866452,0.85081637,0.0,0.0,0.0,0.0
,,2.1916652,6.1373568,-5.6494985,1690989865085,,-2.1528015,0.77645874,-1.4612885,,,,,,-0.4403496,0.11176565,0.8064168,0.0,0.0,0.0,0.0
,,2.584075,7.283621,-5.399943,1690989865336,,0.9460449,-1.1101227,0.6085205,,,,,,-0.058001377,0.49109632,0.22830005,0.0,0.0,0.0,0.0
,,2.621783,7.9039984,-5.216946,1690989865587,,1.0962524,0.97566223,0.9611206,,,,,,0.09899363,0.62950444,0.0016687473,0.0,0.0,0.0,0.0
,,2.4545481,7.0548153,-5.4341803,1690989865842,,0.63179016,0.7008209,0.49986267,,,,,,-0.21303314,0.4208759,0.4871046,0.0,0.0,0.0,0.0
,,2.373664,6.190189,-5.928304,1690989866093,,-2.0910187,0.9969635,-1.6264038,,,,,,-0.45272323,0.10738411,0.4471078,0.0,0.0,0.0,0.0
,,2.659253,7.1370564,-5.527794,1690989866346,,-0.019088745,-0.9961395,-0.14888,,,,,,-0.18970807,0.3761161,0.08674655,0.0,0.0,0.0,0.0
,,2.7579346,7.984405,-5.1433253,1690989866597,,1.9740295,0.08616638,1.0506134,,,,,,0.09818582,0.6625404,-0.13577755,0.0,0.0,0.0,0.0
,,2.708295,7.3277154,-5.3445573,1690989866848,,1.7631073,-0.8629761,0.33795166,,,,,,-0.1352377,0.49220243,0.26853415,0.0,0.0,0.0,0.0
,,2.5178366,6.357784,-5.6830983,1690989867103,,-2.3520203,1.5647583,-1.1651459,,,,,,-0.45190653,0.20446607,0.5329839,0.0,0.0,0.0,0.0
,,2.6984396,6.930198,-5.4050913,1690989867356,,-1.0353394,-0.28668213,-0.7986908,,,,,,-0.27240705,0.2680991,0.24158242,0.0,0.0,0.0,0.0
,,2.7466028,8.036479,-4.976648,1690989867609,,0.7351227,-0.381485,0.47109985,,,,,,0.034960162,0.7148219,0.03342444,0.0,0.0,0.0,0.0
52.43267069,13.1862308,2.8196259,7.6137824,-5.0957203,1690989868000,4.288,2.9849548,-2.388443,0.7992096,,,,,,-0.03241267,0.5971672,0.34746894,0.0,0.0,0.0,0.0
,,2.527972,6.4789305,-5.5473075,1690989868115,,-1.8524017,1.7128296,-0.81999207,,,,,,-0.49643692,0.27511057,0.70340145,0.0,0.0,0.0,0.0
,,2.6521912,6.65239,-5.355054,1690989868368,,-1.8428192,0.17564392,-1.2535553,,,,,,-0.47244734,0.22293168,0.51891565,0.0,0.0,0.0,0.0
,,2.8013902,7.8701606,-4.9867454,1690989868620,,1.169754,0.27153015,0.4870758,,,,,,-0.15840705,0.63584405,0.01305089,0.0,0.0,0.0,0.0
,,2.9351857,7.7673693,-5.051947,1690989868873,,1.2091675,-0.19400024,1.4160004,,,,,,-0.12888165,0.56588477,0.004178373,0.0,0.0,0.0,0.0
,,2.831278,6.7897367,-5.488251,1690989869125,,-0.6838074,1.355957,-0.18829346,,,,,,-0.5354791,0.30523717,0.24330415,0.0,0.0,0.0,0.0
,,2.7788446,6.300761,-5.6374493,1690989869376,,-1.4774323,0.5879059,-1.8948517,,,,,,-0.75847507,-0.00575432,0.12063219,0.0,0.0,0.0,0.0
,,3.0704987,7.657675,-5.155776,1690989869629,,0.6381836,-0.69999695,0.2782898,,,,,,-0.37963808,0.5057615,-0.30307248,0.0,0.0,0.0,0.0
,,2.9561355,7.7395167,-4.874497,1690989869883,,1.7130432,-0.45924377,0.64260864,,,,,,-0.33470014,0.3425546,-0.20737937,0.0,0.0,0.0,0.0
,,3.1215754,7.274124,-5.250706,1690989870137,,2.2648468,-1.8078766,0.93981934,,,,,,-0.43881685,0.33205053,-0.026897462,0.0,0.0,0.0,0.0
,,2.897877,6.2952147,-5.6312647,1690989870388,,-1.2089844,0.987381,-1.3174744,,,,,,-0.69269645,-0.0015955289,0.16404416,0.0,0.0,0.0,0.0
,,3.1305923,6.9230146,-5.3412075,1690989870640,,-1.2835541,-0.4379425,-1.3291931,,,,,,-0.40685567,0.21722022,0.07699609,0.0,0.0,0.0,0.0
52.43277304,13.18599567,2.9900534,7.6915526,-4.9912143,1690989871000,7.504,0.8650818,0.6954956,0.4743042,,,,,,-0.115140624,0.45167035,-0.0060092052,0.0,0.0,0.0,0.0
,,3.0664277,7.4629464,-5.098075,1690989871144,,1.3806763,-0.67123413,0.9515381,,,,,,-0.071218915,0.37865055,0.21180077,0.0,0.0,0.0,0.0
,,3.138373,6.8666306,-5.692316,1690989871395,,0.62327576,-0.27922058,0.46791077,,,,,,-0.05532078,0.44073004,0.29563233,0.0,0.0,0.0,0.0
,,3.0203385,6.260738,-5.8626637,1690989871647,,-1.7767639,0.9831238,-0.38856506,,,,,,-0.005918638,0.26273596,0.5084373,0.0,0.0,0.0,0.0
,,3.240246,7.0010653,-5.860988,1690989871898,,-0.9160309,0.22998047,-0.30548096,,,,,,0.28490403,0.6107292,0.2944327,0.0,0.0,0.0,0.0
,,2.9788804,7.005614,-5.865976,1690989872153,,-0.41003418,0.3460846,-0.32785034,,,,,,0.18727188,0.45225027,0.2708029,0.0,0.0,0.0,0.0
,,2.801309,6.855697,-5.91023,1690989872405,,-0.15863037,0.27578735,-0.17445374,,,,,,-0.02801114,0.35920265,0.32364196,0.0,0.0,0.0,0.0
,,2.4118927,6.7742543,-5.805006,1690989872660,,-0.1650238,0.08509827,-0.24475098,,,,,,-0.25565824,0.1294196,0.24588022,0.0,0.0,0.0,0.0
,,2.0368814,7.5348525,-5.3383355,1690989872914,,0.121536255,0.30029297,-0.31825256,,,,,,-0.3524195,0.18900304,0.019668508,0.0,0.0,0.0,0.0
,,1.7462652,8.445367,-4.8143244,1690989873167,,0.13537598,0.029708862,-0.54196167,,,,,,-0.3577053,0.24235426,-0.2221617,0.0,0.0,0.0,0.0
,,0.9836319,8.969257,-4.1177707,1690989873420,,0.06401062,-0.2291565,0.0790863,,,,,,-0.64688426,0.29940608,-0.048175454,0.0,0.0,0.0,0.0
,,0.6597356,9.048864,-3.4516246,1690989873671,,-1.0257568,0.41853333,-0.33850098,,,,,,-0.5231913,0.1393425,0.23565134,0.0,0.0,0.0,0.0
52.43284802,13.18570946,0.37494558,9.584609,-2.8204324,1690989874000,8.576,0.7660217,-1.1697845,-0.13609314,,,,,,-0.2500048,0.47146225,0.22513561,0.0,0.0,0.0,0.0
,,0.097577415,9.405521,-2.3517268,1690989874176,,1.7716217,0.10746765,0.34432983,,,,,,-0.027036918,0.18660371,0.39572296,0.0,0.0,0.0,0.0
,,-0.12735799,9.632251,-2.8054683,1690989874428,,1.2911835,-2.13385,0.23355103,,,,,,0.12831858,0.6542858,0.35431463,0.0,0.0,0.0,0.0
,,-0.6046026,8.67513,-2.8869913,1690989874681,,-2.429779,2.227356,0.3773651,,,,,,0.12503186,0.07047205,0.7561344,0.0,0.0,0.0,0.0
,,-0.4232015,8.47282,-2.8138087,1690989874935,,-0.88301086,-0.22383118,-0.5291748,,,,,,0.36543533,-0.10161829,0.8000005,0.0,0.0,0.0,0.0
,,-0.49957684,9.250337,-2.899122,1690989875187,,-1.0630493,-0.8917389,-0.63038635,,,,,,0.4177443,0.62538654,0.3596657,0.0,0.0,0.0,0.0
,,-0.65164846,8.565597,-2.9447322,1690989875440,,1.9782867,0.042495728,0.1493988,,,,,,0.2688656,-0.015269851,0.33502877,0.0,0.0,0.0,0.0
,,-0.56234485,8.947072,-3.5059729,1690989875694,,3.7689972,-2.2861786,1.379776,,,,,,0.25237468,0.717444,0.44819272,0.0,0.0,0.0,0.0
,,-0.23932698,7.291122,-3.4916072,1690989875946,,-2.5906372,2.373291,-0.6687317,,,,,,0.24098015,-0.3352591,0.87706196,0.0,0.0,0.0,0.0
,,0.71931154,8.10942,-3.5912054,1690989876199,,-1.6265717,0.2630005,-0.9574127,,,,,,0.36272472,0.32820866,0.43266812,0.0,0.0,0.0,0.0
,,1.0517457,8.369551,-3.6399267,1690989876449,,0.9364624,-0.54341125,0.33900452,,,,,,0.2823367,0.5756515,0.25529748,0.0,0.0,0.0,0.0
,,1.7842118,7.558275,-4.1117034,1690989876701,,1.0877228,0.7093506,0.50946045,,,,,,0.3123911,0.0049393335,0.33001983,0.0,0.0,0.0,0.0
52.43292008,13.18544687,2.5037487,7.353291,-5.0844274,1690989877000,11.792,1.9069214,-1.6235809,0.4785614,,,,,,0.2169072,0.3942515,0.4051979,0.0,0.0,0.0,0.0
