97#1#2
key,lat,lon,ts,bike,childCheckBox,trailerCheckBox,pLoc,incident,i1,i2,i3,i4,i5,i6,i7,i8,i9,scary,desc,i10
,,,,1,0,0,0,-5,0,0,0,0,0,0,0,0,0,0,,0

=========================
97#1
lat,lon,X,Y,Z,timeStamp,acc,a,b,c,obsDistanceLeft1,obsDistanceLeft2,obsDistanceRight1,obsDistanceRight2,obsClosePassEvent,XL,YL,ZL,RX,RY,RZ,RC
,,-0.32598215,5.442715,-7.1793456,1693048451939,,-1.4771473,-1.3849068,-0.71921694,,,,,,-0.4414655,0.060470503,0.52037024,0.12925315,0.52967286,0.2413409,0.07327741
52.5383563,13.41464283,-0.37216365,4.9220366,-7.466725,1693048452000,6.09074,-1.7245476,0.009697478,0.34429866,,,,,,-0.5548732,0.05000283,0.5158446,0.11887363,0.46922696,0.21305309,0.06950208
,,-0.62803614,6.595576,-6.768337,1693048452191,,0.9052252,0.32368198,0.17631085,,,,,,-0.31887653,0.5442156,0.34897423,0.1740751,0.7059164,0.3082768,0.1031402
,,-0.5567301,6.458627,-6.9447684,1693048452441,,1.5698462,0.15202898,0.5165625,,,,,,-0.20784543,0.46786052,0.3348407,0.17256461,0.7096994,0.3014773,0.10265025
,,-0.24933213,5.637012,-7.3411,1693048452693,,1.2094359,0.015195262,0.15248711,,,,,,-0.050607443,0.3830024,0.49866328,0.17838526,0.7246666,0.2607234,0.08026172
,,-0.27868408,4.8302317,-7.450532,1693048452944,,-2.82105,-0.042836893,-0.08758274,,,,,,-0.12224594,0.07659589,0.59968984,0.15306059,0.6009885,0.21963283,0.07272804
,,-0.37375885,6.051049,-7.0593853,1693048453196,,-1.5803835,-1.0354922,-0.066813335,,,,,,-0.15887631,0.40480062,0.51924187,0.20321354,0.78075296,0.28115973,0.09042763
,,-0.6494121,6.716014,-6.908956,1693048453453,,1.0335069,1.0671045,-0.22197299,,,,,,-0.26483673,0.5604691,0.18523392,0.20598088,0.76448274,0.31237704,0.115638755
,,-0.43589255,6.3499136,-7.1354775,1693048453703,,1.8648938,-0.07276927,0.38828093,,,,,,-0.32022744,0.43577707,0.29841805,0.209282,0.77127564,0.30190498,0.09686557
,,-0.36059842,5.3444495,-7.0797243,1693048453954,,-0.8730021,0.24549128,-0.036270097,,,,,,-0.18726365,0.26490447,0.7678031,0.21936826,0.7808239,0.2674487,0.07565174
,,-0.14787646,5.9703317,-7.0041914,1693048454204,,-1.7630321,-1.0690898,-0.32032222,,,,,,-0.43943584,0.51000136,0.5931666,0.21852654,0.77899206,0.27609572,0.072717145
,,-0.5225925,7.1795044,-6.8977103,1693048454464,,0.8105412,0.4134791,0.077961616,,,,,,-1.4081053,0.44877708,0.35499913,0.24079408,0.8888835,0.3462758,0.09846891
,,-0.24231316,6.64758,-6.9435725,1693048454966,,2.5215735,-0.34888014,-0.07536544,,,,,,-1.2375138,0.36471537,0.5046561,0.23053187,0.9002268,0.3299623,0.079185694
52.53833311,13.41438521,-0.6426324,7.199205,-6.552426,1693048455000,8.129097,1.6510911,0.40431613,0.30459246,,,,,,-1.5253589,0.3446093,0.401459,0.23090191,0.88499385,0.35940754,0.10405945
,,-0.06500503,5.5695333,-7.282236,1693048455217,,-2.061745,0.15080725,0.5287798,,,,,,-1.1260995,0.14776713,0.5814804,0.20118403,0.7827992,0.27311563,0.06685911
,,0.015712868,6.143173,-7.1993647,1693048455467,,-1.6225332,-0.96279925,-0.3050506,,,,,,-1.2526832,0.12328581,0.44961601,0.20161028,0.77649605,0.29404423,0.07508823
,,-0.4823931,6.44435,-6.7388263,1693048455720,,0.73723745,0.6590467,0.1824195,,,,,,-1.119818,0.025539335,0.51568466,0.202135,0.7599923,0.32773244,0.10537227
,,-0.176032,6.5187664,-6.648697,1693048455970,,1.9803473,0.8117629,0.5263364,,,,,,-0.11247726,0.47546926,0.41654885,0.21308509,0.7637148,0.31648824,0.10065635
,,0.14253245,5.7541003,-7.4494157,1693048456223,,0.89850575,0.10438152,0.018707734,,,,,,0.0057380716,0.38888243,0.2915012,0.2082606,0.7122989,0.26992768,0.0798238
,,0.15784651,5.0593843,-7.378827,1693048456474,,-2.9676576,0.30841035,-0.4003455,,,,,,-0.17837276,-0.040614247,0.51668555,0.14070684,0.46255425,0.21216312,0.07503681
,,-0.024087766,6.3499928,-6.9733233,1693048456726,,-1.1912627,-0.5522981,-0.25190535,,,,,,-0.29391086,0.24792455,0.34101975,0.17113882,0.5767471,0.2746742,0.0897367
,,-0.2599403,6.8650084,-7.00491,1693048456979,,1.1312453,1.1672863,-0.20609051,,,,,,-0.36997283,0.36477482,-0.0867356,0.16142817,0.56635946,0.30120876,0.10708864
,,0.109431766,6.4923654,-7.272347,1693048457231,,2.2711189,-0.3165043,0.5306124,,,,,,-0.25807607,0.344999,0.032675188,0.15522692,0.5791081,0.28364828,0.084297195
,,0.16717848,5.300899,-7.4212594,1693048457485,,-0.8717804,-0.028787002,0.37606362,,,,,,-0.2665212,0.074541256,0.44443053,0.103382215,0.40189224,0.2185485,0.063595325
,,-0.14747767,6.8172317,-6.75765,1693048457988,,0.842917,0.05978839,0.076739885,,,,,,-0.17022085,0.54446286,0.32894516,0.16559675,0.6392479,0.30626878,0.09056142
52.53827414,13.41410877,0.23178478,5.415277,-7.0720663,1693048458000,9.292197,-1.9676719,-1.2248602,-0.8200096,,,,,,-0.12378,-0.034568764,0.6133056,0.09977199,0.4017224,0.22238992,0.06467984
,,-0.12993024,6.760042,-6.724149,1693048458241,,1.3163372,0.6785944,0.47135854,,,,,,-0.021762067,0.44091976,0.2899907,0.1638219,0.6377073,0.3091956,0.09752334
,,0.24470599,6.058388,-6.9613585,1693048458492,,2.0951898,0.10377065,-0.32459828,,,,,,0.109259255,0.36766165,0.57445985,0.17054449,0.6519281,0.27400762,0.07454267
,,0.19804595,5.047421,-7.2772913,1693048458745,,-2.4472008,0.10499238,0.19036074,,,,,,0.029796299,0.055147428,0.6571366,0.10896317,0.40368223,0.2106119,0.06426761
,,0.12283153,5.9235926,-7.1248684,1693048458996,,-1.6659046,-0.9072105,-0.17799072,,,,,,0.006594958,0.17647743,0.44748852,0.15915437,0.5868206,0.2643459,0.07531877
,,-0.21663022,6.786524,-6.9288173,1693048459248,,1.0084614,0.5503128,-0.03932442,,,,,,-0.019585662,0.5135309,0.13311507,0.17311737,0.6355247,0.30693352,0.10350189
,,0.028474597,6.5345592,-7.0141616,1693048459498,,2.007836,0.1465312,0.5990293,,,,,,0.09944545,0.47522005,0.2698622,0.17561339,0.64147896,0.2960852,0.093545206
,,0.11860427,5.447181,-7.3659062,1693048459754,,0.06345358,0.29008442,0.011988222,,,,,,-0.006622553,0.2621427,0.5039853,0.16699316,0.5903633,0.24675132,0.07413352
,,0.09818546,4.9899125,-7.348279,1693048460004,,-2.7856197,-0.11064288,-0.6868411,,,,,,-0.04095601,-0.042039394,0.58793324,0.13443302,0.46458164,0.22128668,0.07196829
,,-0.18975084,6.3485565,-6.8712296,1693048460257,,-0.6414844,-0.058719378,0.1805869,,,,,,-0.11340137,0.3846488,0.4326529,0.2026162,0.7045693,0.29612404,0.09577092
,,-0.3136193,6.7356367,-6.775836,1693048460507,,1.0261765,0.94737494,0.10728313,,,,,,-0.10243724,0.47647813,0.13895884,0.20323889,0.69404626,0.3150383,0.11229637
52.53816876,13.41392091,-0.03381855,6.216473,-7.1026154,1693048461000,4.8065853,2.4592652,-0.66897327,0.10789399,,,,,,-0.13236924,0.37265223,0.313662,0.20744388,0.70471185,0.29457515,0.08916495
,,0.08893326,4.9492345,-7.3870425,1693048461009,,-1.587103,-0.12652537,0.23312128,,,,,,-0.15902458,-0.043628648,0.42829254,0.14136584,0.46046174,0.22448452,0.07311745
,,0.076570325,5.481797,-7.2586274,1693048461259,,-1.7789146,-1.1179589,-0.68195415,,,,,,-0.20303817,0.014404583,0.3787499,0.1374008,0.4577084,0.238216,0.074227646
,,-0.27581272,6.731011,-6.9036927,1693048461513,,0.7464004,0.5753583,0.05413789,,,,,,-0.27496803,0.49357128,0.09795227,0.16530229,0.56876445,0.29822925,0.100413896
,,-0.21495523,6.5494747,-6.939665,1693048461764,,1.416519,0.32551455,0.4237111,,,,,,-0.24259059,0.29460335,0.06889906,0.15889935,0.5701652,0.30070785,0.09668987
,,0.14029923,5.665087,-7.213643,1693048462015,,2.0163882,0.4256964,-0.4003455,,,,,,-0.1171809,0.089420125,0.3637314,0.14097686,0.5221316,0.257805,0.07134541
,,0.14269198,4.7906694,-7.3355966,1693048462266,,-2.5229478,0.269315,-0.033215772,,,,,,-0.18141039,-0.109232076,0.4615747,0.055927575,0.21108979,0.18559007,0.0648417
,,0.041635085,5.8585067,-7.103333,1693048462516,,-1.7495931,-1.0739766,-0.04176788,,,,,,-0.20819911,0.185235,0.35747325,0.12057149,0.45854816,0.249368,0.07286178
,,-0.23250261,6.60746,-6.7558155,1693048462768,,0.84963655,0.92782724,0.14821106,,,,,,-0.2018381,0.40965512,0.119538754,0.13263206,0.50716394,0.29294923,0.0986574
,,0.014596236,6.420501,-6.883592,1693048463019,,1.9247586,0.5949059,0.6643918,,,,,,-0.15215942,0.35794494,0.2401278,0.1314171,0.5135273,0.28482008,0.08611821
,,0.19988044,5.6966724,-7.2693954,1693048463269,,1.1220822,0.04085158,-0.28183773,,,,,,-0.19850801,0.26173824,0.37865543,0.1031635,0.3978891,0.2317463,0.06729701
,,0.15449658,5.2561536,-7.345327,1693048463520,,-2.698266,0.32795802,-0.23968807,,,,,,-0.3229573,0.06854137,0.38905218,0.037426822,0.14684048,0.17520891,0.06736743
52.53810586,13.41369231,0.12107684,6.4368515,-7.01783,1693048464000,4.4284654,-1.4026219,-1.0959678,-0.28733552,,,,,,-0.23403588,0.3213502,0.20874718,0.114790194,0.4553551,0.2586564,0.07558445
,,-0.039880395,6.858866,-6.827361,1693048464022,,1.0133483,1.1355213,0.17569998,,,,,,-0.27702135,0.4209049,0.04436248,0.108345,0.4447455,0.2820767,0.09161627
,,0.28705895,6.505366,-6.993742,1693048464272,,2.0438771,0.13003784,0.65461797,,,,,,-0.12388483,0.32163972,0.21172182,0.102475576,0.4554914,0.26826385,0.072635725
,,0.33212382,5.635416,-7.2764134,1693048464523,,0.9632574,0.028023422,0.011377357,,,,,,-0.1779128,0.15859607,0.35604322,0.07296513,0.33895296,0.21617065,0.057616845
,,0.41714874,5.215955,-7.242755,1693048464773,,-2.8259368,0.37927067,-0.42539096,,,,,,-0.039719615,-0.044496376,0.40777844,0.058038834,0.27629298,0.20216209,0.056844775
,,0.24055846,6.3401036,-6.975876,1693048465024,,-1.2694534,-0.8888846,-0.0692568,,,,,,0.012212447,0.43897155,0.29902133,0.13538507,0.58564687,0.28692803,0.06783835
,,0.031346012,6.5505123,-6.8345404,1693048465275,,0.39576402,0.72990704,0.25450155,,,,,,0.056038603,0.5239869,0.22310863,0.13617739,0.5788576,0.29593462,0.086998135
,,0.20259231,6.3238316,-7.0575514,1693048465526,,1.6248239,0.3249037,0.5764273,,,,,,0.17213072,0.5447538,0.33955333,0.14409897,0.58667207,0.27826107,0.077618755
,,0.19046868,5.5453663,-7.3592854,1693048465779,,0.6425534,0.27725625,-0.072921984,,,,,,0.070618324,0.40801877,0.49011332,0.14228971,0.5293194,0.23783933,0.0694096
,,0.24350959,5.2158747,-7.355775,1693048466031,,-2.8497605,0.41286823,-0.26473352,,,,,,0.040132698,0.07648832,0.49900055,0.12599833,0.46589193,0.22590767,0.0702387
,,0.104885384,6.401438,-7.018149,1693048466281,,-1.2480731,-0.73372495,-0.17249294,,,,,,-0.039215855,0.46093997,0.3425792,0.17864844,0.643361,0.28984207,0.08474199
,,0.054875374,6.65125,-6.923473,1693048466531,,1.1312453,1.3071743,-0.26656613,,,,,,-0.11022616,0.36762422,0.098141335,0.1847271,0.6304136,0.31018984,0.09745695
52.53807857,13.41343267,0.36259237,6.3688965,-7.0727053,1693048467000,5.6532226,2.7341545,-0.0043524117,0.39133525,,,,,,-0.16590337,0.24733666,0.2669932,0.18664624,0.6362785,0.3024455,0.077203654
,,0.37224343,5.468558,-7.4194255,1693048467036,,0.19906557,0.36399904,-0.19142975,,,,,,-0.3064012,0.024201982,0.28261736,0.13806207,0.45442486,0.24517182,0.061620414
,,0.4985047,5.3616786,-7.397492,1693048467286,,-2.5870886,0.2589303,-0.24152066,,,,,,-0.2861033,-0.10909446,0.2699735,0.0683264,0.20328237,0.19226868,0.061421514
,,0.4386842,6.6298747,-7.0904126,1693048467537,,-0.9676862,-0.7123447,-0.025885396,,,,,,-0.16818614,0.41402712,0.05900073,0.1126537,0.38377935,0.2558795,0.07364178
,,0.29750767,6.623733,-6.915257,1693048467788,,1.0530546,0.2522108,0.027870705,,,,,,-0.10607609,0.31139553,0.0499472,0.102054134,0.38152888,0.26426595,0.08387484
,,0.48406798,6.3047695,-7.0444694,1693048468039,,2.0518184,-0.22426373,0.4408153,,,,,,-0.05015718,0.39161047,0.33598533,0.0986642,0.3949384,0.24218422,0.06745579
,,0.38165528,5.286941,-7.3335223,1693048468290,,-0.54313517,0.24610215,0.12133302,,,,,,-0.12748183,0.19783926,0.41830418,0.051473092,0.21459593,0.17903808,0.05966838
,,0.49395838,5.251128,-7.093364,1693048468540,,-2.3085344,-0.32444555,-0.8041271,,,,,,-0.04500796,-0.0060540754,0.60030746,0.049556088,0.21453401,0.17939682,0.060522445
,,0.2218944,6.5613585,-6.754539,1693048468791,,-0.326889,-0.40202537,-0.05215258,,,,,,-0.039800312,0.5154223,0.3281044,0.12922874,0.5161792,0.2803942,0.07918333
,,0.04737791,6.541817,-6.7731237,1693048469043,,1.0481676,0.50510883,0.30581418,,,,,,-0.14023851,0.39452025,0.18727721,0.13320081,0.51012486,0.28842565,0.08896109
,,0.31513473,6.205945,-7.0414386,1693048469293,,2.4494915,-0.5816196,0.1720348,,,,,,-0.17869596,0.41584906,0.34974483,0.14105313,0.518979,0.26810318,0.06937258
,,0.31154552,5.135635,-7.237013,1693048469545,,-1.1112394,0.04329504,0.12011129,,,,,,-0.23907147,0.0032850425,0.4358872,0.07582451,0.27224728,0.2019301,0.06180274
52.53808822,13.41332883,0.37878382,5.524149,-7.1062055,1693048470000,5.550532,-2.124664,-0.7618247,-1.0613012,,,,,,-0.254918,-0.07329721,0.4574622,0.056665953,0.21061198,0.18130918,0.06240746
,,0.083828546,6.67422,-6.7343597,1693048470048,,0.009086614,-0.39347327,0.007101303,,,,,,-0.32513416,0.36490664,0.21201855,0.10250772,0.38639414,0.2525898,0.081308395
,,0.06691925,6.435417,-6.7865233,1693048470301,,1.2747984,0.2833649,0.31131196,,,,,,-0.38860703,0.13972935,0.17242032,0.09823605,0.3865102,0.25551763,0.07922787
,,0.3284548,5.9384265,-6.912785,1693048470552,,2.0286055,-0.37026042,0.12377647,,,,,,-0.3806771,0.13623445,0.48172325,0.09841255,0.39885077,0.23040137,0.058077276
,,0.34368908,5.080362,-7.2392454,1693048470805,,-1.4087305,0.054901473,0.23373213,,,,,,-0.40218574,-0.06647697,0.4408794,0.014349928,0.08793059,0.15608166,0.0551846
,,0.39633116,5.70441,-7.073024,1693048471055,,-1.7807472,-0.75449437,-0.6966149,,,,,,-0.3631114,0.11188963,0.42262295,0.03075552,0.15012525,0.16692294,0.054911632
,,0.062691994,6.6119275,-6.7875614,1693048471306,,0.43852454,-0.24930918,0.044364054,,,,,,-0.35877344,0.4852828,0.18944487,0.09154366,0.38741997,0.26053473,0.07369049
,,0.23322047,6.4559155,-6.8876605,1693048471557,,1.1886665,0.2729802,0.15920663,,,,,,-0.19750474,0.3605887,0.16892418,0.088103525,0.38963446,0.25869003,0.07151724
,,0.48438707,5.9446487,-7.002116,1693048471807,,2.1996477,-0.6640864,0.05902481,,,,,,-0.13131812,0.2869391,0.4296594,0.089602895,0.40033293,0.23491488,0.055976342
,,0.42552364,5.195775,-7.2382073,1693048472057,,-1.4349977,-0.037949976,0.51778424,,,,,,-0.047032233,0.112374924,0.47299877,0.026165163,0.14995787,0.17772195,0.05489972
,,0.49738806,5.6825542,-6.977311,1693048472307,,-1.497306,-0.6756928,-0.7528145,,,,,,0.027307602,0.12486047,0.52887875,0.056883734,0.2764924,0.19975343,0.05346098
,,0.23920248,6.423692,-6.6888175,1693048472560,,-0.09231694,-0.22976151,0.31558803,,,,,,0.049614497,0.38222468,0.40105754,0.10340111,0.4535391,0.27022073,0.07337465
52.53803325,13.41311121,0.41427726,6.3302927,-6.724072,1693048473000,9.158591,1.1263583,0.08666644,0.17631085,,,,,,0.19357273,0.3144189,0.39106953,0.10853328,0.4532728,0.26768678,0.07592551
,,0.5207579,5.9408207,-7.0325046,1693048473060,,2.0145557,0.22166756,0.39255697,,,,,,0.13853167,0.32694218,0.47819105,0.1183432,0.460863,0.24566834,0.06532869
,,0.4907679,5.329613,-7.26429,1693048473310,,-0.75082916,0.09644028,0.029092435,,,,,,0.10724722,0.15331782,0.5402444,0.053058676,0.21159479,0.18539247,0.064584084
,,0.4975476,5.6255264,-7.126145,1693048473561,,-2.3592362,-0.14729477,-0.68928456,,,,,,0.0045638364,0.091065325,0.5386967,0.06604098,0.27546415,0.19526857,0.06619062
,,0.19876377,6.416833,-6.9410195,1693048473813,,-0.51992226,0.123929195,-0.28061602,,,,,,-0.11084498,0.36716405,0.31559017,0.11511589,0.45219237,0.2647232,0.08488161
,,0.22013964,6.386284,-6.975955,1693048474066,,1.4788272,0.8080977,0.0040469794,,,,,,-0.10042303,0.26562497,0.22731696,0.11543555,0.44857475,0.27118453,0.086273886
,,0.3531008,6.002715,-7.215078,1693048474318,,2.8905358,0.016416991,0.099341884,,,,,,-0.16818467,0.29783526,0.37039322,0.11498938,0.45901582,0.24955553,0.069176234
,,0.29623145,5.1489563,-7.211967,1693048474568,,-2.5235589,-0.1711185,-0.12606722,,,,,,-0.2307187,0.028178,0.60356915,0.030900678,0.14708497,0.17799295,0.06306138
,,0.10783656,6.2054667,-6.839724,1693048474820,,-1.4105631,-0.6824123,-0.107741274,,,,,,-0.24133375,0.35078537,0.49001878,0.09875672,0.39091715,0.24796753,0.075430736
,,-0.029431717,7.3059254,-6.5227537,1693048475070,,2.0108905,0.86368644,0.22884522,,,,,,-0.154011,0.73945355,0.2527173,0.14820705,0.56492805,0.32042173,0.09815708
,,0.15944172,6.7531037,-6.6955156,1693048475322,,2.3951244,-0.4001928,0.27527094,,,,,,-0.036574185,0.64535457,0.35604635,0.13316585,0.5123294,0.28380886,0.08332475
,,0.3385844,5.3378286,-7.0471816,1693048475573,,-2.7245333,0.29985824,-0.23113596,,,,,,-0.10807876,0.25373918,0.7317765,0.048447873,0.21477775,0.18316904,0.061555672
52.53800817,13.41296155,0.30309087,5.614519,-6.851529,1693048476000,8.558913,-1.3739113,-0.7905354,0.03886627,,,,,,-0.1186574,0.2597538,0.7152546,0.054092962,0.20867395,0.19365692,0.06814216
,,0.09100701,7.004908,-6.575237,1693048476077,,1.3151156,0.88201237,0.24594943,,,,,,-0.12890036,0.6193527,0.29169974,0.13505277,0.50860703,0.29051167,0.091066524
,,0.35397822,6.6270823,-6.7225556,1693048476328,,2.4922519,-0.6323214,0.36140287,,,,,,-0.065150104,0.5548877,0.3483139,0.10170751,0.38778877,0.25059012,0.0798931
,,0.42791647,5.1180882,-7.1424165,1693048476579,,-1.1002438,-0.14607304,-0.11323906,,,,,,-0.1455457,0.114792615,0.62113494,0.016525364,0.087799914,0.15807955,0.05584763
,,0.46707904,4.9048076,-7.496075,1693048476830,,0.35544693,0.013362667,0.2551124,,,,,,-0.22836898,0.17124516,0.53070366,-0.05226765,-0.15963124,0.08993732,0.050051235
,,0.48358947,5.29404,-7.7121463,1693048477081,,0.14347686,0.009697478,-0.15355614,,,,,,-0.19857213,0.40815744,0.25630033,-0.049976867,-0.15911695,0.08177325,0.048006658
,,0.56406814,4.4339004,-8.241678,1693048477332,,-0.2560287,0.092164226,-0.05093085,,,,,,-0.19210938,0.22514267,0.1688995,-0.11924825,-0.40107307,0.0032647008,0.034388732
,,0.7914661,3.447579,-8.729336,1693048477582,,0.16241367,0.024358233,-0.11384992,,,,,,-0.16263439,0.034385912,0.33540058,-0.20043367,-0.69933784,-0.10462927,0.009122478
,,0.7019745,2.993501,-9.094082,1693048477832,,-7.63581E-5,0.032299474,-0.04848739,,,,,,-0.21623689,-0.10753686,0.17879778,-0.24611643,-0.88619,-0.15430926,0.0050553787
,,0.8019944,3.4053853,-9.215159,1693048478084,,0.014584397,-0.0067958706,-0.075976305,,,,,,-0.14629535,0.08072911,-0.011479441,-0.2370119,-0.8870517,-0.1654994,0.003268424
,,0.80119675,3.235256,-9.2488985,1693048478335,,0.123929195,-0.16989677,0.10361794,,,,,,-0.10065365,-0.015788896,-8.07031E-4,-0.22933169,-0.89009804,-0.16043009,0.0036755062
,,0.7407381,3.2942786,-9.291251,1693048478586,,0.34628397,-0.88277596,0.28137958,,,,,,-0.04115371,0.10681381,-0.018667586,-0.14379635,-0.57260835,-0.107411675,0.006877855
52.53801079,13.41280731,0.6858628,3.1670606,-9.2774515,1693048479000,7.198399,-0.44478592,-0.03367392,0.31986406,,,,,,0.14205872,0.040348776,0.04850842,-0.07513983,-0.31776345,-0.07231214,0.016647173
,,0.5718847,3.1362727,-9.262058,1693048479092,,0.38599017,0.07261655,-0.07475458,,,,,,0.17553024,0.07993635,0.10932287,0.010734392,-7.5622596E-4,-0.016585954,0.023144182
,,0.5059225,3.0771697,-9.253763,1693048479344,,-0.24625486,0.29680392,0.38095054,,,,,,0.22912303,0.10454931,0.15312126,0.09540679,0.317159,0.035960495,0.027302286
,,0.38995034,3.1318054,-9.243235,1693048479596,,0.14775293,0.067118764,-0.23174682,,,,,,0.18100218,0.15512332,0.16238032,0.18328713,0.6335359,0.09152745,0.030656127
,,0.32470602,3.0946374,-9.195458,1693048479848,,-0.18028148,0.1966221,-0.017944153,,,,,,0.18603434,0.12203209,0.20944902,0.26884758,0.950915,0.14540602,0.033665426
,,0.36897323,3.036811,-9.159803,1693048480098,,-0.035506517,0.10438152,-0.03810269,,,,,,0.16558833,-0.009297585,0.22286351,0.27637467,0.9482551,0.14969394,0.032550834
,,0.35110685,3.2662833,-9.169137,1693048480350,,0.06956223,0.10621411,-0.26534438,,,,,,-0.030574514,0.10800628,0.17257299,0.2785249,0.9465105,0.15952355,0.024584353
,,0.4038287,3.271388,-9.183494,1693048480601,,0.12331833,-0.022678355,-0.09369139,,,,,,-0.058368463,0.08191954,0.12771207,0.2729577,0.94749504,0.16299435,0.020291667
,,0.40390846,3.3595235,-9.19434,1693048480851,,0.032299474,0.023747368,-0.07536544,,,,,,-0.08174888,0.09717485,0.093295544,0.26334184,0.9493116,0.16703147,0.018184403
,,0.4193821,3.319164,-9.236853,1693048481103,,-0.038560838,0.0035888306,-0.060093824,,,,,,-0.021859411,0.06743189,0.05391782,0.24646282,0.9538138,0.1667193,0.017624293
,,0.33866417,3.3820155,-9.216115,1693048481356,,0.012140937,-0.1277471,0.15493058,,,,,,-0.034605,0.14268415,0.06755718,0.23169439,0.95765007,0.16630286,0.018402973
,,0.25347966,3.4355347,-9.214122,1693048481610,,0.04818196,-0.07154754,0.14882194,,,,,,-0.05116636,0.21255766,0.079055086,0.22023703,0.9607845,0.16512662,0.020437064
52.5379803,13.41269469,0.22691932,3.4210184,-9.221859,1693048482000,4.8429127,-0.0410043,-0.022678355,0.10300707,,,,,,0.024731018,0.20230521,0.07089971,0.21283522,0.9628546,0.16381647,0.023494558
,,0.17635101,3.442155,-9.223294,1693048482113,,0.14164427,-0.097814724,0.09750929,,,,,,0.015426974,0.2220218,0.06978944,0.21205574,0.9630658,0.16319014,0.026989946
,,0.07322039,3.3905497,-9.208618,1693048482363,,0.2607629,-0.031230463,-0.10835214,,,,,,-0.03236739,0.23552172,0.09693433,0.2129802,0.9632851,0.16002332,0.029964542
,,-0.005264208,3.3016965,-9.260382,1693048482616,,-0.014126248,0.09705114,0.018707734,,,,,,-0.05643934,0.25190237,0.08271743,0.21318007,0.96414596,0.15358028,0.03162147
,,-0.13264214,3.193461,-9.325228,1693048482868,,0.081779525,-0.09598213,-0.17554727,,,,,,-0.12991092,0.24631144,0.05061393,0.21316952,0.96504617,0.1472307,0.032192416
,,-0.29024938,3.0430326,-9.263094,1693048483119,,-0.36048657,-0.22976151,-0.33925903,,,,,,-0.18513218,0.22893633,0.13350168,0.20758833,0.96709037,0.14036937,0.034190517
,,-0.6631308,3.067519,-9.305528,1693048483370,,0.23877177,-0.6103303,0.026648976,,,,,,-0.3248159,0.40912154,0.113206945,0.19619706,0.969739,0.13326791,0.043466344
,,-1.1909077,2.915415,-9.282797,1693048483621,,0.03291034,-0.24503313,0.13232858,,,,,,-0.3984233,0.40917835,0.12903753,0.1854908,0.9716345,0.121777184,0.062448516
,,-1.5988044,2.6399214,-9.315338,1693048483871,,0.068340495,-0.19738568,0.014431681,,,,,,-0.2961163,0.25803962,0.04581159,0.17889883,0.9716354,0.11117093,0.08621476
,,-2.0504098,2.377987,-9.247941,1693048484123,,0.029245151,-0.10636683,0.0064904382,,,,,,-0.21572486,0.124344096,0.03599221,0.17887163,0.9697316,0.10001707,0.11220905
,,-2.484707,2.084547,-9.16491,1693048484375,,0.00481056,-0.082543105,-0.050319985,,,,,,-0.11177561,-0.0053176004,0.018743802,0.18152331,0.9670909,0.08628683,0.1394851
,,-2.9442887,1.8786848,-9.1936245,1693048484627,,0.0054214248,0.051236283,0.010766491,,,,,,-0.038424056,-0.04620541,-0.09383955,0.18831976,0.9635319,0.07093299,0.16594698
52.53796583,13.41263465,-3.16387,1.4647267,-9.121679,1693048485000,5.9550467,-0.0080176005,0.09705114,0.035201084,,,,,,0.080373846,-0.28665146,-0.08655558,0.20100668,0.9597627,0.054736067,0.18349414
,,-3.1527035,1.2457033,-9.148479,1693048485133,,-0.013515383,0.06101012,-0.027107125,,,,,,0.20507628,-0.33651388,-0.122516155,0.21460676,0.9568788,0.04268985,0.18832737
,,-3.1918657,1.2390835,-9.149836,1693048485385,,-0.0074067353,0.017027855,0.010155627,,,,,,0.15339921,-0.21222717,-0.10034434,0.22582407,0.9552123,0.03377026,0.18693015
,,-3.1810985,1.2742579,-9.1542225,1693048485635,,0.019471316,0.0054214248,-0.013057235,,,,,,0.099947385,-0.10579453,-0.07439382,0.23348236,0.9543237,0.029481633,0.18309383
,,-3.103332,1.2930018,-9.2107725,1693048485887,,0.007864884,-0.033063058,-0.0051159924,,,,,,0.07906254,-0.05605377,-0.06320855,0.23893145,0.9540787,0.027694019,0.17763697
,,-3.0053856,1.2996215,-9.258707,1693048486139,,0.0041996953,-0.00923933,0.03459022,,,,,,0.06770052,-0.03161365,-0.05397218,0.24355154,0.9541504,0.027287897,0.17136623
,,-2.9478781,1.3064811,-9.2793665,1693048486391,,-0.0067958706,0.007864884,-0.009392046,,,,,,0.042678405,-0.011199097,-0.034263548,0.24674384,0.95421916,0.02720005,0.1667156
,,-2.9178877,1.306561,-9.29484,1693048486641,,0.007864884,-0.0043524117,3.8179048E-4,,,,,,0.027039608,-0.002083075,-0.024784183,0.24813038,0.9543179,0.0270738,0.16419117
,,-2.9179673,1.2868598,-9.295877,1693048486893,,-0.0012980876,-0.0012980876,0.020540329,,,,,,0.015867813,-0.008806856,-0.013590653,0.2493818,0.9541803,0.026394228,0.16323511
,,-2.926661,1.2852648,-9.29532,1693048487145,,-0.0019089525,-0.0019089525,-0.0063377223,,,,,,0.005079905,-8.773327E-4,-0.006638241,0.25023684,0.9539961,0.025753232,0.16311535
,,-2.9364717,1.2914863,-9.29476,1693048487399,,0.0072540194,0.0011453715,-2.290743E-4,,,,,,-0.0019526482,0.0034890613,-0.0051530837,0.2507181,0.953842,0.025568051,0.16330943
,,-2.9332016,1.2926028,-9.292368,1693048487650,,0.0041996953,0.0017562362,0.008933897,,,,,,-0.0039921124,0.004623127,-0.0028132757,0.25134045,0.9536866,0.025652206,0.16324884
52.53797325,13.41265312,-2.9256246,1.2989838,-9.296436,1693048488000,5.2457514,0.016416991,-0.0019089525,-0.0045051277,,,,,,-0.003689448,0.008354024,-0.0061949096,0.25186294,0.95358646,0.025780438,0.16300975
,,-2.9257839,1.2919649,-9.292448,1693048488153,,0.0054214248,0.0017562362,-0.003894263,,,,,,-0.0033902088,0.0050231377,-0.0012973786,0.25239018,0.9534749,0.02552848,0.1628861
,,-2.9315267,1.2902896,-9.295,1693048488404,,-0.008628465,0.0035888306,0.0064904382,,,,,,-0.010748188,0.010359983,-0.0036424636,0.25285143,0.95337373,0.025174005,0.16281684
,,-2.9272995,1.2828721,-9.299147,1693048488655,,-0.0043524117,0.0066431547,0.015653409,,,,,,-0.0065960567,0.008342846,-0.003974819,0.2533136,0.95328414,0.024847059,0.16267124
,,-2.9225137,1.2777672,-9.299545,1693048488907,,-0.012293654,0.011530072,-0.0020616686,,,,,,-0.0043962556,0.0075548887,-3.684362E-5,0.25399706,0.95315,0.024567906,0.16243258
,,-2.921158,1.2819148,-9.30122,1693048489159,,-0.0049632764,0.010308343,-0.0045051277,,,,,,-0.0055530868,0.009735537,0.0010333061,0.25462982,0.9530198,0.024540963,0.16220917
,,-2.9149365,1.2851052,-9.299865,1693048489412,,-0.005574141,0.002367101,0.008323032,,,,,,-0.0031236887,0.009007382,0.0035280227,0.2551845,0.95290965,0.024713496,0.16195731
,,-2.9043286,1.3004194,-9.299148,1693048489662,,0.010308343,0.0011453715,-2.290743E-4,,,,,,-0.0016603231,0.01187011,0.0021087646,0.25558105,0.9528288,0.025302188,0.16171505
,,-2.8927627,1.3099904,-9.293882,1693048489913,,0.0041996953,-0.0043524117,-2.290743E-4,,,,,,0.00127062,0.008215181,0.0047000567,0.25598356,0.95274204,0.025990324,0.16148265
,,-2.8910086,1.3171692,-9.29157,1693048490165,,0.010308343,0.0017562362,0.0058795735,,,,,,-0.0036567848,0.009277673,0.003592936,0.25624675,0.9526799,0.026464587,0.16135909
,,-2.8871799,1.3159727,-9.28814,1693048490415,,0.0066431547,0.011530072,-0.008781182,,,,,,-0.002368474,0.006249483,0.004148515,0.2562949,0.9526698,0.026605079,0.1613204
,,-2.8763318,1.314218,-9.292128,1693048490665,,-6.8722287E-4,0.023136504,-0.0014508038,,,,,,4.929781E-4,0.009545803,1.6501745E-4,0.25623682,0.95274156,0.02654385,0.16099629
52.5379841,13.41266574,-2.865166,1.3128619,-9.298509,1693048491000,5.0393896,0.011530072,-0.011682789,0.008933897,,,,,,0.0024438938,0.010414274,-1.7846425E-4,0.2562226,0.95284355,0.026493987,0.16041805
,,-2.8660436,1.3014563,-9.299386,1693048491168,,-0.003130682,-0.01962403,-0.060704686,,,,,,-0.0022460064,0.0069307964,0.0031188964,0.25614598,0.9529305,0.026249297,0.16006333
,,-2.868755,1.2957134,-9.308,1693048491418,,-0.0074067353,-0.00923933,0.0077121677,,,,,,-9.2647073E-4,0.0069518485,-5.0048827E-4,0.25570196,0.95307416,0.025966477,0.15996289
,,-2.8738594,1.2890136,-9.306325,1693048491671,,-0.0049632764,-0.0043524117,0.015653409,,,,,,4.1644572E-4,0.0027703485,0.0037433624,0.25520018,0.95317835,0.025716292,0.16017877
,,-2.8836703,1.2906888,-9.303135,1693048491921,,-0.0012980876,0.015195262,-0.005726857,,,,,,-0.0034032266,0.0055131596,0.0045008343,0.2546648,0.95326144,0.025696628,0.16053417
,,-2.894199,1.2895719,-9.298987,1693048492171,,0.0029779659,0.018249584,0.0022143847,,,,,,-0.0029526234,0.0018632333,0.006421375,0.2541815,0.9533056,0.025776029,0.16102444
,,-2.9069605,1.2825528,-9.29492,1693048492422,,0.0054214248,0.00481056,0.0040469794,,,,,,-0.003956779,0.0010748346,0.0059019723,0.25372183,0.95334095,0.02555683,0.16158223
,,-2.906801,1.2843076,-9.298748,1693048492674,,-0.006185006,0.027412556,-2.290743E-4,,,,,,-3.3801395E-4,0.0056269607,0.0029642105,0.25326303,0.9534448,0.025416737,0.1617159
,,-2.889413,1.2890934,-9.299543,1693048492927,,-0.017180571,0.037797257,0.011988222,,,,,,-0.0023638248,0.009475291,0.0060204505,0.25313246,0.95358354,0.02569901,0.16104168
,,-2.8559136,1.301536,-9.310632,1693048493177,,-0.015347977,0.028023422,-0.0020616686,,,,,,1.26489E-4,0.011917424,0.0012967109,0.25311226,0.9538314,0.026576793,0.15942183
,,-2.805106,1.3181262,-9.327781,1693048493427,,-0.010461059,0.0017562362,-0.025885396,,,,,,0.006479025,0.014916134,-0.0020398775,0.25292104,0.9541918,0.027897071,0.15729497
,,-2.7623546,1.336232,-9.3348,1693048493679,,-0.017180571,0.021303909,0.022983788,,,,,,0.0017135382,0.016004149,-0.0023604075,0.25263217,0.9545396,0.029345034,0.1553625
52.53798442,13.41263824,-2.7214372,1.3663017,-9.340624,1693048494000,4.49544,0.016416991,-0.0043524117,0.005268709,,,,,,0.0010373592,0.019762088,3.4971238E-4,0.25225496,0.95483905,0.03127664,0.1537636
,,-2.693999,1.3896716,-9.344053,1693048494183,,0.027412556,-0.014737112,-0.019776747,,,,,,-0.006063819,0.017296812,6.7888893E-4,0.25204042,0.95505595,0.03301385,0.15244308
,,-2.6786053,1.4042678,-9.345966,1693048494435,,0.04818196,0.0017562362,0.03642281,,,,,,-0.0027436097,0.019723332,0.0013333638,0.2515669,0.955246,0.034006383,0.15184435
,,-2.6754944,1.4031512,-9.344771,1693048494688,,-0.0037415468,0.0060322895,-0.011835505,,,,,,-0.005384207,0.014038777,0.004330349,0.25137088,0.955312,0.034282904,0.15169898
,,-2.686023,1.3956534,-9.34493,1693048494938,,0.011530072,-0.0080176005,0.007101303,,,,,,-0.010102137,0.012103343,0.002078851,0.2512801,0.95531166,0.03389207,0.15193535
,,-2.701018,1.3793027,-9.345008,1693048495191,,0.0029779659,-0.00923933,-0.0020616686,,,,,,-0.010759568,0.009275829,0.0024475732,0.2513187,0.95527244,0.03317905,0.15227
,,-2.714897,1.3615161,-9.343893,1693048495441,,-0.0074067353,-6.8722287E-4,9.926553E-4,,,,,,-0.0134038925,0.0065240343,4.476865E-4,0.2514256,0.9552311,0.032127336,0.1525829
,,-2.718326,1.3458031,-9.341818,1693048495692,,-0.0012980876,0.00481056,0.0040469794,,,,,,-0.0072235106,0.00556345,5.911509E-4,0.2514085,0.9552244,0.03134018,0.15282501
,,-2.7194426,1.3421342,-9.340303,1693048495944,,-0.003130682,0.010308343,0.010155627,,,,,,-0.0076946416,0.0039675036,0.0010059357,0.25175244,0.9551415,0.031052124,0.15284067
,,-2.7169702,1.3509079,-9.341501,1693048496194,,-0.003130682,-0.006185006,0.0077121677,,,,,,-0.005730335,0.013034956,-0.0013600031,0.25166616,0.95515215,0.031202527,0.15288395
,,-2.7207193,1.3594424,-9.335438,1693048496446,,-0.015347977,0.010308343,-0.005726857,,,,,,-0.0068995557,0.0112664895,3.70121E-4,0.25164893,0.95514196,0.03165602,0.1528805
,,-2.7157743,1.3754741,-9.332886,1693048496697,,-7.63581E-5,0.012751802,-0.0032833982,,,,,,-0.008725396,0.014125745,0.0019833248,0.25152415,0.95517236,0.032303628,0.15275864
52.537985,13.41263306,-2.70381,1.3904691,-9.336475,1693048497000,4.432451,-0.0043524117,5.345067E-4,-2.290743E-4,,,,,,-0.005465452,0.015345582,-9.606997E-4,0.25133267,0.9552535,0.03313156,0.15238808
,,-2.6904104,1.4070594,-9.337512,1693048497202,,-0.0025198173,0.009086614,-0.0051159924,,,,,,-0.0039665145,0.016310278,3.2653808E-4,0.25110537,0.9553407,0.034061916,0.15200874
,,-2.6794825,1.4183058,-9.340861,1693048497455,,-0.0012980876,-0.0012980876,0.0028252497,,,,,,-0.0035805383,0.013419497,-0.0024196624,0.2507177,0.95546556,0.03500976,0.15164645
,,-2.6732612,1.4339389,-9.339266,1693048497706,,-6.8722287E-4,-0.0025198173,0.0077121677,,,,,,-0.005401214,0.012633494,-0.0021576881,0.25036585,0.9555638,0.03592948,0.15139142
,,-2.6599412,1.4471793,-9.341021,1693048497957,,0.014584397,0.0017562362,-0.0014508038,,,,,,-0.0010332823,0.012125647,0.0011506716,0.24987671,0.95568126,0.036814265,0.1512472
,,-2.651088,1.4542779,-9.341102,1693048498209,,0.01886045,0.002367101,0.0028252497,,,,,,0.0019776502,0.009343652,0.0016208331,0.24970073,0.9557394,0.037369236,0.15103965
,,-2.6493335,1.4501305,-9.340303,1693048498460,,0.007864884,0.00481056,-0.0026725335,,,,,,-8.7779365E-4,0.007938886,0.0049025216,0.24956898,0.95579314,0.037403826,0.15090972
,,-2.6487746,1.4439888,-9.342456,1693048498710,,0.0054214248,-0.003130682,-0.0014508038,,,,,,-0.0019509792,0.009458673,0.0037970224,0.24945146,0.95586777,0.037031762,0.15071829
,,-2.6490936,1.430589,-9.3377495,1693048498960,,-6.8722287E-4,0.0029779659,-0.003894263,,,,,,-0.0016222,0.008931172,0.010787836,0.24939094,0.955929,0.03647458,0.1505622
,,-2.6485357,1.4179071,-9.335599,1693048499213,,0.002367101,-0.0012980876,0.005268709,,,,,,-0.0029534658,0.009814588,0.013791624,0.24939238,0.9559776,0.03583797,0.15040706
,,-2.6505296,1.40355,-9.329695,1693048499464,,0.0017562362,-0.008628465,0.0064904382,,,,,,-0.0046421527,0.009647259,0.015352663,0.24932402,0.95603955,0.03520288,0.15028231
,,-2.65372,1.3971691,-9.3225975,1693048499717,,0.0017562362,-6.8722287E-4,-0.0014508038,,,,,,-0.0049698036,0.01382012,0.017125607,0.24878828,0.95618314,0.03485352,0.15033802
52.53798569,13.4126278,-2.6593034,1.3956535,-9.313904,1693048500000,4.5527806,0.0029779659,-0.003130682,0.007101303,,,,,,-0.00512596,0.014188107,0.016816966,0.2480851,0.9563299,0.03485361,0.15056232
,,-2.669034,1.394298,-9.306165,1693048500221,,-0.005574141,0.010919208,-0.0026725335,,,,,,-0.008931009,0.0119822025,0.017299017,0.24728027,0.956473,0.034958072,0.1509493
,,-2.674298,1.3920647,-9.3017,1693048500475,,0.009697478,0.002367101,-0.0063377223,,,,,,-0.007415088,0.011691304,0.014719486,0.24653229,0.9566046,0.034938883,0.151344
,,-2.6811576,1.3860028,-9.302417,1693048500726,,0.0066431547,0.0017562362,-0.0014508038,,,,,,-0.004084929,0.009811914,0.009690889,0.24579851,0.956751,0.034682326,0.1516757
,,-2.6835506,1.3813765,-9.306406,1693048500978,,0.007864884,-0.0043524117,0.005268709,,,,,,-0.0012430509,0.012333954,0.003958384,0.24525523,0.95687336,0.034347482,0.1518624
,,-2.6876187,1.3730015,-9.315019,1693048501232,,0.002367101,0.0011453715,0.0077121677,,,,,,5.9512455E-4,0.011540639,-0.0017561277,0.24494912,0.95695347,0.03392041,0.15194753
,,-2.6900911,1.3668599,-9.321639,1693048501483,,-0.0019089525,0.0029779659,3.8179048E-4,,,,,,0.0012607892,0.010772411,-0.0034938178,0.24471669,0.9570197,0.033538807,0.15199144
,,-2.6912873,1.3634303,-9.327861,1693048501733,,0.0035888306,-0.005574141,0.0064904382,,,,,,0.004034464,0.013051228,-0.0077431044,0.24451381,0.95707875,0.033296246,0.15200041
,,-2.699343,1.3616757,-9.33169,1693048501983,,5.345067E-4,-0.0012980876,0.0058795735,,,,,,1.0577043E-4,0.012032604,-0.010246754,0.24410383,0.9571707,0.033184063,0.15210256
,,-2.7057242,1.3629519,-9.333123,1693048502235,,0.0011453715,0.0072540194,0.0040469794,,,,,,-0.0017049233,0.01254909,-0.008424345,0.24364299,0.95725656,0.03327287,0.15228091
,,-2.7125833,1.3659827,-9.33105,1693048502488,,0.015195262,0.0017562362,9.926553E-4,,,,,,-0.0051048915,0.014205361,-0.0077231727,0.24326542,0.95731735,0.033422038,0.1524699
,,-2.7137797,1.3650256,-9.330972,1693048502739,,0.011530072,0.0011453715,-0.0026725335,,,,,,-0.004938706,0.0117974365,-0.005081908,0.24307255,0.9573481,0.033393186,0.15259221
52.53798591,13.4126259,-2.7173693,1.3617555,-9.333765,1693048503000,5.013617,0.0060322895,-0.0049632764,-8.3993905E-4,,,,,,-0.0050575575,0.013292909,-0.005975278,0.24291481,0.9573852,0.033148665,0.15266368
,,-2.7213566,1.3540184,-9.331929,1693048503241,,0.009086614,-0.0019089525,0.0028252497,,,,,,-0.0055702208,0.014123782,-6.766955E-4,0.24285652,0.9573995,0.03272832,0.15275541
,,-2.7229521,1.3446065,-9.333922,1693048503493,,-0.0049632764,0.002367101,-8.3993905E-4,,,,,,-0.0046004294,0.012770244,-8.631388E-4,0.24302132,0.95737046,0.032288212,0.1527682
,,-2.7228727,1.3406986,-9.335837,1693048503745,,-0.010461059,0.012140937,-8.3993905E-4,,,,,,-0.005470133,0.012596969,-0.0010437965,0.24330804,0.95731735,0.031945202,0.1527177
,,-2.714817,1.3392627,-9.339026,1693048503997,,-0.0019089525,-0.0025198173,-2.290743E-4,,,,,,-0.0018956105,0.010349262,0.0019171397,0.24357668,0.957278,0.031850792,0.15255587
,,-2.7112277,1.3456438,-9.340702,1693048504247,,-7.63581E-5,-0.0037415468,-8.3993905E-4,,,,,,-0.0018771251,0.01273946,0.0017009099,0.24374533,0.9572532,0.03209341,0.15238912
,,-2.702294,1.357209,-9.336953,1693048504502,,0.0066431547,-6.8722287E-4,9.926553E-4,,,,,,0.001665767,0.014826501,0.0062056542,0.24397002,0.957202,0.03262441,0.15223457
,,-2.6938396,1.3658233,-9.336795,1693048504753,,0.012140937,-0.006185006,-0.0020616686,,,,,,0.0032460927,0.013205707,0.005358219,0.2443742,0.9571239,0.033151224,0.15196331
,,-2.6900907,1.3706088,-9.335917,1693048505005,,0.017027855,-0.015347977,-0.003894263,,,,,,0.0013485114,0.014264691,0.007081731,0.24473925,0.95705396,0.03337633,0.15177067
,,-2.6910484,1.3637496,-9.332169,1693048505258,,0.0072540194,-0.010461059,-0.005726857,,,,,,0.0025870006,0.014401348,0.0077027003,0.24498814,0.95699143,0.033135287,0.1518131
,,-2.7070804,1.3505093,-9.329696,1693048505512,,-6.8722287E-4,0.002367101,0.0028252497,,,,,,-0.0015586058,0.014256223,0.0083449045,0.24510601,0.9569321,0.032424275,0.15214133
,,-2.7204797,1.335514,-9.328817,1693048505764,,-0.0049632764,0.0017562362,0.0058795735,,,,,,-0.0033975046,0.011360363,0.008296617,0.24519086,0.95687443,0.031543616,0.15254812
52.53798585,13.41262068,-2.7349164,1.3168501,-9.329058,1693048506000,4.9188757,-0.0012980876,-0.0025198173,-0.0045051277,,,,,,-0.0059580165,0.0070169526,0.00858059,0.24517664,0.9568352,0.030694779,0.1529946
,,-2.7442484,1.3099107,-9.327462,1693048506267,,-0.0049632764,0.0035888306,-0.0045051277,,,,,,-0.0057825404,0.0074576456,0.008132426,0.24500637,0.9568226,0.03013599,0.1534657
,,-2.7490337,1.3108681,-9.32746,1693048506519,,-7.63581E-5,0.00481056,0.008933897,,,,,,-0.0036437353,0.008285249,0.0070942244,0.24491198,0.95679855,0.030052643,0.15378584
,,-2.7470398,1.3228323,-9.329456,1693048506771,,-0.0037415468,5.345067E-4,0.0022143847,,,,,,-0.003069687,0.01006436,0.005068048,0.24488987,0.95677537,0.030411704,0.15389276
,,-2.7408988,1.3400605,-9.331131,1693048507021,,0.0060322895,0.0029779659,0.0064904382,,,,,,0.0013641437,0.010169526,0.0027059237,0.24484009,0.95676464,0.031182365,0.1538823
,,-2.7302904,1.3573684,-9.328898,1693048507275,,0.0066431547,0.0011453715,9.926553E-4,,,,,,0.003914579,0.0135944765,0.0027851104,0.2447997,0.9567571,0.03206219,0.15381336
,,-2.7269402,1.3719648,-9.328019,1693048507527,,0.008475749,-0.005574141,-0.0032833982,,,,,,0.0031692027,0.013644119,-5.2522024E-4,0.24491256,0.95672774,0.032711033,0.15368238
,,-2.7274985,1.3749957,-9.33105,1693048507778,,0.026801692,-0.006185006,0.0058795735,,,,,,0.002293563,0.0138010625,-8.849144E-4,0.24490362,0.95672345,0.033045474,0.1536537
,,-2.7319653,1.3723637,-9.333204,1693048508031,,0.013973532,0.0017562362,-0.016111558,,,,,,5.8460236E-4,0.013599169,-0.0042389235,0.2447565,0.95675945,0.032918576,0.1536896
,,-2.6802,1.3265011,-9.352665,1693048508283,,-0.24320054,0.20334162,-0.10529782,,,,,,0.014818677,-0.02085657,-0.03710915,0.24416137,0.95708966,0.03291164,0.15251705
,,-2.5076776,1.2933205,-9.403552,1693048508533,,-0.3739256,-0.07887791,-0.019776747,,,,,,0.08539163,-0.1096169,-0.059325185,0.24521758,0.95731044,0.036656033,0.14787826
,,-2.3544576,1.3529018,-9.403712,1693048508784,,-0.52236575,-0.014126248,0.19830199,,,,,,0.15006311,-0.2272678,-0.064507134,0.25225484,0.9550736,0.04542273,0.14573254
52.53798576,13.41261894,-2.139981,1.8232509,-9.274819,1693048509000,6.2724023,-1.4007893,0.7928261,0.050472703,,,,,,0.11608921,-0.2715583,-0.07318527,0.26718265,0.94712657,0.07175161,0.144381
,,-1.5490336,2.7682564,-8.896673,1693048509289,,-0.5956695,-0.05016727,-0.35391977,,,,,,0.23361644,-0.24236028,-0.09200716,0.28021392,0.9326007,0.12465345,0.13979103
,,-1.1567701,3.8370504,-8.336993,1693048509541,,-0.37453645,-0.27618724,-0.09796744,,,,,,0.24287415,-0.2520369,-0.117918015,0.2870577,0.9143456,0.18857573,0.14214666
,,-0.95561373,5.164748,-7.629356,1693048509794,,0.24671301,0.090942495,0.15370885,,,,,,0.22799231,-0.12437787,-0.09298331,0.29153627,0.8924796,0.2572729,0.15324754
,,-0.84921277,6.360841,-6.750233,1693048510044,,0.62606007,-0.77709633,-0.16394083,,,,,,0.13500331,-0.004363982,0.089789696,0.29527614,0.87114745,0.32222876,0.16442727
,,-0.5052844,7.473743,-6.279085,1693048510294,,0.60467976,0.58818644,0.41393724,,,,,,0.16338602,0.2261576,0.0051555634,0.2948369,0.85601175,0.37593648,0.16697925
,,-0.07792626,7.856435,-6.054001,1693048510546,,1.3994149,-0.22182028,0.009544762,,,,,,0.25492802,0.31231263,0.075614706,0.29238924,0.85119325,0.40061474,0.1553352
,,-0.17571293,7.2678,-6.351748,1693048510796,,1.4947097,0.040240716,-0.08758274,,,,,,0.04355611,0.3147121,0.16076608,0.2966873,0.8591004,0.37300822,0.13838835
,,-0.037328012,6.2727046,-6.8482585,1693048511049,,-1.3452007,0.22533275,-0.2928333,,,,,,-0.024654457,0.32196465,0.3086497,0.19181934,0.56214124,0.28881258,0.112220325
,,0.24757741,5.5169725,-7.5617976,1693048511300,,0.48678288,-0.01962403,0.100563616,,,,,,-0.11096404,0.42321655,0.28495017,0.17931777,0.51726043,0.23208995,0.07710314
,,0.5148557,4.5786657,-8.377111,1693048511552,,-0.08681916,0.19601123,-0.074143715,,,,,,-0.16825324,0.40886247,0.15731592,0.10231362,0.2852629,0.14232455,0.045378838
,,0.49395832,3.8091342,-8.840921,1693048511803,,-0.15340342,0.05978839,-0.06436988,,,,,,-0.3891458,0.47492376,0.2682576,0.06476998,0.17432687,0.08106944,0.019641371
52.53798033,13.41255153,0.3819742,3.3092735,-9.222017,1693048512000,6.2171173,0.86307555,-0.13996439,0.031535894,,,,,,-0.50723517,0.5617257,0.16700138,0.02188193,0.05846081,0.03222685,0.007588471
,,0.44897324,3.049413,-9.2488985,1693048512307,,-1.2627338,-0.07399099,0.27221662,,,,,,-0.40142345,0.5379558,0.17588517,-0.08242336,-0.25358167,-0.015414766,0.005818983
,,0.6259624,3.458985,-9.04846,1693048512557,,-1.3201551,-0.41607526,-0.42416924,,,,,,-0.285822,0.42974147,0.14757591,0.018978525,0.056845084,0.041692298,0.005400204
,,0.60737807,4.1316867,-8.526585,1693048512810,,-0.63537574,-0.6879101,-0.09552398,,,,,,-0.14204934,0.40854135,0.16482896,0.024390372,0.110452965,0.09174153,0.020912463
,,0.33427733,5.2054257,-7.7033734,1693048513061,,0.84413874,-0.027565273,0.1805869,,,,,,-0.12630446,0.538931,0.28944132,0.09526317,0.34515205,0.18159914,0.048505016
,,0.3555735,5.909394,-7.280481,1693048513315,,0.883845,0.40248352,0.713261,,,,,,0.07978149,0.45941588,0.22261067,0.13033372,0.45872912,0.2401965,0.07067968
,,0.5033701,6.248697,-6.958885,1693048513566,,1.7628794,-0.2474766,0.09689843,,,,,,0.21124472,0.3866483,0.3844733,0.17731887,0.57643497,0.27950925,0.07990913
,,0.44450668,6.2941604,-6.948438,1693048513817,,-0.29695663,0.04940369,0.47502372,,,,,,0.13765703,0.423895,0.39479026,0.23635034,0.7657198,0.30353367,0.07948565
,,0.38197425,6.0094147,-6.9975696,1693048514068,,-2.183918,0.18379395,-0.7112757,,,,,,0.054472815,0.35664657,0.4591765,0.23268533,0.6992445,0.2856217,0.080540076
,,0.39952165,5.9712095,-7.040641,1693048514319,,-1.1057416,-0.6708059,-0.46021026,,,,,,-0.0066081504,0.3715109,0.45415157,0.25268283,0.6935852,0.28234816,0.08401321
,,0.47744778,5.94417,-7.15454,1693048514571,,0.7738893,-0.09598213,0.02481638,,,,,,-0.025190897,0.3354513,0.3652011,0.2666761,0.6886689,0.28131273,0.08757292
,,0.6108077,5.9278994,-7.1691365,1693048514823,,1.6755258,0.029856017,0.61491174,,,,,,-0.078332946,0.4031739,0.3950613,0.27747336,0.68653405,0.27877682,0.08298591
52.53796656,13.41242942,0.5576074,5.5964136,-7.4048285,1693048515000,4.9244013,0.91499907,-0.08009964,0.046807513,,,,,,-0.14592323,0.33533365,0.3015885,0.2578446,0.62687683,0.2577404,0.076432936
,,0.63617176,5.423732,-7.2875,1693048515325,,-3.0091963,0.9669226,-0.34597853,,,,,,-0.110319406,0.04500572,0.39230338,0.23407339,0.56432617,0.2529899,0.07673026
,,0.63202417,6.3342004,-7.0230145,1693048515577,,-1.3287072,-0.86506087,-0.41683885,,,,,,-0.08750774,0.32295588,0.27298608,0.253132,0.617048,0.29167217,0.09108837
,,0.40614176,6.469874,-6.890291,1693048515827,,1.1153628,0.71463543,-0.24701844,,,,,,-0.242351,0.2732912,0.1994253,0.24889395,0.6110292,0.3032792,0.10262146
,,0.52339005,6.2812395,-7.3977294,1693048516079,,3.0890667,-0.8571196,0.61857694,,,,,,-0.27701944,0.37502292,0.116554275,0.25080755,0.61928433,0.28960392,0.08494845
,,0.51006997,5.4871416,-7.915298,1693048516331,,-0.93042344,0.07689261,0.19463679,,,,,,-0.23195611,0.037322648,0.25749317,0.18299341,0.44503865,0.22703572,0.07122033
,,0.5306483,5.7033725,-7.425088,1693048516583,,-1.8400011,-0.851011,-0.94401515,,,,,,-0.34481734,0.013565016,0.50221866,0.15271349,0.3836223,0.22300334,0.07168658
,,0.31218356,7.25767,-6.9622364,1693048516835,,1.177671,0.116598815,0.17142393,,,,,,-0.4392327,0.66995305,0.2866746,0.21272643,0.5540764,0.29544368,0.09582407
,,0.21982065,7.2756968,-7.043035,1693048517087,,1.9052109,0.3077995,0.89835304,,,,,,-0.45521632,0.7494773,0.2247054,0.20427485,0.55694145,0.29690388,0.09492357
,,0.5705287,6.2626553,-7.4224563,1693048517338,,0.20456335,0.14530946,0.26488623,,,,,,-0.3057916,0.65048134,0.5341957,0.11335977,0.3294893,0.21189436,0.0664102
,,0.782772,5.2573504,-7.3571315,1693048517589,,-2.7477462,5.345067E-4,-1.0154864,,,,,,-0.25102824,0.22266282,0.8023891,0.018598164,0.09331144,0.1431147,0.05541948
,,0.5245067,6.3091564,-6.6830735,1693048517843,,-0.17905974,0.31390813,0.021762058,,,,,,-0.4957735,0.72571874,0.71462464,0.0849247,0.2645094,0.21208313,0.071627
52.53795734,13.41225715,0.40008,6.994141,-6.6793246,1693048518000,3.7900925,1.4024692,0.9052252,0.38278314,,,,,,-0.43327203,0.91767204,0.39416626,0.12823609,0.376027,0.26338258,0.08913193
,,0.7341179,5.9843707,-7.0079393,1693048518346,,2.1471133,-0.99761856,0.081015944,,,,,,-0.38075516,0.5094699,0.5333688,0.087634064,0.26569447,0.20891322,0.06656536
,,0.60099727,4.7208004,-7.3207607,1693048518597,,-2.4349833,1.0646609,-0.2512945,,,,,,-0.6150107,0.17684917,0.6851256,-0.023230003,-0.03214322,0.12409784,0.05593985
,,0.56358945,5.3499527,-6.9686975,1693048518849,,-1.6964478,-0.5987238,-0.50541425,,,,,,-0.6614303,0.22088958,0.67650515,0.02000064,0.08751884,0.15457112,0.05999934
,,0.2599403,6.5637517,-6.5514693,1693048519102,,0.8716277,0.14347686,-0.14744748,,,,,,-0.6647669,0.56539667,0.4440929,0.10287493,0.31794342,0.24204352,0.07973955
,,0.54325044,6.3933024,-6.667043,1693048519354,,2.0530403,-0.6756928,0.8091667,,,,,,-0.4996794,0.542342,0.49647775,0.09196785,0.3258374,0.23568742,0.06863716
,,0.6696714,5.263412,-7.3021774,1693048519605,,-0.2529744,0.24182609,-0.09308052,,,,,,-0.5057446,0.31730774,0.58229345,0.010854834,0.09160125,0.15488525,0.050024074
,,0.60793644,5.0451865,-7.28455,1693048519857,,-2.4979024,-0.51992226,-0.89881116,,,,,,-0.48473856,0.16314644,0.7140601,-0.028488642,-0.030746825,0.122551434,0.049015097
,,0.68099725,6.5764337,-6.796494,1693048520110,,0.09155336,-0.028176138,0.14882194,,,,,,-0.2305798,0.60440457,0.5347451,0.0723488,0.26515096,0.21740597,0.06267422
,,0.60123664,6.8940415,-6.8661246,1693048520360,,1.6541455,0.40553784,0.3748419,,,,,,-0.17611651,0.6674416,0.24818142,0.10695184,0.3807844,0.26972118,0.07305568
,,0.88438725,6.0779285,-7.347002,1693048520612,,1.6229913,-0.56756973,0.091400646,,,,,,-0.1386047,0.5274059,0.34926617,0.051900797,0.20895733,0.19429974,0.052732084
,,0.8026325,4.8480973,-7.669474,1693048520863,,-1.4673736,-0.11980586,0.0028252497,,,,,,-0.1861913,0.10760791,0.44992408,-0.04102774,-0.0967201,0.11535922,0.04755501
52.53793923,13.41211417,0.9046465,5.394698,-7.6392455,1693048521000,3.7900925,1.3468804,-0.19860741,0.39561132,,,,,,-0.092253655,0.4383767,0.33893958,-0.058536332,-0.15727916,0.08835829,0.046740826
,,0.83740824,5.018547,-7.8301134,1693048521365,,-2.1637595,0.5924625,-0.12301289,,,,,,-0.12209479,0.31721047,0.26043874,-0.077408925,-0.21976481,0.07636277,0.04706941
,,0.9048859,4.5485168,-7.8553977,1693048521618,,-2.207131,-1.230358,-0.36369362,,,,,,-0.18596262,0.12806587,0.52990985,-0.09614415,-0.2736487,0.04421919,0.03471555
,,0.79760754,4.6382475,-7.731689,1693048521870,,1.2595268,1.3242785,0.302149,,,,,,-0.18712632,0.085752994,0.43204612,-0.10043356,-0.27785304,0.05285235,0.040259287
,,0.7973682,5.1188054,-7.432028,1693048522123,,2.5252388,-0.58650655,0.46891508,,,,,,-0.15151253,0.25084746,0.46807522,-0.06711688,-0.15673989,0.092828974,0.04356579
,,0.73348004,5.2106104,-7.3929453,1693048522375,,-0.092927806,-0.17417282,0.4909062,,,,,,-0.25563842,0.39464337,0.42080587,-0.06437542,-0.1569988,0.08854552,0.044626538
,,0.6339385,4.6896133,-7.331929,1693048522627,,-0.8180243,0.1343139,-0.60132,,,,,,-0.2873586,0.09201381,0.51000565,-0.062912084,-0.15957953,0.10106265,0.04804903
,,0.76035935,5.1999226,-7.480682,1693048522881,,0.18562654,-0.114308074,0.28015786,,,,,,-0.21766573,0.46355325,0.3103343,-0.054102883,-0.16084242,0.093818866,0.049231555
,,0.845145,4.637369,-7.957731,1693048523131,,-0.2945132,-0.0025198173,-0.16760603,,,,,,-0.19534403,0.40418783,0.13913362,-0.12164728,-0.4065504,0.022912174,0.047207102
,,1.1334003,3.6757746,-8.58473,1693048523383,,0.21189372,-0.10881029,0.09812015,,,,,,-0.1715386,0.36376417,0.2870675,-0.20132597,-0.70309806,-0.08934777,0.02913364
,,1.1752746,3.007858,-9.077652,1693048523633,,-0.11980586,-0.14118612,0.211741,,,,,,-0.15930785,0.2564584,0.13318947,-0.26692846,-0.949472,-0.15937105,0.026861144
,,1.3423734,3.3051264,-9.212129,1693048523886,,-0.073380135,-0.21754421,0.16165009,,,,,,0.0075662294,0.29562694,0.024275271,-0.26710907,-0.9484036,-0.16690579,0.02467792
52.53792341,13.4119685,1.3857633,3.4407992,-9.118251,1693048524000,3.7900925,-0.054443322,0.13797908,-0.21586435,,,,,,0.0057644127,0.3721686,0.11842771,-0.27011213,-0.9466475,-0.17309903,0.022721386
,,1.3407784,3.3320048,-9.02828,1693048524389,,0.18745913,0.053679742,0.04497492,,,,,,-0.042253304,0.32648525,0.21352763,-0.2791734,-0.94443613,-0.17120783,0.021176998
,,1.3691732,3.288695,-9.064571,1693048524641,,-0.13324489,-0.102090776,0.044364054,,,,,,-0.05207221,0.30954137,0.14622617,-0.28210968,-0.9435595,-0.1714402,0.019501517
,,1.304806,3.2459438,-9.064412,1693048524892,,-0.08498656,0.07750347,0.010155627,,,,,,-0.10484643,0.2365887,0.15422739,-0.2844948,-0.9428148,-0.17188863,0.018875968
,,1.2800007,3.2275987,-9.04471,1693048525144,,0.007864884,-0.028176138,-0.15905392,,,,,,-0.14795752,0.123822294,0.1399518,-0.2847541,-0.9419804,-0.17588662,0.019789705
,,1.2363716,3.3245876,-9.0779705,1693048525395,,-0.054443322,0.17096578,-0.022831071,,,,,,-0.15286058,0.12782238,0.09690909,-0.27980077,-0.94289696,-0.17836952,0.020993441
,,1.1482358,3.4241292,-9.171212,1693048525645,,0.081779525,0.081779525,-0.08697187,,,,,,-0.26116234,0.14832583,-0.03308339,-0.27223873,-0.9445526,-0.1809207,0.023025308
,,1.1172887,3.4628935,-9.230633,1693048525897,,-0.07704532,0.14408773,-0.016111558,,,,,,-0.2786804,0.13008079,-0.07538743,-0.2611173,-0.94746,-0.18176098,0.02586463
,,1.0766906,3.5418563,-9.241639,1693048526147,,0.019471316,0.08605558,-0.09796744,,,,,,-0.3032119,0.191354,-0.06195299,-0.2498448,-0.95003736,-0.18360022,0.029630218
,,1.079163,3.629513,-9.203035,1693048526397,,0.14408773,0.16485713,-0.20547964,,,,,,-0.30402306,0.2522746,-0.023619192,-0.23749836,-0.9530027,-0.18358864,0.033426814
,,1.0709475,3.6616564,-9.233583,1693048526648,,0.101327196,0.13187043,-0.17799072,,,,,,-0.33136234,0.3302309,-0.020504555,-0.22369133,-0.9563738,-0.18208246,0.037234236
,,1.0973485,3.555814,-9.202157,1693048526898,,0.08055779,0.08055779,-0.11323906,,,,,,-0.3737428,0.3060364,0.0073389052,-0.20930003,-0.9596979,-0.1803114,0.0409446
52.53794556,13.41187323,1.1032509,3.5135407,-9.184769,1693048527000,5.380478,0.034742933,0.13675736,-0.16821688,,,,,,-0.3319283,0.34921136,0.040619057,-0.19407792,-0.9633883,-0.17753711,0.0425854
,,1.1547763,3.4828331,-9.193065,1693048527403,,0.18379395,-0.04894554,0.07918335,,,,,,-0.248695,0.34820175,0.03429683,-0.17992124,-0.96669066,-0.17451495,0.04354579
,,1.155175,3.4633715,-9.296914,1693048527654,,0.6590467,-0.111253746,-0.1211803,,,,,,-0.15970771,0.3284441,0.023269527,-0.16882806,-0.97008103,-0.16758655,0.04195525
,,1.0979067,3.1715274,-9.073343,1693048527904,,-2.4624722,0.5289325,-1.0777946,,,,,,-0.21824117,0.04474914,0.15854155,-0.1592092,-0.9717209,-0.16625045,0.040117636
,,0.92889374,4.155854,-8.551788,1693048528154,,-0.27252206,0.09705114,0.15554145,,,,,,-0.13979775,0.26272017,0.19110216,-0.12741356,-0.78404886,-0.11529613,0.038238443
,,0.75166535,5.0841894,-8.169814,1693048528404,,1.2986221,0.5032762,0.026038112,,,,,,-0.03443195,0.42453188,0.061202638,-0.08481102,-0.47371018,-0.013811248,0.03972309
,,0.828475,5.311189,-7.898467,1693048528658,,2.2155302,-0.65003645,0.29420775,,,,,,0.15038075,0.38689467,0.22035773,-0.071934365,-0.40918732,-0.004324926,0.034186594
,,0.7069995,4.9564133,-7.754659,1693048528909,,-1.2211951,-0.1674533,0.043753188,,,,,,0.17512661,0.3046899,0.45072502,-0.064890414,-0.34491986,0.015861714,0.028605962
,,0.7626724,5.069035,-7.721239,1693048529160,,0.43852454,-0.34399322,0.48113236,,,,,,0.2676852,0.39354458,0.42089704,-0.05597446,-0.27884978,0.02079326,0.02497475
,,0.8156335,5.2073407,-7.9633136,1693048529410,,-0.16684245,-0.20044,0.07063124,,,,,,0.45689744,0.64105827,0.30746904,-0.06492126,-0.27868232,0.026468886,0.02088822
,,0.9973284,4.2489347,-8.422815,1693048529660,,0.32795802,-0.106977694,0.22273657,,,,,,0.55571187,0.47661287,0.3709726,-0.04351686,-0.20922665,0.020434294,0.015220511
,,1.1766306,3.3166916,-8.838848,1693048529910,,0.0066431547,-0.34521496,0.33574656,,,,,,0.627976,0.37162513,0.5029901,-0.015837995,-0.19825107,-0.030939493,0.007994507
52.53792861,13.41175131,1.1057235,3.11721,-9.085787,1693048530000,8.026671,-0.016569708,-0.08132137,0.7163153,,,,,,0.62741756,0.50502014,0.4021945,0.04933916,0.05615528,0.00894489,0.011716392
,,1.2466606,3.5105102,-9.2088585,1693048530410,,-0.07826705,-0.08926262,0.25999933,,,,,,0.7012753,0.7368183,0.21664524,0.12876381,0.30705222,0.04071995,0.015059114
,,1.1669796,3.6886964,-9.086823,1693048530660,,0.068340495,-1.0434334,0.79511684,,,,,,0.6722589,0.9136322,0.2895439,0.2130725,0.5539491,0.085571006,0.018134685
,,1.3040885,3.6556747,-9.123593,1693048530911,,0.031688612,0.39576402,0.28870997,,,,,,0.68937767,0.904403,0.3033531,0.32093605,0.862344,0.13366279,0.021506185
,,1.1516656,3.9711282,-9.098548,1693048531163,,0.01886045,-0.53458303,0.9105703,,,,,,0.6288211,1.2953753,0.35620534,0.38216412,0.90808415,0.14158615,0.025976423
,,1.3198812,3.9713678,-9.086106,1693048531415,,0.011530072,0.1758527,0.109726585,,,,,,0.65168965,1.2423043,0.42860508,0.43321174,0.88421726,0.14312746,0.029236289
,,1.302892,3.7361531,-9.069836,1693048531668,,-1.0709224,0.12576179,0.29420775,,,,,,0.5116647,1.1053779,0.4574069,0.4815653,0.85932815,0.14017883,0.028191749
,,1.3261024,3.9370704,-8.721121,1693048531921,,-2.1362705,-1.1008546,-0.43027788,,,,,,0.4734023,0.8773383,0.6455389,0.5196852,0.8322002,0.15450211,0.041007485
,,1.1724832,4.7274995,-8.088299,1693048532171,,-0.46677706,-0.54008085,0.2844339,,,,,,0.44363558,0.87021637,0.65999985,0.5454253,0.79435474,0.18926416,0.08881903
,,0.7019745,5.7790656,-7.0916076,1693048532424,,-0.1155298,0.9351576,0.5293907,,,,,,0.15430097,0.8734272,0.7350566,0.5642993,0.7528515,0.22873579,0.14557353
,,0.37367913,6.4495344,-6.229953,1693048532675,,0.083612114,0.4586831,0.053527027,,,,,,-0.03946876,0.47455236,0.686889,0.5770094,0.70923245,0.26975438,0.2083972
,,0.23704888,7.5202427,-5.452286,1693048532925,,0.82886714,-2.599917,0.16042836,,,,,,0.021109294,0.45846277,0.36612138,0.5818221,0.6678801,0.31274036,0.2722136
52.53789711,13.41160219,0.08965111,8.866924,-4.3609996,1693048533000,8.78045,-0.042836893,-1.4136175,-0.09430225,,,,,,-0.19996522,0.5273623,0.45320174,0.5792221,0.62850213,0.3632721,0.33863375
,,-0.4171487,9.709835,-3.7538605,1693048533427,,0.07506001,0.17768529,-0.30382887,,,,,,-0.67138654,0.5781057,0.106937215,0.5744667,0.59597546,0.39683455,0.39067456
,,-0.60267234,9.573443,-3.4259636,1693048533678,,0.021914775,0.33162323,-0.16394083,,,,,,-0.9047962,0.18815565,0.064407654,0.57344854,0.5785435,0.41107288,0.40679356
,,-0.8729814,9.799406,-3.3978078,1693048533933,,0.16852233,0.42997244,-0.40095636,,,,,,-1.0184937,0.25835276,-0.22803298,0.56479985,0.5750088,0.4241753,0.4100941
,,-0.6443074,9.719806,-3.3269804,1693048534184,,0.033521205,-0.6708059,-0.1523344,,,,,,-0.6755123,0.1322115,-0.4757625,0.54712266,0.58563954,0.4362355,0.40412208
,,-1.061536,9.60463,-3.3185263,1693048534436,,0.01886045,-1.1381174,-0.027717989,,,,,,-1.0061754,0.0370193,-0.3444537,0.5273195,0.6019643,0.44269535,0.39857116
,,-1.302892,9.70473,-3.3535411,1693048534686,,0.18501566,-0.4325686,-0.12851068,,,,,,-0.7404388,0.0988887,-0.41543558,0.5109629,0.61546427,0.4406598,0.40200835
,,-1.2969099,9.641239,-3.191308,1693048534939,,0.7586177,-0.12835796,0.27221662,,,,,,-0.22752056,0.23249008,-0.1913033,0.5007954,0.62858045,0.4270145,0.4088722
,,-1.2554343,9.475576,-3.4722252,1693048535189,,2.378631,-0.5626828,0.5617665,,,,,,0.13534832,0.441788,-0.07843622,0.5076581,0.644371,0.39557484,0.40153483
,,-1.336551,8.577632,-4.120201,1693048535441,,-0.69707304,-0.34826928,0.48174325,,,,,,0.32370844,0.38918743,0.09903986,0.53915906,0.65240157,0.33284867,0.3799217
,,-1.6031113,8.035418,-4.909753,1693048535694,,-0.18272492,0.04818196,1.0156391,,,,,,0.16577543,0.56657577,0.42035237,0.5823882,0.64698833,0.2645181,0.3629256
,,-1.9268603,7.3927035,-5.451089,1693048535944,,-0.0043524117,0.123929195,0.046807513,,,,,,0.1468506,0.7308749,0.6566442,0.63359386,0.6304997,0.20135494,0.3433085
52.53791684,13.41141066,-2.0429122,6.3184867,-6.339146,1693048536000,5.8602996,0.010919208,0.10071633,0.17264566,,,,,,0.012503394,0.56161255,0.5958653,0.6846375,0.61707634,0.14521663,0.30995515
,,-2.0882962,5.5080385,-7.365188,1693048536445,,0.70425075,0.054901473,0.026648976,,,,,,-0.2224316,0.44861832,0.48702526,0.73354274,0.6020284,0.0978776,0.27159664
,,-2.1782663,4.863332,-7.901181,1693048536696,,-0.60238904,0.08116866,0.4078286,,,,,,-0.4407386,0.36870527,0.41438225,0.77056986,0.5798896,0.06856681,0.24582042
,,-2.0624535,4.855675,-8.18138,1693048536946,,0.19112432,0.26137376,-0.32643086,,,,,,-0.6054629,0.3647014,0.39665854,0.78977764,0.55793226,0.07147244,0.23884474
,,-2.0130816,4.5937414,-8.139746,1693048537196,,-0.40202537,0.2503782,-0.4803688,,,,,,-0.8261519,0.18382308,0.39868376,0.79985535,0.54736507,0.083303384,0.22870864
,,-1.8849063,4.4732227,-8.565349,1693048537450,,-0.019013166,0.42752898,0.30703592,,,,,,-0.98097456,0.074546404,0.037997182,0.7984669,0.5518901,0.093666,0.21823515
,,-1.7797816,4.4149175,-8.659707,1693048537700,,0.035964664,0.30291256,-0.5353466,,,,,,-1.100263,0.028740827,0.059331257,0.79378784,0.55998325,0.104416,0.2082994
,,-1.765265,4.3877187,-8.647661,1693048537950,,0.25587597,-0.32505643,-0.2702313,,,,,,-1.1586449,0.033340733,0.09799542,0.7808948,0.57760113,0.114072524,0.19987723
,,-1.9546969,4.485745,-8.798009,1693048538203,,0.11110103,0.045127634,-0.5182424,,,,,,-1.3730114,0.19495444,0.118656985,0.76059455,0.6044158,0.11546571,0.19353683
,,-2.0265615,4.2317863,-8.878648,1693048538460,,-1.5767183,-0.5248092,0.3675115,,,,,,-1.2398362,0.18192707,0.27134174,0.73405546,0.6376858,0.10994601,0.1892211
,,-2.5617561,4.7850866,-8.168299,1693048538710,,-1.7630321,-2.1179445,-0.31604618,,,,,,-1.285365,0.31572634,0.58133596,0.69919,0.66053325,0.11926659,0.21570216
,,-2.8238502,5.7471614,-6.546762,1693048538962,,0.9498184,0.45807222,1.1488075,,,,,,-0.8931751,0.5305871,1.4643662,0.6585273,0.66251695,0.14479645,0.2706761
52.53797385,13.41130691,-2.8138003,6.5805817,-5.3418965,1693048539000,9.024797,-0.44112074,0.91377735,0.31192282,,,,,,-0.5831644,0.5356066,1.4704176,0.6181518,0.65492284,0.18270537,0.3292775
,,-2.7206395,7.4773316,-4.116612,1693048539466,,-0.11308634,-0.62132585,0.21051927,,,,,,-0.3186687,0.4909504,1.3447922,0.5804521,0.63553905,0.23132144,0.38923132
,,-2.3948963,8.222218,-2.823531,1693048539717,,-0.13202316,-1.4740931,-0.21097742,,,,,,0.037116695,0.20359093,1.1688519,0.5535227,0.6008968,0.2806548,0.45579574
,,-2.235933,9.36184,-1.1610774,1693048539968,,0.1514181,-0.7557161,-0.008170316,,,,,,0.16919318,0.2576862,1.0593722,0.5399242,0.54546094,0.31990206,0.5317392
,,-1.7592034,9.784729,-0.57706904,1693048540222,,-0.048334677,-0.3916407,0.00160352,,,,,,0.2901723,0.18417928,0.51711154,0.5443957,0.48318812,0.33202666,0.5835971
,,-1.3000205,9.702417,-0.45072794,1693048540472,,-0.036728244,-0.49060076,-0.14561489,,,,,,0.17500329,-0.049477767,-0.18866141,0.56184214,0.42973346,0.32351658,0.6095614
,,-1.201516,9.875977,-0.17092732,1693048540722,,0.09155336,-0.8473458,-0.13584106,,,,,,0.12329719,-5.530993E-4,-0.2603446,0.58280003,0.37952465,0.2948957,0.635829
,,-1.4239688,9.847501,-0.010847439,1693048540973,,-0.07704532,0.6584359,0.037644543,,,,,,-0.1363713,-0.015394338,-0.2796472,0.6075041,0.3323797,0.2529508,0.6630249
,,-1.5198411,9.954939,0.17730817,1693048541224,,0.5594758,-0.37331474,-0.13400847,,,,,,-0.17976663,0.07409783,-0.17856751,0.62512237,0.30046716,0.2200482,0.68173534
,,-1.6184255,9.877254,0.041794624,1693048541475,,0.45257443,-0.123471044,-0.0026725335,,,,,,-0.23137169,0.020914236,-0.11252232,0.64329416,0.28187168,0.19108573,0.6836355
,,-1.7074383,9.784491,-0.38444683,1693048541725,,-0.1295797,0.15691589,0.06696605,,,,,,-0.15712586,-0.011386267,-0.16106762,0.6605209,0.27413613,0.16418523,0.6766333
,,-1.9491934,9.696593,-0.8134002,1693048541976,,0.29741478,-0.02451095,-0.0075594517,,,,,,-0.17628747,-0.02416846,-0.18510047,0.6756516,0.27372116,0.14050831,0.66662014
52.53796798,13.41127723,-2.2017953,9.530375,-1.3719648,1693048542000,5.7034655,0.14592032,-0.4313469,-0.0014508038,,,,,,-0.20143496,-0.07046363,-0.24449101,0.6910755,0.27892125,0.12092524,0.65176934
,,-2.328296,9.473505,-1.6853449,1693048542479,,-0.09353867,0.14530946,0.10178535,,,,,,-0.14273666,-0.025029914,-0.043114282,0.7083532,0.28147683,0.09987808,0.63556355
,,-2.467957,9.268678,-2.0268006,1693048542731,,0.09460768,-0.5443569,0.16103923,,,,,,0.14294083,-0.09066381,-0.04072,0.72726595,0.27294943,0.071159124,0.6234688
,,-2.664488,9.282317,-2.3921847,1693048542982,,0.48556113,1.3676499,0.3088685,,,,,,0.05468344,-0.084152766,-0.11994962,0.74057686,0.2586337,0.050144743,0.6161266
,,-3.1519055,9.452128,-2.147957,1693048543235,,-0.99212074,-0.34032804,-0.53290313,,,,,,-0.029046465,-0.10787528,0.013496916,0.75029945,0.24609347,0.04041678,0.6100872
,,-2.5595224,9.698907,-2.2254844,1693048543486,,-2.4380376,2.8392231,-0.44799295,,,,,,-0.012894535,0.14271276,0.13130437,0.76067895,0.22625367,0.056036245,0.599125
,,-1.7700503,9.505248,-1.5291731,1693048543737,,-2.689714,-1.4569888,4.854924,,,,,,0.52892554,-0.082709745,-0.0367522,0.7370431,0.21055692,0.079729035,0.62043154
,,-1.431307,8.552826,-0.1129412,1693048543987,,-1.5834379,-0.61766064,-0.93057615,,,,,,0.38260108,-0.55459076,-0.3329113,0.66960263,0.17653963,0.11268869,0.6700817
,,-1.2779272,7.67761,1.7963717,1693048544265,,-1.2761729,3.188027,0.008933897,,,,,,-0.10821888,-0.46298355,-0.31200722,0.5761201,0.1488492,0.14724664,0.72641265
,,-0.91700953,6.462216,3.6066222,1693048544518,,-0.8357394,-0.692797,0.45425433,,,,,,0.11038296,-0.5500093,-0.46675983,0.46852255,0.13732125,0.18581535,0.7829734
,,-0.07896325,4.9143786,5.435696,1693048544770,,0.36888596,-0.27252206,-0.2635118,,,,,,0.28796136,-0.538663,-0.42114913,0.35040334,0.11357578,0.21963908,0.84444356
52.53799458,13.4113068,-0.94540435,2.3834112,8.896514,1693048545000,4.5692897,-0.07826705,0.07383828,0.009544762,,,,,,-0.304108,-0.48683584,-0.2959254,0.14647396,0.07219122,0.21332744,0.955558
,,-0.37383872,3.4061036,7.5152183,1693048545020,,0.123929195,0.031688612,-0.15355614,,,,,,0.27360243,-0.743832,-0.49303305,0.2320132,0.094556786,0.22473904,0.91345876
,,-0.907837,2.0918055,9.414322,1693048545613,,0.63277954,0.40065095,-0.16210824,,,,,,0.029737284,-0.069266476,-0.102925874,0.1038114,0.07445789,0.19632424,0.9695517
,,-1.1189637,1.9536599,9.405626,1693048545873,,0.15935935,-0.747164,0.081015944,,,,,,0.1614634,-0.09377155,-0.11973225,0.09319771,0.08469529,0.17717879,0.973643
,,-1.1332408,1.9164118,9.589315,1693048546129,,0.29741478,-0.5193114,0.18303037,,,,,,0.057959013,-0.0427359,-0.03423195,0.0937838,0.076065615,0.15490301,0.9784957
