96#1#0
key,lat,lon,ts,bike,childCheckBox,trailerCheckBox,pLoc,incident,i1,i2,i3,i4,i5,i6,i7,i8,i9,scary,desc,i10
,,,,1,0,0,0,-5,0,0,0,0,0,0,0,0,0,0,,0

=========================
96#1
lat,lon,X,Y,Z,timeStamp,acc,a,b,c,obsDistanceLeft1,obsDistanceLeft2,obsDistanceRight1,obsDistanceRight2,obsClosePassEvent,XL,YL,ZL,RX,RY,RZ,RC
52.54002549,13.37054339,-1.0159924,8.688339,-4.165426,1689366740000,3.7900925,-1.6004658,1.1168898,0.86819154,,,,,,-0.046457004,0.5084986,0.31361648,0.65573585,0.5524797,0.27087337,0.40930966
,,-0.97483575,8.727502,-3.9201617,1689366740787,,0.74647677,-0.5165625,-0.0810923,,,,,,-0.017222377,0.39848053,0.22325632,0.64455837,0.546128,0.28181598,0.42401245
,,-1.1853245,8.4812,-4.418507,1689366741042,,2.9382596,-0.1268308,0.297033,,,,,,-0.15776986,0.32171488,0.21319585,0.64742976,0.5630149,0.27521613,0.4063711
,,-1.3638291,7.766545,-5.1435323,1689366741292,,-0.8374956,0.60132,0.59818935,,,,,,-0.29665688,0.25281677,0.26171395,0.66697,0.57443804,0.24402235,0.37320212
,,-1.3629516,7.537551,-4.7615576,1689366741542,,-1.8509203,-0.50434524,-0.7225003,,,,,,-0.40203306,-0.14571047,0.59884137,0.668673,0.56957763,0.24822561,0.37594986
,,-1.4432708,8.976594,-4.0923643,1689366741793,,-0.027488915,0.12301289,0.12965605,,,,,,-0.31848142,0.67017734,0.47184047,0.6396395,0.56213635,0.2797735,0.41709504
,,-1.4000405,8.548518,-4.0434713,1689366742045,,1.3158027,0.79313153,-0.34865108,,,,,,-0.2887266,0.13046554,0.28634444,0.6301439,0.5572183,0.29095232,0.42769822
,,-1.5120245,8.37472,-4.797131,1689366742297,,3.1044147,-1.7089705,1.1076505,,,,,,-0.3832579,0.33137435,0.26854298,0.63878745,0.5779197,0.27470505,0.39848816
,,-1.489532,7.2890954,-5.0595446,1689366742547,,-3.0146177,1.2451715,-0.53007793,,,,,,-0.36542162,-0.1441845,0.65698415,0.66021127,0.582558,0.24461529,0.36810872
,,-1.4190238,8.18114,-4.182016,1689366742800,,-1.7849469,0.5127446,0.9408845,,,,,,-0.27309984,0.20604627,0.8627669,0.6430868,0.57545435,0.26946554,0.39607513
52.54012455,13.37041038,-1.5302101,8.716815,-2.8032713,1689366743000,3.7900925,0.042760536,0.9916626,-0.07437278,,,,,,-0.29860392,0.20113063,0.7370994,0.61021453,0.542898,0.30087596,0.45646396
,,-1.476212,9.022297,-3.6495333,1689366743052,,0.6688969,0.044822205,-0.017562363,,,,,,-0.16775513,0.6415513,0.4300598,0.6172876,0.55929,0.29332444,0.4376586
,,-1.4234104,8.558489,-3.3593633,1689366743303,,-0.18692462,-0.24289511,0.11988221,,,,,,-0.2371175,0.13031545,0.49686134,0.61253685,0.5533692,0.29896462,0.44520184
,,-1.4738991,8.949078,-1.9661025,1689366743806,,1.1691952,-0.6778308,0.014813471,,,,,,-0.24283488,0.06023846,0.6743237,0.59826946,0.52087826,0.32143468,0.48743433
,,-1.4319447,10.097712,-1.5144174,1689366744055,,2.5906775,-0.31864235,0.08811724,,,,,,-0.2655357,0.5374067,0.51812226,0.57697433,0.51692295,0.35082167,0.5171403
,,-1.4888939,9.17799,-2.199642,1689366744309,,-1.3573415,0.9104176,0.947604,,,,,,-0.2081853,0.24198587,0.6063176,0.59406394,0.5250903,0.32016593,0.48920164
,,-1.4384055,8.406942,-2.7342784,1689366744561,,-1.6187917,-1.2899173,-0.56062114,,,,,,-0.28254974,-0.119901225,1.108002,0.62056506,0.5396583,0.29371834,0.45074496
,,-1.3580068,8.998767,-3.1099517,1689366744814,,0.57848895,0.022831071,0.12721258,,,,,,-0.07435619,0.53928757,0.92870986,0.6294706,0.5401181,0.2845768,0.4460615
,,-1.4804394,8.8083,-3.724349,1689366745065,,1.6358958,2.1852925,-0.54840386,,,,,,-0.17222777,0.4846076,0.61143434,0.6380486,0.54610425,0.27655402,0.43610364
,,-1.570489,8.130333,-4.388038,1689366745316,,1.6603304,-0.6387355,-0.1470657,,,,,,-0.24346887,0.3097407,0.93879575,0.6567656,0.5652132,0.24845333,0.40203682
,,-1.6011175,7.0793257,-4.7526245,1689366745566,,-2.9969027,0.7399863,-0.6638573,,,,,,-0.25829333,-0.19796799,1.0584347,0.6760485,0.5689937,0.22258587,0.37559268
,,-1.5069201,8.128499,-4.0778484,1689366745819,,-1.6664392,0.09613484,0.59269154,,,,,,-0.29567957,0.16183482,0.7838466,0.65443623,0.5571012,0.2574423,0.41138762
52.5402225,13.37026914,-1.5989636,7.157332,-4.6765323,1689366746000,3.7900925,-3.5246897,1.2573888,-0.5398517,,,,,,-0.264049,-0.38942865,0.73905253,0.6519843,0.5822332,0.24001652,0.38559884
,,-1.5579671,8.93169,-3.6965919,1689366746073,,1.1087196,0.8444442,-0.54840386,,,,,,-0.23929545,0.53151804,0.3563443,0.63078046,0.54497963,0.28242308,0.44564265
,,-1.6220149,8.196056,-3.9765525,1689366746324,,3.4342818,-1.7321835,0.8938479,,,,,,-0.34703368,0.046391454,0.5134733,0.63302493,0.563983,0.27410138,0.4242942
,,-1.688854,7.797252,-4.2078586,1689366746830,,-1.9993604,0.5322923,1.2609776,,,,,,-0.333407,-0.14302209,0.5212053,0.6406155,0.5727444,0.2562668,0.4078519
,,-1.5330815,9.068638,-3.3588853,1689366747083,,0.3420843,-0.005268709,0.08628465,,,,,,-0.16979766,0.38737124,0.15252742,0.609142,0.55224437,0.29548553,0.45730302
,,-1.5460827,8.882078,-2.9252257,1689366747333,,-0.171653,-0.4389827,0.052687086,,,,,,-0.23214373,0.08196031,0.19410954,0.60069484,0.5408331,0.30718186,0.47060072
,,-1.6020745,8.653643,-2.5411775,1689366747584,,0.056810424,-0.12866339,-0.026725333,,,,,,-0.337533,-0.16655135,0.30163306,0.5960158,0.5342439,0.31301644,0.4770774
,,-1.5379468,8.888937,-1.8409582,1689366747834,,0.05131264,-0.0022143847,0.03619374,,,,,,-0.3305948,-0.2312856,0.20708433,0.5800131,0.512764,0.33620894,0.50556564
,,-1.4236495,10.1954975,-0.5819345,1689366748086,,-0.034208428,-0.100563616,-0.1867719,,,,,,-0.26999524,0.3055749,0.17717838,0.5462535,0.49156377,0.38450176,0.5533265
,,-1.2985846,10.189835,-0.2382454,1689366748336,,1.1117738,-0.15737404,-0.027947064,,,,,,-0.17451929,0.20701022,0.15577832,0.5333675,0.48166484,0.4006008,0.56788284
,,-1.4024335,9.957652,-0.56773704,1689366748586,,1.9901974,0.8578832,0.053908817,,,,,,-0.20320912,0.110179074,0.32744417,0.53849334,0.49718192,0.39285985,0.5515778
,,-1.394936,9.238928,-1.6390835,1689366748839,,0.031154104,0.12240203,0.8608612,,,,,,-0.057394702,0.10705049,0.3519311,0.56190866,0.5237132,0.35255262,0.5073809
52.54032589,13.37010107,-1.3095918,8.753902,-3.2902906,1689366749000,3.7900925,1.5289946,1.193248,-0.36270097,,,,,,0.15746285,0.28770602,0.4974869,0.6131207,0.55443174,0.28933495,0.44919807
,,-1.3911073,8.434141,-2.4196222,1689366749089,,-2.8521276,-0.30581418,-0.90270543,,,,,,-0.017523997,-0.17903213,0.6303157,0.59260595,0.5433638,0.31434184,0.46403703
,,-1.3423735,8.875537,-2.8354948,1689366749339,,-0.08918626,-0.10545053,0.09666935,,,,,,0.11581372,0.28377664,0.58697605,0.6023392,0.54952395,0.30087823,0.45705748
,,-1.4522041,8.126346,-4.2385664,1689366749841,,2.1917827,-1.3705515,-0.07925971,,,,,,0.1299475,0.112568155,0.5811424,0.6378413,0.5707659,0.25664657,0.41711918
,,-1.471347,7.1551776,-4.605865,1689366750099,,-3.2412486,0.4406626,-0.35292712,,,,,,0.02322414,-0.31926432,0.8708046,0.6635078,0.5733954,0.22759072,0.38813892
,,-1.4339391,8.347042,-3.949035,1689366750350,,0.0,0.16332997,0.19868377,,,,,,-0.017032623,0.2398634,0.73995817,0.64674073,0.5533244,0.26060522,0.42372254
,,-1.4347366,9.05747,-3.6008794,1689366750601,,1.5070034,0.7760273,-0.39385507,,,,,,-0.08007598,0.51605326,0.21497361,0.62441033,0.5405037,0.29211757,0.4568011
,,-1.6346966,8.118847,-4.19757,1689366750851,,2.1484115,-1.2208896,-0.5044216,,,,,,-0.31561247,0.0052354177,0.3157934,0.63781255,0.5545026,0.27500474,0.42939043
,,-1.7012967,7.144011,-4.544848,1689366751103,,-3.442834,0.47548187,-0.57772535,,,,,,-0.44404465,-0.41011912,0.76672953,0.6597053,0.567345,0.24606977,0.39342344
,,-1.6476178,8.208339,-3.7705297,1689366751359,,-0.37690356,-0.1512654,0.100945406,,,,,,-0.4342353,0.2424628,0.64806426,0.6430865,0.5530556,0.2702561,0.42025912
,,-1.6074984,9.170892,-2.9425333,1689366751611,,-0.23090689,-0.6088031,0.06918044,,,,,,-0.38934422,0.56725717,0.3235711,0.61326474,0.5332116,0.31050062,0.46365947
,,-1.590589,8.6719885,-2.5355945,1689366751864,,-0.17409647,0.053985175,-0.13790272,,,,,,-0.44470796,0.017565949,0.3524134,0.60656863,0.52519685,0.32114825,0.47125825
52.540432,13.36995274,-1.1833304,10.33867,-0.08071785,1689366752000,3.7900925,-0.033597562,0.18837543,0.19318599,,,,,,-0.10925468,0.4447276,0.22157833,0.53762764,0.47895637,0.40679872,0.55971223
,,-1.4393628,8.8397255,-2.1261823,1689366752115,,0.10873393,-0.39561132,-0.0707076,,,,,,-0.30291206,0.13902776,0.48270017,0.5947951,0.5205119,0.33242,0.47961846
,,-1.282473,9.237254,-0.92705923,1689366752366,,-0.05742129,0.14011711,0.07895427,,,,,,-0.19002157,-0.004073747,0.6212594,0.5704367,0.49970028,0.3643032,0.5147381
,,-1.0912071,9.813843,0.20522442,1689366752869,,-0.28832817,0.13950625,-0.027336199,,,,,,-0.1931669,-0.16372125,0.17919035,0.5299509,0.46951097,0.42011866,0.5673132
,,-1.0101701,9.817673,0.2983052,1689366753121,,-0.112399116,0.55428344,0.0025961753,,,,,,-0.25412807,-0.12196242,0.16474165,0.5250085,0.46768028,0.42825282,0.56734186
,,-1.0914463,9.84838,0.36091742,1689366753372,,-0.15149446,-1.1585814,-0.15683953,,,,,,-0.31352708,-0.15344127,0.24644873,0.5185641,0.46857458,0.4364314,0.5662841
,,-1.1403395,9.843595,0.40103707,1689366753622,,0.17837252,0.24274239,0.038026333,,,,,,-0.42274362,-0.119324274,0.23134612,0.5158757,0.46991485,0.44184214,0.56329983
,,-1.190908,9.832507,0.32909283,1689366753874,,-0.06963859,-0.08651373,-0.2545779,,,,,,-0.4744943,-0.06947546,0.122144446,0.51226354,0.47338185,0.44862238,0.55825317
,,-1.1511073,9.902378,0.057906292,1689366754126,,1.1514801,0.33253953,-0.4696023,,,,,,-0.4051573,0.04281999,0.023879087,0.5101909,0.48303494,0.45032918,0.5498378
,,-1.2791234,9.869197,-0.6982257,1689366754376,,2.5967863,0.12545635,0.11194097,,,,,,-0.39624158,0.18041325,0.0067950725,0.51780313,0.5110361,0.43088457,0.52426094
,,-1.2584653,8.978908,-1.9069998,1689366754626,,-1.7770057,0.6324741,0.4564687,,,,,,-0.18288757,0.08456537,0.12017991,0.5451192,0.54565144,0.3762899,0.4752856
,,-1.1429716,8.559285,-2.4945972,1689366754876,,-2.145968,-2.0693808,-0.19532402,,,,,,-0.0094054425,-6.540616E-4,0.40279266,0.56420094,0.57208383,0.34343022,0.44418842
52.54052926,13.3697554,-1.3436496,7.8438325,-4.8185863,1689366755000,4.0350137,-1.7507385,0.7350994,0.78877914,,,,,,0.4198766,0.19947563,0.42977682,0.61234784,0.6228219,0.24657984,0.38172135
,,-1.0995018,8.81819,-2.9123044,1689366755127,,1.0647373,-0.45914125,0.031306818,,,,,,0.24486865,0.22389932,0.32215303,0.56903833,0.58221036,0.32895896,0.44094092
,,-1.1282159,8.961679,-3.639164,1689366755378,,3.343263,0.09124792,0.59452415,,,,,,0.42327663,0.5925891,0.3360097,0.5807677,0.60213584,0.30423868,0.4240261
,,-1.0624131,7.342695,-4.654678,1689366755879,,-1.8661919,-2.7401104,-0.7701478,,,,,,0.7221009,-0.15524216,0.9183765,0.629099,0.6180786,0.2287276,0.37321764
,,-1.0903295,8.802318,-3.9392242,1689366756130,,0.8949169,0.29894194,0.25243986,,,,,,0.7474523,0.5500365,0.6075931,0.6114538,0.5898182,0.26367486,0.4208062
,,-1.2070992,9.183254,-3.879643,1689366756381,,2.2204936,1.3917791,0.09728022,,,,,,0.5531717,0.679681,0.3169585,0.61266744,0.56869423,0.2723666,0.4423251
,,-1.342852,8.103613,-4.581777,1689366756632,,-1.1246021,0.9482912,0.37278023,,,,,,0.25322184,0.34840384,0.67953324,0.6477688,0.5749865,0.2365423,0.40023237
,,-1.2037492,7.2424364,-4.388198,1689366756883,,-2.4202464,-1.8580216,-0.9778418,,,,,,0.026992762,-0.42392653,1.1340123,0.66969925,0.5651407,0.22916743,0.38252163
,,-1.0942378,8.807183,-3.2672398,1689366757134,,-0.116675176,0.41134107,-0.07437278,,,,,,-0.10970689,0.44856998,0.8845389,0.6471342,0.5319116,0.27965865,0.43243453
,,-1.3092728,9.293564,-2.616472,1689366757384,,-0.5271763,0.633085,0.090560704,,,,,,-0.53156596,0.6428031,0.4895283,0.62471426,0.50907135,0.31530872,0.46552664
,,-1.2275178,8.800403,-2.3835704,1689366757636,,0.06536253,0.3398699,-0.13729186,,,,,,-0.7011996,0.07912588,0.58807343,0.61718076,0.50634086,0.33372605,0.46277252
,,-1.1570891,8.778788,-1.9387448,1689366757886,,-0.035430156,0.79862934,-0.03894263,,,,,,-0.62556,0.09327688,0.5434068,0.5998593,0.5047251,0.35565463,0.46812826
52.54063906,13.36959546,-1.0981461,9.790393,-0.2341776,1689366758000,4.3451147,-0.05986475,0.37041312,0.27992877,,,,,,-0.34462705,-0.022243118,0.08118444,0.51934546,0.49614903,0.4416315,0.5368986
,,-1.1506287,9.679208,-0.8263213,1689366758136,,-0.031154104,0.73754287,-0.09575305,,,,,,-0.53625834,0.20209958,0.38321814,0.56224245,0.49168232,0.40374094,0.5100619
,,-1.1537393,10.375439,-0.5422137,1689366758388,,0.11423171,-0.31986406,0.16203189,,,,,,-0.44706765,0.66285545,-0.23684712,0.529223,0.4854365,0.43340844,0.542508
,,-1.0888938,9.870793,-0.30636102,1689366758890,,0.116675176,0.53473574,0.10827578,,,,,,-0.18036547,0.058941714,0.08324972,0.515023,0.5031691,0.44415095,0.53292704
,,-1.1618749,9.901504,-0.21312073,1689366759141,,0.07696896,-0.4566978,0.11071924,,,,,,-0.17657866,0.12102903,0.1697049,0.51173,0.5069282,0.44538328,0.53164977
,,-1.1440085,9.959408,-0.15944174,1689366759391,,-0.12828161,-0.17142393,0.11194097,,,,,,-0.2066884,0.10639502,0.17755094,0.5103487,0.5063034,0.44686183,0.5323263
,,-1.0340981,9.842077,-0.17044872,1689366759642,,-0.07024945,0.5665007,0.07467822,,,,,,-0.21819118,-0.011806345,0.17136674,0.5104094,0.5046641,0.44832987,0.5325627
,,-1.1014961,10.0125265,-0.09076775,1689366759892,,-0.031154104,0.6275872,-0.12507457,,,,,,-0.25719497,0.07913742,0.27605307,0.5113904,0.5043764,0.44999292,0.5304353
,,-1.1396216,10.127463,-0.22803599,1689366760144,,-0.045203995,-0.5116756,-0.099418245,,,,,,-0.33939356,0.2623175,0.21727292,0.5097098,0.50818175,0.4527797,0.5257706
,,-1.0167902,10.03175,-0.34049866,1689366760395,,-0.16798781,0.66851515,0.009315688,,,,,,-0.26880562,0.13876432,0.13463432,0.50714624,0.51461196,0.4548316,0.5199978
,,-0.9964512,9.989157,-0.36051863,1689366760646,,0.0097738365,-0.13477205,-0.022449281,,,,,,-0.20179608,0.010464351,0.18643759,0.5050711,0.5208511,0.45524815,0.51535
,,-0.9572887,9.963793,-0.46612182,1689366760896,,-0.08735366,0.29161158,0.13454297,,,,,,-0.14785984,0.036451817,0.14195664,0.5029741,0.527153,0.4549773,0.5114545
52.54072732,13.36941801,-0.9501898,9.85803,-0.3088336,1689366761000,4.4506707,-0.07819069,0.26534438,0.025198173,,,,,,-0.037387244,-0.074396305,0.19851446,0.495784,0.53090155,0.45586732,0.514122
,,-0.9556137,10.069634,-0.5241877,1689366761147,,-0.19181155,0.0881936,-0.048716467,,,,,,-0.06945281,0.106039695,0.13625818,0.49975157,0.5325259,0.455203,0.5091445
,,-1.0083355,9.972965,-0.41252258,1689366761398,,-0.008552107,-0.14454588,-0.040775225,,,,,,-0.09367308,0.034982856,0.19819213,0.4965022,0.5338685,0.4559905,0.5102724
,,-1.052443,10.006227,-0.22731814,1689366761900,,0.02932151,-0.5825359,-0.066431545,,,,,,-0.12408416,0.05176088,0.21014608,0.4945828,0.5266817,0.45672837,0.51886106
,,-1.0415158,9.946087,-0.108315095,1689366762151,,0.0073303776,-0.12988512,-0.06704241,,,,,,-0.13422626,0.075008914,0.17633264,0.49494547,0.5219227,0.4563373,0.5236967
,,-0.9766704,9.912826,-0.051365923,1689366762402,,0.049480047,-0.37728536,-0.034666575,,,,,,-0.008220315,-0.0443127,0.19800839,0.49413332,0.5201452,0.4553536,0.52709645
,,-0.9596016,9.7813,-0.084147595,1689366762652,,0.032375835,0.53717923,0.30680683,,,,,,-0.02237851,-0.124396294,0.15405697,0.49599892,0.5194923,0.45329514,0.52772814
,,-0.9300105,9.912506,-0.2506083,1689366762902,,0.12217296,-0.22518003,0.011148282,,,,,,-0.01763133,-0.07726358,0.054081142,0.50008017,0.51797175,0.45193383,0.5264866
,,-0.96438736,9.919846,-0.3305286,1689366763154,,-0.09834923,-0.68638295,-0.19532402,,,,,,-0.17101309,-0.10765561,0.11192058,0.50378335,0.5169798,0.45265374,0.5232139
,,-0.8960322,9.909316,-0.48773703,1689366763406,,0.16676609,-0.5122865,-0.1470657,,,,,,-0.17960842,-0.17408362,-0.010335142,0.5054688,0.5188189,0.45464563,0.51788014
,,-0.88646084,9.922637,-0.6271589,1689366763659,,0.082466744,0.0014508038,-0.16539164,,,,,,-0.19111413,-0.11297693,0.0049155178,0.5050127,0.5240297,0.45799065,0.5098795
,,-0.8208178,9.895199,-0.80319077,1689366763910,,0.036651887,-0.13843723,-0.007788526,,,,,,-0.18020278,-0.17915593,-0.080423705,0.5039068,0.5305281,0.4617424,0.5006313
52.54080877,13.36924373,-0.7219146,9.7424555,-1.0273186,1689366764000,5.107312,-0.16187917,-1.4255294,-0.15439607,,,,,,0.004540304,-0.19111012,-0.037493907,0.49518105,0.5513116,0.46156055,0.48732427
,,-0.7984849,9.947842,-0.94524467,1689366764164,,0.03970621,-0.17508912,-0.051159926,,,,,,-0.18552445,-0.104291186,-0.10793505,0.5018398,0.5360466,0.46433717,0.49446398
,,-0.77136624,9.778828,-0.9118249,1689366764415,,0.010995566,-0.11522437,-0.11713332,,,,,,-0.1374518,-0.20178099,-0.014823375,0.49871892,0.542861,0.464304,0.49038184
,,-0.73300135,9.600721,-0.91932243,1689366764919,,-0.252898,0.09552398,0.21273366,,,,,,0.111426264,-0.22863908,0.15901512,0.49556157,0.55430603,0.4558716,0.4888901
,,-0.8415557,9.754182,-1.1233504,1689366765170,,-0.2864956,0.4663189,0.19807291,,,,,,0.068683945,-0.055791665,-0.08070648,0.50012195,0.55098504,0.44767064,0.49506474
,,-1.110828,9.837849,-0.9816154,1689366765422,,0.014660755,1.4308743,0.13087778,,,,,,-0.12650785,0.18078203,0.031522058,0.5037805,0.5454919,0.44326594,0.5014131
,,-1.1109078,9.834741,-0.94516486,1689366765672,,-0.07024945,0.115071654,0.07284562,,,,,,-0.10471999,0.13539396,0.047282122,0.5049664,0.5430043,0.44166195,0.5044463
,,-1.1851652,9.911948,-0.89842504,1689366765924,,0.10567961,-0.34979644,-0.16355905,,,,,,-0.15577888,0.20364052,0.10056814,0.50540555,0.5404174,0.44128445,0.50718606
,,-1.1832508,10.106246,-1.0185448,1689366766174,,1.4398082,-0.7279217,-0.36086836,,,,,,-0.062422045,0.3440039,-0.07767901,0.50853986,0.53616184,0.43928528,0.5104306
,,-1.2378868,10.268478,-1.6624534,1689366766427,,3.5747807,0.15599959,0.037415467,,,,,,-0.091715164,0.6392732,-0.29062545,0.5198105,0.54610384,0.4227003,0.49832183
,,-1.5105091,9.095599,-2.3237498,1689366766678,,-1.6407828,0.6098721,-0.13729186,,,,,,-0.13834187,0.10760174,0.39746276,0.54580384,0.56818086,0.37579215,0.45979735
,,-1.3657433,8.915019,-2.9440496,1689366766929,,-1.8014402,-1.6497167,-0.111635536,,,,,,0.035006683,0.044285156,0.6012719,0.5638932,0.58320713,0.34913328,0.43742588
52.54088238,13.36910966,-1.5275781,8.780382,-2.927937,1689366767000,5.260626,-0.2950477,0.42172578,0.064904384,,,,,,-0.12461449,0.031809617,0.41710725,0.5741182,0.5694873,0.33689007,0.4511344
,,-1.4309876,9.102616,-3.2031121,1689366767181,,0.5039635,-0.32414013,0.0074830935,,,,,,0.018950522,0.30542672,0.339824,0.5689061,0.5784908,0.3415578,0.44323826
,,-1.4513267,8.926345,-3.1620355,1689366767431,,-0.20586143,0.6416371,0.024587307,,,,,,-0.018483907,0.15605491,0.31415528,0.57369214,0.5738289,0.33682004,0.4471717
,,-1.5420943,8.699427,-2.3713672,1689366767936,,-0.048258316,0.45287988,0.029474225,,,,,,-0.2042376,-0.12444118,0.49117777,0.56104547,0.5569675,0.3558474,0.46563184
,,-1.1903495,9.897512,-1.5121844,1689366768187,,0.16493349,-1.7822744,-0.3028362,,,,,,-0.054029472,0.22320946,0.032539938,0.5277949,0.53834563,0.40881008,0.5024734
,,-1.1602796,9.911072,-0.8626924,1689366768438,,0.27672175,1.242728,0.40332347,,,,,,-0.124410644,0.035107326,-0.21344055,0.50718784,0.5250725,0.43570402,0.52526903
,,-1.2766505,9.884112,-0.5434898,1689366768689,,0.37934703,-2.5189772,-0.53252137,,,,,,-0.2815057,-0.16936547,0.07427518,0.50175595,0.52670735,0.44318435,0.5231258
,,-1.1513464,9.809137,-0.51421756,1689366768941,,0.048258316,-0.86842066,-0.31322092,,,,,,-0.14940391,-0.30122787,0.060149074,0.49723443,0.52976185,0.4476398,0.5208369
,,-1.1657035,9.717014,-0.5141379,1689366769193,,-6.108648E-4,-0.36018115,-0.08536835,,,,,,-0.12672074,-0.3206169,0.09047267,0.49318108,0.53454477,0.45025697,0.51767087
,,-1.2104491,9.940982,-0.48223355,1689366769443,,-0.14355323,-0.14210242,0.044745844,,,,,,-0.03744407,-0.05780576,0.09530927,0.49196586,0.53885263,0.45013312,0.51438606
,,-1.2866206,9.815838,-0.3770291,1689366769693,,0.033597562,-0.04253146,0.12232567,,,,,,-0.058566887,-0.0143888155,0.10401106,0.49384424,0.5388567,0.44899514,0.5136024
,,-1.3296914,9.937074,-0.56438714,1689366769944,,0.05742129,0.07170025,-0.008399391,,,,,,-0.10620872,0.16240893,0.029048348,0.4934381,0.54067576,0.4505868,0.51069206
52.54095336,13.36899214,-1.2514461,10.09819,-0.6147161,1689366770000,5.3512363,-0.1594357,0.65141094,0.12171481,,,,,,-0.01237631,0.42426,0.009543566,0.48879927,0.5498387,0.4531476,0.5032984
,,-1.1660224,9.666446,-0.5706882,1689366770199,,-0.0067195124,0.04176788,0.08628465,,,,,,0.06761532,0.011422475,0.029937385,0.49103826,0.54612756,0.45229194,0.5057493
,,-1.242832,9.872866,-0.6463014,1689366770453,,-0.21197008,0.31115925,0.07467822,,,,,,-0.016828893,0.25951016,0.011638308,0.48933592,0.5493375,0.4529906,0.5034112
,,-1.219542,9.822378,-0.6092924,1689366770955,,0.09529491,-0.3088685,0.038026333,,,,,,-0.10066648,0.062512875,0.01631488,0.4882491,0.54713976,0.45396766,0.50599796
,,-1.205185,9.8365755,-0.6435098,1689366771209,,0.09407318,0.51946414,0.14981459,,,,,,-0.14277019,0.017776918,-0.024997016,0.48718554,0.5438044,0.45555913,0.5090558
,,-1.3079965,10.000802,-0.40670007,1689366771461,,0.11911863,-0.31375542,0.016646065,,,,,,-0.19073084,0.10935666,0.09201964,0.48671734,0.537615,0.45722514,0.51434946
,,-1.4396815,10.08838,-0.17156538,1689366771712,,-0.06169734,-0.1598175,-0.091477,,,,,,-0.33889738,0.16212147,0.17119394,0.48889074,0.52839833,0.45730495,0.52159905
,,-1.4534802,10.058391,-0.10671989,1689366771963,,-0.13927718,0.33925903,-0.09697478,,,,,,-0.37767133,0.15678793,0.097522594,0.48728698,0.52296484,0.46058005,0.5257636
,,-1.3749957,9.924074,-0.036769714,1689366772218,,0.1178969,0.80229455,0.04657844,,,,,,-0.33142394,0.02797111,0.07829313,0.48150608,0.521861,0.46666616,0.5266353
,,-1.3603197,10.00503,0.016430719,1689366772469,,0.17043127,8.3993905E-4,0.014202606,,,,,,-0.23962572,0.061332528,0.09772463,0.47454792,0.5249595,0.472225,0.52443373
,,-1.3520247,9.980383,0.025603205,1689366772719,,0.13500112,-0.19708025,0.006261364,,,,,,-0.22010311,0.033031687,0.13586162,0.46837685,0.53117955,0.47684422,0.51913226
,,-1.2323834,9.886664,-0.09252248,1689366772971,,0.1178969,0.0032833982,-0.10491603,,,,,,-0.099979036,-0.053651333,0.06632967,0.46287954,0.5397717,0.4802352,0.5120966
52.54100363,13.36887987,-1.163869,9.974482,-0.3849254,1689366773000,6.6811585,-0.080634154,0.08513928,-0.073761925,,,,,,0.09496597,0.03939263,0.052193742,0.45254472,0.5624663,0.48321322,0.49518606
,,-1.1600403,9.905248,-0.30668014,1689366773221,,0.020769402,0.09185879,7.6358096E-4,,,,,,0.01966172,0.013432312,-0.056084864,0.45570362,0.5511653,0.48390144,0.50356233
,,-1.1124233,9.888578,-0.30396825,1689366773473,,-0.050090913,-0.01687514,0.0368046,,,,,,0.12680054,-0.032365862,0.032007284,0.4513532,0.5590898,0.48533928,0.49786225
,,-1.1412169,9.887463,-0.31585255,1689366773973,,0.10506874,0.199371,-0.06582068,,,,,,0.09479033,-0.02430884,0.13776319,0.45460197,0.5623932,0.4804892,0.49605235
,,-1.1207184,9.902538,-0.3285345,1689366774223,,-0.04886918,-0.32536185,0.05329795,,,,,,0.1392767,0.0025579452,0.1297082,0.45576158,0.56233364,0.47739014,0.49804842
,,-1.1722438,9.849018,-0.2753341,1689366774474,,0.039095346,0.1523344,0.05329795,,,,,,0.11806003,-0.016101869,0.14596643,0.45766756,0.55997485,0.47342232,0.50259745
,,-1.25017,9.90126,-0.2154338,1689366774724,,0.07391464,0.18165591,-0.010231985,,,,,,0.07354997,0.028972976,0.18986425,0.4609458,0.55538315,0.46890467,0.5087828
,,-1.2736198,9.986127,-0.23617156,1689366774977,,0.048258316,0.06436988,-0.009010255,,,,,,0.092464,0.119716614,0.16990808,0.46406826,0.5525638,0.46460694,0.5129803
,,-1.2581462,9.923037,-0.21623142,1689366775227,,0.045814857,-0.2691623,0.009926553,,,,,,0.13277483,0.049873892,0.17811571,0.46659052,0.5503866,0.46084175,0.5164374
,,-1.3317653,9.9718485,-0.23593234,1689366775479,,-0.07696896,-0.18119776,0.009315688,,,,,,0.07071147,0.07797937,0.14918002,0.4730087,0.54372066,0.45542485,0.52215207
,,-1.3413367,9.956773,-0.18233313,1689366775732,,0.056810424,0.30443972,-0.016951498,,,,,,0.031397905,0.076952524,0.12679167,0.4806792,0.53344995,0.44824067,0.5315586
,,-1.3113465,9.976715,-0.18113668,1689366775983,,0.16615522,-0.15431972,0.029474225,,,,,,0.06597575,0.073885664,0.117553845,0.48602238,0.5268927,0.4434047,0.53721786
52.5410339,13.3687902,-1.2072588,9.977593,-0.35022944,1689366776000,6.534582,0.010384701,-0.7083741,0.06429352,,,,,,-0.061360575,0.050676312,0.05908537,0.5249358,0.49144915,0.41436002,0.5555387
,,-1.2187443,9.95478,-0.22787647,1689366776237,,0.037873615,-0.45914125,0.13515383,,,,,,0.11646144,0.04845524,0.06601289,0.49374786,0.5202305,0.4376017,0.5412145
,,-1.2036694,9.966985,-0.26839492,1689366776487,,0.23701553,-0.28932083,0.052076224,,,,,,0.04791355,0.04903504,0.036995713,0.5060416,0.50821304,0.42829496,0.5483047
,,-1.1230313,9.97799,-0.5567301,1689366776992,,0.13072506,-0.076739885,-0.17883067,,,,,,-0.087846234,0.058999855,-0.06006449,0.5462211,0.47202292,0.39491415,0.5636192
,,-1.1566904,9.921441,-0.9273783,1689366777244,,0.5192351,1.0613012,-0.2612974,,,,,,-0.14938517,0.009377543,-0.1571908,0.56830037,0.45864198,0.37225536,0.56668556
,,-1.1385847,9.751548,-1.5033306,1689366777495,,1.5259402,-0.0730747,-0.060322896,,,,,,-0.14057407,-0.06635154,-0.20399423,0.59219617,0.4569644,0.34841904,0.5583327
,,-1.2323036,9.433143,-2.553062,1689366777748,,1.6358958,-0.8360448,0.16386448,,,,,,-0.2263866,0.0035321394,-0.29051268,0.6252844,0.4645737,0.31151712,0.5289919
,,-1.3941381,8.414918,-3.9055648,1689366777999,,-0.22052218,-0.06940951,0.035582874,,,,,,-0.20072664,-0.18529886,-0.2616834,0.6676899,0.4736953,0.25539118,0.47983032
,,-1.424926,7.5264645,-5.1039705,1689366778250,,-1.631009,0.79313153,-0.27962336,,,,,,-0.10515572,-0.37720665,-0.29285493,0.7025187,0.4859902,0.20892659,0.43436655
,,-1.3391036,7.125507,-5.7344,1689366778503,,-1.0329723,-0.38278314,-0.12079851,,,,,,0.039099194,-0.47350156,-0.11909454,0.71731764,0.507999,0.1924286,0.4025291
,,-1.3384652,7.255916,-5.835138,1689366778753,,-0.6352994,0.038713556,0.42470375,,,,,,0.14447536,-0.27294424,-0.008132379,0.7197093,0.51859355,0.1871729,0.393563
52.5410835,13.36877384,-1.032503,8.859665,-3.8093734,1689366779000,5.846125,0.61330825,-0.79939294,0.74052083,,,,,,0.33462924,0.33346835,0.45102772,0.69443804,0.46428412,0.2200668,0.480125
,,-1.2551152,7.509236,-5.439843,1689366779007,,-0.29565856,-0.64117897,0.04291325,,,,,,0.23131676,-0.089474075,0.07610553,0.71837133,0.5051995,0.18771502,0.406386
,,-1.2481761,7.7721276,-4.650849,1689366779260,,0.9132428,0.5762746,-0.52580184,,,,,,0.24210113,-0.166976,0.17642953,0.7083428,0.4800768,0.19580963,0.44231793
,,-0.99461675,8.654999,-3.8374493,1689366779511,,2.4245224,-0.2948186,0.49006626,,,,,,0.41167337,0.100760445,0.2547964,0.6905989,0.47240087,0.22184367,0.47802258
,,-1.3386247,8.424729,-4.3318067,1689366780013,,-0.98410314,0.35086545,0.18890993,,,,,,0.24128021,0.48836982,0.43739748,0.7221804,0.44269398,0.18018605,0.45806947
,,-1.179821,7.6872616,-4.8421965,1689366780268,,-1.6029092,-0.32719445,-0.25579962,,,,,,0.33801228,0.19776157,0.59591156,0.7536881,0.42894396,0.15119842,0.4295537
,,-1.2802398,7.702735,-5.1945786,1689366780520,,-0.8857539,-0.609414,0.6592758,,,,,,0.31405962,0.3090888,0.6000607,0.77258515,0.4187581,0.12420539,0.4227801
,,-1.2039888,7.7829742,-5.2011194,1689366780771,,0.44837475,-0.58925545,0.17486005,,,,,,0.46524757,0.42707396,0.6598488,0.7854096,0.3982325,0.1013871,0.42614666
,,-1.2437892,7.873344,-5.215875,1689366781023,,1.1869103,0.7100539,0.33429575,,,,,,0.46031258,0.46116892,0.55996925,0.80213076,0.35900614,0.07582595,0.4372245
,,-1.1772687,8.425607,-4.8031926,1689366781276,,2.8741188,-1.9881358,1.6299399,,,,,,0.5803983,0.77605706,0.5011643,0.81259197,0.31837973,0.06659121,0.45363584
,,-1.0743774,8.218548,-4.714818,1689366781530,,-1.0720677,0.18898629,0.74296427,,,,,,0.6099128,0.59503454,0.6671674,0.827656,0.26451552,0.055328608,0.44775057
,,-1.1520644,8.144929,-4.8409195,1689366781780,,-1.4984514,-0.35529423,-1.1018473,,,,,,0.46594945,0.47881958,0.4938468,0.8420279,0.20388837,0.033320665,0.45075652
52.54116784,13.3688412,-1.1601999,7.490571,-5.386404,1689366782000,5.4338455,-0.023212861,0.13767365,0.4375319,,,,,,0.32801867,0.18182129,0.2754378,0.87995523,0.02670372,-0.073743686,0.43167245
,,-1.0403193,8.297431,-4.6880174,1689366782030,,-0.8503238,0.14989094,-0.29733843,,,,,,0.49856612,0.6120352,0.55292517,0.8530918,0.15404245,6.1273004E-4,0.45570946
,,-0.99964136,8.218388,-4.7413774,1689366782281,,1.4074324,0.0075594517,-0.04016436,,,,,,0.48199585,0.53968114,0.43762442,0.8597396,0.11514496,-0.028369274,0.45842087
,,-0.9189235,8.038369,-4.921558,1689366782533,,2.5405867,-0.84215343,0.34956738,,,,,,0.5314627,0.421947,0.36550203,0.8696794,0.078680955,-0.050272267,0.45230064
,,-1.001157,7.7094345,-5.162036,1689366783040,,-2.2705843,0.31604618,-0.14401138,,,,,,0.3118426,0.09340946,0.21357292,0.8746653,-0.0077846725,-0.075689994,0.44475827
,,-1.0304291,8.37424,-4.6463027,1689366783290,,-1.27854,0.12179117,0.39171705,,,,,,0.1927776,0.4663809,0.30407196,0.8601034,-0.030445635,-0.085780025,0.470444
,,-1.11011,8.3403425,-4.509912,1689366783543,,0.7403681,0.20303617,0.0697913,,,,,,-0.025948318,0.36544025,0.17832032,0.85022396,-0.05897138,-0.096337564,0.48077682
,,-1.1124231,8.226365,-4.6980677,1689366783794,,1.170417,0.5530617,-0.059101168,,,,,,-0.19497511,0.20271087,0.09613641,0.852117,-0.08410417,-0.10361446,0.47572374
,,-1.1624331,8.135598,-4.764987,1689366784048,,2.0635011,-0.817108,0.23655738,,,,,,-0.44511953,0.21460485,0.23529491,0.85650456,-0.10524014,-0.10406828,0.4660289
,,-1.0207781,7.9639516,-4.88072,1689366784299,,-0.69455326,0.30932665,-0.019394957,,,,,,-0.48912323,0.043210633,0.10304144,0.857239,-0.11482517,-0.09917878,0.4629998
,,-1.0336994,8.12108,-4.7991247,1689366784551,,-1.9773693,0.25190535,-0.44394597,,,,,,-0.57991916,0.13070272,0.13937467,0.856028,-0.113409206,-0.0951909,0.4682553
,,-0.92682,8.176993,-4.8128443,1689366784802,,-1.6303982,0.07231112,0.6672171,,,,,,-0.44475612,0.103152245,0.08376741,0.8552183,-0.10989044,-0.093772896,0.4703183
52.54124002,13.36903489,-0.82672024,7.376115,-5.2539215,1689366785000,4.273678,-2.3787074,1.0014365,-0.77503467,,,,,,-0.2855821,-0.075962,0.4406672,0.87844044,-0.09936951,-0.07835967,0.43111753
,,-0.9128619,7.947202,-4.873542,1689366785052,,0.6921098,0.7350994,-0.11102467,,,,,,-0.42090923,-0.07455199,0.16295378,0.8577048,-0.105725065,-0.0888009,0.46887138
,,-0.8705887,7.9658666,-5.0769315,1689366785302,,2.344499,0.3606393,0.21762058,,,,,,-0.35643393,0.10004056,0.30585614,0.8686677,-0.098410815,-0.082928985,0.45449772
,,-0.9292128,7.538987,-5.564111,1689366785553,,0.3988947,0.28916812,0.52793986,,,,,,-0.31798175,0.13783741,0.20380037,0.87902653,-0.09977146,-0.08279344,0.42842036
,,-0.87003046,8.1160555,-4.871866,1689366786053,,-1.8368704,0.36186102,0.1962403,,,,,,-0.26426882,0.3333224,0.32144502,0.86511356,-0.09238451,-0.08014857,0.46000713
,,-0.7048458,8.254123,-4.706203,1689366786304,,2.0580034,-0.40171996,-0.25885394,,,,,,-0.14489917,0.34235328,0.23019165,0.85497695,-0.09352521,-0.081850834,0.47388962
,,-0.8516055,7.90828,-5.199125,1689366786556,,2.904051,-0.95272,-0.14950916,,,,,,-0.20089145,0.14100227,0.13561562,0.8694083,-0.091758765,-0.07995815,0.45298055
,,-1.0780463,7.2559953,-5.6804013,1689366786808,,-0.5699368,0.51885325,-0.02489274,,,,,,-0.2611891,0.122887105,0.22214432,0.8849672,-0.104355864,-0.08553699,0.41148412
,,-1.103171,7.232545,-5.1494327,1689366787059,,-2.3903139,-0.29542947,-0.25702137,,,,,,-0.332175,-0.14538188,0.58688533,0.8815775,-0.10565162,-0.08714616,0.41968504
,,-1.0967902,8.569973,-4.6017165,1689366787309,,0.21197008,0.81451184,0.4082104,,,,,,-0.19353533,0.5830925,0.29739258,0.85625446,-0.096281216,-0.099523656,0.47061163
,,-1.0149556,8.372167,-4.432545,1689366787560,,2.3695445,0.69111717,-0.51175195,,,,,,-0.10192343,0.26677677,0.2689854,0.84803426,-0.098572455,-0.10619796,0.4819036
,,-1.2317454,7.9014196,-4.7188063,1689366787810,,2.0567818,-1.4768419,0.7008146,,,,,,-0.11782816,0.39068592,0.85366946,0.8722572,-0.103190176,-0.10570552,0.43781888
52.54133121,13.36924633,-0.85615194,8.589595,-2.999882,1689366788000,3.8510618,0.029932374,0.024663666,0.10949751,,,,,,0.1564735,0.31266204,0.9408025,0.8259475,-0.12987776,-0.12901862,0.49688718
,,-1.1972088,7.1309304,-4.908238,1689366788062,,-3.0555456,1.60436,-0.80313444,,,,,,-0.06915502,0.17740229,1.0576692,0.88631845,-0.12440381,-0.1094734,0.39321423
,,-1.03681,8.02433,-4.2135215,1689366788312,,-1.9278892,0.42905614,0.79183346,,,,,,-0.048810147,0.44724905,1.0920268,0.8680438,-0.12306691,-0.11287076,0.43427548
,,-0.9376675,8.834779,-3.6119664,1689366788562,,0.31459537,0.049098257,-0.013897174,,,,,,0.10063424,0.74524474,0.6915014,0.8367126,-0.12523048,-0.1255997,0.48463163
,,-0.9760324,8.685786,-2.5317662,1689366789064,,-0.23335035,-0.24594943,0.043524116,,,,,,0.0450126,0.31768975,1.0569661,0.8137489,-0.13501912,-0.1359399,0.50969625
,,-1.0053046,9.006743,-1.8964713,1689366789314,,0.11117739,0.4021781,0.13209951,,,,,,-0.19209512,0.04538196,0.53722435,0.7811035,-0.1364255,-0.14383373,0.56107676
,,-0.84442717,10.072507,-0.95322067,1689366789566,,0.0,-0.21418446,0.03924806,,,,,,-0.13666318,0.29126528,0.4162499,0.74485594,-0.119536065,-0.14776365,0.6342157
,,-0.89523476,10.039326,-0.4284748,1689366789817,,-0.076358095,0.027717989,0.006872229,,,,,,-0.15030922,0.026449298,0.39898464,0.72660124,-0.11305998,-0.14907837,0.6607998
,,-1.004188,9.965787,-0.21128623,1689366790072,,0.1075122,0.5096903,0.27015495,,,,,,-0.31184208,-0.09105353,0.51022196,0.72452277,-0.10870655,-0.14522621,0.6647228
,,-0.9852847,9.859068,-0.41220352,1689366790324,,-0.0012217296,-0.14149155,0.14370593,,,,,,-0.41446984,-0.07623894,0.36832237,0.72455794,-0.1082554,-0.13911189,0.6660385
,,-0.94684,9.871273,-0.46668014,1689366790575,,-0.15577053,0.38629562,0.11194097,,,,,,-0.5283394,-0.10451763,0.24974331,0.72416574,-0.10981087,-0.1327177,0.6675337
,,-0.9275378,9.96156,-0.5689335,1689366790825,,0.126449,0.2635118,0.041691523,,,,,,-0.5899633,0.030919313,0.18627444,0.7239233,-0.10968931,-0.12503462,0.66929066
52.54140995,13.36944636,-0.792104,9.684391,-2.0143578,1689366791000,4.4331017,3.2998915,-1.784107,0.67821264,,,,,,-0.7196774,0.18297206,9.871483E-4,0.7610864,-0.1078272,-0.09713865,0.62130415
,,-0.96797645,9.906923,-0.6124829,1689366791078,,0.08735366,-0.86658806,-0.14401138,,,,,,-0.7646844,0.027241517,0.16276282,0.7235809,-0.11046212,-0.11686846,0.67089105
,,-0.77607214,9.86058,-0.75996035,1689366791329,,-0.11300998,-0.7914517,0.009926553,,,,,,-0.7064678,-0.04822175,0.023812098,0.72507536,-0.11169561,-0.109898135,0.67022973
,,-0.74313086,9.7831335,-1.1831709,1689366791579,,1.2846487,0.72227126,-0.21303909,,,,,,-0.71569324,-0.058579255,-0.08715548,0.7343047,-0.11143601,-0.10506026,0.6600653
,,-0.87545407,8.366345,-3.3893535,1689366792082,,-2.430631,1.0594686,0.11988221,,,,,,-0.61232764,-0.2257268,0.047782373,0.7999471,-0.11364646,-0.092895254,0.5477381
,,-0.8000802,8.0862255,-3.8273196,1689366792333,,-1.9944735,-1.5593086,-0.42745262,,,,,,-0.5241033,-0.23415981,0.34828404,0.82605267,-0.11116368,-0.08530882,0.5116575
,,-0.82895356,8.428799,-4.008935,1689366792583,,0.20280711,0.24824017,-0.48304132,,,,,,-0.39233628,0.14846803,0.111778714,0.8285373,-0.10867513,-0.09260117,0.50781476
,,-0.89100724,8.213763,-3.852684,1689366792835,,-0.5204568,0.058261227,0.17486005,,,,,,-0.37813848,0.046496406,0.18296045,0.8269461,-0.102077134,-0.09506944,0.5100222
,,-0.9292127,8.390033,-3.4289153,1689366793086,,0.15577053,0.60376346,0.023976443,,,,,,-0.3500107,0.14290217,0.34639534,0.81678504,-0.09760609,-0.09660473,0.5223672
,,-0.85040927,8.533682,-2.4852655,1689366793337,,0.031154104,0.27939427,-0.082924895,,,,,,-0.2511125,-0.1478159,0.27604926,0.78923357,-0.089866176,-0.09913353,0.5640364
,,-0.67134625,9.8244505,-1.1567702,1689366793588,,-0.10384701,-0.3314705,-0.039553493,,,,,,-0.1092929,0.24443048,0.23173729,0.75231844,-0.06504709,-0.095063694,0.63876086
,,-0.80207413,10.129856,-0.5728417,1689366793838,,0.16187917,-0.12866339,-0.17272201,,,,,,-0.059166152,0.19063686,0.09800642,0.72870624,-0.05125268,-0.098509826,0.67445105
52.5415074,13.36960278,-0.8011968,9.903974,-0.28578278,1689366794000,4.584448,0.047647454,0.32704175,0.102778,,,,,,0.16387552,-0.015393416,0.4541039,0.7309988,-0.024241744,-0.08916884,0.6757848
,,-0.7221539,9.800204,-0.36315072,1689366794090,,-0.0036651888,0.15722132,0.074067354,,,,,,0.08368046,-0.16908582,0.38410363,0.7290002,-0.037574943,-0.09006155,0.67684376
,,-0.7566904,10.002477,-0.39976087,1689366794341,,-0.11178826,-0.37606362,0.027030766,,,,,,0.14271902,-0.032822195,0.3985907,0.73068273,-0.029762212,-0.08688862,0.67595345
,,-0.7460821,9.888022,-0.4090929,1689366794593,,0.07024945,0.09552398,0.0923933,,,,,,0.16112375,-0.0507233,0.35312006,0.73178375,-0.024185678,-0.08587035,0.67539203
,,-0.9284949,9.900144,-0.3212763,1689366795095,,0.07391464,-0.14088069,0.07101303,,,,,,0.020715648,0.038914744,0.41550007,0.7285611,-0.030310947,-0.09488767,0.6773241
,,-0.8392427,9.772047,-0.302054,1689366795346,,-0.15821397,-0.44448048,-0.062155493,,,,,,0.05440398,-0.097211726,0.36763465,0.725794,-0.03667029,-0.09892342,0.67932355
,,-0.86684,9.81456,-0.24039888,1689366795597,,-0.080634154,-0.23922992,-0.046273008,,,,,,-0.04736401,-0.071261264,0.28700957,0.72074634,-0.044545803,-0.103268385,0.68370557
,,-0.88510513,9.767661,-0.1152543,1689366795847,,-0.14110976,0.2738965,0.0019853106,,,,,,-0.11972625,-0.07992371,0.28226668,0.7157333,-0.051966477,-0.10737348,0.68797964
,,-0.84745795,9.85189,-0.02456632,1689366796100,,0.29016078,-0.34307694,0.04780017,,,,,,-0.07326453,-0.045552634,0.29334113,0.712592,-0.057258178,-0.11097385,0.69022566
,,-0.8314261,9.909796,-0.2440679,1689366796350,,1.0458004,0.32887432,-0.17516547,,,,,,-0.12850732,0.005414327,0.17878868,0.7150612,-0.06671837,-0.11468979,0.685778
,,-0.7120243,9.956216,-0.8469794,1689366796601,,2.9162683,-0.6271291,0.44913834,,,,,,0.0027948162,0.18922302,0.28133777,0.7355564,-0.073607184,-0.11601327,0.65711445
,,-0.93367946,9.139226,-2.0928426,1689366796852,,0.068416856,0.10651954,0.79549867,,,,,,0.020926794,0.19460386,0.46675274,0.77210313,-0.090185754,-0.123694606,0.5877326
52.54157433,13.36975541,-1.6702702,5.530132,-7.6985874,1689366797000,3.9035137,-0.15515965,0.11323906,0.0025961753,,,,,,-0.03116076,0.096287124,0.45001093,0.92576414,-0.17991233,-0.13536958,0.27344662
,,-1.241875,8.416674,-3.453322,1689366797102,,0.45265082,0.31115925,-0.45799586,,,,,,-0.07269109,0.27999777,0.5002186,0.80966324,-0.117875196,-0.13203649,0.50972533
,,-1.267159,7.4333034,-4.8800025,1689366797354,,0.21868959,-0.45364347,0.12232567,,,,,,0.08514965,0.18525903,0.5565029,0.8500965,-0.13892694,-0.13606906,0.42874444
,,-1.4717456,6.4627743,-6.3995237,1689366797606,,-0.14416409,0.06314815,-0.056046844,,,,,,0.027013611,0.12162525,0.47201994,0.8907489,-0.16102768,-0.13695069,0.34671932
,,-1.7852054,4.686423,-8.445148,1689366798109,,-0.1386663,-0.03092503,0.053908817,,,,,,-0.10403947,-0.05583374,0.33896354,0.9428771,-0.199372,-0.13497008,0.2259833
,,-1.7580068,4.774,-8.705966,1689366798359,,0.20952661,-0.073685564,0.28359398,,,,,,-0.2239585,0.11737142,-0.042981863,0.9441652,-0.20735261,-0.1296997,0.2194678
,,-1.5741582,4.6557155,-8.498669,1689366798611,,-0.028099779,0.34231335,-0.15378521,,,,,,-0.10173063,-0.029447906,0.21376401,0.9449101,-0.20592137,-0.12471435,0.22084528
,,-1.6443478,4.878088,-8.524989,1689366798863,,-0.09529491,-0.06024654,-0.15622866,,,,,,-0.25340298,0.099795915,0.048426706,0.94270957,-0.21043162,-0.12344628,0.22674593
,,-1.4889739,5.103412,-8.509356,1689366799114,,-0.08002329,-0.31680974,-0.06276636,,,,,,-0.15744945,0.19096094,0.01061697,0.940671,-0.21055952,-0.12271376,0.23552233
,,-1.5022141,5.1910686,-8.2996645,1689366799366,,-0.216857,0.45654505,0.12660173,,,,,,-0.10303639,0.13119552,0.06171058,0.9391244,-0.207292,-0.1251468,0.24304818
,,-1.5424932,5.3290553,-8.081439,1689366799617,,1.4117085,-0.45853037,0.020311253,,,,,,-0.11310061,0.19106801,0.27001306,0.9369132,-0.20724593,-0.12892514,0.24953978
,,-1.5554942,5.0819554,-8.017073,1689366799870,,-1.7195843,0.89758945,0.16264275,,,,,,-0.11703945,-0.03014431,0.3265104,0.9369784,-0.2072722,-0.12964173,0.24880034
52.54163471,13.3698775,-1.1173686,7.756973,-4.9802613,1689366800000,3.7900925,3.7867508,-1.5703043,0.14676027,,,,,,-0.19659384,0.14712796,0.16367595,0.8534548,-0.1429117,-0.12495621,0.44488534
,,-1.3285749,5.425725,-7.3940625,1689366800121,,-1.4336996,-1.7150792,-0.7011201,,,,,,-0.12873816,-0.16613843,0.37898123,0.9267487,-0.19489695,-0.123270966,0.28245908
,,-1.269233,6.5773106,-6.586405,1689366800371,,0.33047783,0.9012546,0.067958705,,,,,,-0.18903968,0.1979901,0.062686555,0.8959127,-0.17935391,-0.1288345,0.34599584
,,-1.1973685,7.166105,-5.563314,1689366800622,,1.4135411,-0.2966512,-0.39813113,,,,,,-0.19567735,-0.024983613,-0.049842205,0.86530644,-0.16201492,-0.13005394,0.4094543
,,-1.2471392,7.297871,-5.075655,1689366801124,,-1.1575887,0.68378675,-0.18493931,,,,,,-0.24217878,-0.30321407,0.011920468,0.85599023,-0.13361716,-0.12581457,0.44160184
,,-1.2725827,7.7002645,-4.908796,1689366801376,,0.18814635,0.12301289,-0.5380192,,,,,,-0.22336324,-0.036080044,0.11958286,0.85570145,-0.12070109,-0.12567407,0.4511117
,,-1.5247861,7.400842,-5.650412,1689366801626,,0.29871288,-0.2532798,0.26710063,,,,,,-0.14906791,0.15849882,-0.15954857,0.8684205,-0.11069873,-0.1325626,0.42113718
,,-1.774916,6.2612987,-6.5450077,1689366801877,,-0.32314748,0.22197299,0.03008509,,,,,,-0.18958578,-0.19724797,0.11108605,0.9022192,-0.10780425,-0.12642702,0.3584737
,,-1.9509481,5.573442,-7.480042,1689366802130,,-0.048258316,0.20670137,-0.06459895,,,,,,-0.23885243,-0.065572895,0.29725295,0.9355287,-0.10762898,-0.12283442,0.29641077
,,-1.9884355,4.9462037,-8.119084,1689366802381,,0.091629714,-0.05902481,0.08384119,,,,,,-0.189204,-0.20525971,0.13589714,0.95068526,-0.108774066,-0.124618955,0.2601422
,,-1.9051654,5.315496,-8.189116,1689366802632,,-0.09834923,0.0112246405,-0.21792601,,,,,,-0.12921995,0.18952045,0.07610969,0.95245373,-0.097526655,-0.1200046,0.26132795
,,-1.8247666,5.126782,-8.250532,1689366802882,,0.13744457,-0.1042288,0.07223476,,,,,,-0.0072638313,0.09747411,0.09181888,0.9553795,-0.0865023,-0.11814262,0.2559336
52.54169982,13.36995627,-1.6272788,5.039922,-8.325666,1689366803000,3.7900925,0.06536253,-0.38095054,0.099723674,,,,,,0.10484456,0.23949954,0.1822452,0.95947236,-0.086374305,-0.11342916,0.24237128
,,-1.8771695,5.1567717,-8.294801,1689366803134,,0.1508836,0.07903063,0.23716825,,,,,,-0.09486065,0.1665714,0.099842705,0.95631015,-0.08590147,-0.11595569,0.25359508
,,-1.7298511,5.1329236,-8.200205,1689366803386,,0.10995566,-0.02481638,-0.27473643,,,,,,0.009305477,0.1760998,0.23223995,0.95697755,-0.0867966,-0.11389572,0.25164387
,,-1.6806386,5.075097,-8.258828,1689366803637,,0.08796453,0.019776747,0.1791361,,,,,,0.052457463,0.20079361,0.22851013,0.958433,-0.085376695,-0.11357812,0.24672706
,,-1.6508082,5.0104914,-8.277491,1689366804141,,-0.23029602,-0.084070265,0.30986115,,,,,,0.10560881,0.2603493,0.23070082,0.95956653,-0.09137163,-0.11598028,0.23861764
,,-1.688535,5.0821967,-8.305488,1689366804392,,0.16371176,-0.06513346,-0.005345067,,,,,,0.020436974,0.3237409,0.2090251,0.95797807,-0.106198415,-0.11773786,0.23743264
,,-1.5771095,5.066802,-8.356135,1689366804643,,-0.018936807,-0.117056966,0.06062833,,,,,,0.08373032,0.2879976,0.16442683,0.95635206,-0.119099975,-0.11857614,0.23728332
,,-1.5475183,5.104609,-8.400562,1689366804895,,0.19364414,-0.31558803,0.6696605,,,,,,0.12622707,0.3035127,0.12172508,0.95422685,-0.1297861,-0.12198485,0.23747939
,,-1.5516659,5.1201625,-8.399286,1689366805148,,0.22052218,-0.64789844,0.8516982,,,,,,0.14692046,0.28156957,0.08097646,0.9486687,-0.15740429,-0.1285496,0.23571262
,,-1.6687547,5.1380286,-7.8501334,1689366805403,,-2.362214,-0.92889625,-0.31444263,,,,,,-0.0017078558,0.01617751,0.43911618,0.9344037,-0.19702871,-0.14128916,0.24481185
,,-1.8837098,5.669634,-7.245227,1689366805654,,0.0537561,-0.84520775,0.41798422,,,,,,-0.14059584,-0.11970081,0.33489025,0.9057314,-0.22802015,-0.1741219,0.2778926
,,-2.0728228,7.23446,-6.103613,1689366805906,,-0.47280934,-0.7242566,0.3819432,,,,,,-0.15025009,0.92630035,0.19493824,0.8698732,-0.2674375,-0.21257652,0.30790484
52.54175706,13.37001262,-1.191147,10.223016,-1.4621743,1689366806000,4.328462,-0.6243038,1.1309397,0.15897755,,,,,,-0.2628159,0.761961,-0.4830179,0.650248,-0.37172174,-0.37036937,0.53139526
,,-1.8243679,7.8932843,-5.0356164,1689366806158,,-0.5064069,0.066813335,0.13454297,,,,,,0.014127744,0.69175243,0.20004259,0.8226806,-0.3042074,-0.25019982,0.3575588
,,-1.6457837,8.5947,-3.9050066,1689366806410,,-0.11911863,-1.9569817,0.5187769,,,,,,-0.089420065,0.568198,0.00502557,0.7688807,-0.33590832,-0.28635415,0.416975
,,-1.5019747,9.359205,-2.461417,1689366806662,,-0.59742576,1.3777292,-0.5270236,,,,,,-0.360116,0.4892579,-0.052611582,0.7023032,-0.3685558,-0.33328742,0.47527844
,,-0.7009375,10.690253,-0.7752746,1689366807166,,1.1380411,1.2317325,0.43692103,,,,,,-0.030271301,1.0304134,-0.8412298,0.6181376,-0.35738656,-0.36962652,0.57706803
,,-0.39657047,9.956935,-0.47010988,1689366807416,,1.576642,-0.91545725,0.26343542,,,,,,-0.07984168,8.145332E-4,-0.5341797,0.61132646,-0.32956854,-0.34981453,0.61271775
,,-0.39593238,10.002399,-0.48398823,1689366807668,,0.10140356,-2.1445172,-0.17394374,,,,,,-0.2888251,0.11401241,-0.39696217,0.6189679,-0.32623246,-0.33703694,0.6120464
,,-0.55011,10.002398,-0.21647069,1689366807922,,0.06902772,-1.2911391,-0.111635536,,,,,,-0.35856777,0.13884975,-0.09421256,0.6150581,-0.34237805,-0.35304037,0.5916401
,,-0.6865806,10.007262,-0.36897326,1689366808176,,-0.18997894,-0.71753705,0.117438756,,,,,,-0.24321917,0.1539095,0.0301609,0.6176235,-0.35098684,-0.3636673,0.57149833
,,-0.7953742,9.994342,-0.67796636,1689366808427,,-0.007941242,-0.19708025,0.5083922,,,,,,-0.33896297,0.13619561,0.047956716,0.6078089,-0.38073266,-0.38057655,0.54295415
,,-0.714736,9.774442,-0.73363936,1689366808678,,-0.1545488,-0.025427246,0.09544762,,,,,,-0.4526386,-0.08595081,0.41112193,0.58733535,-0.43615457,-0.4119378,0.503486
,,-0.48199418,9.697951,-0.8166703,1689366808930,,-0.0048869182,-0.3174206,0.116217025,,,,,,-0.37613776,-0.19165446,0.22768874,0.5495155,-0.48995516,-0.45755526,0.47620738
52.54172261,13.37001292,-0.058464635,9.934679,-0.42991048,1689366809000,4.2254915,0.16187917,0.28733552,-0.08048143,,,,,,-0.2567084,-0.024392668,0.037776228,0.4662243,-0.55228406,-0.5181105,0.4567444
,,-0.5244269,9.841361,-0.56997037,1689366809181,,0.025045456,-0.05291616,0.050243627,,,,,,-0.44961044,-0.054460015,0.0817668,0.5063393,-0.524821,-0.49915984,0.46231672
,,-0.402393,9.916256,-0.6235696,1689366809433,,0.0140498895,0.81634444,-0.03649917,,,,,,-0.45800206,-0.003941123,-0.013369054,0.48197162,-0.54325545,-0.51159686,0.45703775
,,-0.1024926,9.932448,-0.59102726,1689366809686,,-0.23823726,-0.18730642,-0.14217877,,,,,,-0.30773,-0.0019472123,-0.05083169,0.47083983,-0.5509203,-0.514219,0.4578081
,,-0.23098713,9.974162,-0.36291143,1689366810189,,0.0048869182,-0.1805869,-0.20265439,,,,,,-0.22725275,0.01845595,0.13429374,0.47133055,-0.549198,-0.5221395,0.45024428
,,-0.44905302,9.950712,-0.50289154,1689366810439,,0.11117739,0.44677123,-0.10002911,,,,,,-0.18699987,0.014258257,0.08752443,0.4795941,-0.54533863,-0.52605885,0.44116622
,,-0.6975876,9.902858,-0.6138388,1689366810690,,0.12339468,0.0570395,-0.08048143,,,,,,-0.16053227,-0.023530228,0.04859166,0.49611828,-0.5344109,-0.5234288,0.43857405
,,-0.89714897,9.854522,-0.76370925,1689366810940,,0.09468404,0.35269806,-0.038331766,,,,,,-0.058566075,-0.048430063,0.042266056,0.5170955,-0.5202845,-0.51853645,0.43660027
,,-1.2110075,9.829157,-0.9715658,1689366811189,,0.06658426,-0.14088069,-0.10613775,,,,,,-0.09598293,-0.026295694,0.020446045,0.5371595,-0.50842613,-0.51273996,0.43246204
,,-1.3262618,9.789835,-1.3096716,1689366811443,,0.019547673,-0.4475348,0.10766492,,,,,,-0.0155368205,-0.014188449,-0.06309637,0.5572742,-0.4994849,-0.50276446,0.4296775
,,-1.4617754,9.729856,-1.5129019,1689366811694,,0.010995566,-0.04864011,-0.013897174,,,,,,-0.03502709,-0.02894233,-0.06845811,0.5704004,-0.4951962,-0.49550143,0.42695743
,,-1.6331016,9.661421,-1.6248859,1689366811945,,-0.112399116,0.15111268,-0.107359484,,,,,,-0.09461287,-0.051711336,-0.0041586915,0.58076316,-0.49288285,-0.49019969,0.42277774
52.54171741,13.36999965,-2.5267413,9.461301,-1.9364316,1689366812000,4.3089223,0.13133593,0.79985106,-0.17577635,,,,,,-0.37351605,-0.021857483,0.0010916472,0.6166622,-0.46161208,-0.48341358,0.40929502
,,-1.6930019,9.686225,-1.7459627,1689366812196,,0.13377939,0.051541716,0.06734784,,,,,,-0.063287444,0.012886079,-0.011318973,0.58736056,-0.49124902,-0.48870313,0.41750377
,,-1.765265,9.633104,-1.820619,1689366812447,,-0.04214967,0.75098187,-0.28145593,,,,,,-0.07731923,-0.018848896,0.04928927,0.5929481,-0.4910855,-0.48558804,0.4132841
,,-2.0569503,9.502616,-1.890011,1689366812696,,-0.44654214,0.31360272,-0.5856666,,,,,,-0.18066117,-0.070496336,0.07100832,0.6021936,-0.48327923,-0.48549393,0.4078272
,,-2.4363723,9.416555,-1.7406987,1689366813201,,-1.0641265,1.7094287,0.7484621,,,,,,-0.17156757,-0.050413292,0.20052345,0.6358985,-0.430777,-0.47029877,0.42298162
,,-2.0713072,9.471431,-1.5105094,1689366813453,,-0.6817251,1.6489531,0.22617269,,,,,,0.063353024,-0.030973624,0.18258786,0.65357107,-0.38204595,-0.43231633,0.46318743
,,-1.590589,9.483872,-1.2847863,1689366813705,,-0.38240135,1.7686826,0.32391104,,,,,,0.31458077,-0.056397185,-0.052996945,0.6666195,-0.31554326,-0.3726775,0.5159873
,,-1.2468203,9.890095,-1.0790831,1689366813956,,1.3023638,-1.95576,0.15714496,,,,,,0.39053044,0.36648807,-0.021129226,0.68824005,-0.23848584,-0.2996437,0.5589902
,,-0.78404814,9.332488,-1.5033306,1689366814208,,-1.8448117,-0.42554367,0.14370593,,,,,,0.4405611,-0.014615965,0.048755907,0.7233227,-0.17990538,-0.2281251,0.57469
,,-0.2660819,9.395896,-2.3299713,1689366814458,,-1.8081597,1.8163301,-0.8770491,,,,,,0.58131105,0.018642204,-0.33640704,0.74916214,-0.14367096,-0.1658713,0.5879977
,,-0.065563336,9.5779915,-2.3634706,1689366814709,,-1.3726132,0.99227345,0.020922119,,,,,,0.456104,0.25298813,-0.15053263,0.76481247,-0.100217484,-0.10906193,0.6065607
,,0.0019142509,9.613483,-2.4431517,1689366814959,,-0.24617851,1.0918444,0.060017463,,,,,,0.469919,0.25597253,-0.36546865,0.7644296,-0.06205193,-0.068166345,0.6218432
52.54172047,13.3700071,-0.10344965,10.143894,-1.7226729,1689366815000,5.375669,-2.447735,1.0160972,-0.40240717,,,,,,0.07093222,1.0623608,0.95947266,0.77114546,-0.05078311,-0.046855662,0.6152817
,,-0.21982066,10.064211,-2.4335005,1689366815211,,1.395826,-1.748066,0.10216714,,,,,,0.27798733,0.7484327,0.031296156,0.7753174,-0.0391832,-0.04235712,0.61293155
,,-0.37838504,9.07789,-2.8315072,1689366815462,,-1.3860521,-0.61002487,0.32879797,,,,,,0.1692465,-0.13814116,0.2781233,0.79292697,-0.048547983,-0.04805341,0.5883427
,,-0.5398208,9.8791685,-2.6459835,1689366815717,,-1.6016874,1.8694752,-1.2545636,,,,,,-0.09573202,0.7830418,0.4137117,0.78871036,-0.060907237,-0.059340592,0.5909043
,,0.66241306,10.22142,-0.9425331,1689366816220,,0.38117963,-2.8164685,-2.2991424,,,,,,0.90110403,1.1927658,0.57624924,0.73470086,-0.035770465,-0.03601201,0.6488754
,,0.04338983,9.239726,-0.011884451,1689366816473,,-2.868621,2.846859,0.4790707,,,,,,0.17287998,0.5418183,0.660601,0.69721246,-0.051221456,-0.061318237,0.67072284
,,0.10664013,7.6350985,1.479163,1689366816725,,-0.22113305,-0.38828093,-0.8300125,,,,,,-0.11051145,-0.08369319,0.46401814,0.60621667,-0.07485174,-0.086928606,0.72008234
,,0.29918268,7.143931,3.8353758,1689366816979,,0.049480047,2.083278,-0.44761115,,,,,,-0.13511701,0.48161575,0.4226465,0.4857839,-0.07070617,-0.10656131,0.7961773
,,0.3325227,5.862974,5.706404,1689366817230,,-1.0965023,0.65141094,0.07101303,,,,,,0.306818,-0.09614728,-0.21862416,0.3753015,-0.032726478,-0.121073134,0.8714193
,,-0.24949163,4.156731,7.9525466,1689366817480,,-0.35246897,-1.0535127,0.32696536,,,,,,0.08216428,-0.51166886,0.11642882,0.27052656,-0.009682813,-0.14824013,0.92338616
,,-1.2232109,2.655395,8.512787,1689366817732,,-0.025045456,0.022831071,0.057574004,,,,,,-0.81593883,-0.8394102,-0.29698354,0.19062574,-0.008862412,-0.17518577,0.9522351
,,-0.98057866,2.4238498,9.565469,1689366817985,,-0.54733485,0.48097965,0.21517712,,,,,,-0.4243726,-0.054285176,0.042403333,0.13256311,0.009624575,-0.17076728,0.97247183
52.5417558,13.3700502,-0.6600204,2.386123,9.34485,1689366818000,4.46182,0.3158171,-0.9050725,-0.43050694,,,,,,-0.023384206,-0.124283664,-0.33984628,0.12858392,0.010338174,-0.15166797,0.9787239
,,-1.1447263,2.0971496,9.641799,1689366818248,,0.29016078,-0.12316561,-0.07925971,,,,,,-0.14698857,-0.1686616,0.03897993,0.12168957,0.03104317,-0.1764832,0.9745305
,,-1.1145767,2.0811179,9.244671,1689366818503,,0.5027417,0.7106648,-0.11896592,,,,,,0.119878605,-0.21075538,-0.39604715,0.1245481,0.041253883,-0.17259543,0.9751909
,,-1.1557335,2.0751357,9.922238,1689366818757,,0.019547673,-0.31192282,0.527329,,,,,,-0.15974405,-0.16123094,0.2580422,0.1204733,0.03166863,-0.16130696,0.9783108
,,-0.056550495,2.6092138,9.919447,1689366819260,,-0.0097738365,0.5353466,-0.40301803,,,,,,0.097625345,-0.08959911,0.30217773,0.13726224,-0.016165946,-0.15201306,0.9764251
,,0.36857444,2.5087154,9.401401,1689366819513,,-0.14905101,0.13461933,0.13148865,,,,,,0.12008257,-0.37213326,-0.13486893,0.14111193,-0.04077432,-0.16390721,0.9725384
,,0.7350752,2.8800814,9.707761,1689366819853,,-0.032986697,0.038713556,0.6507237,,,,,,0.13048358,-0.05978906,0.12454734,0.14309113,-0.0599784,-0.16816863,0.97093576
,,0.81595254,2.749114,9.626165,1689366820127,,-0.17592905,-3.8179048E-4,-0.24602579,,,,,,-0.023264341,-0.21189632,0.06789872,0.1421042,-0.070567675,-0.1636398,0.9715237
