96#1#0
key,lat,lon,ts,bike,childCheckBox,trailerCheckBox,pLoc,incident,i1,i2,i3,i4,i5,i6,i7,i8,i9,scary,desc,i10
,,,,1,0,0,0,-5,0,0,0,0,0,0,0,0,0,0,,0

=========================
96#1
lat,lon,X,Y,Z,timeStamp,acc,a,b,c,obsDistanceLeft1,obsDistanceLeft2,obsDistanceRight1,obsDistanceRight2,obsClosePassEvent,XL,YL,ZL,RX,RY,RZ,RC
52.48634467,13.32253509,-1.7452458,8.246376,-4.21933,1689357112000,9.648001,1.8612518,1.709198,-0.32331848,,,,,,-0.9506578,0.5490596,0.17141612,0.0,0.0,0.0,0.0
,,-2.3445542,7.566981,-3.4692662,1689357112105,,-2.182495,1.2458191,-0.5768585,,,,,,-0.56185955,-0.11167305,0.7927504,0.0,0.0,0.0,0.0
,,-1.9983124,8.026668,-3.6953187,1689357112357,,-1.7276306,0.19546509,-0.61520386,,,,,,-0.856149,0.38524988,0.63408345,0.0,0.0,0.0,0.0
,,-1.1219559,7.468659,-5.1008353,1689357112867,,2.4503326,0.17202759,0.39253235,,,,,,-0.5717937,0.17052434,0.3399423,0.0,0.0,0.0,0.0
,,-1.0938238,6.7286105,-6.074957,1689357113117,,-0.5995178,0.483078,-0.250885,,,,,,-0.73894775,0.48284703,0.7439832,0.0,0.0,0.0,0.0
,,-0.59986013,5.784258,-6.4720354,1689357113368,,-2.5233765,0.043136597,-0.23809814,,,,,,-0.5183943,-0.03758577,0.7284354,0.0,0.0,0.0,0.0
,,-0.36179554,7.4947157,-6.287602,1689357113620,,1.0697479,-0.5289154,0.018630981,,,,,,-0.2554347,0.8496902,0.18192832,0.0,0.0,0.0,0.0
,,-0.45912018,7.4507422,-6.3093486,1689357113871,,1.4287415,1.9936218,0.61517334,,,,,,-0.09220574,0.7433608,0.15475155,0.0,0.0,0.0,0.0
,,-0.54311675,6.3593054,-6.5967326,1689357114123,,0.16108704,0.74620056,0.36802673,,,,,,-0.23690581,0.48857212,0.70045185,0.0,0.0,0.0,0.0
,,-0.6327794,5.579195,-6.6524377,1689357114375,,-3.0027466,0.18586731,-0.6407776,,,,,,-0.47274312,0.23103504,0.9612285,0.0,0.0,0.0,0.0
,,-0.4931971,6.8093762,-6.648128,1689357114628,,0.61701965,0.43515015,-0.022918701,,,,,,-0.31831315,0.6498506,0.29996487,0.0,0.0,0.0,0.0
,,-0.50397086,7.584459,-6.5003657,1689357114882,,1.9326172,0.8836212,0.15177917,,,,,,-0.28451243,0.9286505,0.061396565,0.0,0.0,0.0,0.0
52.48643234,13.3225497,-0.8492554,6.571192,-6.716244,1689357115000,9.648001,1.4095764,0.15072632,-0.38191223,,,,,,-0.63074285,0.6021088,0.3570952,0.0,0.0,0.0,0.0
,,-0.6510152,6.2999697,-6.815363,1689357115134,,0.102493286,0.3115692,0.45005798,,,,,,-0.5004443,0.48380277,0.49019444,0.0,0.0,0.0,0.0
,,-0.7684906,5.571613,-6.84174,1689357115388,,-2.7247162,-0.8634033,-0.5619507,,,,,,-0.7362073,0.33131313,0.8818079,0.0,0.0,0.0,0.0
,,-0.82028556,7.5344186,-6.677976,1689357115893,,3.044754,0.3808136,0.42982483,,,,,,-0.38890585,1.0586717,0.07033639,0.0,0.0,0.0,0.0
,,-0.8217219,6.1028857,-6.8513165,1689357116145,,-1.670105,0.61198425,0.2881317,,,,,,-0.4218226,0.5362565,0.60534286,0.0,0.0,0.0,0.0
,,-0.7546041,5.4930825,-6.999358,1689357116396,,-1.8096619,-0.53956604,-0.49375916,,,,,,-0.43563527,0.4674851,0.8842494,0.0,0.0,0.0,0.0
,,-0.7744761,6.383127,-6.6685996,1689357116648,,-1.1513214,-0.18803406,0.44259644,,,,,,-0.33518845,0.65158534,0.64025944,0.0,0.0,0.0,0.0
,,-0.86114603,7.3706155,-6.53217,1689357116900,,1.0995789,0.06762695,-0.23704529,,,,,,-0.2461084,0.90587354,0.10157372,0.0,0.0,0.0,0.0
,,-0.63597107,6.8758144,-6.4271035,1689357117150,,1.6705627,0.20185852,0.40211487,,,,,,-0.12594146,0.6229696,0.4510783,0.0,0.0,0.0,0.0
,,-0.629746,5.9662566,-6.7569857,1689357117402,,-0.084991455,0.06336975,0.22955322,,,,,,-0.2312762,0.28444135,0.508711,0.0,0.0,0.0,0.0
,,-0.53896636,6.149892,-6.766682,1689357117654,,-2.580902,0.028213501,-0.47566223,,,,,,-0.23729251,0.21934049,0.38742283,0.0,0.0,0.0,0.0
,,-0.63110405,6.870307,-6.5719934,1689357117904,,-0.7976532,-0.5331726,-0.30734253,,,,,,-0.24273309,0.35774082,0.062592775,0.0,0.0,0.0,0.0
52.48652061,13.32254884,-0.40780336,5.668577,-7.128566,1689357118000,9.648001,-1.5465393,0.6226349,0.4777527,,,,,,-0.216616,0.10535195,0.29413852,0.0,0.0,0.0,0.0
,,-0.6048467,6.973895,-6.5936613,1689357118156,,1.1155548,0.31370544,-0.18484497,,,,,,-0.20950364,0.3298553,-0.13633722,0.0,0.0,0.0,0.0
,,-0.36526692,6.61305,-6.8330817,1689357118407,,1.9411469,-0.23384094,0.76538086,,,,,,-0.10490468,0.32733372,0.09335173,0.0,0.0,0.0,0.0
,,-0.50756174,6.018849,-6.712294,1689357118910,,-2.004593,-1.2362518,-0.68019104,,,,,,-0.3932556,0.111102566,0.46430913,0.0,0.0,0.0,0.0
,,-0.53880614,7.2684226,-6.4192834,1689357119162,,1.1890564,0.5469971,-0.3723297,,,,,,-0.19694577,0.60708684,0.016170025,0.0,0.0,0.0,0.0
,,-0.4530136,7.156772,-6.4603834,1689357119412,,1.4894714,1.2255707,0.6354065,,,,,,-0.027114918,0.54652023,0.0922358,0.0,0.0,0.0,0.0
,,-0.47986907,6.2953,-6.7834806,1689357119663,,0.61595154,0.44366455,0.785614,,,,,,-0.13184139,0.47271508,0.51089346,0.0,0.0,0.0,0.0
,,-0.71374255,5.520655,-6.9689918,1689357119915,,-2.0887604,0.6513977,-0.85595703,,,,,,-0.3845022,0.2045966,0.6486089,0.0,0.0,0.0,0.0
,,-0.7414754,6.857218,-6.6057515,1689357120166,,-0.61763,-0.12837219,0.5011902,,,,,,-0.19585733,0.67521286,0.33514634,0.0,0.0,0.0,0.0
,,-0.74706215,7.460198,-6.6324067,1689357120416,,1.5469971,1.1147919,0.12301636,,,,,,0.12176685,0.875901,-0.077551804,0.0,0.0,0.0,0.0
,,-0.6219655,6.7363505,-7.0761323,1689357120667,,1.7664337,-1.3363953,0.92196655,,,,,,0.13110384,0.7959644,0.19688673,0.0,0.0,0.0,0.0
,,-0.68225914,5.434344,-7.1404166,1689357120919,,-2.6980896,-0.37019348,-0.49909973,,,,,,-0.07030711,0.2588559,0.6663357,0.0,0.0,0.0,0.0
52.48659078,13.32252462,-0.6738795,6.8608484,-6.882042,1689357121000,10.72,2.0455322,-0.8953705,0.7110443,,,,,,0.1432425,0.777043,0.23365538,0.0,0.0,0.0,0.0
,,-0.6783488,6.402798,-6.9056644,1689357121169,,-1.318573,-0.45755005,0.42236328,,,,,,0.027915439,0.63189876,0.41258308,0.0,0.0,0.0,0.0
,,-0.7031286,7.407365,-6.574626,1689357121421,,1.5097046,0.5480652,-0.17738342,,,,,,0.23924674,0.8444439,0.066559285,0.0,0.0,0.0,0.0
,,-0.68341625,5.6274753,-6.9321613,1689357121924,,-2.1580048,-0.13796997,-1.0232086,,,,,,-0.16112785,0.36974064,0.8397124,0.0,0.0,0.0,0.0
,,-0.8713608,6.221997,-6.5223927,1689357122175,,-1.0373383,-0.30947876,-0.07191467,,,,,,-0.29280725,0.53720576,0.8262979,0.0,0.0,0.0,0.0
,,-0.9189662,7.5382094,-6.4530816,1689357122426,,1.293457,1.1701813,-0.13690186,,,,,,-0.19871578,0.98422563,0.2120009,0.0,0.0,0.0,0.0
,,-0.7854899,6.9145203,-6.7124934,1689357122677,,2.1595154,-0.7238617,0.6641693,,,,,,-0.22917718,0.7466055,0.32905108,0.0,0.0,0.0,0.0
,,-0.6222061,5.6882105,-6.852913,1689357122928,,-3.0986328,0.0026550293,-0.5246582,,,,,,-0.3435686,0.3702617,0.8822983,0.0,0.0,0.0,0.0
,,-0.6958277,6.332571,-6.61848,1689357123180,,-1.128952,-0.7568817,0.46391296,,,,,,-0.36286315,0.5961445,0.7244524,0.0,0.0,0.0,0.0
,,-0.7346537,7.4684205,-6.6780553,1689357123431,,1.4585724,1.2575378,-0.1954956,,,,,,-0.16746941,0.89105487,0.019426504,0.0,0.0,0.0,0.0
,,-0.5648641,6.7361135,-6.837111,1689357123682,,1.8878784,-0.31266785,0.44152832,,,,,,-0.14578201,0.5596421,0.23592351,0.0,0.0,0.0,0.0
,,-0.40233764,5.5975103,-6.9927735,1689357123932,,-2.1761017,-0.061264038,-0.9720764,,,,,,-0.27946198,0.2473611,0.73159254,0.0,0.0,0.0,0.0
52.48665586,13.32250723,-0.6683324,6.925134,-6.6188807,1689357124000,10.72,2.502533,-0.3435669,0.47988892,,,,,,-0.29645547,0.49784374,0.24999087,0.0,0.0,0.0,0.0
,,-0.5620697,5.9849715,-6.662055,1689357124183,,-1.5848846,-0.98272705,0.1027832,,,,,,-0.3561397,0.28137627,0.73145586,0.0,0.0,0.0,0.0
,,-0.77060443,7.290091,-6.487798,1689357124435,,1.0346069,0.94221497,-0.1251831,,,,,,-0.30614606,0.68990636,0.14056347,0.0,0.0,0.0,0.0
,,-0.5344569,5.81598,-6.871629,1689357124938,,-1.4400024,0.83995056,0.18374634,,,,,,-0.39991474,0.27054456,0.6873249,0.0,0.0,0.0,0.0
,,-0.58385825,5.8613505,-6.6264224,1689357125189,,-1.9225769,-1.4706116,-0.5491638,,,,,,-0.49096674,0.27442938,0.8827754,0.0,0.0,0.0,0.0
,,-0.8558792,7.163158,-6.5305743,1689357125441,,1.0569763,-0.15608215,-0.11239624,,,,,,-0.45203558,0.6974068,0.2531775,0.0,0.0,0.0,0.0
,,-0.7993764,7.092609,-6.537956,1689357125693,,1.5395355,1.4695129,0.4276886,,,,,,-0.35344604,0.52858126,0.18138003,0.0,0.0,0.0,0.0
,,-0.52077127,6.29925,-6.867119,1689357125945,,0.97813416,-0.3670044,0.31263733,,,,,,-0.37153625,0.43516785,0.52123016,0.0,0.0,0.0,0.0
,,-0.5103165,5.272497,-6.7992425,1689357126198,,-2.6149902,0.04951477,-0.7472992,,,,,,-0.5260831,-0.09128256,0.87401694,0.0,0.0,0.0,0.0
,,-0.58900553,6.504793,-6.531531,1689357126451,,-1.1811523,-0.5022888,0.1816101,,,,,,-0.5382218,0.35741186,0.5471519,0.0,0.0,0.0,0.0
,,-0.82112277,7.1444836,-6.592664,1689357126702,,1.1368713,0.8527374,-0.19229126,,,,,,-0.5987474,0.46375376,-0.047541793,0.0,0.0,0.0,0.0
,,-0.5722458,6.73715,-6.6740265,1689357126952,,2.6506042,-0.1720581,0.26576233,,,,,,-0.64833134,0.41345897,0.30351603,0.0,0.0,0.0,0.0
52.48674394,13.32252327,-0.8823344,7.270618,-6.503441,1689357127000,11.792,1.1112976,0.84207153,-0.20295715,,,,,,-0.90565395,0.63742465,0.09569543,0.0,0.0,0.0,0.0
,,-0.4683375,5.6588817,-6.87107,1689357127202,,-1.859726,0.5960083,-0.23490906,,,,,,-0.8073673,0.14452934,0.67011905,0.0,0.0,0.0,0.0
,,-0.6449493,6.0239973,-6.6063514,1689357127453,,-1.7862244,-1.5526428,-0.33078003,,,,,,-0.96827817,0.23676422,0.72882783,0.0,0.0,0.0,0.0
,,-0.84243065,7.1352253,-6.514733,1689357127955,,1.9400787,0.54167175,0.06123352,,,,,,-0.785599,0.5072488,0.13840447,0.0,0.0,0.0,0.0
,,-0.6103129,6.2819324,-6.8192353,1689357128208,,0.48918152,-0.21040344,0.37548828,,,,,,-0.6787828,0.4145381,0.51883316,0.0,0.0,0.0,0.0
,,-0.6214859,5.4683824,-6.665727,1689357128460,,-2.5074005,-0.51187134,-0.9198761,,,,,,-0.68389326,0.048895534,0.9275789,0.0,0.0,0.0,0.0
,,-0.84027606,6.8452473,-6.60655,1689357128710,,-0.78167725,-0.86979675,-0.012268066,,,,,,-0.5573971,0.6385424,0.3933359,0.0,0.0,0.0,0.0
,,-0.94989115,7.101267,-6.5221944,1689357128964,,1.2817383,1.0263672,-0.15715027,,,,,,-0.3343542,0.5126209,0.0829864,0.0,0.0,0.0,0.0
,,-0.73409325,6.729128,-6.7217507,1689357129216,,2.6378174,-0.7249298,0.46496582,,,,,,-0.21347718,0.61856526,0.4350258,0.0,0.0,0.0,0.0
,,-0.78924,5.5084443,-6.8138885,1689357129468,,-2.1473389,0.8016052,0.050582886,,,,,,-0.30513433,0.24264808,0.8822991,0.0,0.0,0.0,0.0
,,-0.80085146,5.9291053,-6.543184,1689357129719,,-1.508194,-1.5600891,-0.03996277,,,,,,-0.17212877,0.32588723,0.91100305,0.0,0.0,0.0,0.0
,,-1.1588638,7.110564,-6.6479297,1689357129970,,0.84817505,0.6279602,-0.1209259,,,,,,-0.15583052,0.7237388,0.114775516,0.0,0.0,0.0,0.0
52.48686147,13.32252059,-0.64510906,5.343843,-6.8119726,1689357130000,11.792,-2.7598724,-0.111328125,-0.8261261,,,,,,-0.091800176,0.0061368304,0.7977021,0.0,0.0,0.0,0.0
,,-0.9209203,6.7666774,-6.542704,1689357130222,,2.0316925,-0.087890625,0.4085083,,,,,,0.020555818,0.4204951,0.32038942,0.0,0.0,0.0,0.0
,,-0.73341423,6.016454,-6.789826,1689357130475,,0.17173767,0.447937,0.483078,,,,,,-0.04490823,0.40957487,0.68588954,0.0,0.0,0.0,0.0
,,-0.7235591,6.9448066,-6.7644076,1689357130978,,-0.32893372,-0.39682007,0.1539154,,,,,,-0.03130041,0.70191294,0.17181608,0.0,0.0,0.0,0.0
,,-0.7621857,7.2875757,-6.7286544,1689357131231,,1.3105011,1.3747101,0.21783447,,,,,,0.030367535,0.7197181,-0.07968952,0.0,0.0,0.0,0.0
,,-0.4398468,6.362337,-6.818677,1689357131484,,0.50090027,0.22209167,0.5906677,,,,,,0.08325467,0.53231996,0.5165716,0.0,0.0,0.0,0.0
,,-0.47779492,5.5854187,-6.822108,1689357131735,,-2.7801056,-0.8548889,-0.6514282,,,,,,-0.10588299,0.32518908,0.88823396,0.0,0.0,0.0,0.0
,,-0.67068785,6.686233,-6.7928586,1689357131987,,0.9802704,0.21144104,-0.10494995,,,,,,-0.07593255,0.685043,0.28617993,0.0,0.0,0.0,0.0
,,-0.8135015,7.592159,-6.6405473,1689357132239,,2.2585907,0.703598,0.5043793,,,,,,-0.056794636,1.0229038,0.033441767,0.0,0.0,0.0,0.0
,,-0.65185344,6.281692,-6.711495,1689357132490,,-0.06794739,0.21250916,0.20397949,,,,,,-0.15556194,0.44579312,0.57628846,0.0,0.0,0.0,0.0
,,-0.55425006,5.4971128,-6.8456497,1689357132742,,-2.1878204,-1.3321228,-0.5970917,,,,,,-0.2891388,0.21911268,0.8924511,0.0,0.0,0.0,0.0
,,-0.78920037,6.4841614,-6.72183,1689357132994,,0.32087708,0.1027832,0.22209167,,,,,,-0.25679272,0.513795,0.38420004,0.0,0.0,0.0,0.0
52.48718355,13.32253534,-0.7236791,5.512556,-7.0216246,1689357133000,12.864,-0.7156372,-0.006942749,-0.19975281,,,,,,-0.4518546,0.09197073,0.5850928,0.0,0.0,0.0,0.0
,,-1.0051178,7.371932,-6.641106,1689357133245,,1.1933289,0.7355499,-0.21679688,,,,,,-0.28226948,0.7193001,-0.055923,0.0,0.0,0.0,0.0
,,-0.8002935,6.614926,-6.7194366,1689357133496,,1.8633728,-0.021850586,0.16242981,,,,,,-0.3465535,0.39576012,0.36286217,0.0,0.0,0.0,0.0
,,-0.7106705,5.77951,-7.104424,1689357134001,,-2.0503998,-0.822937,-0.1912384,,,,,,-0.38635775,0.19835785,0.4067401,0.0,0.0,0.0,0.0
,,-1.0101054,6.5456543,-6.986071,1689357134252,,-1.0117798,-0.14968872,0.21676636,,,,,,-0.43716478,0.4190384,0.051697794,0.0,0.0,0.0,0.0
,,-1.0071528,6.360463,-6.749763,1689357134504,,0.8098297,0.5523224,-0.0974884,,,,,,-0.47135302,0.15439956,0.1832418,0.0,0.0,0.0,0.0
,,-0.8491755,6.2794585,-6.8533916,1689357134756,,1.6833496,0.6055908,0.2519226,,,,,,-0.40529802,0.18821521,0.23581314,0.0,0.0,0.0,0.0
,,-0.73772585,6.003567,-7.021983,1689357135009,,1.0473785,-0.052749634,0.17521667,,,,,,-0.31215298,0.14631377,0.20229143,0.0,0.0,0.0,0.0
,,-0.6660594,5.978746,-7.0747356,1689357135260,,-1.1598511,-0.087890625,-0.28071594,,,,,,-0.22981817,0.1387059,0.15138285,0.0,0.0,0.0,0.0
,,-0.68457437,6.2308154,-7.019908,1689357135514,,-1.7904816,-1.2224121,0.13900757,,,,,,-0.1694974,0.24202995,0.113746084,0.0,0.0,0.0,0.0
,,-0.6690521,6.2927856,-6.9320407,1689357135764,,-0.098846436,5.187988E-4,0.053771973,,,,,,-0.0859483,0.23358299,0.08193207,0.0,0.0,0.0,0.0
52.48733152,13.32255639,-0.6674164,6.047659,-7.070866,1689357136000,13.936001,-1.862915,-0.049545288,-0.33503723,,,,,,-0.051244497,0.2514127,0.19655925,0.0,0.0,0.0,0.0
,,-0.685613,6.290152,-7.0036683,1689357136019,,0.7118225,1.12117,0.1539154,,,,,,-0.06840606,0.2798559,0.09503317,0.0,0.0,0.0,0.0
,,-0.5861333,6.1719184,-7.169626,1689357136272,,1.8537903,0.2753601,0.23594666,,,,,,-0.007376633,0.29381388,0.06369522,0.0,0.0,0.0,0.0
,,-0.6630269,5.9249954,-7.140098,1689357136524,,0.21115112,0.26364136,0.08148193,,,,,,-0.06416187,0.21929003,0.16248444,0.0,0.0,0.0,0.0
,,-0.8044042,6.359105,-7.021466,1689357137029,,-1.780899,-0.6120148,0.32009888,,,,,,-0.08333568,0.36258334,0.07866047,0.0,0.0,0.0,0.0
,,-0.84167427,6.379057,-6.9578195,1689357137282,,0.78852844,0.08041382,-0.08258057,,,,,,-0.14904281,0.30685568,0.053149905,0.0,0.0,0.0,0.0
,,-0.7492574,6.3045573,-7.012048,1689357137533,,1.0505829,1.0189056,0.04525757,,,,,,-0.17007776,0.29375,0.1207104,0.0,0.0,0.0,0.0
,,-0.71122944,6.07635,-7.0446095,1689357137784,,1.5288849,-0.015457153,0.17095947,,,,,,-0.19420034,0.19668323,0.19773528,0.0,0.0,0.0,0.0
,,-0.68720704,6.058315,-7.1420927,1689357138035,,0.14190674,0.06550598,0.011169434,,,,,,-0.18566245,0.21778981,0.121538624,0.0,0.0,0.0,0.0
,,-0.6938304,6.0067205,-7.3105645,1689357138286,,-0.53240967,0.12835693,-0.24874878,,,,,,-0.20539574,0.25339592,-0.008737517,0.0,0.0,0.0,0.0
,,-0.5368113,5.405935,-7.5301538,1689357138537,,-1.337738,-0.3670044,-0.16140747,,,,,,-0.20665796,0.053864997,0.07698452,0.0,0.0,0.0,0.0
,,-0.4333018,5.0710654,-7.8099966,1689357138788,,-1.1523895,-0.506546,0.029281616,,,,,,-0.1887894,0.052986775,0.2403995,0.0,0.0,0.0,0.0
52.48745496,13.3225788,-1.2301728,7.68218,-5.47102,1689357139000,13.936001,-0.28419495,0.19332886,0.06123352,,,,,,-0.055977035,0.09491323,-0.0015951077,0.0,0.0,0.0,0.0
,,-0.5026535,5.094648,-7.7528543,1689357139040,,-0.38752747,0.04206848,0.030349731,,,,,,-0.16147964,0.026779024,0.19418119,0.0,0.0,0.0,0.0
,,-0.7769094,5.545675,-7.250112,1689357139292,,-0.13293457,0.09213257,-0.045288086,,,,,,-0.17973143,0.0011572838,0.105889894,0.0,0.0,0.0,0.0
,,-1.0026032,6.5407443,-6.422436,1689357139542,,-0.41415405,-0.029312134,-5.493164E-4,,,,,,-0.1084359,0.03134829,0.056054257,0.0,0.0,0.0,0.0
,,-1.4213496,8.536869,-4.544184,1689357140044,,-0.12121582,0.14326477,0.017562866,,,,,,-0.056196496,0.09569785,-0.06405426,0.0,0.0,0.0,0.0
,,-1.3549107,8.899992,-3.6825507,1689357140295,,0.039642334,0.0015869141,-0.0463562,,,,,,-0.04989938,-0.0066197873,-0.026733518,0.0,0.0,0.0,0.0
,,-1.2501643,9.037259,-3.2084992,1689357140545,,-0.094573975,0.36909485,0.1027832,,,,,,-0.07395248,-0.07613217,0.0019561925,0.0,0.0,0.0,0.0
,,-1.1809322,9.164351,-2.8682435,1689357140795,,0.098236084,0.118759155,-0.07086182,,,,,,-0.16127732,-0.08916353,0.022597257,0.0,0.0,0.0,0.0
,,-1.1090658,9.302536,-2.7120214,1689357141047,,0.05029297,0.05697632,0.004776001,,,,,,-0.24280734,-0.06851778,-0.07577605,0.0,0.0,0.0,0.0
,,-1.0828094,9.345432,-2.5848093,1689357141299,,0.07159424,0.13261414,-0.031448364,,,,,,-0.36060628,-0.08095214,-0.07420409,0.0,0.0,0.0,0.0
,,-0.9504501,9.346871,-2.5858068,1689357141550,,0.07373047,0.21463013,-0.0037384033,,,,,,-0.35030407,-0.09824457,-0.10280388,0.0,0.0,0.0,0.0
,,-0.9456609,9.412352,-2.733968,1689357141803,,0.17173767,0.4053192,-0.05168152,,,,,,-0.35658804,-0.023642827,-0.13423939,0.0,0.0,0.0,0.0
52.48761287,13.32262181,-0.7966222,9.375041,-2.9030395,1689357142000,11.792,0.21328735,-0.2817688,-0.06765747,,,,,,0.011368564,0.046424706,-0.010073487,0.0,0.0,0.0,0.0
,,-0.89099324,9.420093,-2.807311,1689357142055,,-0.024276733,-0.4255829,-0.19229126,,,,,,-0.30233988,0.00868117,-0.12061944,0.0,0.0,0.0,0.0
,,-0.8480174,9.388609,-2.8679235,1689357142308,,-0.07966614,-0.061264038,-0.017593384,,,,,,-0.21232976,0.00832138,-0.08816589,0.0,0.0,0.0,0.0
,,-0.824555,9.356486,-2.834964,1689357142559,,0.018341064,-0.19442749,-0.04421997,,,,,,-0.12660657,0.0016404787,0.0048036496,0.0,0.0,0.0,0.0
,,-0.93253326,9.335817,-2.9146907,1689357143063,,-0.18939209,0.18374634,0.1347351,,,,,,0.023676554,0.0444636,0.044085152,0.0,0.0,0.0,0.0
,,-1.0281423,9.270656,-3.0021586,1689357143316,,1.2849426,-0.22425842,0.116622925,,,,,,0.04512866,0.016068649,0.01182959,0.0,0.0,0.0,0.0
,,-1.1597835,9.102144,-3.4465623,1689357143568,,1.100647,1.0828247,0.0069122314,,,,,,-0.06990562,0.04706009,-0.022622379,0.0,0.0,0.0,0.0
,,-0.9338903,8.65766,-4.244151,1689357143821,,1.8708344,-0.14541626,0.06123352,,,,,,-0.10021079,0.11960734,-0.062564366,0.0,0.0,0.0,0.0
,,-0.7776286,7.4938793,-5.1411796,1689357144072,,-0.9009857,0.50439453,-0.15820312,,,,,,-0.26792514,-0.026129372,0.08859162,0.0,0.0,0.0,0.0
,,-0.5629486,6.647568,-5.8649063,1689357144323,,-1.9172516,-0.8026886,-0.80696106,,,,,,-0.4033195,-0.16065295,0.23630118,0.0,0.0,0.0,0.0
,,-0.5339381,6.6944537,-6.410346,1689357144576,,-0.70391846,-0.07084656,0.21676636,,,,,,-0.44625583,0.062701575,0.0388193,0.0,0.0,0.0,0.0
,,-0.53760886,6.5900664,-6.7635703,1689357144827,,1.0228882,0.66737366,-0.34675598,,,,,,-0.44921318,0.065630816,-0.05717446,0.0,0.0,0.0,0.0
52.48771693,13.32253879,-0.6785477,6.492941,-6.9746175,1689357145000,10.72,-1.765976,-0.78671265,0.14006042,,,,,,-0.13696264,0.35385475,0.04258655,0.0,0.0,0.0,0.0
,,-0.34635264,6.498887,-7.006342,1689357145078,,1.9081116,0.2284851,0.36697388,,,,,,-0.2963258,0.17204718,-0.029287482,0.0,0.0,0.0,0.0
,,-0.43453878,5.925675,-7.0910163,1689357145330,,0.44444275,0.051651,0.2082367,,,,,,-0.28998944,0.046515822,0.14515908,0.0,0.0,0.0,0.0
,,-0.4226476,5.945786,-7.1118846,1689357145581,,-1.9683838,0.08041382,-0.40534973,,,,,,-0.16283296,0.08490574,0.124175645,0.0,0.0,0.0,0.0
,,-0.7521698,6.4541945,-6.852513,1689357146082,,0.73526,0.39785767,-0.13690186,,,,,,-0.122360386,0.23168539,0.026233403,0.0,0.0,0.0,0.0
,,-0.7231598,6.4052334,-6.9089766,1689357146333,,1.1262054,1.1819,-0.16140747,,,,,,-0.14949855,0.27505285,0.13144106,0.0,0.0,0.0,0.0
,,-0.6851313,6.104441,-6.981281,1689357146585,,1.9507294,-0.26472473,-0.0090789795,,,,,,-0.23150873,0.19585839,0.22312006,0.0,0.0,0.0,0.0
,,-0.7033681,5.871405,-7.033395,1689357146837,,-1.0064545,0.08467102,-0.2732544,,,,,,-0.24264513,0.07505961,0.21259587,0.0,0.0,0.0,0.0
,,-0.8103887,6.4515605,-7.0318785,1689357147088,,0.4103546,-1.605896,-0.6929779,,,,,,-0.3364738,0.40547058,0.13400368,0.0,0.0,0.0,0.0
,,-0.6683731,6.2308555,-7.53889,1689357147339,,-0.06794739,0.6918793,-0.16673279,,,,,,-0.20278907,0.34270492,-0.19735938,0.0,0.0,0.0,0.0
,,-0.81034905,5.722646,-7.251546,1689357147591,,-2.0578613,0.5672455,0.7110443,,,,,,-0.45835096,0.1677277,0.51070994,0.0,0.0,0.0,0.0
,,-0.8670522,6.03457,-7.1189466,1689357147842,,1.0601654,0.17202759,-0.29029846,,,,,,-0.49143726,0.29954493,0.46435988,0.0,0.0,0.0,0.0
52.48781005,13.32251377,-1.0411499,6.4307313,-5.436263,1689357148000,10.72,-1.0714264,-0.24555969,-0.8975067,,,,,,-0.7383629,0.1533921,1.6960982,0.0,0.0,0.0,0.0
,,-1.1401912,6.2815323,-6.918912,1689357148094,,0.8460541,0.7078552,0.19439697,,,,,,-0.5067298,0.21779303,0.328877,0.0,0.0,0.0,0.0
,,-1.248528,7.0044622,-6.8213882,1689357148345,,1.86763,-0.5981598,-0.0016174316,,,,,,-0.64056283,0.5100253,0.28710976,0.0,0.0,0.0,0.0
,,-1.2934595,6.670111,-6.3018064,1689357148596,,-0.6549072,0.051651,-0.3211975,,,,,,-0.75663185,0.36955154,0.8538863,0.0,0.0,0.0,0.0
,,-0.41351014,6.9281664,-5.7250443,1689357149098,,-0.98727417,0.56617737,0.24232483,,,,,,-0.06051825,0.37629452,1.0813016,0.0,0.0,0.0,0.0
,,-0.3125946,6.7148433,-5.771253,1689357149349,,0.81941223,-0.26792908,-0.07725525,,,,,,0.064660996,0.29919308,1.0224968,0.0,0.0,0.0,0.0
,,-0.029560344,6.67909,-5.770973,1689357149602,,2.0370178,0.38294983,0.1730957,,,,,,0.2895708,0.38683027,1.182501,0.0,0.0,0.0,0.0
,,-0.063438416,6.131536,-5.9070044,1689357149853,,0.3784027,1.2383575,0.5672302,,,,,,0.31180355,0.07428918,1.1165965,0.0,0.0,0.0,0.0
,,-0.40692598,6.041315,-6.228506,1689357150106,,-1.5891418,1.4226532,-1.0530243,,,,,,-0.022468109,-0.11798986,0.7561675,0.0,0.0,0.0,0.0
,,-0.6661387,6.664805,-6.303963,1689357150358,,-1.3441315,0.17628479,-0.1954956,,,,,,-0.10871189,0.18905272,0.3992225,0.0,0.0,0.0,0.0
,,-0.99346566,6.7798867,-6.3262296,1689357150608,,1.3882599,-0.22851562,-0.31480408,,,,,,-0.47248873,0.19991976,0.2272984,0.0,0.0,0.0,0.0
,,-0.77543384,6.7052274,-6.516488,1689357150859,,1.0857391,0.71318054,0.12515259,,,,,,-0.39240992,0.20590329,0.29118457,0.0,0.0,0.0,0.0
,,-0.9077927,6.428139,-6.8470078,1689357151110,,1.2838745,-0.4820404,0.23274231,,,,,,-0.7286729,0.25174427,0.21198143,0.0,0.0,0.0,0.0
,,-0.7194087,6.2230763,-6.337202,1689357151364,,-2.6149902,0.22209167,-0.38298035,,,,,,-0.6171388,0.116678685,0.7419738,0.0,0.0,0.0,0.0
,,-0.19507854,7.0508313,-6.491309,1689357151615,,-1.5465393,0.14219666,-0.018661499,,,,,,0.095973484,0.4064103,0.123718545,0.0,0.0,0.0,0.0
52.48788523,13.32234915,-0.029240418,7.264992,-6.5994473,1689357152000,10.72,1.5523224,-0.10707092,-0.20507812,,,,,,0.3203183,0.3736021,-0.29305547,0.0,0.0,0.0,0.0
,,-0.15094605,6.961328,-6.6162863,1689357152118,,1.532074,1.1190491,0.3584442,,,,,,0.2594834,0.2800464,0.020751476,0.0,0.0,0.0,0.0
,,0.01190033,6.2796187,-6.7205935,1689357152370,,0.18452454,-0.08363342,0.7483368,,,,,,0.43848532,0.16862892,0.3622718,0.0,0.0,0.0,0.0
,,0.12722066,5.8854523,-6.2368054,1689357152620,,-2.6128693,0.123031616,-0.44050598,,,,,,0.5318545,-0.10734573,0.9342014,0.0,0.0,0.0,0.0
,,-0.013120015,7.221656,-6.362621,1689357152871,,-1.1055145,-0.3211975,0.107040405,,,,,,0.5124582,0.53574014,0.19711941,0.0,0.0,0.0,0.0
,,-0.15234274,7.4660244,-5.872607,1689357153122,,1.051651,0.5235596,-0.03677368,,,,,,0.46363437,0.56069,0.4611429,0.0,0.0,0.0,0.0
,,-0.16602884,7.052505,-5.9869304,1689357153372,,2.0647125,-0.34249878,0.7536621,,,,,,0.39671797,0.5458456,0.8460395,0.0,0.0,0.0,0.0
,,-0.010325114,6.149651,-6.2331343,1689357153624,,-1.2610474,0.39360046,0.052719116,,,,,,0.3672539,0.39419788,1.146008,0.0,0.0,0.0,0.0
,,-0.18578033,6.3983693,-6.151852,1689357153875,,-2.1047363,-1.1009674,-0.602417,,,,,,0.08809025,0.37605238,1.0275184,0.0,0.0,0.0,0.0
,,-0.42771453,7.4798307,-6.253804,1689357154126,,1.1294098,0.7547302,-0.080444336,,,,,,0.124330975,0.7202532,0.1638393,0.0,0.0,0.0,0.0
,,-0.24252218,7.2603626,-6.1870055,1689357154377,,1.9347534,-0.015457153,0.6450043,,,,,,0.39020547,0.5420114,0.4628409,0.0,0.0,0.0,0.0
,,-0.16934,6.3296566,-6.506353,1689357154627,,0.015136719,0.6503296,0.7248993,,,,,,0.25740638,0.38039443,0.85549366,0.0,0.0,0.0,0.0
52.48795089,13.3222042,-0.2694982,5.7443547,-6.527422,1689357155000,10.72,-2.560669,-0.14329529,-0.9507599,,,,,,-0.04337701,0.069980316,0.98660845,0.0,0.0,0.0,0.0
,,-0.39718983,7.1416907,-6.368846,1689357155131,,0.89611816,-0.6727295,-0.017593384,,,,,,-0.10854797,0.55569327,0.34022886,0.0,0.0,0.0,0.0
,,-0.48134613,7.576199,-6.3071547,1689357155381,,1.1624298,1.835968,0.060165405,,,,,,-0.06536345,0.62476283,0.088694364,0.0,0.0,0.0,0.0
,,-0.33809203,6.746089,-6.577261,1689357155632,,0.66815186,0.47349548,0.63435364,,,,,,-0.18727398,0.45158684,0.5083978,0.0,0.0,0.0,0.0
,,-0.3903661,5.8366914,-6.6746645,1689357155884,,-2.8397675,-0.041030884,-0.70788574,,,,,,-0.51405835,0.08753247,0.7168287,0.0,0.0,0.0,0.0
,,-0.48884735,6.833238,-6.516647,1689357156134,,-0.42694092,-0.41918945,0.6609802,,,,,,-0.46002164,0.38582602,0.2453342,0.0,0.0,0.0,0.0
,,-0.58876497,7.6548085,-6.44937,1689357156384,,1.2146301,1.693222,0.13793945,,,,,,-0.29348153,0.669974,-0.14851356,0.0,0.0,0.0,0.0
,,-0.33186695,6.748763,-6.626581,1689357156635,,1.420227,-0.70362854,0.562973,,,,,,-0.20114264,0.3405975,0.3038105,0.0,0.0,0.0,0.0
,,-0.3238866,5.758042,-6.716405,1689357156886,,-1.9151154,0.17095947,-0.63757324,,,,,,-0.40730476,0.13840881,0.79787254,0.0,0.0,0.0,0.0
,,-0.4142685,6.3864794,-6.5190825,1689357157136,,-1.6722412,-1.1446381,0.13900757,,,,,,-0.37091514,0.414836,0.6899455,0.0,0.0,0.0,0.0
,,-0.7087153,7.3938394,-6.2784657,1689357157386,,0.97813416,0.9539337,0.053771973,,,,,,-0.29952124,0.6788962,0.26885897,0.0,0.0,0.0,0.0
,,-0.637528,7.149671,-6.4363227,1689357157637,,1.8228912,0.27748108,0.36058044,,,,,,-0.30045003,0.57927895,0.34660518,0.0,0.0,0.0,0.0
52.48802197,13.32209269,-0.56909335,6.2509274,-6.730769,1689357158000,12.864,-0.4450531,0.6268921,0.2284851,,,,,,-0.45362923,0.39230812,0.6488416,0.0,0.0,0.0,0.0
,,-0.5320633,5.9928317,-6.918633,1689357158139,,-1.5071259,-0.09535217,-0.44796753,,,,,,-0.47462308,0.326368,0.5575733,0.0,0.0,0.0,0.0
,,-0.6045278,6.6895046,-7.0327163,1689357158392,,-0.50790405,-0.40853882,-0.028244019,,,,,,-0.4557565,0.51929605,0.15052034,0.0,0.0,0.0,0.0
,,-0.46738026,6.5145288,-7.125372,1689357158643,,-0.22348022,-0.21253967,-0.12625122,,,,,,-0.30993426,0.2764054,0.04981116,0.0,0.0,0.0,0.0
,,-0.29128674,6.302562,-7.210166,1689357158894,,-0.031723022,0.09106445,-0.10813904,,,,,,-0.20575361,0.264341,0.2160354,0.0,0.0,0.0,0.0
,,-0.41861826,6.309505,-7.026491,1689357159145,,0.04496765,0.28707886,0.3307495,,,,,,-0.1798711,0.19763897,0.29161733,0.0,0.0,0.0,0.0
,,-0.46885732,6.8786864,-6.78739,1689357159397,,0.100357056,-0.61520386,-0.5747223,,,,,,0.073864155,0.21467951,0.2049745,0.0,0.0,0.0,0.0
,,-0.78353524,7.8502536,-6.2845287,1689357159650,,1.9336853,0.050582886,-0.12944031,,,,,,0.10028454,0.44296953,0.00979433,0.0,0.0,0.0,0.0
,,-0.7783076,8.01705,-6.100015,1689357159903,,1.0441895,0.93156433,0.42129517,,,,,,0.25053874,0.43669662,0.02529637,0.0,0.0,0.0,0.0
,,-0.5416804,7.6186147,-6.3574324,1689357160156,,1.0388641,0.07722473,0.4980011,,,,,,0.32045242,0.47029412,0.08789109,0.0,0.0,0.0,0.0
,,-0.3262024,6.7401814,-6.7228684,1689357160407,,-1.5838165,-0.40534973,-0.6311798,,,,,,0.25538337,0.26222035,0.2512149,0.0,0.0,0.0,0.0
,,-0.28370515,6.5373526,-6.7956915,1689357160660,,-1.8373566,-0.7462311,0.14859009,,,,,,0.1725137,0.22612378,0.32095236,0.0,0.0,0.0,0.0
52.48807122,13.32201474,-0.5521347,6.982355,-6.630691,1689357161000,11.792,0.9866638,0.6535187,-0.1166687,,,,,,-0.04523956,0.42669103,0.03692425,0.0,0.0,0.0,0.0
,,-0.4188568,6.7774906,-6.7497225,1689357161163,,1.1794739,1.0444794,0.16563416,,,,,,0.06401063,0.33888748,0.13242663,0.0,0.0,0.0,0.0
,,-0.28019306,6.385481,-7.028128,1689357161414,,1.7557831,-0.24662781,0.43408203,,,,,,0.012441083,0.3285748,0.1755795,0.0,0.0,0.0,0.0
,,-0.38330382,5.810233,-6.9348736,1689357161667,,-1.6413422,0.34779358,-0.729187,,,,,,-0.19907948,-0.054004326,0.33025151,0.0,0.0,0.0,0.0
,,-0.48529664,6.644054,-6.633004,1689357161919,,-1.8085938,-1.3267975,-0.13476562,,,,,,-0.23215908,0.23767306,0.22303122,0.0,0.0,0.0,0.0
,,-0.64067996,7.0371423,-6.5294557,1689357162170,,0.749115,0.7302246,0.0069122314,,,,,,-0.27002677,0.30108464,-0.10554949,0.0,0.0,0.0,0.0
,,-0.38817242,6.81512,-6.5630946,1689357162421,,1.1166229,1.0583191,0.14433289,,,,,,-0.11107193,0.19274345,0.05976262,0.0,0.0,0.0,0.0
,,-0.25282085,6.5184793,-6.790344,1689357162673,,1.8271637,-0.43623352,0.5544586,,,,,,-0.24098621,0.23989089,0.16258807,0.0,0.0,0.0,0.0
,,-0.1709788,5.949058,-6.889903,1689357162925,,-1.7308197,0.32861328,-0.40534973,,,,,,-0.27400303,-0.062327743,0.19316791,0.0,0.0,0.0,0.0
,,-0.2090861,6.884074,-6.3945026,1689357163180,,-1.8863525,-1.5739441,-0.5289154,,,,,,-0.21128865,0.34854266,0.3711746,0.0,0.0,0.0,0.0
,,-0.43880972,7.2166286,-6.279022,1689357163431,,1.1017151,0.34140015,-0.16992188,,,,,,-0.18871991,0.33170393,0.035972573,0.0,0.0,0.0,0.0
,,-0.25421703,6.9321184,-6.30049,1689357163682,,1.0953217,1.1371613,0.08041382,,,,,,0.023462253,0.19311737,0.27371654,0.0,0.0,0.0,0.0
52.48811324,13.32191916,-0.15042673,6.682402,-6.6487265,1689357164000,12.864,2.0647125,-0.3020172,0.8580475,,,,,,-0.018281523,0.36395767,0.35865498,0.0,0.0,0.0,0.0
,,-0.12273305,5.8149033,-6.634841,1689357164186,,-2.4775848,0.321167,-0.4468994,,,,,,0.028371006,-0.08295457,0.6109206,0.0,0.0,0.0,0.0
,,-0.39108327,6.924815,-6.2386804,1689357164436,,-1.8192444,-0.778183,0.21144104,,,,,,0.03181029,0.45024773,0.583283,0.0,0.0,0.0,0.0
,,-0.66637623,7.263116,-6.365494,1689357164686,,1.2316742,0.4777527,-0.46180725,,,,,,0.05457173,0.47714582,0.029170465,0.0,0.0,0.0,0.0
,,-0.50329083,7.025372,-6.6557508,1689357164938,,2.568573,0.031417847,0.5853424,,,,,,0.1116725,0.5723536,0.21960036,0.0,0.0,0.0,0.0
,,-0.46031493,6.084929,-6.8433766,1689357165189,,-1.2759552,0.6279602,-0.037826538,,,,,,-0.13607265,0.40853307,0.6332724,0.0,0.0,0.0,0.0
,,-0.49487203,5.9467845,-6.5922647,1689357165440,,-1.8032684,-1.5441132,-0.29882812,,,,,,-0.23166746,0.232818,0.7997949,0.0,0.0,0.0,0.0
,,-0.84239095,7.357009,-6.4187646,1689357165691,,1.1485901,0.93688965,-0.24023438,,,,,,-0.31772515,0.75491524,0.17031857,0.0,0.0,0.0,0.0
,,-0.7575567,7.3131948,-6.41661,1689357165942,,1.611969,0.6833496,0.45751953,,,,,,-0.22246343,0.59507865,0.09451594,0.0,0.0,0.0,0.0
,,-0.52883095,6.36992,-6.6438193,1689357166193,,0.41567993,0.39466858,0.46603394,,,,,,-0.2967221,0.40329412,0.6027517,0.0,0.0,0.0,0.0
,,-0.4546514,5.5335855,-6.6717515,1689357166446,,-2.6554718,-0.24874878,-1.0168152,,,,,,-0.44006005,-7.565975E-4,0.8278552,0.0,0.0,0.0,0.0
,,-0.5445531,6.789983,-6.624147,1689357166696,,0.100357056,-0.0740509,0.074020386,,,,,,-0.27842504,0.44377598,0.20323911,0.0,0.0,0.0,0.0
52.48816534,13.32182709,-0.7007746,7.281911,-6.729731,1689357167000,13.936001,1.1443176,1.6410217,0.23060608,,,,,,-0.16187719,0.5649297,-0.22074331,0.0,0.0,0.0,0.0
,,-0.41610363,6.5751023,-6.928689,1689357167199,,1.7131805,-0.7515564,0.8090515,,,,,,-0.095554955,0.4605404,0.24231292,0.0,0.0,0.0,0.0
,,-0.32165173,5.4906487,-6.910732,1689357167450,,-2.7971497,-0.29988098,-0.93159485,,,,,,-0.24180116,0.034684278,0.70514286,0.0,0.0,0.0,0.0
,,-0.52587736,6.5218306,-6.7658834,1689357167702,,-1.4772949,0.15072632,0.6077118,,,,,,-0.24945314,0.43060943,0.29961142,0.0,0.0,0.0,0.0
,,-0.8252319,7.5506196,-6.5583467,1689357167953,,1.2785492,0.6737671,-0.25302124,,,,,,-0.25580493,0.7575295,-0.10929349,0.0,0.0,0.0,0.0
,,-0.6255554,7.025851,-6.604514,1689357168204,,2.2756348,-0.56407166,0.576828,,,,,,-0.3763727,0.6037962,0.25018626,0.0,0.0,0.0,0.0
,,-0.379392,5.8220067,-6.7031155,1689357168455,,-1.4080505,-0.24023438,-0.9507599,,,,,,-0.5839472,0.18403946,0.7329399,0.0,0.0,0.0,0.0
,,-0.43421987,6.0559607,-6.459345,1689357168707,,-1.8544006,-1.1190796,0.22528076,,,,,,-0.5644263,0.15422152,0.66405433,0.0,0.0,0.0,0.0
,,-0.7643005,7.3886533,-6.3978143,1689357168959,,0.9333954,0.7259674,-0.022918701,,,,,,-0.58123267,0.65241486,-0.02219963,0.0,0.0,0.0,0.0
,,-0.6181341,7.183669,-6.3498507,1689357169211,,1.6375427,0.8314209,0.13900757,,,,,,-0.52953756,0.4351327,0.07700844,0.0,0.0,0.0,0.0
,,-0.2801529,6.4923034,-6.5998054,1689357169464,,1.2018433,-0.41918945,0.21995544,,,,,,-0.5230621,0.3686743,0.43299517,0.0,0.0,0.0,0.0
,,-0.24863027,5.7595577,-6.6949754,1689357169715,,-2.0972748,-0.092163086,-0.86660767,,,,,,-0.5250285,-0.073330216,0.5214785,0.0,0.0,0.0,0.0
52.4882269,13.32175521,-0.4216507,6.976729,-6.533806,1689357170000,15.008,-1.5518646,-0.3563385,0.4543152,,,,,,-0.39275005,0.41671103,0.13806136,0.0,0.0,0.0,0.0
,,-0.5974243,7.328317,-6.3549595,1689357170218,,1.1847992,0.37869263,-0.21040344,,,,,,-0.382282,0.39359123,-0.08073645,0.0,0.0,0.0,0.0
,,-0.39100394,7.01735,-6.58604,1689357170468,,2.1691132,0.6972046,0.46710205,,,,,,-0.28106079,0.3254714,0.068645984,0.0,0.0,0.0,0.0
,,-0.27265117,6.1298604,-6.836952,1689357170721,,-0.43972778,0.576828,0.23487854,,,,,,-0.31308514,0.098827966,0.3301334,0.0,0.0,0.0,0.0
,,-0.25237986,5.936249,-6.8604155,1689357170972,,-1.8938141,-0.8442383,-1.061554,,,,,,-0.2717584,-0.0747972,0.27345124,0.0,0.0,0.0,0.0
,,-0.588446,7.1526227,-6.6179223,1689357171223,,-0.80404663,-0.38830566,0.37548828,,,,,,-0.2211481,0.5007608,-0.059542052,0.0,0.0,0.0,0.0
,,-0.74470776,7.1246505,-6.4572315,1689357171474,,1.086792,0.53208923,0.03779602,,,,,,-0.192864,0.3457829,-0.06763962,0.0,0.0,0.0,0.0
,,-0.46275127,6.8700266,-6.828812,1689357171724,,2.4737701,-0.12731934,0.5906677,,,,,,-0.076776825,0.45308468,0.057958174,0.0,0.0,0.0,0.0
,,-0.3520991,5.8700485,-6.9853926,1689357171977,,-1.3473358,0.6929474,0.015426636,,,,,,-0.0931841,0.14774431,0.33697903,0.0,0.0,0.0,0.0
,,-0.35245818,6.2126184,-6.9090977,1689357172228,,-2.0631866,-1.2021637,-0.71321106,,,,,,-0.037583042,0.23728274,0.19748478,0.0,0.0,0.0,0.0
,,-0.6274719,7.273051,-6.6174445,1689357172479,,0.3826599,-0.36486816,0.20291138,,,,,,0.046124067,0.6350263,-0.14992239,0.0,0.0,0.0,0.0
,,-0.5637853,7.069385,-6.535483,1689357172730,,1.0718842,1.3832245,0.19119263,,,,,,0.06625642,0.36338302,-0.09326939,0.0,0.0,0.0,0.0
52.48828597,13.3216527,-0.22321014,6.7782903,-6.888747,1689357173000,15.008,2.2447357,-0.43518066,0.5949402,,,,,,0.056988034,0.44939715,0.013887549,0.0,0.0,0.0,0.0
,,-0.21842143,5.785854,-6.9742994,1689357173231,,-1.6967316,0.24127197,-0.19442749,,,,,,-0.14190517,0.0036435763,0.2626301,0.0,0.0,0.0,0.0
,,-0.28865203,6.5460925,-6.745534,1689357173481,,-1.5635834,-1.479126,-0.40109253,,,,,,-0.22542849,0.22762516,0.16127945,0.0,0.0,0.0,0.0
,,-0.6097941,7.2792373,-6.531492,1689357173734,,1.0420532,0.7430115,-0.22105408,,,,,,-0.2698131,0.40867415,-0.1977458,0.0,0.0,0.0,0.0
,,-0.60061646,6.977767,-6.4591074,1689357173985,,1.0473785,0.3808136,-0.53530884,,,,,,-0.32529515,0.19126396,0.053488452,0.0,0.0,0.0,0.0
,,-0.47204843,6.7158413,-6.700364,1689357174238,,0.5211487,-0.1486206,0.22955322,,,,,,-0.30843264,0.1979694,0.12469171,0.0,0.0,0.0,0.0
,,-0.6044474,6.5734262,-6.7308507,1689357174488,,0.9078369,0.21357727,0.15710449,,,,,,-0.3263112,0.13168927,0.16315071,0.0,0.0,0.0,0.0
,,-0.6852122,6.9298835,-6.8806076,1689357174740,,0.7778778,-0.30947876,-0.02078247,,,,,,-0.30130342,0.38333845,-0.024228748,0.0,0.0,0.0,0.0
,,-0.6153412,6.215693,-7.34608,1689357174993,,-0.75505066,-0.049545288,-0.1912384,,,,,,-0.21128958,0.28700143,-0.110572465,0.0,0.0,0.0,0.0
,,-0.36211446,5.360724,-7.837051,1689357175244,,-0.83387756,0.0069122314,0.013305664,,,,,,-0.1694003,0.14638011,0.13840361,0.0,0.0,0.0,0.0
,,-0.26403198,4.9654818,-8.233969,1689357175496,,-0.42375183,0.1496582,0.13687134,,,,,,-0.2094772,0.10840781,0.11939886,0.0,0.0,0.0,0.0
,,-0.22237295,4.8337603,-8.408825,1689357175748,,0.013015747,0.074020386,-0.18589783,,,,,,-0.23351215,0.03332309,0.0036904493,0.0,0.0,0.0,0.0
52.48834627,13.32151395,-0.2691808,4.9130883,-8.320718,1689357176000,13.936001,0.098236084,-0.09109497,-0.18589783,,,,,,-0.28933477,-0.033443093,-0.026094627,0.0,0.0,0.0,0.0
,,-0.29675293,5.327125,-8.143986,1689357176252,,0.17492676,-0.16352844,-0.05593872,,,,,,-0.22962123,-0.06595501,-0.122266404,0.0,0.0,0.0,0.0
,,-0.5403229,6.0010133,-7.451623,1689357176503,,-1.8053894,-0.9454346,-0.05807495,,,,,,-0.2874961,-0.08640876,0.14323278,0.0,0.0,0.0,0.0
,,-0.74375,6.8298054,-7.01967,1689357176756,,1.4702911,0.8186493,-0.09535217,,,,,,-0.18504474,0.053970113,-0.13842556,0.0,0.0,0.0,0.0
,,-0.76928866,7.193525,-6.754352,1689357177009,,1.307312,0.46710205,0.56829834,,,,,,-0.026797589,0.19273749,-0.09367735,0.0,0.0,0.0,0.0
,,-0.79430795,6.9021106,-6.562058,1689357177262,,0.77360535,-0.028244019,0.37867737,,,,,,-0.028181413,0.28719902,0.33811715,0.0,0.0,0.0,0.0
,,-0.6112305,6.24989,-6.6311707,1689357177513,,-1.6147156,-0.5459595,-0.8985748,,,,,,0.10050299,0.1130308,0.5178839,0.0,0.0,0.0,0.0
,,-0.75360614,6.533404,-6.5350842,1689357177764,,-2.035492,0.5054474,0.7163696,,,,,,0.05045519,0.29239762,0.4712335,0.0,0.0,0.0,0.0
,,-0.7626246,7.020943,-6.5566716,1689357178015,,1.1826782,0.0069122314,-0.34249878,,,,,,0.1933252,0.48340523,0.05723621,0.0,0.0,0.0,0.0
,,-0.6787079,6.722785,-6.6293745,1689357178267,,1.4276886,0.6844177,0.5278168,,,,,,0.24893923,0.42370325,0.33854866,0.0,0.0,0.0,0.0
,,-0.568455,6.124553,-6.9436936,1689357178518,,0.87161255,0.13793945,0.5288849,,,,,,0.18494949,0.31451645,0.40643966,0.0,0.0,0.0,0.0
,,-0.5048487,5.80337,-7.055543,1689357178769,,-1.637085,-0.13796997,-0.7984314,,,,,,0.14475621,0.08470813,0.32284266,0.0,0.0,0.0,0.0
52.488428,13.32135622,-0.67252296,6.6367517,-6.8774548,1689357179000,13.936001,-1.6956787,-0.35847473,0.02607727,,,,,,0.09624945,0.35956863,0.12376181,0.0,0.0,0.0,0.0
,,-0.6599147,6.9211426,-6.6427827,1689357179272,,1.2508545,-0.33184814,-0.31054688,,,,,,0.231741,0.43306223,0.006180843,0.0,0.0,0.0,0.0
,,-0.46259257,6.673981,-6.732167,1689357179522,,1.6940002,0.5810852,0.41915894,,,,,,0.35070744,0.39045903,0.21915516,0.0,0.0,0.0,0.0
,,-0.32624257,6.2091074,-6.9665594,1689357179774,,0.908905,0.18800354,0.66737366,,,,,,0.20629793,0.35204563,0.3572525,0.0,0.0,0.0,0.0
,,-0.23797557,5.8425155,-6.899442,1689357180027,,-1.9119263,-0.21679688,-0.9688721,,,,,,0.13230452,0.071729675,0.44500378,0.0,0.0,0.0,0.0
,,-0.39663136,6.807699,-6.6087055,1689357180281,,-1.6882172,-0.74090576,0.23594666,,,,,,0.15112929,0.4170791,0.27656454,0.0,0.0,0.0,0.0
,,-0.55281323,7.1555767,-6.4607835,1689357180532,,1.0175629,0.34672546,-0.09535217,,,,,,0.1479009,0.46129075,0.054102644,0.0,0.0,0.0,0.0
,,-0.47531942,6.863524,-6.639789,1689357180784,,1.3126373,1.0870819,0.7248993,,,,,,0.069398545,0.36955693,0.23768656,0.0,0.0,0.0,0.0
,,-0.42376405,6.2034025,-6.8958488,1689357181037,,0.13658142,0.38613892,0.4085083,,,,,,-0.2175148,0.22677399,0.39043778,0.0,0.0,0.0,0.0
,,-0.36662242,5.9002566,-6.6391096,1689357181289,,-2.2165833,-0.38191223,-1.0253296,,,,,,-0.35172305,-0.06272059,0.6015344,0.0,0.0,0.0,0.0
,,-0.77391714,7.0261297,-6.3494506,1689357181541,,-1.2440033,0.1347351,0.37867737,,,,,,-0.506806,0.3724212,0.30601442,0.0,0.0,0.0,0.0
,,-0.9413513,7.349866,-6.3632174,1689357181793,,0.9866638,0.24339294,-0.02078247,,,,,,-0.5875293,0.462107,-0.004771463,0.0,0.0,0.0,0.0
52.48853837,13.32113503,-0.6627055,6.983353,-6.545894,1689357182000,12.864,1.9816132,0.30412292,0.4319458,,,,,,-0.5668775,0.41337222,0.21663374,0.0,0.0,0.0,0.0
,,-0.5167394,6.0823355,-6.7106166,1689357182294,,-0.98088074,0.5587158,-0.07937622,,,,,,-0.6967267,0.123968765,0.47230914,0.0,0.0,0.0,0.0
,,-0.4738037,6.2575903,-6.6950946,1689357182545,,-1.958786,-0.71746826,-0.85809326,,,,,,-0.68136007,0.123070374,0.3481856,0.0,0.0,0.0,0.0
,,-0.7753138,7.3438396,-6.5602612,1689357182798,,0.32087708,-0.43518066,0.20718384,,,,,,-0.59626645,0.5576945,-0.13625053,0.0,0.0,0.0,0.0
,,-0.6326986,7.214074,-6.505274,1689357183052,,0.957901,1.3544769,0.25299072,,,,,,-0.37267968,0.395051,-0.09017679,0.0,0.0,0.0,0.0
,,-0.3011022,6.6242228,-6.6548715,1689357183304,,2.5419464,-0.4692688,0.24978638,,,,,,-0.27861884,0.27919787,0.31560123,0.0,0.0,0.0,0.0
,,-0.27237242,5.6845393,-6.6913447,1689357183555,,-1.2642365,-0.16246033,-0.43943787,,,,,,-0.332783,-0.043821715,0.68643343,0.0,0.0,0.0,0.0
,,-0.32364857,6.356352,-6.5268626,1689357183806,,-1.6711731,-0.5193329,-0.24449158,,,,,,-0.20231654,0.16373497,0.5273496,0.0,0.0,0.0,0.0
,,-0.60680234,7.205496,-6.310905,1689357184058,,1.2220917,0.5544586,-0.24874878,,,,,,-0.10803523,0.4477746,0.13622099,0.0,0.0,0.0,0.0
,,-0.46945444,6.974495,-6.389435,1689357184311,,1.6492615,0.8037262,0.21569824,,,,,,-0.023541344,0.33356458,0.26658377,0.0,0.0,0.0,0.0
,,-0.23685761,6.395617,-6.7208333,1689357184561,,1.0985107,-0.1486206,0.2593689,,,,,,-0.109368905,0.34055862,0.47355112,0.0,0.0,0.0,0.0
,,-0.18937276,5.634819,-6.7233872,1689357184812,,-2.148407,-0.5012207,-0.7654114,,,,,,-0.16123824,-0.034776162,0.6917784,0.0,0.0,0.0,0.0
52.48888435,13.32067146,-0.42292634,6.76971,-6.587835,1689357185000,12.864,-1.3143158,-1.3449097,-0.10707092,,,,,,-0.15339263,0.42631438,0.31225777,0.0,0.0,0.0,0.0
,,-0.6631048,7.1620007,-6.4405117,1689357185315,,1.0431213,0.7621765,-0.11027527,,,,,,-0.14883758,0.46457902,0.042976268,0.0,0.0,0.0,0.0
,,-0.49211934,6.81512,-6.5793357,1689357185565,,2.05513,0.1347351,0.55978394,,,,,,-0.13139382,0.40041742,0.32635644,0.0,0.0,0.0,0.0
,,-0.3835424,5.943193,-6.787911,1689357185817,,-0.4993744,0.6844177,0.24765015,,,,,,-0.29191008,0.20308408,0.62301356,0.0,0.0,0.0,0.0
,,-0.37288818,5.8172174,-6.6826053,1689357186069,,-2.149475,-0.8975067,-0.76753235,,,,,,-0.31219566,0.056816738,0.67882526,0.0,0.0,0.0,0.0
,,-0.72934467,7.103383,-6.6262617,1689357186320,,-0.10310364,0.07295227,-0.23490906,,,,,,-0.33149785,0.5739661,0.048368882,0.0,0.0,0.0,0.0
,,-0.77714896,7.0601277,-6.5090656,1689357186571,,1.2806702,1.7603302,0.21890259,,,,,,-0.31903931,0.34488806,-0.014051914,0.0,0.0,0.0,0.0
,,-0.4638672,6.7369905,-6.76341,1689357186823,,2.1989288,-0.023986816,0.6183624,,,,,,-0.2970673,0.42233518,0.23004013,0.0,0.0,0.0,0.0
,,-0.3046529,5.6875324,-6.8761764,1689357187073,,-1.2035217,-0.13476562,-0.45115662,,,,,,-0.34675387,0.035737243,0.52704805,0.0,0.0,0.0,0.0
,,-0.34491578,6.199013,-6.806505,1689357187323,,-1.8874207,-1.2714081,-0.31159973,,,,,,-0.25577304,0.19769195,0.35894126,0.0,0.0,0.0,0.0
,,-0.6641434,7.0809183,-6.6595817,1689357187574,,0.6042328,0.20825195,-0.041030884,,,,,,-0.16963516,0.47552747,-0.087393455,0.0,0.0,0.0,0.0
,,-0.54571074,6.899079,-6.514533,1689357187825,,1.3371277,0.75045776,0.020751953,,,,,,-0.043433268,0.3261434,0.16595243,0.0,0.0,0.0,0.0
52.48896047,13.32053982,-0.23254953,6.490788,-6.8735037,1689357188000,12.864,1.6141052,-0.012268066,0.6141052,,,,,,0.021776652,0.40966353,0.32412824,0.0,0.0,0.0,0.0
,,-0.1433258,5.6230893,-7.0402203,1689357188328,,-1.1055145,-0.22958374,-0.3169403,,,,,,-0.010206157,0.084996864,0.44361,0.0,0.0,0.0,0.0
,,-0.24970753,6.3139353,-6.9495196,1689357188577,,-1.7457428,-1.4897919,0.0015869141,,,,,,0.020879496,0.41208458,0.33477804,0.0,0.0,0.0,0.0
,,-0.49710795,6.810054,-6.7731466,1689357188829,,-8.392334E-4,0.054840088,0.08999634,,,,,,0.051828835,0.5068156,0.08427485,0.0,0.0,0.0,0.0
,,-0.4549693,6.68328,-6.705909,1689357189081,,0.8130188,1.1446075,0.023956299,,,,,,0.072853655,0.41275024,0.23953533,0.0,0.0,0.0,0.0
,,-0.2696177,6.3942595,-6.878371,1689357189334,,2.0039978,0.16882324,0.37548828,,,,,,0.06884759,0.39023978,0.36589232,0.0,0.0,0.0,0.0
,,-0.24870859,5.80377,-7.0714636,1689357189585,,-0.0178833,0.29986572,0.13580322,,,,,,0.04596598,0.19519764,0.36173525,0.0,0.0,0.0,0.0
,,-0.33948871,5.988443,-6.9938507,1689357189835,,-1.9055328,-0.43836975,-0.27539062,,,,,,0.016769163,0.32053235,0.41241372,0.0,0.0,0.0,0.0
,,-0.48900706,6.367485,-7.0192294,1689357190089,,-1.8874207,-1.5217438,0.2082367,,,,,,0.016024811,0.46976817,0.20003603,0.0,0.0,0.0,0.0
,,-0.45644632,6.2790194,-6.9685926,1689357190340,,0.721405,-0.18057251,0.08786011,,,,,,-0.018929569,0.27900934,0.13500527,0.0,0.0,0.0,0.0
,,-0.48382008,6.2551184,-6.945569,1689357190593,,1.1325989,1.2127838,0.41490173,,,,,,-0.17645495,0.2949735,0.23871918,0.0,0.0,0.0,0.0
,,-0.36059874,6.0802226,-7.1444077,1689357190843,,2.0497894,-0.10813904,0.27108765,,,,,,-0.24898604,0.19581284,0.07147106,0.0,0.0,0.0,0.0
52.48903912,13.32037884,-0.30365652,6.049776,-7.098439,1689357191000,12.864,-0.50683594,0.08999634,-0.42878723,,,,,,-0.34462488,0.13178425,0.091170356,0.0,0.0,0.0,0.0
,,-0.27576396,6.3513255,-7.0555825,1689357191349,,-1.9811707,-1.4088287,-0.5619507,,,,,,-0.3422573,0.15048337,-0.011881637,0.0,0.0,0.0,0.0
,,-0.39627227,6.5024,-6.8581014,1689357191600,,-0.4493103,-0.6237335,0.13154602,,,,,,-0.38809407,0.043101948,-0.0932196,0.0,0.0,0.0,0.0
,,-0.36590627,6.4427443,-6.8476467,1689357191852,,1.1858673,1.117981,0.03993225,,,,,,-0.3261774,0.07417372,0.07249974,0.0,0.0,0.0,0.0
,,-0.14013265,6.1375628,-7.248276,1689357192103,,1.5427246,0.63861084,0.4980011,,,,,,-0.3023487,0.0942855,0.011835162,0.0,0.0,0.0,0.0
,,-0.18095347,5.4469543,-7.265075,1689357192354,,-1.7318878,-0.36593628,-0.5662079,,,,,,-0.40894178,-0.18530944,0.22573225,0.0,0.0,0.0,0.0
,,-0.30537212,6.0743947,-7.114719,1689357192606,,-1.5561218,-1.3150787,-0.4192047,,,,,,-0.39080045,0.040082797,0.14425325,0.0,0.0,0.0,0.0
,,-0.6050466,6.781403,-6.840903,1689357192856,,0.04496765,-0.21572876,-0.03250122,,,,,,-0.3545925,0.21500686,-0.100845166,0.0,0.0,0.0,0.0
,,-0.5774729,6.7310452,-6.735996,1689357193108,,1.1560364,1.1478119,0.041000366,,,,,,-0.31655434,0.16078883,-0.0061635813,0.0,0.0,0.0,0.0
,,-0.362912,6.471154,-6.9302454,1689357193358,,1.7376709,-0.08576965,0.46817017,,,,,,-0.3369014,0.28320032,0.20422599,0.0,0.0,0.0,0.0
,,-0.25569254,5.772048,-7.064202,1689357193609,,-0.13719177,0.07295227,0.06869507,,,,,,-0.20677198,0.06993245,0.32236716,0.0,0.0,0.0,0.0
,,-0.29272258,6.017813,-7.1646786,1689357193861,,-1.1726227,-0.16778564,-0.0697937,,,,,,-0.0834863,0.33231804,0.2452755,0.0,0.0,0.0,0.0
52.48911699,13.32015031,-0.4014989,6.0153394,-7.124894,1689357194000,11.792,-1.2163086,-0.81121826,-0.21040344,,,,,,-0.081382126,0.31463465,0.31641012,0.0,0.0,0.0,0.0
,,-0.5115921,5.901375,-7.1090927,1689357194363,,-1.0575867,-0.49908447,0.16775513,,,,,,-0.21139447,0.26073653,0.43130973,0.0,0.0,0.0,0.0
,,-0.58876544,5.9739194,-6.972345,1689357194614,,0.50090027,0.75045776,-0.22958374,,,,,,-0.26707634,0.23832554,0.38987523,0.0,0.0,0.0,0.0
,,-0.841274,6.313058,-6.7803297,1689357194867,,1.0058441,0.7781677,-0.18377686,,,,,,-0.34091583,0.18993926,0.15921362,0.0,0.0,0.0,0.0
,,-0.99921113,7.163358,-6.514294,1689357195118,,1.3765564,0.051651,0.26257324,,,,,,-0.41488412,0.44780797,0.08620102,0.0,0.0,0.0,0.0
,,-0.9911906,7.1396155,-6.5357623,1689357195368,,0.4827881,-0.041030884,0.06336975,,,,,,-0.41102698,0.34692547,0.031782992,0.0,0.0,0.0,0.0
,,-0.7162969,6.5338426,-6.883082,1689357195620,,-1.2940674,0.44259644,-0.066589355,,,,,,-0.27096978,0.18786544,-0.07943824,0.0,0.0,0.0,0.0
,,-0.37536266,6.083653,-7.2679896,1689357195870,,-1.2993927,-0.73664856,-0.38404846,,,,,,-0.17119749,0.11251841,-0.075677715,0.0,0.0,0.0,0.0
,,-0.39647114,5.8180957,-7.4884143,1689357196122,,-0.6442566,-1.1041565,-0.19656372,,,,,,-0.14065224,0.061428092,0.016429361,0.0,0.0,0.0,0.0
,,-0.60911614,5.837329,-7.149994,1689357196373,,-0.42907715,0.24552917,0.2316742,,,,,,-0.031156106,0.03762753,0.12144018,0.0,0.0,0.0,0.0
,,-1.0400727,6.048777,-6.269885,1689357196624,,-0.19685364,-0.66101074,0.14112854,,,,,,0.04970169,-0.14363006,0.21548297,0.0,0.0,0.0,0.0
,,-1.6167567,7.0693455,-5.076615,1689357196875,,0.20368958,-0.20507812,0.022888184,,,,,,0.08913026,-0.01984477,0.21659324,0.0,0.0,0.0,0.0
52.48917946,13.32001173,-2.3022563,8.195139,-3.7499475,1689357197000,10.72,0.043899536,0.11982727,-0.011199951,,,,,,0.049169913,0.096851,0.29922503,0.0,0.0,0.0,0.0
,,-2.7465408,8.8090925,-2.6639776,1689357197375,,0.16641235,-0.11985779,0.051651,,,,,,0.17089476,0.1150863,0.37313163,0.0,0.0,0.0,0.0
,,-2.8775837,9.076565,-1.9843038,1689357197627,,0.18132019,-0.53744507,0.02607727,,,,,,0.2608797,0.12508614,0.4268041,0.0,0.0,0.0,0.0
,,-2.8421896,9.138814,-1.6864253,1689357197879,,0.015136719,-0.15287781,0.17842102,,,,,,0.31766564,0.103507236,0.45611185,0.0,0.0,0.0,0.0
,,-2.7827737,9.203536,-1.6392593,1689357198131,,0.18452454,-0.3286438,0.16242981,,,,,,0.3247016,0.13751002,0.4194639,0.0,0.0,0.0,0.0
,,-2.7669718,9.237135,-1.6547017,1689357198383,,-0.04664612,-0.022918701,0.14006042,,,,,,0.24527435,0.14820354,0.42491433,0.0,0.0,0.0,0.0
,,-2.7610662,9.2602,-1.6911331,1689357198634,,0.055618286,0.18907166,-0.031448364,,,,,,0.13500825,0.13705009,0.38625255,0.0,0.0,0.0,0.0
,,-2.7797408,9.2452755,-1.7361842,1689357198887,,-0.174469,0.3307495,-0.05381775,,,,,,-0.017474381,0.07949282,0.33101007,0.0,0.0,0.0,0.0
,,-2.7147782,9.266463,-1.8805547,1689357199139,,0.067337036,0.21250916,-0.099624634,,,,,,-0.07611366,0.057054233,0.16219291,0.0,0.0,0.0,0.0
,,-2.6778677,9.232666,-2.0392506,1689357199393,,0.009811401,0.2711029,-0.037826538,,,,,,-0.16493104,-0.0075355214,0.034317214,0.0,0.0,0.0,0.0
,,-2.6284673,9.19811,-2.2392862,1689357199645,,-0.0050964355,0.08892822,-0.0974884,,,,,,-0.1858037,-0.04366048,-0.084546596,0.0,0.0,0.0,0.0
,,-2.5500565,9.161479,-2.3898818,1689357199897,,-0.16914368,-0.062332153,0.04206848,,,,,,-0.13533631,-0.069493964,-0.14935713,0.0,0.0,0.0,0.0
52.48920499,13.31994711,-2.495109,9.124288,-2.5083945,1689357200000,10.72,0.10888672,-0.025054932,0.2785492,,,,,,-0.10560148,-0.090200044,-0.17315534,0.0,0.0,0.0,0.0
,,-2.436051,9.124727,-2.754957,1689357200402,,-0.1670227,1.1882935,0.39678955,,,,,,-0.091685094,-0.05715262,-0.2577408,0.0,0.0,0.0,0.0
,,-2.4848928,9.085305,-2.7929454,1689357200653,,-0.2969818,0.5725708,0.09957886,,,,,,-0.18030484,-0.075872645,-0.18809049,0.0,0.0,0.0,0.0
,,-2.4591155,9.041129,-2.7456996,1689357200903,,-0.24052429,0.16563416,0.08148193,,,,,,-0.21457872,-0.1373578,-0.15014896,0.0,0.0,0.0,0.0
,,-2.3925965,9.040731,-2.543868,1689357201155,,-0.67515564,0.18586731,0.38827515,,,,,,-0.21962261,-0.17223375,-0.06370492,0.0,0.0,0.0,0.0
,,-2.269456,9.2064905,-2.2718866,1689357201407,,-0.35662842,-0.3052063,0.085739136,,,,,,-0.28035226,-0.083470695,-0.121273674,0.0,0.0,0.0,0.0
,,-2.095039,9.484617,-1.9584472,1689357201658,,0.47853088,0.10491943,-0.35635376,,,,,,-0.30929902,0.10154721,-0.24559721,0.0,0.0,0.0,0.0
,,-1.9135594,9.348507,-1.6397384,1689357201909,,1.0814667,0.18374634,-0.6461029,,,,,,-0.16695398,-0.118002765,-0.26221997,0.0,0.0,0.0,0.0
,,-1.8685882,9.418137,-1.732314,1689357202160,,1.8793488,0.16456604,-0.043167114,,,,,,-0.069645114,0.026161067,-0.20686327,0.0,0.0,0.0,0.0
,,-1.9347478,9.183066,-2.3952682,1689357202410,,1.4766846,0.020751953,0.010101318,,,,,,-0.022485606,0.30948418,-0.08875871,0.0,0.0,0.0,0.0
,,-1.8728175,8.100287,-3.2425766,1689357202660,,-1.5731659,1.1712494,-0.24662781,,,,,,0.052405797,0.024511512,0.15055953,0.0,0.0,0.0,0.0
,,-1.7444875,7.59966,-4.401091,1689357202917,,-1.3302917,0.051651,-0.5214691,,,,,,0.1653619,-0.010439412,0.030854909,0.0,0.0,0.0,0.0
52.4892392,13.31990561,-1.5955287,7.324208,-5.1483607,1689357203000,10.72,-0.52708435,0.3254242,0.33181763,,,,,,0.33217332,-0.0966828,0.041357104,0.0,0.0,0.0,0.0
,,-1.6327184,7.4327044,-5.6292367,1689357203422,,0.7395172,1.2660522,-0.019729614,,,,,,0.22343256,0.13827673,0.056272585,0.0,0.0,0.0,0.0
,,-1.4739425,7.135425,-6.2121854,1689357203673,,1.1517792,1.1307678,-0.46713257,,,,,,0.20734106,0.006350581,-0.16409084,0.0,0.0,0.0,0.0
,,-1.1548747,6.962285,-6.422396,1689357203924,,1.4095764,-0.47138977,0.2593689,,,,,,0.20079978,-0.093426816,-0.21426527,0.0,0.0,0.0,0.0
,,-1.1152909,6.923419,-6.6017623,1689357204175,,-0.17234802,0.26896667,-0.20401001,,,,,,0.03140295,0.09888371,-0.24650122,0.0,0.0,0.0,0.0
,,-1.0840861,6.22962,-6.636199,1689357204427,,-1.7084503,0.07722473,-0.602417,,,,,,-0.08814723,-0.11706104,0.06451855,0.0,0.0,0.0,0.0
,,-1.2303314,6.006161,-6.9200716,1689357204678,,-1.511383,-0.55981445,0.11982727,,,,,,-0.2978655,-0.067307755,0.15438488,0.0,0.0,0.0,0.0
,,-1.2579442,5.9825788,-7.0904183,1689357204930,,0.41993713,0.3488617,-0.38937378,,,,,,-0.35912806,-0.06375187,0.057862807,0.0,0.0,0.0,0.0
,,-1.2672424,6.083135,-6.8431373,1689357205181,,0.9099579,1.2170563,-0.53318787,,,,,,-0.3586244,-0.027461989,0.22324808,0.0,0.0,0.0,0.0
,,-1.1739888,6.255238,-6.8578615,1689357205431,,1.6961365,-0.08470154,0.18054199,,,,,,-0.20525998,0.05766398,0.118769534,0.0,0.0,0.0,0.0
,,-1.0445023,6.36972,-6.925098,1689357205683,,0.21434021,0.111312866,0.5842743,,,,,,0.0027487676,0.23215124,0.058321986,0.0,0.0,0.0,0.0
,,-0.9913915,6.252364,-7.093611,1689357205937,,-1.8362885,0.083602905,0.15710449,,,,,,0.19637959,0.34796795,-0.031507175,0.0,0.0,0.0,0.0
52.48927083,13.31983676,-0.9381602,6.073517,-7.078727,1689357206000,10.72,-1.5923462,-1.2064209,0.4287567,,,,,,0.39566118,0.36470273,0.13210593,0.0,0.0,0.0,0.0
,,-1.0186452,6.0865645,-7.1078963,1689357206440,,0.5722809,-0.2775116,-0.18484497,,,,,,0.5340884,0.478324,0.18128058,0.0,0.0,0.0,0.0
,,-1.0171285,6.095662,-7.2385406,1689357206691,,1.1272736,0.576828,0.1027832,,,,,,0.7879865,0.59090465,0.088564,0.0,0.0,0.0,0.0
,,-1.1286585,6.0168133,-7.1507936,1689357206943,,1.8740234,-0.12837219,0.752594,,,,,,0.81163764,0.6538277,0.25627092,0.0,0.0,0.0,0.0
,,-1.1588252,5.9498563,-7.2379823,1689357207194,,-0.5483856,0.27642822,0.43727112,,,,,,0.7836679,0.63428086,0.18893911,0.0,0.0,0.0,0.0
,,-1.1361196,6.0885205,-6.976376,1689357207446,,-2.146286,-0.44795227,0.064437866,,,,,,0.80702794,0.5742428,0.37054288,0.0,0.0,0.0,0.0
,,-1.267482,6.4492474,-6.9438944,1689357207697,,-1.2780914,-0.522522,0.832489,,,,,,0.770068,0.7074589,0.15580133,0.0,0.0,0.0,0.0
,,-1.2135727,6.462895,-6.9448123,1689357207948,,1.2252808,0.37123108,-0.010131836,,,,,,0.77701217,0.6681328,0.11599859,0.0,0.0,0.0,0.0
,,-1.1271815,6.36984,-7.0169973,1689357208198,,1.5054474,0.33395386,0.44366455,,,,,,0.54774475,0.68393636,0.2689914,0.0,0.0,0.0,0.0
,,-1.0355229,5.8295493,-7.144688,1689357208451,,0.51901245,0.019699097,0.21676636,,,,,,0.3420892,0.44542545,0.34283352,0.0,0.0,0.0,0.0
,,-0.9041214,5.7940354,-6.87538,1689357208704,,-2.021637,-0.13264465,-0.68870544,,,,,,0.23044784,0.25878343,0.54742163,0.0,0.0,0.0,0.0
,,-1.1128957,6.694414,-6.6562696,1689357208957,,-1.6583862,-0.43836975,0.6130371,,,,,,0.023503534,0.5839066,0.33662662,0.0,0.0,0.0,0.0
52.48930024,13.31974215,-1.3308879,6.7256975,-6.5944195,1689357209000,10.72,1.2987823,1.0700378,-0.41493225,,,,,,-0.34582454,0.39034748,0.17027959,0.0,0.0,0.0,0.0
,,-1.0851227,6.506707,-6.912568,1689357209458,,1.4298096,-0.049545288,-0.38511658,,,,,,-0.41136274,0.42884922,0.2597579,0.0,0.0,0.0,0.0
,,-0.9389969,5.8244,-6.919232,1689357209710,,0.67240906,-0.15180969,0.2785492,,,,,,-0.4187365,0.2641393,0.6083906,0.0,0.0,0.0,0.0
,,-0.8845291,5.6193757,-7.0642405,1689357209961,,-1.0937958,-0.38616943,0.07720947,,,,,,-0.37469396,0.12107444,0.47734907,0.0,0.0,0.0,0.0
,,-0.9853251,6.2773814,-7.18443,1689357210212,,-1.1033936,-1.1446381,0.23487854,,,,,,-0.32947877,0.4136618,0.1673422,0.0,0.0,0.0,0.0
,,-1.0596654,6.23684,-7.0965633,1689357210464,,-1.2908783,0.3957367,0.7344818,,,,,,-0.26038042,0.3051177,0.16600251,0.0,0.0,0.0,0.0
,,-0.7891993,6.226106,-6.990619,1689357210715,,0.74165344,0.22634888,-0.18910217,,,,,,0.08241692,0.32267085,0.2826814,0.0,0.0,0.0,0.0
,,-0.96633095,6.1951013,-6.744815,1689357210967,,0.688385,0.95072937,0.022888184,,,,,,0.10298026,0.18490975,0.37998208,0.0,0.0,0.0,0.0
,,-1.0447011,6.6514764,-6.7773366,1689357211216,,2.024231,-0.39682007,0.06976318,,,,,,0.035686724,0.2660432,0.13410139,0.0,0.0,0.0,0.0
,,-1.1028804,6.802511,-6.758582,1689357211468,,0.36987305,0.10598755,0.16349792,,,,,,-0.043916747,0.4469973,0.17754644,0.0,0.0,0.0,0.0
,,-1.037439,6.1337705,-6.9508357,1689357211721,,-1.7936707,0.010101318,-0.28710938,,,,,,-0.12078491,0.23061956,0.22667745,0.0,0.0,0.0,0.0
,,-0.8737951,5.8224044,-7.164678,1689357211974,,-1.1513214,-1.0253296,-0.031448364,,,,,,-0.24971469,0.18594308,0.3229765,0.0,0.0,0.0,0.0
52.48934546,13.31968558,-0.9267878,5.7664595,-7.1853876,1689357212000,11.792,-0.20217896,0.0942688,0.03993225,,,,,,-0.39258426,0.15873264,0.37285092,0.0,0.0,0.0,0.0
,,-1.02076,5.952449,-7.080801,1689357212479,,0.6042328,0.36164856,-0.49163818,,,,,,-0.56631726,0.17588279,0.24752893,0.0,0.0,0.0,0.0
,,-1.1625773,6.1656528,-6.9178357,1689357212731,,0.94085693,0.98695374,-0.19975281,,,,,,-0.59528565,0.11287751,0.16315456,0.0,0.0,0.0,0.0
,,-1.1485708,6.648324,-6.8507977,1689357212982,,1.293457,-0.09535217,-0.047424316,,,,,,-0.59023273,0.16749257,0.011089134,0.0,0.0,0.0,0.0
,,-1.2469722,6.7228246,-6.708024,1689357213234,,0.07798767,0.04525757,-0.028244019,,,,,,-0.6576481,0.20430231,0.18234247,0.0,0.0,0.0,0.0
,,-1.1718348,6.045465,-7.003708,1689357213484,,-1.079956,0.11024475,-0.34249878,,,,,,-0.6641832,0.029027326,0.16779646,0.0,0.0,0.0,0.0
,,-1.0169296,5.560281,-7.4888535,1689357213735,,-0.5388031,-0.09109497,-0.31159973,,,,,,-0.6838425,-0.0087508205,0.1614839,0.0,0.0,0.0,0.0
,,-0.9629796,5.1521893,-7.780667,1689357213987,,-0.17553711,0.49479675,-0.25302124,,,,,,-0.70270413,-0.12398211,0.26011625,0.0,0.0,0.0,0.0
,,-0.9761475,5.0082974,-8.096381,1689357214238,,-0.0413208,0.17202759,-0.38830566,,,,,,-0.7900723,-0.1279119,0.07898566,0.0,0.0,0.0,0.0
,,-1.1773407,5.044609,-7.882779,1689357214489,,-0.04664612,0.42555237,-0.25727844,,,,,,-0.8510411,-0.28530362,0.13021876,0.0,0.0,0.0,0.0
,,-1.3021581,5.686374,-7.751057,1689357214740,,-0.009353638,0.24871826,-0.4000244,,,,,,-0.8534101,-0.2575494,-0.14617461,0.0,0.0,0.0,0.0
,,-1.424142,6.380373,-7.4645505,1689357214990,,-0.6389313,1.1062622,-0.35740662,,,,,,-0.76030463,-0.18147542,-0.22922012,0.0,0.0,0.0,0.0
52.48940322,13.31964873,-1.3754603,6.5153666,-7.3142734,1689357215000,11.792,0.11102295,-0.33291626,0.15284729,,,,,,-0.51494074,-0.22696267,-0.22333604,0.0,0.0,0.0,0.0
,,-1.4283326,6.649042,-7.0215826,1689357215492,,0.01727295,-0.17312622,0.34779358,,,,,,-0.3547767,-0.040004507,0.06872678,0.0,0.0,0.0,0.0
,,-1.5022731,6.809374,-6.525784,1689357215744,,0.23565674,-0.9795227,-0.10494995,,,,,,-0.03994655,-0.069264,0.20887643,0.0,0.0,0.0,0.0
,,-1.516598,7.1223364,-5.980464,1689357215994,,0.7086334,-1.3300018,-0.426651,,,,,,0.31181675,0.036890127,0.36963743,0.0,0.0,0.0,0.0
,,-1.4651225,7.522168,-6.0508943,1689357216247,,0.6798706,0.64819336,0.44152832,,,,,,0.67197543,0.41126034,0.18602881,0.0,0.0,0.0,0.0
,,-1.2750233,7.519056,-6.1880026,1689357216499,,1.6311493,-0.36912537,0.73661804,,,,,,0.89368397,0.6143454,0.21719863,0.0,0.0,0.0,0.0
,,-1.250442,6.953705,-6.314536,1689357216750,,0.2846527,5.187988E-4,0.44792175,,,,,,0.9251066,0.6662025,0.44695166,0.0,0.0,0.0,0.0
,,-0.9545588,6.2263074,-6.7703123,1689357217001,,-1.4208374,0.032470703,0.354187,,,,,,1.0916095,0.51718163,0.3405879,0.0,0.0,0.0,0.0
,,-0.7409963,6.098656,-7.0866265,1689357217252,,-1.2748871,-1.6304016,0.51823425,,,,,,1.1214719,0.7420513,0.45412984,0.0,0.0,0.0,0.0
,,-0.78888094,6.2237124,-7.393763,1689357217503,,-0.30230713,0.4511261,0.67056274,,,,,,0.9792344,0.8687827,0.21304296,0.0,0.0,0.0,0.0
,,-0.8328547,6.1391573,-6.906065,1689357217754,,0.72779846,0.46603394,-0.12411499,,,,,,0.8694019,0.57153314,0.43855077,0.0,0.0,0.0,0.0
52.48945085,13.31959568,-0.96780854,6.7569814,-6.7099805,1689357218000,11.792,1.2242126,0.107040405,0.3616333,,,,,,0.60807264,0.58589536,0.22799844,0.0,0.0,0.0,0.0
,,-0.99502206,6.374787,-6.756946,1689357218006,,1.4947968,1.1669769,0.0473938,,,,,,0.7527429,0.52209026,0.31086877,0.0,0.0,0.0,0.0
,,-1.0522441,6.642419,-6.8117337,1689357218508,,-0.9212189,0.66737366,0.3254242,,,,,,0.39838046,0.53462565,0.16720165,0.0,0.0,0.0,0.0
,,-0.9168523,6.076589,-6.993094,1689357218758,,-1.3803558,-0.37765503,-0.36912537,,,,,,0.28173512,0.2532769,0.19604658,0.0,0.0,0.0,0.0
,,-0.8501734,5.830466,-7.127129,1689357219014,,-1.3952637,-0.68870544,0.6801605,,,,,,0.20053059,0.1840935,0.29955038,0.0,0.0,0.0,0.0
,,-0.9521271,6.045745,-7.262241,1689357219265,,0.784256,-0.10067749,-0.10494995,,,,,,0.06714303,0.3767005,0.14119233,0.0,0.0,0.0,0.0
,,-1.0630574,5.9640627,-7.025973,1689357219518,,0.7086334,0.90812683,-0.017593384,,,,,,0.004885602,0.21922548,0.26790324,0.0,0.0,0.0,0.0
,,-1.1350434,6.1471786,-6.818556,1689357219769,,1.7344818,0.19226074,0.14645386,,,,,,-0.04029743,0.14405426,0.30729553,0.0,0.0,0.0,0.0
,,-1.1194413,6.3784986,-6.7330427,1689357220022,,0.3272705,-0.3670044,0.18693542,,,,,,-0.09946082,0.2241145,0.3453588,0.0,0.0,0.0,0.0
,,-1.1858002,6.261302,-6.7218304,1689357220275,,-1.428299,-0.10067749,-0.3254547,,,,,,-0.25811446,0.20220657,0.40074828,0.0,0.0,0.0,0.0
,,-1.1055944,6.0927105,-6.8604946,1689357220528,,-1.464508,-1.0242615,0.022888184,,,,,,-0.37851003,0.11795532,0.36353022,0.0,0.0,0.0,0.0
,,-1.1412684,5.946345,-6.852953,1689357220779,,-0.13293457,0.37016296,0.060165405,,,,,,-0.5372684,-0.036565732,0.3595428,0.0,0.0,0.0,0.0
52.48949094,13.31956244,-1.2691203,6.284127,-6.8901834,1689357221000,11.792,1.6684265,0.86125183,-0.18484497,,,,,,-0.851409,-0.0047915936,0.03799329,0.0,0.0,0.0,0.0
,,-1.2504054,6.1555986,-6.848125,1689357221030,,0.7054291,0.9432831,-0.36486816,,,,,,-0.7652784,0.015788762,0.20769744,0.0,0.0,0.0,0.0
,,-1.2528799,6.318963,-6.8414216,1689357221533,,1.0612335,-0.19335938,-0.43518066,,,,,,-0.8754194,-0.07939556,0.020482382,0.0,0.0,0.0,0.0
,,-1.3014414,6.1698446,-7.0364294,1689357221783,,-1.6125793,0.2284851,-0.09535217,,,,,,-0.83319855,-0.070662536,-0.11515497,0.0,0.0,0.0,0.0
,,-1.3202759,5.975914,-7.1919336,1689357222035,,-0.15423584,-0.24555969,-0.005874634,,,,,,-0.81402534,-0.015546346,-0.07016694,0.0,0.0,0.0,0.0
,,-1.0562352,5.5723715,-7.6276784,1689357222286,,-0.10310364,-0.3723297,0.29026794,,,,,,-0.5957771,-0.0038592974,-0.0018199921,0.0,0.0,0.0,0.0
,,-0.82495475,4.8783717,-7.8941126,1689357222537,,-0.48233032,-1.4365234,0.3722992,,,,,,-0.3461779,-0.30704886,0.1729568,0.0,0.0,0.0,0.0
,,-0.9777842,5.0854297,-7.671971,1689357222787,,-1.2450714,-0.41600037,0.69506836,,,,,,-0.24996921,-0.1448367,0.2527294,0.0,0.0,0.0,0.0
,,-1.2340434,5.952609,-7.254901,1689357223037,,0.36668396,1.024231,-0.29882812,,,,,,-0.15935512,0.009383647,-0.011413431,0.0,0.0,0.0,0.0
,,-1.3374741,6.890138,-7.0111313,1689357223290,,1.1443176,0.86231995,0.060165405,,,,,,-0.07338411,0.20057295,-0.22399464,0.0,0.0,0.0,0.0
,,-1.2751048,6.7808833,-7.0211062,1689357223542,,1.4191589,-0.03250122,0.18374634,,,,,,-0.025686717,0.18802506,-0.17051753,0.0,0.0,0.0,0.0
,,-1.1917465,5.9524493,-7.1092134,1689357223793,,-1.1641083,0.03993225,0.019683838,,,,,,-0.038078494,-0.039400928,0.054658316,0.0,0.0,0.0,0.0
52.48953555,13.31952961,-1.1324896,6.065735,-7.290215,1689357224000,11.792,-0.98727417,-0.25834656,0.3818817,,,,,,-0.08619394,0.20655315,-0.075455554,0.0,0.0,0.0,0.0
,,-1.1029612,6.0492554,-7.2371836,1689357224045,,-1.7787628,-0.8591461,0.021820068,,,,,,-0.06356176,0.25856307,0.06069409,0.0,0.0,0.0,0.0
,,-1.181251,6.036726,-7.2227387,1689357224546,,0.6649475,0.6407471,-0.28710938,,,,,,-0.17299893,0.1498285,-0.041275263,0.0,0.0,0.0,0.0
,,-1.2035166,6.062703,-7.1059413,1689357224797,,1.2412567,0.9049225,-0.22000122,,,,,,-0.26537845,0.11335745,0.015336847,0.0,0.0,0.0,0.0
,,-1.1101826,6.0914326,-7.0857496,1689357225050,,1.7398071,-0.31799316,-0.07086182,,,,,,-0.28779608,0.06785789,-0.0049561025,0.0,0.0,0.0,0.0
,,-1.1212356,6.1463795,-7.0568995,1689357225301,,-0.8498535,-0.17417908,-0.33184814,,,,,,-0.3945827,0.058507767,0.013144795,0.0,0.0,0.0,0.0
,,-1.0919871,6.151208,-6.934915,1689357225553,,-1.543335,-1.3513031,-0.29776,,,,,,-0.4211635,0.015163628,0.10787908,0.0,0.0,0.0,0.0
,,-1.0946208,6.1907525,-6.95331,1689357225806,,-0.394989,-0.5502167,0.22209167,,,,,,-0.39338377,0.06077868,0.08489933,0.0,0.0,0.0,0.0
,,-1.0638555,6.1439056,-7.0170755,1689357226056,,0.84391785,0.7494049,-0.1401062,,,,,,-0.29037002,0.074855074,0.100236334,0.0,0.0,0.0,0.0
,,-1.0145752,6.1419506,-7.025296,1689357226309,,1.3797455,0.3531189,0.14433289,,,,,,-0.21629617,0.16048814,0.18590015,0.0,0.0,0.0,0.0
,,-1.0040411,6.0095916,-7.0376663,1689357226564,,0.9057007,-0.51719666,0.08999634,,,,,,-0.1533609,0.16648962,0.24354713,0.0,0.0,0.0,0.0
,,-0.97471213,5.981499,-6.9449716,1689357226818,,-1.4229584,-0.13157654,-0.15501404,,,,,,-0.07537429,0.15429434,0.32693273,0.0,0.0,0.0,0.0
52.48959582,13.31950238,-1.1136149,6.220919,-6.9309263,1689357227000,11.792,0.5296631,0.19865417,-0.16885376,,,,,,-0.0412421,0.27406457,0.19945982,0.0,0.0,0.0,0.0
,,-1.0590271,6.21645,-6.9433355,1689357227071,,-1.240799,-1.828537,0.012237549,,,,,,-0.028883738,0.31678393,0.2571574,0.0,0.0,0.0,0.0
,,-1.077742,6.20416,-7.067715,1689357227574,,0.8332672,0.6311493,-0.0932312,,,,,,-0.027325932,0.30304354,0.1427246,0.0,0.0,0.0,0.0
,,-0.99234825,6.0467014,-7.1080966,1689357227825,,1.7312775,0.2316742,0.23913574,,,,,,-0.04518836,0.24323736,0.20114951,0.0,0.0,0.0,0.0
,,-1.0018845,5.8335776,-7.1677523,1689357228077,,0.08331299,0.03779602,0.15071106,,,,,,-0.104744285,0.16524214,0.19881172,0.0,0.0,0.0,0.0
,,-0.985763,5.9781876,-7.152029,1689357228329,,-2.1228485,0.099594116,-0.47885132,,,,,,-0.1597404,0.1695871,0.16677365,0.0,0.0,0.0,0.0
,,-1.0881556,6.1787815,-7.071703,1689357228581,,-1.3718262,-1.0114899,0.20718384,,,,,,-0.23221506,0.19232935,0.091687284,0.0,0.0,0.0,0.0
,,-1.0529612,6.191551,-6.9948072,1689357228832,,0.8226166,-0.08683777,-0.26046753,,,,,,-0.20221633,0.16148566,0.10902422,0.0,0.0,0.0,0.0
,,-1.026625,6.1335316,-7.0143595,1689357229083,,1.0931854,1.3342285,-0.1486206,,,,,,-0.18710178,0.1650953,0.1733099,0.0,0.0,0.0,0.0
,,-0.94318795,6.0530868,-7.1895356,1689357229334,,1.8090515,-0.113464355,0.3616333,,,,,,-0.122686386,0.24358979,0.11497656,0.0,0.0,0.0,0.0
,,-0.93568677,5.889124,-7.1305184,1689357229586,,-0.619751,-0.08576965,-0.06340027,,,,,,-0.036839742,0.21643105,0.21539803,0.0,0.0,0.0,0.0
,,-0.9194458,6.14259,-7.0756125,1689357229837,,-2.068512,-0.8495636,-0.123062134,,,,,,0.111490496,0.33703512,0.19806229,0.0,0.0,0.0,0.0
52.48966982,13.31946121,-1.070759,6.2227955,-6.9928937,1689357230000,11.792,0.7991791,0.7398071,-0.0090789795,,,,,,0.121510394,0.3188464,0.16140321,0.0,0.0,0.0,0.0
,,-1.0539998,6.3314924,-7.0162363,1689357230088,,-0.78700256,-0.6461029,0.46603394,,,,,,0.14100528,0.4044121,0.09151241,0.0,0.0,0.0,0.0
,,-0.9733943,6.2411513,-7.090897,1689357230590,,1.4915924,0.58322144,0.06655884,,,,,,0.032003094,0.4001227,0.1776637,0.0,0.0,0.0,0.0
,,-0.9590683,5.9093943,-7.0603313,1689357230841,,0.9770813,-0.48736572,-0.06340027,,,,,,-0.091644995,0.24562791,0.3169665,0.0,0.0,0.0,0.0
,,-0.92650706,5.9127455,-7.0552235,1689357231092,,-1.6147156,-0.078308105,-0.569397,,,,,,-0.15673201,0.13419718,0.28075314,0.0,0.0,0.0,0.0
,,-1.0736318,6.3335276,-6.902234,1689357231344,,-1.46344,-1.3843231,0.1027832,,,,,,-0.2849512,0.2373458,0.2180983,0.0,0.0,0.0,0.0
,,-1.0794978,6.402041,-6.879449,1689357231594,,0.44230652,-0.0463562,-0.11772156,,,,,,-0.28907248,0.1837488,0.072455,0.0,0.0,0.0,0.0
,,-1.0707189,6.3682423,-6.875818,1689357231846,,1.2380676,1.1254425,-0.20721436,,,,,,-0.29166466,0.21085997,0.17340858,0.0,0.0,0.0,0.0
,,-0.94598186,6.1411524,-7.060051,1689357232098,,1.7003937,0.13154602,0.2838745,,,,,,-0.16310522,0.21242365,0.20578915,0.0,0.0,0.0,0.0
,,-1.0110642,5.8115106,-7.2110057,1689357232349,,-0.24798584,0.19439697,0.04951477,,,,,,-0.09857004,0.14262605,0.14057939,0.0,0.0,0.0,0.0
,,-1.0375606,5.925635,-7.2713,1689357232600,,-1.0810089,0.19865417,-0.12625122,,,,,,-0.03105373,0.30218795,0.09238528,0.0,0.0,0.0,0.0
,,-1.0686452,5.770849,-7.424848,1689357232851,,-1.4570465,-1.1158752,0.2242279,,,,,,-0.016560478,0.29325962,0.057803806,0.0,0.0,0.0,0.0
52.48974163,13.31942528,-1.1694412,5.774122,-7.3181467,1689357233000,11.792,0.5317993,0.8506012,-0.12625122,,,,,,-0.14711237,0.27743468,0.14094268,0.0,0.0,0.0,0.0
,,-1.1142542,5.6540923,-7.369941,1689357233103,,-0.58247375,0.17202759,0.3350067,,,,,,-0.07202395,0.24862467,0.22129017,0.0,0.0,0.0,0.0
,,-1.3181208,5.9378057,-7.051432,1689357233604,,1.2785492,0.6844177,-0.07937622,,,,,,-0.23485355,0.2011926,0.16976807,0.0,0.0,0.0,0.0
,,-1.331249,6.3364406,-6.949758,1689357233856,,1.1208801,-0.038894653,0.116622925,,,,,,-0.25564966,0.24740292,0.13235418,0.0,0.0,0.0,0.0
,,-1.3446167,6.2584295,-7.059412,1689357234108,,-0.17979431,0.12515259,-0.043167114,,,,,,-0.30571038,0.17622216,0.03439838,0.0,0.0,0.0,0.0
,,-1.2060715,5.8083196,-7.198275,1689357234359,,-1.5294952,-0.49375916,-0.3393097,,,,,,-0.33308274,0.030435959,0.06680616,0.0,0.0,0.0,0.0
,,-0.940595,5.430914,-7.5612354,1689357234609,,-0.7667694,-0.041030884,-0.0048065186,,,,,,-0.28993484,-0.04527827,0.07065212,0.0,0.0,0.0,0.0
,,-0.7927124,5.201629,-7.8528495,1689357234862,,-0.110565186,-0.28923035,-0.005874634,,,,,,-0.21162489,-0.07494667,0.06939098,0.0,0.0,0.0,0.0
,,-0.79630333,5.2180285,-7.839442,1689357235112,,0.13018799,-0.23170471,-0.21572876,,,,,,-0.165869,-0.08976213,0.040587824,0.0,0.0,0.0,0.0
,,-1.0067536,5.567183,-7.2957587,1689357235363,,-1.3366852,-0.4724579,0.41810608,,,,,,-0.114478715,-0.18104093,0.14466469,0.0,0.0,0.0,0.0
,,-1.3661219,6.744332,-6.678254,1689357235613,,1.0260773,-0.31480408,-0.20188904,,,,,,-0.08699908,0.06688532,-0.040917236,0.0,0.0,0.0,0.0
,,-1.6882629,7.55836,-6.2366843,1689357235866,,0.3315277,1.1147919,0.16670227,,,,,,-0.012864641,0.19173427,-0.17429617,0.0,0.0,0.0,0.0
52.48982639,13.31940244,-1.3969284,6.9570966,-6.352923,1689357236000,11.792,-0.14891052,0.08148193,0.10064697,,,,,,0.069525875,0.16257833,0.11476462,0.0,0.0,0.0,0.0
,,-1.6270106,7.713824,-6.10225,1689357236117,,1.4607086,0.15711975,0.34033203,,,,,,0.057590067,0.28078938,-0.09809661,0.0,0.0,0.0,0.0
,,-1.120279,6.11769,-6.677936,1689357236618,,-1.8650513,-0.2785797,-0.15180969,,,,,,0.14928865,0.004325636,0.27181754,0.0,0.0,0.0,0.0
,,-1.0276631,6.2405133,-6.9998775,1689357236871,,-1.2940674,-1.7198792,-5.493164E-4,,,,,,0.15058865,0.28742763,0.13276298,0.0,0.0,0.0,0.0
,,-0.96337944,6.2006097,-6.954507,1689357237122,,0.43804932,0.7003937,0.06976318,,,,,,0.20937811,0.22501951,0.16601005,0.0,0.0,0.0,0.0
,,-0.9176493,6.277663,-6.974219,1689357237373,,0.815155,1.0135803,-0.04421997,,,,,,0.2187458,0.24398567,0.11808451,0.0,0.0,0.0,0.0
,,-0.89275,6.265013,-7.0428133,1689357237624,,1.5256805,0.46070862,0.42982483,,,,,,0.20807512,0.25264582,0.09202916,0.0,0.0,0.0,0.0
,,-0.9245926,6.213977,-6.881045,1689357237875,,-0.2256012,0.3531189,0.020751953,,,,,,0.17362007,0.24181461,0.27947128,0.0,0.0,0.0,0.0
,,-0.9775045,6.2237134,-6.7617335,1689357238127,,-2.0141907,-0.15394592,-0.3435669,,,,,,0.09172623,0.1829758,0.35587427,0.0,0.0,0.0,0.0
,,-0.9958201,6.326304,-6.7253017,1689357238378,,-1.3079224,-0.984848,0.19865417,,,,,,0.050880253,0.18563983,0.295774,0.0,0.0,0.0,0.0
,,-1.0625386,6.3360806,-6.7610555,1689357238629,,0.8748169,0.5906677,-0.22532654,,,,,,-0.09799829,0.18086568,0.2519489,0.0,0.0,0.0,0.0
,,-1.0688039,6.285682,-6.821589,1689357238880,,1.0282135,1.434372,-0.0463562,,,,,,-0.23921967,0.18257917,0.2796207,0.0,0.0,0.0,0.0
52.48993018,13.31938072,-0.91748965,5.8494587,-7.0976405,1689357239000,12.864,-0.441864,-0.025054932,-0.23170471,,,,,,-0.29756182,-0.0089457985,0.14501463,0.0,0.0,0.0,0.0
,,-1.0332901,6.0119457,-6.847446,1689357239131,,1.578949,0.23806763,0.04206848,,,,,,-0.31665346,0.07412481,0.37725085,0.0,0.0,0.0,0.0
,,-0.9696432,6.0113463,-7.131279,1689357239634,,-1.7574615,-0.8080139,-0.23490906,,,,,,-0.3513559,0.09025054,0.09739482,0.0,0.0,0.0,0.0
,,-1.0838867,6.112223,-7.1587725,1689357239885,,-1.0927277,-1.2905884,0.38827515,,,,,,-0.39533326,0.14570597,0.008535322,0.0,0.0,0.0,0.0
,,-1.0079509,6.0550017,-7.1622834,1689357240136,,0.86735535,0.6332855,-0.2732544,,,,,,-0.33648247,0.09041346,0.013705047,0.0,0.0,0.0,0.0
,,-0.899852,6.0463824,-7.1712613,1689357240387,,1.5054474,0.61091614,0.085739136,,,,,,-0.2704469,0.13756748,0.078318164,0.0,0.0,0.0,0.0
,,-0.87367505,5.863585,-7.2391768,1689357240639,,1.0878601,-0.031433105,0.1581726,,,,,,-0.22683552,0.117293715,0.087066345,0.0,0.0,0.0,0.0
,,-0.8914327,5.83258,-7.1941266,1689357240889,,-1.4240265,-0.078308105,0.044189453,,,,,,-0.18195526,0.11610197,0.14297439,0.0,0.0,0.0,0.0
,,-0.8572749,6.1435866,-7.267829,1689357241141,,-0.41415405,-0.7249298,-0.1954956,,,,,,-0.15481268,0.28017196,-0.0039245766,0.0,0.0,0.0,0.0
,,-0.7180125,5.8024125,-7.4587264,1689357241392,,-0.68367004,-1.0913849,-0.33184814,,,,,,-0.075005755,0.13261665,0.037670515,0.0,0.0,0.0,0.0
,,-0.7895584,5.6090407,-7.4721346,1689357241643,,-0.7145691,-0.4021454,0.17521667,,,,,,0.02298109,0.11180887,0.2233751,0.0,0.0,0.0,0.0
,,-1.0767039,5.711912,-7.0747776,1689357241894,,-0.24584961,-0.3946991,0.11236572,,,,,,0.06342514,0.043849643,0.22931002,0.0,0.0,0.0,0.0
52.49002356,13.31936082,-2.1152282,7.7911167,-5.1605325,1689357242000,12.864,0.07054138,0.26364136,-0.050613403,,,,,,0.065799445,0.27833518,0.11297149,0.0,0.0,0.0,0.0
,,-1.5593349,6.3866377,-6.196464,1689357242147,,-0.28633118,-0.24023438,0.16989136,,,,,,0.09595047,-0.05184029,0.19792385,0.0,0.0,0.0,0.0
,,-2.546105,8.32311,-4.180586,1689357242649,,-0.0178833,-0.013336182,-0.1209259,,,,,,0.14640315,0.16885291,0.12302699,0.0,0.0,0.0,0.0
,,-2.7853255,8.6776905,-3.2069833,1689357242900,,0.021530151,-0.08895874,0.06549072,,,,,,0.21983987,0.060995977,0.24558751,0.0,0.0,0.0,0.0
,,-2.902043,8.980198,-2.6229177,1689357243151,,0.17066956,0.034606934,0.051651,,,,,,0.14184935,0.099907175,0.24711962,0.0,0.0,0.0,0.0
,,-2.8497288,8.910008,-2.269174,1689357243402,,-0.09564209,0.1496582,0.015426636,,,,,,0.16354774,-0.081924155,0.30958086,0.0,0.0,0.0,0.0
,,-2.8015254,8.907932,-2.1315882,1689357243654,,-0.27568054,0.022888184,0.26364136,,,,,,0.17089313,-0.097970076,0.29911423,0.0,0.0,0.0,0.0
,,-2.5850503,8.85506,-1.9288788,1689357243906,,-0.5931244,-0.13264465,0.71743774,,,,,,0.2615365,-0.20164734,0.33174267,0.0,0.0,0.0,0.0
,,-2.5149405,9.137654,-1.6059804,1689357244160,,-0.4407959,0.56192017,0.10597229,,,,,,0.0066484353,-0.052941512,0.32965726,0.0,0.0,0.0,0.0
,,-2.2622313,9.283103,-1.1414653,1689357244412,,0.015136719,0.46498108,0.21250916,,,,,,-0.111670114,-0.026720524,0.37075216,0.0,0.0,0.0,0.0
,,-1.9029022,9.289328,-0.6767512,1689357244664,,-0.051971436,-1.4514313,0.019683838,,,,,,-0.1027818,-0.13711517,0.37401527,0.0,0.0,0.0,0.0
,,-1.5089762,9.630342,-0.15401714,1689357244915,,0.25375366,-1.6186829,0.11450195,,,,,,-0.073736146,0.097983554,0.39059007,0.0,0.0,0.0,0.0
52.49011663,13.31935348,-1.1464137,9.812581,0.73806304,1689357245000,12.864,0.34431458,-0.59176636,-0.17631531,,,,,,-0.33417755,0.083855405,0.63882416,0.0,0.0,0.0,0.0
