92#1#0
key,lat,lon,ts,bike,childCheckBox,trailerCheckBox,pLoc,incident,i1,i2,i3,i4,i5,i6,i7,i8,i9,scary,desc,i10
,,,,1,0,0,0,-5,0,0,0,0,0,0,0,0,0,0,,0

=========================
92#1
lat,lon,X,Y,Z,timeStamp,acc,a,b,c,obsDistanceLeft1,obsDistanceLeft2,obsDistanceRight1,obsDistanceRight2,obsClosePassEvent,XL,YL,ZL,RX,RY,RZ,RC
52.47848154,13.24629359,1.0141541,6.756935,-6.105174,1687375708000,3.216,-0.5057373,-0.21818542,-0.3360901,,,,,,-0.094331,0.3264287,0.4595062,0.0,0.0,0.0,0.0
,,0.8177485,7.600173,-6.042646,1687375708097,,1.9145508,0.117370605,-0.14009094,,,,,,-0.06677966,0.60739744,0.057758044,0.0,0.0,0.0,0.0
,,0.7030253,6.646722,-6.065789,1687375708349,,1.2594147,0.26757812,0.17630005,,,,,,-0.13969676,0.1793893,0.6871274,0.0,0.0,0.0,0.0
,,0.60322773,5.784172,-6.909346,1687375708601,,-1.0106659,0.21537781,-0.3787079,,,,,,-0.4291063,0.104876585,0.47661608,0.0,0.0,0.0,0.0
,,0.81683046,5.602612,-6.9195614,1687375708853,,-1.3781738,-0.2948761,-0.2849579,,,,,,-0.35445347,-0.16822954,0.3673806,0.0,0.0,0.0,0.0
,,0.81156313,6.9740906,-6.8374405,1687375709105,,-0.94781494,-0.83283997,-0.08468628,,,,,,-0.21869358,0.46700552,-0.108756065,0.0,0.0,0.0,0.0
,,0.58383536,6.8237753,-6.518373,1687375709358,,1.1912384,-0.1425476,-0.39468384,,,,,,-0.27566278,0.13759017,0.018684713,0.0,0.0,0.0,0.0
,,0.61376345,6.7582936,-6.415462,1687375709611,,1.3329163,-0.1382904,-0.009063721,,,,,,-0.2435363,0.16090451,0.22140159,0.0,0.0,0.0,0.0
,,0.53507435,6.8760085,-6.587646,1687375709865,,2.0658112,-0.85627747,0.24447632,,,,,,-0.18384555,0.28525335,0.06415937,0.0,0.0,0.0,0.0
,,0.33025056,6.692533,-6.509116,1687375710116,,-0.6804352,0.46678162,0.34674072,,,,,,-0.089488775,0.25786567,0.22722816,0.0,0.0,0.0,0.0
,,0.37346548,6.6745763,-6.27237,1687375710366,,-2.3124237,0.5541382,-0.461792,,,,,,0.09705685,0.2858076,0.5238787,0.0,0.0,0.0,0.0
,,0.28879037,6.6294856,-6.2602396,1687375710619,,-0.7858887,0.18128967,0.044204712,,,,,,0.01730552,0.12621322,0.36926314,0.0,0.0,0.0,0.0
52.47852922,13.24616758,0.47234598,6.766194,-6.451097,1687375711000,4.288,1.1901703,0.3868866,-0.10386658,,,,,,0.17365064,0.24726954,0.14977945,0.0,0.0,0.0,0.0
,,0.4781723,6.6528287,-6.457641,1687375711124,,1.885788,-0.44934082,-0.21998596,,,,,,0.16892909,0.21272512,0.23725703,0.0,0.0,0.0,0.0
,,0.3595398,6.402954,-6.510552,1687375711376,,0.7683258,0.5083313,0.22955322,,,,,,0.06728963,0.11832564,0.25819495,0.0,0.0,0.0,0.0
,,0.57669324,6.4387465,-6.2412047,1687375711626,,-2.6298676,1.3339081,-0.22424316,,,,,,0.076201946,-0.0302193,0.43044236,0.0,0.0,0.0,0.0
,,0.63499194,7.0385737,-6.3374114,1687375711878,,-1.5539551,-0.28529358,-0.7227936,,,,,,-0.057586856,0.24061695,-0.028230492,0.0,0.0,0.0,0.0
,,0.77804565,7.158044,-6.261595,1687375712129,,0.50094604,-0.37797546,0.062316895,,,,,,0.05478239,0.28955993,-0.0931077,0.0,0.0,0.0,0.0
,,1.0175059,6.9447217,-6.286535,1687375712382,,1.6983032,-0.20114136,0.45114136,,,,,,0.22697875,0.19043416,0.079933025,0.0,0.0,0.0,0.0
,,0.90669405,6.8353457,-6.578588,1687375712634,,2.0839233,0.44122314,0.4894867,,,,,,0.0697725,0.36923045,0.04541912,0.0,0.0,0.0,0.0
,,1.0999852,6.5117297,-6.6801424,1687375712888,,-1.822403,1.3807831,-0.33076477,,,,,,0.09208458,0.1826441,0.022299893,0.0,0.0,0.0,0.0
,,1.2433182,7.342399,-6.260119,1687375713140,,-1.0948181,-0.15745544,-1.033844,,,,,,0.0951658,0.536559,0.06898905,0.0,0.0,0.0,0.0
,,0.96311647,7.584293,-5.9910107,1687375713392,,0.41252136,0.3591919,0.59921265,,,,,,0.031817697,0.5454825,0.03720874,0.0,0.0,0.0,0.0
,,0.92512816,7.4049277,-5.9434857,1687375713646,,1.6024323,0.11099243,0.22103882,,,,,,0.015755868,0.43840846,0.24517988,0.0,0.0,0.0,0.0
52.47858084,13.24606151,0.74001616,7.3202124,-6.033786,1687375714000,4.288,2.0530396,-0.15852356,0.61198425,,,,,,-0.27078396,0.591976,0.43870354,0.0,0.0,0.0,0.0
,,0.7727366,6.5552654,-6.190965,1687375714150,,-1.0159912,0.31871033,-0.40107727,,,,,,-0.31741822,0.18115875,0.5253614,0.0,0.0,0.0,0.0
,,0.86491394,7.014952,-6.005853,1687375714401,,-0.8604584,-1.4794464,-0.891098,,,,,,-0.3006913,0.24676612,0.41790345,0.0,0.0,0.0,0.0
,,0.8232946,7.477951,-6.155411,1687375714653,,0.1643219,-1.8544312,0.017578125,,,,,,-0.06625907,0.3776308,-0.12506591,0.0,0.0,0.0,0.0
,,0.8006302,7.2771173,-6.053698,1687375714904,,0.8514099,1.220993,-0.050598145,,,,,,-0.042079765,0.19714308,0.044590957,0.0,0.0,0.0,0.0
,,0.96080273,7.1090045,-6.22668,1687375715156,,2.6943207,-0.40673828,0.33502197,,,,,,-0.09630387,0.23197077,0.12158212,0.0,0.0,0.0,0.0
,,0.94180804,6.1619387,-6.719487,1687375715408,,-0.9041443,0.407135,-0.379776,,,,,,-0.19131623,-0.2546106,-0.068313025,0.0,0.0,0.0,0.0
,,0.9913284,6.873215,-6.660908,1687375715661,,-1.3685913,-0.8115387,-0.7131958,,,,,,-0.21421872,0.06479897,-0.33556524,0.0,0.0,0.0,0.0
,,0.8318349,7.618131,-6.184941,1687375715912,,0.1920166,0.6361542,0.4756317,,,,,,-0.059463553,0.38443857,-0.3351755,0.0,0.0,0.0,0.0
,,0.7546621,7.459993,-6.0903697,1687375716164,,1.0335846,0.95147705,0.27642822,,,,,,-0.051257707,0.24638747,-0.17091958,0.0,0.0,0.0,0.0
,,0.88394874,7.2984247,-6.340563,1687375716415,,2.8509216,-0.641098,0.60772705,,,,,,-0.05055626,0.38916308,-0.018393008,0.0,0.0,0.0,0.0
,,0.7870229,6.3713098,-6.4081583,1687375716671,,-0.566452,0.19726562,-0.57577515,,,,,,-0.1426758,-0.019531187,0.31407902,0.0,0.0,0.0,0.0
52.47863339,13.24598706,0.8993113,7.127199,-5.9041386,1687375717000,4.288,-1.2982941,-1.1012878,-1.1840515,,,,,,-0.034911036,0.28208047,0.44764513,0.0,0.0,0.0,0.0
,,0.87213695,7.636446,-5.556462,1687375717175,,1.0761871,-0.5175171,0.33821106,,,,,,0.1774477,0.3158189,0.26397184,0.0,0.0,0.0,0.0
,,0.81615245,7.4999766,-5.4922576,1687375717428,,1.647171,1.4031525,0.5725708,,,,,,0.103345826,0.2472754,0.48080748,0.0,0.0,0.0,0.0
,,0.7541026,6.6750546,-5.5387053,1687375717680,,-2.6042938,1.6321869,0.52783203,,,,,,-0.07481119,0.123864695,1.097271,0.0,0.0,0.0,0.0
,,0.7445257,6.550636,-5.3614144,1687375717933,,-2.5755463,-1.0789185,-0.6439514,,,,,,-0.0903912,0.024285236,1.2211776,0.0,0.0,0.0,0.0
,,0.6614878,7.982209,-5.3781347,1687375718186,,2.441864,1.29982,0.47351074,,,,,,0.086248115,0.67490333,0.43315732,0.0,0.0,0.0,0.0
,,0.5360321,7.9721932,-5.463728,1687375718436,,2.139328,-0.8403015,0.45858765,,,,,,0.024394203,0.7613865,0.47803298,0.0,0.0,0.0,0.0
,,0.47621766,6.884348,-5.4652433,1687375718688,,-3.051712,-1.0938263,-1.5398407,,,,,,-0.2838329,0.2556592,1.0695101,0.0,0.0,0.0,0.0
,,0.41644236,7.2216506,-5.893048,1687375718938,,1.2849731,1.1197968,0.18162537,,,,,,-0.31832477,0.53332263,0.49678886,0.0,0.0,0.0,0.0
,,0.44617108,7.934445,-5.935704,1687375719191,,3.1854095,-1.072525,0.5715027,,,,,,-0.33929047,0.8252506,0.14849234,0.0,0.0,0.0,0.0
,,0.36580557,7.0681024,-6.0510654,1687375719450,,-3.35318,-0.4482727,-1.1616821,,,,,,-0.43515718,0.33608586,0.34798685,0.0,0.0,0.0,0.0
,,0.21916047,7.1200957,-6.0837865,1687375719706,,1.3893738,0.45613098,0.2700348,,,,,,-0.5446935,0.45076552,0.40113467,0.0,0.0,0.0,0.0
52.47867423,13.24591714,0.28077036,7.504366,-5.999071,1687375720000,6.432,3.2653046,-1.6381836,0.703598,,,,,,-0.47441515,0.66668355,0.33787027,0.0,0.0,0.0,0.0
,,0.33711344,7.3381286,-6.323805,1687375720209,,-0.66978455,-0.85627747,-1.0306549,,,,,,-0.40288562,0.7490078,0.3093366,0.0,0.0,0.0,0.0
,,0.39605,6.6674733,-6.1613584,1687375720462,,-2.2325287,-0.5654602,0.109191895,,,,,,-0.38031748,0.3833928,0.86620885,0.0,0.0,0.0,0.0
,,0.14306234,6.913438,-6.132189,1687375720714,,1.5544891,1.7525635,-0.012252808,,,,,,-0.4183842,0.30569103,0.45129287,0.0,0.0,0.0,0.0
,,0.3869517,8.197927,-6.2560077,1687375720968,,2.7816772,-0.88716125,0.55766296,,,,,,-0.17050253,1.1006724,-0.024234382,0.0,0.0,0.0,0.0
,,0.4938924,6.5901814,-6.2426004,1687375721220,,-1.3259888,0.14613342,-0.5704498,,,,,,-0.32881063,0.27529156,0.713797,0.0,0.0,0.0,0.0
,,0.45989582,6.3960114,-6.4872084,1687375721473,,-1.775528,-0.02217102,-0.43730164,,,,,,-0.30858734,0.14926074,0.49672487,0.0,0.0,0.0,0.0
,,0.29002735,7.768567,-6.1516213,1687375721725,,1.1475677,1.5288544,0.2157135,,,,,,-0.14391348,0.69209504,-0.055691227,0.0,0.0,0.0,0.0
,,0.4682363,8.043062,-6.1129546,1687375721977,,2.1648865,-0.032821655,0.5640564,,,,,,-0.08556732,0.8515554,-0.09268797,0.0,0.0,0.0,0.0
,,0.6656779,6.844285,-6.500097,1687375722229,,-1.8245239,0.9355011,-0.24554443,,,,,,-0.17569278,0.47275144,0.32941353,0.0,0.0,0.0,0.0
,,0.5303655,6.4343576,-6.188332,1687375722481,,-1.9299927,-0.5739746,-0.6098633,,,,,,-0.31823462,0.20459287,0.7254512,0.0,0.0,0.0,0.0
,,0.47513935,7.8282623,-6.0168276,1687375722737,,0.9536896,1.7642822,0.45965576,,,,,,-0.06688643,0.7963094,0.113433294,0.0,0.0,0.0,0.0
52.47872642,13.24582167,0.61352336,8.046971,-5.7295237,1687375723000,7.504,1.773941,-0.32151794,0.7398224,,,,,,0.09797561,0.87209386,0.3363047,0.0,0.0,0.0,0.0
,,0.77066195,6.8203025,-5.8805575,1687375723240,,-1.4293213,1.1538849,-0.109191895,,,,,,-0.07518559,0.419199,0.9006078,0.0,0.0,0.0,0.0
,,0.6462031,6.2907844,-5.873136,1687375723490,,-1.6839142,-1.2259216,-1.2703247,,,,,,-0.35646296,0.11738219,1.0580503,0.0,0.0,0.0,0.0
,,0.6939275,7.601131,-5.4998403,1687375723741,,0.91960144,0.1876831,0.461792,,,,,,-0.04162332,0.5860479,0.6027994,0.0,0.0,0.0,0.0
,,0.6467219,7.9369974,-5.716595,1687375723994,,1.1837769,0.70114136,0.6695099,,,,,,0.029238014,0.6902608,0.19720481,0.0,0.0,0.0,0.0
,,0.7443649,6.954337,-5.9144745,1687375724247,,0.038619995,0.51898193,0.41278076,,,,,,-0.2037021,0.32835987,0.6802986,0.0,0.0,0.0,0.0
,,0.6467616,6.209103,-5.893684,1687375724503,,-1.874588,-0.005126953,-1.4056244,,,,,,-0.5819731,-0.04643356,0.89585,0.0,0.0,0.0,0.0
,,0.60889435,7.3862123,-5.7431693,1687375724756,,-0.024230957,-1.0363007,0.1368866,,,,,,-0.39311835,0.4215081,0.35282135,0.0,0.0,0.0,0.0
,,0.55933434,7.912378,-5.5347137,1687375725008,,1.1305237,0.5072632,0.6098633,,,,,,-0.14339012,0.54264325,0.17789401,0.0,0.0,0.0,0.0
,,0.6005549,7.3640256,-5.822697,1687375725260,,1.8325195,-0.6155243,0.70892334,,,,,,-0.37682492,0.48557556,0.47790128,0.0,0.0,0.0,0.0
,,0.7500727,6.2888293,-5.9280024,1687375725513,,-2.0695343,0.31658936,-0.99549866,,,,,,-0.47957006,0.014626789,0.8275021,0.0,0.0,0.0,0.0
,,0.72062427,7.095755,-5.822139,1687375725764,,-1.5273132,-0.25013733,0.19441223,,,,,,-0.36343428,0.32235023,0.44121101,0.0,0.0,0.0,0.0
52.47881571,13.24570137,0.5620087,8.042143,-5.6968026,1687375726000,8.576,1.2061462,-0.079696655,-0.14328003,,,,,,-0.08189897,0.66802305,-0.017525824,0.0,0.0,0.0,0.0
,,0.7982768,7.7927074,-5.715677,1687375726269,,2.26503,-0.34707642,0.7941437,,,,,,0.010545285,0.60384,0.31871858,0.0,0.0,0.0,0.0
,,0.83806103,6.682556,-6.218061,1687375726521,,-1.8096161,0.94721985,-0.4298401,,,,,,-0.24827477,0.21947666,0.44825232,0.0,0.0,0.0,0.0
,,0.8501918,6.533957,-6.082987,1687375726774,,-2.031189,-0.3225708,-0.6407623,,,,,,-0.29128945,-0.06979062,0.38812673,0.0,0.0,0.0,0.0
,,0.5768133,7.9682436,-5.969542,1687375727026,,1.1422272,0.14401245,0.08148193,,,,,,-0.2894337,0.5475122,-0.36124286,0.0,0.0,0.0,0.0
,,0.6876643,7.9508457,-5.842769,1687375727279,,1.2359772,0.41671753,0.21357727,,,,,,-0.24584201,0.45907706,-0.31341565,0.0,0.0,0.0,0.0
,,0.90445966,6.906335,-5.984466,1687375727529,,0.8705902,0.008728027,0.0900116,,,,,,-0.41888505,-0.005556138,0.17584814,0.0,0.0,0.0,0.0
,,0.96016437,6.0063543,-6.307324,1687375727781,,-3.117752,0.14508057,-0.9219971,,,,,,-0.5587606,-0.61156464,0.03546874,0.0,0.0,0.0,0.0
,,0.92724407,7.6992545,-5.967227,1687375728035,,0.77897644,-1.5593414,0.19760132,,,,,,-0.3508243,0.30779916,-0.40243086,0.0,0.0,0.0,0.0
,,0.94667715,8.138909,-5.806577,1687375728286,,0.9409027,0.54348755,0.35313416,,,,,,-0.15507732,0.46404552,-0.5126159,0.0,0.0,0.0,0.0
,,1.1306325,7.462388,-6.096075,1687375728538,,1.280716,-0.48875427,0.87298584,,,,,,-0.16779003,0.3012195,-0.11197651,0.0,0.0,0.0,0.0
,,1.0843847,6.472905,-6.185818,1687375728791,,-2.44664,0.16212463,-1.1201324,,,,,,-0.40749237,-0.0756618,0.39089346,0.0,0.0,0.0,0.0
52.47891816,13.24555834,1.0187836,7.504487,-6.0088468,1687375729000,10.72,-1.0021362,-0.7870331,-0.41705322,,,,,,-0.2989353,0.4900891,0.06816216,0.0,0.0,0.0,0.0
,,0.71639556,8.488345,-5.6498766,1687375729296,,1.2072144,0.75653076,0.083618164,,,,,,-0.28033027,0.9156367,-0.15140893,0.0,0.0,0.0,0.0
,,0.8619624,7.6571975,-5.803784,1687375729549,,3.1981964,-1.3356476,0.56617737,,,,,,-0.30184615,0.40321273,0.14751449,0.0,0.0,0.0,0.0
,,0.8528239,6.3970895,-6.1461945,1687375729801,,-1.8191986,0.64042664,-0.7739258,,,,,,-0.45782152,-0.15845695,0.46365547,0.0,0.0,0.0,0.0
,,0.9835073,6.683795,-5.706181,1687375730054,,-1.6562195,-1.0022125,-0.6258545,,,,,,-0.30022785,-0.08968735,0.63281286,0.0,0.0,0.0,0.0
,,0.96730703,7.958388,-5.5796466,1687375730306,,1.2711334,0.47210693,0.4980011,,,,,,0.10838216,0.4681934,0.0010588646,0.0,0.0,0.0,0.0
,,1.0917251,7.7840896,-5.6003175,1687375730558,,1.9124146,0.20579529,0.9507446,,,,,,0.24525255,0.39947817,0.18676662,0.0,0.0,0.0,0.0
,,1.1467122,6.768708,-5.6237803,1687375730810,,-1.0319672,0.24734497,-0.5608673,,,,,,0.045223866,0.11634494,0.9091509,0.0,0.0,0.0,0.0
,,1.1636312,6.762763,-5.2637324,1687375731061,,-1.6700592,-1.2472229,-1.0306549,,,,,,0.02971222,0.12873276,1.1994166,0.0,0.0,0.0,0.0
,,1.0459173,8.17614,-4.8739557,1687375731313,,1.0719299,0.24201965,0.22317505,,,,,,0.1751215,0.83424246,0.7769015,0.0,0.0,0.0,0.0
,,0.920461,8.17582,-5.1338468,1687375731571,,1.7622223,1.5448303,0.9305115,,,,,,0.132718,0.79564756,0.5547409,0.0,0.0,0.0,0.0
,,1.0061336,6.7610073,-5.769188,1687375731825,,-3.0240173,1.7973022,-0.40959167,,,,,,-0.1512072,0.10392381,0.67069817,0.0,0.0,0.0,0.0
52.47900714,13.2454052,0.8246129,6.4253,-6.160759,1687375732000,11.792,-2.4008331,-0.42803955,-0.31904602,,,,,,-0.395928,-0.25273526,0.2227291,0.0,0.0,0.0,0.0
,,0.71607566,7.7111864,-6.1980686,1687375732332,,1.5033569,-0.2671814,0.31584167,,,,,,-0.18613929,0.29104534,-0.60028684,0.0,0.0,0.0,0.0
,,0.7816778,7.8736324,-6.206528,1687375732584,,2.4833984,-0.71139526,0.88682556,,,,,,-0.033141162,0.42537278,-0.6293675,0.0,0.0,0.0,0.0
,,0.9223765,6.5348744,-6.867288,1687375732835,,-1.8756561,0.6095276,-1.3289185,,,,,,-0.2940326,-0.239421,-0.50568235,0.0,0.0,0.0,0.0
,,1.3606751,7.1133533,-6.8732333,1687375733085,,-1.1395569,-4.7061462,-0.8207855,,,,,,0.27875766,0.110575706,-0.68361497,0.0,0.0,0.0,0.0
,,1.2483877,8.191662,-6.3540115,1687375733338,,1.4202728,1.6481628,0.88256836,,,,,,0.46874198,0.5587476,-0.8413353,0.0,0.0,0.0,0.0
,,1.3706914,8.212651,-6.225443,1687375733591,,1.4447632,0.13761902,1.0167847,,,,,,0.5287863,0.8361908,-0.44284126,0.0,0.0,0.0,0.0
,,1.5065227,6.9409714,-6.455645,1687375733846,,-2.159027,-0.5675812,-1.2990875,,,,,,0.27230397,0.19556774,-0.017822472,0.0,0.0,0.0,0.0
,,1.1738083,7.3027744,-6.6241965,1687375734100,,0.48069763,0.57118225,0.7185211,,,,,,0.10068865,0.27749056,-0.49379092,0.0,0.0,0.0,0.0
,,1.0698599,8.502789,-5.863599,1687375734352,,1.5086823,0.442276,1.2479553,,,,,,0.29590246,0.8589029,-0.28938112,0.0,0.0,0.0,0.0
,,0.715478,7.442795,-5.955576,1687375734603,,-1.4964294,1.7578888,0.30519104,,,,,,-0.3394527,0.4478278,0.14085394,0.0,0.0,0.0,0.0
,,0.84743756,7.117303,-5.820024,1687375734855,,-2.7907257,0.1642456,-0.7366333,,,,,,-0.4992419,0.5042963,0.7452927,0.0,0.0,0.0,0.0
52.47908513,13.24522473,0.5212672,7.659709,-5.6639223,1687375735000,11.792,1.091095,0.56585693,0.68548584,,,,,,-0.44159713,0.64927256,0.44699574,0.0,0.0,0.0,0.0
,,0.6891403,8.46919,-5.2049136,1687375735360,,2.1137543,-0.17344666,0.7685852,,,,,,-0.011777099,1.1350591,0.6823851,0.0,0.0,0.0,0.0
,,0.83562523,7.1766806,-4.7120676,1687375735612,,-3.5907288,1.0335083,-1.0956268,,,,,,-0.2101492,0.46197206,1.8080096,0.0,0.0,0.0,0.0
,,0.8248108,7.200503,-4.7156987,1687375735862,,-1.8298492,-0.35240173,-0.21252441,,,,,,-0.3698484,0.53987616,1.7714942,0.0,0.0,0.0,0.0
,,0.579924,7.9138165,-4.444755,1687375736115,,1.421341,1.6470947,0.54808044,,,,,,-0.39298266,0.5744621,1.2350411,0.0,0.0,0.0,0.0
,,0.5238993,8.283321,-4.3971505,1687375736366,,3.2834167,-0.80514526,0.77072144,,,,,,-0.48783243,0.7475539,1.2396482,0.0,0.0,0.0,0.0
,,0.62138367,6.645688,-4.938481,1687375736618,,-1.2641907,-0.12550354,-2.0724792,,,,,,-0.89417857,-0.31509417,1.2316512,0.0,0.0,0.0,0.0
,,0.3451726,7.306367,-5.047058,1687375736870,,0.8279877,-0.5366974,0.37976074,,,,,,-1.1248246,0.07477843,0.7252702,0.0,0.0,0.0,0.0
,,0.41121265,8.309936,-5.315688,1687375737123,,1.7771301,-0.013656616,0.20718384,,,,,,-0.8710541,0.49337667,-0.08802519,0.0,0.0,0.0,0.0
,,0.38810983,7.540519,-5.6709876,1687375737376,,-0.9456787,0.981308,0.07936096,,,,,,-0.91316503,0.20971373,0.0956851,0.0,0.0,0.0,0.0
,,0.6197891,7.039851,-6.126923,1687375737630,,-1.7765961,-1.377182,-0.69296265,,,,,,-0.8542009,0.19933361,0.2680737,0.0,0.0,0.0,0.0
,,0.35479125,7.330588,-6.234902,1687375737882,,1.2381134,0.87690735,0.6428833,,,,,,-0.73183614,0.20459601,-0.35068122,0.0,0.0,0.0,0.0
52.47920054,13.24501574,0.7169937,8.726606,-5.586671,1687375738000,9.648001,2.8679657,-0.9883728,0.6205139,,,,,,-0.1848641,1.181676,0.020207977,0.0,0.0,0.0,0.0
,,0.7472412,6.9527817,-6.039973,1687375738386,,-2.5765991,0.39541626,-0.31053162,,,,,,-0.41288778,0.101533525,0.30522412,0.0,0.0,0.0,0.0
,,0.73878175,7.154574,-6.158167,1687375738639,,-1.4953613,-0.5920868,-0.5597992,,,,,,-0.52104056,0.37482727,0.19294825,0.0,0.0,0.0,0.0
,,0.78706414,7.9719944,-5.821662,1687375738891,,0.5659332,0.38049316,0.6056061,,,,,,-0.3162397,0.521213,-0.23657356,0.0,0.0,0.0,0.0
,,0.9559352,8.188271,-5.631482,1687375739145,,1.5353241,-0.06904602,0.6439514,,,,,,-0.28019646,0.62851536,-0.13896866,0.0,0.0,0.0,0.0
,,1.0677847,6.8280044,-5.2820873,1687375739395,,-1.6626129,-0.28955078,-1.9094849,,,,,,-0.6414222,-0.14923744,0.8206185,0.0,0.0,0.0,0.0
,,0.8656743,7.210917,-5.393099,1687375739648,,0.434906,-1.0384369,-0.013320923,,,,,,-0.6653481,0.018309403,0.3609135,0.0,0.0,0.0,0.0
,,0.9172689,8.421146,-4.9510894,1687375739900,,1.121994,0.6851654,1.1275787,,,,,,-0.4044036,0.60155946,0.27213058,0.0,0.0,0.0,0.0
,,0.91890514,7.602488,-5.09123,1687375740149,,-0.32676697,0.8662567,0.30200195,,,,,,-0.53083843,0.17453013,0.5863081,0.0,0.0,0.0,0.0
,,1.1545345,7.0695386,-5.4282537,1687375740405,,-1.8000336,-1.0373688,-1.561142,,,,,,-0.61686456,0.061940875,0.7448608,0.0,0.0,0.0,0.0
,,0.88582456,7.5151796,-5.0898337,1687375740657,,1.0602112,1.0420227,0.67910767,,,,,,-0.53639114,0.15194988,0.6125351,0.0,0.0,0.0,0.0
,,1.0994273,8.5745735,-5.4761386,1687375740909,,1.3883057,-0.420578,1.3491516,,,,,,-0.10171946,0.7845232,-0.11869238,0.0,0.0,0.0,0.0
52.47935884,13.24478349,0.96195984,7.0530987,-5.4170423,1687375741000,15.008,-1.9768524,1.2433624,-0.95181274,,,,,,-0.5860215,-0.09894619,0.60484827,0.0,0.0,0.0,0.0
,,1.0070506,7.075963,-5.5695925,1687375741414,,-2.124939,-1.0842438,-0.19761658,,,,,,-0.6255435,0.07417884,0.5429998,0.0,0.0,0.0,0.0
,,0.8218984,8.029973,-5.589265,1687375741665,,0.95262146,0.082229614,0.33821106,,,,,,-0.47967252,0.47451267,-0.07854804,0.0,0.0,0.0,0.0
,,0.7369441,8.380803,-5.41385,1687375741916,,2.4897919,-0.53881836,1.1446228,,,,,,-0.39124095,0.6951638,0.039212417,0.0,0.0,0.0,0.0
,,0.79448545,7.017824,-5.655504,1687375742170,,-2.0162811,0.44866943,-1.5142822,,,,,,-0.81458706,-0.060817417,0.5022824,0.0,0.0,0.0,0.0
,,0.99579775,7.2457128,-6.005217,1687375742422,,-0.7848358,-1.3921051,-0.8207855,,,,,,-0.597792,0.100514635,-0.02896317,0.0,0.0,0.0,0.0
,,1.1462337,8.521463,-5.982551,1687375742676,,1.5086823,0.09500122,0.31051636,,,,,,-0.12540707,0.7772111,-0.62311745,0.0,0.0,0.0,0.0
,,1.3481445,8.306105,-6.0416484,1687375742928,,1.4905701,-0.8392334,0.6567383,,,,,,-0.07932206,0.73081785,-0.48277092,0.0,0.0,0.0,0.0
,,1.379748,7.0216556,-5.6788073,1687375743181,,-2.2719421,-0.30447388,-1.625061,,,,,,-0.39355317,0.043631457,0.47194463,0.0,0.0,0.0,0.0
,,1.2351786,7.600334,-5.5424967,1687375743433,,0.5883026,-0.9691925,0.5427551,,,,,,-0.33903828,0.3742039,0.21275352,0.0,0.0,0.0,0.0
,,1.2417623,8.62621,-5.199687,1687375743683,,0.3954773,1.443634,1.0263824,,,,,,0.020091943,0.86157876,-0.010043335,0.0,0.0,0.0,0.0
,,1.0593241,7.8195634,-4.9548006,1687375743934,,-0.57603455,0.99728394,0.48309326,,,,,,-0.3636793,0.46539915,0.72562504,0.0,0.0,0.0,0.0
52.47951357,13.24450753,1.2378922,7.2081647,-4.9796996,1687375744000,16.08,-1.6626129,-0.8392334,-1.6740723,,,,,,-0.6156157,0.24148983,1.0071207,0.0,0.0,0.0,0.0
,,1.0208577,7.622361,-4.718771,1687375744437,,0.93237305,-0.09780884,0.52464294,,,,,,-0.5031935,0.22245802,0.6931638,0.0,0.0,0.0,0.0
,,1.2411647,8.764675,-4.8921905,1687375744687,,0.8428955,0.61273193,1.3033447,,,,,,-0.10418756,0.8606134,0.062923744,0.0,0.0,0.0,0.0
,,1.3573227,7.560471,-5.110662,1687375744937,,-1.6317139,1.6843872,-0.21466064,,,,,,-0.44271144,0.20709759,0.44545573,0.0,0.0,0.0,0.0
,,1.4138249,7.5394425,-5.4879084,1687375745188,,-1.0095978,-0.44508362,-1.273529,,,,,,-0.5944964,0.337588,0.10762537,0.0,0.0,0.0,0.0
,,1.4050069,8.242939,-5.271034,1687375745438,,2.4972534,0.81726074,0.83462524,,,,,,-0.15773013,0.48015404,-0.35932583,0.0,0.0,0.0,0.0
,,1.3793492,8.72553,-5.3338027,1687375745689,,1.0410309,-0.2128601,1.7017517,,,,,,0.13883051,0.7084237,-0.52171004,0.0,0.0,0.0,0.0
,,1.4050064,7.542635,-5.726133,1687375745942,,-1.3654022,1.2103424,-0.5566101,,,,,,-0.20599152,0.13099727,-0.269609,0.0,0.0,0.0,0.0
,,1.4295471,7.161239,-5.8295617,1687375746192,,-2.6703491,-0.32684326,-0.35101318,,,,,,-0.21593075,-0.16129294,-0.33211455,0.0,0.0,0.0,0.0
,,1.0681031,8.265325,-5.59094,1687375746445,,0.9717865,0.082229614,-0.023971558,,,,,,-0.12228175,0.332439,-0.8744251,0.0,0.0,0.0,0.0
,,1.1729299,8.424699,-5.77665,1687375746696,,2.3406525,-0.65174866,1.1712494,,,,,,-0.0034089882,0.52226037,-0.87638396,0.0,0.0,0.0,0.0
,,1.1575266,7.461392,-5.5049076,1687375746947,,-2.095108,-0.0871582,-1.6644745,,,,,,-0.5054573,0.27264053,0.106418975,0.0,0.0,0.0,0.0
52.47962435,13.24425513,1.0447601,7.5230813,-5.477494,1687375747000,16.08,-0.82318115,-0.736969,-0.49588013,,,,,,-0.61011124,0.23753853,-0.09409999,0.0,0.0,0.0,0.0
,,1.0788376,8.781313,-5.04953,1687375747451,,1.5960388,-0.43122864,0.39894104,,,,,,-0.33878845,0.8795718,-0.32926738,0.0,0.0,0.0,0.0
,,1.2894872,8.726726,-5.0228353,1687375747703,,1.9134827,-1.391037,0.8708496,,,,,,-0.35582468,0.94564193,-0.15332304,0.0,0.0,0.0,0.0
,,1.6375641,7.367537,-4.986842,1687375747957,,-1.9598083,0.03215027,-2.021347,,,,,,-0.49901497,0.13343228,0.550581,0.0,0.0,0.0,0.0
,,1.6818964,7.6202855,-4.3781967,1687375748207,,-0.026367188,0.15040588,0.6524658,,,,,,-0.23323302,0.086841665,0.78712976,0.0,0.0,0.0,0.0
,,1.7860839,8.623495,-4.5349765,1687375748458,,0.5424957,1.141098,1.305481,,,,,,0.13699046,0.49038807,0.046327528,0.0,0.0,0.0,0.0
,,1.8520833,7.9704776,-4.5017366,1687375748710,,-0.24687195,0.15785217,0.43302917,,,,,,-0.14776398,0.23228431,0.59240943,0.0,0.0,0.0,0.0
,,1.9596237,7.3056483,-4.28139,1687375748961,,-1.4527435,0.26438904,-2.3579712,,,,,,-0.4288987,-0.059611894,1.1721205,0.0,0.0,0.0,0.0
,,1.8603042,8.03173,-4.0634384,1687375749213,,1.0133362,0.42311096,0.637558,,,,,,-0.14169167,0.2978574,0.83887124,0.0,0.0,0.0,0.0
,,2.1307292,9.129073,-4.1372595,1687375749465,,1.5140076,-0.067977905,1.2085419,,,,,,0.32200727,0.96967083,0.37051055,0.0,0.0,0.0,0.0
,,1.9363596,7.684651,-4.2968726,1687375749720,,-2.367813,1.9400482,-0.69721985,,,,,,-0.31033134,0.14400722,0.8443094,0.0,0.0,0.0,0.0
,,2.0186808,7.7568755,-4.216508,1687375749971,,-0.75712585,-1.1311188,-1.3683319,,,,,,-0.43048003,0.32422835,0.96399635,0.0,0.0,0.0,0.0
52.47971104,13.24404403,1.8395549,8.509533,-4.2078094,1687375750000,13.936001,0.7353058,1.2593384,1.0561981,,,,,,-0.25492993,0.56058764,0.2658176,0.0,0.0,0.0,0.0
,,2.1568263,8.965748,-4.422929,1687375750475,,3.4581146,-3.1071777,0.9251709,,,,,,0.13380496,0.87105674,-0.007193796,0.0,0.0,0.0,0.0
,,2.0210357,7.5190115,-4.222374,1687375750725,,-1.4506226,1.3818512,-1.9829865,,,,,,-0.54033303,-0.033114005,0.8284244,0.0,0.0,0.0,0.0
,,1.8974549,7.82092,-4.195878,1687375750977,,-0.31185913,-0.62298584,-0.39149475,,,,,,-0.5384556,0.17908409,0.64036167,0.0,0.0,0.0,0.0
,,2.0502446,9.023886,-4.047717,1687375751230,,1.5662079,-0.6112671,0.6513977,,,,,,-0.05244607,0.8084654,0.11083749,0.0,0.0,0.0,0.0
,,2.0325267,8.494169,-4.2093253,1687375751482,,-0.109451294,1.4276581,0.9177246,,,,,,-0.29377046,0.45588937,0.22683334,0.0,0.0,0.0,0.0
,,2.4470825,8.015089,-3.761091,1687375751733,,-0.8348999,-0.030700684,-2.4261475,,,,,,-0.38547525,0.30467445,0.9178585,0.0,0.0,0.0,0.0
,,2.0970104,8.161854,-3.645291,1687375751986,,0.85354614,0.75653076,1.1510162,,,,,,-0.4246483,0.18929955,0.5519292,0.0,0.0,0.0,0.0
,,2.4404576,9.267735,-3.8874247,1687375752237,,0.3965454,-0.4706421,1.1062775,,,,,,0.11347426,0.8632988,-0.11592028,0.0,0.0,0.0,0.0
,,2.4227808,8.161175,-3.8391023,1687375752487,,-1.0149231,1.3104706,-0.4862976,,,,,,-0.4141049,0.19445366,0.4323817,0.0,0.0,0.0,0.0
,,2.7357438,7.9927826,-3.655986,1687375752738,,-0.65060425,-0.92977905,-1.7337189,,,,,,-0.44797912,0.17439444,0.62966657,0.0,0.0,0.0,0.0
,,2.7318735,8.818304,-3.514289,1687375752990,,0.6607361,0.4018097,0.764328,,,,,,0.019131226,0.58535576,0.19392087,0.0,0.0,0.0,0.0
52.47976983,13.24378016,2.6084926,9.0308695,-3.5480473,1687375753000,12.864,1.188034,-0.050933838,1.4769897,,,,,,0.055728093,0.6155348,0.10432577,0.0,0.0,0.0,0.0
,,2.8993082,7.9579473,-3.7516348,1687375753494,,-1.5070801,1.3775787,-1.6037598,,,,,,-0.2443916,0.018177254,0.46656862,0.0,0.0,0.0,0.0
,,2.6576135,8.011778,-3.531448,1687375753748,,-1.1193237,-1.121521,-1.0892334,,,,,,-0.47602576,0.058963902,0.5067464,0.0,0.0,0.0,0.0
,,2.4074998,9.073129,-3.4493659,1687375754000,,1.421341,-0.1617279,-0.29988098,,,,,,-0.14955273,0.6221279,-0.041918658,0.0,0.0,0.0,0.0
,,2.4936106,9.219773,-3.5907028,1687375754251,,2.0200195,-1.3303223,1.4056091,,,,,,-0.11573254,0.78718525,-0.07345373,0.0,0.0,0.0,0.0
,,2.443013,7.9729123,-4.0337505,1687375754506,,-0.07536316,-0.80514526,-1.941452,,,,,,-0.85693705,0.03723216,-0.045666203,0.0,0.0,0.0,0.0
,,2.292896,8.186714,-4.1678653,1687375754758,,-0.5046692,-0.2480011,-0.92092896,,,,,,-0.7881784,0.13762072,-0.43590814,0.0,0.0,0.0,0.0
,,2.0303721,9.369289,-3.683438,1687375755010,,1.1038818,-0.34707642,0.6982727,,,,,,-0.43600476,0.85754645,-0.50530326,0.0,0.0,0.0,0.0
,,2.258021,9.115545,-3.8175933,1687375755261,,1.0900421,0.17384338,0.60879517,,,,,,-0.46308917,0.74341667,-0.4092111,0.0,0.0,0.0,0.0
,,2.6616435,8.03927,-3.9432094,1687375755512,,-2.4050903,0.36772156,-3.644806,,,,,,-0.7367003,0.027891716,-0.27167097,0.0,0.0,0.0,0.0
,,2.3492804,8.55095,-3.5185175,1687375755763,,-0.14672852,-0.45680237,-0.23703003,,,,,,-0.64711803,0.30647692,-0.28946608,0.0,0.0,0.0,0.0
52.47982515,13.24352008,2.6082132,9.161833,-2.7251983,1687375756000,11.792,1.3787231,-0.029632568,0.93370056,,,,,,-0.311846,0.5361172,0.10897563,0.0,0.0,0.0,0.0
,,2.331643,9.279866,-2.738087,1687375756014,,1.2594147,-0.067977905,0.5683136,,,,,,-0.09329344,0.52393764,-0.045594145,0.0,0.0,0.0,0.0
,,2.743126,8.2917795,-3.019406,1687375756517,,-2.112152,0.068374634,-3.2101746,,,,,,-0.85999423,-0.059718594,-0.0604633,0.0,0.0,0.0,0.0
,,2.5829935,8.930713,-2.6574829,1687375756768,,0.9536896,-1.457077,0.054855347,,,,,,-0.50894094,0.29894593,-0.22131269,0.0,0.0,0.0,0.0
,,2.519188,9.668524,-2.2786407,1687375757018,,0.67671204,0.38902283,1.8572845,,,,,,-0.0020972171,0.65654415,-0.1585915,0.0,0.0,0.0,0.0
,,2.405663,8.855734,-2.4603608,1687375757270,,0.563797,1.1389618,1.1605988,,,,,,-0.521869,0.13472992,-0.015265576,0.0,0.0,0.0,0.0
,,2.7267258,8.495168,-2.694953,1687375757522,,-0.789093,0.15040588,-2.752121,,,,,,-0.8221252,0.036677346,-0.28800452,0.0,0.0,0.0,0.0
,,2.5444076,8.756694,-2.433745,1687375757773,,0.26445007,0.7139282,0.5778961,,,,,,-0.38100004,0.101136416,-0.4248978,0.0,0.0,0.0,0.0
,,2.5276885,9.416575,-2.0450466,1687375758023,,0.52012634,0.7139282,1.611206,,,,,,0.16064624,0.45279953,-0.26181433,0.0,0.0,0.0,0.0
,,2.7539008,8.829437,-2.182553,1687375758274,,-0.9606018,1.793045,0.7930908,,,,,,-0.2258075,0.15173896,0.0049424013,0.0,0.0,0.0,0.0
,,2.8252878,8.486628,-2.0361078,1687375758526,,-0.5089264,0.32403564,-2.2514343,,,,,,-0.65301573,0.049598183,0.1699117,0.0,0.0,0.0,0.0
,,2.8721344,8.932308,-1.7980845,1687375758778,,0.2388916,0.1876831,0.2657776,,,,,,-0.1155542,0.17927895,0.0150046265,0.0,0.0,0.0,0.0
52.47990222,13.24327121,2.6952026,9.104731,-1.5883524,1687375759000,10.72,0.78855896,0.72883606,1.1233215,,,,,,-0.24635491,0.28034884,0.55719537,0.0,0.0,0.0,0.0
,,2.5910547,9.377989,-1.325589,1687375759029,,0.98243713,-0.75187683,0.62690735,,,,,,0.20406134,0.39473945,0.50209075,0.0,0.0,0.0,0.0
,,2.94416,8.594845,-1.6177211,1687375759533,,-1.6828461,0.030029297,-3.0429382,,,,,,-0.52078414,0.025311628,0.68075615,0.0,0.0,0.0,0.0
,,2.7956395,9.12923,-1.1818964,1687375759785,,-0.11584473,-0.37158203,-0.31692505,,,,,,-0.046877757,0.2743494,0.6582117,0.0,0.0,0.0,0.0
,,2.6976767,9.615733,-1.1399175,1687375760037,,0.8972168,-0.20858765,1.8061523,,,,,,0.40891197,0.49353355,0.5195023,0.0,0.0,0.0,0.0
,,2.845079,9.256722,-1.355156,1687375760288,,0.4423523,0.631897,0.7185211,,,,,,-0.022589318,0.31698194,0.50164723,0.0,0.0,0.0,0.0
,,3.193915,8.62617,-1.7011973,1687375760543,,-1.4122772,1.2902374,-3.167572,,,,,,-0.21974413,-0.109962635,0.13481525,0.0,0.0,0.0,0.0
,,3.0931585,8.917145,-1.3112214,1687375760796,,0.108932495,-1.0576019,-5.340576E-4,,,,,,0.23754852,0.005178229,0.18582606,0.0,0.0,0.0,0.0
,,2.8309932,9.605637,-1.2407913,1687375761048,,-0.16377258,-0.8477478,1.2671204,,,,,,0.50734085,0.42266893,0.048315383,0.0,0.0,0.0,0.0
,,3.0115962,9.166461,-1.5377929,1687375761298,,1.0175934,-0.5313721,0.9358368,,,,,,0.1684615,0.14402838,9.1920694E-4,0.0,0.0,0.0,0.0
,,2.987495,8.5500345,-1.7695521,1687375761551,,0.08761597,0.05558777,-1.5323944,,,,,,-0.40291563,-0.21355377,-0.09463857,0.0,0.0,0.0,0.0
,,2.7771647,8.755497,-1.5216726,1687375761802,,-0.017837524,-0.35879517,0.30944824,,,,,,-0.054295518,-0.18326291,-0.10571155,0.0,0.0,0.0,0.0
52.47999559,13.24305061,2.404627,9.158641,-1.2187684,1687375762000,10.72,2.4663544,-0.9691925,0.8484802,,,,,,-0.34614038,0.117137626,0.2157745,0.0,0.0,0.0,0.0
,,2.3399038,9.580141,-1.1941869,1687375762052,,0.915329,-0.6474762,1.6708679,,,,,,0.09749604,0.39460218,0.059506997,0.0,0.0,0.0,0.0
,,2.7749302,8.436868,-1.498052,1687375762556,,-0.87005615,0.12057495,-3.2048492,,,,,,-0.47802544,-0.3795689,0.038228054,0.0,0.0,0.0,0.0
,,2.6163545,8.730436,-1.3983729,1687375762808,,-0.33955383,-0.7082062,-0.21359253,,,,,,-0.10216867,-0.2989856,-0.06724677,0.0,0.0,0.0,0.0
,,2.536906,9.492593,-1.2362458,1687375763060,,0.7353058,0.10139465,0.95500183,,,,,,0.3235487,0.21927805,-0.01500868,0.0,0.0,0.0,0.0
,,2.5777268,9.274558,-1.3551977,1687375763311,,-1.1086731,1.1219177,1.2958832,,,,,,-0.17838599,0.17648077,0.13539264,0.0,0.0,0.0,0.0
,,2.6560562,8.732153,-1.6593404,1687375763563,,-0.113708496,0.1322937,-1.8221436,,,,,,-0.5884548,-0.17341042,-0.043611217,0.0,0.0,0.0,0.0
,,2.636145,9.242038,-1.6255819,1687375763817,,0.2932129,-0.5974121,0.5587311,,,,,,-0.051118914,0.17464676,-0.23941329,0.0,0.0,0.0,0.0
,,2.3547862,9.906908,-1.2664124,1687375764070,,0.0034637451,0.4018097,0.5693817,,,,,,0.05887219,0.63540006,-0.047443222,0.0,0.0,0.0,0.0
,,2.1458924,9.190324,-1.3285812,1687375764322,,-0.49934387,0.4390869,-0.28709412,,,,,,-0.8186585,0.20712218,0.09546338,0.0,0.0,0.0,0.0
,,2.297366,8.679561,-1.4558731,1687375764574,,-0.4343567,-0.90315247,-1.8540955,,,,,,-1.0393908,-0.16670409,-0.009186717,0.0,0.0,0.0,0.0
,,2.2338796,9.269451,-1.3274246,1687375764825,,-0.08068848,0.8513489,1.2330322,,,,,,-0.51355654,0.22417596,-0.1612477,0.0,0.0,0.0,0.0
52.48007634,13.24288925,2.3955276,8.9920025,-1.3204015,1687375765000,11.792,-0.6900177,0.72776794,-1.2106781,,,,,,-0.8550446,0.07242964,0.014854415,0.0,0.0,0.0,0.0
,,2.5001552,9.769718,-1.0770309,1687375765076,,0.58935547,0.18661499,0.4756317,,,,,,0.0018839836,0.5776835,0.009785807,0.0,0.0,0.0,0.0
,,2.5084941,9.091402,-1.4476135,1687375765579,,-0.6868286,0.31445312,-1.0263824,,,,,,-0.83173966,0.24520685,-0.13634536,0.0,0.0,0.0,0.0
,,2.4053035,9.670999,-1.3992904,1687375765831,,0.29641724,0.8673248,1.6069489,,,,,,-0.31881437,0.5460653,-0.35136625,0.0,0.0,0.0,0.0
,,2.46468,9.842343,-1.2162938,1687375766086,,1.3670044,-0.7785034,0.8665924,,,,,,-0.2336799,0.66441184,-0.1560316,0.0,0.0,0.0,0.0
,,2.8829472,8.881869,-1.4085083,1687375766337,,-1.9630127,1.349884,-1.8040314,,,,,,-0.60298973,0.024639925,-0.044367813,0.0,0.0,0.0,0.0
,,2.6585302,8.928477,-1.3785818,1687375766589,,0.057800293,-0.07543945,-0.8634033,,,,,,-0.81047744,0.09190548,-0.11910207,0.0,0.0,0.0,0.0
,,2.6581721,9.473955,-1.1931915,1687375766840,,0.6607361,0.772522,1.1882935,,,,,,-0.12653625,0.35778725,-0.20143683,0.0,0.0,0.0,0.0
,,2.4555023,9.1939535,-0.99092156,1687375767091,,0.43595886,-0.4908905,1.8647461,,,,,,-0.4305621,0.06780507,0.13667813,0.0,0.0,0.0,0.0
,,2.7311945,8.518629,-1.4234339,1687375767343,,-0.6580658,0.18022156,-1.1478271,,,,,,-0.8327205,-0.2809021,-0.02002843,0.0,0.0,0.0,0.0
,,2.7249694,8.7124,-1.306637,1687375767593,,-0.46098328,0.6436157,-1.3246613,,,,,,-0.6401659,-0.12486699,-0.11864259,0.0,0.0,0.0,0.0
,,2.3327188,9.709265,-1.1626652,1687375767845,,0.28363037,-0.1105957,1.0135956,,,,,,-0.292759,0.53742105,-0.3237471,0.0,0.0,0.0,0.0
52.4801275,13.24270485,3.0024576,8.866069,-1.3458201,1687375768000,10.72,-0.8125305,1.0292511,-1.2745972,,,,,,-0.39474195,0.05049367,0.15901919,0.0,0.0,0.0,0.0
,,2.5785644,9.378346,-1.1226414,1687375768095,,1.5427704,-1.7883759,1.4897614,,,,,,-0.14719646,0.23826633,-0.02484812,0.0,0.0,0.0,0.0
,,3.0541337,9.040965,-1.4755061,1687375768598,,-0.3086548,-0.7412262,-1.4727325,,,,,,-0.2550351,0.20654054,-0.1155818,0.0,0.0,0.0,0.0
,,2.7050197,9.920156,-0.86925507,1687375768850,,0.9717865,-0.038146973,1.0018768,,,,,,0.18466052,0.7735488,0.12592964,0.0,0.0,0.0,0.0
,,2.6457229,9.674548,-0.81885684,1687375769102,,0.53396606,-0.78063965,0.8186493,,,,,,0.04934675,0.513212,0.2567875,0.0,0.0,0.0,0.0
,,2.936499,8.917504,-0.76235354,1687375769354,,-2.496704,1.9485626,-0.09428406,,,,,,-0.32857418,0.031043705,0.60246813,0.0,0.0,0.0,0.0
,,2.8359823,8.835861,-0.93537444,1687375769607,,-0.17443848,0.09713745,-1.6634216,,,,,,-0.3949936,-0.061704684,0.17350492,0.0,0.0,0.0,0.0
,,2.5179129,9.642826,-0.5348246,1687375769858,,0.13130188,-0.13615417,1.3566132,,,,,,0.085452594,0.42108122,0.090833634,0.0,0.0,0.0,0.0
,,2.6136403,9.529621,-0.50776976,1687375770111,,-0.066833496,0.70114136,0.7344971,,,,,,0.19398302,0.2582648,0.080122165,0.0,0.0,0.0,0.0
,,2.8631155,9.031665,-0.6593633,1687375770362,,-2.159027,1.9901123,0.8101349,,,,,,-0.26883405,-0.08173507,0.15115365,0.0,0.0,0.0,0.0
,,2.7822719,9.16211,-0.98892516,1687375770613,,0.33901978,-0.23735046,-1.2500916,,,,,,-0.5519754,0.15151256,-0.21400756,0.0,0.0,0.0,0.0
,,2.5999537,9.553284,-0.9708094,1687375770863,,0.07270813,-1.6168671,0.046340942,,,,,,-8.064826E-4,0.28477314,-0.45060313,0.0,0.0,0.0,0.0
,,2.2644057,9.652682,-0.7545334,1687375771113,,1.0389099,-0.4163208,1.2543488,,,,,,-0.04062513,0.29281092,-0.19098216,0.0,0.0,0.0,0.0
,,2.4416559,8.852301,-0.894515,1687375771617,,-0.6431427,0.24414062,-2.1576996,,,,,,-0.8581187,-0.15659729,-0.061837178,0.0,0.0,0.0,0.0
,,2.564359,9.247585,-0.69384,1687375771869,,0.01411438,0.15040588,-0.684433,,,,,,-0.1735718,0.114249565,-0.14146528,0.0,0.0,0.0,0.0
52.48023758,13.24244022,2.3994384,9.362266,-0.9202123,1687375772000,10.72,0.28044128,0.41246033,0.7259674,,,,,,-0.5530475,0.16356213,-0.14750859,0.0,0.0,0.0,0.0
,,2.4561408,9.38968,-0.46267954,1687375772121,,0.58403015,-0.067977905,0.60453796,,,,,,0.2506201,0.07654322,0.07023912,0.0,0.0,0.0,0.0
,,2.752862,9.39834,-0.42812347,1687375772372,,0.33476257,-0.5792999,1.2799072,,,,,,0.10193178,0.2162713,0.18855453,0.0,0.0,0.0,0.0
,,3.201177,9.0043745,-0.60118407,1687375772623,,-0.024230957,0.20579529,-1.561142,,,,,,-0.065290995,0.06852627,0.1933557,0.0,0.0,0.0,0.0
,,3.151098,9.077676,-0.41355896,1687375772873,,0.015182495,-0.43122864,-1.3779297,,,,,,0.21909532,0.033625286,0.26624978,0.0,0.0,0.0,0.0
,,2.7937644,9.844218,-0.3234965,1687375773126,,-0.15951538,1.092102,1.1147919,,,,,,0.62125665,0.56780416,0.2036012,0.0,0.0,0.0,0.0
,,2.7199829,9.458432,-0.31563517,1687375773376,,1.7057648,-1.4325867,1.0072021,,,,,,0.2731674,0.23263325,0.3328537,0.0,0.0,0.0,0.0
,,3.0510213,8.8735695,-0.49180856,1687375773627,,0.38482666,-0.5313721,-1.0157318,,,,,,-0.11362052,-0.08371789,0.34371075,0.0,0.0,0.0,0.0
,,3.0850592,8.868741,-0.5333079,1687375773878,,-0.8402252,1.3179321,-2.4463806,,,,,,0.013817191,-0.13530461,0.20790204,0.0,0.0,0.0,0.0
,,2.529364,9.73125,-0.31399944,1687375774130,,-0.73475647,0.38902283,0.9166565,,,,,,0.2557399,0.46221665,0.20787464,0.0,0.0,0.0,0.0
,,2.9838624,9.145152,-0.86310935,1687375774631,,-0.24047852,0.031097412,-0.61946106,,,,,,-0.2845429,0.20764728,0.11837031,0.0,0.0,0.0,0.0
,,2.941924,9.023926,-1.1560003,1687375774884,,-0.47802734,0.5083313,-1.2618103,,,,,,-0.3107635,0.10601886,-0.14580725,0.0,0.0,0.0,0.0
52.48034189,13.24224924,2.6896155,9.92949,-0.565829,1687375775000,9.648001,0.06098938,-0.8924866,0.038879395,,,,,,0.23258874,0.67606086,0.06881414,0.0,0.0,0.0,0.0
,,2.7670279,9.904873,-0.9310247,1687375775135,,-0.055130005,1.077179,2.2279968,,,,,,0.22410443,0.73172224,-0.11362302,0.0,0.0,0.0,0.0
,,2.63367,10.002557,-0.7841405,1687375775386,,0.45088196,-0.36412048,0.79841614,,,,,,0.10289384,0.8532126,0.023707224,0.0,0.0,0.0,0.0
,,2.872253,9.2050085,-1.0537273,1687375775638,,-0.45033264,0.070510864,-0.32118225,,,,,,-0.47009572,0.31754732,-0.06638897,0.0,0.0,0.0,0.0
,,2.6718588,8.728763,-0.9508565,1687375775889,,0.4423523,-0.05307007,-2.2066956,,,,,,-0.76533794,-0.12461462,-0.11326558,0.0,0.0,0.0,0.0
,,2.5337539,9.457318,-0.6683802,1687375776140,,0.14941406,-0.05519104,0.6695099,,,,,,-0.13648547,0.2943391,-0.1801138,0.0,0.0,0.0,0.0
,,2.46939,9.674552,-0.34939322,1687375776393,,-0.24473572,-1.05867,1.5536804,,,,,,-0.1519834,0.48382536,0.15109847,0.0,0.0,0.0,0.0
,,2.455623,9.063829,-0.70289767,1687375776647,,-1.681778,1.170929,0.637558,,,,,,-0.8373343,0.08839362,0.07936202,0.0,0.0,0.0,0.0
,,2.3437743,8.626089,-0.87440187,1687375776899,,0.42851257,-0.5888977,-1.7454376,,,,,,-1.1644249,-0.29844007,-0.0036045392,0.0,0.0,0.0,0.0
,,2.376096,9.334015,-0.70034385,1687375777152,,-0.026367188,-0.6144562,0.70573425,,,,,,-0.38191572,0.15526558,0.0071042357,0.0,0.0,0.0,0.0
,,2.4434123,8.838095,-0.5829885,1687375777656,,-2.2559662,1.3221893,0.27749634,,,,,,-0.7475912,-0.19688563,0.4574719,0.0,0.0,0.0,0.0
,,2.5980785,8.716989,-1.1552023,1687375777908,,-1.4484863,0.25479126,-1.4759216,,,,,,-0.85282654,-0.1966286,-0.065061785,0.0,0.0,0.0,0.0
52.48043526,13.24208728,2.277415,9.507314,-0.5532201,1687375778000,9.648001,-0.4162445,0.022567749,0.8708496,,,,,,-0.1843387,0.2494902,0.19588831,0.0,0.0,0.0,0.0
,,2.5075378,9.310551,-0.7393692,1687375778158,,0.5861664,-0.4482727,0.286026,,,,,,-0.23048352,0.18617591,0.04567631,0.0,0.0,0.0,0.0
,,2.4180741,9.62922,-0.7837021,1687375778410,,0.1835022,0.5275116,1.30867,,,,,,0.03286387,0.36033186,-0.04456838,0.0,0.0,0.0,0.0
,,2.475295,8.888733,-0.998023,1687375778661,,-2.2804565,1.396759,1.2831116,,,,,,-0.56698495,-0.12876351,0.11536776,0.0,0.0,0.0,0.0
,,2.532875,8.486467,-1.0954269,1687375778913,,-0.18934631,0.018310547,-1.4045563,,,,,,-0.9085949,-0.3267831,0.16348122,0.0,0.0,0.0,0.0
,,2.3397028,9.332338,-1.0857295,1687375779164,,0.09614563,-0.4855652,1.3661957,,,,,,-0.35768604,0.3373541,-0.12433427,0.0,0.0,0.0,0.0
,,2.2827203,9.486685,-0.7129527,1687375779416,,-0.064712524,0.8097992,1.929718,,,,,,-0.039406616,0.3287135,0.14033312,0.0,0.0,0.0,0.0
,,2.5818756,8.924407,-0.92236584,1687375779669,,-0.35871887,0.3123169,0.46923828,,,,,,-0.46027496,-0.003306818,0.14893721,0.0,0.0,0.0,0.0
,,2.7305562,8.613721,-0.9210495,1687375779922,,0.67884827,-0.53456116,-1.1659393,,,,,,-0.78892344,-0.104529284,0.2671909,0.0,0.0,0.0,0.0
,,2.7452407,9.089128,-0.5195816,1687375780173,,0.27937317,-0.35986328,-0.69296265,,,,,,-0.31610042,0.20031707,0.2865694,0.0,0.0,0.0,0.0
,,3.213827,9.096432,-0.59643656,1687375780676,,-1.0436859,-0.4195099,1.3960266,,,,,,-0.15197769,0.2072522,0.37022212,0.0,0.0,0.0,0.0
,,3.0625925,8.7130785,-0.8569254,1687375780928,,0.13130188,-0.6208496,-2.087387,,,,,,-0.74769825,0.02814757,0.23452467,0.0,0.0,0.0,0.0
52.4805288,13.2419039,2.891567,9.879933,-0.4574122,1687375781000,7.504,0.5115967,-0.6304321,0.1645813,,,,,,0.25122613,0.79469025,0.260763,0.0,0.0,0.0,0.0
,,2.896435,9.190204,-0.8280752,1687375781180,,-0.02848816,-0.14147949,-0.44155884,,,,,,-0.22645392,0.33478254,0.053742234,0.0,0.0,0.0,0.0
,,2.7185054,9.576666,-0.7349004,1687375781431,,-0.40133667,1.3605347,1.449295,,,,,,-0.019285815,0.5416617,0.0711304,0.0,0.0,0.0,0.0
,,2.8289974,9.315141,-1.0745183,1687375781683,,-1.5028229,0.6585388,0.7920227,,,,,,-0.4675041,0.4649263,-0.031569235,0.0,0.0,0.0,0.0
,,2.743804,8.770739,-1.4362829,1687375781934,,0.16325378,-0.80300903,-1.5813904,,,,,,-0.935256,0.094702944,-0.3164897,0.0,0.0,0.0,0.0
,,2.4212244,9.244311,-1.3318553,1687375782187,,0.021575928,0.43695068,1.927597,,,,,,-0.5913004,0.3298038,-0.4158633,0.0,0.0,0.0,0.0
,,2.720779,9.649491,-1.1856492,1687375782438,,0.21226501,-0.38116455,0.9507446,,,,,,0.09467854,0.54739404,-0.3626636,0.0,0.0,0.0,0.0
,,2.9898076,9.295789,-1.1763117,1687375782689,,-1.1693878,0.5093994,1.1254425,,,,,,-0.31401262,0.3486758,-0.20685244,0.0,0.0,0.0,0.0
,,3.303089,8.764155,-1.3303386,1687375782942,,-0.6026764,0.22816467,-1.4013672,,,,,,-0.48460096,0.028355105,-0.25541985,0.0,0.0,0.0,0.0
,,3.1400843,9.154449,-1.2457031,1687375783193,,0.27511597,0.18661499,-0.69189453,,,,,,-0.005380416,0.16133688,-0.39884654,0.0,0.0,0.0,0.0
,,3.2794669,9.109797,-0.869812,1687375783694,,0.21012878,-0.14787292,0.94755554,,,,,,-0.04704962,0.13883907,0.09616131,0.0,0.0,0.0,0.0
,,3.277712,8.846076,-0.94371337,1687375783945,,-0.5121155,-0.06265259,-2.499649,,,,,,-0.45651886,0.07326209,0.13827497,0.0,0.0,0.0,0.0
52.48061139,13.24170531,3.0889282,9.376311,-0.8921982,1687375784000,7.504,0.4668579,0.21537781,1.786972,,,,,,0.41021967,0.1947144,-0.17044611,0.0,0.0,0.0,0.0
,,3.061755,9.11662,-0.9512146,1687375784195,,0.29216003,0.23135376,0.095336914,,,,,,-0.03819845,0.13526386,-0.02733115,0.0,0.0,0.0,0.0
,,2.822016,9.757349,-0.78868866,1687375784447,,0.40187073,-0.16705322,0.12942505,,,,,,0.21427558,0.5582268,8.550763E-4,0.0,0.0,0.0,0.0
,,3.032626,9.124203,-1.040598,1687375784698,,-2.6607666,1.5096741,0.6151886,,,,,,-0.15187247,0.162186,0.040526554,0.0,0.0,0.0,0.0
,,3.1567252,9.048226,-1.1638199,1687375784950,,-0.35446167,-0.09992981,-2.0309296,,,,,,-0.47461894,0.25945517,0.015839318,0.0,0.0,0.0,0.0
,,2.8277624,9.355482,-1.1152985,1687375785203,,0.4860382,-0.5324402,0.7494049,,,,,,-0.14406157,0.4117618,-0.13232294,0.0,0.0,0.0,0.0
,,2.6580124,9.601765,-0.87819314,1687375785454,,-0.31185913,0.44654846,1.3512878,,,,,,0.034960724,0.4741022,0.06534926,0.0,0.0,0.0,0.0
,,2.9140728,9.017423,-0.8815852,1687375785705,,-2.460495,1.5853119,-0.4106598,,,,,,-0.40193588,0.17488651,0.4162858,0.0,0.0,0.0,0.0
,,2.9852204,8.833507,-0.9775126,1687375785956,,-0.30758667,0.44015503,-1.9233398,,,,,,-0.57117254,0.097997665,0.2912871,0.0,0.0,0.0,0.0
,,2.7816732,9.552766,-0.6916453,1687375786207,,0.7150574,0.13441467,1.4631348,,,,,,-0.08995328,0.56382173,0.20347594,0.0,0.0,0.0,0.0
,,3.2273138,8.859244,-0.70445454,1687375786710,,-0.9840393,1.1197968,-2.343048,,,,,,-0.33206168,0.005627489,0.245258,0.0,0.0,0.0,0.0
,,3.2399242,8.9293165,-0.77811587,1687375786963,,-0.26498413,0.093948364,-1.8562317,,,,,,-0.3569049,0.11064277,0.061043438,0.0,0.0,0.0,0.0
52.48068549,13.24152079,2.77066,9.533612,-0.6161489,1687375787000,7.504,0.68203735,-0.7007446,1.5483551,,,,,,0.08055961,0.41683432,0.24144551,0.0,0.0,0.0,0.0
,,2.7458003,9.441396,-0.73226726,1687375787216,,0.64901733,0.4380188,0.67271423,,,,,,-0.12850054,0.3245278,-0.2239632,0.0,0.0,0.0,0.0
,,2.922053,9.532056,-0.5249288,1687375787466,,1.13797,-1.709549,1.3161316,,,,,,0.041572746,0.3856394,0.023875898,0.0,0.0,0.0,0.0
,,3.1381693,8.677964,-0.64184517,1687375787719,,-0.22982788,0.21537781,-1.9169464,,,,,,-0.5597871,-0.14898631,0.15161677,0.0,0.0,0.0,0.0
,,3.2007773,8.903697,-0.544281,1687375787973,,-0.48762512,-0.29275513,-1.5345154,,,,,,-0.36438146,0.09113379,0.07035306,0.0,0.0,0.0,0.0
,,2.7623582,9.614456,-0.35861105,1687375788224,,0.8397064,-0.7082062,1.1659241,,,,,,-0.0052116276,0.4829488,0.068410374,0.0,0.0,0.0,0.0
,,3.122286,9.520603,-0.2343516,1687375788476,,1.234909,-1.6243286,1.0711212,,,,,,0.13204797,0.45178983,0.26619256,0.0,0.0,0.0,0.0
,,3.302011,8.811879,-0.20358582,1687375788728,,-0.4077301,-0.12550354,-2.6562347,,,,,,-0.38633123,0.015311972,0.470934,0.0,0.0,0.0,0.0
,,2.7695403,9.073366,-0.2257726,1687375788981,,0.3912201,-0.6176605,0.37869263,,,,,,-0.5143238,0.13990495,0.38134336,0.0,0.0,0.0,0.0
,,2.6357849,9.7647295,0.22238109,1687375789234,,0.38163757,0.044937134,1.1861725,,,,,,-0.01257782,0.53884643,0.6074089,0.0,0.0,0.0,0.0
,,2.8019836,8.593129,-0.23231761,1687375789739,,-0.47270203,-0.7401581,-2.4154968,,,,,,-0.7133409,-0.31294414,0.39909232,0.0,0.0,0.0,0.0
,,2.3809235,9.152853,-0.21595713,1687375789991,,0.341156,-0.1617279,1.355545,,,,,,-0.52527845,0.121721715,0.30813977,0.0,0.0,0.0,0.0
52.48076403,13.24133281,2.5892181,9.158401,-0.03994344,1687375790000,7.504,0.22824097,0.17596436,0.766449,,,,,,-0.50086373,0.0707183,0.46319947,0.0,0.0,0.0,0.0
,,2.28288,9.53473,-0.25230917,1687375790241,,-0.27456665,0.50193787,1.1765747,,,,,,-0.2790519,0.28674495,0.20996943,0.0,0.0,0.0,0.0
,,2.573936,8.919061,-0.59922945,1687375790494,,-2.7278748,2.9637604,-0.77285767,,,,,,-0.62976557,-0.03192175,0.14867643,0.0,0.0,0.0,0.0
,,2.4274507,8.89428,-1.0666174,1687375790747,,0.5424957,-0.009384155,-0.9699249,,,,,,-1.0545142,0.044382237,-0.3046042,0.0,0.0,0.0,0.0
,,2.2382686,9.393829,-0.91857606,1687375790999,,0.20480347,-0.29380798,1.4588776,,,,,,-0.57796365,0.32720152,-0.2524429,0.0,0.0,0.0,0.0
,,2.470985,9.957424,-0.8034546,1687375791251,,1.0932312,-1.8895874,1.1552734,,,,,,-0.32118663,0.8118266,-0.119200274,0.0,0.0,0.0,0.0
,,3.0071666,9.033742,-0.7785146,1687375791504,,-1.8149414,1.7706604,-2.2312012,,,,,,-0.64134955,0.18210195,0.13298656,0.0,0.0,0.0,0.0
,,3.0398874,9.297622,-0.69212395,1687375791758,,0.5190582,0.2942047,-0.79629517,,,,,,-0.5160925,0.46699792,0.11559928,0.0,0.0,0.0,0.0
,,2.9535766,9.633089,-0.5300364,1687375792011,,-0.029556274,0.06944275,1.4918976,,,,,,0.038218196,0.5306639,0.013619363,0.0,0.0,0.0,0.0
,,3.194274,9.662459,-0.38367108,1687375792261,,1.6248016,-1.0341797,1.1531372,,,,,,0.1731094,0.6037557,0.30990192,0.0,0.0,0.0,0.0
,,3.111315,9.424834,-0.39424592,1687375792763,,1.3616791,-1.055481,-0.286026,,,,,,-0.4140044,0.6048411,0.25296018,0.0,0.0,0.0,0.0
52.48084339,13.24111294,3.5058792,9.345866,-0.22868653,1687375793000,8.576,-0.5430145,0.5275116,-1.1201324,,,,,,-0.42104012,0.5152808,0.5695358,0.0,0.0,0.0,0.0
,,2.8743682,9.493708,-0.44600067,1687375793017,,-0.8093262,0.21858215,1.7582092,,,,,,-0.037981503,0.3374135,0.05569058,0.0,0.0,0.0,0.0
,,3.1082022,9.299939,-0.60293984,1687375793270,,-0.48016357,0.7299042,1.1360931,,,,,,-0.17588075,0.2829658,0.09695764,0.0,0.0,0.0,0.0
,,3.3763518,8.742568,-0.58494264,1687375793523,,0.10786438,-0.016845703,-2.5561066,,,,,,-0.47945634,-0.051963393,0.18917611,0.0,0.0,0.0,0.0
,,3.2441914,9.073806,-0.4803955,1687375793774,,0.44981384,-0.27890015,0.6247711,,,,,,-0.138836,0.027298545,0.1824264,0.0,0.0,0.0,0.0
,,3.3740373,9.5829735,-0.4965164,1687375794025,,0.15579224,-0.5707855,1.6431732,,,,,,0.754411,0.35573253,0.15542878,0.0,0.0,0.0,0.0
,,3.365298,9.017661,-0.58833367,1687375794276,,-0.40452576,0.2814331,1.4908295,,,,,,0.08732775,-0.07994232,0.29248142,0.0,0.0,0.0,0.0
,,3.3408778,9.156725,-0.81219226,1687375794528,,0.8695221,-0.009384155,-3.5212402,,,,,,-0.3230322,0.2320489,0.07489719,0.0,0.0,0.0,0.0
,,3.035338,9.715572,-0.52309316,1687375794780,,0.57444763,-0.5516052,1.3736572,,,,,,0.08945036,0.5683559,0.14535359,0.0,0.0,0.0,0.0
,,3.1555274,10.489897,-0.37992045,1687375795033,,-0.3363495,0.06518555,0.4426117,,,,,,0.59831524,1.1579756,0.2283362,0.0,0.0,0.0,0.0
,,2.8041387,9.181663,-0.49823353,1687375795284,,-0.8668518,0.9216461,-0.47883606,,,,,,-0.38854524,0.2002039,0.3563899,0.0,0.0,0.0,0.0
,,2.4179943,9.51402,-0.5374583,1687375795787,,0.52012634,0.11204529,0.8985443,,,,,,-0.24026154,0.33512172,0.0118949115,0.0,0.0,0.0,0.0
52.4809265,13.24091795,2.4365091,9.029114,-0.64727277,1687375796000,7.504,-1.138504,0.7490845,-0.81866455,,,,,,-0.9463775,0.09808833,0.13493434,0.0,0.0,0.0,0.0
,,2.6871023,9.838394,-0.44153035,1687375796039,,1.3574219,-1.503952,1.0476837,,,,,,0.13312867,0.6710013,0.11340304,0.0,0.0,0.0,0.0
,,2.735106,8.676727,-0.68960977,1687375796291,,-2.2495728,2.7134247,-2.8735504,,,,,,-0.63215804,-0.18416113,0.13224487,0.0,0.0,0.0,0.0
,,2.4717834,8.59269,-0.69411874,1687375796543,,-0.037017822,0.16317749,-1.1712646,,,,,,-0.8013206,-0.26838806,0.04232302,0.0,0.0,0.0,0.0
,,2.8662283,9.741228,-0.7565679,1687375796797,,0.3315735,-0.2671814,2.376068,,,,,,0.18238959,0.62266856,-0.276879,0.0,0.0,0.0,0.0
,,2.9470723,9.375235,-0.7845398,1687375797048,,0.7587433,-0.9393616,1.3683319,,,,,,-0.05017813,0.38150412,-0.07298458,0.0,0.0,0.0,0.0
,,3.0099204,8.871814,-0.8657435,1687375797301,,0.31452942,-0.044540405,-2.053299,,,,,,-0.6455146,0.14682119,0.044198684,0.0,0.0,0.0,0.0
,,2.5880218,8.945994,-0.72416633,1687375797552,,0.38375854,-0.5686493,0.45539856,,,,,,-0.66089356,0.018287595,0.06758313,0.0,0.0,0.0,0.0
,,2.813915,9.840229,-0.66059977,1687375797804,,-0.17869568,0.058792114,1.1126709,,,,,,0.05377226,0.65798086,-0.056652322,0.0,0.0,0.0,0.0
,,2.8201797,9.1266365,-0.9178172,1687375798057,,-0.96699524,0.52323914,-0.2615204,,,,,,-0.53005975,0.18558142,-0.06592242,0.0,0.0,0.0,0.0
,,2.74596,8.909524,-0.9723256,1687375798308,,-0.07749939,0.21751404,-1.7603607,,,,,,-1.052963,0.14268412,-0.10637344,0.0,0.0,0.0,0.0
,,3.1575236,9.756631,-0.7447566,1687375798817,,0.6894989,-1.0778503,1.2969513,,,,,,0.23353335,0.6137088,-0.20459166,0.0,0.0,0.0,0.0
52.48100951,13.24074327,2.806134,9.248582,-1.0261551,1687375799000,8.576,0.47325134,0.37304688,1.5227966,,,,,,-0.39022258,0.25402853,-0.43206957,0.0,0.0,0.0,0.0
,,3.2299082,8.959443,-0.96278787,1687375799068,,-1.1960144,0.8566742,-1.6144104,,,,,,-0.34076354,0.19156726,-0.09715576,0.0,0.0,0.0,0.0
,,3.2015772,8.75845,-0.87105054,1687375799320,,0.062057495,0.2856903,-1.5962982,,,,,,-0.5109565,0.047229305,-0.043713443,0.0,0.0,0.0,0.0
,,3.0754821,9.3085165,-0.7050125,1687375799573,,0.72784424,0.51472473,0.4894867,,,,,,0.03973887,0.42208195,0.023179602,0.0,0.0,0.0,0.0
,,3.3897603,9.387647,-0.50226235,1687375799823,,1.5789948,-2.617157,0.8282318,,,,,,0.44072992,0.4861826,0.397377,0.0,0.0,0.0,0.0
,,3.4161768,8.89803,-0.7243647,1687375800075,,-1.1512756,0.7320404,-2.6029816,,,,,,-0.2544675,0.3311547,0.50879264,0.0,0.0,0.0,0.0
,,3.0764792,8.91451,-1.0429937,1687375800328,,0.30067444,-0.30020142,0.5171814,,,,,,-0.3973774,0.27500483,0.16901816,0.0,0.0,0.0,0.0
,,2.9568884,9.665651,-0.85113883,1687375800580,,0.010925293,0.1131134,1.2149353,,,,,,0.060313974,0.63026994,0.12354743,0.0,0.0,0.0,0.0
,,2.9251647,9.510945,-0.9370509,1687375800831,,-0.5376892,0.5104675,1.2596741,,,,,,-0.22180244,0.5834225,0.18782352,0.0,0.0,0.0,0.0
,,3.149941,9.081508,-1.068253,1687375801083,,0.23995972,0.11099243,-1.5366516,,,,,,-0.63599986,0.31382892,0.00713559,0.0,0.0,0.0,0.0
,,2.820379,8.974965,-1.1836146,1687375801333,,0.24635315,-0.1425476,0.3957367,,,,,,-0.57145613,0.05883646,-0.3399043,0.0,0.0,0.0,0.0
,,2.7495894,8.936898,-0.69471896,1687375801834,,-1.7446289,1.5245972,0.2753601,,,,,,-0.5757161,-0.094288066,0.012278303,0.0,0.0,0.0,0.0
52.48107866,13.24057726,2.6205022,9.421763,-0.7092041,1687375802000,11.792,0.16964722,-0.50367737,1.4109344,,,,,,-0.1944341,0.20950209,-0.08250139,0.0,0.0,0.0,0.0
,,3.2087173,8.889052,-0.6311132,1687375802088,,0.12277222,0.8151245,-0.19866943,,,,,,-0.57097876,0.112534076,0.07282404,0.0,0.0,0.0,0.0
,,3.1992197,8.930513,-0.6855011,1687375802339,,-1.2865753,1.3392334,3.2133636,,,,,,0.0031343142,0.04987456,-0.14303704,0.0,0.0,0.0,0.0
,,2.9482274,9.387605,-0.35198823,1687375802591,,-0.11584473,1.1730499,1.4194641,,,,,,0.16252479,0.2557934,0.17490697,0.0,0.0,0.0,0.0
,,2.885499,8.989729,-0.7639104,1687375802844,,-1.4602051,0.90460205,-0.25619507,,,,,,-0.53464,0.09163339,0.015551809,0.0,0.0,0.0,0.0
,,3.3491766,8.996234,-0.81414795,1687375803097,,0.064193726,1.937912,-0.9358368,,,,,,-0.3145922,0.19908603,-0.13803883,0.0,0.0,0.0,0.0
,,3.1358938,9.48509,-0.42473093,1687375803349,,0.041809082,-0.1659851,1.7060242,,,,,,0.20287342,0.44228446,0.03200139,0.0,0.0,0.0,0.0
,,2.8362198,9.544346,-0.40597585,1687375803602,,0.08016968,-0.12017822,1.3171997,,,,,,0.11613824,0.37532347,0.07778314,0.0,0.0,0.0,0.0
,,2.8959956,9.189846,-0.46810558,1687375803852,,-0.9084015,0.7874298,-0.77072144,,,,,,-0.61871153,0.20510887,0.16439122,0.0,0.0,0.0,0.0
,,3.204768,9.130709,-0.42788392,1687375804104,,0.2154541,-0.6336365,-1.927597,,,,,,-0.37498826,0.24318412,0.20344952,0.0,0.0,0.0,0.0
,,3.1232061,9.702124,0.06504262,1687375804359,,-0.05406189,0.46359253,1.1914978,,,,,,0.302575,0.55790955,0.4275959,0.0,0.0,0.0,0.0
,,2.9041362,8.947192,-0.0012771606,1687375804866,,-1.2631378,1.094223,-1.3928375,,,,,,-0.576877,0.05839885,0.6566035,0.0,0.0,0.0,0.0
52.48122209,13.2402661,2.867625,9.685405,0.22605234,1687375805000,13.936001,0.44874573,-0.054122925,1.7997589,,,,,,0.10605852,0.4926464,0.6790826,0.0,0.0,0.0,0.0
,,2.9287171,8.8347845,-0.13934326,1687375805117,,-0.31185913,-0.2714386,-1.5813904,,,,,,-0.45943546,-0.06356071,0.43052387,0.0,0.0,0.0,0.0
,,2.6491542,9.580898,-0.08200226,1687375805370,,0.056732178,0.3038025,0.9113312,,,,,,0.113720864,0.36877587,0.35353976,0.0,0.0,0.0,0.0
,,2.7243316,9.684965,-0.24424896,1687375805622,,1.6493073,-1.2898407,1.2341003,,,,,,0.039870802,0.49937886,0.2881775,0.0,0.0,0.0,0.0
,,2.9191792,8.805615,-0.38814086,1687375805878,,0.20799255,-0.21072388,-3.6235046,,,,,,-0.59264284,-0.06667614,0.33882877,0.0,0.0,0.0,0.0
,,2.8445206,8.979833,-0.56056315,1687375806130,,-0.00932312,-0.50367737,-0.9092102,,,,,,-0.43967316,0.05859159,0.040244978,0.0,0.0,0.0,0.0
,,2.6511881,9.6541195,-0.4303182,1687375806381,,1.3180084,-1.3122101,0.7206421,,,,,,-0.044467513,0.456135,-0.022083195,0.0,0.0,0.0,0.0
,,2.8543365,9.607153,-0.4955602,1687375806633,,0.21331787,-0.5430908,1.5089417,,,,,,-0.16731745,0.51984334,-0.061344005,0.0,0.0,0.0,0.0
,,2.9174638,9.004533,-0.4464381,1687375806886,,0.33476257,0.52111816,-1.5888519,,,,,,-0.8005132,0.18861501,-0.008336474,0.0,0.0,0.0,0.0
,,2.740014,8.991685,-0.5262441,1687375807141,,-0.25112915,-0.36412048,-0.21784973,,,,,,-0.548093,0.047365855,-0.2681621,0.0,0.0,0.0,0.0
,,2.721579,9.805553,-0.28714293,1687375807398,,0.19734192,-0.3886261,1.9403687,,,,,,0.016782442,0.59948826,-0.15318799,0.0,0.0,0.0,0.0
,,3.574234,8.826603,-0.32285663,1687375807904,,-0.04020691,0.5328369,-2.1054993,,,,,,-0.31698757,0.062124442,0.10480492,0.0,0.0,0.0,0.0
52.48136934,13.24001896,2.929635,9.398138,-0.23095907,1687375808000,17.152,-0.09133911,-1.1311188,1.3598022,,,,,,-0.35726625,0.39377603,0.08086972,0.0,0.0,0.0,0.0
,,3.432816,8.887376,0.12062938,1687375808156,,-1.0159912,-1.5295258,-0.12944031,,,,,,0.21822649,0.26057312,0.59850395,0.0,0.0,0.0,0.0
,,3.4322977,9.415696,0.4003113,1687375808410,,0.29216003,-0.054122925,0.52783203,,,,,,0.6506681,0.5868913,0.8634414,0.0,0.0,0.0,0.0
,,3.0289938,8.929195,0.29548392,1687375808659,,-0.39920044,0.44122314,0.9997406,,,,,,-0.3125821,0.30700362,0.9504641,0.0,0.0,0.0,0.0
,,3.0287933,8.523776,-0.16125031,1687375808910,,-0.10093689,-0.47491455,-1.5419769,,,,,,-0.7648642,0.07690518,0.53896344,0.0,0.0,0.0,0.0
,,2.8340647,9.035498,-0.36503702,1687375809161,,0.65327454,-0.27038574,0.35632324,,,,,,-0.23149468,0.38057157,0.19324131,0.0,0.0,0.0,0.0
,,2.4592528,9.39806,-0.44412535,1687375809416,,0.261261,0.40286255,1.2468872,,,,,,-0.12253057,0.5345501,0.19653007,0.0,0.0,0.0,0.0
,,2.2416997,9.23633,-0.89714813,1687375809668,,-1.2045441,1.0036774,1.3448944,,,,,,-1.0546224,0.29842755,0.0017189662,0.0,0.0,0.0,0.0
,,2.4373047,8.68738,-1.2760304,1687375809920,,0.010925293,-0.4152527,-1.6229401,,,,,,-1.2538242,-0.04824527,-0.21930327,0.0,0.0,0.0,0.0
,,2.714155,9.115663,-1.1858877,1687375810173,,-0.45033264,-0.114852905,-0.45220947,,,,,,-0.35650176,0.18321581,-0.30246973,0.0,0.0,0.0,0.0
,,2.7912495,9.724748,-0.75612795,1687375810425,,0.22503662,0.18981934,0.8921509,,,,,,0.16748005,0.59671414,-6.211847E-4,0.0,0.0,0.0,0.0
,,3.3712056,9.060716,-0.86063385,1687375810930,,-0.89668274,1.2689209,-0.14328003,,,,,,-0.3001255,0.36137554,0.054347508,0.0,0.0,0.0,0.0
52.48142234,13.23990714,3.198703,9.44307,-0.76482594,1687375811000,12.864,-0.5600586,-0.024307251,0.9347687,,,,,,-0.074062414,0.4904959,0.094537385,0.0,0.0,0.0,0.0
,,3.122288,9.346983,-0.6833837,1687375811183,,0.11000061,-0.19793701,-0.34355164,,,,,,-3.2586258E-4,0.43127522,-0.18340267,0.0,0.0,0.0,0.0
,,3.0993047,9.716449,-0.45836842,1687375811436,,0.3912201,0.05239868,1.8999023,,,,,,0.49787015,0.57505125,-0.17113143,0.0,0.0,0.0,0.0
,,3.349379,9.665253,-0.4002299,1687375811688,,0.62664795,-0.5516052,1.4418335,,,,,,0.11327704,0.70448047,-0.014419286,0.0,0.0,0.0,0.0
,,3.04723,8.661564,-0.6351013,1687375811942,,1.1891022,-1.2387085,-1.8327942,,,,,,-0.76416767,-0.01790657,-0.09834026,0.0,0.0,0.0,0.0
,,2.707453,8.858209,-0.49959004,1687375812194,,0.053527832,-1.0331116,-1.2181396,,,,,,-0.5339451,0.0075694085,-0.124876484,0.0,0.0,0.0,0.0
,,2.5282462,9.380904,-0.09301452,1687375812445,,1.0452881,-1.2333832,0.2945404,,,,,,-0.24542879,0.25565752,0.061367877,0.0,0.0,0.0,0.0
,,2.8872178,9.141443,0.09425201,1687375812697,,-0.29267883,0.060913086,1.2245178,,,,,,-0.37074807,0.17107181,0.5199115,0.0,0.0,0.0,0.0
,,2.9301932,8.730916,-0.05299174,1687375812949,,0.49987793,-0.7188568,-1.3779297,,,,,,-0.95946115,0.049629353,0.6101903,0.0,0.0,0.0,0.0
,,2.6521857,8.918462,-0.12262319,1687375813201,,-0.17549133,0.23988342,-0.7579346,,,,,,-0.6606309,0.05880283,0.43679735,0.0,0.0,0.0,0.0
,,2.9712129,9.663018,-0.22230174,1687375813456,,0.3922882,-0.5739746,0.85806274,,,,,,0.25557783,0.46169278,0.2680214,0.0,0.0,0.0,0.0
,,3.2236419,8.96439,-0.7418839,1687375813959,,-0.72943115,0.6883545,-2.2418518,,,,,,-0.5978897,0.16111538,0.15923217,0.0,0.0,0.0,0.0
52.48147807,13.23976183,3.097387,9.293394,-0.25115255,1687375814000,11.792,0.12809753,-0.420578,1.20961,,,,,,-0.118946284,0.22838396,0.49741122,0.0,0.0,0.0,0.0
,,3.1329813,9.201856,-0.8873713,1687375814211,,-0.06896973,-0.30340576,-0.40107727,,,,,,-0.2123736,0.2452362,-0.18840697,0.0,0.0,0.0,0.0
,,2.868542,9.610905,-0.6402496,1687375814463,,1.0133362,-2.6192932,0.7483368,,,,,,0.11898362,0.3647224,-0.19632635,0.0,0.0,0.0,0.0
,,3.35684,9.424275,-0.7553304,1687375814714,,-0.8583374,0.44015503,1.2649994,,,,,,0.07478754,0.3386022,-0.1771538,0.0,0.0,0.0,0.0
,,3.6356847,9.155605,-0.5847041,1687375814966,,-0.113708496,0.664917,-0.9635315,,,,,,-0.22615094,0.38192797,0.0264821,0.0,0.0,0.0,0.0
,,3.0029776,9.140564,-0.5710561,1687375815218,,-0.005050659,0.9035492,5.340576E-4,,,,,,-0.43528083,0.23453729,-0.16807786,0.0,0.0,0.0,0.0
,,2.9701371,9.530738,-0.20346628,1687375815469,,0.6010742,-1.2110138,0.5310364,,,,,,0.09553563,0.3672751,0.022976335,0.0,0.0,0.0,0.0
,,3.272285,9.362824,-0.36307934,1687375815722,,0.87698364,-0.2725067,1.0327759,,,,,,-0.1542632,0.3866059,0.03439293,0.0,0.0,0.0,0.0
,,3.6076727,8.971891,-0.64296114,1687375815976,,-1.4985504,1.6769257,-1.7166748,,,,,,-0.44017228,0.2902904,-0.121341325,0.0,0.0,0.0,0.0
,,3.3197296,9.347701,-0.24193318,1687375816229,,0.6873627,0.47531128,0.056991577,,,,,,-0.30789515,0.588056,-0.071666874,0.0,0.0,0.0,0.0
,,2.9279184,9.478304,-0.09221547,1687375816481,,0.5584717,-0.6687927,0.31904602,,,,,,-0.11375347,0.46682462,-0.08780251,0.0,0.0,0.0,0.0
,,3.4059606,9.0677395,-0.3720988,1687375816983,,-0.92118835,0.77996826,-2.9161682,,,,,,-0.73968226,0.4762193,-0.013408899,0.0,0.0,0.0,0.0
52.4815503,13.23960481,3.5778646,9.544584,-0.11751454,1687375817000,11.792,1.0953674,-1.5582886,1.1137238,,,,,,0.09081147,0.6641248,0.05124043,0.0,0.0,0.0,0.0
,,3.1859338,9.163947,-0.23670705,1687375817234,,0.57977295,0.6191101,-0.80374146,,,,,,-0.58736837,0.40360802,-0.15765582,0.0,0.0,0.0,0.0
,,2.9301138,9.623873,-0.08790792,1687375817486,,-0.15100098,0.41990662,1.6996307,,,,,,-0.15235929,0.55699134,-0.12492967,0.0,0.0,0.0,0.0
,,3.1113954,9.3020935,-0.22437643,1687375817736,,0.6202545,-1.3335114,0.85806274,,,,,,-0.37745658,0.2087298,0.09881905,0.0,0.0,0.0,0.0
,,3.4054036,8.891328,-0.48805797,1687375817988,,-0.92437744,0.4380188,-0.55766296,,,,,,-0.7192323,0.13098544,0.31282422,0.0,0.0,0.0,0.0
,,3.1800685,8.792367,-0.53737944,1687375818239,,-0.44607544,0.44654846,-1.2469025,,,,,,-0.78687567,0.005532503,0.27518997,0.0,0.0,0.0,0.0
,,3.353289,9.78608,-0.42225748,1687375818489,,-0.08494568,0.47531128,1.1456909,,,,,,0.22515407,0.7046311,0.23913343,0.0,0.0,0.0,0.0
,,3.551848,9.477189,-0.5562531,1687375818741,,-0.039138794,0.080093384,0.62690735,,,,,,0.358833,0.42553318,0.3395597,0.0,0.0,0.0,0.0
,,3.7070317,8.983862,-0.82288766,1687375818993,,-1.1278381,0.33363342,1.4695282,,,,,,-0.07217967,0.23825195,0.57280624,0.0,0.0,0.0,0.0
,,3.753359,8.584072,-0.93026835,1687375819244,,-0.22450256,0.1088562,-2.1651611,,,,,,-0.06416642,0.055073548,0.5900739,0.0,0.0,0.0,0.0
,,3.6472158,9.237771,-0.91255087,1687375819499,,-1.1779175,1.0995483,-1.1361084,,,,,,0.51170653,0.37709936,0.25288004,0.0,0.0,0.0,0.0
52.48162776,13.23943868,3.506836,9.670602,-0.9091985,1687375820000,10.72,-0.24900818,0.79489136,0.70466614,,,,,,0.70001423,0.68837255,0.08269014,0.0,0.0,0.0,0.0
,,3.7507253,9.048986,-0.88198394,1687375820003,,0.5883026,-1.1236572,0.52996826,,,,,,0.4798617,0.18925005,0.1305084,0.0,0.0,0.0,0.0
,,3.5857248,8.667591,-0.86997324,1687375820255,,-0.48016357,0.030029297,-0.42451477,,,,,,-0.11972747,0.032387797,0.15663204,0.0,0.0,0.0,0.0
,,3.7907877,9.042643,-0.6157084,1687375820508,,-0.08387756,1.3190002,-1.8594208,,,,,,0.27424946,0.24700798,-0.14914761,0.0,0.0,0.0,0.0
,,3.3201284,9.697138,-0.51072234,1687375820760,,0.2388916,0.46678162,1.4258575,,,,,,0.4471541,0.6074697,-0.45472735,0.0,0.0,0.0,0.0
,,3.2405217,9.412268,-0.25949097,1687375821012,,0.16539001,0.13336182,1.5366364,,,,,,0.16830955,0.37640536,-0.23782112,0.0,0.0,0.0,0.0
,,3.469407,8.75398,-0.27166137,1687375821263,,-0.8562012,-0.09780884,0.9688568,,,,,,-0.18546425,-0.019695092,-0.00820578,0.0,0.0,0.0,0.0
,,3.438801,8.43651,-0.36727092,1687375821514,,-0.6143799,0.78422546,-2.0820618,,,,,,-0.48762575,-0.20318075,-0.06346606,0.0,0.0,0.0,0.0
,,3.3617473,9.126239,-0.2304418,1687375821765,,-0.5558014,0.7320404,-0.764328,,,,,,0.08708763,0.22465329,-0.1699895,0.0,0.0,0.0,0.0
,,3.182342,9.473918,-0.21495971,1687375822017,,1.7792664,-1.0426941,0.34674072,,,,,,0.28152066,0.44731206,-0.16514419,0.0,0.0,0.0,0.0
,,3.4858866,9.030511,-0.557929,1687375822267,,-0.39387512,0.64468384,1.7688599,,,,,,0.010389185,0.1727684,-0.17462736,0.0,0.0,0.0,0.0
,,3.69087,8.634231,-1.0560424,1687375822519,,-0.7315674,0.8907623,-1.6026917,,,,,,-0.25065356,0.09724876,-0.3093276,0.0,0.0,0.0,0.0
52.48170507,13.23929457,3.5846877,9.025284,-0.8861333,1687375823000,11.792,0.23356628,0.35705566,-0.9624634,,,,,,-0.010499219,0.35590398,-0.176219,0.0,0.0,0.0,0.0
,,3.4148192,9.583731,-0.8710098,1687375823023,,-0.17123413,-0.420578,0.96032715,,,,,,0.5124374,0.6742935,-0.12687401,0.0,0.0,0.0,0.0
,,3.4769094,9.444108,-1.056042,1687375823274,,0.55740356,-0.34388733,1.3459625,,,,,,0.25312263,0.630297,0.043007914,0.0,0.0,0.0,0.0
,,3.830214,8.668107,-1.1703247,1687375823527,,-2.8035126,1.8963623,-1.1840515,,,,,,-0.0859059,0.2212417,0.48278952,0.0,0.0,0.0,0.0
,,3.6583502,8.667829,-1.0541656,1687375823777,,-0.42477417,0.27397156,-1.6921844,,,,,,-0.23311915,0.23190859,0.5356381,0.0,0.0,0.0,0.0
,,3.416097,9.367812,-0.6890498,1687375824028,,0.37524414,-0.6687927,0.62690735,,,,,,0.27020845,0.5352672,0.5580441,0.0,0.0,0.0,0.0
,,3.2874482,9.1563635,-0.8842575,1687375824280,,-0.090270996,1.0984802,1.3022766,,,,,,0.1973106,0.23962288,0.313935,0.0,0.0,0.0,0.0
,,3.446543,8.73989,-0.8590383,1687375824533,,-0.7315674,-0.3225708,1.244751,,,,,,-0.30743542,0.04890766,0.51459527,0.0,0.0,0.0,0.0
,,3.5937867,8.339741,-1.0273101,1687375824786,,0.12597656,-0.1457367,-2.531601,,,,,,-0.35356677,-0.23989873,0.26857412,0.0,0.0,0.0,0.0
,,3.1892467,9.102694,-0.9249588,1687375825038,,0.46792603,-1.15242,-0.017578125,,,,,,-0.028304212,0.15123434,-0.023916544,0.0,0.0,0.0,0.0
,,3.1763184,9.326591,-0.71490836,1687375825292,,-0.32463074,-0.78063965,1.0093384,,,,,,0.30778968,0.23589799,0.24761711,0.0,0.0,0.0,0.0
,,3.354047,8.952338,-0.78872985,1687375825543,,0.120651245,-1.5582886,1.4013519,,,,,,-0.14071499,0.117651194,0.5237863,0.0,0.0,0.0,0.0
52.48179574,13.23911023,3.429385,8.470545,-0.8216502,1687375826000,11.792,-0.08387756,-0.59529114,-1.7582245,,,,,,-0.5169801,-0.094465256,0.69340074,0.0,0.0,0.0,0.0
,,3.2520146,9.391795,-0.8705714,1687375826046,,-0.44926453,0.47424316,-0.57470703,,,,,,-0.16407241,0.6190826,0.38375992,0.0,0.0,0.0,0.0
,,3.285493,9.945214,-0.83082837,1687375826298,,0.3092041,0.3911438,1.8125458,,,,,,0.36386666,0.9444935,0.22810875,0.0,0.0,0.0,0.0
,,3.4806209,9.476829,-1.2176514,1687375826551,,0.10147095,-1.2376404,1.1893616,,,,,,0.04603119,0.64273834,-0.017902756,0.0,0.0,0.0,0.0
,,3.1499014,8.755815,-1.5812505,1687375826804,,-2.014145,1.8505554,-2.3675537,,,,,,-0.8427631,0.19695903,-0.30569825,0.0,0.0,0.0,0.0
,,2.9859786,8.993001,-1.1792246,1687375827056,,-0.09347534,-0.9681244,-1.4599457,,,,,,-0.64823306,0.2639087,-0.47835368,0.0,0.0,0.0,0.0
,,2.4737,9.694065,-0.98034614,1687375827306,,0.63090515,-0.5420227,0.3776245,,,,,,-0.40436947,0.6538288,-0.80478185,0.0,0.0,0.0,0.0
,,2.8726141,9.250897,-0.8216115,1687375827556,,1.1656647,-1.7500305,1.08284,,,,,,-0.2877568,0.26635388,-0.651156,0.0,0.0,0.0,0.0
,,2.9141133,8.5040655,-0.8259608,1687375827809,,-1.02771,0.41352844,-2.1374512,,,,,,-0.9747013,-0.14063917,-0.40139607,0.0,0.0,0.0,0.0
,,3.0269196,8.895438,-0.47967988,1687375828060,,-1.0436859,0.9440155,-1.0285187,,,,,,-0.8248538,0.13055496,-0.1851394,0.0,0.0,0.0,0.0
,,3.3174958,9.586526,-0.26863098,1687375828311,,0.96113586,-0.17770386,1.4226532,,,,,,0.24203958,0.47842982,-0.20477872,0.0,0.0,0.0,0.0
,,3.2493403,9.579782,-0.53889567,1687375828563,,0.6660614,-0.85095215,1.451416,,,,,,0.05582951,0.4895297,-0.07234,0.0,0.0,0.0,0.0
52.48186222,13.23894942,4.0008,9.206406,-0.9291102,1687375829000,10.72,0.019439697,-0.24694824,-1.256485,,,,,,-0.036516316,0.44654116,0.115615495,0.0,0.0,0.0,0.0
,,3.852359,8.84927,-1.056042,1687375829069,,-0.2117157,0.05986023,-1.5973663,,,,,,-0.32280478,0.19529708,0.16707401,0.0,0.0,0.0,0.0
,,3.64562,9.76549,-0.8485443,1687375829321,,0.25593567,-0.65600586,1.3789825,,,,,,0.39283073,0.70554835,0.022700906,0.0,0.0,0.0,0.0
,,3.6189647,9.503363,-0.89622855,1687375829572,,0.26339722,-0.06478882,1.6421051,,,,,,0.63036543,0.4307927,-0.06758906,0.0,0.0,0.0,0.0
,,3.858105,9.013072,-0.9042491,1687375829823,,-0.5046692,-0.12336731,0.4713745,,,,,,0.07430622,0.2617133,0.094656974,0.0,0.0,0.0,0.0
,,3.9651656,8.612761,-1.0294663,1687375830075,,-0.33955383,-0.19367981,-2.2823334,,,,,,-0.06768552,0.036293317,-0.03207368,0.0,0.0,0.0,0.0
,,4.024382,9.337846,-0.6501455,1687375830330,,0.20373535,-0.41418457,0.93795776,,,,,,0.7146886,0.4598767,-0.072065495,0.0,0.0,0.0,0.0
,,3.489558,9.195349,-0.5372996,1687375830581,,0.22077942,0.0129852295,0.52783203,,,,,,0.4995833,0.14093573,-0.08338783,0.0,0.0,0.0,0.0
,,3.7507248,8.857208,-0.5556554,1687375830831,,0.12490845,-0.5601349,1.0583344,,,,,,0.06793464,0.0756296,0.2067456,0.0,0.0,0.0,0.0
,,3.8508027,8.716111,-0.63905334,1687375831083,,-1.236496,1.2785187,-2.2652893,,,,,,-0.3292649,0.19477269,0.20865321,0.0,0.0,0.0,0.0
,,3.4148188,9.041245,-0.43518728,1687375831338,,0.20159912,-0.45254517,-1.064743,,,,,,-0.13974674,0.25785103,0.15902948,0.0,0.0,0.0,0.0
,,3.3448288,9.774669,-0.4015086,1687375831591,,0.51052856,-0.17344666,1.0881653,,,,,,0.29760572,0.72703385,-0.060846772,0.0,0.0,0.0,0.0
52.48193815,13.23878064,3.3835754,9.306244,-0.35394338,1687375832000,11.792,1.3361053,-1.9811859,1.4972229,,,,,,-0.21020032,0.34946334,0.009212597,0.0,0.0,0.0,0.0
,,3.8969717,8.875128,-0.49065247,1687375832095,,0.28044128,-0.46852112,-1.6090851,,,,,,-0.20627122,0.2416443,-0.049185295,0.0,0.0,0.0,0.0
,,3.66238,9.095274,-0.44424388,1687375832345,,-0.27775574,-0.112716675,-1.894577,,,,,,-0.09826573,0.32413083,-0.1389766,0.0,0.0,0.0,0.0
,,3.1709702,9.574673,-0.20713806,1687375832595,,0.2346344,-0.26611328,0.9507446,,,,,,0.12375245,0.4963308,0.025816172,0.0,0.0,0.0,0.0
,,3.595103,9.60416,-0.34233043,1687375832847,,0.73316956,-1.4783936,1.3448944,,,,,,0.16509725,0.626316,-0.010839686,0.0,0.0,0.0,0.0
,,3.8293753,8.6962385,-0.36567435,1687375833099,,-0.41305542,0.5786438,-0.72384644,,,,,,-0.24674278,0.05041515,0.1520997,0.0,0.0,0.0,0.0
,,3.7480524,8.735703,-0.46012574,1687375833350,,-0.050857544,0.8790436,-1.6815186,,,,,,-0.1606433,0.114422366,0.033021577,0.0,0.0,0.0,0.0
,,3.2864506,9.458472,-0.28167775,1687375833601,,0.36991882,1.0239105,1.5739288,,,,,,0.124856226,0.46154824,0.037861608,0.0,0.0,0.0,0.0
,,3.1917598,9.284933,-0.14600728,1687375833853,,-0.3374176,0.90992737,1.6772614,,,,,,-0.0033869862,0.274871,0.17786452,0.0,0.0,0.0,0.0
,,3.9314485,8.684668,-0.14205627,1687375834104,,-0.75286865,-0.4195099,-0.907074,,,,,,-0.12359427,-0.09618996,0.10687085,0.0,0.0,0.0,0.0
,,3.5063574,8.128215,-0.04157969,1687375834358,,-0.27670288,-0.1382904,-2.498581,,,,,,-0.6965088,-0.53225046,0.3040493,0.0,0.0,0.0,0.0
,,3.3707657,9.042002,0.30673727,1687375834611,,-0.45033264,-0.052001953,-0.4905548,,,,,,-0.035201494,0.13488626,0.4818587,0.0,0.0,0.0,0.0
52.48201912,13.23862604,3.0967891,9.27029,0.29544422,1687375835000,10.72,0.38589478,-0.93829346,-0.40107727,,,,,,-0.076190814,0.25009245,0.51369554,0.0,0.0,0.0,0.0
,,3.4521286,9.089208,0.20578155,1687375835116,,1.7366486,-2.4488373,0.9667206,,,,,,-0.35268518,0.29635105,0.55577767,0.0,0.0,0.0,0.0
,,3.6362436,8.67944,-0.0709081,1687375835369,,-0.15100098,0.35173035,-1.720932,,,,,,-0.6442514,0.1514752,0.41601568,0.0,0.0,0.0,0.0
,,3.0343413,9.347741,-0.13591054,1687375835622,,0.15473938,0.50086975,-1.5419769,,,,,,-0.61207986,0.6406507,0.40556955,0.0,0.0,0.0,0.0
,,3.3765132,9.974623,-0.24803874,1687375835873,,0.4391632,-0.657074,0.9933624,,,,,,0.30967146,1.0534354,0.21832006,0.0,0.0,0.0,0.0
,,3.2566838,9.352651,-0.5219752,1687375836126,,0.13769531,-0.09992981,1.6303864,,,,,,-0.26927835,0.4588329,0.11558353,0.0,0.0,0.0,0.0
,,3.7612214,8.901544,-0.60118306,1687375836376,,0.14941406,-0.93296814,0.6396942,,,,,,-0.3340293,0.2686275,0.13206689,0.0,0.0,0.0,0.0
,,4.2232223,8.744204,-0.6361384,1687375836628,,0.434906,-0.35665894,-0.118774414,,,,,,-0.115368985,0.28755447,0.1455882,0.0,0.0,0.0,0.0
,,4.2286882,8.989369,-0.6143112,1687375836881,,0.26765442,-1.342041,-1.6133423,,,,,,0.018405262,0.43495816,0.1349165,0.0,0.0,0.0,0.0
,,4.640849,8.644686,-0.6890508,1687375837131,,0.15579224,0.3091278,-0.4298401,,,,,,0.1866198,0.18078111,0.1502081,0.0,0.0,0.0,0.0
,,4.4855056,8.342577,-0.66722363,1687375837383,,-0.38641357,0.09820557,-0.50227356,,,,,,-0.35867107,-0.03942585,0.21833105,0.0,0.0,0.0,0.0
,,4.3730183,8.7402525,-0.602979,1687375837635,,-0.01890564,-0.32470703,-0.16990662,,,,,,-0.13450833,0.25053504,0.22404464,0.0,0.0,0.0,0.0
52.48209676,13.23847689,4.1156015,9.351772,-0.55094504,1687375838000,11.792,-0.95739746,0.9823761,2.5624847,,,,,,0.116320975,0.5816215,0.25592905,0.0,0.0,0.0,0.0
,,3.540155,9.069177,-0.44643757,1687375838139,,-1.3728485,1.9166107,-3.0035248,,,,,,-0.42044985,0.27933452,0.27651623,0.0,0.0,0.0,0.0
,,3.4267898,9.290999,-0.2829539,1687375838393,,-0.113708496,0.018310547,-0.7462158,,,,,,-0.08335451,0.30305687,0.27121454,0.0,0.0,0.0,0.0
,,3.103573,9.30365,-0.22417602,1687375838647,,0.28788757,0.57437134,1.8764648,,,,,,-0.10038714,0.23465401,0.2669577,0.0,0.0,0.0,0.0
,,3.2120306,9.083622,-0.24261169,1687375838897,,-0.9467468,0.23881531,0.3968048,,,,,,-0.32891744,0.24018718,0.29567638,0.0,0.0,0.0,0.0
,,3.7215164,8.71695,-0.46519268,1687375839149,,0.12277222,0.26651,-1.3140106,,,,,,-0.47012502,0.09812986,0.030204952,0.0,0.0,0.0,0.0
,,3.4687285,8.418713,-0.51235807,1687375839409,,0.09614563,0.46891785,-1.0157318,,,,,,-0.7357486,-0.1779521,-0.13791366,0.0,0.0,0.0,0.0
,,3.2411997,9.248143,-0.5228928,1687375839661,,0.50094604,-0.07330322,0.34887695,,,,,,-0.15509567,0.28016597,-0.212276,0.0,0.0,0.0,0.0
,,3.38936,9.045315,-0.6961136,1687375839915,,0.16751099,-0.05307007,1.449295,,,,,,-0.103557125,0.104911454,-0.24071097,0.0,0.0,0.0,0.0
,,3.5231557,8.959522,-0.74854636,1687375840166,,-0.9691162,0.29847717,1.2436981,,,,,,-0.43357366,0.19462124,-0.13063818,0.0,0.0,0.0,0.0
,,3.7945383,8.947632,-0.7678996,1687375840418,,0.21012878,-0.48768616,-0.94329834,,,,,,-0.18948229,0.18903501,-0.119140625,0.0,0.0,0.0,0.0
,,3.7554326,9.340718,-0.5914078,1687375840669,,-0.043411255,-0.18302917,-1.1382446,,,,,,0.067599334,0.47290185,0.1502511,0.0,0.0,0.0,0.0
52.48217226,13.23829551,3.646855,9.432456,-0.3527069,1687375841000,12.864,0.5946808,-1.0277863,1.0444946,,,,,,0.1652625,0.52279794,0.5005215,0.0,0.0,0.0,0.0
,,3.8676803,9.178312,-0.38858032,1687375841171,,0.024765015,0.18554688,1.0157318,,,,,,0.1835649,0.3217975,0.62725705,0.0,0.0,0.0,0.0
,,3.7747467,9.158519,-0.19516805,1687375841422,,0.22398376,-0.7731781,0.54808044,,,,,,-0.2987603,0.48288003,0.8545383,0.0,0.0,0.0,0.0
,,3.65763,8.735662,-0.24065857,1687375841675,,-0.08068848,-0.20646667,-1.5696716,,,,,,-0.56003034,0.14917459,0.7435478,0.0,0.0,0.0,0.0
,,3.4941854,9.576746,0.004707845,1687375841928,,0.15686035,0.24095154,-0.50120544,,,,,,-0.22876224,0.64361763,0.81193393,0.0,0.0,0.0,0.0
,,2.9181406,9.440076,0.064442955,1687375842181,,0.75234985,-1.1566772,0.60346985,,,,,,-0.44605824,0.37450463,0.78911054,0.0,0.0,0.0,0.0
,,3.370606,9.347701,0.0033513387,1687375842433,,-0.77737427,0.20365906,0.8410187,,,,,,-0.39152896,0.40357536,0.8051678,0.0,0.0,0.0,0.0
,,3.6300573,8.897632,-0.053151958,1687375842685,,-1.0841675,0.41778564,-0.03994751,,,,,,-0.70252377,0.250762,0.8685711,0.0,0.0,0.0,0.0
,,3.6714761,8.574255,-0.13176169,1687375842935,,-1.250351,0.06730652,-1.5270538,,,,,,-0.67763734,-0.05055561,0.80324346,0.0,0.0,0.0,0.0
,,3.5079126,9.289484,0.024141438,1687375843186,,-0.22450256,-0.39820862,-1.0530243,,,,,,-0.20625226,0.37488666,0.82879055,0.0,0.0,0.0,0.0
,,3.0796301,9.043677,-0.1114507,1687375843438,,0.1835022,-0.07330322,0.7270355,,,,,,-0.36027336,0.099748865,0.6519274,0.0,0.0,0.0,0.0
,,3.6074317,9.007965,-0.17102559,1687375843692,,-0.0039978027,-0.73376465,0.49160767,,,,,,-0.16371305,0.16144167,0.64922446,0.0,0.0,0.0,0.0
52.48227328,13.23817832,3.450212,8.662441,-0.38315228,1687375844000,12.864,-0.42156982,-0.08076477,0.74728394,,,,,,-0.55260736,-0.04773938,0.4463164,0.0,0.0,0.0,0.0
,,3.4660537,8.888533,-0.41339874,1687375844195,,-0.67085266,0.24307251,-1.3235931,,,,,,-0.46462592,0.11698852,0.1889902,0.0,0.0,0.0,0.0
,,3.3177338,9.223521,-0.2795629,1687375844447,,-0.04446411,-0.30020142,-1.1371765,,,,,,-0.18246491,0.24820594,0.06582948,0.0,0.0,0.0,0.0
,,3.3000169,9.238006,-0.3427302,1687375844698,,0.79389954,-0.14361572,1.1062775,,,,,,-0.055220775,0.22043087,-0.044593375,0.0,0.0,0.0,0.0
,,3.5917907,8.9085245,-0.409728,1687375844950,,-0.02104187,0.24414062,1.3299713,,,,,,-0.020754814,-0.022887914,-0.037385747,0.0,0.0,0.0,0.0
,,3.6494513,8.833906,-0.44623974,1687375845202,,0.7491455,-0.6805115,0.76538086,,,,,,-0.1832147,0.080995865,-0.0796043,0.0,0.0,0.0,0.0
,,3.8529582,8.699192,-0.38235423,1687375845455,,-0.06790161,-0.20858765,-1.7294617,,,,,,-0.06503777,0.012118801,-0.03706286,0.0,0.0,0.0,0.0
,,3.8565495,8.954654,-0.20239003,1687375845707,,0.021575928,0.17596436,-1.0018921,,,,,,0.25077695,0.1028313,0.016171882,0.0,0.0,0.0,0.0
,,3.6856828,9.386489,-0.20230967,1687375845961,,0.5680542,-1.0245819,0.33288574,,,,,,0.39479282,0.4772043,-0.00138489,0.0,0.0,0.0,0.0
,,3.8333256,9.012316,-0.07633463,1687375846210,,0.03543091,-0.4131317,1.2351685,,,,,,0.35031518,0.17231998,0.17311747,0.0,0.0,0.0,0.0
,,4.072985,9.296586,-0.04082031,1687375846463,,0.7182617,-1.2024841,0.70466614,,,,,,0.29250526,0.60452056,0.26509202,0.0,0.0,0.0,0.0
,,3.9772172,8.814992,0.0064249677,1687375846716,,-0.2628479,0.080093384,-1.4993591,,,,,,0.008590111,0.1964632,0.3328236,0.0,0.0,0.0,0.0
52.48239105,13.23821059,3.7723134,9.21215,0.085553996,1687375847000,11.792,0.36245728,0.14294434,-1.4578247,,,,,,0.1846543,0.38309425,0.17583206,0.0,0.0,0.0,0.0
,,3.1371317,9.288287,0.14860128,1687375847224,,0.514801,0.22923279,0.7930908,,,,,,-0.06131135,0.3374068,0.20566316,0.0,0.0,0.0,0.0
,,3.2921169,8.915029,0.17158508,1687375847477,,0.053527832,0.0385437,1.561142,,,,,,-0.23553377,0.017997853,0.29622567,0.0,0.0,0.0,0.0
,,3.4165354,8.874767,0.0074625653,1687375847730,,0.45300293,-0.09674072,0.89108276,,,,,,-0.5520252,0.1657119,0.1744606,0.0,0.0,0.0,0.0
,,3.518727,8.371785,-0.16017151,1687375847982,,-0.10412598,0.008728027,-1.6761932,,,,,,-0.62961847,-0.22426693,-0.13142309,0.0,0.0,0.0,0.0
,,3.1398454,9.144394,-0.040141806,1687375848233,,-0.027420044,-0.20858765,-0.9592743,,,,,,-0.42097574,0.26423755,-0.29442412,0.0,0.0,0.0,0.0
,,2.910281,9.200259,-0.08076375,1687375848485,,-0.09240723,0.06411743,0.98376465,,,,,,-0.26468977,0.21257733,-0.4563854,0.0,0.0,0.0,0.0
,,3.3382843,9.074203,-0.16643625,1687375848736,,0.046081543,0.18554688,1.641037,,,,,,-0.22188973,0.19946335,-0.64638305,0.0,0.0,0.0,0.0
,,3.547258,8.649194,-0.40832978,1687375848988,,0.07484436,0.57118225,-0.80055237,,,,,,-0.51553416,0.0256488,-0.9125205,0.0,0.0,0.0,0.0
,,3.260831,8.701666,-0.36563364,1687375849240,,0.8002777,0.13122559,-2.1108246,,,,,,-0.54158825,-0.03688245,-1.0478823,0.0,0.0,0.0,0.0
,,2.7164302,9.441435,-0.092056274,1687375849491,,1.1805878,-0.41418457,0.27642822,,,,,,-0.3229825,0.37931022,-0.80328757,0.0,0.0,0.0,0.0
,,3.0845382,9.109239,-0.19612427,1687375849742,,0.3219757,-1.2163391,0.90600586,,,,,,-0.19451292,0.13632777,-0.58298373,0.0,0.0,0.0,0.0
52.48248392,13.23831817,3.2965448,8.524655,-0.25398406,1687375850000,11.792,-1.0756531,0.81832886,-1.5387726,,,,,,-0.7560183,-0.11263065,-0.21080738,0.0,0.0,0.0,0.0
,,3.4156961,8.596481,-0.35274506,1687375850244,,-0.4439392,0.5679779,-2.0415802,,,,,,-0.56458336,-0.05240669,-0.12496972,0.0,0.0,0.0,0.0
,,3.0991426,9.335372,-0.24768066,1687375850497,,0.2857666,-0.20753479,1.2745819,,,,,,-0.16393653,0.38384056,0.011740309,0.0,0.0,0.0,0.0
,,3.5472178,9.498057,-0.2535853,1687375850750,,0.06098938,-0.81365967,1.3672638,,,,,,0.0923496,0.5969295,0.18597609,0.0,0.0,0.0,0.0
,,4.1246195,8.735026,-0.41690978,1687375851002,,0.35394287,-0.13401794,-1.0306549,,,,,,-0.17182833,0.21265198,0.1673933,0.0,0.0,0.0,0.0
,,4.006865,8.674453,-0.47249502,1687375851254,,0.1366272,-0.6261749,-1.2010956,,,,,,-0.29992935,0.15151675,0.046151463,0.0,0.0,0.0,0.0
,,3.790948,9.456517,-0.35497895,1687375851506,,-0.19041443,-0.11911011,0.14646912,,,,,,0.22250456,0.5956314,-0.024940157,0.0,0.0,0.0,0.0
,,3.8514817,9.518129,-0.33678335,1687375851757,,0.29216003,-0.5079346,0.6109314,,,,,,0.4338919,0.590671,0.08563175,0.0,0.0,0.0,0.0
,,4.0824027,9.207721,-0.4759257,1687375852008,,0.34648132,-0.10632324,1.910553,,,,,,0.20351775,0.46414134,0.14629145,0.0,0.0,0.0,0.0
,,3.981167,8.640855,-0.6847412,1687375852257,,-0.35232544,0.3080597,-0.8868408,,,,,,-0.08254472,0.065069266,0.20719557,0.0,0.0,0.0,0.0
,,3.7054749,9.0360985,-0.7527364,1687375852510,,0.11105347,0.41778564,-1.9563599,,,,,,-0.008312758,0.25110042,0.109876014,0.0,0.0,0.0,0.0
,,3.4670918,9.403447,-0.69966483,1687375852764,,0.37098694,-0.3694458,0.8378296,,,,,,0.23328137,0.46048567,0.028476635,0.0,0.0,0.0,0.0
52.4825754,13.23841266,3.735322,9.303729,-0.6976705,1687375853000,10.72,0.1685791,-0.45040894,1.035965,,,,,,0.34094378,0.39044988,0.076203905,0.0,0.0,0.0,0.0
,,3.4793024,8.910161,-0.750263,1687375853270,,0.6937561,-0.467453,1.0295715,,,,,,-0.3562273,0.16875418,0.14504072,0.0,0.0,0.0,0.0
,,3.4178517,8.410492,-0.8180191,1687375853521,,0.015182495,0.17384338,-1.0061493,,,,,,-0.7243746,-0.13986412,0.10298856,0.0,0.0,0.0,0.0
,,3.174441,8.852342,-0.7694967,1687375853772,,-0.7102661,-1.2674713,-1.8828583,,,,,,-0.6018447,0.096122235,-0.121697895,0.0,0.0,0.0,0.0
,,2.8813105,8.975602,-0.62249297,1687375854023,,0.07803345,1.0654602,1.6058807,,,,,,-0.40430328,0.05410242,-0.011545088,0.0,0.0,0.0,0.0
,,3.0226486,8.770899,-0.6307536,1687375854274,,0.11212158,-0.10952759,1.0434265,,,,,,-0.5369615,-0.09398964,0.118373536,0.0,0.0,0.0,0.0
,,3.1993804,8.700427,-0.7541743,1687375854525,,0.24528503,-0.73057556,0.8367615,,,,,,-0.8448279,0.037958004,0.08784494,0.0,0.0,0.0,0.0
,,3.5453823,8.515876,-0.67153424,1687375854776,,-0.35871887,0.44015503,-1.5078888,,,,,,-0.6438835,-0.025230233,0.09195711,0.0,0.0,0.0,0.0
,,3.3689692,9.323081,-0.34831747,1687375855028,,0.2932129,0.3314972,-0.9507599,,,,,,-0.25400838,0.47494346,0.08462192,0.0,0.0,0.0,0.0
,,3.2538085,9.4140625,-0.13180135,1687375855281,,0.77897644,-0.33642578,0.623703,,,,,,-0.023449859,0.43015307,0.09522751,0.0,0.0,0.0,0.0
,,3.6619008,9.353169,-0.12154592,1687375855533,,-0.04446411,-0.53349304,1.1254425,,,,,,-0.042625237,0.47881934,0.05929296,0.0,0.0,0.0,0.0
,,3.9671218,9.019977,-0.19245352,1687375855786,,-0.8881531,0.72032166,0.08680725,,,,,,-0.27170655,0.43035507,0.018084193,0.0,0.0,0.0,0.0
52.48266783,13.23852349,4.05463,9.015307,-0.015960693,1687375856000,10.72,0.530777,-0.048797607,-0.8857727,,,,,,-0.11074538,0.39537132,0.027689198,0.0,0.0,0.0,0.0
,,3.6148543,9.494149,0.06408539,1687375856290,,0.4988098,-0.060516357,0.5821686,,,,,,0.1630745,0.61219716,-0.14124252,0.0,0.0,0.0,0.0
,,3.7388737,9.201696,0.019554138,1687375856540,,-0.28735352,0.023635864,1.1307678,,,,,,0.36134243,0.27681828,-0.06984339,0.0,0.0,0.0,0.0
,,4.1963663,9.201298,-0.059135437,1687375856791,,0.25167847,-0.63150024,1.5004272,,,,,,0.21465275,0.46399537,0.088302724,0.0,0.0,0.0,0.0
,,4.094134,8.617751,-0.266274,1687375857043,,0.024765015,0.057724,-1.5057526,,,,,,-0.27843297,0.14732814,-0.020128619,0.0,0.0,0.0,0.0
,,3.8520803,8.88275,-0.25198925,1687375857294,,-0.40879822,0.8289795,-1.0359802,,,,,,-0.050698288,0.16961819,-0.15991224,0.0,0.0,0.0,0.0
,,3.3824983,9.063071,-0.4101664,1687375857545,,0.5115967,-0.12124634,0.6183777,,,,,,0.011804914,0.11200908,-0.33498994,0.0,0.0,0.0,0.0
,,3.9385924,9.113868,-0.5233719,1687375857795,,-0.137146,0.18875122,0.6972046,,,,,,0.12895334,0.2383953,-0.23279709,0.0,0.0,0.0,0.0
,,4.1094594,8.68403,-0.60736847,1687375858046,,-0.92544556,0.64042664,-0.36166382,,,,,,-0.3444004,0.13540442,-0.16708212,0.0,0.0,0.0,0.0
,,4.074663,8.637501,-0.5332682,1687375858297,,0.20054626,-0.2480011,-1.6666107,,,,,,-0.33100107,0.1158854,-0.17536232,0.0,0.0,0.0,0.0
,,3.8015645,9.400972,-0.40533802,1687375858549,,0.13769531,0.027893066,0.6013336,,,,,,0.14846809,0.5120618,-0.1538171,0.0,0.0,0.0,0.0
,,3.793344,9.548494,-0.2674713,1687375858801,,0.5211792,-0.84562683,1.8594208,,,,,,0.10981146,0.51515037,-0.032576006,0.0,0.0,0.0,0.0
52.48276094,13.23867431,4.077416,9.105009,-0.0062642414,1687375859000,10.72,0.6096039,-0.7827759,0.51504517,,,,,,-0.26507917,0.33530444,0.27782497,0.0,0.0,0.0,0.0
,,4.305782,8.771497,0.22250111,1687375859303,,-0.4205017,0.44334412,-2.5667572,,,,,,-0.29991812,0.22808807,0.46528178,0.0,0.0,0.0,0.0
,,4.074382,9.611064,0.013327535,1687375859554,,0.39442444,0.78956604,0.797348,,,,,,0.08336251,0.71141124,0.098407045,0.0,0.0,0.0,0.0
,,3.719282,9.568248,-0.12338104,1687375859806,,0.29534912,-0.18196106,0.8282318,,,,,,0.1986008,0.4647679,-0.02272617,0.0,0.0,0.0,0.0
,,4.329764,9.392035,-0.065560915,1687375860058,,0.8929596,-1.4411011,1.0615387,,,,,,0.27714285,0.4579364,0.16048981,0.0,0.0,0.0,0.0
,,4.2150817,8.747275,-0.29229227,1687375860308,,0.055664062,0.011917114,-0.98057556,,,,,,-0.358142,0.24368635,0.105560236,0.0,0.0,0.0,0.0
,,4.2397823,9.037014,-0.40537873,1687375860562,,-0.20425415,0.5456085,-1.5568848,,,,,,7.76728E-4,0.42215693,-0.065925725,0.0,0.0,0.0,0.0
,,3.4484186,9.382696,-0.5250483,1687375860813,,0.39335632,0.105667114,0.8665924,,,,,,-0.109368354,0.4117768,-0.278925,0.0,0.0,0.0,0.0
,,3.7237916,9.039049,-0.284551,1687375861065,,0.120651245,-0.5420227,0.9954834,,,,,,-0.06154012,0.18260692,0.02675897,0.0,0.0,0.0,0.0
,,4.0226674,8.573458,-0.26779175,1687375861315,,-0.6900177,0.42204285,-0.36698914,,,,,,-0.46672472,0.065823935,0.16015439,0.0,0.0,0.0,0.0
,,3.9295323,8.450155,-0.31336161,1687375861566,,-0.059387207,0.10992432,-2.5497131,,,,,,-0.5806554,-0.0030762355,0.024924528,0.0,0.0,0.0,0.0
,,4.0444937,9.188686,-0.06839396,1687375861816,,0.28788757,-0.3886261,0.47351074,,,,,,0.36143917,0.3618151,0.14974332,0.0,0.0,0.0,0.0
52.48286572,13.23879956,3.968278,9.258239,-0.14708354,1687375862000,11.792,-0.1414032,-0.33642578,0.9486084,,,,,,0.41876662,0.37038648,0.19211899,0.0,0.0,0.0,0.0
,,4.3260922,8.849189,-0.33291373,1687375862321,,-0.85513306,0.92271423,0.623703,,,,,,0.09036552,0.25356567,0.24066462,0.0,0.0,0.0,0.0
,,4.32713,8.620623,-0.5078898,1687375862573,,-0.5430145,0.72776794,-1.4855194,,,,,,-0.2061934,0.21301517,0.05373799,0.0,0.0,0.0,0.0
,,4.153071,9.252413,-0.40034994,1687375862826,,0.06738281,-0.02217102,0.005859375,,,,,,0.2871602,0.49171698,-0.0064239097,0.0,0.0,0.0,0.0
,,3.8141718,9.38569,-0.42105967,1687375863077,,0.1131897,-0.22137451,1.4759216,,,,,,0.3916829,0.42023528,-0.004110189,0.0,0.0,0.0,0.0
,,4.01281,9.140722,-0.5531006,1687375863328,,0.65966797,-0.9830475,1.3257141,,,,,,-0.043006215,0.36945215,-0.057329495,0.0,0.0,0.0,0.0
,,4.0983233,8.48958,-0.3536626,1687375863579,,0.023712158,0.060913086,-1.7646179,,,,,,-0.42171118,-0.036816962,0.10957031,0.0,0.0,0.0,0.0
,,4.1420574,9.071731,-0.10805715,1687375863829,,-0.72410583,-0.37690735,-1.6239929,,,,,,0.15561657,0.31295612,0.25268057,0.0,0.0,0.0,0.0
,,3.9152074,9.642826,0.0150848385,1687375864082,,0.35073853,0.8012848,0.9709778,,,,,,0.5833705,0.5875761,0.3111724,0.0,0.0,0.0,0.0
,,4.0248227,9.505998,-0.10043538,1687375864332,,0.9036102,-1.3132782,0.24980164,,,,,,0.35313162,0.5844934,0.21555771,0.0,0.0,0.0,0.0
,,4.14996,8.847275,-0.34995067,1687375864583,,-0.5877533,0.4529419,-1.4013672,,,,,,-0.18187258,0.28158903,0.07472073,0.0,0.0,0.0,0.0
,,3.902479,8.865072,-0.49112904,1687375864834,,-0.3832245,0.0055236816,-1.4397125,,,,,,-0.19719757,0.23977892,-0.106814235,0.0,0.0,0.0,0.0
52.48296516,13.23892719,3.4266708,9.431101,-0.7034149,1687375865000,11.792,0.11212158,0.65319824,1.4737854,,,,,,0.036480125,0.49877265,-0.3562687,0.0,0.0,0.0,0.0
,,3.3730016,9.250458,-0.8449524,1687375865337,,0.1685791,-0.3449402,1.1510162,,,,,,-0.25834474,0.3593544,-0.5140785,0.0,0.0,0.0,0.0
,,3.8822083,8.38216,-0.87559867,1687375865590,,-0.9914856,0.37304688,-0.6365051,,,,,,-0.52857834,-0.12845804,-0.37062582,0.0,0.0,0.0,0.0
,,3.602526,8.282641,-1.1064397,1687375865840,,0.67352295,-1.3196716,-1.0945587,,,,,,-0.9197191,-0.14320526,-0.5488092,0.0,0.0,0.0,0.0
,,3.5168126,8.956928,-0.81227213,1687375866092,,0.1835022,-0.0594635,0.8559418,,,,,,-0.25932387,0.15903959,-0.347322,0.0,0.0,0.0,0.0
,,3.5344107,9.037374,-0.70732677,1687375866343,,-0.0071868896,0.29208374,1.3864441,,,,,,-0.08262928,0.1648167,-0.18203934,0.0,0.0,0.0,0.0
,,4.040704,8.734628,-0.5169881,1687375866595,,-0.050857544,-0.45892334,1.0711212,,,,,,-0.28961238,0.15199384,0.06464376,0.0,0.0,0.0,0.0
,,4.483231,8.1332035,-0.49635825,1687375866845,,0.11000061,0.709671,-1.3726044,,,,,,-0.27534086,-0.14953385,0.08590578,0.0,0.0,0.0,0.0
,,4.0658417,8.680479,-0.42445222,1687375867096,,-0.037017822,-0.11804199,-0.9880371,,,,,,-0.2612228,0.14243597,0.07505586,0.0,0.0,0.0,0.0
,,3.875302,8.884226,-0.035155233,1687375867348,,-0.022094727,-0.06690979,0.42131042,,,,,,0.14154531,0.11031604,0.48148054,0.0,0.0,0.0,0.0
,,3.8622549,8.877282,-0.06635997,1687375867598,,0.17178345,0.14933777,1.2085419,,,,,,-0.009144044,0.13570675,0.48673317,0.0,0.0,0.0,0.0
,,4.216716,8.772217,-0.013687134,1687375867849,,-0.05831909,-0.17982483,0.9582062,,,,,,0.017511837,0.17183505,0.49662957,0.0,0.0,0.0,0.0
52.48305158,13.23908502,4.376849,8.49812,-0.29424796,1687375868000,11.792,-0.18508911,0.18128967,-0.26472473,,,,,,0.048303206,0.05298977,0.27979004,0.0,0.0,0.0,0.0
,,4.1659207,8.635667,-0.38941753,1687375868358,,-0.03274536,-0.18089294,-1.8274689,,,,,,-0.09043417,0.13691063,0.19864765,0.0,0.0,0.0,0.0
,,4.0916996,8.662123,-0.47983804,1687375868609,,-0.20213318,-0.13935852,-0.49375916,,,,,,-0.07726837,0.11084172,0.1365313,0.0,0.0,0.0,0.0
,,4.1336384,8.563243,-0.5750473,1687375868862,,0.13874817,0.29847717,0.6673889,,,,,,-0.06509366,0.012083117,0.021410875,0.0,0.0,0.0,0.0
,,4.103431,8.545565,-0.6422048,1687375869113,,0.011993408,0.43162537,1.006134,,,,,,-0.16250534,0.0133375805,-0.038611174,0.0,0.0,0.0,0.0
,,4.2066216,8.516436,-0.62899625,1687375869366,,0.4242401,-0.5377655,0.90919495,,,,,,-0.13920443,0.03931276,-0.025896642,0.0,0.0,0.0,0.0
,,4.3144803,8.489382,-0.59368134,1687375869617,,-0.0146484375,-0.14468384,-0.6673889,,,,,,-0.10153209,0.0151759945,0.052814856,0.0,0.0,0.0,0.0
,,4.1774125,8.644286,-0.51255697,1687375869868,,0.10786438,-0.42271423,-1.7070923,,,,,,-0.1435596,0.09765182,0.15602212,0.0,0.0,0.0,0.0
,,4.1510367,8.65071,-0.46702728,1687375870120,,-0.1797638,0.0012664795,-0.8634033,,,,,,-0.050765853,0.05741385,0.19717306,0.0,0.0,0.0,0.0
,,4.2405796,8.744004,-0.5421651,1687375870371,,0.3177185,0.09500122,0.94755554,,,,,,0.026946187,0.15570058,0.1261349,0.0,0.0,0.0,0.0
,,4.2646813,8.746358,-0.5914459,1687375870622,,0.39442444,0.45080566,1.2415619,,,,,,-0.052042868,0.19690964,0.10256994,0.0,0.0,0.0,0.0
,,4.2329984,8.522501,-0.8583196,1687375870873,,0.530777,-0.31192017,0.45007324,,,,,,-0.14310159,0.045370355,0.043517184,0.0,0.0,0.0,0.0
52.48314928,13.23923908,4.241098,8.520585,-1.2283839,1687375871000,11.792,-0.4354248,0.11099243,-0.4852295,,,,,,-0.07131462,0.05140686,-0.15648733,0.0,0.0,0.0,0.0
,,4.2694693,8.521543,-1.3649343,1687375871375,,-0.23196411,-0.5601349,-1.5728607,,,,,,-0.03724653,0.03204546,-0.25004548,0.0,0.0,0.0,0.0
,,4.1877074,8.544687,-1.4465373,1687375871626,,-0.022094727,-0.13508606,-0.7547455,,,,,,-0.07432146,0.050314393,-0.3185631,0.0,0.0,0.0,0.0
,,4.1642838,8.508894,-1.451006,1687375871879,,0.35073853,0.082229614,0.83143616,,,,,,-0.09208815,0.040600426,-0.26920018,0.0,0.0,0.0,0.0
,,4.265399,8.479405,-1.4195622,1687375872130,,-0.11477661,0.47743225,1.20961,,,,,,0.05099392,0.038977847,-0.20826595,0.0,0.0,0.0,0.0
,,4.616509,8.478328,-1.1370071,1687375872381,,0.2857666,-2.1356506,0.41705322,,,,,,0.20030859,0.068556644,-0.036261875,0.0,0.0,0.0,0.0
,,4.62046,8.611605,-0.8315862,1687375872631,,-0.76779175,-0.19049072,-0.92518616,,,,,,0.11745812,0.092600316,0.033262786,0.0,0.0,0.0,0.0
,,4.226374,8.738497,-0.888089,1687375872884,,-0.49934387,-0.12869263,-1.5025635,,,,,,-0.044699542,0.076815955,-0.20370294,0.0,0.0,0.0,0.0
,,4.12087,8.831511,-0.77340645,1687375873135,,0.10786438,-0.12976074,0.5001373,,,,,,-0.020807922,0.145374,-0.09544076,0.0,0.0,0.0,0.0
,,4.2150826,8.864431,-0.81945544,1687375873385,,0.11958313,0.34428406,1.0679169,,,,,,-0.07741998,0.16632168,-0.11505702,0.0,0.0,0.0,0.0
,,4.4492745,8.804058,-0.79016674,1687375873635,,0.388031,-0.7082062,1.1787109,,,,,,-0.09652173,0.20714426,-0.16327442,0.0,0.0,0.0,0.0
,,3.908664,8.547918,-1.0551646,1687375873886,,-0.04234314,0.15359497,-0.36166382,,,,,,-0.5734209,0.013817326,-0.43549165,0.0,0.0,0.0,0.0
52.48323573,13.23939416,3.6593475,8.749192,-0.8492233,1687375874000,11.792,0.0087890625,-0.039215088,-1.1446381,,,,,,-0.56454414,0.15923902,-0.21393612,0.0,0.0,0.0,0.0
