92#1#2
key,lat,lon,ts,bike,childCheckBox,trailerCheckBox,pLoc,incident,i1,i2,i3,i4,i5,i6,i7,i8,i9,scary,desc,i10
,,,,1,0,0,0,-5,0,0,0,0,0,0,0,0,0,0,,0

=========================
92#1
lat,lon,X,Y,Z,timeStamp,acc,a,b,c,obsDistanceLeft1,obsDistanceLeft2,obsDistanceRight1,obsDistanceRight2,obsClosePassEvent,XL,YL,ZL,RX,RY,RZ,RC
52.54637968,13.3590238,1.3686945,5.022057,-7.6972327,1688726988000,4.4214954,-2.5299728,0.2603811,-0.38698283,,,,,,-0.18658741,-0.020128028,0.35347396,0.842563,-0.4424897,-0.05791385,0.27758586
,,1.3418155,5.6597433,-7.381778,1688726988377,,-0.49334967,-0.1763872,0.21349724,,,,,,-0.17693962,0.21319039,0.39930084,0.8327425,-0.44447047,-0.07070312,0.2962763
,,1.2410774,6.613044,-7.1399436,1688726988629,,1.9604942,0.24633121,-0.21105379,,,,,,-0.16824183,0.47828457,0.16650511,0.818138,-0.44391182,-0.09797838,0.33083984
,,1.0860225,6.028955,-7.3134227,1688726988881,,0.4333322,0.29153523,0.107817635,,,,,,-0.2571479,0.3557447,0.31782112,0.8242275,-0.44894066,-0.08755168,0.30913073
,,1.1030911,5.321319,-7.5809407,1688726989133,,-2.2935681,-0.39263335,-0.29474226,,,,,,-0.3648049,0.052495893,0.3940298,0.83488965,-0.44990894,-0.06539622,0.2854162
,,0.9639885,5.972964,-7.159804,1688726989384,,0.8010728,0.23472479,-0.18112141,,,,,,-0.55929387,0.19324723,0.27203384,0.82323235,-0.44467834,-0.074972495,0.3177055
,,1.177827,6.651728,-7.121758,1688726989634,,2.1498623,0.14004076,-0.015577052,,,,,,-0.41742367,0.30139878,-0.035866022,0.81956196,-0.4294702,-0.08749568,0.3498362
,,1.1144971,5.7352767,-7.209894,1688726989885,,-1.2135593,-0.69562227,0.60689414,,,,,,-0.53749454,0.12604894,0.29290766,0.8388677,-0.41631034,-0.06506871,0.3160137
,,1.2590235,5.3877583,-7.5235925,1688726990135,,-1.883067,-0.64553136,-0.318566,,,,,,-0.32578382,0.028540134,0.29997343,0.8545287,-0.40343875,-0.049709633,0.29765502
,,1.1929018,6.134001,-7.2510505,1688726990386,,1.2848777,-0.039553493,-0.1084285,,,,,,-0.21878806,0.16869147,0.07935524,0.8479481,-0.39069864,-0.068351716,0.32648662
,,1.3125428,6.3739214,-7.2209,1688726990636,,1.9023093,0.3846921,0.8540653,,,,,,0.06506675,0.47085583,0.11300046,0.85086447,-0.38401762,-0.07639222,0.326019
,,1.4663216,5.330252,-7.5956163,1688726990887,,-2.5515058,-0.03375028,-0.5002219,,,,,,0.18573408,0.091868095,0.31465727,0.8658916,-0.38808504,-0.0572076,0.284738
52.54631666,13.35919884,1.2365309,5.7438903,-7.3150187,1688726991000,4.4642353,0.40080366,-0.058795735,0.3030653,,,,,,0.24684392,0.29970926,0.43358248,0.86000514,-0.39360696,-0.06938888,0.28860644
,,1.3481961,6.6066623,-7.2631745,1688726991390,,1.6677372,0.076816246,-0.013973532,,,,,,0.4562787,0.38593113,0.089805506,0.8411869,-0.40402254,-0.09607126,0.32367355
,,1.3766708,6.3721666,-7.236295,1688726991640,,1.4630975,0.5233584,0.48632473,,,,,,0.37254733,0.3900019,0.20639665,0.83853304,-0.4152501,-0.09431698,0.31664628
,,1.409213,5.246264,-7.6706715,1688726991891,,-2.3981788,0.51541716,-0.37255114,,,,,,0.13841833,0.04015131,0.38438112,0.845928,-0.43033403,-0.06827937,0.28059927
,,1.425165,5.6366916,-7.499425,1688726992142,,-0.8868993,-0.90606517,-0.04696023,,,,,,0.061154105,0.035809975,0.23137249,0.8346637,-0.43709323,-0.0754086,0.3003438
,,1.3781064,6.518287,-7.1397033,1688726992393,,1.4630975,0.3016145,0.027565273,,,,,,-0.017084587,0.23981859,0.045230817,0.8163617,-0.43841413,-0.10237062,0.33982942
,,1.6637295,5.9225554,-7.4088955,1688726992644,,2.2486696,0.052381653,0.12530364,,,,,,0.004179859,0.082426384,0.16113503,0.81919163,-0.44685996,-0.091949984,0.32635695
,,1.6794423,5.0027537,-7.767261,1688726992895,,-1.6510911,0.25396705,0.07093667,,,,,,-0.0051582577,-0.14599565,0.2772679,0.82901734,-0.45564932,-0.06587041,0.28986531
,,1.7308881,5.2712283,-7.609176,1688726993145,,-1.7109559,-0.49617493,-0.27725625,,,,,,0.024611512,-0.12359737,0.2550298,0.8231331,-0.45865867,-0.06917031,0.30111405
,,1.6723437,6.474739,-7.071828,1688726993397,,0.6958513,-0.10644319,-0.03657553,,,,,,0.19429666,0.2748676,0.1506496,0.8068955,-0.45640263,-0.10074512,0.33896235
,,1.6134003,6.3635535,-7.1237516,1688726993650,,1.9658393,0.052381653,0.00923933,,,,,,0.17703,0.29422423,0.31948262,0.80559283,-0.46477807,-0.104450576,0.33008084
,,1.6315858,5.2827945,-7.4536424,1688726993902,,-1.1886665,-0.17119485,0.4258491,,,,,,0.25108737,0.13897991,0.5437087,0.817437,-0.47761643,-0.07791295,0.2857151
52.54623032,13.35940323,1.5140984,5.2572713,-7.518089,1688726994000,10.096638,-1.9730169,-0.48517936,-0.33773187,,,,,,0.102946125,0.09959574,0.41913176,0.81439054,-0.4855529,-0.07362366,0.28126657
,,1.4380867,6.2427144,-6.9556155,1688726994403,,0.50831586,-0.43325585,-0.039629854,,,,,,-0.003416876,0.27149314,0.33825648,0.79421884,-0.4850865,-0.107310265,0.32462406
,,1.3592829,6.581538,-7.1142607,1688726994654,,2.0275366,0.60887945,0.08743002,,,,,,0.0029710212,0.41376242,0.14149478,0.7861125,-0.49154577,-0.12073945,0.33056596
,,1.5126626,5.5684175,-7.5155377,1688726994906,,-0.7531199,0.10002911,0.14973822,,,,,,-0.042150714,0.19211537,0.31163132,0.7970416,-0.5028843,-0.09367427,0.29244116
,,1.4983853,5.2650876,-7.5615587,1688726995157,,-1.9626322,-0.62384564,-0.3126864,,,,,,-0.08143567,0.041016676,0.25705227,0.7976092,-0.50778836,-0.08309541,0.28512374
,,1.4482161,6.4115677,-7.2778497,1688726995407,,0.6921862,-0.05146536,-0.012140937,,,,,,-0.1366969,0.2572565,-0.014936479,0.78025824,-0.50398225,-0.11336533,0.32780567
,,1.4410379,6.7414594,-7.203194,1688726995657,,2.0263147,0.18738277,0.15157083,,,,,,-0.08049785,0.32045832,-0.020222362,0.7745177,-0.5034228,-0.1266807,0.33936098
,,1.415913,5.8601823,-7.5907516,1688726995910,,-0.829478,0.11285727,0.03978257,,,,,,-0.14258197,0.23668383,0.19819085,0.78986984,-0.5102355,-0.09677319,0.2997543
,,1.5001403,5.382735,-7.6219378,1688726996162,,-2.2167518,-0.41554075,-0.09155336,,,,,,-0.17787854,0.035281632,0.2756925,0.7955396,-0.5113195,-0.08214338,0.288145
,,1.470629,6.3422556,-7.1842904,1688726996414,,0.97501653,-0.0019853106,-0.08239039,,,,,,-0.109197155,0.15619808,0.072544195,0.779228,-0.50646013,-0.11320349,0.32666266
,,1.4113668,6.7221556,-7.1956954,1688726996665,,2.1191664,0.2686278,0.10331251,,,,,,-0.074510686,0.32633406,-0.08138771,0.77337676,-0.50685793,-0.12803918,0.33676395
,,1.5511874,5.7357554,-7.5200825,1688726996918,,-1.3346632,0.07742711,-0.018249584,,,,,,0.00101341,0.13086332,0.16174336,0.7868712,-0.5152407,-0.09800443,0.29849243
52.54613931,13.35957181,1.4497315,5.5943394,-7.528777,1688726997000,11.134885,-2.0799181,-0.549931,-0.27542365,,,,,,-0.12181759,0.20781985,0.19863893,0.7891961,-0.5183317,-0.08816378,0.29081985
,,1.426202,6.502176,-7.157491,1688726997427,,1.1869866,-0.21090107,-0.15263984,,,,,,-0.052805953,0.32648474,-0.029711898,0.7721271,-0.5145775,-0.12024425,0.32885483
,,1.3776278,6.742654,-7.0381694,1688726997678,,2.229122,-0.13087778,0.012293654,,,,,,-0.047813155,0.48335737,0.06789708,0.7676636,-0.5170782,-0.13175592,0.3332538
,,1.3984451,5.662455,-7.433703,1688726997929,,-1.6761366,0.024281874,-0.15691589,,,,,,-0.052636705,0.33357522,0.34800395,0.7815092,-0.52791667,-0.10224011,0.2883958
,,1.4861023,5.5964923,-7.453005,1688726998179,,-1.7207297,-0.64522594,-0.009697478,,,,,,0.0068746856,0.38476703,0.45875853,0.7816503,-0.53368706,-0.1008404,0.27802238
,,1.3345569,6.464928,-7.0201426,1688726998432,,1.1882083,0.084757484,0.36476263,,,,,,0.10093595,0.52648395,0.35928366,0.76258194,-0.5366096,-0.14075294,0.30566922
,,1.1494321,6.485746,-6.9163737,1688726998684,,1.4569888,0.22586726,0.07276927,,,,,,0.18996105,0.67426765,0.50548244,0.75268424,-0.5522373,-0.15294601,0.29625252
,,1.2831113,5.5373106,-7.3863244,1688726998935,,-2.9070292,0.64247704,-0.39759663,,,,,,0.2917979,0.56262743,0.60426396,0.7532122,-0.5787992,-0.12717146,0.25345987
,,1.2720245,5.6068625,-7.1318088,1688726999187,,-1.7164537,0.23503022,-0.029245151,,,,,,0.21527706,0.40439308,0.54730135,0.7365065,-0.59322625,-0.13798405,0.25949314
,,1.1834902,6.8557563,-6.8057466,1688726999439,,1.7886884,0.26740605,-0.0457385,,,,,,0.28006586,0.6987417,0.06618317,0.70589805,-0.599746,-0.1783114,0.30269483
,,1.0211769,6.572526,-6.739225,1688726999690,,2.012265,0.70783955,0.2841285,,,,,,-0.052866656,0.48722076,0.065731555,0.6953077,-0.61231554,-0.17387967,0.306903
,,1.1046865,5.6456256,-7.199126,1688726999943,,-2.4592652,0.07498365,-0.66759884,,,,,,-0.40668878,0.22175114,0.03682006,0.70124984,-0.6230695,-0.13457166,0.28921852
52.54604169,13.35971915,1.3281761,5.9076405,-7.1234326,1688727000000,11.1414995,-0.5417607,-0.03619374,-0.08544471,,,,,,-0.54372823,0.013074326,-0.26468632,0.69706637,-0.6123613,-0.1374247,0.31546825
,,1.2947563,6.8714695,-6.7767124,1688727000445,,2.2938735,0.043218683,-0.11110103,,,,,,-0.6565923,0.08336051,-0.4799554,0.69231707,-0.590867,-0.16257055,0.35903886
,,1.2240087,6.4420376,-7.0506115,1688727000696,,1.325653,0.1867719,0.31344998,,,,,,-0.72962207,0.14200719,-0.34312847,0.7093584,-0.5822554,-0.14211528,0.3441494
,,1.3398212,5.350032,-7.3481984,1688727000947,,-2.4024549,-0.08811724,-0.46662432,,,,,,-0.8472824,-0.25325412,0.031573724,0.7356692,-0.57742226,-0.1036025,0.3123146
,,1.3473984,5.95757,-7.189874,1688727001199,,-0.021914775,-0.035582874,0.1381318,,,,,,-0.58578885,0.020942116,-0.054450765,0.7376718,-0.561997,-0.11810594,0.32741457
,,1.3142976,6.817231,-6.9596844,1688727001449,,2.1765876,0.02489274,0.03367392,,,,,,-0.3210678,0.28167337,-0.12165645,0.7351028,-0.5487474,-0.1478902,0.34748045
,,1.2646066,6.094119,-7.2803216,1688727001704,,0.22792892,0.3065014,0.28351763,,,,,,-0.34582978,0.26991278,0.13734128,0.7505544,-0.55110353,-0.12670724,0.3138662
,,1.3003395,5.3357544,-7.646185,1688727001955,,-2.4452155,-0.022754714,-0.5606975,,,,,,-0.32966048,0.10056737,0.21124421,0.76456624,-0.55575454,-0.1007497,0.28459233
,,1.1488739,5.990351,-7.21763,1688727002205,,0.89926934,0.35781404,0.24808747,,,,,,-0.29918858,0.21683799,0.17904879,0.7527395,-0.54998404,-0.12391984,0.311193
,,1.1827722,6.8241696,-7.300342,1688727002457,,2.2297328,0.27656904,-0.25954118,,,,,,-0.15859726,0.56146216,-0.14153162,0.74430335,-0.5461308,-0.14619522,0.3328926
,,1.2643675,5.7790656,-7.53125,1688727002709,,-0.987692,-0.25060728,0.062384564,,,,,,-0.2536896,0.1797636,0.18186943,0.7586189,-0.5506115,-0.11745799,0.2992236
,,1.3330414,5.5275803,-7.729216,1688727002959,,-2.4268894,-0.37216938,-0.24976733,,,,,,-0.31203192,0.21171208,0.15757729,0.7678169,-0.55000865,-0.100323334,0.28602
52.54593891,13.35991679,1.269552,6.3487964,-7.218508,1688727003000,10.730647,1.077031,-0.24938555,-0.09705114,,,,,,-0.24228314,0.22277628,0.016253391,0.75444084,-0.54111946,-0.12847315,0.3219947
,,1.1887544,6.7598042,-6.9521074,1688727003463,,2.2150722,-0.15042545,0.25847217,,,,,,-0.35760534,0.4816243,0.16122924,0.7506505,-0.5369494,-0.14152284,0.33642015
,,1.3731612,5.728019,-7.383135,1688727003717,,-1.7653228,-0.060017463,-0.17951788,,,,,,-0.37827727,0.13364251,0.25599793,0.7658281,-0.5421722,-0.10928883,0.3032271
,,1.4399208,5.5698533,-7.342216,1688727003969,,-1.3584869,-0.23777911,-0.19051345,,,,,,-0.48134184,0.049263604,0.21752858,0.7698716,-0.5376899,-0.10161543,0.3040131
,,1.3487542,6.534001,-7.0990252,1688727004220,,1.4386629,0.40362892,-0.08239039,,,,,,-0.45628145,0.19808073,-0.11543688,0.75681776,-0.52800035,-0.13062468,0.34239236
,,1.3182856,6.498907,-7.1387463,1688727004480,,1.691561,0.09758565,0.245644,,,,,,-0.3781722,0.21257804,-0.09811605,0.7601625,-0.5243993,-0.13087362,0.3401266
,,1.4629719,5.5122666,-7.528777,1688727004730,,-2.2295802,-0.14737113,-0.30657777,,,,,,-0.29715362,-0.0074228686,0.092205495,0.777259,-0.5284096,-0.09814019,0.30397734
,,1.5927426,5.7461243,-7.4911304,1688727004981,,-0.563141,-0.77839446,0.06360629,,,,,,-0.07429888,-0.055834897,-0.092530094,0.7765973,-0.52269644,-0.10345646,0.31143254
,,1.599522,6.6386466,-7.2366133,1688727005233,,1.6445243,0.11285727,0.03489565,,,,,,2.272288E-4,0.24846892,-0.2600637,0.76688904,-0.5149027,-0.1319469,0.33975658
,,1.5373085,6.118288,-7.253204,1688727005487,,0.4227948,0.5874992,0.02328922,,,,,,0.06388664,0.10219741,0.12198545,0.7737261,-0.51909596,-0.121897526,0.3179203
,,1.64012,5.367101,-7.5101933,1688727005738,,-2.374355,-0.36422813,-0.08666644,,,,,,0.04581399,0.0023235003,0.42337742,0.785718,-0.5270863,-0.09661279,0.28591546
,,1.59697,5.85763,-7.116015,1688727005993,,0.71478814,0.26496258,0.2541961,,,,,,0.025312586,0.066429965,0.3940708,0.7735794,-0.5271643,-0.11522876,0.30581972
52.54583805,13.36007833,1.6606191,6.702774,-7.043033,1688727006000,11.442669,2.0458624,-0.022143848,0.19066617,,,,,,0.19231114,0.31106383,0.18157926,0.7614443,-0.5275522,-0.13874708,0.33062774
,,1.5542179,5.813761,-7.2504115,1688727006498,,-1.2357031,0.15317434,-0.061620984,,,,,,0.020927412,0.070963,0.4727497,0.76778257,-0.5386682,-0.11688911,0.3012794
,,1.5995218,5.5252676,-7.471509,1688727006750,,-2.1807108,-0.32757625,-0.1721875,,,,,,0.025200633,0.040496826,0.45895347,0.77150565,-0.5455982,-0.10060571,0.2881833
,,1.4523634,6.305248,-7.108519,1688727007002,,1.284725,0.28451028,-0.007864884,,,,,,-0.09202542,0.2101546,0.27085304,0.7553588,-0.5429958,-0.12696597,0.31951633
,,1.4971892,6.882477,-7.1040516,1688727007252,,2.0806818,0.13179408,0.09231694,,,,,,0.11682836,0.43593723,0.069645025,0.7483168,-0.5437471,-0.13973339,0.33386296
,,1.6265614,5.794619,-7.5108314,1688727007504,,-2.2735624,0.21548255,-0.15691589,,,,,,0.064754985,0.026159216,0.26518747,0.7589408,-0.55341893,-0.10715781,0.30173582
,,1.6554347,5.678647,-7.4977503,1688727007755,,-1.316948,0.039553493,-0.046349365,,,,,,-0.13145167,-0.0075392406,0.22473624,0.75892323,-0.55336285,-0.10158758,0.30340844
,,1.5193628,6.6951976,-7.1018176,1688727008006,,1.9163592,0.32971427,-0.081779525,,,,,,-0.20106487,0.25355518,-0.027076276,0.74387336,-0.5466263,-0.13159923,0.33985093
,,1.5813366,6.5089564,-7.178388,1688727008257,,1.3684134,0.44577858,-0.057955798,,,,,,-0.11795126,0.13537957,0.04618672,0.74541,-0.5474335,-0.13013081,0.33509701
,,1.7464412,5.5385876,-7.4928846,1688727008508,,-2.39207,-0.053908817,-0.3352884,,,,,,-0.13314866,-0.103475936,0.2192398,0.7599863,-0.55337554,-0.09655127,0.30288753
,,1.7356738,5.742296,-7.2012,1688727008759,,-0.1758527,-0.5542071,0.16378812,,,,,,-0.17738813,-0.13553376,0.17775542,0.7558531,-0.54875565,-0.105705954,0.31479433
52.54573732,13.36026243,1.7159727,6.1625547,-7.063453,1688727009000,11.421013,0.010461059,0.32116216,0.1589012,,,,,,-0.09715812,0.029686468,0.17152412,0.75221103,-0.54455763,-0.12206502,0.32615688
,,1.8423936,6.735238,-7.01097,1688727009009,,1.9994367,0.6797398,0.50465065,,,,,,-0.06740296,0.23791726,-0.13520862,0.7448904,-0.54103595,-0.13538414,0.34615856
,,1.8381661,5.5551767,-7.4138427,1688727009511,,-2.2308018,-0.066126116,0.13202316,,,,,,-0.005482896,-0.03693695,0.31486705,0.7648342,-0.5493384,-0.09624055,0.30069482
,,1.8270794,6.1851277,-6.969336,1688727009763,,0.69707304,0.18249585,0.13874267,,,,,,0.03453084,0.00884126,0.2173709,0.7544631,-0.5444222,-0.116733454,0.3230471
,,1.7722839,6.982735,-6.895797,1688727010017,,2.1729224,-0.19501857,0.14485131,,,,,,0.11581421,0.30886364,0.01372509,0.7459289,-0.5407395,-0.13965873,0.3452633
,,1.7286547,6.0727444,-7.084191,1688727010270,,-1.3426044,0.038331766,-0.074449144,,,,,,-0.067029685,0.050538957,0.2986097,0.75641644,-0.5479303,-0.11373833,0.3152315
,,1.659981,5.7359147,-7.223851,1688727010520,,-1.9699626,-0.5584831,-0.056734066,,,,,,-0.11058671,-0.058872525,0.43809503,0.7626667,-0.5509845,-0.09879081,0.3028592
,,1.6779271,6.629714,-6.9773107,1688727010772,,1.5119667,0.06276636,-0.06772963,,,,,,0.039958872,0.17238815,0.111537345,0.74902046,-0.54611367,-0.12649564,0.33132055
,,1.7691733,6.8307905,-6.9462056,1688727011024,,1.9908847,-0.251829,0.22243114,,,,,,0.17070998,0.21212299,0.039957236,0.7453011,-0.5468101,-0.13531733,0.337309
,,1.6740186,5.7073607,-7.3926263,1688727011274,,-2.437885,0.29184064,-0.2937496,,,,,,-0.08942785,-0.027319701,0.28461632,0.7579535,-0.55545455,-0.1032862,0.30257094
,,1.7075182,5.7948585,-7.2157965,1688727011525,,-0.7097485,0.019394957,0.07093667,,,,,,-0.05542185,-0.040717363,0.3282372,0.7567405,-0.55539054,-0.10273683,0.3050472
,,1.6873387,6.6494946,-7.085945,1688727011777,,1.7941862,0.5893318,0.08743002,,,,,,-0.046869297,0.20116872,-0.02730407,0.7425946,-0.55077803,-0.13277455,0.33674204
52.54563376,13.36044717,1.6914067,5.404669,-7.3682985,1688727012000,11.792987,-2.3468661,-0.18341215,-0.3041343,,,,,,-0.2422385,-0.10170865,0.39450967,0.7573436,-0.56036705,-0.09911602,0.29838625
,,1.6467404,6.3667426,-7.112266,1688727012027,,1.0868047,0.55695593,0.016569708,,,,,,-0.030651812,0.1350637,0.106951706,0.7445285,-0.5542478,-0.12920536,0.326674
,,1.6288744,5.8265233,-7.1535034,1688727012528,,0.15218168,-0.55970484,0.1466839,,,,,,-0.26111543,-0.012231429,0.31211564,0.7504596,-0.555576,-0.11328929,0.31449705
,,1.7694926,6.803832,-6.9756374,1688727012778,,1.9243004,0.31994042,0.22243114,,,,,,-0.04497302,0.3181039,0.029478056,0.7399396,-0.5496058,-0.1411387,0.34339568
,,1.77037,6.0721064,-7.2340617,1688727013029,,-0.5460368,0.2197586,0.22915065,,,,,,-0.08394524,0.078430094,0.22765303,0.74863756,-0.5545311,-0.1228712,0.31856135
,,1.8186252,5.5730433,-7.3903127,1688727013280,,-2.143448,-0.59635675,-0.30535603,,,,,,-0.0067669232,-0.012441333,0.48142093,0.75826156,-0.5581686,-0.101213,0.29972115
,,1.7180465,6.2861047,-7.0358567,1688727013532,,1.3421463,0.14828743,0.20593779,,,,,,-0.0103151025,0.11301342,0.28288147,0.74677956,-0.551481,-0.12543397,0.32578352
,,1.7205988,6.8591065,-7.008099,1688727013782,,1.9297982,0.039553493,0.036728244,,,,,,0.11317179,0.34666893,0.06435455,0.7401537,-0.5496341,-0.14365871,0.34079307
,,1.6835102,5.7769914,-7.2346196,1688727014035,,-2.166661,0.34254244,-0.31879506,,,,,,-0.043724127,0.03600816,0.36674303,0.7514299,-0.5580355,-0.11431139,0.30865544
,,1.612284,5.6993847,-7.264849,1688727014286,,-1.8245767,-0.19868377,-0.34139705,,,,,,-0.13869704,-0.0036273003,0.3340872,0.7543621,-0.5590223,-0.104558565,0.30459473
,,1.5099508,6.535677,-6.924432,1688727014539,,1.5565598,0.159283,0.061162837,,,,,,-0.12912984,0.22366077,0.15087403,0.7396677,-0.5542077,-0.13270585,0.3364617
,,1.5121043,6.584171,-7.0061855,1688727014791,,1.5070797,0.21853687,0.24992006,,,,,,-0.12609175,0.3458433,0.017892504,0.73849446,-0.5560594,-0.13499646,0.3357077
52.54553882,13.36064467,1.6417156,6.020342,-7.13133,1688727015000,11.895351,-0.16058108,-1.2078323,0.19677481,,,,,,-0.14368874,0.28310734,0.20111424,0.74721724,-0.56047684,-0.10768334,0.31562012
,,1.670669,5.6371713,-7.2961164,1688727015043,,-2.370079,0.016951498,-0.5778017,,,,,,-0.18764766,0.09322406,0.21326761,0.7510824,-0.5641853,-0.10114241,0.30529255
,,1.8046666,6.899465,-6.986085,1688727015545,,1.9016985,-0.44486228,0.25358525,,,,,,0.010810097,0.47706142,-0.113072954,0.73535323,-0.55493873,-0.13584416,0.34542504
,,1.7460424,6.349196,-7.0590663,1688727015797,,-0.092164226,0.12996148,0.37636906,,,,,,0.009513152,0.4422121,0.19399528,0.7410594,-0.5603828,-0.12357783,0.324151
,,1.9272587,5.6599035,-7.4252486,1688727016047,,-2.464152,-0.3911062,-0.47334385,,,,,,0.06699077,0.25690815,0.2913303,0.7520784,-0.56650823,-0.09936035,0.29905128
,,2.0328622,6.171968,-7.0139217,1688727016300,,0.6579777,-0.37705627,0.048334677,,,,,,0.24874698,0.24786748,0.3156057,0.7426116,-0.5612675,-0.12243988,0.31835374
,,2.1651056,6.7534237,-7.0999036,1688727016551,,1.876653,0.114079,0.061162837,,,,,,0.5080539,0.2955993,0.030392503,0.7338225,-0.56187606,-0.1470134,0.33241272
,,2.1103103,5.578626,-7.3347197,1688727016801,,-1.5735114,0.10980295,0.16439898,,,,,,0.3317283,-0.0993587,0.36510432,0.74123394,-0.575199,-0.121943995,0.297973
,,2.0104496,5.459543,-7.5058064,1688727017052,,-1.8025856,-0.40149087,-0.33895358,,,,,,0.20651689,-0.034403577,0.2968772,0.74325335,-0.5822258,-0.111749515,0.28598258
,,1.8877777,6.2071424,-7.1082788,1688727017302,,1.2187515,0.038331766,0.035506517,,,,,,0.18118928,0.030013084,0.082550146,0.72649294,-0.5787077,-0.14417441,0.31660718
,,1.8079371,6.5029745,-7.189395,1688727017553,,1.8907028,-0.53038335,0.4741074,,,,,,0.18537456,0.21984813,-0.18203971,0.7205236,-0.58191085,-0.15461785,0.32217082
,,1.8288343,5.3903117,-7.492089,1688727017804,,-2.4549892,0.44089165,-0.49961102,,,,,,0.027087092,-0.1949377,0.02216161,0.72635245,-0.5973728,-0.12428176,0.29206622
52.54543057,13.36084421,1.7142183,6.913582,-6.875537,1688727018000,11.948186,2.1234424,0.058490302,0.22792892,,,,,,-0.06980963,0.33424556,-0.25117508,0.7094532,-0.5818812,-0.1517253,0.3467776
,,1.6768901,5.8501315,-7.115059,1688727018055,,-0.53809553,-0.6330086,-0.018249584,,,,,,-0.14152162,0.10096541,0.15611364,0.72086525,-0.5940773,-0.12512383,0.30730802
,,1.7209182,6.5095134,-6.795297,1688727018559,,0.37087128,0.3168861,0.33971718,,,,,,-0.056678556,0.19781664,0.068757325,0.7161237,-0.5791446,-0.13953702,0.3398781
,,1.9862025,5.8131227,-7.1744795,1688727018809,,-2.2173629,-0.41065386,-0.6059015,,,,,,-0.00624487,0.01828215,0.1399091,0.7310877,-0.58080316,-0.10665488,0.3187312
,,1.9168905,6.2187862,-6.7223964,1688727019062,,1.1405609,0.05299252,0.34338236,,,,,,-0.065480776,0.0137255825,0.24606201,0.7275474,-0.5696352,-0.119066365,0.3387829
,,1.8190237,7.115058,-6.6587467,1688727019312,,2.3738968,-0.48456848,0.27313292,,,,,,-0.092981435,0.43850464,0.052017465,0.72645,-0.5571287,-0.13712741,0.36116874
,,1.8748564,6.0499334,-7.0412784,1688727019562,,-1.439121,0.09269873,-0.042073313,,,,,,-0.09717004,0.17734225,0.21984221,0.739752,-0.562726,-0.11179864,0.3280999
,,1.7851255,5.762715,-7.111707,1688727019814,,-1.7573816,0.16905683,-0.1758527,,,,,,-0.1623521,0.14577004,0.4437961,0.7469941,-0.5673055,-0.09825095,0.31212702
,,1.691327,6.5458856,-6.860542,1688727020065,,1.488143,0.25396705,0.08009964,,,,,,-0.10327182,0.37741116,0.19900727,0.73431075,-0.5626432,-0.12614182,0.33617437
,,1.6224933,6.780541,-6.881918,1688727020315,,1.6720133,0.09025527,0.19677481,,,,,,-0.067740284,0.5159234,0.16154666,0.7302536,-0.56496316,-0.13650645,0.33929652
,,1.7488345,5.798765,-7.155816,1688727020566,,-2.3187664,-0.113162704,-0.47151124,,,,,,-0.1607138,0.23171473,0.484783,0.7395374,-0.5768885,-0.10583435,0.30785954
,,1.8181463,5.85739,-7.1897945,1688727020818,,-0.14897464,-0.1583667,0.1051451,,,,,,-0.27217045,0.26975745,0.39739373,0.7350394,-0.5771409,-0.11003237,0.31366843
52.54531459,13.36105309,1.8610576,6.312984,-7.0818777,1688727021000,11.948839,0.2994001,0.344375,0.24075708,,,,,,-0.14398822,0.24471468,0.16253321,0.72590786,-0.57411754,-0.13386708,0.33177593
,,1.739263,6.825446,-6.9366336,1688727021071,,1.8998659,0.18188499,0.15401429,,,,,,-0.21561679,0.45141512,0.14675267,0.7221368,-0.5707076,-0.14113663,0.34503427
,,2.0502503,5.523034,-7.3901525,1688727021576,,-2.2417974,-0.364839,-0.49777845,,,,,,-0.20089617,-0.043525536,0.33010006,0.73704475,-0.5814972,-0.10618388,0.3060768
,,1.9558135,6.0268817,-7.015676,1688727021838,,0.634154,-0.2328922,0.09109521,,,,,,-0.20945439,0.041033935,0.27084026,0.7282805,-0.57585055,-0.12415457,0.32515
,,2.0177875,6.7637115,-7.043113,1688727022090,,2.0635777,0.17516547,0.08009964,,,,,,-0.067745104,0.29727757,-0.07046759,0.72129524,-0.5701679,-0.14737536,0.34634355
,,1.9354744,5.932924,-7.1457653,1688727022340,,-1.3878084,0.31444263,-0.19295691,,,,,,-0.0028056384,-0.038357254,0.14706726,0.7322791,-0.5759661,-0.121753454,0.31866375
,,1.9887545,5.582056,-7.1606812,1688727022591,,-1.8264093,-0.53221595,-0.3194059,,,,,,-0.042729143,-0.11029943,0.2557306,0.73898053,-0.57844615,-0.10477299,0.30790612
,,1.9250259,6.418029,-6.8134828,1688727022843,,1.3653592,0.64614224,0.16317725,,,,,,-0.11445661,0.1058291,0.11267536,0.72623444,-0.57134724,-0.13061431,0.33672887
,,1.9417758,6.797292,-6.8316684,1688727023093,,1.9450698,0.028557928,0.1277471,,,,,,0.027937671,0.30855846,-0.046290748,0.72259635,-0.56979084,-0.1409935,0.34619564
,,1.9975284,5.766304,-7.1383486,1688727023345,,-2.1410048,0.1800524,-0.50633055,,,,,,-0.119145475,0.027086297,0.26121703,0.7350153,-0.57850814,-0.1078727,0.3147579
,,1.9881165,5.9012585,-7.054919,1688727023595,,-0.7537308,-0.468686,0.061162837,,,,,,-0.095966384,0.08080566,0.22192015,0.73474324,-0.5767423,-0.10651525,0.31822512
,,1.979901,6.8430734,-6.806066,1688727023847,,1.7172172,0.41279188,0.24014622,,,,,,-0.06424333,0.35682806,-0.03575093,0.72186875,-0.5702704,-0.13722797,0.3486525
52.54519541,13.36126595,2.0032709,5.6484976,-7.2452264,1688727024000,11.148261,-2.392681,-0.1443168,-0.50816315,,,,,,-0.17657737,0.10724713,0.29112336,0.73392504,-0.5856007,-0.09973558,0.30889252
,,1.9207984,6.5209203,-6.9398236,1688727024099,,1.04099,0.17577635,0.34521496,,,,,,-0.15519431,0.32631567,0.07456948,0.7234438,-0.5749596,-0.13216765,0.33784395
,,1.8899313,5.990033,-6.942455,1688727024600,,-0.11476622,-0.12843432,0.1711185,,,,,,-0.32831955,0.136957,0.3043897,0.7260415,-0.5825177,-0.11287841,0.32369187
,,1.9678575,6.8084583,-6.800641,1688727024851,,1.8516076,0.46349365,0.09720386,,,,,,-0.13304013,0.2884819,-0.064440586,0.71272117,-0.5777413,-0.14300081,0.35250175
,,1.9369903,6.204111,-6.9746,1688727025101,,0.46189013,-0.10583232,0.4014145,,,,,,-0.26948434,0.1444604,0.116115905,0.71768916,-0.5850902,-0.1273351,0.33342037
,,1.8841882,5.5529437,-7.1661053,1688727025354,,-2.4843106,-0.33246315,-0.7103594,,,,,,-0.34105027,-0.034988005,0.3268696,0.7256553,-0.5929539,-0.10207566,0.31230375
,,1.6760924,6.3868413,-6.8090954,1688727025605,,-0.6963095,-0.50045097,-0.58391035,,,,,,-0.4018443,0.19702326,0.055280264,0.71432686,-0.5808795,-0.13216262,0.34051403
,,1.2889336,7.2949185,-6.021936,1688727025855,,-0.14042254,-1.1565198,0.12224931,,,,,,-0.28421956,0.17933135,-0.08562699,0.69252986,-0.56531256,-0.19194238,0.3729885
,,0.8592626,7.5221577,-5.245227,1688727026108,,-0.5423716,-0.47174034,0.21448989,,,,,,-0.24571107,0.023121802,0.029430186,0.6667375,-0.56402814,-0.23949961,0.37406456
,,0.41347975,7.9419384,-4.288178,1688727026359,,-0.031688612,0.27473643,-0.024358233,,,,,,-0.32392177,0.048048116,0.147658,0.631658,-0.56241715,-0.2950858,0.376668
,,-0.041395824,8.820821,-2.9913476,1688727026611,,-0.047571093,0.0010690134,0.027565273,,,,,,-0.3122173,0.031765986,0.09091063,0.58448565,-0.5554641,-0.37498534,0.40358177
,,-0.3498307,9.76822,-1.8782858,1688727026862,,-0.033521205,0.05054906,-0.08972076,,,,,,-0.25226247,0.14321373,-0.04561657,0.54007494,-0.5471311,-0.45407903,0.42896706
52.54509975,13.36143014,-0.62460655,10.006705,-0.7522236,1688727027000,12.021342,0.026343543,0.42073312,-0.04940369,,,,,,-0.17573977,0.09619333,0.18891548,0.49778107,-0.54931694,-0.51498073,0.42789343
,,-0.58656055,9.802917,-1.0110474,1688727027113,,0.1955531,0.6467531,-0.20578507,,,,,,-0.20765163,-0.07789714,0.20508656,0.5098967,-0.549514,-0.49826786,0.42810982
,,-0.45702904,9.94537,-1.0087343,1688727027615,,1.7178282,-0.12476913,-0.0041996953,,,,,,-0.06960333,0.13377208,0.06110553,0.50783104,-0.5429671,-0.5066543,0.43152002
,,-0.4333401,9.582615,-1.8627326,1688727027867,,1.9383503,-0.31413722,0.27435464,,,,,,-0.01711331,0.15012693,0.048367605,0.5420712,-0.5460482,-0.46927166,0.41456786
,,-0.3739184,8.626365,-2.9240294,1688727028119,,-2.4116178,0.9149227,-0.25770858,,,,,,0.10231026,-0.1644105,0.25492784,0.58259326,-0.55714977,-0.41779882,0.38084495
,,-0.2551547,8.690892,-3.4443882,1688727028370,,-2.0994658,-0.22495095,0.5009855,,,,,,0.24564917,0.034301184,0.28866115,0.60881215,-0.55923134,-0.38829187,0.37299109
,,-0.09611171,8.699506,-3.965545,1688727028622,,2.6903248,0.25579962,-0.3108538,,,,,,0.29325873,0.11988776,0.20404454,0.6178184,-0.5655764,-0.3724716,0.37078354
,,0.07058828,8.057431,-4.782375,1688727028872,,2.1093924,0.31077746,0.17295109,,,,,,0.31772584,0.18829377,0.26206917,0.63861126,-0.58684534,-0.32960504,0.34149978
,,0.2935196,6.8607807,-5.552225,1688727029122,,-2.7023895,1.2001966,-0.32917976,,,,,,0.30663934,-0.11787092,0.49860373,0.6576239,-0.61181957,-0.2743283,0.302307
,,0.6716653,7.076134,-5.442475,1688727029373,,-0.34017533,0.13179408,0.45272717,,,,,,0.33049107,0.004992501,0.42981008,0.65371805,-0.61433154,-0.26061812,0.31616578
,,0.98480594,7.793024,-5.3562536,1688727029626,,1.3794091,-0.006261364,-0.21861324,,,,,,0.18614575,0.37472618,0.1357731,0.6412393,-0.6111539,-0.26110232,0.34840363
,,1.2755338,6.855916,-6.0193844,1688727029877,,0.6811906,0.30589053,0.18150319,,,,,,-0.13752373,0.076957,0.11805697,0.6519963,-0.62296194,-0.21792772,0.33573514
52.5450124,13.36156257,1.954537,6.2226152,-6.706125,1688727030000,12.002087,0.27618724,-0.37400195,-0.025579963,,,,,,-0.40763867,-0.27198508,0.05563351,0.6811863,-0.6150257,-0.1471506,0.34473148
,,1.6589438,5.8049874,-6.8207407,1688727030131,,-2.1776567,0.07131846,-0.7580068,,,,,,-0.26636162,-0.25775883,0.15105477,0.6797426,-0.63013375,-0.15362093,0.31606027
,,2.1022542,7.129175,-6.569574,1688727030631,,1.6335288,-0.014202606,0.11064288,,,,,,-0.43238437,0.012679514,-0.24991159,0.6787175,-0.5967401,-0.16245225,0.37966284
,,2.0805593,6.3519874,-6.9761953,1688727030886,,0.47716177,0.35292712,0.3238347,,,,,,-0.6068118,-0.18900694,-0.0763502,0.69550025,-0.5949342,-0.13495404,0.35924456
,,2.1622343,5.628716,-7.220981,1688727031138,,-2.401844,-0.15225805,-0.35361436,,,,,,-0.5750393,-0.3207861,0.14371662,0.71539026,-0.5922299,-0.10313865,0.33574048
,,2.0938792,6.3144197,-6.8552775,1688727031389,,0.33971718,-0.54687667,0.09109521,,,,,,-0.3827614,-0.13287996,0.14626871,0.71530193,-0.57691,-0.121065974,0.35419485
,,2.0474584,7.02748,-6.69105,1688727031642,,1.6518548,0.1018617,0.24442227,,,,,,-0.1389166,0.17884514,-0.02564373,0.71388096,-0.566676,-0.14578404,0.3667974
,,2.02369,6.233144,-7.1325274,1688727031893,,-0.06345358,0.5496256,-0.038408123,,,,,,-0.08309548,0.07657869,0.15599832,0.7278915,-0.5740953,-0.12141412,0.3330714
,,2.0863023,5.6598234,-7.281678,1688727032144,,-2.1794891,-0.24999641,-0.46967867,,,,,,-0.06609572,-0.0077930214,0.3219553,0.73740864,-0.58013934,-0.09840165,0.31076556
,,2.0667608,6.503533,-6.970452,1688727032394,,0.7948114,-0.4393645,0.2841285,,,,,,0.313675,0.22840974,0.13862173,0.7265616,-0.57362556,-0.123541035,0.33481082
,,2.0832713,7.056514,-6.774162,1688727032644,,1.7563126,-0.41859508,-0.07078396,,,,,,0.38986245,0.3424085,0.009207662,0.7186451,-0.5706461,-0.14371473,0.3520374
,,2.2419155,6.06724,-7.172966,1688727032895,,-0.6388882,0.1122464,-0.03718639,,,,,,0.31553835,0.118871346,0.1223918,0.7269624,-0.58207417,-0.11561682,0.3242614
52.5449113,13.36174606,2.224607,6.4574304,-6.778228,1688727033000,11.290627,1.0025054,0.47693267,0.21204643,,,,,,0.056742623,0.14701715,0.1084296,0.715357,-0.58064187,-0.12384493,0.34865406
,,2.3550158,5.6299133,-7.2243304,1688727033147,,-1.9479715,-0.40882125,-0.50755227,,,,,,0.17340024,-0.0075340825,0.30062053,0.7298657,-0.587689,-0.096322544,0.31569228
,,2.3382661,6.932406,-6.682675,1688727033656,,1.758756,-0.06185006,0.3598757,,,,,,0.17131121,0.3492377,0.020154238,0.7085552,-0.57829505,-0.13770932,0.36432177
,,2.4453053,5.7804217,-6.9908705,1688727033907,,-1.3859758,0.08353576,-0.10254893,,,,,,-0.16151403,-0.013829414,0.29605013,0.7191076,-0.58833414,-0.104413405,0.3350872
,,2.4945176,5.678169,-7.0282774,1688727034157,,-1.7396666,-0.51083565,-0.5918516,,,,,,-0.18173046,-0.044666074,0.30851382,0.72261506,-0.58842754,-0.094364755,0.33086792
,,2.3532612,6.5998836,-6.6744595,1688727034408,,1.1252893,0.37003133,0.017791437,,,,,,-0.14792286,0.19019265,0.10074218,0.7121761,-0.577058,-0.12512238,0.3609992
,,2.313381,6.838847,-6.655317,1688727034659,,1.7355433,-0.11133011,0.29206973,,,,,,-0.013109835,0.3791152,0.07521308,0.7124822,-0.57504255,-0.13355927,0.361778
,,2.4739392,5.8143997,-7.0081787,1688727034909,,-2.0817509,0.5111411,-0.4012618,,,,,,0.044974826,0.12345246,0.30819333,0.7247773,-0.5853127,-0.1008496,0.32906234
,,2.3207986,5.873343,-6.9945397,1688727035161,,-1.4421754,-0.2206749,-0.15569416,,,,,,-0.17446207,0.17849077,0.30064723,0.7246345,-0.5840012,-0.098647356,0.3317348
,,2.3263822,6.8215384,-6.57779,1688727035414,,1.2682316,0.093309596,-0.03901899,,,,,,-0.052063942,0.3660174,0.11133905,0.7106874,-0.57634664,-0.1325109,0.36308756
,,2.3081167,6.714818,-6.672545,1688727035667,,1.7746385,-0.0594066,0.4588358,,,,,,-0.0932107,0.5300901,0.1152815,0.709678,-0.58076566,-0.13212116,0.35811552
,,2.5210783,5.7211585,-7.001558,1688727035919,,-2.1403937,0.14217877,-0.41225737,,,,,,-0.10361075,0.09715333,0.36567363,0.71898293,-0.59321976,-0.09845507,0.32900354
52.54480207,13.3619271,2.3891532,7.014958,-6.5726056,1688727036000,10.766291,1.8516076,0.08353576,0.22731806,,,,,,-0.009719265,0.37622643,0.038669903,0.69944054,-0.5841004,-0.14106224,0.36980662
,,2.4314272,5.9128246,-6.7553377,1688727036170,,-0.4898372,-0.2084576,-0.11720968,,,,,,-0.26383775,0.04686292,0.36302647,0.7121417,-0.5913268,-0.10691427,0.3415192
,,2.2995822,6.4681983,-6.6569924,1688727036673,,0.4227948,0.506865,0.38125598,,,,,,-0.03180865,0.19355495,0.23235017,0.70156896,-0.5935631,-0.13176252,0.35117918
,,2.3925831,5.7430925,-7.1177707,1688727036924,,-2.1184027,-0.11499529,-0.76655895,,,,,,-0.13610879,0.052003846,0.3284118,0.7083013,-0.60625285,-0.10161934,0.32676756
,,2.2790837,6.236652,-6.788758,1688727037176,,0.061162837,0.08964441,0.18272492,,,,,,-0.09259275,0.012011274,0.32075292,0.6989332,-0.6024742,-0.11916547,0.3434498
,,2.1745174,7.1627545,-6.5042505,1688727037426,,1.4148391,-0.22800528,0.0043524117,,,,,,-0.036303617,0.39556757,0.1506202,0.6871851,-0.5971802,-0.14856765,0.36824805
,,2.2052255,6.4074216,-6.7527056,1688727037679,,-0.63583386,0.36147922,0.3568214,,,,,,-0.06436515,0.24482253,0.28250504,0.6925992,-0.6081522,-0.12728256,0.3443083
,,2.445704,5.719644,-6.928896,1688727037930,,-1.8209115,0.0151189035,-0.91927516,,,,,,-0.21894902,-0.0537187,0.38627225,0.6959324,-0.6176272,-0.102106445,0.33161795
,,2.5239491,6.482954,-6.5267425,1688727038180,,0.76487905,-0.5719221,0.268246,,,,,,-0.17063567,0.06379073,0.2832204,0.6855883,-0.6073637,-0.12516326,0.36021215
,,2.6377678,7.041678,-6.4985886,1688727038432,,1.6084833,0.05177079,0.5009855,,,,,,-0.3444528,0.34916273,-0.008198293,0.68202615,-0.598556,-0.14443079,0.37813887
,,2.7493527,6.0111694,-6.8361354,1688727038684,,-1.2100468,-0.021532983,-0.20395248,,,,,,-0.43382657,0.030210758,0.1651095,0.6936878,-0.6059597,-0.112672575,0.3518554
,,2.7680168,5.7085567,-6.9009805,1688727038934,,-2.085416,-0.65988666,-0.72013324,,,,,,-0.48764533,-0.049820296,0.23981768,0.70156926,-0.60635877,-0.09609522,0.34262416
52.54468919,13.36210335,2.924428,6.720242,-6.6289163,1688727039000,10.5844,1.8681009,0.2997819,0.09598213,,,,,,-0.23948945,0.25634527,0.028007697,0.69619936,-0.58795565,-0.13170257,0.3737679
,,2.8906894,6.6396036,-6.6065044,1688727039186,,1.492419,0.46227193,0.15462515,,,,,,-0.2759471,0.19670607,0.050005563,0.6930945,-0.59318006,-0.12526007,0.3715959
,,2.8425934,5.6804023,-6.952506,1688727039689,,-2.0151665,0.013286309,-0.45440704,,,,,,-0.40902698,0.0094207125,0.24725325,0.70937455,-0.59703267,-0.099139296,0.34266132
,,2.7021346,5.7583284,-6.757252,1688727039940,,-0.91011214,-0.37705627,-0.03046688,,,,,,-0.14416179,-0.07668192,0.38089594,0.7113868,-0.5950048,-0.09787418,0.3425101
,,2.684428,6.706763,-6.5729237,1688727040192,,1.7844124,0.07498365,0.100869045,,,,,,-0.012545681,0.2649676,0.10687284,0.7015425,-0.58675843,-0.12875748,0.36774412
,,2.7893136,6.585207,-6.80112,1688727040443,,1.2517383,0.7035635,0.18516839,,,,,,0.181665,0.2242547,0.053676415,0.70304555,-0.59143233,-0.12455706,0.35698017
,,2.667678,5.587959,-6.942137,1688727040693,,-2.338925,0.013897174,-0.56924963,,,,,,-0.096711874,-0.15447599,0.39568648,0.71154916,-0.60421306,-0.09173372,0.32930577
,,2.4760928,6.1584086,-6.6455855,1688727040945,,0.25908303,-0.21456626,0.22059855,,,,,,-0.11351756,0.07328733,0.3668602,0.70419544,-0.6006039,-0.10609598,0.34242806
,,2.582175,7.0438313,-6.5547385,1688727041197,,1.8296164,0.35109454,0.45822495,,,,,,0.08803629,0.33266354,0.047242593,0.69376415,-0.594612,-0.13335742,0.3670631
,,2.5570502,6.3700123,-6.7814183,1688727041448,,-0.291917,0.31261006,0.05627592,,,,,,0.0582395,0.100245066,0.15580198,0.69899,-0.6020282,-0.11445725,0.34793153
,,2.7948167,5.721558,-6.831349,1688727041699,,-1.2668571,-0.62751085,-1.1312453,,,,,,-0.05832292,-0.1499649,0.42619005,0.7064475,-0.6059216,-0.09210243,0.33452064
,,2.677409,6.2183886,-6.3489556,1688727041953,,1.3030509,0.015729768,0.24686573,,,,,,-0.14944747,0.00319949,0.30271766,0.69786793,-0.59375614,-0.11586774,0.36184046
52.54458133,13.362292,2.8323045,5.9125857,-6.70437,1688727042000,10.38861,-1.4959315,0.022449281,-0.17951788,,,,,,0.11051993,-0.019109568,0.31202137,0.70699066,-0.5946661,-0.10346714,0.3483025
,,2.8282366,6.873064,-6.424569,1688727042205,,2.0898447,-0.21700971,0.13568833,,,,,,0.12670428,0.2602156,0.030389603,0.69536376,-0.5862978,-0.13360581,0.3776166
,,3.000281,5.693642,-6.9011407,1688727042711,,-1.6046654,-0.26526803,-0.40004006,,,,,,0.17743972,-0.13408042,0.1891787,0.7115705,-0.59534,-0.09393473,0.34214422
,,2.9046474,6.5396643,-6.4222565,1688727042962,,1.4191152,0.011453714,-0.020693045,,,,,,0.23203047,0.058800206,0.1413333,0.69940823,-0.5866589,-0.12645988,0.36912248
,,2.681317,6.7320476,-6.5915093,1688727043214,,1.6567416,-0.3025308,0.57184577,,,,,,0.32477432,0.22118132,0.0022469522,0.69753045,-0.5888241,-0.1334304,0.36808738
,,2.6092935,5.9001436,-6.9391065,1688727043467,,-2.2051456,0.28634286,-0.52038044,,,,,,0.16117805,-0.010877927,0.32241747,0.704997,-0.60443825,-0.10141347,0.33782372
,,2.3352356,6.2883387,-6.787959,1688727043719,,-0.45318532,0.25152358,0.1833358,,,,,,0.078593045,0.18098512,0.25983167,0.7000174,-0.6030472,-0.10837099,0.3457956
,,2.181377,7.1160145,-6.5679793,1688727043970,,1.587103,0.23930627,0.28779367,,,,,,-0.074415885,0.43357962,-0.015977541,0.6882198,-0.59590787,-0.13966675,0.3732494
,,1.9513468,6.734758,-6.5676594,1688727044222,,0.32261297,0.5355757,0.3030653,,,,,,-0.21944822,0.44084993,0.31405097,0.6892331,-0.6038524,-0.13083026,0.3593169
,,2.1981268,6.0283966,-6.9060044,1688727044473,,-2.3761876,-0.33735007,-0.5032762,,,,,,-0.26743546,0.348492,0.42086065,0.6960299,-0.6161584,-0.09958538,0.33707157
,,2.111347,6.4465027,-6.5821757,1688727044724,,0.5602394,-0.15897755,0.27740896,,,,,,-0.3624709,0.3932777,0.31912795,0.68622905,-0.61181796,-0.11676827,0.3548293
,,2.236492,7.099585,-6.4386077,1688727044975,,1.9438481,0.10430516,0.31344998,,,,,,-0.20402333,0.52208585,0.08108369,0.67756915,-0.6059341,-0.14326145,0.37580928
52.54448614,13.36245623,2.578187,5.821498,-6.8162746,1688727045000,10.894357,-2.0212753,-0.47479466,-0.6492729,,,,,,-0.15521482,0.064582296,0.37136537,0.6889104,-0.622756,-0.09941943,0.33866057
,,2.4461827,6.2244506,-6.758209,1688727045227,,-0.8594104,0.12568542,0.0037415468,,,,,,-0.26707014,0.23763332,0.16581546,0.6843844,-0.6163334,-0.1187733,0.35076678
,,2.5922248,6.610172,-6.432466,1688727045728,,1.0519855,0.037110034,0.18272492,,,,,,-0.082007565,0.17564586,0.15964445,0.6772817,-0.61376315,-0.1278127,0.36419964
,,2.4172292,7.0749383,-6.4269624,1688727045982,,1.8656574,0.1904371,0.3757582,,,,,,-0.12696415,0.37393284,-0.009057983,0.67324996,-0.6098079,-0.14501458,0.3752636
,,2.5745971,6.1704516,-6.7271805,1688727046235,,-1.6260457,0.014508039,-0.2937496,,,,,,-0.049789287,0.07999334,0.16534223,0.68350124,-0.62048024,-0.11192156,0.34737363
,,2.6679971,6.1690955,-6.801678,1688727046487,,-1.3926953,-0.8290962,-0.7128028,,,,,,-0.03622881,0.11088596,0.08616544,0.6860612,-0.6201759,-0.10252775,0.3463209
,,2.5437303,6.9786673,-6.381818,1688727046740,,1.569388,0.030390523,0.042226028,,,,,,-0.08997505,0.21265507,-0.011420313,0.67437834,-0.608651,-0.13538258,0.3772578
,,2.5842485,6.9414988,-6.5072007,1688727046990,,1.551062,-0.03619374,0.21021384,,,,,,-0.0879738,0.22964932,-0.09772059,0.67662853,-0.60646814,-0.1377398,0.37656835
,,2.5552952,5.8869023,-6.745845,1688727047240,,-1.9113195,0.18493931,-0.37438375,,,,,,-0.2916054,-0.043823794,0.19335808,0.69188744,-0.61358964,-0.10026435,0.34800577
,,2.565186,6.04762,-6.5560145,1688727047490,,-0.7091377,-0.23533566,0.14057526,,,,,,-0.18630035,-0.02284069,0.22318219,0.6947186,-0.60632247,-0.10269108,0.35309824
,,2.433421,7.026523,-6.301577,1688727047742,,1.7111086,0.21609342,0.23648103,,,,,,-0.13243331,0.3151317,0.027972555,0.68762916,-0.594079,-0.13615392,0.37817317
,,2.3373885,6.5962954,-6.50098,1688727047994,,1.0513747,0.11896592,0.29695663,,,,,,-0.13436194,0.30059034,0.22203642,0.69335884,-0.5978458,-0.12908237,0.3621882
52.54439794,13.36256669,2.3732016,6.3148985,-6.3990455,1688727048000,11.339427,-0.29985824,-0.48579022,0.24625486,,,,,,0.04334943,0.33996198,0.44206446,0.6988667,-0.60498196,-0.11282422,0.34335044
,,2.4094129,5.7714896,-6.7438517,1688727048246,,-2.2986078,-0.09605849,-0.5283217,,,,,,-0.050867185,0.19248714,0.4266211,0.7056825,-0.6083944,-0.096320935,0.3317369
,,2.4578278,7.2314296,-6.359085,1688727048749,,1.6365831,0.11896592,0.3201695,,,,,,0.2990256,0.6217384,0.1153374,0.6854746,-0.6019705,-0.14514507,0.3655567
,,2.4413974,6.4795246,-6.6485367,1688727048999,,-0.22838707,0.8984294,0.20471606,,,,,,0.12950657,0.4022067,0.2932186,0.6856779,-0.6162099,-0.1280075,0.34489256
,,2.573321,5.843672,-6.846583,1688727049251,,-2.2149193,-0.1999055,-0.7311288,,,,,,-0.017464781,0.2268444,0.4606958,0.6884498,-0.6281015,-0.100882635,0.32894376
,,2.4283957,6.4315085,-6.4406815,1688727049502,,0.49304423,-0.13881902,0.22731806,,,,,,-0.09923902,0.25853935,0.31405213,0.67590606,-0.621738,-0.12422444,0.35383555
,,2.4163518,7.173123,-6.3929043,1688727049754,,2.2456152,0.14217877,0.35926485,,,,,,-0.09040205,0.49175924,0.14510527,0.66619974,-0.6171,-0.14879645,0.37521875
,,2.443311,6.2306705,-6.7945004,1688727050006,,-0.7769436,0.20570871,0.014737112,,,,,,-0.24330063,0.22411385,0.23604956,0.6733898,-0.62734354,-0.119211435,0.3516864
,,2.480081,5.8475013,-6.878886,1688727050257,,-2.0072253,-0.45891216,-0.7451787,,,,,,-0.3331705,0.126208,0.40155977,0.68007094,-0.63065064,-0.09664026,0.34157482
,,2.4551158,6.7143397,-6.4149175,1688727050509,,1.0275509,0.21609342,0.36598435,,,,,,-0.20011304,0.2825284,0.22798996,0.6709701,-0.6180898,-0.12655163,0.3690196
,,2.4583855,7.0597835,-6.3875604,1688727050759,,2.1362705,-0.2677115,0.39591673,,,,,,-0.10961352,0.44964662,0.17049384,0.6683064,-0.61430526,-0.14276028,0.37685695
52.54429044,13.36277005,2.5404596,6.772885,-6.401598,1688727051000,11.726043,1.2328014,0.116522454,0.08009964,,,,,,-0.16141209,0.36037204,0.28032783,0.6716687,-0.6173394,-0.13000964,0.36797622
,,2.5063217,6.1493144,-6.7294154,1688727051012,,-1.4378994,0.16416991,-0.13125958,,,,,,-0.16931088,0.33205175,0.44204572,0.6790751,-0.6268475,-0.10766327,0.3448882
,,2.6009188,5.8542004,-6.8201823,1688727051263,,-1.6767474,-0.54809844,-0.6132319,,,,,,-0.23825686,0.20224239,0.47946745,0.6828059,-0.62886274,-0.094275504,0.33909228
,,2.5016959,7.068398,-6.4008007,1688727051770,,1.8687117,-0.039858926,0.53824824,,,,,,-0.05484229,0.5096539,0.19245331,0.67034584,-0.6161641,-0.1415467,0.36988652
,,2.6755748,5.830192,-6.879525,1688727052020,,-1.6199371,-0.054519683,-0.1673006,,,,,,-0.20986785,0.1266064,0.46442378,0.6818217,-0.6289948,-0.10434754,0.3370759
,,2.6584258,5.8575497,-6.890851,1688727052271,,-1.5893939,-0.1375973,-0.45074186,,,,,,-0.17239298,0.06701276,0.39490414,0.6833326,-0.62851036,-0.09997793,0.33615363
,,2.6708684,6.7496743,-6.6047487,1688727052524,,1.2987748,0.03161225,0.07154754,,,,,,-0.122076586,0.12829374,0.16292545,0.6717339,-0.61671174,-0.138269,0.3668119
,,2.655555,6.831509,-6.6675997,1688727052778,,1.8406119,-0.14126249,0.5321396,,,,,,0.052040037,0.19121514,0.075041085,0.67056006,-0.6192334,-0.14423496,0.36301833
,,2.5813768,5.790551,-6.9215574,1688727053030,,-1.8251876,0.30894485,-0.5802452,,,,,,-0.12569197,0.0193837,0.4159281,0.67958397,-0.63411176,-0.10746434,0.33175275
,,2.6115267,5.703612,-6.7852473,1688727053282,,-1.4580579,-0.4967858,-0.42936158,,,,,,-0.2071853,-0.098174475,0.41583607,0.67658836,-0.63291246,-0.1076914,0.3385879
,,2.4221747,7.023972,-6.4012,1688727053538,,1.4783691,0.19715661,0.1155298,,,,,,-0.14369968,0.3461195,0.104536645,0.6634515,-0.62160116,-0.14494675,0.37166744
,,2.4828725,6.846823,-6.480642,1688727053788,,1.9084179,-0.22556181,0.24075708,,,,,,-0.13543025,0.4023318,0.11808391,0.6641184,-0.6242653,-0.14197248,0.36688706
52.54418027,13.36296959,2.5464418,7.014479,-6.282435,1688727054000,11.169892,1.3500875,-0.09911281,0.21754421,,,,,,-0.2867407,0.33549517,-0.086193755,0.66602147,-0.61465234,-0.14071733,0.38066763
,,2.5006592,5.9381886,-6.6676006,1688727054039,,-2.1379504,0.5771145,-0.58452123,,,,,,-0.26816422,0.27036273,0.28995857,0.67585945,-0.6349198,-0.10312327,0.33858645
,,2.5795429,6.099066,-6.467321,1688727054292,,-1.0958151,-0.4564687,-0.32795802,,,,,,-0.31504142,0.17456585,0.20878667,0.6749385,-0.62779045,-0.106793925,0.35059917
,,2.6440692,6.6453476,-6.5735617,1688727054793,,1.5767183,-0.15958843,0.5504655,,,,,,-0.21914189,0.19338346,-0.0614353,0.67084974,-0.618326,-0.1317277,0.36834916
,,2.8030324,5.471747,-6.9596047,1688727055043,,-1.9021566,0.2612974,-0.81848246,,,,,,-0.27331078,-0.25571552,0.13844487,0.6843879,-0.6270494,-0.09342644,0.340334
,,2.58026,5.787041,-6.663134,1688727055293,,-0.63644475,-0.32207847,0.05933024,,,,,,-0.58745587,-0.16655907,0.24331559,0.68145925,-0.6194908,-0.10323772,0.35440925
,,2.6274784,6.800242,-6.5811396,1688727055544,,1.5632793,0.46715885,0.36048657,,,,,,-0.33363807,0.12597975,-0.049071074,0.6714779,-0.60905653,-0.13708445,0.38209122
,,2.5064814,6.3286166,-6.688098,1688727055795,,1.0477095,0.37125307,0.30550876,,,,,,-0.43754393,0.15100978,0.30354622,0.67579836,-0.6166541,-0.12504478,0.36466423
,,2.7486353,5.473023,-7.060263,1688727056046,,-2.3346488,0.1800524,-0.6792053,,,,,,-0.34353924,-0.032136183,0.42890587,0.685833,-0.6268542,-0.0911688,0.33850423
,,2.6010783,5.892007,-6.722556,1688727056298,,-0.49900016,-0.3764454,0.054443322,,,,,,-0.4834128,0.06911983,0.42124227,0.6801792,-0.61944187,-0.10731225,0.35515386
,,2.5432513,6.865966,-6.439644,1688727056552,,1.6946152,0.28206682,0.24625486,,,,,,-0.2935171,0.47665042,0.24513654,0.66866845,-0.61213267,-0.14229156,0.3796992
,,2.7992034,6.286583,-6.8058257,1688727056804,,0.98173606,0.3016145,0.31344998,,,,,,0.027310347,0.2114808,0.2321775,0.6726209,-0.62239206,-0.12703986,0.3594864
52.54407455,13.36315403,2.629393,6.779903,-6.3515882,1688727057000,11.148743,1.691561,-0.008093959,0.22853978,,,,,,-0.10123728,0.24686217,0.18634464,0.66419214,-0.61790425,-0.14689851,0.37702855
,,2.743132,5.4058657,-6.7676206,1688727057055,,-2.292499,0.15012002,-0.5973494,,,,,,-0.20958608,-0.027305754,0.6833875,0.6809578,-0.6328252,-0.09630645,0.33524248
,,2.766662,5.952226,-6.6148787,1688727057307,,0.34765843,-0.07773254,0.25847217,,,,,,-0.14995225,0.042934854,0.34638605,0.6729594,-0.62502027,-0.11607098,0.35589302
,,2.6466212,6.218468,-6.7211204,1688727057808,,-0.0891099,0.9277509,-0.0072540194,,,,,,-0.0884899,0.16785312,0.336404,0.670102,-0.62954754,-0.1257938,0.35198987
,,2.784448,5.5712085,-6.916613,1688727058059,,-2.2466843,-0.14798199,-0.78488487,,,,,,-0.17150408,-0.06926315,0.3910123,0.6768244,-0.63889563,-0.097233586,0.33302677
,,2.785565,6.2620163,-6.571649,1688727058310,,0.61399543,0.1244637,0.3446041,,,,,,-0.14675327,0.10541781,0.18065754,0.66769916,-0.6287936,-0.12205974,0.35717517
,,2.8516068,7.042076,-6.65803,1688727058564,,1.808847,-0.1339321,0.25053093,,,,,,0.030855116,0.28603062,-0.1980114,0.6597758,-0.62185425,-0.14801915,0.37776032
,,2.8331022,6.2421556,-6.949635,1688727058815,,-0.42630726,0.46715885,-0.06223185,,,,,,-0.076723054,0.10620032,0.029640825,0.6680715,-0.63276374,-0.12059488,0.3511489
,,3.006821,5.7903113,-7.1607604,1688727059065,,-2.184376,-0.46257734,-0.57108223,,,,,,-0.11664682,0.06248275,0.1146097,0.6748577,-0.6374401,-0.094765894,0.33850318
,,2.996133,6.6274815,-6.7255054,1688727059316,,0.99517506,-0.17424917,0.45150542,,,,,,0.027266327,0.2657311,-0.09582407,0.6668862,-0.6239494,-0.121730246,0.36701965
,,2.8141186,7.168099,-6.611687,1688727059568,,1.939572,-0.16814053,0.31955865,,,,,,0.112850696,0.4089904,-0.14298983,0.663329,-0.6171614,-0.14248559,0.38038513
,,2.6507688,6.3143396,-6.890611,1688727059819,,-0.7635046,0.35537058,0.07582359,,,,,,-0.07174652,0.21539865,0.14344236,0.6739737,-0.6288436,-0.109519154,0.35095206
52.54398196,13.36332634,2.8407593,6.877691,-6.488298,1688727060000,12.063425,1.8155665,-0.08567379,-0.013362667,,,,,,0.00642523,0.23441777,0.062627524,0.667224,-0.61634576,-0.1393351,0.37705067
,,2.6999013,5.8564334,-6.8571115,1688727060069,,-2.1324525,-0.3263545,-0.6767618,,,,,,-0.15817252,0.105473265,0.34211347,0.68027556,-0.63211566,-0.089236856,0.3401849
,,2.7084355,6.6677604,-6.4977894,1688727060321,,1.1118503,0.09453133,0.33788458,,,,,,-0.19205917,0.31870487,0.27864856,0.6713637,-0.6190212,-0.1206555,0.3691846
,,3.0006797,5.750433,-7.028359,1688727060829,,-1.385365,0.1867719,0.30856308,,,,,,-0.063991904,-0.17656527,0.17712387,0.67778355,-0.6301518,-0.105587535,0.34197983
,,3.1637104,5.4644094,-7.093204,1688727061082,,-1.7506621,-0.4271472,-0.676151,,,,,,-0.1225781,-0.24619487,0.17087963,0.67986304,-0.6341179,-0.093419835,0.33488032
,,3.19043,6.3627543,-6.687062,1688727061333,,1.1998148,0.3602575,0.39897105,,,,,,0.019938406,-0.121850125,-0.041513268,0.66814584,-0.62296206,-0.13020311,0.36344245
,,3.2036707,6.665527,-6.8618174,1688727061583,,2.1234424,0.2234238,0.16378812,,,,,,0.181349,-0.0359485,-0.29591915,0.6628974,-0.62325054,-0.14762308,0.36792699
,,3.185246,5.7336025,-7.172805,1688727061834,,-1.0970368,0.105526894,-0.16424626,,,,,,0.2888485,-0.298126,-0.10910862,0.67326057,-0.6359278,-0.11387884,0.33688912
,,3.0238898,5.722436,-7.1949778,1688727062084,,-1.7085124,-0.527329,-0.5124392,,,,,,0.053177927,-0.16071789,-0.0501939,0.677514,-0.63533884,-0.10261776,0.33332494
,,2.81053,6.8181086,-6.498189,1688727062334,,1.0299944,1.4347687,0.45822495,,,,,,0.2286281,0.15645838,-0.01002268,0.6659171,-0.6224616,-0.14004095,0.36694935
,,2.954259,7.022296,-6.603393,1688727062584,,1.8039601,-0.38927358,0.40813404,,,,,,0.49571496,0.33943126,-0.08582616,0.6644717,-0.62123173,-0.14874001,0.36972624
,,3.1299713,6.0247283,-7.2031145,1688727062834,,-1.4281255,0.54901475,-0.42447466,,,,,,0.39245605,0.029154532,0.051257484,0.6737478,-0.63540405,-0.11201108,0.34019843
52.54388888,13.36349307,2.8282366,7.0684786,-6.683153,1688727063000,11.9128275,2.0049345,-0.084452055,0.5626828,,,,,,0.44480035,0.24509001,-0.07814753,0.6614198,-0.6228839,-0.14397053,0.37479267
,,3.1231916,5.955337,-7.097591,1688727063086,,-1.5814526,-0.25854853,-0.49594584,,,,,,0.29969513,0.019792533,0.15518488,0.6753797,-0.634458,-0.10335037,0.34161296
,,2.898506,7.029315,-6.6999836,1688727063338,,1.8387793,0.108581215,0.21143557,,,,,,0.24471875,0.26241162,-0.09934976,0.66294575,-0.6223043,-0.1389857,0.37402266
,,2.8492937,5.9749575,-6.973961,1688727063840,,-2.0212753,0.768926,-0.61872965,,,,,,0.117088884,0.0014462868,0.18477659,0.6695872,-0.6376199,-0.107962504,0.3458727
,,2.6339393,6.009335,-6.774719,1688727064090,,-1.2039381,-0.40515608,-0.37194028,,,,,,-0.26410162,0.025568422,0.31779593,0.66969734,-0.6328398,-0.1055399,0.35411766
,,2.359483,6.956335,-6.2672024,1688727064347,,1.3867394,0.03649917,0.16500984,,,,,,-0.16986063,0.35364768,0.1483451,0.66314536,-0.61643916,-0.13772482,0.38498753
,,2.3952155,6.8264837,-6.300143,1688727064597,,1.4453825,0.11835505,0.31589344,,,,,,-0.11019028,0.25962135,0.1750092,0.6666658,-0.61585325,-0.13708523,0.38012087
,,2.6644883,5.6981077,-6.6510897,1688727064847,,-1.8966588,0.26313,-0.6981421,,,,,,-0.20880887,-0.048852134,0.39870396,0.67632234,-0.6283273,-0.10087441,0.35405704
,,2.7529423,5.8803625,-6.3870015,1688727065099,,-0.8991166,-0.1791361,-0.13981168,,,,,,-0.28356078,-0.08973749,0.39490122,0.67357224,-0.62344134,-0.10604365,0.36484775
,,2.7783859,6.895238,-6.3479986,1688727065350,,1.6988913,0.3431533,0.2890154,,,,,,-0.20265236,0.21818185,-0.07960963,0.6672083,-0.6077507,-0.1369141,0.3948974
,,2.7302105,6.5750785,-6.424809,1688727065602,,1.3806307,0.7035635,0.6152172,,,,,,-0.14452355,0.07762001,0.0019747734,0.67319655,-0.61097527,-0.12877554,0.38087854
,,2.9859235,5.6391654,-6.654998,1688727065857,,-2.2491279,0.31199917,-0.71707886,,,,,,-0.19625685,-0.25989485,0.21975523,0.68314916,-0.6211289,-0.09594946,0.35581782
52.54377976,13.36368022,2.7677777,6.5482783,-6.5660634,1688727066000,11.801719,0.33055422,0.7304416,0.44784024,,,,,,-0.14685933,0.31514466,0.10611332,0.6812281,-0.61032087,-0.12353576,0.36722755
,,2.9725237,6.092207,-6.518049,1688727066108,,-0.24243696,-0.61712617,0.1833358,,,,,,-0.19896446,-0.03495642,0.09838041,0.68058145,-0.6127396,-0.10737917,0.3691996
,,2.8889349,7.073423,-6.3505507,1688727066360,,1.4936408,0.05177079,0.45517063,,,,,,-0.028977934,0.31910262,-0.15490808,0.6755812,-0.60133654,-0.1374433,0.3895952
,,2.9126232,5.8685575,-6.831588,1688727066866,,-1.8227441,-0.21762058,-0.81726074,,,,,,-0.11792667,0.1177576,0.32113978,0.6881291,-0.6214107,-0.094350435,0.34556
,,2.791148,6.3324456,-6.619505,1688727067118,,0.39225155,-0.23716825,0.083764836,,,,,,-0.123058744,0.09708064,0.1942535,0.6802199,-0.61421174,-0.113904856,0.3640762
,,2.6909683,7.1461644,-6.5139813,1688727067371,,1.0464877,-0.15409064,0.14179699,,,,,,-0.006242426,0.41679472,0.005687483,0.67373395,-0.6068496,-0.14061761,0.38219744
,,2.6853056,6.389554,-6.718488,1688727067621,,-0.41408995,0.40607235,-0.0017562362,,,,,,-0.06389607,0.21329111,0.21575831,0.67865026,-0.61956906,-0.11770158,0.35774916
,,2.8232913,5.807539,-6.8321466,1688727067872,,-1.701793,-0.25243986,-0.761672,,,,,,-0.13479298,-0.055715952,0.37024146,0.6830501,-0.6272711,-0.094454505,0.34450242
,,2.7692933,6.4870224,-6.561678,1688727068123,,0.57428926,0.21426082,0.3165043,,,,,,-0.11763892,0.024992235,0.13148618,0.6744575,-0.61602336,-0.118408404,0.37068918
,,2.678127,6.992066,-6.315058,1688727068375,,1.7379867,-0.38621926,0.0019089525,,,,,,-0.09335496,0.15624295,0.0077436445,0.669578,-0.6083615,-0.13952231,0.3876726
,,2.843471,6.2318673,-6.6498933,1688727068629,,-0.6963095,0.06398808,-0.08300125,,,,,,-0.123083286,0.058462843,0.1838042,0.6783019,-0.61837983,-0.1110606,0.36376232
,,2.8935606,5.8659253,-6.7122655,1688727068880,,-1.5985568,-0.37461284,-0.49411324,,,,,,-0.2517887,-0.015427113,0.256446,0.68264306,-0.6215084,-0.093719676,0.3565834
52.54366755,13.36388983,2.821936,6.0399623,-6.557611,1688727069000,11.460132,-0.9321033,-0.13209951,0.25663957,,,,,,0.0026870251,0.0150875095,0.24402729,0.6850172,-0.61369973,-0.10363713,0.36187637
,,2.6702304,6.619903,-6.382216,1688727069132,,1.496695,0.38224864,0.5522981,,,,,,-0.18047234,0.12901108,0.12197272,0.6750882,-0.6084025,-0.12213648,0.38356444
,,2.7069206,6.9954963,-6.2553167,1688727069383,,1.8992549,-0.34468046,0.6616429,,,,,,-0.035963368,0.33411992,0.0093800705,0.67445046,-0.6022038,-0.13703665,0.3916612
,,2.932165,5.916733,-6.875378,1688727069884,,-0.8539126,-0.80771595,0.082543105,,,,,,-0.10008764,0.046314843,0.113833554,0.6886658,-0.61672074,-0.0931919,0.35323903
,,2.685385,6.79123,-6.474978,1688727070135,,1.1240675,0.26557347,0.27924156,,,,,,-0.15917678,0.28818586,-0.032328885,0.6788548,-0.6054997,-0.12712292,0.37801144
,,2.7156143,7.1046095,-6.582017,1688727070388,,1.9969933,0.30222535,0.17417282,,,,,,0.023464978,0.4400703,-0.11629915,0.67628384,-0.60556597,-0.1382196,0.37953278
,,2.9015365,6.1587267,-6.9438124,1688727070646,,-1.6755258,0.14767656,-0.113544494,,,,,,-0.22749124,0.15275258,0.057046685,0.6835955,-0.61952037,-0.1044362,0.35213575
,,2.8100512,6.2254057,-6.9474807,1688727070898,,-1.5832851,-0.28420484,-0.50449795,,,,,,-0.3837123,0.18929034,0.117525704,0.68166375,-0.62156624,-0.098134786,0.35392827
,,2.7489548,7.179664,-6.5510697,1688727071149,,0.9273691,0.07131846,0.1589012,,,,,,-0.40284923,0.49221763,-0.06405742,0.669098,-0.6100988,-0.13257203,0.38611093
,,2.8031917,7.0700736,-6.412445,1688727071401,,1.8002949,-0.24449863,0.2890154,,,,,,-0.20453373,0.37498006,0.089671835,0.6681631,-0.61076003,-0.13378383,0.3871457
,,2.9929426,6.112226,-6.818986,1688727071652,,-1.8251876,0.36086836,-0.42142034,,,,,,-0.21847802,0.120762385,0.2202457,0.67747587,-0.62430644,-0.095765986,0.35886756
,,3.0530024,5.977191,-6.6072216,1688727071903,,-1.6370412,-0.16019928,-0.5820778,,,,,,-0.18860178,-0.096139535,0.17592958,0.6766998,-0.6224855,-0.09190783,0.3642666
,,2.9710882,6.8393254,-6.149394,1688727072153,,1.198593,-0.15103632,-0.012140937,,,,,,-0.11672009,0.10385912,0.09458146,0.6663253,-0.61009943,-0.1270338,0.3933746
,,3.0679972,6.641279,-6.368976,1688727072403,,1.8198426,0.285732,0.26396993,,,,,,-0.001505212,0.049970366,0.041352876,0.66847605,-0.6118961,-0.12736623,0.3866443
,,3.0348966,5.9173703,-6.6037126,1688727072906,,-1.484325,-0.041691523,-0.3768272,,,,,,-0.15433864,0.0047095376,0.26221627,0.6784828,-0.6217413,-0.09338447,0.3609058
52.54353304,13.36411072,3.1006193,5.718846,-6.8026357,1688727073000,12.163678,-1.845957,0.19776747,-0.3456731,,,,,,-0.08117769,-0.12556851,0.2657035,0.6807194,-0.6234619,-0.09085711,0.35526747
,,3.0017962,6.8278394,-6.1978893,1688727073158,,1.3519201,0.116522454,0.051389,,,,,,-0.13607898,0.19262198,0.10991516,0.66645545,-0.6104879,-0.12890664,0.39125973
,,2.9304097,6.7227945,-6.3686557,1688727073408,,1.8717661,-0.050854493,0.11247548,,,,,,-0.26769325,0.33241418,0.22876538,0.6688486,-0.61331576,-0.12737924,0.38300863
,,3.0138397,5.811608,-6.626124,1688727073661,,-1.9876777,0.22220206,-0.34445137,,,,,,-0.23195449,0.12694392,0.36881188,0.6795077,-0.6255411,-0.09266161,0.35348696
,,3.0583465,6.0740194,-6.473861,1688727073912,,-1.3358849,-0.21517712,-0.3004691,,,,,,-0.18553385,0.22963746,0.29626554,0.6760483,-0.6225854,-0.096794106,0.3628709
,,2.9087949,6.9495544,-6.005427,1688727074163,,1.384296,0.13668099,0.14973822,,,,,,-0.17378625,0.3591795,0.076483816,0.66409606,-0.61156005,-0.13427858,0.39265722
,,2.9179673,6.820502,-6.2864237,1688727074414,,1.5681663,-0.09666935,0.1796706,,,,,,-0.08590687,0.3393533,0.078243986,0.6664895,-0.61430323,-0.13198327,0.3849524
,,2.9466813,5.899982,-6.635058,1688727074665,,-1.7292818,0.1556178,-0.42813987,,,,,,-0.1531333,0.097237416,0.24370313,0.6778119,-0.6253908,-0.097819135,0.3566439
,,2.871068,6.2034717,-6.4448285,1688727074915,,-1.0475568,-0.2780962,-0.33651012,,,,,,-0.26225728,0.14254038,0.27268377,0.6745167,-0.62125117,-0.10345175,0.3669894
,,2.6828325,7.245386,-6.2362537,1688727075165,,1.6830088,-0.055130545,0.17905974,,,,,,-0.20757335,0.502115,0.024551114,0.66383964,-0.6097405,-0.13868067,0.39533645
,,2.5995626,6.9360747,-6.338188,1688727075418,,1.5296818,-0.24694209,0.42890343,,,,,,-0.2449853,0.36560237,0.17934726,0.66692007,-0.6145574,-0.13228035,0.38393962
,,2.7477582,6.332605,-6.4180284,1688727075919,,-1.0206786,-0.003817905,-0.0994946,,,,,,-0.25242212,0.16332704,0.37354606,0.67288744,-0.62243295,-0.10520943,0.36712816
52.54342009,13.36429182,2.839244,6.06102,-6.7538223,1688727076000,11.970576,-2.080529,0.22647811,-0.58940816,,,,,,-0.18760477,0.14081572,0.34889892,0.6761795,-0.62722933,-0.0964577,0.35691488
,,2.7239892,7.2161155,-6.067799,1688727076171,,1.2431862,0.3205513,0.17905974,,,,,,-0.088004425,0.3376297,0.23946498,0.66224027,-0.61199725,-0.13998471,0.39325365
,,2.910789,6.8576703,-6.3401027,1688727076423,,1.6042073,0.71516997,0.1833358,,,,,,0.027516635,0.22517747,0.22777201,0.66502726,-0.6178369,-0.13242783,0.3813706
,,3.0924842,5.8944793,-6.6020365,1688727076678,,-2.0115013,0.40362892,-0.7292962,,,,,,-0.15510388,-0.041146375,0.5170104,0.6753468,-0.62899536,-0.09641242,0.35459518
,,2.8960335,6.4427557,-6.178188,1688727076929,,-1.0249548,-0.2121228,-0.08849903,,,,,,-0.18930283,0.21239609,0.6280866,0.67230046,-0.6222886,-0.10610433,0.3675626
,,2.7483957,7.379386,-5.828437,1688727077180,,1.6200898,0.06459895,0.14546217,,,,,,-0.18182845,0.5028837,0.4456396,0.6631079,-0.6095106,-0.14224407,0.39444068
,,2.7791834,7.074141,-6.1406207,1688727077430,,1.5608358,-0.540768,0.5174788,,,,,,-0.18429962,0.49437723,0.44859478,0.66727006,-0.6143051,-0.13239796,0.38277638
,,2.8521647,6.1079183,-6.493401,1688727077682,,-1.7384448,0.10063997,-0.5466476,,,,,,-0.30903956,0.24469565,0.6138753,0.67812943,-0.6252826,-0.096066944,0.35496587
,,2.6872993,6.426324,-6.3190446,1688727077933,,-1.3603195,-0.2591594,-0.22166756,,,,,,-0.31700435,0.37835056,0.5190399,0.67687535,-0.6198895,-0.102265224,0.3640828
,,2.5648665,7.340701,-5.9921856,1688727078185,,1.289001,0.35048366,0.23892449,,,,,,-0.08603932,0.54279214,0.24815032,0.6670525,-0.60749924,-0.14011246,0.3908905
,,2.7919455,6.8037515,-6.442595,1688727078436,,1.6084833,-0.06551525,0.32627815,,,,,,-0.0026109617,0.22552261,0.051760625,0.67007744,-0.6121032,-0.13392887,0.38075486
,,2.9076781,5.8865824,-6.590233,1688727078942,,-1.7201189,0.45494154,-0.10804671,,,,,,-0.093354985,0.010293738,0.15622462,0.68004566,-0.6197041,-0.10048141,0.35936505
52.5433249,13.36446869,2.8368506,5.82756,-6.7263846,1688727079000,12.011544,-1.8288528,0.07803798,-0.3334558,,,,,,-0.059690673,0.030624589,0.24789867,0.681312,-0.6239358,-0.09696581,0.35120457
,,2.9820952,6.9855266,-6.1705313,1688727079195,,0.91393006,-0.0490219,0.17844887,,,,,,0.2222254,0.4068794,0.0016958317,0.6703064,-0.6065167,-0.13835081,0.38780448
,,3.1527033,6.7448893,-6.3382673,1688727079445,,1.5571706,-0.46013388,0.18944444,,,,,,0.3067317,0.28655773,0.06316496,0.67047894,-0.610197,-0.13805392,0.382028
,,3.2652464,5.762396,-6.772325,1688727079701,,-1.4036909,-0.23533566,0.039171703,,,,,,0.2567462,-0.0070943194,0.27513945,0.67992634,-0.62463605,-0.10275556,0.35139754
,,3.2972305,5.8879385,-6.7219176,1688727079957,,-1.2992331,-0.66355187,-0.76961327,,,,,,0.30673364,-0.05671042,0.17297374,0.677236,-0.6259774,-0.102417685,0.35381263
,,3.2851863,6.858787,-6.447062,1688727080208,,1.0422117,0.18555018,0.34399322,,,,,,0.37129277,0.109211855,-0.10926434,0.66441995,-0.615771,-0.14246427,0.38195428
,,3.0279577,7.031389,-6.3585277,1688727080460,,1.6836197,-0.07589995,0.43684468,,,,,,0.34417456,0.20029306,-0.029792015,0.65984595,-0.621973,-0.14797726,0.37828913
,,2.9736407,5.947998,-6.857511,1688727080711,,-1.1110867,-0.26832235,0.048334677,,,,,,0.090517275,-0.18792443,0.12628904,0.66536134,-0.6396364,-0.11321428,0.3492363
,,3.0395231,5.8791647,-6.809097,1688727080961,,-1.4293473,-0.85597426,-0.86307555,,,,,,0.121455394,-0.27364504,0.025810052,0.66219014,-0.6441921,-0.107131846,0.34858128
,,2.9462824,6.853522,-6.3885975,1688727081213,,0.8876629,0.114689864,0.24197881,,,,,,0.21674846,0.045895346,-0.16407894,0.64895016,-0.6334022,-0.14525434,0.37814656
,,2.8496923,6.933363,-6.2449484,1688727081463,,1.6353613,-0.3440696,0.15706861,,,,,,0.0649433,0.16204497,-0.02198221,0.6427985,-0.6347726,-0.15777811,0.38184732
,,3.205744,5.643314,-6.8418775,1688727081964,,-1.5594615,-0.40332347,-0.68164873,,,,,,0.031249134,-0.251632,0.16115893,0.65136343,-0.65248543,-0.110359214,0.3518961
52.54323356,13.36464,2.88702,6.1349587,-6.6296344,1688727082000,11.816342,-0.49289152,0.1122464,0.13324489,,,,,,0.017196799,0.07514744,0.1722729,0.6499085,-0.6494194,-0.12494655,0.35603246
,,3.1582067,6.6597047,-6.4487367,1688727082215,,0.43623382,-0.4405862,0.35071275,,,,,,0.15666158,-0.008230623,-0.14317064,0.6437528,-0.63730055,-0.14412236,0.38100636
,,2.8630128,6.975238,-6.2175107,1688727082468,,1.8418337,-0.006261364,0.040393434,,,,,,-0.009786201,0.082908,-0.03929317,0.64053756,-0.63094413,-0.16065465,0.39101154
,,2.984807,6.2272415,-6.672944,1688727082723,,0.12896882,0.4402808,0.6958513,,,,,,-0.14821956,-0.038131285,0.08265916,0.65213466,-0.6410298,-0.12886219,0.36568478
,,3.001477,5.6842294,-6.8477793,1688727082973,,-1.5319725,-0.047189303,-1.0591632,,,,,,-0.2600042,-0.24802981,0.15502259,0.6577632,-0.6456585,-0.104154125,0.354887
,,2.8997023,6.528258,-6.415876,1688727083224,,-0.12515092,-0.51694435,0.23098324,,,,,,-0.17906599,-0.119329914,0.022109428,0.6518324,-0.63054687,-0.13026173,0.38264695
,,2.7336402,7.096633,-6.1446095,1688727083475,,1.7550908,-0.01970039,0.12224931,,,,,,-0.2338213,0.13969146,-0.08307398,0.6477135,-0.62035215,-0.15257406,0.39857566
,,2.719443,6.4906106,-6.528737,1688727083727,,0.69707304,0.6333141,0.33483025,,,,,,-0.28348193,0.1444055,0.08684819,0.6592474,-0.62800944,-0.12615994,0.375356
,,2.807977,5.810731,-6.761718,1688727083981,,-2.0023384,0.30222535,-0.87956893,,,,,,-0.359569,-0.016673628,0.18130644,0.6694726,-0.6333918,-0.096843295,0.35563448
,,2.7810981,6.485348,-6.4203415,1688727084233,,-0.4324159,-0.59085894,0.25847217,,,,,,-0.3085909,0.11256256,0.04949217,0.66577774,-0.6203386,-0.11671167,0.37869978
,,2.6108885,7.2449884,-6.1623154,1688727084484,,1.6445243,0.06520981,0.3830886,,,,,,-0.23999506,0.3762329,-0.13164254,0.6613342,-0.60870045,-0.14653613,0.39584085
,,2.7232716,5.691088,-6.8930054,1688727084998,,-2.2552364,0.34620762,-0.5771909,,,,,,-0.46370628,-0.01340483,0.2426607,0.67915225,-0.62652236,-0.09397878,0.35152137
52.54316054,13.36481616,2.7336402,6.5734024,-6.517969,1688727085000,12.420775,1.2602904,0.57772535,0.2694677,,,,,,-0.3359143,0.28243268,0.037049215,0.6689466,-0.6178719,-0.12685977,0.3752657
,,2.839802,6.100341,-6.633463,1688727085250,,-0.61750793,-0.09422589,-0.031077746,,,,,,-0.38070062,0.05408219,0.082631335,0.6742104,-0.6171566,-0.10807936,0.37212208
,,2.8158743,6.914221,-6.3759155,1688727085500,,1.4111739,-0.5566505,0.13752094,,,,,,-0.23271093,0.23419054,-0.07408396,0.66577584,-0.6064918,-0.13985077,0.39566356
,,3.0428731,6.472028,-6.687381,1688727085753,,1.7984623,0.48304132,0.07887791,,,,,,-0.1498031,0.12201521,0.004339965,0.6694405,-0.61421263,-0.12769,0.3815224
,,3.2472198,5.5082784,-7.0256467,1688727086003,,-1.8111377,0.21426082,-0.22716534,,,,,,-0.16563565,-0.24001303,0.25214744,0.67873424,-0.62669146,-0.09179012,0.35307616
,,3.2224135,5.8943186,-6.8168335,1688727086254,,-1.4983749,0.06582068,-0.39515316,,,,,,-0.105641745,-0.11061985,0.2674767,0.67559403,-0.6226388,-0.09728554,0.3644598
,,3.1550167,6.859423,-6.216314,1688727086504,,0.7080686,0.22647811,0.20960298,,,,,,0.05257214,0.18095185,0.24926025,0.66605777,-0.6119147,-0.13491498,0.38804668
,,3.1991243,6.8216977,-6.3419366,1688727086754,,1.8271729,-0.62201303,0.4417316,,,,,,0.18935473,0.20394793,0.38553542,0.66466516,-0.6204468,-0.1338724,0.377888
,,3.1356344,5.7644696,-6.6576304,1688727087007,,-0.9443206,0.2790125,-0.041462447,,,,,,0.019153427,-0.026727684,0.768263,0.66952735,-0.6384853,-0.10348068,0.3459037
,,3.174637,5.7463636,-6.6495748,1688727087261,,-1.5319725,-0.6592758,-0.71463543,,,,,,0.067526855,-0.09546814,0.6499024,0.66317844,-0.64472973,-0.101879396,0.3462883
,,2.9795427,6.6782084,-6.1714087,1688727087512,,0.6921862,0.2716821,0.40446883,,,,,,0.113347836,0.21248125,0.48689172,0.64764696,-0.6364983,-0.14341356,0.37463564
52.54307196,13.36496994,3.0658438,6.789395,-6.2254863,1688727088000,12.856577,1.7398193,-0.083230324,0.07765619,,,,,,0.20375897,0.17831245,0.31193885,0.6381625,-0.64170957,-0.15628147,0.37671855
,,3.0937603,6.035177,-6.6886573,1688727088014,,-0.14530946,0.41157013,0.14607304,,,,,,0.06215174,0.06920539,0.29523042,0.64114684,-0.6591508,-0.12734212,0.35193732
,,3.0764525,5.545367,-6.783572,1688727088265,,-1.8227441,-0.00320704,-0.86735165,,,,,,-0.215478,-0.189532,0.2603474,0.63996476,-0.6648757,-0.11210398,0.34753147
,,3.0668802,6.6442313,-6.4091744,1688727088517,,0.33910632,-0.12232567,0.32078037,,,,,,-0.21669167,0.109945744,-0.14094657,0.63142294,-0.6480272,-0.14196117,0.38321444
,,2.8772895,7.0098543,-6.195815,1688727088768,,1.7599778,-0.41554075,0.07093667,,,,,,-0.28142792,0.16603099,-0.1834353,0.6304918,-0.6366107,-0.15755238,0.39833975
,,2.9881575,6.405985,-6.652046,1688727089018,,0.5907826,0.7188351,0.45944667,,,,,,-0.23616712,0.12585697,-0.036738537,0.64664733,-0.64155185,-0.12516479,0.3743257
,,2.9755547,5.7257857,-6.8027945,1688727089269,,-2.1917064,0.3260491,-0.8410844,,,,,,-0.39359522,-0.08910417,0.15886332,0.66041976,-0.64216286,-0.09628235,0.3567254
,,2.9781866,6.474818,-6.5277,1688727089522,,-0.41897687,-0.49373147,0.18577924,,,,,,-0.26063535,0.09382226,0.07611949,0.65959156,-0.6248552,-0.11686515,0.38153064
,,2.8360531,7.1733627,-6.169654,1688727089772,,1.4050653,0.2790125,0.51686794,,,,,,-0.15269876,0.38523585,0.062236022,0.6567432,-0.6127294,-0.1438873,0.39725113
,,2.8998618,6.6960745,-6.639444,1688727090023,,0.9011019,0.6546943,0.11919499,,,,,,0.09765808,0.3681674,0.07443473,0.66648996,-0.6222028,-0.12226694,0.37341604
,,2.9442885,5.8647285,-6.918608,1688727090275,,-2.4531567,-0.1339321,-0.43180504,,,,,,-0.050810345,0.23707786,0.26560837,0.67328304,-0.6341177,-0.092118755,0.3482247
,,2.899782,6.348796,-6.5722876,1688727090525,,-1.1923317,-0.1632536,-0.38721192,,,,,,-0.20607167,0.3009545,0.16961451,0.66596794,-0.62662023,-0.10828997,0.370169
52.54300369,13.36516477,2.7846875,7.215875,-6.273263,1688727091000,12.624974,1.4166718,-0.36422813,0.12041672,,,,,,-0.09445259,0.54377776,-0.026088214,0.65493417,-0.61634773,-0.14285415,0.39532614
,,2.8852656,6.8114886,-6.523792,1688727091032,,1.8381685,-0.42042768,0.2596939,,,,,,-0.030544145,0.38758403,-0.030924933,0.6566095,-0.6254785,-0.13134831,0.38266143
,,2.894119,5.8309903,-6.747521,1688727091284,,-1.448284,0.16539164,-0.30474517,,,,,,-0.2922385,0.06522707,0.2008638,0.6654777,-0.6375218,-0.09526896,0.3559534
,,3.009852,5.92431,-6.4763336,1688727091535,,-1.5759548,-0.6330086,-0.60651237,,,,,,-0.40685546,-0.03928333,0.2402917,0.66320634,-0.6326113,-0.09915275,0.3679469
,,2.7789445,6.956015,-5.956214,1688727091787,,0.7880919,0.5526799,0.38125598,,,,,,-0.30570492,0.1910149,0.1758763,0.65517926,-0.61780256,-0.13735582,0.39531726
,,3.0415962,6.862535,-6.139743,1688727092038,,1.6762893,-0.41126472,0.04405862,,,,,,-0.12057933,0.08001175,0.15446895,0.65584916,-0.6212738,-0.13612884,0.38965234
,,2.9982867,5.9894743,-6.471069,1688727092289,,-0.49533498,0.059712034,0.3116174,,,,,,-0.24595529,-0.068507954,0.3855042,0.66683614,-0.6347029,-0.10285139,0.3576661
,,2.9503505,5.739425,-6.45783,1688727092539,,-1.6736932,-0.023365578,-0.8728494,,,,,,-0.2921417,-0.18711148,0.504515,0.667217,-0.6376785,-0.0961891,0.35276482
,,2.9465215,6.8539214,-6.289614,1688727092793,,0.10025818,-0.7845031,0.3409389,,,,,,0.08616688,0.22169071,0.21356235,0.65808165,-0.6243857,-0.13320467,0.38105276
,,2.905684,7.1490355,-6.2215786,1688727093043,,1.849164,-0.18890993,0.16928591,,,,,,0.0944408,0.3616271,0.12287852,0.6514583,-0.6237382,-0.14956819,0.3870389
,,3.0356143,6.368578,-6.5858464,1688727093293,,0.5339722,0.38591382,0.21693335,,,,,,-0.028500525,0.25645214,0.33484328,0.6587467,-0.6365691,-0.12148858,0.36399522
,,2.88702,5.706882,-6.7251077,1688727093543,,-2.1061854,0.21242823,-0.67126405,,,,,,-0.24033788,0.18027112,0.47165903,0.66219866,-0.6442564,-0.098854,0.34833285
52.5429176,13.36532599,2.916452,6.384689,-6.332126,1688727094000,12.050705,-1.0616066,0.06704241,-0.093996815,,,,,,-0.11190462,0.26449272,0.32469553,0.6557384,-0.63307244,-0.1226403,0.37441266
,,2.7436903,7.0626545,-6.012366,1688727094045,,1.2963314,0.3168861,0.2786307,,,,,,-0.19017445,0.5250115,0.18436357,0.6485039,-0.62248385,-0.15087357,0.39302894
,,2.8476982,6.524988,-6.2191854,1688727094297,,1.6921718,-0.10399973,0.4087449,,,,,,-0.3035565,0.33314735,0.26230425,0.6538979,-0.6306869,-0.13405223,0.37849444
,,2.77711,5.581418,-6.425925,1688727094548,,-1.4745512,0.17027856,-0.24243696,,,,,,-0.45385092,0.086950056,0.5517158,0.6631647,-0.6409541,-0.10168656,0.35188797
,,2.8533614,6.0493755,-6.363792,1688727094801,,-1.4067452,-0.33735007,-0.6120101,,,,,,-0.34226027,0.18356584,0.30846557,0.66113335,-0.6353737,-0.107805386,0.36440244
,,2.74377,6.9259458,-5.958208,1688727095053,,0.9047671,-0.0074830935,0.18089233,,,,,,-0.154911,0.3116891,0.14283569,0.6544256,-0.6205435,-0.14391299,0.3898268
,,2.8556743,6.8228936,-6.2049875,1688727095303,,1.8192316,0.021227552,0.41851872,,,,,,-0.07098389,0.2826988,0.11173701,0.6562973,-0.6232449,-0.1420415,0.38370368
,,3.0136805,5.9609203,-6.6663237,1688727095555,,-0.49105892,0.3498728,0.18944444,,,,,,-0.038257908,0.10354647,0.2853546,0.66649956,-0.6373257,-0.10779835,0.3528134
,,3.0356147,5.6383677,-6.827201,1688727095805,,-1.8673372,-0.2536616,-0.60223633,,,,,,-0.19544102,-0.00536383,0.3818572,0.66505134,-0.64262694,-0.0978926,0.34799826
,,2.8691533,6.6370525,-6.4350977,1688727096056,,0.1155298,0.11285727,0.38797548,,,,,,-0.16633469,0.21332999,0.18238883,0.6535617,-0.6320559,-0.13490033,0.37600455
,,2.8126032,6.848258,-6.2984676,1688727096308,,1.8381685,0.17455462,0.34399322,,,,,,-0.044139463,0.20976275,0.118624404,0.64464885,-0.6323354,-0.1531348,0.38305992
,,2.9341588,6.2892947,-6.7243114,1688727096560,,0.9182061,0.7341067,0.14362958,,,,,,-0.061740365,0.23210049,0.16618793,0.6483393,-0.64751524,-0.12804584,0.36140388
52.54281064,13.36549874,2.922195,5.5866823,-6.871629,1688727097000,11.637042,-1.8923827,0.36942047,-0.6132319,,,,,,-0.3033044,0.029624995,0.2009647,0.65011233,-0.6564067,-0.10406925,0.34740075
,,2.9689345,6.286902,-6.5450077,1688727097062,,-0.96203566,-0.10033454,-0.3426188,,,,,,-0.21761873,0.15156144,0.034083683,0.6434364,-0.6461118,-0.12573127,0.3731702
,,2.8582268,6.946284,-6.094918,1688727097312,,0.9267582,0.97356576,0.47716177,,,,,,-0.14150903,0.22998944,-0.06814553,0.6359306,-0.6356842,-0.1573259,0.39101678
,,3.196731,6.640322,-6.491249,1688727097563,,1.4991385,0.10919208,0.30489787,,,,,,0.18134686,0.11757615,-0.13758263,0.640778,-0.6422597,-0.14328696,0.37921223
,,3.1576483,5.75418,-6.7698545,1688727097813,,-0.9730312,0.05299252,-0.46112654,,,,,,-0.069918066,-0.13256888,0.102267094,0.6500254,-0.65187037,-0.11096691,0.35577106
,,3.1502306,5.9563737,-6.671908,1688727098063,,-1.696906,-0.59391326,-0.7891609,,,,,,-0.1276435,-0.17773785,0.051472392,0.64988345,-0.646385,-0.11403907,0.36534062
,,3.0514069,6.8410015,-6.256673,1688727098314,,0.96157753,0.18371758,0.28229588,,,,,,0.0169764,0.010685635,0.0052874326,0.6406198,-0.633645,-0.1521776,0.3900427
,,3.0196621,6.7786274,-6.387241,1688727098568,,1.171715,0.09269873,0.09414954,,,,,,0.022943255,-0.042054556,-0.031068126,0.6397064,-0.6361057,-0.1545361,0.38698003
,,3.0695126,6.1057653,-6.7930636,1688727098820,,-0.28214318,0.021227552,0.15706861,,,,,,0.045049343,-0.17000432,0.09517872,0.65008223,-0.6470295,-0.120184295,0.36302197
,,3.0600212,5.7793856,-6.8064637,1688727099072,,-1.9925646,-0.32574365,-0.55825406,,,,,,-0.11738287,-0.23393199,0.1893475,0.6539816,-0.6492561,-0.105443306,0.35561785
,,2.9680572,6.6605024,-6.4236917,1688727099324,,-0.5283217,-0.110108376,-0.40248352,,,,,,-0.027980836,-0.012928088,0.11268549,0.648462,-0.6356715,-0.1386518,0.37880704
,,2.6001208,7.0936036,-5.9302125,1688727099574,,-0.26564983,0.16844596,0.09598213,,,,,,-0.048719995,0.06751364,0.27397504,0.6429575,-0.6262999,-0.16688801,0.38980886
52.54270003,13.36566704,2.5087953,7.137312,-5.7625556,1688727100000,11.056602,0.22915065,-0.16019928,-0.0017562362,,,,,,-0.13686424,0.07007977,0.43550104,0.6416977,-0.6255766,-0.17485397,0.38775155
,,2.1887944,7.3706903,-5.3974895,1688727100080,,0.07032581,-0.2206749,-0.19234605,,,,,,-0.35146993,0.043974843,0.5574302,0.6386974,-0.61848515,-0.1946129,0.39194852
,,1.7834506,8.138786,-4.8260837,1688727100332,,0.1295797,-0.23411393,0.027565273,,,,,,-0.25126827,0.22642115,0.57900673,0.6320648,-0.60411084,-0.23765829,0.4096699
,,1.2356536,8.79067,-4.245984,1688727100583,,0.10636683,0.02367101,0.24014622,,,,,,-0.17182487,0.38971663,0.8251602,0.62469226,-0.5956032,-0.28141916,0.41653353
,,1.1027721,8.999007,-4.038925,1688727100837,,0.12224931,-0.19746204,0.3861429,,,,,,0.22085609,0.54942715,0.9479812,0.6167329,-0.6045397,-0.3015154,0.40001345
,,1.1475179,8.9852085,-3.954459,1688727101088,,-0.18379395,-0.48456848,-0.024969097,,,,,,0.512409,0.59470546,1.0922908,0.6003979,-0.6249398,-0.31764498,0.37588257
,,0.92993057,9.040323,-3.9550967,1688727101340,,1.3427571,-0.39477137,0.6982948,,,,,,0.7160275,0.7071835,1.2520864,0.5759813,-0.65078425,-0.33469287,0.3459326
,,1.182772,8.806225,-4.3068414,1688727101593,,1.5999312,-0.21945317,1.1851541,,,,,,1.1392002,0.9256836,1.3981763,0.53624207,-0.6952191,-0.33425692,0.30427292
,,1.5639485,8.059106,-4.9717274,1688727101843,,0.11186461,0.08781181,0.932256,,,,,,1.2615222,1.0722994,1.4738184,0.47704315,-0.75442225,-0.3057025,0.25803965
,,2.0683558,7.2678003,-5.6135616,1688727102094,,-2.049375,-0.40088,-0.08972076,,,,,,1.3740258,1.0803164,1.4089204,0.4018689,-0.8128183,-0.2778028,0.21905617
,,2.2049856,7.1734443,-5.8892946,1688727102345,,-0.35911214,-0.5028944,0.43928814,,,,,,1.1521021,1.185812,1.3766418,0.32398245,-0.85509855,-0.28304565,0.18525817
,,2.3679373,7.184688,-6.3003817,1688727102601,,1.2853359,0.2942841,0.8998802,,,,,,1.0763047,1.3253918,1.1845766,0.24354672,-0.88859737,-0.2892856,0.15204175
52.54260251,13.36574288,2.689772,6.7027745,-6.891009,1688727103000,10.632019,1.5761075,-0.30130905,0.94508415,,,,,,1.052662,1.4636692,1.0582726,0.16054393,-0.92321414,-0.26603207,0.1264675
,,2.6921647,6.0635724,-7.235257,1688727103102,,-0.12515092,0.0016798781,0.3513236,,,,,,0.8451233,1.4394082,0.94260955,0.07617777,-0.94282514,-0.24010317,0.11647324
,,2.6770103,6.026324,-7.359763,1688727103353,,-0.14225514,0.11530073,0.2926806,,,,,,0.703243,1.4707762,0.7282581,4.0784478E-4,-0.94675106,-0.24372959,0.116878875
,,2.5850458,5.9850874,-7.4818783,1688727103605,,-1.8587852,-0.33857182,-0.24182609,,,,,,0.43877566,1.4398239,0.61959726,-0.061806966,-0.9450052,-0.2511421,0.11622853
,,2.5530617,5.8539605,-7.5640316,1688727103857,,-1.4091887,-0.1754709,-0.29008442,,,,,,0.28870454,1.3625969,0.4911146,-0.11566225,-0.94251627,-0.2538449,0.10288441
,,2.434378,5.8608203,-7.1962557,1688727104107,,0.14240785,-0.12660173,0.38675377,,,,,,0.11213525,1.1977333,0.50378615,-0.102973364,-0.7073227,-0.13614225,0.0876211
,,2.250689,6.290013,-6.68459,1688727104358,,-0.20150901,0.048716467,0.022067491,,,,,,-0.19997832,0.9483406,0.401452,-0.08794956,-0.5208662,-0.075557634,0.07140914
,,1.9590833,7.124629,-5.9593244,1688727104608,,-0.06895136,0.06704241,0.08681916,,,,,,-0.4641782,0.81844485,0.36892813,-0.07419746,-0.38570175,-0.07018157,0.05269651
,,1.7257035,7.8732624,-5.1965723,1688727104859,,0.11369721,-0.09850194,0.07948878,,,,,,-0.7048906,0.58465993,0.43186182,-0.08401982,-0.36102504,-0.13309689,0.032450903
,,1.4467804,8.763312,-4.484309,1688727105110,,-0.031688612,-0.07773254,0.010461059,,,,,,-0.8741129,0.6152583,0.2875497,-0.0742708,-0.28388748,-0.15409064,0.011579612
,,1.268515,8.863971,-4.169812,1688727105361,,-0.05184715,0.031001387,-0.016416991,,,,,,-0.9936516,0.36787826,0.24625845,-0.06312035,-0.21616197,-0.14300852,0.0041418485
,,1.3116658,8.840841,-4.2351365,1688727105612,,-0.09033163,0.014508039,-0.05978839,,,,,,-1.107014,0.2933208,0.13464908,-0.046926595,-0.1646217,-0.10349965,0.0039057115
52.54256935,13.36567651,1.128136,8.920762,-4.1422153,1688727106000,10.361445,0.011071924,-0.003817905,0.030619597,,,,,,-1.1802827,0.3146533,0.087631494,-0.021882836,-0.05675057,-0.029162534,0.0038540547
,,1.1771889,9.02764,-3.9850867,1688727106114,,0.08926262,0.25335616,0.040393434,,,,,,-1.1487434,0.27945182,0.090046056,0.017738072,0.105128184,0.08136144,0.0037894242
,,0.99724877,9.149515,-3.7860832,1688727106365,,-0.0787252,0.09453133,-0.016416991,,,,,,-1.2018027,0.31799725,0.09847355,0.06319429,0.268227,0.18777497,0.002753627
,,0.84969133,9.220901,-3.6011178,1688727106617,,-0.17524183,0.114079,0.03733911,,,,,,-1.2567308,0.28200027,0.22998388,0.058948193,0.21578239,0.1455623,0.0031471208
,,0.8021539,9.372764,-3.4347374,1688727106867,,0.008628465,0.32482734,-0.16546799,,,,,,-1.2896813,0.38016784,0.19244067,0.05738906,0.16436173,0.10133095,0.0051056016
,,0.5743572,9.489137,-3.2295125,1688727107118,,0.108199425,0.04016436,-0.15997021,,,,,,-1.3760333,0.38921067,0.25000226,0.0027474025,-0.10484338,-0.08637987,0.008327357
,,0.54013985,9.530134,-3.1391442,1688727107368,,0.048334677,0.0035124724,-0.028634287,,,,,,-1.2781347,0.37945434,0.23797764,-0.04330425,-0.37496865,-0.27472535,0.012531992
,,0.38468608,9.617789,-2.9952557,1688727107620,,-0.33467755,-0.6201805,0.03489565,,,,,,-1.2204672,0.4019539,0.29177216,-0.08440005,-0.6443941,-0.4650583,0.015534309
,,0.15601201,9.699307,-2.6632915,1688727107870,,-0.65171635,-0.23167047,-0.37743807,,,,,,-1.1879827,0.37555164,0.37506995,-0.08083429,-0.54150194,-0.37968978,0.019437501
,,-0.08909273,9.755696,-2.2773287,1688727108120,,0.11247548,0.18982624,0.4954877,,,,,,-1.1053306,0.3704443,0.42332596,-0.048094366,-0.28157887,-0.17571887,0.025992509
,,-0.23672995,9.753623,-1.9457635,1688727108371,,0.16439898,-0.3581195,0.31894776,,,,,,-1.046936,0.24956195,0.531317,-0.013520692,-0.021871189,0.029276293,0.02896333
,,-0.24486545,9.495758,-1.6367705,1688727108621,,0.2334267,-0.72402745,-0.20334162,,,,,,-0.8967377,-0.03890287,0.6265171,0.026619991,0.23984472,0.23100816,0.033603128
52.54232952,13.36546042,-0.59214383,9.904372,-1.5143375,1688727109000,10.965145,0.11003202,-0.75212723,-0.48006335,,,,,,-1.207175,0.3623177,0.6498918,0.07188569,0.5058767,0.4241525,0.042903125
,,-0.82967144,9.692927,-1.8691134,1688727109124,,0.70623606,-0.69165164,0.6982948,,,,,,-1.2527969,0.111846365,0.33279392,0.12437096,0.7680803,0.61429614,0.070881195
,,-0.46165523,9.7005825,-1.7553748,1688727109377,,-0.45623964,0.696844,0.18761185,,,,,,-0.8989742,0.18375416,0.5074805,0.17340209,0.75497156,0.60629684,0.10469272
,,0.11980066,9.618909,-1.9964118,1688727109634,,-0.12759438,0.2234238,-0.32551455,,,,,,-0.64271927,0.080226965,0.27670076,0.225198,0.74072576,0.60306495,0.12757513
,,0.54117674,9.571688,-2.1115067,1688727109887,,-0.24976733,-2.2249222,0.12408191,,,,,,-0.4524369,0.051934082,-0.010870977,0.2731693,0.72062343,0.60404354,0.15686332
,,0.7788638,9.795178,-2.0573492,1688727110138,,-0.4311942,0.53496486,0.18700098,,,,,,-0.3430501,0.21847947,-0.18920174,0.32168326,0.69235325,0.6027178,0.19632219
,,1.4351351,9.490573,-1.7998013,1688727110391,,0.00923933,0.4262309,-0.1098793,,,,,,0.1629061,-0.17687903,-0.3070639,0.35255626,0.6638836,0.6130994,0.22333482
,,1.9786249,9.609178,-1.2716256,1688727110642,,-0.46295914,-0.01847866,-0.19478951,,,,,,0.41797522,-0.08703054,-0.30368206,0.3669939,0.64043516,0.630659,0.2297919
,,2.1064017,9.727301,-1.302892,1688727110893,,0.014737112,-1.2530364,0.3861429,,,,,,0.35696727,-0.045872275,-0.83520573,0.36275142,0.6247689,0.648178,0.23310575
,,1.9112275,9.740622,-1.0543573,1688727111144,,1.2321906,-0.5829177,0.022067491,,,,,,0.26671156,0.01603279,-0.6780414,0.3747996,0.6156952,0.64285636,0.25108406
,,1.5378671,9.5798235,-1.4071391,1688727111395,,-0.21128285,-0.6397281,0.39897105,,,,,,0.08571315,-0.0595352,-0.4810686,0.40282544,0.6166781,0.6119066,0.2685521
,,1.4297911,9.399089,-2.123311,1688727111645,,-0.57413656,-0.056963142,0.5309178,,,,,,0.043178506,-0.18144146,-0.7342975,0.42962876,0.61275536,0.58393294,0.27995935
52.54231516,13.36542218,1.1987246,9.580782,-1.9440091,1688727112000,5.0404553,-0.015195262,0.3620901,0.2596939,,,,,,-0.15842752,0.22023468,-0.18448472,0.4636342,0.59995425,0.55438614,0.30276412
,,1.178226,9.668679,-1.9727228,1688727112147,,-0.567417,-0.2866483,-0.18196134,,,,,,-0.21748646,0.33184513,-0.08656932,0.49934703,0.5764807,0.531494,0.33446965
,,1.2054244,9.663733,-1.9513468,1688727112401,,-0.052458014,0.90453804,-0.092164226,,,,,,-0.28501016,0.2774441,-0.09422778,0.53407484,0.5498943,0.509477,0.36977118
,,1.0379267,9.773723,-1.6344573,1688727112652,,1.5974878,-1.2011129,-0.47823077,,,,,,-0.44868544,0.299765,0.10817926,0.56008136,0.5208668,0.49327844,0.40027076
,,1.0611371,9.765428,-1.5447266,1688727112904,,-0.36888596,-0.65988666,0.2664134,,,,,,-0.41620108,0.2884679,0.20607,0.5863515,0.4936307,0.4756444,0.41910812
,,0.8873384,9.924471,-1.2653247,1688727113157,,-0.54053897,-1.7307327,-0.1532507,,,,,,-0.5030361,0.47772822,0.5098062,0.607297,0.46787152,0.45432284,0.43733054
,,0.8388439,9.679687,-1.6460228,1688727113408,,-0.19112432,0.38041604,0.21876594,,,,,,-0.31783065,0.012791539,0.07237272,0.6281881,0.4364502,0.4248452,0.46234986
,,0.6068995,9.687023,-1.6119652,1688727113660,,-0.32612544,0.102472566,0.15829034,,,,,,-0.3864195,0.0012069384,0.2707065,0.65144545,0.40707615,0.38977513,0.4860436
,,0.57890356,9.5417795,-1.735355,1688727113910,,-0.33040148,0.44761115,0.3342194,,,,,,-0.29224804,-0.10336243,0.3995553,0.67509556,0.37903824,0.3549656,0.5074769
,,0.7566106,9.612289,-2.0764122,1688727114162,,1.438052,-0.47296205,-0.18868086,,,,,,-0.180045,-0.02131637,0.09029126,0.6914284,0.35205027,0.3325796,0.5257285
,,0.8583852,9.7641535,-1.9974487,1688727114416,,1.000062,-1.0642792,0.7050143,,,,,,-0.20902815,0.13647704,0.08630336,0.705337,0.31912655,0.32250252,0.5383561
,,0.9753145,9.428121,-2.4745774,1688727114669,,0.040393434,-1.738063,-0.13370302,,,,,,-0.20017555,0.04387878,0.00785621,0.730205,0.2876319,0.3010026,0.52974015
52.54232116,13.36538456,0.41483566,8.974122,-2.889812,1688727115000,7.350105,-1.0958151,0.58016884,-0.7415135,,,,,,-0.57083815,-0.14723039,0.11286393,0.75532013,0.26087016,0.2612866,0.51769155
,,0.08773682,9.034979,-2.6539595,1688727115170,,-2.6938374,4.217869,0.99700767,,,,,,-0.52915215,0.010186275,0.5349637,0.76828593,0.25376242,0.22840104,0.5156504
,,-0.015553287,9.072146,-2.6317859,1688727115420,,0.4001928,2.5251622,0.15340342,,,,,,-0.51404524,0.07770286,0.67335105,0.7624381,0.27244905,0.23281242,0.5081242
,,-0.029670937,8.833104,-2.7133017,1688727115670,,-0.19906557,1.2350159,-0.037797257,,,,,,-0.41237894,-0.15768361,0.5636906,0.74343085,0.30247644,0.25370184,0.49205366
,,-0.1529811,9.112746,-2.1926227,1688727115921,,2.5687628,1.0328196,-0.99685496,,,,,,-0.51058,-7.9199474E-4,0.58552235,0.7018543,0.33854064,0.29444823,0.48159426
,,-0.31106693,9.362558,-1.6314265,1688727116171,,-0.4825068,0.6724094,-0.42142034,,,,,,-0.41961974,0.07202311,0.8144019,0.6476036,0.40652692,0.3337046,0.47118393
,,0.0772085,9.816236,-1.36686,1688727116423,,-0.68714654,-0.08994984,-0.053679742,,,,,,-0.09103383,0.36127168,0.6908821,0.58328617,0.4885651,0.39991382,0.44862634
,,0.40957138,9.752427,-1.6519252,1688727116675,,-0.043905906,1.2881612,-0.16424626,,,,,,-0.049769863,0.24911265,0.34624535,0.517628,0.5605879,0.47138217,0.4006944
,,0.30508488,9.752427,-1.7632711,1688727116926,,0.35254532,1.4439316,-0.5435933,,,,,,-0.13550504,0.24526654,0.3670696,0.45530498,0.6170107,0.51025563,0.3410091
,,0.15521444,9.862497,-1.8466209,1688727117177,,0.23159412,0.88621205,-0.40553784,,,,,,-0.13176617,0.36517465,0.5832863,0.3878048,0.6674771,0.5308221,0.27889448
,,0.1282553,9.6154785,-2.2776482,1688727117429,,0.32322383,1.6235259,-0.44890925,,,,,,0.054814346,0.15453868,0.46301833,0.31215107,0.7140044,0.5437102,0.21283203
,,0.1178864,9.698191,-2.300699,1688727117679,,-0.2485456,0.09453133,-0.2277762,,,,,,0.104924425,0.14305623,0.19488999,0.23584868,0.4771785,0.36959684,0.15740705
52.54232592,13.36538212,0.13407785,9.75147,-2.2415166,1688727118000,6.932767,-0.101327196,-0.50045097,-0.011530072,,,,,,0.17972322,0.07760665,0.08080779,0.17543408,0.23526262,0.19098952,0.11021318
,,0.008374896,9.69851,-2.275335,1688727118181,,-0.17951788,-0.1913534,0.21143557,,,,,,0.20802055,-0.009962464,-0.080416635,0.12397622,-0.008959134,-0.0054082572,0.071604885
,,-0.13048859,9.688539,-2.1962125,1688727118431,,0.044669487,-0.003817905,0.16500984,,,,,,0.21399039,-0.047771167,-0.12462692,0.08398036,-0.25696337,-0.21363857,0.042428676
,,-0.2284348,9.678648,-2.018665,1688727118681,,-0.031688612,0.2600757,-0.007864884,,,,,,0.17787424,-0.06801513,-0.12058477,0.063118026,-0.5090242,-0.42684346,0.026834646
,,-0.17978075,9.71813,-1.8414363,1688727118933,,-0.039629854,0.14889829,0.011682789,,,,,,0.24336737,-0.06192417,-0.123020746,0.062247932,-0.7636586,-0.6404267,0.027619893
,,-0.06396813,9.7952585,-1.574477,1688727119185,,-0.120264,-0.32696536,0.08987348,,,,,,0.24050398,-0.048069477,-0.060225304,0.05910023,-0.7576848,-0.6477232,0.034248404
,,0.081515476,9.79127,-1.3095919,1688727119435,,-0.01763872,-0.15164718,0.09353867,,,,,,0.20596252,-0.049587376,0.02236999,0.042414572,-0.75277096,-0.6552451,0.033635896
,,0.17954148,9.855877,-1.086182,1688727119686,,-0.12087487,-0.13637556,0.04405862,,,,,,0.13834868,-0.017576154,0.057611935,0.029525675,-0.74684525,-0.6628219,0.033869307
,,0.276052,9.846864,-0.9868799,1688727119937,,0.020234896,-0.56642437,0.108199425,,,,,,0.10293374,-0.054687787,0.036470447,0.021391932,-0.7430508,-0.6671593,0.035034303
,,0.27437702,9.891849,-0.914457,1688727120189,,0.09598213,-0.32940882,0.1918879,,,,,,-0.052482195,-0.031440098,0.107223265,0.020964874,-0.5932767,-0.5349652,0.033010982
,,0.44586265,9.871271,-0.979781,1688727120440,,-0.21006113,0.089033544,-0.04818196,,,,,,-0.016656514,-0.056848492,0.08613968,0.024240216,-0.34377944,-0.31516057,0.027617523
,,0.5679763,9.8880205,-0.98775727,1688727120690,,0.015347977,-0.16814053,-0.050625417,,,,,,0.0229903,-0.043311786,0.07675635,0.026033448,-0.095029354,-0.09467982,0.020065885
52.54231455,13.36535958,0.6229315,9.889615,-1.0445468,1688727121000,4.2824006,0.0049632764,0.15806127,0.05627592,,,,,,0.04000027,-0.058109794,0.055193357,0.033599623,0.15372905,0.12643926,0.01594647
,,0.7023732,9.900941,-1.1508678,1688727121195,,0.16317725,0.26435173,-0.14408773,,,,,,0.0991539,-0.0483483,0.0502804,0.043974467,0.40175286,0.3484413,0.013467154
,,0.6989434,9.9159355,-1.2216156,1688727121448,,0.20777038,1.6100868,-0.50999576,,,,,,0.10359562,-0.008823363,0.14471711,0.051777817,0.49838772,0.4404602,0.014904195
,,0.69168514,9.893125,-1.4961522,1688727121703,,0.6304888,1.0053307,-0.63277954,,,,,,0.20183712,0.008308347,0.05242288,0.0741994,0.34683105,0.31620824,0.03532089
,,0.3486343,9.770613,-1.7786648,1688727121953,,-0.18012875,1.6290237,-1.2021055,,,,,,0.120460115,-0.025521977,0.053874493,0.122195914,0.10117731,0.1159756,0.069182314
,,-0.101455696,9.457312,-2.2333808,1688727122205,,-0.7769436,1.4164428,-0.3334558,,,,,,0.019380765,-0.14923881,-0.03719454,0.20151022,-0.12405636,-0.077584654,0.115824655
,,-0.3708875,9.458348,-2.309712,1688727122456,,-0.9351576,0.85872316,0.7752638,,,,,,0.109210245,-0.027628994,0.072385736,0.2933779,-0.3327729,-0.2635907,0.18038508
,,-0.33300114,9.370534,-2.4289541,1688727122708,,-0.33895358,1.7157664,0.11614066,,,,,,0.21316643,-0.06828953,-0.023403436,0.3859879,-0.5317759,-0.43495274,0.26608464
,,-0.13910274,9.343334,-2.4886155,1688727122959,,-0.9962441,0.5337431,0.22426373,,,,,,0.3832374,-0.12096348,-0.3709987,0.48694673,-0.5600975,-0.46073198,0.36886564
,,0.13974085,9.625049,-2.1205995,1688727123210,,2.4386485,-0.6684388,-0.6633228,,,,,,0.52879584,0.122328185,-0.2688712,0.5713726,-0.48211512,-0.39392415,0.45612425
,,0.15752749,9.146803,-2.2719054,1688727123460,,-1.1929425,0.21364996,0.1711185,,,,,,0.4625871,-0.14787321,-0.06031119,0.6459332,-0.416868,-0.3374496,0.4939543
,,0.15768705,9.359606,-2.600041,1688727123711,,-0.7073051,1.0083851,-0.15263984,,,,,,0.33768833,-0.022976685,-0.16098475,0.6892559,-0.3727873,-0.2904872,0.5181149
52.54231966,13.36536896,0.43397826,9.452527,-2.6909683,1688727124000,3.8434873,-1.2509747,0.42562005,0.4936551,,,,,,0.35187215,0.10379904,0.050176866,0.7181379,-0.33751515,-0.24976665,0.5341771
,,0.4547959,9.406904,-2.6512475,1688727124216,,-0.25159994,0.9149227,0.36476263,,,,,,0.33576086,0.02632079,0.03489561,0.73273337,-0.30503458,-0.21943435,0.5517334
,,0.34209386,9.749157,-2.4791243,1688727124468,,2.9456663,-0.35445428,-1.015181,,,,,,0.17091481,0.39772892,0.38417217,0.7458877,-0.28744218,-0.19426611,0.55311376
,,0.04538386,8.790432,-3.2043886,1688727124719,,-1.3963605,0.21792601,0.26213735,,,,,,0.030599061,-0.2809286,0.4753126,0.7764461,-0.27762648,-0.18210906,0.52043325
,,-0.06875379,9.463613,-3.6056647,1688727124972,,1.0397682,0.5905535,-0.13981168,,,,,,-0.022925934,0.410061,0.08107001,0.7805353,-0.2660364,-0.17719008,0.5229363
,,0.092283174,9.313425,-2.8730621,1688727125223,,-1.1159736,1.0529782,0.3342194,,,,,,0.12376107,0.25763196,0.6498138,0.7803143,-0.24964447,-0.17160791,0.53512114
,,0.14572285,9.07789,-2.7050862,1688727125476,,-0.55519974,1.162323,0.038560838,,,,,,0.10809135,-0.11811655,0.24235646,0.76815695,-0.23006395,-0.15892556,0.56250006
,,0.27262226,9.601999,-2.4032717,1688727125727,,2.7990587,1.0768019,-0.57658,,,,,,0.15077046,0.4532204,0.42605558,0.76733816,-0.21240762,-0.14191169,0.5718928
,,-0.028315134,8.68451,-2.8992238,1688727125978,,-1.1764492,-0.29764387,0.63598657,,,,,,0.13979787,-0.22078735,0.61116004,0.78970873,-0.20697404,-0.14346735,0.54225886
,,-0.053519495,9.307602,-3.2636504,1688727126230,,-1.2961787,0.034666575,-0.051236283,,,,,,0.31219774,0.3629247,-0.005122455,0.78799075,-0.20889944,-0.15760408,0.5386173
,,0.086141594,9.196895,-2.1187646,1688727126483,,1.6365831,1.2105813,-0.29436046,,,,,,0.62767804,0.07550934,0.7415932,0.77693737,-0.20530415,-0.17763646,0.5478945
,,-0.32845482,9.532129,-2.4084554,1688727126733,,0.9017128,1.9668319,3.3097417,,,,,,0.6338385,0.16626705,-0.151735,0.75713134,-0.1956728,-0.19124499,0.5705412
52.54234678,13.36540827,0.70923257,10.026164,-1.6738588,1688727127000,4.565813,-1.4305689,-0.48701194,-5.156844,,,,,,1.0982465,0.6986972,0.2435525,0.74487007,-0.19063972,-0.16770707,0.58530504
,,0.06675963,9.106843,-1.1368297,1688727127237,,-0.029245151,-3.3770132,3.9554257,,,,,,1.0461907,-0.07129272,-0.030998398,0.7149171,-0.16875127,-0.18770634,0.6068306
,,-0.0063809953,9.110353,0.63768756,1688727127488,,-0.68836826,0.27779076,0.07704532,,,,,,0.6799837,0.13845104,-0.33608487,0.63542914,-0.16526972,-0.2038894,0.6748867
,,0.21208382,8.419705,3.034099,1688727127743,,-0.58574295,1.7634139,-0.5576432,,,,,,0.664476,0.028218763,-0.24719355,0.5416333,-0.14320748,-0.21461062,0.7539145
,,0.12929222,7.3978095,4.5204406,1688727127997,,-1.5423572,-0.29092434,-0.0017562362,,,,,,0.3704298,-0.07904863,-0.70294815,0.44721088,-0.104199566,-0.21380408,0.8239896
,,0.65786654,5.833461,6.6399245,1688727128249,,0.19677481,-0.6110175,-0.45990482,,,,,,0.41659826,-0.15907726,-0.19298847,0.34835997,-0.075365305,-0.21475834,0.87574714
,,-0.57611203,4.365545,7.7761154,1688727128505,,0.31955865,-0.25610507,-0.24121523,,,,,,-0.22728233,-0.40707356,-0.4484253,0.25914964,-0.058232963,-0.26532137,0.90844274
,,-0.25603196,3.60367,8.867322,1688727128857,,0.114308074,0.23075417,-0.04085158,,,,,,-0.308687,-0.13682362,-0.22223905,0.19293714,-0.06375007,-0.28766716,0.9266152
,,-0.161356,2.9511483,9.52128,1688727129163,,0.12408191,-0.41737336,0.6622538,,,,,,-0.015866868,-0.019525861,0.039780904,0.15358417,-0.0414335,-0.30669948,0.93435264
,,-0.26169506,2.4565516,9.486027,1688727129415,,-0.25954118,-0.8761328,-0.5344303,,,,,,-0.050874718,-0.18934947,0.083475396,0.13226658,-0.027613519,-0.30728585,0.9402901
,,-0.06508477,2.4442682,9.7017,1688727129665,,0.44050986,-0.052687086,-0.17829616,,,,,,0.05649237,-0.044589963,0.1703077,0.12412154,-0.034033094,-0.30941275,0.9411885
