92#1#0
key,lat,lon,ts,bike,childCheckBox,trailerCheckBox,pLoc,incident,i1,i2,i3,i4,i5,i6,i7,i8,i9,scary,desc,i10
,,,,1,0,0,0,-5,0,0,0,0,0,0,0,0,0,0,,0

=========================
92#1
lat,lon,X,Y,Z,timeStamp,acc,a,b,c,obsDistanceLeft1,obsDistanceLeft2,obsDistanceRight1,obsDistanceRight2,obsClosePassEvent,XL,YL,ZL,RX,RY,RZ,RC
52.54456959,13.36089534,5.70752,4.956413,-5.921757,1688216844000,4.737089,-0.7021891,-0.22937973,-0.26580253,,,,,,0.036773182,0.13846003,-0.034178622,-0.34495223,-0.824907,-0.38098094,0.19500236
,,5.6395636,5.5937014,-5.7610393,1688216844348,,1.2898409,-0.07788526,0.63827735,,,,,,0.16108166,0.31300628,-0.112227246,-0.33441767,-0.81946754,-0.40654483,0.18043676
,,5.8159943,5.0273995,-5.9429736,1688216844598,,1.3961314,-1.429729,0.9168317,,,,,,0.18814033,0.25265828,0.043359358,-0.3462968,-0.8249062,-0.38249892,0.19141385
,,5.390791,4.1541796,-6.137271,1688216844849,,-1.601382,0.8823942,-0.34643668,,,,,,-0.09011828,0.18117753,0.35894954,-0.3665708,-0.83122736,-0.3393574,0.19813703
,,5.4770913,4.295037,-5.947282,1688216845100,,-1.5854995,-0.25137085,-1.4453825,,,,,,-0.17018864,0.11355535,0.30608666,-0.3625463,-0.8256661,-0.3552637,0.20321915
,,5.5831738,5.4416776,-5.5650654,1688216845349,,0.56902057,0.18173227,0.33467755,,,,,,0.056620408,0.40631086,0.16984572,-0.34387314,-0.8170083,-0.39936244,0.18824865
,,5.7004213,5.3527446,-5.607499,1688216845600,,1.0827578,-0.5250383,0.9821942,,,,,,0.12105511,0.3768311,0.1598838,-0.34616292,-0.816452,-0.3993183,0.18745981
,,5.548158,4.4532022,-5.906443,1688216845852,,0.7706059,-0.03695732,0.8569669,,,,,,-0.12817936,0.1655201,0.44965592,-0.36453173,-0.82395583,-0.36086065,0.19939709
,,5.393263,3.9168916,-5.973921,1688216846104,,-1.3460405,1.1322379,-1.2285254,,,,,,-0.25131896,-0.0703168,0.5919252,-0.37841195,-0.82370955,-0.34058586,0.20380382
,,5.965466,4.771927,-5.8051476,1688216846356,,-1.1414008,-0.36132652,-0.61766064,,,,,,0.0894841,0.044472408,0.047690615,-0.36228582,-0.81443745,-0.38333648,0.20273307
,,6.059664,5.427161,-5.6177893,1688216846606,,1.0790926,0.2849684,0.46479174,,,,,,0.3244442,0.17169341,-0.18525258,-0.3518595,-0.8077685,-0.41077834,0.18867865
,,6.270951,4.848816,-5.8605,1688216846861,,1.6869031,-1.592219,0.6492729,,,,,,0.31849346,0.028615696,-0.17812619,-0.3600027,-0.8115086,-0.3927158,0.20204718
52.5445152,13.36072874,5.8877,3.92056,-6.1600027,1688216847000,5.346561,-1.0167844,0.70402163,-0.4313469,,,,,,-0.058498852,-0.17856993,0.0268588,-0.37678304,-0.8188559,-0.351943,0.21001154
,,6.0707498,4.0764127,-6.014918,1688216847367,,-1.0925317,-0.12492185,-1.5217406,,,,,,-0.03324189,-0.15860571,-0.090642184,-0.37200874,-0.815172,-0.3628179,0.21648468
,,6.1004224,5.117051,-5.6608596,1688216847617,,0.3497201,0.100487255,0.3249037,,,,,,0.08494357,0.10398869,-0.28904584,-0.3475405,-0.80964756,-0.40557212,0.20504546
,,5.9944205,5.228796,-5.618268,1688216847868,,1.3380992,-0.6044507,1.1397973,,,,,,0.104505874,0.13635652,-0.0734818,-0.3437554,-0.8111306,-0.40814963,0.1999867
,,5.924629,4.4331026,-6.0056663,1688216848120,,0.7669407,-0.35705048,0.7690024,,,,,,0.0046471357,0.07812551,0.120229036,-0.35819963,-0.8213453,-0.36900747,0.21143208
,,5.671388,3.813282,-6.1586466,1688216848373,,-1.4712678,1.2122612,-1.1350632,,,,,,-0.19346516,-0.08132056,0.27774733,-0.37212497,-0.8243898,-0.34214726,0.21470441
,,5.9943395,4.7160144,-5.871508,1688216848624,,-1.0827578,-0.2196059,-0.5290853,,,,,,0.047143254,0.1656075,0.09621434,-0.35705155,-0.81649053,-0.38043565,0.21137998
,,5.934201,5.3372717,-5.6938014,1688216848876,,1.2281437,0.12553272,0.55153453,,,,,,0.10183786,0.25174218,-0.07044963,-0.3458938,-0.810652,-0.40937668,0.19430141
,,6.065009,4.915177,-5.946883,1688216849128,,1.5482367,-1.4059052,0.92904896,,,,,,0.11870036,0.22830158,-0.045075886,-0.3575104,-0.8141364,-0.39027512,0.20272559
,,5.766863,3.9254258,-6.255716,1688216849379,,-1.0613775,1.171944,-0.63720834,,,,,,-0.21182352,-0.024823364,0.14203222,-0.37872022,-0.8194103,-0.34895408,0.21223249
,,5.9055653,4.1497927,-6.030711,1688216849630,,-1.4645483,0.12797616,-1.3989567,,,,,,-0.20976077,-0.04196894,0.14333647,-0.37494987,-0.81487316,-0.361231,0.21719827
,,5.966981,5.201598,-5.642755,1688216849882,,0.9654718,0.6056724,0.4324159,,,,,,-0.0853451,0.19108965,-0.09356533,-0.3515367,-0.8075031,-0.40699428,0.20371512
52.54444536,13.36055858,5.968019,5.275137,-5.66756,1688216850000,4.2928944,1.542739,-0.8310815,1.0903172,,,,,,-0.006251939,0.21487078,-0.067355774,-0.3491558,-0.80947524,-0.40596855,0.20243172
,,5.9158554,4.347678,-5.959883,1688216850384,,0.22571453,0.29290965,0.3438405,,,,,,-0.098746285,0.16899477,0.25039223,-0.36622685,-0.8193115,-0.36180204,0.21540533
,,5.783692,3.8124843,-6.044429,1688216850635,,-1.5738931,1.046106,-1.4856995,,,,,,-0.26914603,0.012285757,0.37195602,-0.3769004,-0.82092553,-0.3419183,0.21953979
,,5.9450474,4.901458,-5.66102,1688216850887,,-0.47189304,-0.13652828,-0.08743002,,,,,,-0.095072515,0.34665477,0.19616072,-0.35704374,-0.81302005,-0.3857427,0.21191314
,,5.8940005,5.435855,-5.5397034,1688216851140,,1.046106,0.07299834,0.69875294,,,,,,0.024636054,0.4643987,0.057965524,-0.34665054,-0.8084967,-0.4097174,0.19810149
,,6.048098,4.9087963,-5.8112082,1688216851391,,1.1786636,-1.3222169,0.8398627,,,,,,0.057897434,0.42731667,0.15926944,-0.35983595,-0.8140148,-0.3823573,0.21186379
,,5.7620764,3.987878,-6.0516076,1688216851642,,-1.497535,1.2537999,-0.9933425,,,,,,-0.17166996,0.18492378,0.23824625,-0.37977943,-0.8183147,-0.34430996,0.21856613
,,6.0096536,4.476094,-5.9004617,1688216851893,,-1.3490949,-0.25014913,-1.235245,,,,,,-0.04219546,0.21303038,-0.01687692,-0.37053403,-0.81284696,-0.36724433,0.22099075
,,5.9825344,5.45085,-5.565545,1688216852145,,0.8268055,0.5568032,0.3756055,,,,,,0.09028243,0.38895136,-0.2222603,-0.3494433,-0.80567163,-0.4093712,0.20733534
,,6.1379886,5.211328,-5.6741,1688216852396,,1.2727368,-0.8384119,0.99196804,,,,,,0.1875215,0.27072874,-0.2553206,-0.34978965,-0.8082839,-0.40292564,0.21177773
,,5.9722466,4.3955355,-5.953582,1688216852645,,0.29474226,0.17562363,0.19356778,,,,,,-0.065727204,0.22803144,-0.055575546,-0.36452642,-0.8174747,-0.36132655,0.2257952
,,5.828916,3.9139395,-5.9605207,1688216852896,,-1.3888011,1.1212423,-1.4899756,,,,,,-0.22980905,0.017599137,0.023368787,-0.36940226,-0.81958586,-0.34560397,0.23059444
52.54436601,13.36034084,6.1404614,4.859343,-5.5884376,1688216853000,4.229049,-0.5897899,-0.5225948,-0.22731806,,,,,,-0.038606327,0.22281817,-0.117707275,-0.34590182,-0.81332,-0.38777384,0.22724189
,,5.9364333,5.3251467,-5.4056263,1688216853399,,1.1371248,-0.04734202,0.5747474,,,,,,-0.043613546,0.30347627,-0.16065137,-0.33413857,-0.8102904,-0.4075766,0.21667126
,,6.1685367,4.781657,-5.6429143,1688216853652,,1.4419463,-1.3869685,0.9253838,,,,,,0.004652516,0.24398094,-0.064781755,-0.34118617,-0.81735647,-0.38193995,0.23130575
,,5.868796,4.0382867,-5.8646483,1688216853906,,-1.2788454,1.0876447,-0.6451496,,,,,,-0.23810464,0.16602786,0.11699049,-0.35604203,-0.82502687,-0.34122846,0.23713218
,,6.084708,4.2301116,-5.7388654,1688216854156,,-1.2623521,-0.118202336,-1.4313326,,,,,,-0.14322153,0.07532444,0.015302674,-0.3466578,-0.82249284,-0.35586283,0.24123637
,,6.141897,5.244031,-5.4727044,1688216854406,,0.42485645,-0.14019346,0.41897687,,,,,,0.054946464,0.33087608,-0.13238056,-0.32375327,-0.8169412,-0.39649257,0.22796665
,,6.1531444,5.192744,-5.508119,1688216854656,,1.0039563,-0.46028662,0.92599463,,,,,,0.11271315,0.32249144,-0.09880075,-0.32165542,-0.81838965,-0.3961065,0.22704053
,,6.1908712,4.451048,-5.7293744,1688216854907,,0.93859375,-0.92210037,0.6963095,,,,,,0.07899442,0.16702048,0.079052724,-0.33335578,-0.8276138,-0.36049306,0.23891799
,,5.808656,3.9225535,-5.8113685,1688216855157,,-1.3631448,1.4370594,-0.81924605,,,,,,-0.18468562,0.08546759,0.2807403,-0.34406075,-0.832215,-0.3342399,0.23841117
,,6.1466045,4.60379,-5.501099,1688216855407,,-1.6184863,-0.2886336,-1.0251075,,,,,,0.07164987,0.13523397,0.18291673,-0.32851264,-0.8271514,-0.3680953,0.23593022
,,6.0508904,5.273701,-5.372126,1688216855660,,0.8481857,0.022296565,0.42813987,,,,,,0.2738025,0.26923984,0.09349465,-0.31767935,-0.822562,-0.39575252,0.21630557
,,6.2114472,4.9514685,-5.472386,1688216855914,,1.2818997,-0.9178243,1.028009,,,,,,0.34452853,0.22285709,0.2005944,-0.32759014,-0.82588965,-0.38070324,0.22173025
52.54429505,13.36015179,5.9306893,4.098188,-5.7736416,1688216856000,6.0213485,0.07299834,0.38453937,-0.12102758,,,,,,0.06631956,0.107829444,0.4525236,-0.3497787,-0.8321397,-0.34095785,0.22454034
,,5.845505,3.9499123,-5.725705,1688216856416,,-1.0540472,0.8420771,-1.1332306,,,,,,-0.049529742,0.069642715,0.6036863,-0.35911942,-0.8293714,-0.33703506,0.22405508
,,6.1929445,4.909035,-5.4664836,1688216856667,,-0.77182764,-0.82314026,-0.24136795,,,,,,0.3234064,0.22387362,0.36558518,-0.34635094,-0.8208286,-0.3784561,0.21425983
,,6.1181283,5.233901,-5.4446287,1688216856921,,1.0961969,-0.022296565,0.8001565,,,,,,0.37797117,0.33664483,0.33614838,-0.34892827,-0.81560546,-0.39353377,0.19829555
,,6.201239,4.687779,-5.637012,1688216857172,,1.3869685,-1.2586869,1.0921499,,,,,,0.26756865,0.30375233,0.47602496,-0.36955792,-0.8182112,-0.36792737,0.20695587
,,5.813124,3.878287,-5.851888,1688216857423,,-1.3344342,0.9837977,-0.22670719,,,,,,0.034251247,0.16286325,0.72007674,-0.3970832,-0.8183424,-0.3329593,0.20522387
,,6.0688376,4.261378,-5.710471,1688216857674,,-1.2049308,0.15790854,-1.1607194,,,,,,0.13984431,0.20587738,0.5336043,-0.4029513,-0.8072367,-0.35554913,0.2036479
,,6.2218184,5.202954,-5.501737,1688216857926,,0.19822562,0.082161315,0.39209884,,,,,,0.34031266,0.46095067,0.22682588,-0.39699113,-0.7944535,-0.39704546,0.18514432
,,6.1943,5.1013384,-5.460581,1688216858178,,1.1304053,-0.3857611,0.8917862,,,,,,0.18244515,0.35818073,0.20525193,-0.4082214,-0.7852872,-0.4057237,0.18022256
,,6.152505,4.4529634,-5.6393237,1688216858431,,1.3472623,-0.535423,0.6431643,,,,,,-0.018016689,0.2784123,0.32014337,-0.4287573,-0.7835119,-0.3837103,0.19348855
,,5.895516,3.850291,-5.759923,1688216858682,,-1.3112212,1.6398665,-0.65614516,,,,,,-0.2627271,0.06877189,0.35285357,-0.44410664,-0.7803581,-0.36517027,0.19989046
,,6.3557353,4.440521,-5.7012186,1688216858933,,-1.0699297,0.098654665,-1.234634,,,,,,-0.16119878,0.17989951,-0.07829916,-0.4311151,-0.7717698,-0.400322,0.2064015
52.54424318,13.3599578,6.234339,5.108118,-5.37061,1688216859000,5.732076,0.45051277,0.044898562,0.13797908,,,,,,-0.09603397,0.27387536,-0.08545354,-0.41225633,-0.76841563,-0.42887858,0.194498
,,6.3821363,4.825685,-5.442157,1688216859435,,0.88911366,-0.5183188,0.89422965,,,,,,-0.047103785,0.14575204,-0.11416302,-0.40928736,-0.77137697,-0.42326465,0.20401894
,,6.2846684,4.23067,-5.7557755,1688216859687,,1.0308343,-0.77854717,0.67065316,,,,,,-0.11417918,0.058068704,-0.024075158,-0.4167754,-0.7807521,-0.39137158,0.21629527
,,6.053362,3.789673,-5.888258,1688216859938,,-1.3448188,1.5360194,-0.69951653,,,,,,-0.31536224,-0.07748974,0.021273185,-0.41999802,-0.785415,-0.3715108,0.2205775
,,6.4874206,4.515815,-5.5782275,1688216860189,,-1.1371248,-0.17195843,-1.2334124,,,,,,0.0219889,0.08803569,-0.053747535,-0.40134948,-0.783042,-0.40094614,0.22082205
,,6.143812,5.0249276,-5.311907,1688216860441,,0.90682876,-0.00763581,0.24915648,,,,,,-0.06424777,0.17219442,0.03630477,-0.38763925,-0.7827074,-0.41992065,0.20481256
,,6.3952975,4.668318,-5.4624157,1688216860691,,1.2299762,-0.7608321,0.92721635,,,,,,0.022722142,0.03916513,-0.016203681,-0.38902494,-0.78690875,-0.40902245,0.21365172
,,6.114779,4.1434116,-5.7186074,1688216860942,,0.80481434,0.008246674,0.60406893,,,,,,-0.19086415,0.115269154,0.23494977,-0.40053695,-0.795066,-0.37685242,0.21961346
,,6.0170712,3.840241,-5.8063436,1688216861193,,-1.0601559,1.7027856,-1.0189989,,,,,,-0.32916227,0.077502675,0.18336329,-0.4031669,-0.79665565,-0.36525732,0.22367379
,,6.491807,4.622295,-5.59426,1688216861446,,-1.0919209,-0.2037234,-1.1888192,,,,,,0.049564138,0.22321232,-0.13690338,-0.38359815,-0.79297245,-0.3978507,0.22314896
,,6.139664,5.031867,-5.4850683,1688216861697,,0.6380483,0.29840744,0.57413656,,,,,,-0.042844065,0.2726762,-0.29832384,-0.3701082,-0.7922024,-0.4157472,0.20871134
,,6.482556,4.704529,-5.60096,1688216861948,,1.2928953,-1.1255183,0.9009492,,,,,,0.1471052,0.184372,-0.29628956,-0.37180406,-0.796912,-0.40255454,0.2195848
52.54419625,13.35976938,6.169814,4.152425,-5.920641,1688216862000,5.448,0.45784315,0.23304491,0.41164652,,,,,,-0.06811814,0.19739433,-0.105424054,-0.38469145,-0.8043944,-0.36971256,0.2237336
,,6.120522,3.90397,-5.985726,1688216862450,,-1.2134829,1.3271037,-1.2700642,,,,,,-0.15673433,-0.031171108,-0.21584919,-0.3865898,-0.80411404,-0.36409572,0.22783825
,,6.3822165,4.758846,-5.663013,1688216862701,,-0.9685261,0.024740024,-0.76610076,,,,,,0.09509551,0.16966818,-0.2538652,-0.36675483,-0.80016226,-0.3979853,0.22424206
,,6.1359158,5.0764527,-5.536114,1688216862954,,0.8872811,0.18417573,0.6645445,,,,,,0.015303501,0.17672727,-0.19185337,-0.35682777,-0.7989879,-0.41232935,0.21277829
,,6.445865,4.708755,-5.718208,1688216863207,,1.1896591,-1.1340705,0.73296136,,,,,,0.10276581,0.14577888,-0.07270236,-0.36371353,-0.80334795,-0.39596647,0.22311097
,,6.1143785,4.130969,-5.9293346,1688216863460,,0.065667965,0.1621846,0.2088394,,,,,,-0.08977284,0.15786658,0.19208841,-0.37850946,-0.81040454,-0.36192873,0.22442757
,,6.0968313,4.047938,-5.906204,1688216863711,,-1.14079,0.95569795,-1.4423281,,,,,,-0.19586985,0.08689956,0.12487176,-0.37984988,-0.8079243,-0.363444,0.22833495
,,6.362675,4.842993,-5.5456057,1688216863964,,-0.79320794,-0.32467464,-0.5327504,,,,,,0.054527633,0.23523007,0.038194586,-0.3613589,-0.8030203,-0.39807516,0.22222866
,,6.2679205,5.062096,-5.4922457,1688216864216,,1.0125084,-0.17195843,0.63949907,,,,,,0.08256706,0.26192737,-0.020411236,-0.35675743,-0.80162877,-0.408498,0.21154085
,,6.3680987,4.621178,-5.649135,1688216864468,,1.4120139,-1.1749984,0.97975075,,,,,,0.07673747,0.22982402,0.13924807,-0.36700162,-0.8070635,-0.3878423,0.21950984
,,6.0327044,3.9511886,-5.8832335,1688216864721,,-0.36987862,0.31917685,-0.11491894,,,,,,-0.18145695,0.13027091,0.26284978,-0.3830028,-0.8127777,-0.35343796,0.220948
,,6.0869417,4.01739,-5.928139,1688216864972,,-1.0259475,0.8982767,-1.4374412,,,,,,-0.27848643,0.019331837,0.07284943,-0.3817157,-0.8085465,-0.36392114,0.22506467
52.54413682,13.35960135,6.2634525,4.9039307,-5.7046494,1688216865000,6.217308,-0.24587308,-0.124310985,-0.18944444,,,,,,0.0043623447,0.21699244,-0.18053643,-0.36054718,-0.80488694,-0.39837286,0.2153884
,,6.189674,5.0158343,-5.7237115,1688216865475,,0.9294308,0.3045161,0.8563561,,,,,,0.014212863,0.21043216,-0.23804164,-0.35684505,-0.8053397,-0.4039164,0.20679857
,,6.2373714,4.549952,-5.9355555,1688216865725,,1.565341,-1.4132357,0.7635046,,,,,,-0.041932616,0.15210441,-0.11248747,-0.3669974,-0.8106822,-0.38179392,0.21643107
,,5.87757,3.927899,-6.1749177,1688216865976,,-0.7638864,0.39370236,-0.22059855,,,,,,-0.3120405,0.06427603,0.01193339,-0.37870827,-0.8154034,-0.35169378,0.2203384
,,6.0711493,4.148836,-5.9749584,1688216866226,,-1.0015128,0.22388195,-1.5180753,,,,,,-0.26548514,0.015804267,-0.040215157,-0.36961475,-0.81255305,-0.36731187,0.22700529
,,6.125547,4.95761,-5.698029,1688216866478,,-0.17928882,-0.44379327,-0.15706861,,,,,,-0.048777215,0.19272906,-0.1612437,-0.3456235,-0.8121466,-0.3953468,0.21806464
,,6.087181,4.952823,-5.5468035,1688216866729,,1.0015128,0.17623448,0.94554234,,,,,,-0.018348536,0.14183922,0.10365267,-0.34330842,-0.81466305,-0.39474428,0.21323952
,,6.090292,4.530172,-5.7761936,1688216866979,,1.0180062,-0.8451314,1.1123084,,,,,,-0.09330135,0.18042885,0.25002018,-0.35415977,-0.819933,-0.3714784,0.22245541
,,5.836494,3.9815774,-5.8683977,1688216867233,,-0.7168498,0.9801325,-0.439899,,,,,,-0.22185932,0.112547904,0.36115158,-0.36890322,-0.8216111,-0.34596127,0.22456439
,,6.1705317,4.3271008,-5.6570306,1688216867483,,-1.1084142,0.34300056,-1.5345687,,,,,,-0.07687649,0.11966739,0.14593646,-0.36480835,-0.81418496,-0.36783645,0.22934553
,,6.1158156,5.0887365,-5.5590844,1688216867742,,0.03451386,-0.13469568,0.008475749,,,,,,-0.006055427,0.32353184,-0.05852407,-0.34963885,-0.8087037,-0.39893374,0.21657152
,,6.176673,4.96399,-5.5692954,1688216867992,,1.1841614,0.85734874,0.9870811,,,,,,0.047793284,0.2379541,0.009788537,-0.35275844,-0.80690634,-0.40077505,0.21520732
52.54407363,13.35943359,6.324709,4.4365325,-5.9507914,1688216868000,5.702059,1.4816525,-0.48777553,1.01457,,,,,,0.10283634,0.102667905,-0.09047554,-0.36353266,-0.80946535,-0.37945452,0.22974361
,,6.051448,3.9140997,-5.97424,1688216868494,,-1.1530073,0.7980948,-0.34032804,,,,,,-0.06680978,0.059404884,0.12909408,-0.3737165,-0.81191933,-0.35490915,0.23461042
,,6.281957,4.319603,-5.8445497,1688216868745,,-1.0241148,0.27091852,-1.5638902,,,,,,-0.07142962,0.07617095,0.050993457,-0.3630024,-0.80860287,-0.37571716,0.2380959
,,6.1657457,5.015516,-5.5896335,1688216869003,,0.3924806,-0.20983206,0.41592255,,,,,,0.01096073,0.21096589,-0.042705704,-0.34386674,-0.8084238,-0.4003667,0.22360286
,,6.1643906,4.854319,-5.462974,1688216869256,,0.77671456,0.37048948,0.78488487,,,,,,0.11257463,0.11144976,0.16830131,-0.3456003,-0.8109824,-0.39634255,0.22104618
,,6.2518086,4.471547,-5.632306,1688216869505,,1.4785982,-0.58245957,0.874682,,,,,,0.06748965,0.1782858,0.22705139,-0.3580193,-0.81487256,-0.37498733,0.22824688
,,5.9671407,4.0903707,-5.626961,1688216869757,,-1.1004729,0.86223567,-0.23159412,,,,,,-0.19035223,0.21967547,0.35059193,-0.37257403,-0.8165689,-0.35244057,0.22598518
,,6.3767924,4.4358935,-5.4435124,1688216870008,,-0.7186824,0.17928882,-1.3348159,,,,,,-6.604036E-4,0.07550231,0.11219495,-0.36898687,-0.80934316,-0.37679186,0.22646047
,,6.260581,4.9944587,-5.1634727,1688216870260,,-0.23121232,-0.38026333,0.17707443,,,,,,0.14796807,0.1706869,0.04880274,-0.35643616,-0.8057444,-0.40169504,0.21305649
,,6.2581887,4.908158,-5.2700324,1688216870512,,0.70402163,-0.03573559,0.7451787,,,,,,0.13903908,0.15355606,0.067093275,-0.3638158,-0.8025085,-0.4030813,0.21100014
,,6.4687567,4.550909,-5.513303,1688216870763,,1.5128067,-1.1041381,0.8123738,,,,,,0.16098627,0.16079798,-0.0018407902,-0.37794018,-0.80266106,-0.38631624,0.21999373
52.5440061,13.35927121,6.287461,4.310909,-5.4498925,1688216871000,4.886987,-0.9935716,0.1951713,-1.2810597,,,,,,-0.042045973,-0.019572815,0.11811726,-0.3800805,-0.80062497,-0.38481915,0.22534373
,,6.1571317,3.9253457,-5.620741,1688216871014,,-1.0717622,0.77304935,-0.5700132,,,,,,-0.03660868,-0.065296486,0.11781183,-0.38975763,-0.80472904,-0.36271784,0.22227868
,,6.097949,5.0015574,-5.2654862,1688216871516,,-0.03329213,-0.20494513,0.30108,,,,,,0.029825369,0.18657205,0.08390022,-0.36329848,-0.79974747,-0.40785927,0.21223116
,,6.238807,4.880321,-5.3971705,1688216871766,,0.8927789,-0.088269964,1.087263,,,,,,0.05466466,0.08720032,0.016554141,-0.366179,-0.7994768,-0.40685573,0.21104436
,,6.299823,4.571089,-5.556453,1688216872017,,1.2794563,-1.4291182,0.7103594,,,,,,0.035130102,0.17066385,0.15738901,-0.37837824,-0.80367845,-0.38290694,0.22204868
,,5.8634515,4.067798,-5.585487,1688216872267,,-1.1774418,1.5030328,-0.6427061,,,,,,-0.24262314,0.14683595,0.400961,-0.38843268,-0.807724,-0.35696077,0.2245215
,,6.148756,4.6660833,-5.460501,1688216872518,,-0.95569795,0.088269964,-1.6060399,,,,,,-0.1521451,0.27944878,0.18921538,-0.3788972,-0.8010226,-0.38373646,0.22872907
,,6.075616,5.2801623,-5.182057,1688216872769,,0.07422007,-0.42974338,0.23388486,,,,,,-0.05235676,0.40761533,0.14315106,-0.36403036,-0.7969199,-0.410317,0.2164225
,,6.233783,5.092086,-5.354898,1688216873022,,0.9966259,-0.22937973,0.9669226,,,,,,-0.04498887,0.33624676,0.02623558,-0.3662901,-0.7964483,-0.40807876,0.22034255
,,6.1836123,4.6977487,-5.559723,1688216873273,,1.3826925,-0.8940006,0.621784,,,,,,-0.118602164,0.45472294,0.1818878,-0.37792996,-0.8022194,-0.3807422,0.23057893
,,5.9724054,3.9816566,-5.703691,1688216873527,,-1.3521492,1.2727368,-0.69768393,,,,,,-0.29816562,0.18328993,0.36968264,-0.3855451,-0.80666053,-0.3571912,0.23129487
,,6.3893948,4.504249,-5.6992245,1688216873781,,-0.92072594,-0.005345067,-1.2870157,,,,,,-0.110487364,0.20252405,0.044490498,-0.37291127,-0.80175316,-0.38501197,0.23262396
52.54394192,13.35910219,6.4091763,4.876413,-5.328816,1688216874000,6.267729,1.1537708,-0.34254244,0.9499711,,,,,,0.05787374,0.19589166,0.14231887,-0.36767244,-0.79933625,-0.40220386,0.21855934
,,6.250132,5.1010985,-5.2575893,1688216874033,,0.19410229,-0.2942841,0.16989677,,,,,,0.021930806,0.30051926,0.16050093,-0.36017427,-0.799805,-0.40737203,0.2161763
,,6.25795,4.3561335,-5.4920864,1688216874536,,1.2411245,-0.39202246,0.60910857,,,,,,-0.10235707,0.21957232,0.41677105,-0.38341358,-0.8042034,-0.3748117,0.22336027
,,6.0382085,3.8784468,-5.6097336,1688216874785,,-1.1931716,1.4979931,-0.75006557,,,,,,-0.34242404,0.047936562,0.42276487,-0.3911424,-0.8046637,-0.35979894,0.2266235
,,6.4406805,4.5778685,-5.308159,1688216875037,,-0.84009176,-0.093309596,-1.2864048,,,,,,-0.044127908,0.14401253,0.16978629,-0.37580267,-0.79766184,-0.39347264,0.2299802
,,6.248457,5.0707107,-5.120481,1688216875288,,0.35353798,0.061239194,0.13568833,,,,,,-0.082098454,0.2369221,0.10293221,-0.36192834,-0.7946923,-0.41521895,0.2183577
,,6.478168,4.82744,-5.327379,1688216875538,,0.93691385,-0.29672757,0.8943824,,,,,,0.029371452,0.19270465,0.06962495,-0.3645867,-0.7965029,-0.40749243,0.22551025
,,6.2928843,4.249254,-5.664609,1688216875788,,0.958905,-0.38224864,0.59200436,,,,,,-0.077920005,0.14571516,0.15408978,-0.37508142,-0.8046679,-0.37669846,0.2309069
,,6.070032,3.8395233,-5.7366333,1688216876039,,-1.3703225,1.8077016,-1.0805434,,,,,,-0.22009653,-0.07030014,0.13770114,-0.3783258,-0.80706906,-0.36197317,0.23440625
,,6.4324646,4.583053,-5.3343987,1688216876291,,-0.9891428,-0.25641048,-0.9730312,,,,,,0.12900963,0.07490583,0.07014824,-0.3611452,-0.8030789,-0.39286724,0.2325743
,,6.1289754,5.054918,-5.2405214,1688216876541,,0.4054615,0.12293654,0.24808747,,,,,,0.0013570626,0.22948332,0.04101956,-0.35047755,-0.80180776,-0.4098719,0.21794459
,,6.408538,4.724868,-5.222415,1688216876792,,1.0804671,-0.5667298,1.0073924,,,,,,0.20550765,0.13784471,0.24541692,-0.3571705,-0.8049799,-0.39647782,0.22579008
52.5438654,13.35894035,6.0869417,3.835695,-5.64108,1688216877000,4.626468,-1.4033091,1.4723369,-0.9443206,,,,,,-0.17083916,0.026129477,0.3824824,-0.37543353,-0.81285876,-0.35352457,0.23178063
,,6.1489954,4.089972,-5.5394635,1688216877042,,0.50014555,0.044745844,0.40630144,,,,,,-0.065424815,0.1353196,0.38848692,-0.37224683,-0.8120972,-0.36256546,0.22947876
,,6.4112487,4.6887364,-5.381777,1688216877542,,-1.0526727,-0.114689864,-0.7781654,,,,,,0.05392827,0.28049853,0.26017016,-0.35757643,-0.80761653,-0.3881454,0.2294041
,,6.201399,5.0278,-5.3034515,1688216877791,,0.7047852,0.2084576,0.56879145,,,,,,0.024013408,0.27662766,0.21930037,-0.34948197,-0.8054872,-0.40355256,0.21691447
,,6.4807997,4.629314,-5.4100924,1688216878043,,1.3999493,-0.98211783,1.1387283,,,,,,0.14291832,0.1689387,0.2920358,-0.35842803,-0.8079385,-0.38989323,0.2248189
,,6.141179,4.160161,-5.7355957,1688216878294,,0.7939715,0.568257,-0.044516772,,,,,,-0.11134032,0.20453517,0.36721897,-0.37733462,-0.81175286,-0.36034793,0.22450337
,,6.104011,4.0320654,-5.7603216,1688216878546,,-1.182787,1.457676,-1.119028,,,,,,-0.19894788,0.07087235,0.23166099,-0.38213533,-0.8071547,-0.36290443,0.228479
,,6.4449897,4.849533,-5.3356757,1688216878797,,-0.8290962,-0.19532402,-0.6077341,,,,,,0.11602788,0.24036703,0.046596814,-0.3668686,-0.7980703,-0.40102336,0.22674473
,,6.333802,5.128217,-5.2484965,1688216879048,,0.6882919,0.4497492,0.66652983,,,,,,0.1047322,0.25131482,-0.050263558,-0.3626951,-0.7941336,-0.41526446,0.21637727
,,6.503373,4.739783,-5.447181,1688216879299,,1.2637265,-1.1611012,0.851011,,,,,,0.10017156,0.23092848,0.017502125,-0.37359017,-0.79659516,-0.39878693,0.22608437
,,6.0792847,4.1193237,-5.7405415,1688216879553,,-0.4027126,0.47601637,0.07765619,,,,,,-0.16060562,0.112878084,0.120172985,-0.38949475,-0.80240065,-0.36510473,0.22803612
,,6.1095138,4.08367,-5.693961,1688216879803,,-0.9311106,0.58047426,-1.5967242,,,,,,-0.23877321,-0.022907566,0.052292727,-0.38574532,-0.79952306,-0.3728202,0.23425096
52.54380585,13.35876506,6.1670213,5.099982,-5.300901,1688216880000,3.7900925,0.9460768,-0.031001387,0.81924605,,,,,,0.0034178733,0.17828336,-0.040072847,-0.36001766,-0.7965228,-0.413958,0.21514915
,,6.355655,4.9034514,-5.343572,1688216880055,,-0.5548179,-0.5648972,-0.24182609,,,,,,0.06836673,0.12219893,-0.095654115,-0.3637581,-0.7962078,-0.4071366,0.22568399
,,6.311548,4.5916667,-5.537152,1688216880558,,1.293048,-1.6693407,0.9878447,,,,,,0.048154466,0.12889889,0.07181332,-0.37220895,-0.8019917,-0.39067525,0.22407441
,,5.973123,3.8370504,-5.836892,1688216880810,,-0.76067936,0.7661772,-0.35361436,,,,,,-0.18142505,0.03568225,0.22924314,-0.38799208,-0.8074988,-0.35558277,0.22493261
,,6.189674,4.0618963,-5.6525645,1688216881063,,-1.1907282,0.54443324,-1.3145046,,,,,,-0.12581554,0.089574404,0.22666529,-0.3826906,-0.8026972,-0.37188044,0.22962284
,,6.3034916,4.902654,-5.265486,1688216881315,,0.004734202,0.0019853106,0.19249876,,,,,,0.11812603,0.24966402,0.14419861,-0.36430284,-0.7981357,-0.40511468,0.21696584
,,6.30445,4.8979483,-5.220421,1688216881566,,0.9613485,-0.53863,0.8852194,,,,,,0.18824437,0.21063909,0.21913601,-0.36591455,-0.7974435,-0.40712833,0.21288009
,,6.374719,4.383172,-5.5506306,1688216881817,,1.2948806,-1.04015,0.9401972,,,,,,0.18383066,0.17581253,0.2714743,-0.38039523,-0.8031901,-0.3795449,0.22150995
,,5.9405007,3.7537804,-5.6844687,1688216882068,,-1.4198024,0.9873102,-0.65354896,,,,,,-0.07938503,0.022952167,0.46793792,-0.39470032,-0.806498,-0.35036603,0.22218724
,,6.265127,4.34401,-5.406663,1688216882320,,-1.2933534,-0.21181737,-1.2515856,,,,,,0.10541235,0.078373365,0.23815867,-0.3835637,-0.80071187,-0.3795462,0.22397663
,,6.307081,5.1700916,-5.208617,1688216882571,,0.97112226,0.74296427,0.4936551,,,,,,0.281335,0.2232006,0.083078064,-0.3687882,-0.7961022,-0.4102844,0.20662357
,,6.3290153,4.9540205,-5.291887,1688216882820,,1.261283,-0.9338595,0.8589522,,,,,,0.31403103,0.13807736,0.112694934,-0.37505755,-0.79667133,-0.40459678,0.20788893
52.54375418,13.35858689,5.852844,3.8847477,-5.627999,1688216883000,3.7900925,-1.3526074,1.4711151,-0.80259997,,,,,,-0.23480311,0.020752942,0.33211204,-0.40149194,-0.8027327,-0.35426837,0.22055082
,,6.136712,4.3920264,-5.596094,1688216883072,,1.0261002,-0.5807797,0.44417506,,,,,,0.054416046,0.19990031,0.22252478,-0.3925846,-0.8020528,-0.37217343,0.21612662
,,6.28124,4.7006207,-5.286383,1688216883571,,-1.2041672,-0.24113888,-1.0927607,,,,,,0.05794433,0.16420086,0.15068172,-0.38278168,-0.7964942,-0.39157465,0.22234039
,,6.1694937,5.1650677,-5.0936017,1688216883822,,0.69256794,0.4894554,0.46983138,,,,,,0.03796846,0.15288095,0.07997177,-0.36923522,-0.7931555,-0.4149596,0.20855713
,,6.298946,4.8020763,-5.1704917,1688216884073,,1.2942698,-1.2447897,0.92920166,,,,,,0.07661026,0.12032911,0.15608095,-0.37486354,-0.7967033,-0.40101594,0.21830012
,,6.147879,4.072265,-5.596732,1688216884323,,0.23625195,0.4668534,0.10331251,,,,,,-0.06252451,0.09352151,0.25002858,-0.39158705,-0.80383563,-0.36314103,0.22357817
,,6.0465026,3.8622553,-5.525905,1688216884573,,-1.1186461,1.3807071,-1.3707042,,,,,,-0.17600946,-0.060806625,0.33503044,-0.39648196,-0.8016421,-0.35904348,0.2268324
,,6.460461,4.7229533,-5.271468,1688216884824,,-0.7967204,-0.15195261,-0.3420079,,,,,,0.18129563,0.14224158,0.1228795,-0.3793588,-0.79426205,-0.39867702,0.22051516
,,6.380621,5.047499,-5.253282,1688216885074,,0.9033163,0.3911062,0.91454095,,,,,,0.14486082,0.23462564,-0.026133204,-0.3759899,-0.7894223,-0.41494557,0.2075997
,,6.52786,4.722794,-5.3433323,1688216885325,,1.360854,-1.2374593,0.7190642,,,,,,0.1740543,0.28796533,0.15001729,-0.38804075,-0.79093915,-0.39773422,0.22021393
,,6.151468,3.8730228,-5.6362143,1688216885577,,-0.73807734,0.59818935,-0.0029779659,,,,,,-0.1364676,0.10644426,0.29983458,-0.40345684,-0.7965374,-0.3635124,0.22353119
,,6.2715087,4.0208197,-5.5956955,1688216885828,,-1.0374011,0.2952004,-1.6565889,,,,,,-0.22391647,0.09109708,0.06526577,-0.39929456,-0.79270154,-0.37551323,0.22900142
52.5437041,13.35840482,6.4186664,5.008817,-5.20758,1688216886000,5.6637993,0.96990055,0.09300416,0.9395864,,,,,,0.083083704,0.22920784,0.02312277,-0.3747956,-0.78971726,-0.41623154,0.21036735
,,6.5229154,4.926264,-5.2949977,1688216886080,,-0.34834564,-0.9460768,0.03978257,,,,,,0.10821188,0.25388965,-0.03128767,-0.37703308,-0.7893017,-0.41187623,0.21794792
,,6.460461,4.4354954,-5.501817,1688216886582,,1.3535236,-1.3920081,0.86445004,,,,,,0.061509337,0.1355397,0.17110147,-0.38836664,-0.7963277,-0.38833666,0.22011307
,,6.0635724,3.6454651,-5.8053074,1688216886835,,-1.3471096,1.1748457,-0.42936158,,,,,,-0.17726512,-0.018804792,0.33528727,-0.40586346,-0.8008872,-0.35395777,0.2195816
,,6.4269624,4.2467017,-5.548716,1688216887087,,-1.1406373,-0.20204352,-1.470886,,,,,,0.068622924,0.110537246,0.17024864,-0.40110096,-0.79262036,-0.37933233,0.22207321
,,6.2699127,5.0666423,-5.216034,1688216887337,,0.59482956,0.33063057,0.53824824,,,,,,0.12678537,0.28660706,0.22685286,-0.38673502,-0.78717804,-0.41287333,0.2029513
,,6.33428,4.844508,-5.3049674,1688216887587,,1.0700824,-0.5367974,0.96341014,,,,,,0.14040108,0.18588828,0.22237101,-0.3943228,-0.7854001,-0.4113245,0.20070878
,,6.1306515,4.2756553,-5.6756954,1688216887838,,1.3993385,-0.8294017,0.58895,,,,,,-0.034994602,0.14894123,0.30621257,-0.4146519,-0.7886637,-0.38074532,0.20858912
,,5.8025956,3.6483371,-5.7966924,1688216888088,,-1.3807071,1.6464334,-0.98341596,,,,,,-0.28085193,-0.06254699,0.4154957,-0.42881542,-0.7889543,-0.35686922,0.21094465
,,6.2530046,4.384369,-5.5763927,1688216888339,,-1.5205952,-0.27412558,-1.2124902,,,,,,0.0214159,0.06303348,0.11448121,-0.4168536,-0.7825369,-0.39030334,0.2093419
,,6.0956364,4.9337616,-5.5176897,1688216888590,,0.7163917,0.31535894,0.5779544,,,,,,0.042995572,0.18993276,0.015708106,-0.4078837,-0.778494,-0.41439098,0.1885009
,,6.365387,4.620301,-5.565945,1688216888841,,1.4164428,-1.0114393,0.96341014,,,,,,0.19230439,0.109350726,0.09537129,-0.42010596,-0.7776164,-0.40431213,0.19392635
52.54365046,13.35824081,6.117251,3.6429133,-5.908517,1688216889000,7.5737305,-0.9304998,1.5413646,-1.213712,,,,,,-0.19870289,0.0049177962,0.18051676,-0.45009336,-0.77645767,-0.363392,0.20564432
,,6.072745,3.9919465,-5.9046087,1688216889093,,0.33032513,0.5218312,0.33727372,,,,,,-0.066893704,0.14147891,0.1826415,-0.44186524,-0.7809731,-0.3686226,0.20036736
,,6.479125,4.5678186,-5.5736823,1688216889595,,-1.1840087,-0.48792824,-0.6456077,,,,,,0.06892935,0.20148396,-0.03885246,-0.43327287,-0.7682926,-0.4063519,0.19988617
,,6.2206206,5.033622,-5.4570723,1688216889846,,1.1507165,0.10033454,0.6146063,,,,,,-0.0012397766,0.31028622,-0.049902152,-0.4272746,-0.7635934,-0.42594585,0.18289131
,,6.427919,4.6011586,-5.6165924,1688216890096,,1.3858994,-1.7597487,0.9340886,,,,,,0.055353437,0.1905975,0.017808508,-0.43804863,-0.7660001,-0.40885094,0.1940236
,,6.0523257,3.905645,-5.9075594,1688216890348,,-0.5254964,1.0239621,-0.06223185,,,,,,-0.1769961,0.12670396,0.18501186,-0.45703194,-0.77025336,-0.37164575,0.19801836
,,6.08104,3.9803011,-5.7973304,1688216890600,,-1.182787,0.6232348,-1.4623339,,,,,,-0.25306302,0.07162442,0.15892552,-0.45616862,-0.7664924,-0.38007465,0.20137173
,,6.248697,4.9144588,-5.43761,1688216890851,,-0.54443324,-0.2942841,-0.025579963,,,,,,0.06902396,0.23656692,0.0015959501,-0.43677178,-0.7629435,-0.41729957,0.18504614
,,6.165028,5.075017,-5.3902316,1688216891103,,0.8611666,0.15225805,0.8730021,,,,,,0.044724323,0.25753638,-0.020809125,-0.43620098,-0.7603739,-0.42567977,0.17416671
,,6.3362746,4.595096,-5.614998,1688216891355,,1.3321434,-1.2515092,0.9114866,,,,,,0.07149939,0.23742358,0.052942537,-0.449396,-0.7636934,-0.40182889,0.18937378
,,5.919763,3.689015,-5.8045087,1688216891606,,-1.3196206,0.8333723,-0.8453605,,,,,,-0.28628033,0.03770326,0.25879014,-0.46400943,-0.7662264,-0.37042618,0.1973026
,,6.222853,4.076891,-5.3976493,1688216891856,,-1.2023346,-0.20326525,-1.5270855,,,,,,-0.13049683,-0.011793407,0.065954015,-0.45114622,-0.7623815,-0.39627236,0.20121431
52.5436022,13.35804418,6.340103,4.8277593,-5.126303,1688216892000,4.877302,1.0884084,-0.4977021,1.0599267,,,,,,0.09707828,0.119293615,-0.04461975,-0.43309695,-0.75904775,-0.42928746,0.18431778
,,6.354779,4.9321656,-5.1144185,1688216892107,,0.47876528,0.32085672,0.5645154,,,,,,0.13161527,0.1390749,-0.11542891,-0.43110546,-0.75887245,-0.4314045,0.18282773
,,6.229714,4.2009196,-5.3542604,1688216892608,,1.0682498,-0.5337431,0.49121165,,,,,,0.018000683,0.09842316,0.16302748,-0.44854525,-0.76558495,-0.39637822,0.19620666
,,5.9085975,3.5702512,-5.5085177,1688216892861,,-1.4094177,1.579849,-1.0371721,,,,,,-0.25839207,-0.1364679,0.26229253,-0.45840213,-0.76826876,-0.37331274,0.19959931
,,6.2755756,4.6143193,-5.251448,1688216893111,,-1.2780819,-0.09697478,-0.96386826,,,,,,0.025912555,0.10122865,0.031444892,-0.44127148,-0.76336646,-0.40999228,0.19344026
,,6.1936617,5.3034525,-5.2320666,1688216893362,,0.74265885,0.18952079,0.6824123,,,,,,0.0839477,0.29502374,-0.06987525,-0.42791688,-0.75898564,-0.43617776,0.17575672
,,6.365227,4.9163733,-5.328976,1688216893615,,1.2557852,-1.220966,0.91393006,,,,,,0.0964863,0.21955824,-0.023975937,-0.435226,-0.75933653,-0.42515263,0.18905929
,,6.015955,4.15043,-5.591945,1688216893866,,0.095142186,0.35873035,0.18639012,,,,,,-0.2074588,0.2261765,0.23416659,-0.45106873,-0.7663695,-0.38603142,0.20013724
,,5.983493,3.9284563,-5.5735226,1688216894118,,-1.3330597,0.6458368,-1.3859758,,,,,,-0.30184206,0.10114697,0.21925154,-0.45050395,-0.7675684,-0.3790575,0.20669255
,,6.2739806,4.8851867,-5.259743,1688216894368,,-0.8144355,-0.49464774,-0.38660106,,,,,,-0.03070833,0.33832046,0.023512356,-0.42853326,-0.7642225,-0.41796488,0.1971693
,,6.1707706,5.131648,-5.1641903,1688216894621,,0.87399477,0.18157956,0.6805797,,,,,,-8.67335E-4,0.3419353,-0.049872924,-0.42074054,-0.7636683,-0.42982355,0.18523571
,,6.2944,4.5660644,-5.4037113,1688216894872,,1.8526002,-1.021824,0.57306755,,,,,,-0.031416416,0.26216462,0.1485263,-0.4307918,-0.77072304,-0.40394446,0.19984649
52.54355313,13.35784652,6.210093,4.026163,-5.6808805,1688216895000,4.1530457,-1.4912736,0.1424842,-1.5252529,,,,,,-0.08020522,0.029495137,0.26025182,-0.4352943,-0.77974117,-0.37556812,0.20473786
,,5.8768525,3.8092933,-5.7446885,1688216895124,,-0.8498656,0.56275916,-0.18990259,,,,,,-0.2760121,0.17615661,0.40907368,-0.44299573,-0.78147525,-0.36098433,0.2033442
,,6.2444687,5.004668,-5.318367,1688216895627,,0.08781181,-0.1904371,0.32200208,,,,,,0.08446762,0.22682275,0.19610654,-0.41792488,-0.77370995,-0.41533425,0.18413582
,,6.2595444,4.992944,-5.194499,1688216895878,,1.3168718,-0.66324645,0.86933696,,,,,,0.037797373,0.19598797,0.28274643,-0.42074415,-0.7696722,-0.4202954,0.18150647
,,6.280043,4.3077188,-5.4214177,1688216896130,,1.1488839,-0.39629853,0.52053314,,,,,,-0.006731208,0.15625745,0.46326503,-0.43819717,-0.7730177,-0.3907638,0.19659068
,,5.9398637,3.7118263,-5.5428143,1688216896381,,-1.2310452,1.6299399,-1.2326487,,,,,,-0.3050923,-0.009049948,0.5148162,-0.45126283,-0.77299,-0.36892137,0.20241371
,,6.370811,4.4210587,-5.2670813,1688216896632,,-1.3422227,-0.34620762,-0.8710168,,,,,,-0.054222345,0.037537575,0.2519582,-0.43630645,-0.7653461,-0.4078729,0.20129701
,,6.3267026,5.219942,-5.0062633,1688216896882,,0.88682294,0.23167047,0.5913935,,,,,,0.014929326,0.2729009,0.14316696,-0.42418864,-0.75958794,-0.4379627,0.18281715
,,6.628438,4.8349376,-5.2258444,1688216897135,,1.4970769,-1.4317143,0.7465531,,,,,,0.13715251,0.25118458,0.14118947,-0.43267393,-0.76092994,-0.42416626,0.19555822
,,6.2829947,3.9148173,-5.585965,1688216897386,,-0.51694435,0.8138246,-0.06589704,,,,,,-0.06922674,0.13619003,0.3780553,-0.4512309,-0.7697347,-0.37887758,0.20556027
,,6.242875,3.778746,-5.620661,1688216897638,,-1.4515674,0.5254964,-1.5441898,,,,,,-0.194916,0.007108732,0.3201727,-0.45252487,-0.7699507,-0.37453225,0.20858724
,,6.469953,4.842036,-5.2700324,1688216897891,,-0.22617269,-0.38957903,0.073380135,,,,,,0.12391529,0.23874837,0.17314981,-0.43173838,-0.76476973,-0.41650766,0.19258977
52.54350492,13.35764501,6.3511896,4.423212,-5.4475794,1688216898000,4.136961,1.2899936,-1.1568252,0.7734312,,,,,,0.036622014,0.24544917,0.3007819,-0.4463291,-0.7660298,-0.3979893,0.19513413
,,6.35422,5.0983076,-5.1587663,1688216898142,,1.0725259,-0.23319763,1.0550399,,,,,,0.12369696,0.27847916,0.15987685,-0.43021718,-0.7614295,-0.42809144,0.18041827
,,5.886663,3.7204401,-5.671868,1688216898645,,-1.4143047,1.6140574,-1.0762674,,,,,,-0.313422,0.124378815,0.45000783,-0.46249247,-0.76983726,-0.36442503,0.20018014
,,6.2932835,4.423691,-5.4634523,1688216898899,,-1.5657991,-0.114689864,-0.8893428,,,,,,-0.051912356,0.21473768,0.17391829,-0.44891796,-0.764643,-0.3958993,0.19830298
,,6.1455665,5.2479386,-5.1487164,1688216899150,,0.70906126,0.82848537,0.78320503,,,,,,-0.015309938,0.37774786,0.11445641,-0.4335657,-0.7591179,-0.43128955,0.17538913
,,6.3956957,4.9647884,-5.251687,1688216899400,,1.3920081,-0.8965968,0.99639684,,,,,,0.082908675,0.33950523,0.118822806,-0.44233713,-0.7584526,-0.42285702,0.18144499
,,6.188556,4.192943,-5.61085,1688216899650,,0.16172644,0.40515608,0.023900084,,,,,,-0.15364657,0.33846682,0.3029412,-0.46276638,-0.7632963,-0.38308564,0.19531816
,,6.119724,3.8797228,-5.6657257,1688216899902,,-1.5450298,0.7692315,-1.5466332,,,,,,-0.28078786,0.10679041,0.219793,-0.46507993,-0.76274455,-0.37759745,0.20029572
,,6.4425955,4.8833523,-5.322914,1688216900152,,-0.62384564,-0.683405,0.026954409,,,,,,0.037535906,0.27328125,-0.009571386,-0.4416025,-0.7581939,-0.4217037,0.18750995
,,6.3994446,5.149833,-5.2400427,1688216900402,,1.211803,-0.5728384,0.8406263,,,,,,0.08528627,0.29656327,-0.051414944,-0.43522018,-0.7553695,-0.4366799,0.17591049
,,6.579784,4.6214175,-5.4545193,1688216900654,,1.4518728,-0.4176788,0.86445004,,,,,,0.07487925,0.33231074,0.11253704,-0.44857726,-0.7602291,-0.4094134,0.19305182
,,6.15761,3.8505301,-5.688776,1688216900906,,-1.61589,1.5419754,-0.8117629,,,,,,-0.23069167,0.17304869,0.26464897,-0.4636049,-0.76490945,-0.37351888,0.20299335
52.54345207,13.3574491,6.5600033,5.350591,-5.0668015,1688216901000,3.9543169,0.97051144,0.20906848,0.63598657,,,,,,0.21363205,0.4416701,-0.09508817,-0.4303362,-0.75557125,-0.43771905,0.18476455
,,6.44762,4.3309293,-5.396532,1688216901158,,-1.2249366,-0.44516772,-1.3065634,,,,,,-0.060952045,0.16620031,0.025195725,-0.44958442,-0.7605251,-0.40045232,0.20372777
,,6.63115,5.1479983,-5.1456056,1688216901660,,1.3125957,-0.9912808,0.90049106,,,,,,0.22644748,0.42542517,-0.0640053,-0.43604937,-0.75598025,-0.42975348,0.19164522
,,6.277092,4.230989,-5.392705,1688216901911,,-0.15592323,0.65866494,0.155236,,,,,,-0.11588545,0.2925768,0.2849998,-0.45355177,-0.76407707,-0.38679424,0.2060201
,,6.231548,3.9105902,-5.480202,1688216902163,,-1.2841905,0.62384564,-1.6174936,,,,,,-0.1630092,0.10798535,0.22424619,-0.45469803,-0.765215,-0.37767512,0.21324202
,,6.5202813,4.940381,-5.1297336,1688216902414,,-0.41920596,-0.27229297,-0.013973532,,,,,,0.097146116,0.32175142,0.05929268,-0.4300417,-0.7626953,-0.41951418,0.20029417
,,6.3952966,5.239484,-5.105804,1688216902665,,0.8330668,-0.13057235,1.0080032,,,,,,0.14175051,0.34321252,0.11326714,-0.4228241,-0.76358485,-0.43110803,0.18549587
,,6.4457865,4.50768,-5.322913,1688216902915,,1.1604904,-0.82756907,0.7141773,,,,,,0.02078732,0.23350468,0.35730597,-0.43795756,-0.76907337,-0.40099725,0.20066224
,,6.082237,3.5667415,-5.6076593,1688216903165,,-1.35444,1.7905974,-0.8282563,,,,,,-0.3537415,0.007959692,0.5771639,-0.454195,-0.7744769,-0.3634455,0.20732495
,,6.4723463,4.196054,-5.4579487,1688216903416,,-1.507767,0.031917684,-1.0732131,,,,,,-0.09199095,0.1412315,0.26159346,-0.4427611,-0.76927644,-0.390794,0.20600706
,,6.454002,5.104768,-5.164031,1688216903667,,0.9912808,0.27504188,0.543746,,,,,,0.057085514,0.30328128,0.1273792,-0.4255366,-0.7641021,-0.42759705,0.18358627
,,6.5447693,4.833023,-5.303532,1688216903919,,1.3376411,-1.0816888,1.004338,,,,,,0.07933447,0.23978534,0.120209776,-0.43127117,-0.7646522,-0.4207582,0.18674105
52.54341276,13.35726126,6.177629,3.7275395,-5.665327,1688216904000,4.2418118,-1.2340996,1.0764965,-1.4940989,,,,,,-0.3534214,0.1143436,0.40594095,-0.45581633,-0.76968646,-0.37101465,0.20439467
,,6.323512,4.0538406,-5.5364327,1688216904168,,0.19410229,0.5022836,0.21937682,,,,,,-0.18329778,0.2350346,0.4485587,-0.44989195,-0.7702494,-0.3813181,0.2001655
,,6.4441113,4.833183,-5.3748374,1688216904671,,-0.64522594,-0.30894485,-0.08849903,,,,,,-0.01347262,0.34315878,0.1362211,-0.43497398,-0.76372105,-0.41542166,0.19135454
,,6.315298,5.2255263,-5.2733026,1688216904924,,1.1384993,0.32024586,0.8552871,,,,,,0.041420776,0.38211533,0.11757825,-0.4284348,-0.7609982,-0.43207893,0.17456079
,,6.47498,4.6790843,-5.4979086,1688216905176,,1.4995203,-1.8104504,0.83451766,,,,,,0.07890854,0.36412463,0.22576147,-0.4416765,-0.7652973,-0.406946,0.19033194
,,5.9539022,3.8487754,-5.6457853,1688216905427,,-1.2780819,1.1430807,-0.5362629,,,,,,-0.29218706,0.32430425,0.5814863,-0.4600201,-0.7701966,-0.3674973,0.19623065
,,6.2965536,4.1479583,-5.602636,1688216905678,,-1.3910918,-0.09392046,-1.3688716,,,,,,-0.08611954,0.27337068,0.26694858,-0.45350686,-0.7653471,-0.38715538,0.19734049
,,6.250691,5.142176,-5.2095733,1688216905931,,0.7786999,0.29581127,0.4588358,,,,,,0.07932145,0.4455,0.09892237,-0.43487185,-0.75975215,-0.42698416,0.17643267
,,6.360442,5.047899,-5.2433915,1688216906182,,1.1281146,-0.7279981,0.9658536,,,,,,0.12257158,0.3804657,0.06296054,-0.43730313,-0.7582187,-0.42746174,0.17752244
,,6.284749,4.254838,-5.472386,1688216906432,,0.9088141,-0.5129737,0.39530587,,,,,,-0.027899964,0.3068833,0.2836586,-0.4537224,-0.76338303,-0.39332908,0.19508003
,,5.9776697,3.669234,-5.5822964,1688216906683,,-1.386205,1.5676317,-1.0994803,,,,,,-0.30896607,0.1034743,0.37144986,-0.46266162,-0.76550835,-0.3717624,0.20060517
,,6.3562946,4.5777097,-5.4606605,1688216906933,,-1.1308634,-0.19349141,-0.8911753,,,,,,-0.07380228,0.18834417,-0.0026724497,-0.44325057,-0.7602423,-0.4115931,0.19667588
52.54335966,13.35710881,6.4943595,4.8694744,-5.428676,1688216907000,4.871786,1.3321434,-0.92286396,1.0189989,,,,,,0.16205722,0.27093542,0.06269677,-0.43441853,-0.7636548,-0.41935077,0.18877305
,,6.242874,5.212764,-5.2465034,1688216907183,,0.881936,0.013591741,0.46494445,,,,,,0.020449145,0.27547902,-0.049585566,-0.42899704,-0.75841534,-0.43592536,0.17709628
,,6.110072,4.045146,-5.726184,1688216907685,,-0.13881902,0.67760175,0.08804089,,,,,,-0.15623328,0.17648204,0.3425325,-0.4508395,-0.77234215,-0.37634596,0.1984734
,,6.0606203,3.9471204,-5.700422,1688216907937,,-1.4387393,0.6488911,-1.5203661,,,,,,-0.2541396,0.068566605,0.3336124,-0.45085204,-0.7725747,-0.3737423,0.20133097
,,6.3184876,4.9890356,-5.3620763,1688216908188,,-0.41981682,-0.4262309,-0.17463097,,,,,,0.04836178,0.30455962,0.15541194,-0.43029153,-0.76799405,-0.4144023,0.18662366
,,6.3094745,5.2067823,-5.2789655,1688216908442,,1.1134537,0.05574141,0.8705587,,,,,,0.1348816,0.2994447,0.09692739,-0.42516842,-0.7663243,-0.4251145,0.17614841
,,6.3935413,4.6776495,-5.4731035,1688216908693,,1.6424627,-1.6113086,0.8558979,,,,,,0.08080883,0.30153033,0.23035516,-0.43654683,-0.7709949,-0.40005752,0.19327411
,,5.930372,3.7866416,-5.7730837,1688216908943,,-1.213941,1.0728313,-0.3853793,,,,,,-0.23252365,0.10353185,0.40646997,-0.45150498,-0.77651596,-0.3621133,0.19890514
,,6.1749177,4.1785064,-5.5649076,1688216909193,,-1.4668391,-0.05665771,-1.5142574,,,,,,-0.09083209,0.1603159,0.3227712,-0.4440842,-0.7728875,-0.38219625,0.1990505
,,6.2960744,5.0979886,-5.321956,1688216909446,,0.39568767,-0.06704241,0.21510077,,,,,,0.17651254,0.32254738,0.14826965,-0.4266027,-0.76854146,-0.418431,0.17773375
,,6.2451077,4.9710093,-5.468717,1688216909696,,1.1366667,-0.101250835,0.9707405,,,,,,0.13825135,0.25094265,0.12839036,-0.42988116,-0.76919866,-0.4159278,0.17495269
,,6.1142993,4.308596,-5.6567926,1688216909947,,1.1696533,-0.70661783,0.7416662,,,,,,-0.014030918,0.20239918,0.39368317,-0.44636115,-0.7749707,-0.38363233,0.1873047
52.54333139,13.35692031,6.206902,4.535356,-5.6634917,1688216910000,4.230389,-1.5737404,-0.24541493,-1.3902519,,,,,,-0.048460547,0.18637575,0.13319468,-0.44748908,-0.7687018,-0.3945804,0.19037028
,,5.822694,3.7052863,-5.8789263,1688216910198,,-1.2469277,1.1986694,-0.9540944,,,,,,-0.25353843,-0.013322699,0.4059433,-0.4594874,-0.77553445,-0.35983866,0.19148861
,,6.0233717,5.127181,-5.4249277,1688216910700,,0.5031999,-0.013286309,0.2957349,,,,,,-0.056973267,0.22177999,-0.013714059,-0.4326173,-0.7646573,-0.42288014,0.17256886
,,6.1616774,4.87067,-5.5870023,1688216910950,,1.3468041,-0.47632182,0.7068469,,,,,,-0.044266082,0.19795556,-0.040614408,-0.43502334,-0.7671938,-0.4138795,0.18315803
,,6.0613394,4.1985264,-5.8013186,1688216911201,,0.6101012,-0.32665995,0.42707083,,,,,,-0.122150294,0.24543165,0.15656048,-0.44665372,-0.774871,-0.37825173,0.19602449
,,5.9676986,3.8237307,-5.9385066,1688216911451,,-1.3434443,1.1162027,-1.0903172,,,,,,-0.22317997,0.07418219,0.1458566,-0.44956705,-0.7771382,-0.36439192,0.20021293
,,6.2561936,4.63753,-5.682715,1688216911703,,-1.3458878,-0.18616104,-0.775111,,,,,,0.041978773,0.2592996,0.011921739,-0.43027937,-0.7756668,-0.39897594,0.19061603
,,6.129374,5.0691953,-5.5315676,1688216911955,,0.7475458,-0.004123337,0.58589566,,,,,,0.10477166,0.2991761,-0.02634968,-0.4211426,-0.7727191,-0.41842887,0.17280534
,,6.3585267,4.7811785,-5.68391,1688216912205,,1.505629,-1.1989748,0.7850376,,,,,,0.17847547,0.29984665,0.04882834,-0.4303218,-0.77416205,-0.40481797,0.18440084
,,6.0131636,3.9440894,-5.9377894,1688216912457,,-0.08506292,0.4356993,-0.010919208,,,,,,-0.11599614,0.198495,0.27008992,-0.445653,-0.7795211,-0.36917087,0.19359565
,,6.0248084,3.8821154,-5.836972,1688216912709,,-1.2884666,0.59635675,-1.4488949,,,,,,-0.20934135,0.017322795,0.2440966,-0.44530955,-0.77664906,-0.37307203,0.19933435
,,6.2122464,4.824329,-5.5229545,1688216912960,,-0.59635675,-0.32482734,-0.110490166,,,,,,0.0028289,0.23397252,0.030599443,-0.42525154,-0.77205926,-0.41240257,0.18866834
52.54329039,13.35670084,6.3764725,4.5391054,-5.5539794,1688216913000,3.96612,1.451262,-1.5880957,0.7037926,,,,,,0.0503476,0.16099162,0.07222026,-0.4279714,-0.7740647,-0.40265688,0.19855253
,,6.1817775,5.066563,-5.4207,1688216913212,,1.0639738,0.26465717,0.7404445,,,,,,0.02626338,0.23996672,-0.034039743,-0.41994175,-0.76907945,-0.42469245,0.18038861
,,6.029913,3.75067,-5.8211794,1688216913714,,-0.87246764,0.65866494,-0.4153117,,,,,,-0.2034925,0.08436729,0.22259106,-0.43910116,-0.78200996,-0.36509195,0.20652772
,,6.2691164,4.0810385,-5.697151,1688216913966,,-1.2921318,0.12599087,-1.5246421,,,,,,-0.06701603,0.03799792,0.08735502,-0.43111652,-0.78028125,-0.37960193,0.2088704
,,6.3137813,5.0229335,-5.4163938,1688216914217,,-0.11377356,0.03008509,0.2615265,,,,,,0.1353188,0.28459352,-0.024227452,-0.4112781,-0.77759045,-0.41423458,0.19132508
,,6.34082,5.043033,-5.3915877,1688216914467,,0.74265885,0.014813471,0.97623825,,,,,,0.19464682,0.2336903,0.0340741,-0.41025192,-0.7777031,-0.41663903,0.18679243
,,6.299265,4.4618974,-5.5433726,1688216914717,,1.2136356,-0.93324864,0.9212604,,,,,,0.04034395,0.22129497,0.27366987,-0.42220765,-0.783765,-0.38928953,0.19888374
,,5.874938,3.7711682,-5.6645303,1688216914968,,-1.2890774,1.0600032,-0.5918516,,,,,,-0.28131053,0.09427007,0.5130594,-0.43627533,-0.78697646,-0.35935298,0.20095496
,,6.1313696,4.336672,-5.482595,1688216915218,,-1.1888956,0.25060728,-1.2424226,,,,,,-0.17871828,0.17023522,0.39597574,-0.4291445,-0.7809488,-0.3853464,0.19992343
,,6.1981287,5.0809994,-5.2143598,1688216915472,,0.3413207,-0.23686282,0.3030653,,,,,,0.05356504,0.33373827,0.20737751,-0.41652253,-0.77538455,-0.4160174,0.18083514
,,6.2833924,4.868916,-5.3513894,1688216915722,,0.8483385,-0.04444041,1.0794744,,,,,,0.0074438574,0.24518542,0.15936933,-0.4232834,-0.77296716,-0.41417333,0.18278234
,,6.355177,4.274299,-5.611169,1688216915972,,1.1342232,-0.48487392,0.5003746,,,,,,-0.064328365,0.2236287,0.252881,-0.4411806,-0.77347314,-0.3893411,0.19577001
52.5432833,13.35651752,6.490451,4.444509,-5.556533,1688216916000,4.4089494,-1.2450951,0.116217025,-1.2607485,,,,,,0.023971621,0.15267657,-0.06508405,-0.43594494,-0.7687619,-0.40310714,0.20235814
,,6.052165,3.81392,-5.6603007,1688216916223,,-1.2750275,1.2799144,-0.65721416,,,,,,-0.2363667,0.09824326,0.30578762,-0.45096382,-0.7732879,-0.37138763,0.20154025
,,6.379904,5.0100923,-5.361038,1688216916726,,0.6467531,0.21273366,0.41057748,,,,,,0.117714055,0.22767211,-0.19253568,-0.420312,-0.7661016,-0.4283396,0.18630338
,,6.4470615,4.786203,-5.3755546,1688216916977,,0.8996511,-0.063377224,0.9518037,,,,,,-0.005729628,0.14518026,-0.11290763,-0.42099386,-0.76848114,-0.42188147,0.19373696
,,6.380941,4.286742,-5.5865226,1688216917230,,0.8177952,-0.28206682,0.7709877,,,,,,-0.076706745,0.1493574,0.03662375,-0.42996606,-0.7755446,-0.39255732,0.20620185
,,6.1768327,3.8644888,-5.8608994,1688216917480,,-0.721584,0.52977246,-0.4709004,,,,,,-0.17655991,0.07304608,-0.0045162993,-0.43353873,-0.781245,-0.36939222,0.20889871
,,6.4368525,4.4106903,-5.7647085,1688216917731,,-2.2780676,-0.29917103,-1.4378994,,,,,,0.019908173,0.16862264,-0.0813004,-0.4219019,-0.7811519,-0.38902247,0.20400408
,,6.232984,4.9603214,-5.591628,1688216917981,,1.3626866,0.491288,0.71723163,,,,,,0.028797626,0.30834854,-0.024630284,-0.4118448,-0.7793416,-0.4081462,0.18567824
,,6.498428,4.6006002,-5.6544805,1688216918231,,0.82329303,-0.8996511,0.8717804,,,,,,0.1107989,0.28488052,0.084870175,-0.4176201,-0.78252685,-0.39306605,0.20066999
,,6.2293944,3.9468017,-5.966743,1688216918482,,-1.527162E-4,0.011148282,0.042836893,,,,,,-0.13156748,0.21219984,0.22748551,-0.4333874,-0.78586423,-0.36367166,0.21307534
,,6.2701535,3.6628535,-6.155376,1688216918732,,0.14645483,-0.17760894,-0.35300347,,,,,,-0.18570024,0.08630594,0.06956827,-0.4376733,-0.7841851,-0.3589534,0.21789438
,,6.329974,3.9331625,-6.0216975,1688216918985,,0.23747368,0.26648977,-0.056734066,,,,,,-0.24780157,0.17461117,-0.025253853,-0.43082604,-0.7824081,-0.37271908,0.2226843
52.54325171,13.35630825,6.381259,2.6586654,-6.8158755,1688216919000,3.7900925,0.25641048,0.16447534,-0.3163516,,,,,,-0.52853024,0.03229982,-0.3728501,-0.4318409,-0.7971268,-0.3160942,0.26745805
,,6.333483,3.6265624,-6.32742,1688216919236,,0.48487392,0.067958705,-0.23755004,,,,,,-0.34597903,0.21719319,-0.25758368,-0.4293188,-0.7849749,-0.36011472,0.23610345
,,6.289694,2.1146967,-7.249535,1688216919740,,0.23808455,0.009315688,-0.31390813,,,,,,-0.6999653,-0.04125994,-0.5309315,-0.42125133,-0.8100849,-0.28304392,0.2853039
,,6.358846,2.0527225,-7.3844905,1688216919990,,0.2509127,0.08261946,-0.15874848,,,,,,-0.6750377,0.0035653869,-0.6899765,-0.38960966,-0.8239102,-0.2687446,0.2995983
,,6.3639507,2.164627,-7.364391,1688216920242,,0.31566438,0.08689552,-0.24488042,,,,,,-0.68729347,0.111111134,-0.7217009,-0.34952784,-0.83970755,-0.25439054,0.3142253
,,6.4036717,2.09372,-7.4099336,1688216920492,,0.22464553,0.14798199,-0.3126864,,,,,,-0.6570334,0.099367715,-0.77417237,-0.30420104,-0.85637283,-0.23550278,0.32940325
,,6.401997,2.0874186,-7.3975706,1688216920743,,0.2716821,0.2084576,-0.29985824,,,,,,-0.65473735,0.14538878,-0.69914603,-0.25575063,-0.8729428,-0.21400444,0.34231037
,,6.478566,2.2184656,-7.391828,1688216920993,,0.009010255,0.25610507,-0.5942951,,,,,,-0.59273976,0.28499255,-0.7128966,-0.20657872,-0.88622195,-0.19516225,0.35342014
,,6.378228,2.4311874,-7.31127,1688216921243,,0.30527967,0.15714496,-0.8893428,,,,,,-0.57592213,0.34423697,-0.6668625,-0.1534563,-0.89612883,-0.18227412,0.36152315
,,6.3290963,2.8252056,-7.255038,1688216921495,,0.35964665,0.028252495,-0.55275625,,,,,,-0.5099488,0.38316664,-0.61628556,-0.08966185,-0.9013412,-0.17488676,0.36791462
,,6.2051473,3.3244286,-7.055237,1688216921746,,0.29917103,-0.3480402,0.031841327,,,,,,-0.45956638,0.48099244,-0.44233677,-0.021340668,-0.90262336,-0.1709048,0.37200013
,,5.9155364,3.696034,-6.860621,1688216921998,,-1.4332415,1.191339,-0.7653372,,,,,,-0.5414546,0.5881463,-0.16535419,0.039911635,-0.9046526,-0.16453303,0.36928102
52.54319294,13.3561786,5.1694536,5.722036,-5.296912,1688216922000,4.121065,-0.08384119,0.82848537,-0.21128285,,,,,,-0.590069,0.8286635,0.21068634,0.15867977,-0.8604408,-0.22705297,0.39565593
,,5.614838,4.2111287,-6.239684,1688216922248,,-0.7722858,0.72280574,-1.6791909,,,,,,-0.6449812,0.42197254,0.08601263,0.09733022,-0.8926739,-0.18096279,0.37994993
,,4.770651,6.7039714,-4.5199633,1688216922752,,1.1568252,-0.2215912,0.6280454,,,,,,-0.562643,0.80965525,0.1982243,0.21564156,-0.8235308,-0.2689834,0.41383323
,,4.5809793,7.2463446,-4.115336,1688216923004,,2.2185082,-2.0743442,0.932256,,,,,,-0.5368176,0.9714712,0.4027386,0.25959665,-0.80357236,-0.27685517,0.4236313
,,4.0370107,6.8557563,-4.3401012,1688216923255,,-0.4650208,0.51511174,-0.65232724,,,,,,-0.71427125,0.7531437,0.4991983,0.29255983,-0.80252475,-0.26091,0.4043509
,,4.041956,6.838128,-4.658905,1688216923505,,-0.08933897,-0.12568542,0.088651754,,,,,,-0.4379919,0.69538325,0.3574173,0.3286244,-0.79616374,-0.25182572,0.39168024
,,3.972325,6.6854653,-5.3109493,1688216923756,,0.17027856,-0.032223117,-0.057955798,,,,,,-0.21287437,0.8732572,0.29985842,0.3598929,-0.80253434,-0.22323579,0.36512464
,,3.9593236,5.423094,-6.215756,1688216924007,,-0.116217025,-0.016951498,0.042226028,,,,,,-0.1772471,0.45133463,0.51760113,0.37956205,-0.8285821,-0.16725124,0.33077022
,,4.1101513,4.698148,-7.2150784,1688216924260,,-0.3251328,0.17486005,-0.16668972,,,,,,-0.0061282557,0.5819679,0.6180098,0.3890664,-0.8597156,-0.11410505,0.29439372
,,3.9663424,4.168616,-7.6799235,1688216924542,,-0.14553854,0.09789108,-0.10560325,,,,,,0.043278765,0.45166862,0.61600417,0.39134327,-0.8749066,-0.09516318,0.26809734
,,4.2616167,4.465166,-7.663333,1688216924793,,0.031001387,-0.012064579,0.020234896,,,,,,0.3334774,0.61036134,0.55778986,0.3928191,-0.87251574,-0.101187155,0.27171803
52.54310683,13.35620377,4.231706,4.6269217,-7.519925,1688216925000,4.6750965,0.105526894,-0.047494736,0.015958842,,,,,,0.45228228,0.4734483,0.5732976,0.3795955,-0.8753548,-0.122491464,0.2726634
,,4.2037106,4.5513077,-7.5520678,1688216925053,,0.053603385,-0.072540194,0.03367392,,,,,,0.3188356,0.58401054,0.6270449,0.3903773,-0.8723813,-0.10748458,0.27330706
,,4.2072997,4.561677,-7.527422,1688216925304,,0.1763872,0.05329795,0.051389,,,,,,0.38039315,0.50344056,0.6186769,0.3865366,-0.87333125,-0.11490201,0.2726804
,,4.233222,4.501538,-7.410892,1688216925806,,-0.16814053,-0.10308343,0.30428702,,,,,,0.5072477,0.3098057,0.6508112,0.37149727,-0.8784678,-0.12808351,0.27087724
,,4.379343,4.5320063,-7.4628954,1688216926058,,-0.09911281,-0.2008218,0.39713848,,,,,,0.6560701,0.3281187,0.5868889,0.35194853,-0.88552594,-0.13456942,0.2673794
,,4.4587054,4.510152,-7.4640913,1688216926308,,-0.15897755,-0.15867212,0.45455974,,,,,,0.68436253,0.32734865,0.57094014,0.31525704,-0.89617974,-0.14419787,0.26332754
,,4.538706,4.6029134,-7.44455,1688216926559,,-0.19929464,-0.5148063,0.6280454,,,,,,0.6869164,0.41503626,0.5475705,0.2638997,-0.9081189,-0.15800165,0.25875705
,,4.5732427,4.6977496,-7.426204,1688216926810,,-0.18524474,-0.18188499,0.8039744,,,,,,0.5995675,0.5344034,0.54195523,0.19895719,-0.9198396,-0.17308716,0.25155395
,,4.652764,4.761797,-7.4610596,1688216927060,,-0.4253146,-0.5398517,0.7911462,,,,,,0.527633,0.6631287,0.48012578,0.119391546,-0.92940784,-0.18919922,0.24199493
,,4.4804797,4.8528833,-7.2792845,1688216927310,,-2.1455097,0.3245219,-0.19540037,,,,,,0.20595674,0.73422056,0.60573506,0.021971086,-0.93256366,-0.21278259,0.2268833
,,3.9900315,5.5371504,-6.6964736,1688216927560,,-0.23228133,-0.35475972,0.26335907,,,,,,-0.23059465,0.87420905,0.7029336,-0.04969487,-0.864431,-0.23117319,0.19722347
,,3.4672797,6.420501,-5.679045,1688216927810,,0.15683953,-0.37369654,0.4502837,,,,,,-0.5478913,0.96897024,1.0350529,-0.021150526,-0.58022624,-0.111303076,0.1606094
52.54304432,13.35627019,3.2820754,8.51781,-2.9054456,1688216928000,3.9401534,-0.7063124,-1.6394083,0.26458082,,,,,,-0.6528216,0.8141766,0.79180604,0.03815097,-0.038688883,0.05327212,0.059542704
,,3.309433,7.30768,-4.7531033,1688216928061,,-0.2952004,0.8791871,-0.39698574,,,,,,-0.64898884,1.1987768,1.1527255,0.02822917,-0.3043548,0.021936623,0.12280073
,,3.3592837,7.8919277,-3.8485365,1688216928311,,-0.260992,-0.017562363,-0.14408773,,,,,,-0.6033569,1.0188525,0.9755121,0.0013379157,-0.21533982,-0.0070282617,0.08894879
,,3.2046278,9.238368,-1.9393028,1688216928814,,0.12568542,0.45402524,-0.72990704,,,,,,-0.6372258,0.7333664,0.6588772,0.15030584,0.2145969,0.20868534,0.0536083
,,3.5735202,9.274979,-1.3686944,1688216929065,,-0.47662723,-0.10613775,-0.25831944,,,,,,-0.26882514,0.46735117,0.35395744,0.24268681,0.3980075,0.36702785,0.06785019
,,3.804109,9.378906,-1.1326826,1688216929316,,1.9014693,-0.68035066,1.126511,,,,,,-0.19529709,0.51903903,0.027273823,0.26095593,0.36491632,0.38774464,0.091334805
,,3.7061632,8.952906,-1.3131012,1688216929567,,-1.7967061,-0.64003354,-0.22716534,,,,,,-0.41747352,0.1309494,-0.07594658,0.29369935,0.3424628,0.38272,0.11292351
,,3.4645681,9.189955,-1.3164512,1688216929817,,-0.93966275,0.17852524,0.37942338,,,,,,-0.6037561,0.3126896,0.093689986,0.42478794,0.49358192,0.54023266,0.15677792
,,3.282155,9.321001,-1.1569297,1688216930067,,-0.22861615,0.03375028,0.028176138,,,,,,-0.64102954,0.38068897,0.30803612,0.50702685,0.55111825,0.61176306,0.20878701
,,3.318207,9.356892,-1.0759727,1688216930319,,-0.15042545,0.09422589,0.07154754,,,,,,-0.5537321,0.39850014,0.33414322,0.5345837,0.5226359,0.5979399,0.24665077
,,3.1562126,9.470952,-0.9739586,1688216930570,,0.013897174,0.05329795,0.058108512,,,,,,-0.75292104,0.51190937,0.5339393,0.56700283,0.4952311,0.5815899,0.27960002
,,3.303451,9.242277,-1.0126425,1688216930821,,-0.17730351,-0.23564109,-0.011530072,,,,,,-0.5442651,0.27112344,0.45630458,0.5860471,0.4744224,0.57124484,0.30927005
52.54304627,13.35625648,3.2853453,9.393902,-0.017068803,1688216931000,3.7900925,0.032223117,-0.26923865,-0.0029779659,,,,,,-0.38736027,0.23223434,0.28907222,0.5722689,0.43310234,0.5966565,0.35826594
,,3.2482567,9.513942,-0.6535595,1688216931071,,-0.16875139,-0.045051277,0.21326816,,,,,,-0.43722054,0.35161343,0.27795056,0.58439285,0.45102948,0.5784692,0.34371507
,,3.2899714,9.368219,-0.25635108,1688216931323,,-0.21151192,0.15347977,-0.10499238,,,,,,-0.35560942,0.20508878,0.29450697,0.57748806,0.4406222,0.5884105,0.35400668
,,3.2618155,9.402597,0.09300104,1688216931826,,0.14828743,-0.16722423,0.19005531,,,,,,-0.44416422,0.241482,0.23317537,0.57040846,0.4251564,0.6000054,0.36465856
,,3.4896123,9.313265,0.07154539,1688216932078,,0.028557928,-0.10674862,0.09842559,,,,,,-0.24510606,0.17939831,0.13757949,0.5724176,0.4178703,0.59956294,0.37008208
,,3.4622548,9.326185,0.08646064,1688216932329,,0.061544627,-0.0016798781,-0.06406444,,,,,,-0.3343526,0.22480567,0.14284243,0.58012426,0.40659666,0.5954393,0.3770216
,,3.6520853,9.259506,0.1504288,1688216932582,,0.12079851,-0.11285727,-0.03046688,,,,,,-0.1883831,0.16901535,0.24149397,0.58753437,0.39808255,0.59023094,0.38302332
,,3.7654252,9.247223,-0.027597224,1688216932832,,-0.06429352,-0.12873976,-0.026190827,,,,,,-0.084041715,0.14583267,0.12599795,0.5949099,0.39108646,0.5837255,0.38937983
,,3.8403206,9.196894,-0.19836499,1688216933082,,-0.08994984,-0.5514582,0.038560838,,,,,,-0.04999554,0.097054414,0.08431724,0.60460204,0.3844215,0.575517,0.39381602
,,3.9286156,9.172727,-0.33220354,1688216933333,,0.029779658,-0.35537058,0.022067491,,,,,,0.037245,0.061020754,0.07344401,0.61363345,0.37811095,0.56595665,0.3991565
,,3.7730021,9.190831,-0.4231308,1688216933584,,0.4958695,-0.36086836,0.099036455,,,,,,-0.07858701,0.052624736,0.11444189,0.62318337,0.37020028,0.55384624,0.4075697
,,3.8580275,9.085867,-0.8512067,1688216933836,,-1.4295763,-1.0254892,0.29512405,,,,,,-0.0021737893,-0.0048011937,0.0042963265,0.64091337,0.35802746,0.535004,0.4128986
52.54305325,13.3562266,3.2402806,9.282716,-1.1393027,1688216934000,3.7900925,-0.6806561,0.06062833,-0.093996815,,,,,,-0.06155893,0.0052697975,-0.024127683,0.6899528,0.25341734,0.41990954,0.5082206
,,3.600879,9.17153,-0.88175505,1688216934086,,-0.36911505,-0.029779658,0.12041672,,,,,,-0.24352366,0.086572856,0.12712239,0.6596785,0.32711288,0.5090396,0.43358612
,,3.5086756,9.157492,-1.1788639,1688216934337,,-0.28725916,-1.1898118,-0.14164427,,,,,,-0.092939146,0.030522775,0.015963947,0.67514455,0.28885517,0.4709653,0.46864063
,,2.8421152,9.469116,-0.99110734,1688216934839,,0.62781626,0.79244435,0.32078037,,,,,,-0.06494909,0.059087515,0.04038409,0.70107746,0.21291809,0.36218816,0.5491627
,,2.3705688,9.956696,-0.028953234,1688216935090,,0.30344707,2.9494078,-0.25159994,,,,,,-0.17903128,0.47379997,0.22335812,0.7082199,0.16856156,0.303538,0.59117633
,,2.4173892,10.525547,0.3554937,1688216935341,,-1.0337359,-0.5227475,-5.54963,,,,,,0.47858295,0.8011291,0.15393463,0.6977181,0.1450935,0.26307297,0.637366
,,1.4572293,10.005984,0.9852049,1688216935593,,-1.9903501,1.0538945,-3.2900414,,,,,,0.4271198,0.31143743,-0.028639333,0.664414,0.13462813,0.20154624,0.6897966
,,0.84498525,9.251371,2.639044,1688216935845,,-0.38683012,0.6647736,-0.15691589,,,,,,0.16775566,0.01945049,0.09785213,0.6039187,0.10425701,0.15489769,0.74587953
,,0.4618944,8.396095,4.404628,1688216936116,,0.7701478,-1.6314671,-1.1416299,,,,,,0.12390005,0.090144426,0.30129048,0.52441305,0.08153706,0.11764671,0.8016069
,,0.18121643,7.1716084,5.75418,1688216936371,,-0.6843213,-0.7371611,-0.21555892,,,,,,0.22994655,-0.0013294935,0.051802523,0.4347804,0.07300789,0.09084293,0.852982
,,-0.06851445,5.509713,6.567421,1688216936622,,0.37797257,0.18463388,0.17478369,,,,,,0.3310524,-0.36563677,-0.13123721,0.33419353,0.06639307,0.069203734,0.902953
,,-0.93982106,3.8844285,8.211769,1688216936875,,0.16722423,0.038026333,0.088651754,,,,,,-0.36610544,-0.66098624,0.01214509,0.2444055,0.045846365,0.03849188,0.9508308
52.54305809,13.35621743,-0.67908305,2.4870203,9.458348,1688216937000,3.7900925,0.4415025,-0.4488329,0.084375694,,,,,,0.065879755,0.017364578,-0.045730766,0.123118296,0.045406636,0.045247495,0.98950315
,,-0.5138986,3.181816,9.281041,1688216937207,,0.0151189035,-0.05299252,0.040393434,,,,,,-0.09094934,-0.2727991,0.08518486,0.17717765,0.030481044,0.038664397,0.9774317
,,-0.54420763,2.8311083,9.558768,1688216937460,,0.5056433,1.2444843,-0.76716983,,,,,,0.040726107,0.036505308,0.048115395,0.142365,0.041111153,0.040987216,0.98621553
,,-0.6129615,2.4563918,9.647701,1688216937960,,0.45371982,0.27015495,0.07276927,,,,,,-0.020519989,0.060837865,0.1291711,0.11799446,0.035301343,0.048748907,0.99057984
