92#1#0
key,lat,lon,ts,bike,childCheckBox,trailerCheckBox,pLoc,incident,i1,i2,i3,i4,i5,i6,i7,i8,i9,scary,desc,i10
,,,,1,0,0,0,-5,0,0,0,0,0,0,0,0,0,0,,0

=========================
92#1
lat,lon,X,Y,Z,timeStamp,acc,a,b,c,obsDistanceLeft1,obsDistanceLeft2,obsDistanceRight1,obsDistanceRight2,obsClosePassEvent,XL,YL,ZL,RX,RY,RZ,RC
,,-1.4529,7.480233,-5.4831,1684669245998,,0.079802826,0.014788169,0.05542233,,,,,,-0.34030655,0.059515398,-0.007985941,0.824216,-0.3073583,-0.22284402,0.38677368
52.529648333333334,13.400998333333332,-1.3985,7.6394663,-5.128567,1684669246000,4.0,-0.39661604,-0.39555022,0.011590728,,,,,,-0.4227695,0.061967928,0.24820487,0.81604755,-0.32177818,-0.22310533,0.395421
,,-1.5218333,6.6759005,-6.1277666,1684669246252,,-0.13269384,3.9968026E-4,0.21995737,,,,,,-0.36693895,0.005943195,0.0902571,0.8474106,-0.3044019,-0.20220804,0.34131226
,,-1.5690668,5.819867,-7.117767,1684669246504,,-0.14694911,0.027977617,0.16813216,,,,,,-0.36920515,-0.032395586,0.058190648,0.87540776,-0.30806395,-0.17855163,0.2871106
,,-1.5093668,4.854634,-7.9827332,1684669246755,,-0.19824141,0.11417533,-0.15907274,,,,,,-0.29502746,-0.20898418,0.11294209,0.90129113,-0.31435063,-0.1550316,0.23502247
,,-1.7044002,4.420567,-8.443399,1684669247007,,-0.51185715,0.15281108,0.017452704,,,,,,-0.30194375,-0.04377907,0.15810847,0.9155979,-0.31580552,-0.14906767,0.19653414
,,-1.6527002,4.527667,-8.295432,1684669247260,,-2.2184918,-0.068745,-0.06394884,,,,,,-0.25894198,-0.17527919,0.10481548,0.90883815,-0.318448,-0.15525754,0.20995721
,,-1.6257666,5.448501,-7.422734,1684669247512,,0.28230748,0.27657872,0.06021849,,,,,,-0.2519412,-0.045698117,0.09374707,0.88219285,-0.31870225,-0.1783499,0.26050892
,,-1.5926664,6.3340335,-6.803666,1684669247763,,2.7828405,0.38968825,0.25166532,,,,,,-0.24443217,0.083574675,-0.051415388,0.85808307,-0.32236308,-0.20037219,0.3060961
,,-1.4573665,6.3435,-6.3401666,1684669248014,,0.97681856,0.025313083,0.30562216,,,,,,-0.18033895,-0.06278672,0.31668058,0.8498761,-0.3358351,-0.20340376,0.31328586
,,-1.3086334,6.2661667,-6.1001,1684669248265,,-2.7723155,0.13216093,-0.63189447,,,,,,-0.16587213,-0.28749418,0.45772564,0.83981603,-0.35219562,-0.20467646,0.3211159
,,-1.3896,7.373933,-5.4705,1684669248516,,0.38182786,0.3362643,0.47428724,,,,,,-0.31176168,0.059292253,0.2811974,0.811905,-0.3596352,-0.23029406,0.3661105
52.52965833333333,13.401173333333334,-1.3284,7.651566,-5.400066,1684669249000,4.0,2.6310952,-1.031175,0.26911804,,,,,,-0.38792342,0.09691889,0.091349825,0.79850787,-0.37206072,-0.23684373,0.38063717
,,-1.2525668,6.613199,-5.972067,1684669249020,,-2.701439,0.44897416,0.5414335,,,,,,-0.52085197,-0.18783732,0.4034939,0.81367904,-0.39943546,-0.20912948,0.33217138
,,-1.1947334,6.471734,-6.075033,1684669249271,,-1.2454036,0.35584864,0.068745,,,,,,-0.7095444,-0.21495962,0.48474306,0.81169987,-0.41633192,-0.20005925,0.3250844
,,-1.1920668,7.3788676,-5.890034,1684669249522,,2.4375167,0.8772982,0.008393286,,,,,,-0.9897111,0.12829694,0.034853093,0.7940071,-0.41200897,-0.2057452,0.36660317
,,-1.3025334,7.5635333,-5.974433,1684669249774,,0.19237943,1.1127099,-0.4457767,,,,,,-1.3423189,0.20984581,-0.11067516,0.7993361,-0.39645162,-0.19210312,0.37891322
,,-1.2273667,6.639167,-6.5901666,1684669250026,,-0.1802558,0.30189183,-0.79003465,,,,,,-1.5373051,-0.12690467,-0.006780386,0.8286521,-0.37773278,-0.15067188,0.3492862
,,-1.4967333,6.455766,-7.0195003,1684669250277,,0.15227818,0.8006928,-0.6250999,,,,,,-1.88168,0.069569685,-0.017008146,0.8541547,-0.33799317,-0.12147551,0.33153027
,,-1.5518667,6.7591333,-7.4002,1684669250527,,-0.13162804,0.4949374,-0.95350385,,,,,,-2.0180197,0.25898516,-0.4587207,0.8714685,-0.26966515,-0.10217764,0.34321895
,,-1.7330002,6.3023667,-7.7875004,1684669250779,,0.020516919,1.2021049,-1.0015987,,,,,,-2.1430528,0.3304008,-0.3053069,0.90410954,-0.18883124,-0.06548486,0.31612638
,,-1.7274666,5.8918996,-8.008067,1684669251029,,-2.306821,0.8673062,-1.2263522,,,,,,-2.00194,0.16631576,-0.19815747,0.9260962,-0.0994569,-0.02163397,0.30305344
,,-1.6377332,6.810499,-7.4704666,1684669251280,,3.410605,0.5610179,-0.70490277,,,,,,-1.6454673,0.66681796,-0.15865618,0.9176404,-0.0029393653,0.006392243,0.33262175
,,-1.5865668,6.6073,-7.259866,1684669251531,,0.11364242,0.12523314,-0.54050094,,,,,,-1.2716283,0.62261325,0.123454876,0.91794515,0.090891734,0.01582688,0.32580793
52.529646666666665,13.401299999999999,-1.4195334,6.2741003,-7.1429005,1684669252000,3.9,0.3521183,-0.1025846,0.232081,,,,,,-0.78031695,0.6019408,0.38346368,0.91527885,0.17079996,0.020068249,0.31267267
,,-1.3657668,6.154933,-7.0870667,1684669252034,,0.0062616575,0.29869437,0.28390622,,,,,,-0.3533137,0.7307008,0.53141034,0.9107679,0.22594784,0.014381619,0.30338293
,,-1.1910667,5.9162,-7.223233,1684669252286,,0.04436451,0.75832665,0.027444711,,,,,,0.08258842,0.6208996,0.4328175,0.9066704,0.25615272,0.008760375,0.29998168
,,-1.2715335,5.538333,-7.771766,1684669252537,,-0.026911804,-0.672129,-0.21409538,,,,,,0.23832588,0.7702555,0.3096023,0.91512614,0.27071202,-0.005317842,0.27054322
,,-1.3965999,4.5765996,-8.503299,1684669252790,,0.35584864,0.05861977,0.12736477,,,,,,0.32699773,0.58337194,0.2677901,0.93364674,0.27408978,-0.028162738,0.22510456
,,-1.4640666,4.406833,-8.882399,1684669253041,,0.11843858,0.13109513,-0.021582734,,,,,,0.3169504,0.55566496,-0.046246544,0.93715864,0.2677143,-0.03413827,0.21897143
,,-1.5304667,4.3290005,-8.730267,1684669253292,,-0.007860378,0.3241407,0.2669864,,,,,,0.22423857,0.48382396,0.11367063,0.9397899,0.2595943,-0.034523476,0.21855712
,,-1.5510669,4.052567,-8.806667,1684669253543,,0.1364242,0.4377831,-0.20983213,,,,,,0.08731059,0.19097875,0.052028496,0.9409104,0.25681195,-0.029021014,0.21801813
,,-1.5406668,3.9769664,-8.928933,1684669253795,,-0.365441,-0.012123634,-0.12736477,,,,,,-0.003515486,0.18019867,-0.02461033,0.93992525,0.26446912,-0.023233239,0.21332
,,-1.5119334,3.7749999,-8.810033,1684669254047,,0.07180922,0.047029044,0.17865707,,,,,,0.0067831874,0.014006853,0.113759436,0.9379331,0.273143,-0.021027636,0.2113068
,,-1.4918998,3.7232,-8.8158,1684669254299,,-0.07394085,-0.026911804,0.048094857,,,,,,-0.07038513,-0.034419093,0.12744977,0.9369873,0.27821878,-0.015281219,0.20976871
,,-1.4850332,3.8563,-8.6506,1684669254550,,0.060751397,-9.3258725E-4,0.11897149,,,,,,-0.099609636,0.02539599,0.26737937,0.9352654,0.28174752,-0.01182729,0.21320018
52.529689999999995,13.401409999999998,-1.4838333,3.903167,-8.883667,1684669255000,3.7,-0.2151612,-0.0438316,0.15800692,,,,,,-0.12811166,9.87633E-4,0.0077470937,0.93441856,0.2821978,-0.009441068,0.21645911
,,-1.5491666,4.1928997,-8.8579,1684669255051,,-0.17452705,-0.04916067,0.2315481,,,,,,-0.19253522,0.19817503,-0.010113478,0.93425,0.27855438,-0.009274334,0.22124496
,,-1.6111668,4.2469997,-8.682866,1684669255305,,-0.0094591,0.14321876,-0.15227818,,,,,,-0.26984426,0.10622389,0.098311216,0.93518376,0.2687429,-0.008942118,0.22879773
,,-1.6016669,4.313833,-8.737933,1684669255557,,0.0025313082,0.13482547,-0.17599253,,,,,,-0.32654145,0.06056803,-7.644335E-4,0.93626046,0.2609774,-0.0060084756,0.23375307
,,-1.5655999,4.3037,-8.6829,1684669255808,,-0.09459099,-0.049693577,-0.09459099,,,,,,-0.3121415,-0.05524481,0.007541561,0.9360543,0.25737318,-0.0043906956,0.23898609
,,-1.5582668,4.4552665,-8.6873,1684669256073,,-0.019984012,-0.039568346,0.08086864,,,,,,-0.3063491,0.0042312383,-0.042048488,0.93571675,0.2543932,-0.003823965,0.24374384
,,-1.5719,4.547433,-8.681634,1684669256325,,0.004130029,-0.086730614,0.07180922,,,,,,-0.3156869,0.013470475,-0.07955222,0.9351655,0.25231248,-0.003450332,0.24811223
,,-1.5042,4.474666,-8.599367,1684669256577,,0.096189715,0.092992276,0.11417533,,,,,,-0.2090669,-0.10352102,-0.02692895,0.93419737,0.2530959,-0.00462757,0.2509218
,,-1.4723996,4.431367,-8.667768,1684669256827,,0.0702105,-0.03117506,-0.0512923,,,,,,-0.12860656,-0.14099166,-0.09917507,0.93368566,0.25496987,-0.0065791784,0.2510232
,,-1.5454665,4.4765334,-8.6561,1684669257078,,0.096722625,-0.18665068,-0.06341594,,,,,,-0.1201227,-0.074606486,-0.08920135,0.93371737,0.25487348,-0.010872929,0.25085688
,,-1.735033,4.523534,-8.624365,1684669257329,,-0.028510526,-0.163336,0.12789768,,,,,,-0.16139619,-0.007307617,-0.075786814,0.93392044,0.25229323,-0.019196521,0.25191763
,,-1.9693664,4.5124,-8.568266,1684669257580,,0.0030642152,0.0512923,0.1031175,,,,,,-0.22137563,-4.8929057E-4,-0.049528282,0.9345576,0.24660379,-0.029892871,0.25342408
52.52975,13.401501666666665,-2.1356332,4.4801,-8.515066,1684669258000,3.7,-0.06714629,-0.049693577,0.10205169,,,,,,-0.21326248,-0.013777915,-0.02735939,0.93568057,0.23849368,-0.0414479,0.25459173
,,-2.3677332,4.564166,-8.474333,1684669258083,,0.0,0.113109514,0.06288303,,,,,,-0.2808178,0.061201923,-0.031722672,0.9367276,0.22858523,-0.052734103,0.25698623
,,-2.4812331,4.5111,-8.441933,1684669258336,,-0.11790568,0.053290702,0.15174527,,,,,,-0.23893195,0.006431635,-0.033980943,0.9378094,0.21975674,-0.06315226,0.2588094
,,-2.4425666,4.2889004,-8.547133,1684669258586,,-0.24527045,-0.07607248,0.12683187,,,,,,-0.13336158,-0.22159554,-0.15594994,0.939759,0.20985259,-0.06907173,0.25931475
,,-2.4139333,4.285634,-8.530466,1684669258837,,-0.012656542,0.059152678,0.11683986,,,,,,-0.11826011,-0.265683,-0.15732917,0.9420072,0.19832222,-0.071002886,0.2603243
,,-2.2009,4.220134,-8.636499,1684669259087,,-0.0876632,-0.07447375,0.2326139,,,,,,-0.0058337925,-0.363533,-0.2554919,0.9444334,0.18857583,-0.068025775,0.25971815
,,-1.9702334,4.3021994,-8.641367,1684669259338,,-0.3098854,0.21036504,0.72448707,,,,,,0.026582688,-0.35360178,-0.2568357,0.9467809,0.17705181,-0.060031608,0.2604872
,,-1.6537334,4.3329,-8.666866,1684669259589,,0.08193445,-0.013189448,0.07553957,,,,,,0.037768267,-0.4181551,-0.28069067,0.9489002,0.16512786,-0.046528816,0.2620007
,,-1.4359001,4.4876657,-8.631166,1684669259840,,0.0014654943,0.026911804,0.011590728,,,,,,-0.02807271,-0.36797822,-0.2565087,0.95057756,0.15343639,-0.03405821,0.26455042
,,-1.3010334,4.7812,-8.481967,1684669260092,,-0.0343725,0.007860378,0.043298695,,,,,,-0.12444149,-0.18644668,-0.13538834,0.9517142,0.14173946,-0.024300361,0.26848632
,,-1.0435334,4.8509665,-8.497033,1684669260343,,-0.0019984012,0.03117506,0.037436716,,,,,,-0.102216676,-0.19891381,-0.16094948,0.95303786,0.13120231,-0.014271257,0.27081946
,,-0.90303344,4.9830337,-8.411066,1684669260593,,-0.15547562,0.025313083,-0.071276315,,,,,,-0.1618115,-0.14551876,-0.09135482,0.9539841,0.12162183,-0.0059031565,0.27343687
52.52981499999999,13.401525,-0.80710006,5.032334,-8.406567,1684669261000,3.4,-0.0062616575,0.026911804,0.026378896,,,,,,-0.17552644,-0.14626233,-0.10356895,0.95405716,0.117477685,-0.0010829833,0.27553177
,,-0.7909666,5.0768666,-8.409368,1684669261096,,-0.079269916,0.015853984,0.06714629,,,,,,-0.1675504,-0.09851861,-0.103637345,0.9542875,0.11582656,-0.0012529078,0.2754245
,,-0.77066666,5.1463,-8.370133,1684669261347,,-0.027444711,-0.034905408,0.02211564,,,,,,-0.15249042,-0.056988336,-0.08182367,0.9540891,0.11318542,-0.0015920006,0.2771641
,,-0.75760007,5.188533,-8.341867,1684669261601,,-0.012656542,0.10471623,0.1195044,,,,,,-0.14806207,-0.055952802,-0.078973055,0.9537819,0.10965185,-0.0018851499,0.2796268
,,-0.7097333,5.267566,-8.2494335,1684669261854,,-0.63882226,0.55941916,0.206235,,,,,,-0.13630986,-0.013322385,-0.0071323393,0.95356774,0.106437966,-6.6932355E-4,0.28160304
,,-0.72846663,5.204366,-8.415467,1684669262104,,-0.10098588,0.1802558,0.12470024,,,,,,-0.16600572,-0.10463273,-0.1901391,0.95363677,0.10110473,-0.0014814739,0.2832021
,,-0.7159666,5.2213993,-8.3962345,1684669262355,,-0.04223288,-0.0030642152,0.02211564,,,,,,-0.18231957,-0.11514177,-0.18694207,0.9538682,0.094227776,-0.0019291855,0.2846684
,,-0.6917001,5.2529,-8.3671665,1684669262607,,0.07553957,-0.11364242,0.012656542,,,,,,-0.20068797,-0.12801166,-0.1847458,0.95380414,0.08700059,-0.0016777664,0.2870504
,,-0.6669334,5.2785006,-8.374666,1684669262857,,-0.050226487,0.069810815,0.0343725,,,,,,-0.19727926,-0.13247386,-0.21098275,0.95398974,0.078969315,-0.0028873447,0.28866515
,,-0.6500667,5.321833,-8.346666,1684669263108,,-0.028510526,0.009992006,0.0343725,,,,,,-0.19416808,-0.12705536,-0.20760192,0.9539656,0.07100645,-0.004426182,0.2908017
,,-0.6643666,5.3286667,-8.390165,1684669263358,,0.0067945644,0.01105782,0.04916067,,,,,,-0.19195774,-0.16528253,-0.28200546,0.95375484,0.06294166,-0.007536763,0.29349932
,,-0.6332,5.4727674,-8.190967,1684669263610,,-0.0137223555,-0.0073274714,0.021582734,,,,,,-0.16745701,-0.06412379,-0.110855296,0.9533843,0.057230614,-0.008730003,0.2959417
52.52985833333334,13.401506666666668,-0.6303666,5.4917006,-8.1785,1684669264000,3.2,-0.028510526,-0.019984012,0.037436716,,,,,,-0.15798235,-0.06274219,-0.110709,0.95334065,0.052657034,-0.0103578,0.29695398
,,-0.6473333,5.5084,-8.164866,1684669264113,,-0.0189182,0.012123634,0.0343725,,,,,,-0.14643231,-0.04877782,-0.10046255,0.9534458,0.049138196,-0.012894643,0.29719618
,,-0.67420006,5.514867,-8.142234,1684669264365,,-0.015853984,-0.0057287505,0.02584599,,,,,,-0.15467086,-0.047442753,-0.082486674,0.9534458,0.04655246,-0.014628646,0.29755023
,,-0.69229996,5.5243673,-8.1491995,1684669264617,,0.0073274714,-0.012123634,0.052757792,,,,,,-0.14831598,-0.036244806,-0.0898687,0.953534,0.04444091,-0.016581427,0.29749736
,,-0.70649993,5.5264335,-8.148233,1684669264868,,-0.004130029,0.01638689,0.02584599,,,,,,-0.14226373,-0.034011938,-0.0901639,0.9535656,0.04284799,-0.01815391,0.2975435
,,-0.71216667,5.5278006,-8.146368,1684669265119,,-0.029576339,-9.3258725E-4,0.033839595,,,,,,-0.13272485,-0.030606253,-0.0879763,0.95360386,0.042141873,-0.019170832,0.29746452
,,-0.72290003,5.5389996,-8.140766,1684669265369,,-0.019984012,-0.0014654943,0.03170797,,,,,,-0.1279264,-0.022273175,-0.08549058,0.95352775,0.04186685,-0.020070765,0.29769292
,,-0.72900003,5.551766,-8.141867,1684669265622,,-0.0062616575,0.012656542,0.0438316,,,,,,-0.118158415,-0.014422289,-0.091189414,0.95338076,0.042359676,-0.020751318,0.2980421
,,-0.75170004,5.551966,-8.144632,1684669265873,,0.0189182,-0.03690381,0.029576339,,,,,,-0.12170165,-0.019980447,-0.09940284,0.9531682,0.04367305,-0.021356722,0.29848152
,,-0.79603326,5.5389004,-8.139267,1684669266126,,-0.026911804,0.03903544,0.054356515,,,,,,-0.1422045,-0.027824799,-0.09242023,0.95313966,0.045190107,-0.022207398,0.29827985
,,-0.7498666,5.484434,-8.1471,1684669266377,,-0.004130029,-0.045963228,0.03117506,,,,,,-0.12127529,-0.059497237,-0.083552025,0.95351666,0.046212938,-0.020651432,0.2969676
,,-0.75490004,5.435,-8.179002,1684669266627,,0.021582734,0.019984012,0.029043432,,,,,,-0.154934,-0.06611324,-0.08513058,0.95428824,0.046651527,-0.019172648,0.29443687
52.529844999999995,13.401541666666667,-0.7211667,5.3448005,-8.234768,1684669267000,3.1,-0.017852385,-0.016919797,0.05382361,,,,,,-0.14665362,-0.09302995,-0.097493954,0.95545584,0.046411946,-0.01810675,0.29065105
,,-0.009100004,4.7188997,-6.6748013,1684669267130,,0.105115905,0.008393286,0.0014654943,,,,,,0.549159,-0.6761013,1.4906158,0.9563196,0.042043556,-0.018615594,0.2881164
,,-0.04190004,4.6580334,-6.711633,1684669267383,,-0.11417533,-0.121636026,0.029576339,,,,,,0.5588337,-0.6650946,1.4969939,0.95756364,0.038514413,-0.022118652,0.2840599
,,-0.067333326,4.6327,-6.730067,1684669267633,,-0.023714362,0.030109245,0.013189448,,,,,,0.5662192,-0.6427985,1.5066961,0.95841473,0.03509944,-0.024964329,0.28135625
,,-0.17296667,4.636033,-6.7539997,1684669267884,,-0.014255263,-0.021049827,0.02211564,,,,,,0.5394429,-0.6113442,1.4948523,0.9588389,0.03253104,-0.029933773,0.27983305
,,-0.22653332,4.6450667,-6.7459664,1684669268135,,-3.9968026E-4,0.011590728,0.039568346,,,,,,0.5707671,-0.59966534,1.497346,0.9587793,0.030174006,-0.035071205,0.2798496
,,-0.3077666,4.674634,-6.718534,1684669268387,,-0.01638689,0.015321077,0.03903544,,,,,,0.5697499,-0.5821969,1.5101324,0.9584493,0.028323106,-0.03976528,0.28074402
,,-1.0815667,5.2319665,-8.3042,1684669268637,,0.13535838,-0.1977085,-0.068745,,,,,,-0.13082403,-0.012647454,-0.07274143,0.9585051,0.030107753,-0.04314887,0.2801561
,,-1.1790001,5.198034,-8.301235,1684669268890,,0.07340794,-0.5357048,-0.18185452,,,,,,-0.104555145,-0.026138099,-0.0777949,0.95828694,0.03147819,-0.04924512,0.27929884
,,-1.5925331,5.1231008,-8.202833,1684669269141,,-0.032240875,-0.08979483,-0.083533175,,,,,,-0.18606494,-0.053384367,-0.02976942,0.95685804,0.033853948,-0.06649547,0.2779252
,,-1.9445332,5.0378666,-8.145567,1684669269393,,-0.04436451,0.04916067,0.20037304,,,,,,-0.14904588,-0.07212071,-0.032286596,0.9551128,0.03719021,-0.08668616,0.27594155
,,-2.3321,4.9687,-8.077466,1684669269644,,0.052358113,-0.03117506,-0.030109245,,,,,,-0.17321537,-0.0787272,-0.017074728,0.9536017,0.03956203,-0.10571473,0.2739238
52.52986166666666,13.40153,-2.6946669,4.8936,-8.018933,1684669270000,3.2,-0.011590728,-0.046496138,0.053290702,,,,,,-0.15863143,-0.08723354,-0.01474282,0.9519837,0.042288788,-0.12539023,0.27182516
,,-3.0816333,4.8257003,-7.9508004,1684669270146,,-0.02584599,0.066080466,0.0512923,,,,,,-0.17552914,-0.09935734,-0.008180031,0.9502205,0.04491158,-0.14469346,0.2703554
,,-3.3745997,4.7916665,-7.871534,1684669270398,,-0.012656542,-0.024247268,0.04436451,,,,,,-0.21113314,-0.115262575,0.00561746,0.94838417,0.04680807,-0.15819263,0.2706539
,,-3.350133,4.7818666,-7.898367,1684669270649,,0.012656542,0.0137223555,0.032240875,,,,,,-0.12655428,-0.11719732,-0.038848463,0.9479048,0.047288068,-0.16135956,0.27052575
,,-3.3732333,4.797234,-7.8893003,1684669270899,,0.16813216,0.055955235,0.048094857,,,,,,-0.1487528,-0.1071218,-0.033329565,0.9478794,0.046412416,-0.16156669,0.27065358
,,-3.3886,4.7789006,-7.8917675,1684669271149,,-0.025313083,-0.0014654943,0.049693577,,,,,,-0.13854845,-0.10829561,-0.0356596,0.947902,0.046350073,-0.16295077,0.26974714
,,-3.4124668,4.7689004,-7.8805003,1684669271400,,0.020516919,0.07660538,0.0776712,,,,,,-0.14800784,-0.103810325,-0.021500492,0.9479735,0.04653829,-0.1636956,0.26900083
,,-3.4082,4.7337666,-7.903899,1684669271651,,-0.027444711,0.043298695,0.044897415,,,,,,-0.1396746,-0.1102054,-0.02896986,0.9483618,0.04747623,-0.16367327,0.26745802
,,-3.2266333,4.4274993,-6.523766,1684669271901,,2.8701038,-2.5655475,-0.9084732,,,,,,-0.070118785,-0.46572676,1.3478488,0.9482141,0.048614558,-0.15711316,0.2699463
,,-3.0567665,4.517033,-6.6590667,1684669272153,,0.10151879,0.024247268,0.075006664,,,,,,-0.08875885,-0.43768075,1.2369924,0.9487118,0.051613454,-0.14592938,0.27285868
,,-2.8917668,4.5357995,-6.6879992,1684669272406,,-0.0019984012,0.14055422,0.13056222,,,,,,-0.17288505,-0.49307525,1.2394412,0.94934595,0.055457387,-0.13142927,0.27619788
,,-2.6138337,4.594866,-6.7556005,1684669272656,,-0.04276579,0.0137223555,0.055955235,,,,,,-0.16831304,-0.5026975,1.2131497,0.950287,0.058741745,-0.1158379,0.27904063
52.529835000000006,13.401536666666667,-2.355167,4.6412997,-6.8245006,1684669273000,3.4,-0.017852385,0.1464162,0.10471623,,,,,,-0.18890215,-0.5222989,1.1893059,0.9514214,0.060380455,-0.10032223,0.28154144
,,-2.0626333,4.722534,-6.8368325,1684669273160,,0.7932321,-0.36437517,-0.13216093,,,,,,-0.21065544,-0.50502324,1.2268691,0.95278364,0.06030836,-0.08339681,0.28361246
,,-1.9145333,4.8644667,-8.383266,1684669273412,,-0.4801492,0.54463094,0.18345323,,,,,,-0.2636694,-0.2602174,-0.19846767,0.956048,0.060024776,-0.07305806,0.27658162
,,-1.6670666,4.6700335,-8.417733,1684669273664,,-0.8990141,0.73980814,-0.07180922,,,,,,-0.23559539,-0.38623238,-0.14996892,0.9582903,0.06045257,-0.061469212,0.27138457
,,-1.2873667,4.7172,-8.505366,1684669273915,,-0.6139089,0.22781774,-0.29563016,,,,,,-0.12508127,-0.43403614,-0.27355996,0.9570936,0.06469809,-0.045035955,0.27539304
,,-0.95213336,4.8863664,-8.4136,1684669274165,,-0.68158805,0.088196106,-0.39714894,,,,,,-0.067046955,-0.53121763,-0.36443552,0.95145816,0.07412282,-0.02492371,0.28961027
,,-0.78409994,5.294234,-8.117201,1684669274416,,-0.937117,0.16120437,-0.39501733,,,,,,-0.083593115,-0.5703885,-0.46083304,0.9385923,0.09213595,-0.0038761895,0.31688297
,,-0.8112,6.0992994,-7.4713006,1684669274666,,1.1707968,-0.90061283,0.12789768,,,,,,-0.17557879,-0.36515886,-0.46442145,0.91704524,0.11599662,0.01639382,0.35770884
,,-0.6653334,6.7996,-7.010968,1684669274918,,0.8762323,0.1369571,0.6208367,,,,,,-0.15637612,-0.21056518,-0.46709257,0.9016838,0.13746685,0.035933483,0.3911293
,,-0.6073667,7.131933,-6.720934,1684669275169,,1.5901945,-0.60924596,-0.8176126,,,,,,-0.16835299,-0.048066903,-0.29516327,0.89662707,0.1536163,0.045850392,0.40061644
,,-0.8696667,6.859067,-6.695367,1684669275420,,-1.6119105,0.5034639,0.23527844,,,,,,-0.30169356,0.02692806,-0.077685274,0.8992279,0.16977145,0.040410876,0.38224828
,,-0.88003343,6.8215003,-6.5193334,1684669275674,,-2.1185718,-0.8381295,-0.58486545,,,,,,-0.24431916,0.029722739,0.11218569,0.89714825,0.18248458,0.04126091,0.38065085
52.52984,13.401543333333333,-0.9838667,7.3163,-6.3508,1684669276000,3.5,2.0439649,0.0057287505,0.45843324,,,,,,-0.2208559,0.43098816,0.116653904,0.89175636,0.18414332,0.036612444,0.3903391
,,-0.8259333,6.7739,-6.5974665,1684669276179,,2.0932586,-0.38862243,0.163336,,,,,,-0.08885534,0.33340004,0.39721468,0.90902555,0.16984373,0.025529781,0.3593145
,,-0.8687999,5.9087996,-6.7242,1684669276431,,-3.6243005,0.30562216,-0.6568079,,,,,,-0.09775905,0.10503305,0.771983,0.92488205,0.15400484,0.012029147,0.3213209
,,-1.0962999,6.6707664,-6.4617004,1684669276681,,0.6578737,0.34692246,0.54516387,,,,,,-0.21945058,0.47546196,0.58869433,0.9134453,0.14371803,0.0056615076,0.35036328
,,-0.9104999,7.4314,-6.227433,1684669276931,,3.0298429,-1.0291767,-0.1031175,,,,,,-0.0816571,0.7406984,0.46100223,0.9058918,0.12685344,0.0075167096,0.38020793
,,-1.1676999,6.8609676,-6.1787663,1684669277183,,-4.1484146,0.8831601,0.29709566,,,,,,-0.2544347,0.6835895,0.832161,0.9173973,0.106626816,-0.0072719404,0.3518143
,,-1.1053998,6.821335,-6.1283,1684669277440,,0.4537703,0.10724754,0.40980548,,,,,,-0.25935242,0.7113103,0.97173405,0.92191464,0.091897696,-0.012833781,0.34705177
,,-1.1368998,7.164834,-6.1818004,1684669277691,,2.9869437,-0.7747136,0.25379696,,,,,,-0.30959046,0.8627099,0.72498775,0.9167331,0.08824591,-0.012438506,0.36034295
,,-1.2347333,6.995801,-6.205667,1684669277943,,-3.8627765,0.7889688,0.37063682,,,,,,-0.39218956,0.73157847,0.7284855,0.9175781,0.08606363,-0.013958783,0.35848978
,,-1.1394,6.869933,-6.164001,1684669278196,,-0.17599253,-0.15334399,0.33053556,,,,,,-0.33203962,0.6504156,0.826343,0.9192794,0.08380516,-0.0135497395,0.35529277
,,-1.1079333,6.900132,-5.963367,1684669278446,,3.0959232,-1.3638422,0.038502533,,,,,,-0.27675638,0.54317814,0.87506855,0.91492486,0.08302567,-0.014332657,0.3652472
,,-1.1011331,7.0056663,-5.9692664,1684669278696,,-2.843192,0.42938983,0.6409539,,,,,,-0.21577576,0.5703687,0.83641225,0.9142648,0.08002861,-0.017402183,0.369487
52.529865,13.401581666666667,-0.9976667,6.6600337,-6.075333,1684669279000,3.6,-1.0021316,-1.0322409,-0.48228085,,,,,,-0.09114196,0.33177418,0.86542207,0.9186719,0.07415851,-0.02183036,0.3613788
,,-1.0825667,6.9480667,-5.897632,1684669279198,,2.6590726,-0.6425526,0.36437517,,,,,,-0.05464955,0.44275457,0.8116104,0.9128183,0.06341501,-0.033388034,0.37426642
,,-1.1673334,7.5482664,-5.9189324,1684669279451,,0.96669334,-0.2051692,0.09086064,,,,,,-0.047729768,0.8627845,0.6752695,0.9102095,0.047517378,-0.04160237,0.38360566
,,-1.2716,6.5804334,-6.639667,1684669279702,,-0.069810815,0.30402344,0.3098854,,,,,,-0.03930862,0.67048556,0.56672174,0.9276868,0.023656271,-0.05561616,0.33366042
,,-1.4664001,6.0035663,-7.0494995,1684669279952,,-0.12576605,-0.3426592,0.44311216,,,,,,-0.18426424,0.73385465,0.6734179,0.941879,-0.006093059,-0.0674436,0.2920875
,,-1.5130334,6.317433,-7.3914,1684669280205,,-0.06714629,-0.008926192,0.3839595,,,,,,-0.23362055,0.9929779,0.3094896,0.9401181,-0.037155982,-0.074252486,0.29293546
,,-1.6965002,5.7562656,-7.852967,1684669280458,,-0.025313083,0.092459366,0.25592858,,,,,,-0.42646512,0.9341195,0.27461737,0.9497226,-0.07351549,-0.08363764,0.25887135
,,-1.6762333,4.7531667,-8.4202,1684669280710,,-0.0951239,0.12216893,0.13802291,,,,,,-0.5081133,0.5733782,0.33245137,0.96433824,-0.10765542,-0.08648538,0.2140784
,,-1.6097333,4.677667,-8.594967,1684669280963,,0.010524914,-0.31667998,-0.026378896,,,,,,-0.5109767,0.5414597,0.21030381,0.96301776,-0.1338503,-0.089745,0.20902063
,,-1.4897667,4.8392334,-8.496301,1684669281214,,0.19504397,-0.50506264,-0.11630695,,,,,,-0.52024883,0.49547958,0.23379956,0.95854056,-0.15441953,-0.08932892,0.21889251
,,-1.5153668,4.7440333,-8.522834,1684669281473,,-0.1195044,-0.2733813,-0.15547562,,,,,,-0.58178425,0.26177815,0.14507896,0.955287,-0.16645962,-0.09190077,0.22526039
,,-1.5107666,4.721867,-8.3951,1684669281723,,-0.29816148,0.23741007,0.030109245,,,,,,-0.6021547,0.1417131,0.22425431,0.95321,-0.17204057,-0.09334915,0.22980586
52.5299,13.401634999999999,-1.5902332,5.0107007,-8.366034,1684669282000,3.5,-0.087263525,-0.16120437,0.20357047,,,,,,-0.6526467,0.30315557,0.17851414,0.9517487,-0.16894498,-0.0958803,0.23657325
,,-1.6342334,5.0924,-8.2042,1684669282225,,0.40927258,0.15547562,-0.24953371,,,,,,-0.6210023,0.21069482,0.2283012,0.9502579,-0.15940405,-0.09960427,0.24644345
,,-1.6895667,5.1412997,-8.214201,1684669282475,,-0.044897415,0.13802291,-0.16653344,,,,,,-0.62374705,0.1496483,0.14528313,0.9505409,-0.14377195,-0.099382155,0.25358874
,,-1.7501,5.1779666,-8.133067,1684669282726,,-0.048094857,-0.041167066,-0.15547562,,,,,,-0.5900071,0.05113106,0.13515253,0.950718,-0.12316862,-0.09995772,0.26223412
,,-1.7208666,5.2683,-8.097467,1684669282977,,0.095656805,0.2315481,0.0137223555,,,,,,-0.47389686,0.023524197,0.08936799,0.95098764,-0.10076479,-0.09920066,0.27022305
,,-1.7007998,5.4365993,-8.184234,1684669283230,,0.039568346,0.08872902,-0.17759126,,,,,,-0.4215556,0.11207149,-0.05111437,0.9519558,-0.07569645,-0.09417672,0.27662227
,,-1.5630333,5.1998334,-8.129666,1684669283483,,0.017452704,-0.004130029,-0.06341594,,,,,,-0.26337335,-0.15415777,-0.017833233,0.9533399,-0.04773019,-0.08705752,0.28042328
,,-1.4945666,5.2925663,-8.303599,1684669283736,,0.14961365,0.48960832,-0.12363443,,,,,,-0.20400067,-0.01720802,-0.16159292,0.95548546,-0.02004586,-0.07776342,0.2799459
,,-1.2871335,5.321033,-8.418099,1684669283987,,-1.111644,0.4023448,-0.497069,,,,,,-0.09490821,-0.030201435,-0.29974785,0.9548934,0.008405764,-0.06335149,0.28389722
,,-1.0604333,5.4923677,-8.062066,1684669284238,,-1.121636,0.08246736,-0.20676792,,,,,,0.016778525,-0.24642248,-0.29403323,0.9438745,0.040921677,-0.042984683,0.3096753
,,-1.0223668,6.152,-7.4447,1684669284489,,-0.63189447,-0.012656542,-0.1538769,,,,,,0.048540566,-0.16348793,-0.34159726,0.92210615,0.07583255,-0.023388129,0.35224906
,,-1.0284001,6.776267,-6.655066,1684669284739,,0.45790035,0.028510526,0.08246736,,,,,,0.08540689,-0.16246448,-0.3461228,0.8952541,0.11144948,-0.003360027,0.40004343
52.52994666666667,13.401688333333334,-0.9803,7.370367,-6.1397324,1684669285000,3.4,0.8386624,-0.4203304,0.222089,,,,,,0.13188352,-0.13659336,-0.47306183,0.8735549,0.14008059,0.01482488,0.44052792
,,-0.9021,7.7205,-5.7250323,1684669285244,,0.65893954,-0.25379696,0.4208633,,,,,,0.15921769,-0.19058818,-0.41855925,0.86163706,0.15924785,0.028086726,0.46629202
,,-1.0308667,7.8898664,-5.4428997,1684669285497,,1.2200906,-0.088196106,0.0035971224,,,,,,0.043938,-0.10390339,-0.19802886,0.8595621,0.16363019,0.029424256,0.4714393
,,-1.1677,7.491033,-5.8054013,1684669285751,,-0.61870503,0.105115905,0.07873701,,,,,,-0.066981435,0.06980012,-0.093989484,0.87306315,0.15740672,0.02092889,0.4363301
,,-1.0275,6.852633,-6.3636003,1684669286002,,-1.4844124,-0.4028777,0.08406608,,,,,,-0.062572785,-0.02892731,-0.001969433,0.8937897,0.14358093,0.015612168,0.39660826
,,-0.9552667,6.6664004,-6.6392336,1684669286253,,-0.9079403,-0.27657872,0.087263525,,,,,,-0.10686939,-0.033460952,0.081865154,0.9082078,0.12003713,0.004753213,0.3790219
,,-1.0465,6.839368,-6.383201,1684669286504,,0.26325607,0.095656805,0.17705835,,,,,,-0.24325083,0.07475616,0.20577997,0.9074959,0.096131414,-0.00785461,0.38569114
,,-1.1006,7.070566,-6.118201,1684669286755,,0.6769251,0.32041034,0.092992276,,,,,,-0.31124628,0.09098422,0.122299194,0.8991129,0.07988679,-0.014575748,0.40426823
,,-0.9611334,7.3204327,-5.8745,1684669287007,,1.2386091,0.11790568,-0.14108713,,,,,,-0.22407225,0.03075722,0.048567176,0.8908731,0.07355763,-0.012681085,0.42506108
,,-0.96953326,7.6651316,-5.7318335,1684669287257,,1.4209965,-0.24846789,-0.018385291,,,,,,-0.21928509,0.14398474,0.043099888,0.8871492,0.07086977,-0.012959438,0.4386417
,,-1.1360667,7.4082994,-5.8292,1684669287510,,-0.8450573,0.18398614,0.48760992,,,,,,-0.28371382,0.18391925,0.103398286,0.8916292,0.06618228,-0.020991689,0.42239794
,,-1.0701332,6.8982334,-6.2535005,1684669287761,,-1.9249934,-0.36437517,0.18292034,,,,,,-0.24580094,0.038255762,0.056891385,0.90247095,0.060106512,-0.022931209,0.39734924
52.529934999999995,13.401741666666664,-1.0993668,6.8320003,-6.488934,1684669288000,3.4,-0.5985878,-0.07713829,-3.9968026E-4,,,,,,-0.2903027,0.069846824,0.020590495,0.90873736,0.05512469,-0.025300743,0.38738406
,,-1.1316667,6.8833666,-6.3926997,1684669288264,,0.7355449,0.14908074,0.17705835,,,,,,-0.304961,0.09958658,0.06530485,0.9074247,0.051347632,-0.028807286,0.38960463
,,-1.1609333,6.985966,-6.356766,1684669288515,,0.87410074,0.13322675,0.18665068,,,,,,-0.3388772,0.123632684,-0.015857315,0.9045181,0.04137375,-0.03370231,0.3958786
,,-1.1196333,7.1405005,-6.2599,1684669288766,,1.7827072,0.25219825,-0.30668798,,,,,,-0.3682808,0.115471855,-0.04806541,0.9016834,0.028136356,-0.034423295,0.40546432
,,-1.0530334,7.038201,-6.2430005,1684669289018,,-0.9419131,0.0343725,0.26125765,,,,,,-0.36101577,-0.015082065,-0.037457865,0.9018312,0.023245448,-0.032394733,0.406396
,,-1.094,7.038867,-6.1934676,1684669289270,,-1.821343,-0.105648816,0.09885425,,,,,,-0.41025236,-0.002318891,0.024072044,0.90218735,0.022789318,-0.032234274,0.40551084
,,-1.0225999,6.9919333,-6.078067,1684669289523,,-0.385425,0.041167066,-0.33200106,,,,,,-0.36582243,-0.049051467,0.14288808,0.90223336,0.02360518,-0.030288639,0.4054966
,,-1.0077999,7.0736337,-6.1060333,1684669289775,,0.5853984,0.3526512,-0.12416733,,,,,,-0.32910284,0.026452016,0.0936461,0.9014379,0.025971346,-0.030102946,0.40649655
,,-1.0222334,7.0958004,-6.0576663,1684669290027,,1.0619504,-0.02584599,0.2913669,,,,,,-0.28998664,0.044892948,0.12783116,0.9007265,0.03326495,-0.029089516,0.40723944
,,-1.0684665,7.1567,-5.9443994,1684669290290,,1.5997869,-0.4886757,-0.0094591,,,,,,-0.2893788,0.1347622,0.26448137,0.9011783,0.040124092,-0.028791208,0.40560475
,,-1.0770334,7.245667,-6.0169344,1684669290543,,-0.59485745,-0.038502533,0.26072475,,,,,,-0.2677345,0.1736219,0.16673402,0.9004766,0.040876318,-0.029992942,0.40854654
,,-1.0677667,7.2186007,-6.009866,1684669290794,,-2.1048493,-0.3505196,0.31987745,,,,,,-0.23482947,0.14565706,0.17314298,0.9004148,0.041763734,-0.030816967,0.40872747
52.52994166666667,13.401761666666667,-1.0928998,7.2689996,-6.0528994,1684669291000,3.5,-0.31508127,-0.14854783,-0.04223288,,,,,,-0.24350627,0.18687452,0.105723456,0.8996528,0.04053254,-0.03230532,0.4098505
,,-1.0453334,7.2046337,-6.0326324,1684669291297,,0.93551826,0.030109245,0.24060751,,,,,,-0.20740077,0.11717181,0.11354581,0.89937174,0.0378644,-0.033220015,0.4103735
,,-1.1094667,7.3215327,-6.0560994,1684669291547,,1.3321342,-0.30242473,0.23794298,,,,,,-0.29633516,0.25812006,0.13219827,0.9008221,0.0319414,-0.03513397,0.40816313
,,-1.0907333,7.0492992,-6.2620673,1684669291799,,1.0163869,-0.25592858,-0.15334399,,,,,,-0.31072357,0.0071760574,-0.049234867,0.901644,0.025138093,-0.03610734,0.40660116
,,-1.0683666,7.000099,-6.1764,1684669292049,,-0.9185985,-0.087263525,0.36490807,,,,,,-0.30068436,-0.014032141,0.048405584,0.90205646,0.0192102,-0.036967795,0.40494356
,,-1.0494334,7.0269322,-6.2679324,1684669292300,,-2.2227552,-0.24793498,0.1807887,,,,,,-0.30159032,0.04884827,-0.02268912,0.90265465,0.0136163095,-0.037780438,0.4026848
,,-1.0786667,7.0204663,-6.296233,1684669292550,,-0.72182256,0.36797228,-0.24527045,,,,,,-0.34413666,0.03434423,-0.06211996,0.90241724,0.00959607,-0.039552756,0.40300903
,,-1.1003666,6.973067,-6.2172003,1684669292801,,0.76312286,0.18185452,0.06288303,,,,,,-0.39882737,-0.020695083,0.005965225,0.90222204,0.0064222687,-0.039717797,0.40343842
,,-1.0267,6.784867,-6.289334,1684669293054,,1.0920597,-0.08193445,0.1464162,,,,,,-0.32009685,-0.22906223,-0.1003627,0.9012653,0.006542806,-0.039997272,0.40511206
,,-1.0944667,6.9001675,-6.1572676,1684669293304,,1.6594725,0.033839595,0.041699972,,,,,,-0.3227729,-0.13352332,0.0038671892,0.9004891,0.009115006,-0.042516727,0.40657765
,,-1.1817333,7.008899,-6.154534,1684669293555,,-0.91646683,0.24114043,0.091926455,,,,,,-0.39497226,-0.0470898,-0.0032395045,0.9002183,0.011613091,-0.042802963,0.40781495
,,-1.1355666,6.9291987,-6.1081667,1684669293808,,-2.0530243,-0.48441246,9.3258725E-4,,,,,,-0.3651236,-0.18499015,0.006612094,0.899189,0.017933683,-0.03990187,0.4113189
52.529961666666665,13.401803333333332,-1.1209999,6.959099,-6.055366,1684669294000,3.6,-0.41460165,-0.15960565,0.041699972,,,,,,-0.33993345,-0.15957116,0.05422752,0.8989895,0.025032902,-0.03629271,0.41184998
,,-1.1251999,7.0097666,-6.2025332,1684669294311,,0.8471889,-0.16493472,-0.046496138,,,,,,-0.33362013,-0.08345812,-0.03233737,0.90070075,0.030180208,-0.033554886,0.40917966
,,-1.1669,7.0119,-6.2154994,1684669294562,,1.4347188,0.0062616575,0.061817214,,,,,,-0.3518305,-0.0025364081,0.068753876,0.9038707,0.033672016,-0.03315364,0.402998
,,-1.1189001,6.8094993,-6.352934,1684669294813,,0.9244604,-0.07180922,-0.0682121,,,,,,-0.31246087,-0.047121603,0.058300782,0.9072124,0.036601555,-0.031913925,0.39332697
,,-1.0665667,6.7981997,-6.408133,1684669295066,,-1.3385292,0.105648816,0.20037304,,,,,,-0.27626804,-0.09057676,-0.012680809,0.90668064,0.04054885,-0.030064179,0.39523754
,,-1.1018332,7.0432334,-6.2124333,1684669295325,,-1.7933654,0.15747403,-0.13855582,,,,,,-0.26642805,-0.01472892,0.030792769,0.9023181,0.04414307,-0.030832564,0.40635115
,,-1.0856332,7.0247326,-6.2094665,1684669295575,,-0.012656542,-0.030109245,0.19038104,,,,,,-0.17809477,-0.05835053,-0.02384332,0.9002238,0.049602736,-0.031730425,0.4093447
,,-1.1094333,6.9501333,-6.3048654,1684669295825,,1.0195843,-0.43098855,0.26378897,,,,,,-0.14599967,-0.07910685,-0.018903606,0.9031297,0.051193465,-0.034277774,0.40444547
,,-1.1478666,6.862366,-6.3337994,1684669296075,,0.9814815,-0.04223288,0.24846789,,,,,,-0.20322427,-0.10559705,0.03971688,0.9057329,0.047475833,-0.035068728,0.39956132
,,-1.1326668,6.9737325,-6.3252335,1684669296325,,0.40607515,0.09032774,-0.011590728,,,,,,-0.2535387,-0.09724496,-0.014606317,0.9041774,0.04057332,-0.033773787,0.4053665
,,-1.0854,7.2458663,-6.1859665,1684669296576,,-0.49173993,0.3246736,-0.21356249,,,,,,-0.26246175,-0.02816194,0.010829417,0.90133995,0.034328762,-0.03231064,0.416666
,,-1.0419334,7.226933,-6.493066,1684669296827,,1.0920597,-0.3421263,-0.2739142,,,,,,-0.2570374,0.13949713,-0.11982139,0.9062374,0.033401605,-0.030993575,0.4043757
52.52996666666666,13.401815,-1.0394,6.2287335,-7.2351,1684669297000,3.7,-0.43938184,0.040101252,0.5230482,,,,,,-0.24240917,-0.068524875,-0.08067754,0.92831576,0.031354744,-0.03480855,0.35083026
,,-0.9666999,5.5173006,-7.813067,1684669297331,,-1.9746869,-0.39288568,0.24686918,,,,,,-0.23456095,-0.16531272,0.0069941045,0.9473206,0.024963673,-0.0347202,0.30755535
,,-0.9880332,5.5792665,-7.7471676,1684669297582,,-1.3903544,-0.14694911,-0.0512923,,,,,,-0.2455292,-0.15377909,-0.0047874134,0.9451733,0.020029157,-0.03773341,0.31134942
,,-1.0296332,6.1534667,-7.091435,1684669297833,,0.23367973,0.35691446,0.20889954,,,,,,-0.21957633,-0.06658996,-0.005394427,0.9263753,0.020806182,-0.04196559,0.34870762
,,-1.0404665,6.7250667,-6.639701,1684669298084,,0.6382894,0.19610977,0.087263525,,,,,,-0.20957981,-0.016878128,-0.16082603,0.909282,0.020326708,-0.043713048,0.38603437
,,-1.0518333,6.937267,-6.2307663,1684669298336,,1.3447908,-0.021582734,-0.17399414,,,,,,-0.23132665,-0.12522162,-0.06568551,0.9009033,0.011637693,-0.04637633,0.4069365
,,-1.1228333,7.2563996,-6.0992665,1684669298586,,0.77311486,0.070743404,-0.04543032,,,,,,-0.36757055,0.010490004,-0.033860557,0.89857453,0.0024374598,-0.045282196,0.4167311
,,-1.1624333,6.9894004,-6.0984654,1684669298840,,-1.2719158,0.5727418,0.22315481,,,,,,-0.4060819,-0.13404742,0.0375062,0.9004356,2.091278E-4,-0.046089534,0.40970406
,,-0.9591332,6.7614,-6.2953997,1684669299090,,-1.4167333,-0.3262723,-0.5430322,,,,,,-0.29242906,-0.20300631,0.02920677,0.90577906,0.0041463203,-0.03916695,0.3983168
,,-0.9096,6.8197656,-6.3945003,1684669299340,,-0.122568615,-0.17026378,0.15960565,,,,,,-0.21585348,-0.0999641,0.017929006,0.90830344,0.010631695,-0.03664394,0.39424038
,,-0.94563335,6.8994336,-6.246466,1684669299591,,0.80748737,-0.1549427,0.2664535,,,,,,-0.2171762,-0.044063807,0.11063695,0.9065283,0.014935659,-0.036077075,0.39698532
,,-0.9186334,6.9505,-6.323567,1684669299841,,1.3030908,-0.30508927,0.013189448,,,,,,-0.20867266,-0.034350507,-0.02025566,0.9049441,0.014931617,-0.035089374,0.40022594
52.52999333333334,13.40184,-0.8343335,7.109267,-6.1535335,1684669300000,3.8,1.3332001,-0.2918998,-0.046496138,,,,,,-0.17203665,0.025227737,0.08880018,0.9032943,0.013158015,-0.033210024,0.40603396
,,-0.8276333,7.1571674,-6.2063003,1684669300353,,-1.2851052,0.2569944,0.15227818,,,,,,-0.14629157,0.09131251,0.04470121,0.9035084,0.01144077,-0.03459041,0.4049738
,,-0.94436663,7.1096334,-6.1798,1684669300605,,-1.9181988,-0.26538768,-0.1289635,,,,,,-0.22856061,0.09924969,0.12358542,0.90487957,0.0075320485,-0.038092386,0.40143508
,,-1.0001333,7.0767317,-6.253199,1684669300858,,-0.4621636,0.41140422,0.27817747,,,,,,-0.2786058,0.06912923,0.050516646,0.9048894,0.005223267,-0.039930776,0.40133217
,,-0.9941667,7.0841327,-6.253199,1684669301109,,0.92539304,-0.016919797,0.17186251,,,,,,-0.26564604,0.07393298,0.040422734,0.9045966,0.004661592,-0.040793635,0.40169904
,,-1.0481,7.0279336,-6.1950994,1684669301360,,1.5436984,0.11843858,-0.06554756,,,,,,-0.25847626,0.0644337,0.15061447,0.9060154,0.008669252,-0.04239239,0.39853513
,,-1.1364001,6.908034,-6.3807673,1684669301610,,0.80855316,0.09139355,0.37863043,,,,,,-0.25610292,0.07466991,0.04127829,0.908013,0.013085892,-0.04580368,0.3912021
,,-1.1453334,6.8759995,-6.3503003,1684669301862,,-1.630429,0.12576605,0.25166532,,,,,,-0.26312596,0.052163854,0.072941355,0.90801346,0.011982935,-0.046201747,0.39071134
,,-1.1150335,6.8675327,-6.3007665,1684669302113,,-1.9445777,-0.26325607,-0.31308287,,,,,,-0.20041712,-0.049326744,0.0237094,0.9052332,0.010584375,-0.048779488,0.39700142
,,-1.0808666,6.9598665,-6.1094666,1684669302367,,0.19557688,0.10365041,0.14215295,,,,,,-0.1882924,-0.016482973,0.08552469,0.90135825,0.00519266,-0.051084533,0.4028558
,,-1.0605,6.9692674,-6.132867,1684669302619,,0.8048228,0.15654144,-0.19930722,,,,,,-0.2169809,-0.022521544,0.034021035,0.90053946,3.6220878E-4,-0.051246785,0.404151
,,-1.0619999,7.043534,-6.1941323,1684669302872,,1.5273114,0.07394085,-0.059152678,,,,,,-0.21089402,0.0736461,-0.005841422,0.90118575,-0.0010071566,-0.05216414,0.40257543
52.53002166666667,13.401940000000002,-0.97193325,6.7688336,-6.124267,1684669303000,4.0,0.2733813,0.12057021,0.08033573,,,,,,-0.1442451,-0.13908888,0.10310239,0.90225685,-0.0017158781,-0.05104099,0.3988801
,,-0.9573333,6.9442663,-6.058867,1684669303374,,-1.7759126,-0.08979483,0.26179057,,,,,,-0.14960374,-0.058103632,0.117694125,0.90096766,0.0011126929,-0.049283847,0.40426463
,,-1.0683001,7.300133,-5.930167,1684669303626,,-1.4854783,0.2585931,0.21622702,,,,,,-0.24811968,0.17500845,0.09204333,0.8965604,0.001722055,-0.050122473,0.41342065
,,-1.0751332,7.303967,-5.9485006,1684669303878,,0.22635224,-0.14002131,0.1882494,,,,,,-0.30538872,0.15773872,0.03562963,0.8953463,-3.2622417E-4,-0.04854309,0.41541585
,,-1.0093666,7.1224008,-5.981168,1684669304131,,0.8635758,0.40714094,0.30881962,,,,,,-0.35779712,0.007386748,0.081198774,0.8976939,-0.0028437546,-0.04295285,0.41202527
,,-0.8697999,7.010901,-6.012967,1684669304381,,1.7240874,0.009992006,-0.13482547,,,,,,-0.43793067,-0.07383633,0.092484936,0.89890206,-0.006918485,-0.032559495,0.40978372
,,-0.7518333,7.085034,-6.1103334,1684669304631,,-0.35851318,0.014255263,0.0189182,,,,,,-0.4976688,-0.051618345,-0.017754355,0.8985717,-0.008950222,-0.023802996,0.41259095
,,-0.5884333,7.222933,-6.0498,1684669304883,,-1.7198242,-0.10205169,-0.06341594,,,,,,-0.48441502,-0.09638616,-0.065731555,0.8957012,-0.009885819,-0.016141238,0.4232039
,,-0.49243337,7.345133,-5.9764333,1684669305134,,-0.8931521,-0.09885425,-0.206235,,,,,,-0.46185842,-0.07005289,-0.12416442,0.89194995,-0.0062815114,-0.009953483,0.43084165
,,-0.4529333,7.3361335,-6.0352654,1684669305385,,0.7292832,0.30242473,0.4367173,,,,,,-0.43013412,-0.07018223,-0.15700652,0.89286995,-0.0010566752,-0.0057344963,0.42983407
,,-0.42366666,7.3138328,-6.133266,1684669305636,,0.89954704,0.5203837,0.5547562,,,,,,-0.39289457,-0.0348221,-0.15092328,0.89599144,-7.4903415E-5,-0.005448533,0.42455977
,,-0.41713327,7.2607327,-6.0819335,1684669305888,,1.0909939,0.16600053,0.004662936,,,,,,-0.4200508,-0.0067085424,-0.014558259,0.89825445,-0.0041790647,-0.0053013773,0.4191197
52.53001833333333,13.401958333333335,-0.30483326,7.438,-6.0451674,1684669306000,4.4,-0.004662936,0.41300294,-0.14162004,,,,,,-0.43629545,0.08972151,-0.03101786,0.89677715,-0.010449197,-4.6365758E-4,0.42392662
,,-0.23379993,7.5194335,-6.171267,1684669306388,,-0.17452705,0.33000267,-0.17652544,,,,,,-0.4598666,0.2355285,-0.107934795,0.8981293,-0.012187585,0.003943279,0.4199537
,,-0.058666673,6.900335,-6.6845,1684669306639,,0.38289368,0.1369571,0.34692246,,,,,,-0.3980089,0.17395791,-0.037521157,0.91448295,-0.014394507,0.009145108,0.3816372
,,0.10020001,6.0305676,-7.3219995,1684669306889,,-1.5786037,0.19144684,0.40820676,,,,,,-0.39723265,0.024941731,0.17797895,0.9385939,-0.023953218,0.014823841,0.32933387
,,0.24553336,5.855699,-7.5372334,1684669307141,,-1.6664002,-0.08979483,-0.35691446,,,,,,-0.36228517,0.05199661,0.22468136,0.9456501,-0.033087645,0.017244613,0.31442782
,,0.091400035,6.266966,-7.2043667,1684669307391,,-0.24740207,0.206235,0.10471623,,,,,,-0.35745814,0.11688252,0.07073557,0.93154067,-0.031871367,0.0075045465,0.34151623
,,-0.016566634,6.9111004,-6.5171685,1684669307642,,0.57487345,-0.092459366,0.12789768,,,,,,-0.29441345,0.1534087,0.03084654,0.9108801,-0.029332526,-0.0024420987,0.3856157
,,-0.043633338,7.3601336,-6.0271006,1684669307894,,0.91913134,0.1195044,0.066080466,,,,,,-0.26950005,0.09486933,-0.011320885,0.89586884,-0.03431129,-0.008147017,0.4204334
,,-0.048133332,7.6667,-5.764967,1684669308147,,1.1898481,-0.2500666,0.26378897,,,,,,-0.2955967,0.08442809,-0.008858514,0.8886174,-0.042264644,-0.010166515,0.44029108
,,-0.11643334,7.5717998,-5.8206005,1684669308397,,-0.29616308,0.07447375,0.066613376,,,,,,-0.352098,-0.07136119,-0.09918704,0.8873371,-0.04842239,-0.012719213,0.4436328
,,-0.22866665,7.4293995,-6.0797668,1684669308647,,0.13535838,0.4367173,0.06235012,,,,,,-0.43456623,0.0967182,-0.07563062,0.8947517,-0.05310695,-0.0145023735,0.42338562
,,-0.11336668,6.7586994,-6.7131333,1684669308898,,0.083533175,0.5478284,-0.117372766,,,,,,-0.46518165,0.017304165,-0.0119368,0.9140741,-0.06209957,-0.0075028483,0.38091743
52.53007833333333,13.401966666666665,-0.0061666686,6.1463337,-7.462001,1684669309000,4.6,0.017852385,0.46749267,-0.2490008,,,,,,-0.5136625,0.013013649,-0.032032046,0.93461424,-0.06796743,5.2553666E-4,0.3368067
,,-0.028666664,5.6887,-7.8519664,1684669309410,,-0.12057021,0.20090595,-0.42512655,,,,,,-0.5667932,0.037985835,0.09539088,0.9491974,-0.06325005,0.0048926547,0.3034894
,,-0.02603332,5.464266,-8.1374655,1684669309661,,0.7932321,-0.044897415,-0.022648549,,,,,,-0.53540075,0.056007862,0.022894127,0.95515454,-0.04990634,0.008014174,0.28783458
,,0.07176667,5.4106665,-8.146966,1684669309913,,-0.52930987,0.31561416,-0.16440181,,,,,,-0.44609487,0.07454885,0.056414317,0.9567142,-0.029795399,0.014034173,0.28343466
,,0.28816664,5.331968,-8.079333,1684669310163,,-1.2354116,-0.33306688,-0.10365041,,,,,,-0.24403517,-0.11846613,0.034255933,0.9548375,-0.0042379024,0.023264276,0.28965575
,,0.23686665,5.824434,-7.6932344,1684669310414,,-1.376632,-0.42619237,-0.04436451,,,,,,-0.15964118,-0.074036784,-0.028745493,0.94287604,0.017341435,0.02445,0.3193325
,,6.33351E-4,6.533867,-6.8709674,1684669310670,,0.33733013,0.23101519,0.1713296,,,,,,-0.15258938,0.004151249,-0.0048969984,0.9201876,0.03219146,0.017255329,0.366584
,,-0.159,7.1493006,-6.302333,1684669310920,,0.63722354,0.52771115,0.087263525,,,,,,-0.14649603,0.049413886,-0.12217293,0.9006399,0.039350044,0.011905861,0.40823093
,,-0.18529998,7.4446673,-5.8241663,1684669311172,,0.9027445,0.0073274714,-0.1877165,,,,,,-0.12509374,-0.08882799,-0.085723795,0.88828063,0.042202123,0.012075162,0.43745932
,,-0.25133333,7.835901,-5.6087003,1684669311424,,0.10205169,-0.36330935,0.26432186,,,,,,-0.11036129,-0.0073435307,-0.09765892,0.88212764,0.043180455,0.009110662,0.45628268
,,-0.44899997,7.9778666,-5.5931334,1684669311676,,-0.17399414,-0.22781774,0.35638157,,,,,,-0.20973054,0.07301046,-0.12409537,0.8812222,0.035711944,0.0011863742,0.46052969
,,-0.4252333,7.7882676,-5.833434,1684669311928,,-0.12216893,-0.14375167,0.33892885,,,,,,-0.26402402,0.094971575,-0.10149193,0.888704,0.024519345,4.3526015E-5,0.44523713
52.530120000000004,13.402005,-0.15079999,7.2448015,-6.4607334,1684669312000,4.7,-0.07553957,0.1882494,0.04916067,,,,,,-0.19977506,-0.05312964,-0.11672624,0.9063775,0.011162593,0.005525908,0.41254368
,,0.003133332,6.880334,-6.8704667,1684669312436,,0.054889422,0.14481749,-0.024780177,,,,,,-0.19658276,-0.07081078,-0.02323707,0.92077076,-0.0013076742,0.0080285175,0.38497156
,,-0.07360001,6.8017664,-7.0097995,1684669312687,,-0.016919797,0.27498,-0.19877431,,,,,,-0.3201919,0.044460963,0.07905496,0.9274983,-0.016399832,0.0034130372,0.37113503
,,-0.024500005,6.9444666,-6.968133,1684669312939,,0.232081,0.29563016,0.027444711,,,,,,-0.3391764,0.11763605,0.055649646,0.9257068,-0.029667497,0.0016236504,0.37599352
,,-1.666675E-4,7.012566,-6.8842664,1684669313190,,-0.048627764,0.23367973,-0.15600853,,,,,,-0.38984928,0.10299819,0.061126787,0.9234598,-0.03556197,0.003221349,0.38168854
,,0.0919,7.0429,-6.9262333,1684669313440,,0.008393286,-0.12629896,0.19504397,,,,,,-0.29949686,0.13340607,0.018986957,0.92347705,-0.03225718,0.00448259,0.38173038
,,0.017733334,7.0149994,-6.9073668,1684669313691,,-0.03277378,0.10991207,0.0073274714,,,,,,-0.32428008,0.14460327,0.07687025,0.9247227,-0.02677665,0.0038754123,0.379047
,,-0.011133339,7.0510345,-6.9260664,1684669313942,,0.0682121,-0.26072475,0.06767919,,,,,,-0.2941559,0.22689337,0.10400645,0.9260774,-0.023085678,0.0021504934,0.37595972
,,-0.11026667,6.928268,-7.0733337,1684669314193,,0.64721555,-0.12310152,0.15654144,,,,,,-0.24759616,0.19868423,0.043668255,0.9284695,-0.021505503,-0.004825691,0.36963004
,,-0.2365,6.5095,-7.347934,1684669314444,,-0.10778044,0.12416733,0.09086064,,,,,,-0.22192883,0.08580373,0.013291931,0.9349454,-0.024979228,-0.013096649,0.35018536
,,-0.24369997,6.0219665,-7.694033,1684669314697,,-0.8535838,0.03530509,-0.09405809,,,,,,-0.122636184,-0.08920742,-0.087101154,0.9414674,-0.030483285,-0.019655108,0.33036855
,,-0.3870667,5.7286663,-7.6997,1684669314949,,-1.3681055,-0.112576604,-0.1195044,,,,,,-0.18738134,-0.3374375,-0.056246918,0.9424558,-0.03699683,-0.026151445,0.32699054
52.530120000000004,13.402008333333333,-0.5491667,6.012833,-7.4643993,1684669315000,4.7,-0.98041564,-0.024247268,-0.2500666,,,,,,-0.2419934,-0.35374582,-0.19504414,0.9320444,-0.03925683,-0.033894897,0.34840125
,,-0.8635333,6.418299,-6.9156327,1684669315449,,0.5113243,0.92805755,-0.34638956,,,,,,-0.42542738,-0.37666893,-0.2857715,0.9137819,-0.03322325,-0.03903847,0.38270864
,,-1.0278666,6.895499,-6.513232,1684669315700,,0.8122835,1.1258993,-0.3141487,,,,,,-0.5661226,-0.29467887,-0.40316305,0.89837307,-0.010071998,-0.028542511,0.41227236
,,-1.0685667,7.1200986,-6.2152324,1684669315953,,1.5093259,0.5389022,-0.6747935,,,,,,-0.66041976,-0.40521595,-0.39100334,0.8883875,0.02786864,-0.01080688,0.43250978
,,-1.3844999,7.088533,-6.106633,1684669316204,,-1.5885957,1.4008793,-0.6466827,,,,,,-0.97286445,-0.4375463,-0.28384024,0.88334316,0.07820867,0.0024006753,0.43132177
,,-1.4279,7.2787,-6.016667,1684669316455,,-1.4818811,0.5722089,-1.7061018,,,,,,-1.0693638,-0.37964007,-0.35098615,0.8695546,0.13839582,0.031993497,0.43561497
,,-1.5021,7.629433,-5.9713664,1684669316705,,1.9228617,0.5255795,-0.34479085,,,,,,-0.98036975,-0.1367027,-0.55388933,0.8426669,0.21457502,0.07414093,0.44072834
,,-1.0040333,7.3794007,-6.2318997,1684669316956,,2.4485745,-0.7535305,0.48960832,,,,,,-0.36151177,-0.0063524884,-0.2767776,0.8354818,0.29308704,0.102899,0.406665
,,-1.1098667,6.3443,-6.5678997,1684669317206,,-3.34559,-0.5023981,0.52930987,,,,,,-0.18134464,-0.28261697,0.08851921,0.8413281,0.34330323,0.09581255,0.36064798
,,-1.2197335,7.458566,-6.363834,1684669317457,,2.3062882,-0.7096989,0.8017586,,,,,,0.08465331,0.70429826,0.026369762,0.82488704,0.3706706,0.09380928,0.376376
,,-1.0499667,7.558366,-6.2477336,1684669317707,,1.7700506,-0.71596056,0.39821476,,,,,,0.5458802,0.78725755,0.05260485,0.8213618,0.37329066,0.0817386,0.3829309
,,-1.0066668,7.2141657,-5.9532332,1684669317958,,-2.9933386,-1.757927,-0.015853984,,,,,,0.9078123,0.9328661,0.682578,0.8367646,0.3515951,0.04899429,0.36108273
52.53014666666666,13.402033333333334,-1.1034,7.371733,-6.034,1684669318000,4.8,2.8018918,0.3611777,0.65734076,,,,,,0.8511437,1.1950117,0.8035856,0.86028993,0.30250373,0.011088986,0.35917777
,,-1.3156668,7.0401998,-6.049501,1684669318464,,0.8900879,-0.25379696,-0.36437517,,,,,,0.4991936,1.1399788,1.0209348,0.88817316,0.24004005,-0.011164601,0.3462481
,,-1.1498666,7.5101004,-5.9365344,1684669318716,,-2.4914734,-1.7128963,-0.41353583,,,,,,0.4102162,1.3960156,1.0083741,0.8979146,0.19344714,-0.008042479,0.35536942
,,-1.1743666,7.0442,-6.093267,1684669318969,,3.1276312,0.46642685,0.52611244,,,,,,0.13565843,0.88114715,0.8589293,0.9077707,0.15846065,-0.013690161,0.3555806
,,-1.1866332,6.9850674,-5.8867674,1684669319223,,-0.9773514,0.06341594,0.72288835,,,,,,-0.07475225,1.0010047,1.2199544,0.91711503,0.13258329,-0.013059484,0.34257665
,,-1.1422331,7.3587003,-6.103966,1684669319474,,-1.8277378,-1.0174527,-0.4087397,,,,,,-0.22670797,1.0267329,0.7961586,0.91353834,0.11950872,-0.003739472,0.36109528
,,-1.0517334,7.3174334,-5.9016323,1684669319726,,1.6763922,0.51185715,0.6097788,,,,,,-0.20643538,0.9613714,0.9756203,0.9137959,0.11264478,-0.003915145,0.36220795
,,-1.1157335,7.4307327,-6.083266,1684669319976,,1.7367439,-0.0019984012,0.0137223555,,,,,,-0.26088944,0.9454744,0.71726626,0.912554,0.10267017,-0.0070845387,0.36962652
,,-1.0604668,6.8662,-6.2589326,1684669320226,,-3.0927258,0.79003465,-0.15907274,,,,,,-0.3106149,0.62461984,0.72599244,0.91881245,0.08779616,-0.0070935288,0.35453796
,,-0.95393336,6.8421655,-6.056634,1684669320478,,-0.21889155,-0.22155608,0.34945378,,,,,,-0.35296547,0.60533816,0.93904597,0.92016286,0.07766178,-0.004415807,0.3536879
,,-0.95863336,7.594733,-5.9775333,1684669320728,,2.3840928,0.008926192,0.7832401,,,,,,-0.4228234,0.7112697,0.47525036,0.90572965,0.07043649,-3.6487568E-4,0.39453384
,,-1.1276001,7.0569334,-6.0894,1684669320979,,-1.8467892,0.5198508,0.37170264,,,,,,-0.6554364,0.51019347,0.6284106,0.9137,0.06115471,-0.0022671602,0.37392426
,,-1.0767999,7.0706005,-6.0175676,1684669321483,,2.7368772,-0.27817747,0.13855582,,,,,,-0.80848616,0.2924076,0.4393655,0.9060611,0.06180106,0.009131119,0.39004612
,,-1.1117336,7.3158665,-6.028267,1684669321733,,-0.369571,0.39928058,0.21835865,,,,,,-0.8056641,0.3463836,0.31864637,0.9029351,0.06332504,0.0075855223,0.40144542
,,-1.0226334,6.7893662,-6.1772003,1684669321983,,-2.5956569,-1.3194778,-0.5652811,,,,,,-0.73961467,0.100317605,0.4831341,0.91186243,0.061217524,0.0061682803,0.38191026
52.53021333333333,13.402101666666665,-0.9303,6.480867,-6.3335004,1684669322000,4.7,-1.8514521,-0.2992273,-0.42938983,,,,,,-0.6556742,0.1539434,0.66264904,0.9218141,0.058835242,0.005913873,0.35694754
,,-1.1875999,7.1279984,-5.975367,1684669322238,,2.3216095,1.2803091,0.31201705,,,,,,-0.849713,0.2740101,0.4089101,0.9036685,0.059109725,0.0025074987,0.39660802
,,-1.1547667,7.343499,-5.858467,1684669322490,,0.7529976,0.0776712,0.11417533,,,,,,-0.7471949,0.30110875,0.38304192,0.89976823,0.05769694,-9.899605E-4,0.40843984
,,-1.3021333,7.1474004,-5.809167,1684669322740,,-3.141487,-0.947109,-0.29456434,,,,,,-0.83727664,0.25886104,0.5726004,0.90403706,0.05085202,-0.007906038,0.39886263
,,-1.3198999,7.149467,-5.822668,1684669322992,,2.1064482,1.1782573,0.49973354,,,,,,-0.8364211,0.19306993,0.42038143,0.9002632,0.046925887,-0.011538579,0.40529838
,,-1.2904334,7.4959006,-5.7060013,1684669323243,,1.2416734,-0.48174793,-0.28017586,,,,,,-0.7867702,0.31846082,0.36260113,0.89557153,0.048135396,-0.011819535,0.41858417
,,-1.5376668,7.0783663,-6.031299,1684669323495,,-0.6568079,0.34998667,0.22581935,,,,,,-0.800986,0.23851904,0.30764976,0.90312785,0.0474486,-0.026004698,0.39763948
,,-1.4054002,6.2329006,-6.378632,1684669323747,,-1.852518,9.3258725E-4,-0.109379165,,,,,,-0.63285947,-0.14527366,0.5655777,0.920909,0.04484433,-0.030813826,0.3621061
,,-1.4523665,6.8808346,-6.011266,1684669323997,,-0.96829206,0.0019984012,-0.18398614,,,,,,-0.61728084,-0.021358006,0.32823178,0.9038363,0.044324137,-0.033628102,0.39942977
,,-1.5445666,7.380601,-5.095067,1684669324507,,-0.017852385,-0.105648816,0.092459366,,,,,,-0.42275986,-0.08549703,0.28132495,0.8746135,0.05388313,-0.042737547,0.44999632
,,-1.6175998,7.874867,-4.3843,1684669324759,,0.012123634,-0.012123634,-0.02584599,,,,,,-0.3444877,-0.065523386,0.22135219,0.85173595,0.055403396,-0.048750583,0.49099368
52.530294999999995,13.40216,-1.5349001,7.5426006,-5.4603,1684669325000,4.6,0.122568615,-0.008393286,-0.13749,,,,,,-0.5478326,0.12036486,0.09377055,0.8804962,0.049276315,-0.038071472,0.4425639
,,-1.5444334,8.778234,-3.4822664,1684669325009,,-0.034905408,0.092459366,0.06501465,,,,,,-0.2655586,0.034176316,0.1011717,0.82205385,0.056228917,-0.046488266,0.55203885
,,-1.6291667,9.364065,-2.7643,1684669325259,,0.18984812,-0.054889422,-0.021582734,,,,,,-0.26617286,0.08703019,-0.019967517,0.7972299,0.05917202,-0.04832157,0.5971745
,,-1.6896998,9.413966,-2.4421334,1684669325510,,0.13375966,-0.21196376,0.059685584,,,,,,-0.26093313,0.030585924,0.020867888,0.7885961,0.05947512,-0.051548705,0.6097232
,,-1.6794664,9.2779,-2.4856997,1684669325762,,0.22941646,0.0094591,0.035837997,,,,,,-0.25083432,-0.095832095,0.014059289,0.79018295,0.05410582,-0.055238012,0.6078195
,,-1.6669663,9.341099,-2.6139002,1684669326012,,0.21409538,-0.105115905,0.09885425,,,,,,-0.29378796,-0.008446518,-0.0067772428,0.79407734,0.046955567,-0.056883927,0.6030512
,,-1.6034331,9.287435,-2.8381996,1684669326262,,-0.066613376,-0.08246736,0.022648549,,,,,,-0.31107908,-0.0063893157,-0.03507198,0.8005418,0.041202024,-0.056035317,0.59455705
,,-1.5786667,9.218367,-3.0181334,1684669326519,,-0.099387154,0.099920064,-0.045963228,,,,,,-0.36882004,0.0039785863,0.043818943,0.8088248,0.037667405,-0.053733155,0.58338016
,,-1.4747666,9.147534,-3.1392329,1684669326769,,-0.05382361,-0.19824141,-0.021049827,,,,,,-0.30759338,0.009482559,0.16037893,0.81631786,0.03616742,-0.05257027,0.57310194
,,-1.3503335,9.096201,-3.369733,1684669327020,,0.070743404,-0.4690914,0.13109513,,,,,,-0.19359733,0.030731408,0.1446021,0.8230166,0.034564905,-0.05312056,0.56375104
,,-1.3995334,8.920867,-3.5313668,1684669327523,,0.22368772,-0.8541167,0.30402344,,,,,,-0.204993,-0.014333201,0.32219693,0.8335563,0.019895233,-0.064234324,0.5471456
,,-1.4610999,8.857367,-3.5002,1684669327774,,0.19197975,-0.069810815,0.290834,,,,,,-0.19953646,-0.044366565,0.41112003,0.8346399,0.0018022644,-0.07948785,0.5418987
52.53039333333333,13.402241666666665,-1.4531333,8.9640665,-3.4340334,1684669328000,4.5,0.48387957,-0.7768452,0.049693577,,,,,,-0.2904997,-0.031239843,0.27659523,0.82918155,0.02958846,-0.056442674,0.554756
,,-1.4527668,8.9532,-3.5346334,1684669328031,,-0.13429257,-0.57900345,0.3944844,,,,,,-0.14031388,0.075149015,0.41381672,0.83404505,-0.026148159,-0.09968497,0.5362943
,,-1.5046002,9.056033,-3.467934,1684669328284,,-0.21835865,-0.2833733,0.21889155,,,,,,-0.1821042,0.19156735,0.50792086,0.83149314,-0.0644814,-0.12434724,0.5295059
,,-1.6508667,9.268133,-3.4173334,1684669328534,,0.070743404,-1.6003197,0.04543032,,,,,,-0.35580814,0.41857815,0.6006262,0.8271552,-0.109437,-0.15107106,0.52048016
,,-1.5561669,9.155468,-3.4123998,1684669328786,,-0.54996,-0.4537703,0.27604583,,,,,,-0.20199999,0.25514698,0.43154606,0.813084,-0.15672237,-0.18949372,0.5149401
,,-1.6938667,9.183499,-2.7277334,1684669329036,,-0.6678657,-0.5230482,0.48601118,,,,,,-0.2924177,0.16680332,0.68428457,0.78898126,-0.20133357,-0.2324664,0.51689255
,,-1.7670997,9.240001,-1.7742337,1684669329287,,-0.25113243,-0.18984812,-0.053290702,,,,,,-0.34579694,0.08728848,0.8597062,0.750055,-0.24065083,-0.283163,0.5264446
,,-1.8198332,9.324332,-0.5989335,1684669329537,,0.21143086,-0.10778044,-0.17026378,,,,,,-0.32829195,0.055673726,1.0173457,0.70340365,-0.26881558,-0.33791316,0.5414207
,,-1.7919999,9.338201,0.32010004,1684669329787,,0.5314415,-1.3543831,0.08979483,,,,,,-0.22964507,-0.034851298,0.941549,0.65554065,-0.29432008,-0.3929068,0.5521295
,,-1.5884998,9.153034,1.3437,1684669330039,,0.3341327,-1.9678924,-0.2739142,,,,,,-0.041874014,-0.3474344,1.0238453,0.59625566,-0.33152202,-0.4558206,0.54823804
,,-1.2343001,9.444799,2.5841334,1684669330541,,0.3410605,-2.1999733,-0.07660538,,,,,,-0.03223111,-0.16755955,1.2682153,0.41397622,-0.3552979,-0.48414508,0.42810977
,,-1.2317666,9.468466,2.5064664,1684669330793,,0.39608315,-0.2585931,-0.4537703,,,,,,-0.10130428,-0.15792249,1.2257911,0.33579203,-0.18971671,-0.2951835,0.36624402
52.53042000000001,13.402251666666666,-1.4631668,9.523034,2.2897,1684669331000,4.5,0.47428724,-2.567013,-0.15707435,,,,,,-0.07577907,-0.05549245,1.3147979,0.5187588,-0.38370857,-0.5196763,0.5085147
,,-1.4692999,9.4005,2.101233,1684669331045,,0.21622702,0.92539304,0.30349055,,,,,,-0.32566035,-0.25504977,1.1113169,0.2733722,-0.027074862,-0.10537565,0.31736186
,,-1.4791666,9.332432,1.4582999,1684669331297,,1.6489475,0.29816148,-0.14268585,,,,,,-0.35423273,-0.31089136,1.1242695,0.21229544,0.15502712,0.07974065,0.2617041
,,-1.5916332,9.452,0.048666365,1684669331549,,-0.07394085,-1.9276578,-0.45949906,,,,,,-0.30830532,0.15828317,0.9557826,0.16316815,0.37752354,0.24731061,0.21501581
,,-2.0547001,8.865233,-0.9928667,1684669331800,,0.7175593,-1.7187583,-0.55102587,,,,,,-0.4586578,-0.2017286,0.7845915,0.14286867,0.61308587,0.4417873,0.21218795
,,-2.3449333,9.141301,-0.9199334,1684669332050,,-1.7077005,3.294298,1.5050626,,,,,,-0.55024797,0.11515641,1.1150783,0.15402462,0.7545664,0.57179123,0.24150401
,,-1.8464668,8.745332,-1.0465671,1684669332301,,-1.6664002,2.0868638,-0.6753264,,,,,,-0.18409511,-0.24868359,0.7104122,0.1420868,0.745443,0.5850763,0.22306852
,,-1.4458332,9.345266,-0.951567,1684669332552,,3.356115,0.64308554,2.2713828,,,,,,-0.10158216,0.46227822,0.19048487,0.12528788,0.72315764,0.61501485,0.19118549
,,-1.1229999,9.600201,-0.10946701,1684669332803,,-3.6608047,-6.000533,-0.19237943,,,,,,-0.44826266,0.7960367,0.24761371,0.103989415,0.6171521,0.5429655,0.15561604
,,0.103000134,7.433733,0.8771,1684669333056,,-1.2744471,0.8831601,-2.0079937,,,,,,-0.8538279,-0.51890814,-0.4206412,0.15915672,0.48889825,0.6153451,0.13398018
,,3.868667,4.755133,3.0668669,1684669333558,,-1.8102851,0.16493472,-0.99213964,,,,,,-0.6626662,-0.6183401,-0.5319538,0.27798194,0.19596869,0.6964535,0.14991368
,,5.0781326,4.192366,3.6752331,1684669333810,,-0.4167333,5.564215,-0.9846789,,,,,,-0.8234206,0.09106359,-0.45547378,0.34229735,0.06641342,0.6912483,0.21208054
52.53045,13.402268333333332,2.2885666,6.502434,2.180833,1684669334000,4.7,-1.0381029,1.5023981,-0.070743404,,,,,,-0.6249694,-0.25803334,-0.34400395,0.22640757,0.33886567,0.66813046,0.12678464
,,6.244933,2.222267,5.284734,1684669334062,,2.1805222,9.122436,-1.5881962,,,,,,-0.17800917,-1.1982614,0.552803,0.37962082,-0.005808437,0.6780247,0.2872855
,,5.225199,1.5381334,4.469666,1684669334317,,-0.5414335,1.3617107,-0.96829206,,,,,,0.1380229,-1.6707898,-0.06025731,0.37485498,0.08195232,0.7528917,0.3590932
,,2.3039997,3.4024332,3.798566,1684669334569,,-3.8876898,1.3316014,1.8165468,,,,,,-0.4194659,-0.6223891,-0.13846937,0.2907851,0.17854667,0.7048967,0.42616877
,,0.28293324,4.019133,4.3407006,1684669334820,,-1.2147615,-1.8694378,1.1089795,,,,,,-0.50294644,-0.8954848,-0.1145093,0.19360071,0.25863746,0.71693265,0.43620124
,,-0.83776665,4.3938336,4.2292666,1684669335071,,0.8715694,-0.44950706,0.46269652,,,,,,-0.33406278,-1.0606936,-0.75237375,0.12978078,0.31824377,0.74200946,0.40799618
,,-2.1218333,4.656533,4.6019335,1684669335325,,0.7334133,1.3919531,0.3923528,,,,,,-0.26176888,-1.2029303,-0.96282196,0.061035328,0.3814396,0.77733994,0.36339262
,,-3.6087332,4.3618336,4.5339,1684669335578,,-0.5039968,0.69850785,-1.090461,,,,,,-1.1785741,-0.7588022,-1.3675333,0.008290899,0.3672871,0.8112385,0.31459862
,,-2.8865,3.6259334,6.290133,1684669335831,,-0.41406876,1.4701573,1.2348788,,,,,,-1.2710767,0.040030763,-0.95456386,-0.0035748214,0.24828611,0.86803025,0.28982097
,,-1.0225333,2.2027333,8.9642,1684669336087,,3.0647483,0.62190247,-0.29296562,,,,,,-0.4689031,-0.15680343,0.20701565,-9.779516E-4,0.13368246,0.93784654,0.24825022
,,-0.5986668,2.4579332,9.012934,1684669336588,,0.6071143,0.34159338,0.13216093,,,,,,-0.6875554,0.3992599,-0.090811424,0.02811212,0.103229664,0.94587135,0.25796518
,,-0.69540006,2.7800336,9.142566,1684669336840,,-0.92912334,1.2934985,1.2735145,,,,,,-0.88489443,0.4738356,0.18893018,0.039341234,0.116018645,0.93992656,0.264415
52.53047,13.402338333333335,-0.6434667,1.9825333,8.956601,1684669337000,4.6,0.10831335,0.112576604,-0.32094324,,,,,,-0.63946694,0.008667366,-0.19953899,0.01839714,0.100438155,0.95080584,0.24540645
,,-0.2743667,3.5806003,8.6921015,1684669337090,,-1.0026646,-0.6568079,-0.5700773,,,,,,-0.5679865,0.5453085,-0.098107845,0.053750012,0.15344778,0.93908626,0.25107035
,,0.13319997,4.1940665,8.524867,1684669337341,,-0.0019984012,0.8721023,-0.25432986,,,,,,-0.49894097,0.14083096,-0.10236238,0.08659736,0.20039742,0.93678874,0.24490012
,,0.40493333,5.0589666,8.063899,1684669337591,,0.50186515,-1.1095124,-0.7319478,,,,,,-0.429231,0.18834493,-0.36978334,0.1096965,0.23831786,0.9279276,0.25801155
,,0.69726664,5.377133,7.9724,1684669337842,,-0.91007197,0.48281375,0.32360777,,,,,,-0.32256052,0.33128506,-0.33454934,0.12693058,0.24160685,0.9180133,0.27641279
,,0.9415,5.4072003,8.0926,1684669338094,,0.121103115,0.052757792,0.34159338,,,,,,-0.23655204,0.3913498,-0.20924631,0.13672167,0.2360815,0.91450846,0.28597173
,,1.1033332,5.0643334,8.445001,1684669338344,,-0.17492673,0.17346123,0.50026643,,,,,,-0.21047887,0.18298426,0.06751288,0.14430293,0.22529091,0.91364515,0.2960158
,,1.3425666,5.0312333,8.443532,1684669338604,,0.27964294,0.8746336,-0.99680257,,,,,,-0.13367581,0.21886201,0.043647017,0.15613718,0.21750124,0.90953726,0.3138612
,,0.98750013,5.109,8.3887,1684669338854,,0.719158,0.26072475,-0.1200373,,,,,,-0.28597602,0.13450575,0.07309421,0.1524496,0.22808462,0.90309775,0.32577178
52.53047333333334,13.402341666666667,0.67843336,5.3165655,8.248467,1684669339000,4.5,0.08459899,0.63189447,0.26179057,,,,,,-0.19690074,0.01675016,0.11468857,0.14438945,0.25096977,0.8921412,0.3404808
,,0.7449,5.2773333,8.132334,1684669339104,,-0.28443912,-0.69850785,-0.0438316,,,,,,-0.31658205,0.05888354,-0.026783323,0.15053657,0.24383518,0.8946428,0.33641225
,,0.5256666,5.3516665,8.3146,1684669339612,,0.20676792,0.4044764,0.029043432,,,,,,-0.18453325,-0.062042728,0.22690839,0.14099659,0.25832996,0.8874188,0.3487867
,,0.27773336,5.3647003,8.081699,1684669339863,,0.05755396,0.6837197,0.109379165,,,,,,-0.29926476,-0.08683561,0.0037941139,0.13874048,0.26019192,0.8813666,0.36384237
,,0.10936665,5.457999,8.062633,1684669340114,,0.32094324,0.11843858,-0.38862243,,,,,,-0.3164083,-0.08949138,0.020099036,0.13652793,0.2653791,0.8745312,0.37925947
,,0.28973332,5.5554333,8.100634,1684669340364,,1.084066,-0.14535038,-0.05382361,,,,,,-0.20542426,-0.043706797,0.09386988,0.14263716,0.26588598,0.8714497,0.38447654
,,0.51199996,5.5518675,7.986768,1684669340614,,-0.7693845,0.92699176,-0.30402344,,,,,,-0.1501592,-0.063183755,0.0021307946,0.15195012,0.26295146,0.87032336,0.38581884
,,0.36463335,5.5636997,8.0116005,1684669340866,,-0.059685584,0.045963228,0.13056222,,,,,,-0.22958042,-0.082468554,0.04381949,0.14713873,0.26729184,0.8728414,0.378706
,,0.25243333,5.606499,7.9109335,1684669341117,,0.15067945,-0.007860378,0.30722088,,,,,,-0.26653057,-0.107942946,-0.013056231,0.14085792,0.2745591,0.8769894,0.36502045
,,0.33466664,5.6494675,7.9158,1684669341369,,0.41247,0.35531574,0.038502533,,,,,,-0.15204526,-0.096286654,0.011013301,0.13421305,0.2794424,0.88391805,0.3449702
,,0.21019998,5.7502003,7.9544,1684669341621,,0.09832134,-0.15800692,-0.28870237,,,,,,-0.20055309,-0.037535008,0.073303476,0.12526329,0.28570244,0.89129317,0.32256705
,,0.09816669,5.5717335,7.8962336,1684669341872,,0.10778044,-0.059152678,-0.03530509,,,,,,-0.20982036,-0.11722514,-0.058476415,0.11173978,0.28437766,0.9004374,0.30218723
,,-0.07246666,5.5643663,8.0675,1684669342123,,-0.083000265,-0.24433786,0.26325607,,,,,,-0.2899119,0.01337564,-0.0019313653,0.09766808,0.2810172,0.91031444,0.28331715
,,0.102833316,5.2393994,8.260533,1684669342624,,-0.7789768,-0.4452438,0.55635494,,,,,,-0.30637848,-0.11422921,0.06767408,0.095535666,0.2700659,0.9224178,0.25755075
,,0.44683334,5.1204324,8.371733,1684669342881,,0.35371703,0.8361311,0.23474553,,,,,,-0.16466111,-0.07385448,0.10499212,0.100902334,0.2595708,0.92708164,0.24793416
52.530495,13.402285,0.08293333,5.4337,8.224067,1684669343000,4.4,-0.08459899,-0.19091393,-0.088196106,,,,,,-0.22429833,-0.035028085,0.10314188,0.09568235,0.27707216,0.9171517,0.26762253
,,0.6280667,4.941567,8.560801,1684669343132,,-0.37223554,-0.42299494,-0.12416733,,,,,,-0.08820987,-0.05457259,0.19111443,0.10083776,0.24826378,0.9326945,0.23630996
,,0.8784334,4.6848674,8.720099,1684669343385,,-0.014788169,-0.11577405,-0.27657872,,,,,,-0.0042724926,-0.07210847,0.23388739,0.10405337,0.23396124,0.93818927,0.22650838
,,0.94110006,4.5127664,8.677,1684669343637,,1.3093525,1.4363176,-0.1538769,,,,,,-0.0062715886,-0.020457642,0.06543256,0.10166458,0.22179298,0.9440897,0.21608298
,,0.75346667,4.6086664,8.635433,1684669343888,,0.033839595,-0.17239542,-0.025313083,,,,,,0.009451699,0.089239426,0.0076512652,0.08615407,0.22495653,0.94802594,0.19989474
,,0.6603333,4.7072005,8.615267,1684669344138,,-0.14854783,-0.10418332,-0.1031175,,,,,,0.048027284,0.14898926,0.004379177,0.07624221,0.2301624,0.9504568,0.18653615
,,0.32096666,4.907368,8.380534,1684669344391,,-0.7488676,1.0101253,0.34479085,,,,,,-0.051219728,0.20292956,-0.16621803,0.06422457,0.24161646,0.9498494,0.18074585
,,0.110100016,4.988967,8.4024,1684669344643,,0.97934985,-0.50812685,-0.3310685,,,,,,-0.057582386,0.13236043,-0.06700425,0.053782735,0.25234663,0.94878423,0.17478453
,,-0.05196665,5.3106003,8.169,1684669344895,,-0.7958966,1.1243006,0.22102319,,,,,,-0.14665674,0.15154776,-0.13799825,0.052904345,0.27007455,0.94481295,0.1724568
,,-0.12946667,5.391833,8.349333,1684669345146,,0.35638157,0.32041034,-0.06501465,,,,,,-0.14796086,0.089654684,0.114340276,0.049064863,0.27909788,0.9439081,0.16677094
,,-0.02953333,5.344533,8.330133,1684669345650,,-0.17652544,0.08406608,0.13482547,,,,,,-0.1557956,0.089061946,0.06768998,0.053517092,0.27546427,0.9452266,0.16376442
,,0.08649998,5.3561,8.3779335,1684669345901,,-0.14535038,0.105115905,0.096189715,,,,,,-0.10650478,0.057707883,0.14597593,0.05638809,0.27751246,0.9451315,0.15984099
52.53048833333334,13.402276666666667,-0.07823334,5.3079004,8.389934,1684669346000,4.1,0.22688515,-0.15121236,0.034905408,,,,,,-0.16053762,0.073666684,0.11116056,0.051447835,0.27457666,0.9453503,0.1654894
,,0.26526666,5.4745665,8.176267,1684669346272,,0.3002931,-0.068745,0.08086864,,,,,,-0.075007826,0.09367479,-0.0055923145,0.064485,0.2809947,0.94405264,0.15824829
,,0.31079996,5.3225,8.281667,1684669346628,,-0.27124968,-0.39128697,-0.05542233,,,,,,-0.0066822707,0.013896132,0.050805297,0.05975176,0.27760145,0.9468908,0.14884137
