92#1#2
key,lat,lon,ts,bike,childCheckBox,trailerCheckBox,pLoc,incident,i1,i2,i3,i4,i5,i6,i7,i8,i9,scary,desc,i10
,,,,1,0,0,0,-5,0,0,0,0,0,0,0,0,0,0,,0

=========================
92#1
lat,lon,X,Y,Z,timeStamp,acc,a,b,c,obsDistanceLeft1,obsDistanceLeft2,obsDistanceRight1,obsDistanceRight2,obsClosePassEvent,XL,YL,ZL,RX,RY,RZ,RC
52.54321914,13.36968303,1.5815761,5.509474,-7.279046,1684842485000,4.099243,-0.9360739,-0.1197295,-0.041996952,,,,,,-0.07307218,-0.13022713,0.24563295,0.37078577,-0.85984415,-0.2517402,0.20529644
,,1.633979,5.7658253,-7.150552,1684842486152,,-1.5615995,-0.61452997,-0.751211,,,,,,0.036903564,-0.13862243,0.20529485,0.37040108,-0.8561742,-0.26304868,0.21105294
,,1.2197014,6.70772,-6.822177,1684842486404,,0.050472703,0.017104214,0.32085672,,,,,,-0.04016394,0.21926756,0.07679562,0.36764258,-0.84341645,-0.3049822,0.2119431
,,1.3152548,6.6367326,-6.8088565,1684842486654,,1.1982876,0.45020735,0.44425142,,,,,,-0.0074771303,0.13092887,0.039610926,0.36474314,-0.84315187,-0.3092519,0.21075726
,,1.4849858,6.181379,-7.13101,1684842486904,,1.8800128,0.26572618,0.29947644,,,,,,-0.046684608,0.18746004,0.14135602,0.36695892,-0.8549519,-0.2772831,0.2082923
,,1.5766307,5.419185,-7.2303915,1684842487156,,-2.0722823,-0.045203995,-0.24724752,,,,,,-0.20601945,-0.09126372,0.30724004,0.36618435,-0.86347234,-0.24619657,0.20482625
,,1.6321445,6.152665,-7.1293344,1684842487405,,-1.2256238,-0.87170404,-0.59605134,,,,,,-0.103290275,0.049089663,0.03962957,0.36250445,-0.8556044,-0.2746154,0.21473274
,,1.3020148,6.816274,-6.8764133,1684842487657,,0.8061124,0.7024945,0.23716825,,,,,,-0.20389302,0.23081592,-0.103459485,0.3566465,-0.84423745,-0.31102884,0.21573573
,,1.5516658,6.6184673,-6.9709306,1684842487907,,1.3980404,0.23823726,0.21762058,,,,,,-0.073766485,0.10646151,-0.06287165,0.35513553,-0.84805065,-0.3019165,0.21947868
52.54309564,13.36969423,1.2944373,6.8183475,-6.820981,1684842488000,3.8745868,0.9765437,0.46792242,0.06185006,,,,,,-0.28136075,0.058227617,-0.16236447,0.37177652,-0.8339052,-0.3114856,0.22979535
,,1.6211375,5.9985676,-7.200402,1684842488158,,0.622853,0.37018406,0.2677115,,,,,,-0.2108816,0.01888414,0.116369896,0.36037266,-0.85797334,-0.2660994,0.21799614
,,1.7084755,5.5514283,-7.268198,1684842488409,,-2.0661738,-0.11423171,-0.5526799,,,,,,-0.2758232,-0.2687884,0.14096744,0.3652648,-0.858612,-0.2509159,0.22037695
,,1.5591633,6.5418177,-7.0332236,1684842488660,,-0.84810936,-0.2791652,-0.093309596,,,,,,-0.1807066,0.02828906,-0.09952275,0.36855924,-0.8440159,-0.290507,0.22975883
,,1.544248,6.4019175,-7.0387278,1684842489165,,1.7676136,0.6084213,-0.012675445,,,,,,-0.1840888,-0.045207836,-0.022004556,0.3822439,-0.8391554,-0.2867986,0.23152575
,,1.6438692,5.6430736,-7.3043303,1684842489416,,-0.8077923,-0.19914192,0.05818487,,,,,,-0.2558943,-0.15029867,0.10811677,0.395222,-0.84623426,-0.24596532,0.22417004
,,1.6764913,5.6823163,-7.251688,1684842489667,,-1.5383866,-0.4838049,-0.68890274,,,,,,-0.1490984,-0.2309659,0.09638904,0.40119255,-0.8421391,-0.2491755,0.22608331
,,1.3408581,6.642317,-6.8656464,1684842489918,,-0.14866921,-0.2480111,0.35017824,,,,,,-0.06214559,0.08753534,0.003996849,0.40217504,-0.82802844,-0.29125145,0.22744493
,,1.3399009,6.6974306,-6.785646,1684842490174,,1.3021346,0.46853328,0.37094763,,,,,,0.03959063,0.09780481,0.01693395,0.39966917,-0.8266748,-0.29966086,0.2237803
,,1.601516,6.234419,-7.137471,1684842490425,,1.5238786,0.34941465,0.081397735,,,,,,0.06826246,0.09849432,0.13794719,0.40116623,-0.83897436,-0.26864687,0.21956584
,,1.7309678,5.674818,-7.2685986,1684842490676,,-2.0649521,-0.1301142,-0.24602579,,,,,,0.023632053,-0.04492607,0.21445073,0.40046072,-0.84732807,-0.24035928,0.21497676
,,1.6228124,6.2959948,-7.010892,1684842490926,,-1.306258,-1.0946697,-0.45433068,,,,,,0.031675275,-7.3521136E-4,0.14014736,0.39458835,-0.83978885,-0.27166525,0.2250144
52.54297084,13.36971123,1.822294,5.7067237,-7.155099,1684842491000,3.7900925,-1.7827325,-0.31948227,-0.82634735,,,,,,-0.07952174,-0.23355699,0.12465122,0.40151793,-0.83985585,-0.24991216,0.23076957
,,1.3004193,6.983293,-6.7052474,1684842491177,,0.63201594,0.6169734,0.20723587,,,,,,-0.06745925,0.15635233,-0.044173684,0.38801977,-0.8277744,-0.3111864,0.22695087
,,1.4994226,6.8960347,-6.889655,1684842491427,,1.5525892,0.36835146,0.28603745,,,,,,-0.025175273,0.20036218,-0.08464564,0.38711438,-0.83118916,-0.30275497,0.22969171
,,1.7534605,6.0030346,-7.222417,1684842491677,,-0.075976305,0.1875355,0.044134982,,,,,,-0.10659273,-0.036340363,0.04468422,0.3953974,-0.84093726,-0.26144555,0.22781369
,,1.4686348,6.632665,-6.800163,1684842492179,,-0.34964374,-0.19730933,0.170584,,,,,,-0.11437481,0.005484772,-0.009606663,0.40283337,-0.8244498,-0.2929998,0.23812763
,,1.3731613,6.9520264,-6.7401824,1684842492429,,1.2825869,0.50885034,0.35689774,,,,,,-0.049922567,0.15302971,-0.13161097,0.40361553,-0.8175402,-0.30965143,0.23729016
,,1.7422143,6.4585476,-7.068,1684842492681,,1.7108032,0.1386663,0.22861615,,,,,,0.086490996,0.1331653,0.028209655,0.4107421,-0.8274721,-0.2771343,0.23610836
,,1.8967108,5.500062,-7.226005,1684842492931,,-1.7503567,-0.16798781,-0.3572032,,,,,,0.016337117,-0.2220287,0.2662306,0.41685745,-0.83707565,-0.23826684,0.22853224
,,1.7418153,6.1676607,-7.0278006,1684842493183,,-1.2958733,-0.79168075,-0.5264127,,,,,,0.029065453,-0.013884171,0.2156764,0.41478604,-0.8313989,-0.26033467,0.23226227
,,1.3716457,6.9450893,-6.7503924,1684842493434,,0.7260891,0.43065968,0.2933678,,,,,,-0.0075285523,0.21954517,0.052998703,0.4073698,-0.8202134,-0.30363712,0.23181054
,,1.5095519,6.769614,-6.775995,1684842493684,,1.689423,0.37323838,0.29581127,,,,,,0.024472738,0.18954872,0.16266014,0.4041843,-0.82519364,-0.29706344,0.23024814
,,1.7600805,5.9623556,-7.071269,1684842493935,,-0.14866921,0.2272417,0.03252855,,,,,,-0.05338544,0.018082015,0.33266395,0.40643454,-0.83904755,-0.2553204,0.22505356
52.5428395,13.36975992,1.6461823,6.45783,-6.8276005,1684842494000,6.0795245,1.8610759,0.60964304,0.13148865,,,,,,-0.0749495,0.12323897,0.15851213,0.40145513,-0.83114177,-0.28020844,0.23598605
,,1.8007584,5.6607804,-7.0830746,1684842494186,,-1.8987968,-0.2773326,-0.6656899,,,,,,-0.09997753,-0.18853356,0.3405845,0.40510857,-0.84175617,-0.24535106,0.22626498
,,1.5304493,6.769295,-6.725347,1684842494437,,-0.26290092,-0.2809978,0.107054055,,,,,,-0.07803466,0.18717772,0.12950826,0.39878365,-0.82860607,-0.29186735,0.2344242
,,1.4232509,6.931209,-6.5609593,1684842494688,,1.2966368,0.6591231,0.3092503,,,,,,-0.062403925,0.13483499,0.035001867,0.39512366,-0.8219859,-0.31159905,0.23614636
,,1.8626531,5.6155562,-7.1723266,1684842495190,,-2.1981206,-0.098960094,-0.44944376,,,,,,-0.09440513,-0.13868211,0.17483573,0.4082696,-0.8391453,-0.24226731,0.23119591
,,1.7194027,6.22086,-6.966863,1684842495442,,-1.1089487,-0.9242384,-0.34009898,,,,,,-0.05284099,-0.0145304445,0.083832346,0.41048235,-0.82934284,-0.26715127,0.23820285
,,1.3560126,6.9915876,-6.6443105,1684842495692,,0.6350703,0.3591885,0.16203189,,,,,,-0.068051964,0.21248356,-0.03601648,0.4084335,-0.8155949,-0.3074592,0.23962522
,,1.493839,6.7396235,-6.8520865,1684842495944,,1.5440371,0.64751667,0.31719154,,,,,,-0.011384181,0.13238417,-0.029677518,0.41199857,-0.8193989,-0.295165,0.23879232
,,1.7184453,5.888976,-7.074699,1684842496194,,-0.976391,-0.039095346,-0.366977,,,,,,-0.15439326,-0.05304757,0.24222946,0.41828713,-0.8312903,-0.25088546,0.2361834
,,1.7928622,5.896952,-7.05436,1684842496444,,-1.9012402,-0.5112938,-0.87460566,,,,,,-0.16633219,-0.18318462,0.16479807,0.42030188,-0.8283629,-0.24961476,0.2431628
,,1.4125632,6.942695,-6.6253266,1684842496695,,0.31986406,0.5064069,0.042302385,,,,,,-0.22007309,0.07703454,-0.12861738,0.41976658,-0.80818474,-0.30012372,0.25712618
,,1.3987645,7.0610595,-6.6033125,1684842496947,,1.7279074,0.6175843,0.27504188,,,,,,-0.28883022,0.07104785,-0.29190332,0.42702886,-0.79740834,-0.30838802,0.26665267
52.54272255,13.36976768,1.3783455,7.019346,-6.7091556,1684842497000,9.745019,0.79023,-0.16676609,7.6358096E-4,,,,,,-0.39002103,0.053856168,-0.43182093,0.48741856,-0.7614092,-0.28516328,0.29239783
,,1.6880567,6.3137007,-6.9366326,1684842497198,,0.71936965,0.20952661,0.34651303,,,,,,-0.3839039,-0.091736406,-0.15858746,0.44620883,-0.8011123,-0.2642067,0.26984963
,,1.7727625,5.620661,-7.0613794,1684842497450,,-1.9452225,0.17898338,-0.46532625,,,,,,-0.6006911,-0.40105882,-0.05007979,0.46357262,-0.7989217,-0.23274879,0.27243525
,,1.6003994,6.591828,-6.94126,1684842497702,,-0.39973465,0.0042760535,0.008093959,,,,,,-0.47026694,-0.04959218,-0.36765638,0.4751726,-0.77870953,-0.26363924,0.2861795
,,1.7530615,6.6277204,-6.9663053,1684842498204,,1.9081125,0.17287473,0.30314165,,,,,,-0.20319633,0.08100397,-0.14022015,0.505192,-0.7647529,-0.25352713,0.28732294
,,1.9111478,5.7204413,-7.124869,1684842498457,,-1.6746094,-0.2290743,-0.26374087,,,,,,-0.13229673,-0.08603179,0.24153425,0.5169256,-0.7755304,-0.20992765,0.26881436
,,1.9289342,6.1332026,-7.038647,1684842498707,,-1.2329541,-1.0684025,-0.31810784,,,,,,0.10528981,0.0810815,0.20441762,0.5167529,-0.77326244,-0.22307855,0.26588985
,,1.547518,7.0234127,-6.7197638,1684842498959,,0.41332638,0.12583815,0.14004076,,,,,,0.24052519,0.4535281,0.13116741,0.507682,-0.76654905,-0.26650327,0.26090023
,,1.6089338,6.8650885,-6.77105,1684842499210,,1.8824562,0.25228715,0.5371029,,,,,,0.3316361,0.45164305,0.33335808,0.49849942,-0.7777077,-0.26580313,0.24563244
,,1.7806587,5.9444895,-6.923553,1684842499462,,-0.6257546,0.08185588,0.1913534,,,,,,0.30154353,0.2986621,0.76634,0.4849537,-0.80337256,-0.22964817,0.22340997
,,1.7116659,5.757371,-7.088578,1684842499712,,-1.3936117,-0.7348703,-0.66507906,,,,,,0.23424368,0.17549454,0.6057864,0.46475977,-0.81763023,-0.22877122,0.21549903
,,1.2952349,6.7626753,-6.7475214,1684842499963,,0.21235187,0.059253883,0.27198756,,,,,,0.166977,0.39382464,0.41768745,0.44116515,-0.81402373,-0.28219575,0.21908157
52.54258902,13.36983341,1.4425528,6.6252484,-6.9203625,1684842500000,7.798432,-0.62147856,-0.4734202,0.13698642,,,,,,-0.025871787,0.1396288,0.061504,0.40152356,-0.83144385,-0.28496122,0.22743168
,,1.1376278,7.0366526,-6.6249285,1684842500212,,1.3198497,0.36835146,0.4027126,,,,,,0.087476686,0.4078979,0.2807012,0.42091578,-0.81675136,-0.3060611,0.21853063
,,1.455953,6.440841,-6.947402,1684842500463,,1.0345758,0.25900668,0.3978257,,,,,,0.071088985,0.2912726,0.3511086,0.4124641,-0.83262706,-0.2746323,0.21689129
,,1.5563716,5.663573,-7.0367336,1684842500714,,-2.2451572,-0.3103193,-0.59544045,,,,,,-0.0658288,-0.119686745,0.45352343,0.40703067,-0.84317356,-0.24692784,0.21607932
,,1.1774284,7.17456,-6.538468,1684842501217,,1.269148,0.5717694,0.38683012,,,,,,-0.10217922,0.22571976,0.053310107,0.3936656,-0.8217477,-0.31886408,0.23055239
,,1.4802799,6.6877794,-6.7401023,1684842501469,,2.1573453,0.41172287,0.26648977,,,,,,-0.102078944,0.08019341,0.13774496,0.39189225,-0.83087915,-0.29595134,0.2336555
,,1.6429121,5.778108,-7.0301127,1684842501720,,-2.146197,0.046425723,-0.36819875,,,,,,-0.21541306,-0.18383725,0.30954117,0.39432165,-0.84331673,-0.25369623,0.2306028
,,1.6492132,6.154977,-6.8350186,1684842501972,,-1.1462114,-0.85582155,-0.5404626,,,,,,-0.16120651,-0.16128626,0.2194417,0.3921226,-0.836839,-0.27141082,0.23833238
,,1.2802397,7.0851474,-6.5476403,1684842502226,,0.7102067,0.5369501,0.18402301,,,,,,-0.1587862,0.13214456,-0.07334232,0.38789108,-0.8217348,-0.31827646,0.24210562
,,1.4077773,6.9493957,-6.607461,1684842502477,,1.9301037,0.31276277,0.34651303,,,,,,-0.15683682,0.11533144,-0.032518465,0.38886386,-0.8239,-0.31095377,0.24381113
,,1.6828722,6.012206,-6.921958,1684842502729,,-1.0203732,-0.13072506,-0.21914774,,,,,,-0.18347247,-0.11980326,0.21744013,0.39789233,-0.83576643,-0.26376027,0.2419659
,,1.7465211,5.963472,-7.0183086,1684842502983,,-1.3801726,-0.75747234,-0.8373429,,,,,,-0.16075091,-0.19142888,0.12171869,0.40411136,-0.8335495,-0.25818813,0.24452594
,,1.4116058,7.0120873,-6.6089764,1684842503233,,0.43531752,0.31154105,0.21090107,,,,,,-0.13169888,0.13657533,-0.053185496,0.40380296,-0.8166178,-0.30699268,0.24832635
,,1.3048861,7.140502,-6.506722,1684842503485,,1.4878376,0.3848448,0.5212204,,,,,,-0.1477723,0.16639781,-0.033557255,0.40566918,-0.8123888,-0.31733716,0.2460206
,,1.6456242,6.448258,-6.8349385,1684842503735,,0.31558803,0.48441577,0.16264275,,,,,,-0.14849919,0.06057841,0.14550333,0.41331974,-0.8244382,-0.27520546,0.24389769
52.54242083,13.36986281,1.7576878,5.7956553,-7.041758,1684842504000,6.5733457,-2.1339798,-0.56077385,-0.4714349,,,,,,-0.17538258,-0.2200076,0.2659822,0.41871583,-0.83059293,-0.2481238,0.24010682
,,1.5184056,6.775596,-6.739225,1684842504239,,-0.42355835,-0.51068294,0.09850194,,,,,,-0.111879975,0.108588204,0.05569364,0.41458502,-0.8188102,-0.28908855,0.24343817
,,1.2214563,7.305766,-6.46429,1684842504493,,1.1274273,0.74220073,0.33612835,,,,,,-0.117591225,0.26015517,-0.016778883,0.40699443,-0.810929,-0.32086626,0.2406189
,,1.5598013,6.8684382,-6.672944,1684842504748,,1.910556,0.37018406,0.20540328,,,,,,-0.116877295,0.17335631,0.08605916,0.40772527,-0.8208341,-0.29592565,0.2405719
,,1.7322444,5.9389863,-6.976593,1684842505001,,-1.929951,-0.04214967,-0.5013673,,,,,,-0.22255984,-0.1541925,0.22852802,0.41106835,-0.8323707,-0.25571325,0.23649825
,,1.6772891,6.3747196,-6.829355,1684842505253,,-1.247004,-0.9474513,-0.5361866,,,,,,-0.1353753,-0.09035441,0.12918276,0.41000935,-0.8252669,-0.27608415,0.2426029
,,1.2211373,7.229116,-6.4788065,1684842505504,,0.62224215,0.68111426,0.2762636,,,,,,-0.20160748,0.1582435,-0.09341397,0.4051409,-0.81049913,-0.32254574,0.24420364
,,1.3450058,7.066564,-6.5434127,1684842505757,,1.8079307,0.36712974,0.26710063,,,,,,-0.1746625,0.07621393,-0.09856071,0.40842566,-0.81086975,-0.3162232,0.24696513
,,1.6745772,6.2513285,-6.8599834,1684842506009,,-0.11384992,0.13377939,0.055130545,,,,,,-0.18318813,-0.06766232,0.12413996,0.42007545,-0.821517,-0.2703166,0.24489416
,,1.7010577,5.900621,-6.93416,1684842506262,,-1.6477314,-0.6065887,-0.6711877,,,,,,-0.12831132,-0.28687525,0.1944091,0.4260181,-0.8222178,-0.25664455,0.24470912
,,1.3699708,7.0011597,-6.5686965,1684842506512,,-0.14133884,-0.26083925,0.22311836,,,,,,-0.03791736,0.13601893,0.036473148,0.42365104,-0.80839807,-0.30137274,0.24723752
,,1.1476773,7.225926,-6.4078193,1684842506763,,1.0730604,0.7110466,0.35445428,,,,,,-0.094625905,0.16862245,-0.015531651,0.4199217,-0.8035266,-0.320025,0.24347793
52.54227553,13.36991545,1.5371492,6.775835,-6.6982284,1684842507000,6.035384,1.9331579,0.28893903,0.28542656,,,,,,-0.0223582,0.12923218,0.09803877,0.42476237,-0.81409186,-0.2884182,0.24375907
,,1.7041683,5.88786,-6.948836,1684842507266,,-1.8444299,-0.33536476,-0.30405796,,,,,,-0.09429354,-0.14794353,0.21960211,0.42949784,-0.8242894,-0.25032118,0.23708929
,,1.5456836,6.4576697,-6.772645,1684842507517,,-1.3178644,-0.8026763,-0.61315554,,,,,,-0.055681545,-0.021142205,0.09077741,0.42641962,-0.81782526,-0.2750278,0.24138092
,,1.1367503,7.229993,-6.473064,1684842507769,,0.53672105,0.57665634,0.25121814,,,,,,-0.08190357,0.2369879,-0.078522965,0.41932586,-0.80622464,-0.31734914,0.23908097
,,1.312942,7.021978,-6.590631,1684842508022,,1.2037854,0.49480048,0.36422813,,,,,,-0.057251148,0.12299834,-0.07894321,0.41902977,-0.80884933,-0.31161615,0.24020544
,,1.5501503,6.3267026,-6.8867817,1684842508272,,0.04497492,0.31154105,0.017867794,,,,,,-0.117468104,-0.0053440253,0.097486004,0.42496312,-0.8202375,-0.2721651,0.23833889
,,1.5954546,5.962276,-6.8845496,1684842508522,,-1.9415573,-0.31948227,-0.70783955,,,,,,-0.1358208,-0.22958258,0.19573495,0.4259358,-0.82316387,-0.26016235,0.23724836
,,1.2872585,6.9808207,-6.55123,1684842508773,,-0.37896523,-0.44287696,0.09850194,,,,,,-0.08569224,0.09529504,0.07416938,0.4223558,-0.810038,-0.30489883,0.2416862
,,1.0897712,7.2479396,-6.4114885,1684842509023,,1.0736712,0.67622733,0.34590217,,,,,,-0.07906967,0.14855258,-0.018571012,0.41818205,-0.8041994,-0.32612732,0.23778582
,,1.3485948,6.8779297,-6.6284385,1684842509274,,1.6246712,0.38912088,0.33796093,,,,,,-0.051462993,0.105872564,0.10265781,0.42187616,-0.8134002,-0.30031526,0.2388076
,,1.5113068,6.0426755,-6.850093,1684842509526,,-1.1346049,-0.27244568,-0.2753473,,,,,,-0.113528155,-0.117662035,0.2850315,0.42598155,-0.82426083,-0.2617987,0.23338132
,,1.5280566,6.290093,-6.74098,1684842509777,,-1.2298999,-0.64446235,-0.8251256,,,,,,-0.044964146,-0.14463471,0.22521563,0.42490673,-0.82033557,-0.2749802,0.23685315
52.54214864,13.36991685,1.1015757,7.1047688,-6.3994446,1684842510000,6.9348035,0.065744326,0.14966187,0.229227,,,,,,-0.08617744,0.14132205,0.093197905,0.4214821,-0.80733776,-0.31578737,0.2367429
,,0.9840085,7.106444,-6.265048,1684842510280,,0.36995497,0.33902994,0.023365578,,,,,,-0.10486388,0.061698023,0.14929153,0.4177629,-0.8059596,-0.3241849,0.23414999
,,0.87657064,7.0676007,-6.223571,1684842510531,,0.5978075,0.15149446,-0.06276636,,,,,,-0.26954976,0.12192032,0.31542552,0.42043325,-0.8083932,-0.3164606,0.23456539
,,0.716092,7.2557554,-6.230112,1684842510782,,0.5965858,-0.24923283,0.24083345,,,,,,-0.36239007,0.26057652,0.3336305,0.42194697,-0.80735105,-0.3199131,0.2319226
,,0.29998022,7.632307,-6.120124,1684842511034,,0.15615231,0.19669846,0.116217025,,,,,,-0.5580324,0.38748798,0.37200728,0.42117655,-0.8051691,-0.33648935,0.22833236
,,0.029591234,7.6079793,-6.312346,1684842511285,,-0.0063377223,0.32498005,-0.15439607,,,,,,-0.7804921,0.5874599,0.33802888,0.4200326,-0.81040657,-0.3288775,0.22054188
,,0.23234306,7.029156,-6.768657,1684842511535,,0.03825541,0.16798781,-0.11102467,,,,,,-0.87928694,0.5146541,0.35999927,0.4235722,-0.8231685,-0.2930815,0.21845195
,,0.46245283,6.456553,-7.299865,1684842511788,,0.06818778,0.22785257,-0.23991714,,,,,,-0.9727367,0.43982342,0.28957817,0.4332072,-0.8330678,-0.25503156,0.21868433
,,0.8882955,5.7769914,-7.7893558,1684842512041,,0.05535962,0.20769402,-0.002290743,,,,,,-0.8078702,0.19090427,0.14592034,0.44765347,-0.8360289,-0.22155407,0.21972574
,,1.1617951,5.2225738,-8.010373,1684842512291,,-0.10102176,0.1301142,-0.308334,,,,,,-0.7483401,-0.06462793,0.08178659,0.46604508,-0.8308278,-0.1953244,0.22488424
,,1.5283755,5.136673,-8.263614,1684842512543,,0.11827869,0.30421066,-0.44089165,,,,,,-0.54446524,-0.0934134,-0.19981556,0.4931974,-0.81333464,-0.18109454,0.23616849
,,1.7625531,5.033462,-8.336834,1684842512793,,0.1353829,0.4489856,-0.5380192,,,,,,-0.39341348,-0.19947529,-0.26195925,0.53253514,-0.78553325,-0.16590269,0.24753536
52.54206094,13.36992004,1.9140986,4.8939614,-8.410292,1684842513000,6.093887,0.27282748,0.34636033,-0.6369792,,,,,,-0.2956898,-0.29270616,-0.31504595,0.58145636,-0.747288,-0.14530514,0.25711903
,,2.0068603,4.8445086,-8.465806,1684842513296,,0.16714787,0.41722065,-0.5685624,,,,,,-0.23265332,-0.25006914,-0.28197894,0.63724625,-0.6984098,-0.11908996,0.26466453
,,1.9571693,4.9212394,-8.435576,1684842513546,,0.34613127,0.6047561,-0.4470003,,,,,,-0.30266303,-0.12278453,-0.19679922,0.6913046,-0.64374024,-0.09380031,0.27104276
,,2.058386,4.9780283,-8.546366,1684842513795,,0.22151484,-0.1178969,-0.40301803,,,,,,-0.24060613,0.040644202,-0.26509434,0.7454415,-0.58230245,-0.066282034,0.27397928
,,1.9129821,5.0072217,-8.419545,1684842514047,,-0.06498074,0.24251331,-0.18921536,,,,,,-0.35597464,0.2504716,-0.03045071,0.79412204,-0.5233365,-0.039260563,0.27045667
,,1.9325235,5.032984,-8.348878,1684842514298,,0.47624546,0.126449,-0.3517054,,,,,,-0.37394962,0.47641373,0.1412149,0.8337364,-0.46968704,-0.013607979,0.2654138
,,2.0057437,4.9279385,-8.30166,1684842514550,,0.17569998,-0.124616414,0.14370593,,,,,,-0.28075016,0.6436883,0.31269282,0.8652317,-0.4222492,0.007973729,0.25377795
,,2.1740386,4.8313475,-8.302617,1684842514801,,-0.23174682,-0.20891576,0.68798643,,,,,,-0.072458014,0.85245246,0.42668936,0.8862563,-0.389901,0.022000272,0.2382105
,,2.1830516,4.83047,-8.346485,1684842515054,,-0.2598466,-0.4074468,0.67943436,,,,,,0.014702881,1.0990089,0.48164186,0.8950041,-0.37995866,0.027490053,0.22578262
,,1.9555742,5.047021,-8.173563,1684842515307,,0.46097383,-0.24862197,0.07651082,,,,,,-0.058944285,1.3760028,0.7221575,0.88938314,-0.39365587,0.017708937,0.21899848
,,1.7785852,5.0116878,-8.340582,1684842515557,,0.5611557,-0.5907062,0.27687445,,,,,,0.017459601,1.5158598,0.6169268,0.87914604,-0.4165463,0.0019316397,0.20827508
,,1.5014166,4.523552,-8.529855,1684842515810,,-0.065744326,-0.17096578,0.6617956,,,,,,0.17495207,1.2238083,0.5346343,0.8662146,-0.44780785,-0.018335331,0.18654953
52.54203714,13.36992394,1.2033507,4.273502,-8.700383,1684842516000,7.3166947,-0.057192214,-0.0060322895,0.27511823,,,,,,0.22738025,1.0694607,0.43897793,0.84323317,-0.49379,-0.040490277,0.17041636
,,0.8577472,4.0015974,-8.861021,1684842516310,,-0.008323032,-0.14347686,0.32643086,,,,,,0.16619629,0.860047,0.33276522,0.81468403,-0.54424745,-0.060802348,0.15874766
,,0.5855236,3.7045686,-8.953861,1684842516561,,-0.33024877,0.18089233,0.19814926,,,,,,0.124796905,0.6264244,0.2788432,0.7871309,-0.5870806,-0.07725248,0.14587617
,,0.43844488,3.4380875,-9.222655,1684842516813,,0.043600474,-0.1673006,-0.007101303,,,,,,0.1288539,0.41333166,0.05783011,0.76267344,-0.62029785,-0.08949543,0.13402054
,,0.47497532,3.1609185,-9.263892,1684842517064,,-0.10728313,0.15584688,0.09674571,,,,,,0.23488732,0.04859964,0.028162066,0.73933345,-0.64952976,-0.098132156,0.12661181
,,0.52019966,3.308954,-9.256952,1684842517316,,-0.05780308,0.08743002,0.020387612,,,,,,0.21776836,0.086773925,-0.005757936,0.71680343,-0.67453766,-0.104497686,0.13037892
,,0.571406,3.475734,-9.234461,1684842517568,,-0.06024654,0.012904518,0.07170025,,,,,,0.1901067,0.11628513,-0.03004465,0.6998337,-0.69130474,-0.10985892,0.13633457
,,0.5622337,3.5895526,-9.174082,1684842517818,,0.030161448,-0.007864884,-0.01809687,,,,,,0.11372423,0.073415466,-0.02829679,0.6881355,-0.70150787,-0.11480777,0.1432061
,,0.63856465,3.6323047,-9.198171,1684842518071,,-9.926553E-4,0.020234896,0.013057235,,,,,,0.13798736,0.020502774,-0.07783607,0.6821128,-0.7061999,-0.11798133,0.14798832
,,0.6838687,3.4444685,-9.146325,1684842518322,,0.013668099,-0.008475749,0.010613776,,,,,,0.18526429,-0.1468619,-0.016345343,0.68198407,-0.70667905,-0.11651946,0.147485
,,0.7483952,3.511946,-9.166745,1684842518572,,0.020387612,0.0074067353,0.009392046,,,,,,0.1628125,-0.07719661,-0.041820146,0.6818796,-0.70670956,-0.11280288,0.15084673
,,0.7889137,3.5395432,-9.175996,1684842518822,,0.016722424,-0.0054214248,-0.023594651,,,,,,0.11777036,-0.0522143,-0.039778486,0.68246067,-0.70611185,-0.10924755,0.15376577
52.54203434,13.36992057,0.7579664,3.5092344,-9.18453,1684842519000,6.875371,0.0032833982,-0.0017562362,0.0051159924,,,,,,0.05035936,-0.042480197,-0.029000027,0.68406224,-0.7049856,-0.10606782,0.1541249
,,0.7551749,3.4806,-9.201359,1684842519324,,-0.0028252497,-0.010308343,0.006948587,,,,,,0.03097217,-0.029472677,-0.025185775,0.68586415,-0.70382535,-0.10354457,0.1532158
,,0.7550951,3.4637702,-9.207103,1684842519575,,-0.00160352,-0.002367101,-0.0028252497,,,,,,0.021482924,-0.017513735,-0.015798124,0.68700206,-0.7031168,-0.101818554,0.15256795
,,0.75102717,3.4549167,-9.212367,1684842519829,,0.010002911,-0.011530072,0.014889829,,,,,,0.015196134,-0.004873133,-0.008134206,0.687627,-0.702768,-0.1008635,0.15201092
,,0.7501498,3.4480574,-9.221061,1684842520081,,0.0045051277,-0.002367101,0.014889829,,,,,,0.007875404,-0.002218636,-0.007051277,0.6877653,-0.7027798,-0.10031109,0.15170448
,,0.7528618,3.4467814,-9.221063,1684842520332,,2.290743E-4,0.003130682,0.032604907,,,,,,0.0041822772,0.0056389174,-0.0043824194,0.6873767,-0.70319265,-0.10015713,0.15164502
,,0.76418775,3.4482965,-9.219466,1684842520584,,-0.0034361144,-0.0035888306,0.014889829,,,,,,0.0035415313,7.897377E-4,-0.004491488,0.6862702,-0.7042063,-0.10006635,0.15197636
,,0.7743173,3.4504504,-9.213883,1684842520836,,0.006948587,-0.013973532,0.0045051277,,,,,,-1.521806E-4,0.0027775527,-9.013812E-4,0.6851043,-0.705272,-0.0998721,0.15240857
,,0.7827721,3.4526036,-9.214601,1684842521087,,-0.010155627,-0.0066431547,0.011835505,,,,,,-0.0043898565,0.0041952687,-9.428978E-4,0.68376046,-0.70650494,-0.09975501,0.15281576
,,0.79082793,3.4553156,-9.212048,1684842521338,,-0.012599086,6.8722287E-4,-0.0040469794,,,,,,-0.007844949,5.804618E-4,-5.198797E-4,0.68220323,-0.7079312,-0.0997806,0.15318045
,,0.79816586,3.4611375,-9.207183,1684842521589,,-0.008933897,0.0025198173,0.005726857,,,,,,-0.006438327,-7.122755E-4,-5.598068E-4,0.6808759,-0.70908856,-0.09996535,0.1536233
,,0.79936224,3.4695127,-9.201919,1684842521839,,-0.018707734,-0.0029779659,-0.0022143847,,,,,,-0.0069117965,-0.0059136627,-0.0034619968,0.67979014,-0.70996827,-0.10037628,0.15410899
52.54203467,13.36992033,0.79968125,3.4888947,-9.195776,1684842522000,6.704255,-0.015653409,0.0049632764,0.0112246405,,,,,,-0.01041578,-0.0015737772,-0.0010368665,0.6791055,-0.7103942,-0.10111954,0.154667
,,0.7983253,3.5049264,-9.185247,1684842522340,,-0.041920595,-0.056734066,-0.019929463,,,,,,-0.008610983,-0.012374187,-0.0038202922,0.678327,-0.71083575,-0.10213459,0.15538333
,,0.807099,3.551347,-9.171051,1684842522592,,-0.029092435,0.0043524117,0.06253728,,,,,,0.009681775,-0.011328904,0.004436207,0.6779205,-0.71078813,-0.10349771,0.15645733
,,0.79976106,3.611886,-9.136037,1684842522842,,-0.008933897,0.026954409,0.0075594517,,,,,,0.004493105,0.0068736393,0.011235142,0.67667496,-0.7112927,-0.10552755,0.15812689
,,0.83214396,3.6584663,-9.117931,1684842523094,,0.017944153,-0.056734066,0.010613776,,,,,,0.029035311,9.83421E-4,0.009729194,0.67500705,-0.7120915,-0.1076698,0.1601274
,,0.8193823,3.722833,-9.090811,1684842523346,,0.021609342,0.022678355,-0.04130973,,,,,,0.020426286,0.023368755,0.022698147,0.6731121,-0.7132633,-0.10998158,0.16127054
,,0.8152347,3.7530622,-9.081719,1684842523597,,-0.008933897,-0.011530072,0.02649626,,,,,,0.028824134,0.012033757,0.013220438,0.67104447,-0.71467763,-0.11206338,0.16217579
,,0.7956933,3.7653458,-9.080683,1684842523846,,0.01244637,-0.020693045,-0.0040469794,,,,,,0.019821577,0.0045578796,0.011806265,0.6694679,-0.71583545,-0.11390271,0.16234964
,,0.75334036,3.7625542,-9.081879,1684842524098,,0.018555017,-0.012140937,0.0045051277,,,,,,-0.004648761,0.009533048,0.0014869054,0.6679548,-0.7172695,-0.11530193,0.1613327
,,0.733799,3.7133417,-9.115377,1684842524348,,0.10529782,-0.0457385,-0.017486004,,,,,,0.00672456,-0.00990177,-0.010338974,0.6676321,-0.71802765,-0.115579,0.15906163
,,0.65579295,3.656871,-9.133803,1684842524599,,0.0026725335,0.014126248,0.041157015,,,,,,-0.026477102,0.0014409542,0.0027553558,0.6681456,-0.7185965,-0.11473966,0.15477523
,,0.65324056,3.555256,-9.174161,1684842524852,,0.013668099,-0.05184715,0.052763447,,,,,,9.0552965E-4,-0.018012682,-0.00961752,0.6675938,-0.72015643,-0.1130464,0.15098442
52.54203491,13.36992037,0.6071389,3.4785259,-9.199286,1684842525000,7.1178064,-0.023594651,0.0025198173,-0.040088,,,,,,-0.013173769,-0.013818256,6.518046E-4,0.6667393,-0.7220436,-0.11157922,0.14670317
,,0.5749953,3.4380074,-9.222258,1684842525354,,-0.018707734,0.010461059,-0.008323032,,,,,,-0.011996047,0.0055842795,0.0022513072,0.66631764,-0.7233756,-0.11031775,0.14306413
,,0.56502527,3.3804202,-9.239884,1684842525606,,0.006948587,-0.044516772,0.042989608,,,,,,-7.4742734E-4,5.8436394E-4,0.0014929771,0.66562784,-0.7247029,-0.10930603,0.1404358
,,0.5655835,3.3494728,-9.253683,1684842525857,,-0.03214676,-0.0066431547,-0.032757625,,,,,,0.005127274,-0.0018145879,-0.0018922488,0.66453546,-0.72620183,-0.10849185,0.13861664
,,0.5875975,3.3473194,-9.250413,1684842526108,,-0.03459022,0.017180571,0.060704686,,,,,,0.02102163,-0.009216412,-0.0042520207,0.66319954,-0.72737914,-0.10874096,0.13871762
,,0.56606203,3.4053853,-9.243473,1684842526359,,-0.040698867,0.014737112,0.07353285,,,,,,-0.00845338,0.009421389,-0.0060455957,0.66193753,-0.72815865,-0.110124215,0.13949877
,,0.5735596,3.4369707,-9.2291975,1684842526611,,0.024663666,-0.03046688,0.029550584,,,,,,-0.006570929,0.007248839,-0.006042512,0.659872,-0.72950757,-0.111709915,0.14076756
,,0.57531434,3.4757345,-9.211729,1684842526863,,-0.009544762,0.0067958706,0.010613776,,,,,,-0.006254383,0.016632764,0.0024278322,0.65703607,-0.7317088,-0.11343612,0.14114197
,,0.5780262,3.4918456,-9.202795,1684842527113,,0.0032833982,0.013515383,0.019165883,,,,,,-0.0063212374,0.010937794,0.0051401774,0.65386665,-0.73429304,-0.11477966,0.14135668
,,0.56973106,3.506043,-9.193463,1684842527367,,-0.016264275,0.0043524117,0.03199404,,,,,,-0.009343107,0.0124926325,0.009527874,0.6507537,-0.73689353,-0.11592024,0.14133967
,,0.5548955,3.5224738,-9.2043915,1684842527619,,-0.0077121677,-0.042684175,0.013057235,,,,,,-0.015187134,0.017003417,-0.0032672882,0.647487,-0.7397357,-0.11682408,0.14093652
,,0.54117674,3.5007794,-9.201521,1684842527871,,-0.010155627,-0.0054214248,0.018555017,,,,,,-0.009770616,0.0026194016,0.0039762813,0.64493144,-0.74209297,-0.117534384,0.13973811
52.54203504,13.36992022,0.52506506,3.5031722,-9.207104,1684842528000,7.191576,0.008781182,-0.012140937,0.013668099,,,,,,-0.007238391,0.011182968,0.0034977912,0.64321446,-0.7437569,-0.118024506,0.13835107
,,0.52610195,3.4833117,-9.216993,1684842528378,,-0.009544762,-0.01763872,0.011835505,,,,,,0.0040769894,-0.0030438663,-0.0046286583,0.6412382,-0.7455336,-0.118396685,0.13762602
,,0.50927246,3.48387,-9.224091,1684842528630,,-0.008933897,-0.021303909,0.033215772,,,,,,-6.5572065E-4,-8.111239E-4,-0.006302611,0.6394845,-0.7470866,-0.11902971,0.13681866
,,0.47186464,3.4999816,-9.215237,1684842528880,,-0.03092503,-0.014584397,0.019165883,,,,,,-0.013181877,-0.0012873173,0.0015911103,0.6373827,-0.74884945,-0.12039518,0.13578397
,,0.43613175,3.5121849,-9.202555,1684842529131,,-3.8179048E-4,0.014737112,0.0051159924,,,,,,-0.021138191,0.005495238,0.011102359,0.6349705,-0.7507751,-0.1223373,0.13472134
,,0.42392838,3.5231924,-9.201121,1684842529384,,0.009392046,0.012904518,-0.01809687,,,,,,-0.015209681,0.0019614776,0.007982382,0.632872,-0.7523903,-0.123869136,0.13419212
,,0.4288736,3.529413,-9.202396,1684842529635,,-0.008323032,0.0043524117,-0.009544762,,,,,,-0.008269591,-0.004940367,0.0030096371,0.6315308,-0.7533853,-0.12475894,0.13412182
,,0.42815575,3.5523844,-9.1910715,1684842529886,,-0.0022143847,0.006185006,-0.0058795735,,,,,,-0.0139471395,0.0043478566,0.008009561,0.6304957,-0.7540787,-0.12548918,0.13444182
,,0.4333402,3.5730429,-9.186204,1684842530137,,-0.0064904382,0.0025198173,-0.0077121677,,,,,,-0.011835485,0.005034828,0.0068491935,0.6296398,-0.75459826,-0.12605254,0.13503988
,,0.4543172,3.583571,-9.189396,1684842530389,,-0.0058795735,0.011071924,0.014278964,,,,,,-0.010478618,0.011140848,0.0030439058,0.62928367,-0.75470704,-0.12623382,0.13592869
,,0.48023948,3.5839696,-9.194501,1684842530640,,-0.013209951,0.0037415468,0.0045051277,,,,,,-0.0026741326,7.575353E-4,-0.0011894543,0.6293374,-0.7545458,-0.12580596,0.13697425
,,0.49698925,3.5917068,-9.192347,1684842530893,,-3.8179048E-4,0.0074067353,0.003894263,,,,,,-0.007986802,5.335569E-4,-9.6619927E-4,0.6295878,-0.75420946,-0.12545322,0.13800612
52.542035,13.36992026,0.50193435,3.6099718,-9.184052,1684842531000,6.1324124,-0.009544762,0.0074067353,0.0051159924,,,,,,-0.012258676,0.005510084,0.002141857,0.6295513,-0.7540531,-0.12554607,0.13894112
,,0.51477593,3.6220956,-9.183892,1684842531396,,-0.0058795735,0.0025198173,2.290743E-4,,,,,,-0.007387163,0.0054165362,8.5811614E-4,0.62919366,-0.75414693,-0.12577768,0.13983457
,,0.5284948,3.6389248,-9.172167,1684842531647,,0.0020616686,0.0074067353,0.0020616686,,,,,,-0.010256781,0.007948963,0.00640351,0.6284903,-0.75451916,-0.12609664,0.14069365
,,0.54668033,3.6509688,-9.165787,1684842531900,,0.0014508038,0.003130682,8.3993905E-4,,,,,,-0.0048493156,0.007686933,0.0040982245,0.6277234,-0.75495654,-0.12631287,0.14157243
,,0.5616753,3.6640496,-9.158769,1684842532156,,0.0051159924,-0.002367101,2.290743E-4,,,,,,-0.0037231445,0.009923569,0.003003311,0.62703305,-0.75534654,-0.12650603,0.14238115
,,0.56670016,3.668596,-9.15518,1684842532406,,0.0045051277,-0.00481056,0.0020616686,,,,,,-0.0031576434,0.006591463,0.003532346,0.62671643,-0.7555038,-0.12657203,0.14288874
,,0.56518465,3.6705103,-9.150632,1684842532657,,0.0045051277,-0.002367101,-3.8179048E-4,,,,,,-0.006697937,0.006932958,0.0066924733,0.6268262,-0.75538963,-0.12653436,0.14304219
,,0.5613561,3.6593437,-9.147679,1684842532907,,0.0032833982,-0.0060322895,-0.0028252497,,,,,,-0.009531861,0.0025567452,0.00870177,0.6270146,-0.75530565,-0.12641685,0.1427591
,,0.55154556,3.6424346,-9.147681,1684842533160,,0.0014508038,-0.013973532,0.0051159924,,,,,,-0.007389434,9.92926E-4,0.009913222,0.6274039,-0.7551247,-0.12625594,0.14214182
,,0.5276174,3.6263225,-9.140183,1684842533412,,0.0045051277,-0.0054214248,0.0075594517,,,,,,-0.012692343,-0.0042236806,0.016385334,0.6278144,-0.7549539,-0.12629533,0.14119552
,,0.50305116,3.6096523,-9.1319685,1684842533662,,0.0045051277,-0.0041996953,0.0032833982,,,,,,-0.015863374,-0.0068217753,0.023177974,0.6281707,-0.75484884,-0.12643752,0.14004368
,,0.48438713,3.5996828,-9.118091,1684842533913,,0.005726857,-0.0017562362,0.003894263,,,,,,-0.013064172,-0.0038953782,0.029729653,0.62809306,-0.75506186,-0.12673537,0.13897221
52.54203498,13.36992041,0.47345984,3.585964,-9.108041,1684842534000,6.129532,0.008170316,0.0037415468,-0.0040469794,,,,,,-0.010135737,-0.0061836084,0.029496988,0.6277292,-0.75547296,-0.12701845,0.13812834
,,0.46109688,3.5795832,-9.0989485,1684842534417,,2.290743E-4,0.0067958706,-0.005268709,,,,,,-0.0080171395,-0.0026612917,0.028608004,0.6275647,-0.75569516,-0.12719257,0.13750349
,,0.45184472,3.578466,-9.095358,1684842534667,,-0.0028252497,0.006185006,-3.8179048E-4,,,,,,-0.009321431,-5.140861E-4,0.023384571,0.62734586,-0.7559233,-0.12733494,0.13712133
,,0.45320067,3.5786257,-9.101022,1684842534919,,0.0020616686,0.003130682,0.003894263,,,,,,-0.007313921,0.0041715545,0.013070138,0.62713635,-0.7561188,-0.12731831,0.13701767
,,0.45726842,3.5843682,-9.1109915,1684842535175,,-0.0022143847,0.005574141,0.009392046,,,,,,-0.006425144,0.0079523325,0.003274123,0.6267901,-0.75638515,-0.12728079,0.13716444
,,0.4662814,3.5849264,-9.124072,1684842535426,,-0.010766491,0.00923933,0.008781182,,,,,,-0.00891331,0.007407824,-0.009507656,0.62641233,-0.7566631,-0.12714958,0.13747449
,,0.4809574,3.59705,-9.139308,1684842535679,,-0.005268709,0.0037415468,0.010613776,,,,,,-0.0060979496,0.011994402,-0.019147746,0.62588984,-0.7570056,-0.12714578,0.13796507
,,0.49068815,3.6097326,-9.146725,1684842535929,,-0.008933897,0.0043524117,2.290743E-4,,,,,,-0.010354656,0.008797979,-0.022382673,0.62513405,-0.7574817,-0.12730786,0.13862301
,,0.50592244,3.6253657,-9.153745,1684842536182,,-0.0028252497,0.0037415468,8.3993905E-4,,,,,,-0.008856912,0.010120821,-0.021913942,0.62445253,-0.75786316,-0.12752075,0.13941158
,,0.5200401,3.640281,-9.154462,1684842536435,,-9.926553E-4,0.006185006,0.008170316,,,,,,-0.007484122,0.0067237616,-0.0203077,0.62371117,-0.7582603,-0.12776454,0.14034642
,,0.5401399,3.6583066,-9.149515,1684842536687,,-9.926553E-4,0.0067958706,-0.004657844,,,,,,-0.0048827888,0.008286166,-0.015594705,0.6230456,-0.7585898,-0.12791008,0.14138556
,,0.55537415,3.6736207,-9.146643,1684842536938,,-0.0034361144,6.8722287E-4,-0.005268709,,,,,,-0.0028132508,0.0065886816,-0.013191351,0.62242126,-0.75888634,-0.12804548,0.14241853
52.54203502,13.36992039,0.5599205,3.6867018,-9.137711,1684842537000,6.2800283,8.3993905E-4,0.006185006,0.01244637,,,,,,-0.0071872664,0.006949671,-0.004458523,0.62196726,-0.7590957,-0.12814716,0.14319743
,,0.5745167,3.6926043,-9.133801,1684842537439,,0.0014508038,0.0019089525,-3.8179048E-4,,,,,,-0.0024194042,0.0072695175,-9.378751E-4,0.62161744,-0.7592647,-0.12814018,0.14382926
,,0.5872784,3.6977887,-9.130851,1684842537692,,0.005726857,-0.0041996953,0.009392046,,,,,,1.6999841E-4,0.008755318,-0.0024299622,0.6212243,-0.7595127,-0.12808144,0.14427409
,,0.5901499,3.694837,-9.130215,1684842537944,,0.0020616686,-0.012140937,-0.0022143847,,,,,,-0.002349925,0.005783741,2.6289623E-5,0.62127465,-0.7594709,-0.1279441,0.14439914
,,0.5778666,3.6894126,-9.133165,1684842538195,,0.008781182,-0.0041996953,-3.8179048E-4,,,,,,-0.010049951,0.0042660157,-0.0025038084,0.62170035,-0.7591848,-0.12792948,0.14407523
,,0.57060844,3.6826334,-9.140264,1684842538446,,0.016111558,0.0012980876,-0.008933897,,,,,,-0.007707727,0.005281965,-0.0042241733,0.6221884,-0.7589035,-0.12791325,0.14345858
,,0.61359954,3.65384,-9.158929,1684842538699,,-0.25266895,0.1155298,-0.060857404,,,,,,0.024839772,9.4758667E-4,-0.020619582,0.62282497,-0.7585535,-0.12712178,0.14322138
,,0.7388239,3.6512077,-9.173285,1684842538950,,-0.3161989,-0.4568505,0.2286925,,,,,,0.14060864,-0.048211798,-0.037585225,0.6244115,-0.7566992,-0.12765642,0.14539815
,,0.7776674,3.7540994,-9.138031,1684842539203,,-0.9020182,-0.06406444,0.42844528,,,,,,0.21114251,-0.10703049,-0.06686258,0.6230654,-0.75541157,-0.13504098,0.1495751
,,0.9364711,4.1553755,-8.870752,1684842539453,,-0.758465,-0.13248129,0.10651954,,,,,,0.3296185,-0.15703827,-0.0862199,0.61160034,-0.7551752,-0.15570766,0.16481404
,,1.1098709,4.8008,-8.4121275,1684842539705,,-0.2514472,-0.5655844,-0.3314705,,,,,,0.5108442,-0.1712535,-0.10118116,0.5926518,-0.7532216,-0.19012617,0.18545988
,,0.94053894,5.6007204,-7.7753167,1684842539956,,-0.17631085,-0.44035715,-0.05169443,,,,,,0.5277538,-0.098744586,-0.060557604,0.5729082,-0.7480087,-0.23569189,0.20104769
52.54202964,13.36992474,0.6116055,6.4815984,-7.021578,1684842540000,5.8643937,0.18226677,-0.25159994,0.83467036,,,,,,0.48161194,-0.039611004,0.024877803,0.54903483,-0.7432868,-0.28762335,0.21324591
,,0.44442698,7.395098,-6.283472,1684842540458,,0.16882776,-0.1465312,0.7161626,,,,,,0.43325394,0.18193236,0.18348402,0.51080596,-0.74962264,-0.335852,0.22129606
,,0.5537789,7.985327,-5.767022,1684842540709,,0.69600403,0.21326816,0.51946414,,,,,,0.4217262,0.26107246,0.23785461,0.46329433,-0.76305103,-0.37247807,0.22844858
,,0.7515058,8.0226555,-5.7505918,1684842540960,,0.88109607,0.35926485,-0.25266895,,,,,,0.44158182,0.28709093,0.25607514,0.42129892,-0.7831151,-0.38014263,0.22606608
,,0.83788675,7.499903,-5.954379,1684842541212,,0.25923574,0.29145885,-0.077961616,,,,,,0.08262673,0.27888152,0.3391799,0.39400476,-0.8075582,-0.35293165,0.21980311
,,1.4354542,6.771449,-6.3698525,1684842541462,,-1.1897355,-0.32123852,-0.36018115,,,,,,0.041117772,0.1477482,0.35867065,0.36925194,-0.8344513,-0.31140247,0.22137873
,,1.83689,6.530731,-6.6549177,1684842541714,,-0.8122211,-0.36583164,-0.6265182,,,,,,-0.059430983,0.14998195,0.3159992,0.3499243,-0.85292846,-0.2893385,0.22831264
,,1.7903895,6.5237913,-6.775437,1684842541967,,0.27084216,0.30489787,0.3154353,,,,,,-0.19775298,0.12231825,0.13671708,0.3455939,-0.8540638,-0.2883611,0.23394775
,,1.5779868,6.6577897,-6.702456,1684842542218,,0.529238,0.82963073,0.3917934,,,,,,-0.41855457,0.16586885,0.12945594,0.351284,-0.8487844,-0.29077917,0.2400618
,,1.4750158,6.7813396,-6.656354,1684842542468,,1.4449242,0.3757582,-0.5587122,,,,,,-0.6138538,0.1984403,-2.7793247E-4,0.3655526,-0.8394419,-0.29074115,0.2515011
,,1.4593027,6.7651486,-6.593901,1684842542718,,0.1211803,0.3830886,0.13767365,,,,,,-0.61942923,0.15819842,0.10719971,0.3857035,-0.82881325,-0.28529736,0.2586299
,,1.3656638,6.908318,-6.7294946,1684842542968,,0.07475458,0.07460186,-0.032757625,,,,,,-0.74504006,0.28823218,-0.062438805,0.40838698,-0.8168244,-0.27835053,0.26455298
52.54197388,13.36990645,1.5981662,6.500661,-7.0408015,1684842543000,5.1073647,-0.27404922,0.0025198173,-0.15493058,,,,,,-0.72617346,0.26186976,-0.116004385,0.43347147,-0.81023407,-0.2474067,0.26842454
,,2.0049462,5.8348985,-7.4339423,1684842543470,,-0.043142326,0.055665053,-0.14637847,,,,,,-0.7699448,0.15326643,-0.031732574,0.458649,-0.8100864,-0.19864498,0.2756446
,,2.4184258,5.313742,-7.8932047,1684842543722,,-0.09506583,-0.07261655,-0.018707734,,,,,,-0.7039386,0.16500148,-0.06847504,0.48687074,-0.8075392,-0.15180323,0.28264162
,,2.471467,5.084988,-7.956535,1684842543973,,0.060093824,-0.08422298,-0.14515674,,,,,,-0.7752636,0.23379913,0.119481705,0.5103403,-0.8013369,-0.124203965,0.28396228
,,2.513022,5.366942,-8.03462,1684842544223,,0.09918917,-0.12148573,0.032604907,,,,,,-0.713323,0.43115795,-0.013331588,0.5213213,-0.7938074,-0.123787835,0.28675354
,,2.4872591,5.4608994,-7.873663,1684842544475,,-0.056581352,-0.050625417,0.19814926,,,,,,-0.62503165,0.4195487,0.14109813,0.525788,-0.79044527,-0.13020939,0.28547776
,,2.441955,5.5837317,-7.7738814,1684842544726,,0.18532111,-0.09521855,-0.10178535,,,,,,-0.58723164,0.45125967,0.19259828,0.52154446,-0.79217213,-0.13856348,0.28387737
,,2.4122841,5.658307,-7.7959757,1684842544982,,0.20303617,-0.12576179,0.04848739,,,,,,-0.50752586,0.45871824,0.13700648,0.5145854,-0.7962574,-0.14687821,0.2802241
,,2.3445675,5.5893936,-7.7870426,1684842545235,,-0.073685564,-0.037797257,0.08452842,,,,,,-0.42461452,0.39312413,0.1869671,0.5075977,-0.8023975,-0.15322968,0.27157593
,,2.2746172,5.5478387,-7.905806,1684842545487,,0.092469655,-0.0353538,-0.115835235,,,,,,-0.3310503,0.36869767,0.12809643,0.49875933,-0.8099372,-0.16039187,0.2612622
,,2.2037897,5.382255,-7.9915485,1684842545738,,0.0026725335,-0.052458014,0.010002911,,,,,,-0.24000688,0.23766913,0.10601473,0.49105504,-0.8169425,-0.16647652,0.25097278
,,2.090928,5.309674,-8.102177,1684842545988,,0.1786016,0.03489565,-0.15859577,,,,,,-0.22269441,0.19569257,0.060717247,0.48563373,-0.8219588,-0.17070052,0.2428279
52.54190974,13.36994785,1.9747167,5.173283,-8.23434,1684842546000,4.626884,-0.04741838,-0.07139482,-0.052305296,,,,,,-0.17890039,0.1105776,0.04620409,0.48804522,-0.82345754,-0.17030933,0.23311108
,,1.8537996,5.082275,-8.316733,1684842546489,,0.03565923,-0.18135048,-0.0834594,,,,,,-0.13831566,0.10915216,0.059965596,0.49212462,-0.82403743,-0.16954488,0.22282176
,,1.6055042,5.0018764,-8.435019,1684842546741,,0.42539096,-0.4721221,-0.12377647,,,,,,-0.15636455,0.12763624,0.021443017,0.49479252,-0.82522506,-0.17069174,0.21023612
,,1.2219347,4.638247,-8.589675,1684842546992,,0.24335326,-0.20334162,0.050319985,,,,,,-0.1421947,0.009461975,0.034903906,0.5013825,-0.8263161,-0.16906689,0.18639214
,,0.93096745,4.200999,-8.832705,1684842547243,,0.25923574,-0.26015204,-0.022983788,,,,,,0.00707741,-0.11393067,-0.02906685,0.50556463,-0.829285,-0.16566496,0.1577468
,,0.47888353,3.612843,-9.00483,1684842547494,,-0.10178535,0.2529744,-0.091400646,,,,,,0.091833875,-0.2555715,-0.011975416,0.4407665,-0.72017735,-0.14156613,0.12298373
,,0.07688944,3.1215165,-9.197372,1684842547745,,-0.18974987,0.16439898,0.10957387,,,,,,0.1522539,-0.2971176,-0.046334364,0.44441226,-0.72360975,-0.13480234,0.09068799
,,-0.21910278,2.6997418,-9.391032,1684842547996,,-0.015653409,0.038560838,-0.02481638,,,,,,0.20938252,-0.35670274,-0.08013954,0.44613075,-0.7275365,-0.12801127,0.06480402
,,-0.37694934,2.318326,-9.514741,1684842548246,,-0.008323032,-0.03291034,-0.016264275,,,,,,0.28821686,-0.42789227,-0.083931796,0.4488497,-0.72969323,-0.12018819,0.04621253
,,-0.35916272,2.187678,-9.573841,1684842548497,,-0.03459022,0.022067491,-0.013209951,,,,,,0.3380824,-0.37385526,-0.101137765,0.45068136,-0.73043215,-0.11264985,0.03961639
,,-0.4067001,2.2126431,-9.557731,1684842548749,,0.046043932,-0.06956223,-0.005268709,,,,,,0.24187927,-0.25807375,-0.06233263,0.45269746,-0.7300501,-0.10726783,0.039907634
,,-0.30947173,2.3544576,-9.579028,1684842548999,,0.027107125,0.0037415468,0.021609342,,,,,,0.19666497,-0.15168813,-0.073605634,0.52402,-0.84155065,-0.12199067,0.046040393
52.54189258,13.3699722,-0.24319056,2.418426,-9.564113,1684842549000,4.6093245,0.014889829,-0.009086614,0.018555017,,,,,,0.15741107,-0.10512276,-0.052645843,0.52423865,-0.8414587,-0.120254286,0.051117223
,,-0.26568305,2.3899508,-9.545209,1684842549501,,-3.8179048E-4,-5.345067E-4,0.0045051277,,,,,,0.09819815,-0.09662248,-0.021345584,0.5258847,-0.8407465,-0.11764619,0.052146964
,,-0.29407787,2.3899515,-9.539466,1684842549751,,-0.01687514,0.013515383,8.3993905E-4,,,,,,0.047656167,-0.057625763,-0.003983593,0.5273284,-0.84016544,-0.115405515,0.051981132
,,-0.30149564,2.377908,-9.533964,1684842550002,,-0.011377357,0.015347977,-9.926553E-4,,,,,,0.022472674,-0.042646423,0.004660829,0.5279581,-0.83998084,-0.11382311,0.052074604
,,-0.2997409,2.36036,-9.520004,1684842550253,,-0.021762058,0.010461059,0.0075594517,,,,,,0.007023488,-0.03599744,0.011980883,0.52864957,-0.83974975,-0.11235037,0.052078255
,,-0.2564308,2.379104,-9.515618,1684842550504,,-0.00160352,-5.345067E-4,0.0014508038,,,,,,0.013835982,-0.012248746,0.009841379,0.5285404,-0.8398688,-0.11135018,0.053388722
,,-0.22763719,2.4059832,-9.508917,1684842550756,,8.3993905E-4,-0.0066431547,0.005726857,,,,,,0.01036534,-2.530257E-4,0.011157672,0.527855,-0.8402172,-0.11111562,0.05510424
,,-0.20681964,2.436452,-9.5029335,1684842551006,,0.0051159924,-0.002367101,0.020998476,,,,,,0.00490762,0.011768357,0.008712864,0.5270311,-0.8405882,-0.11144065,0.056657076
,,-0.18671994,2.452803,-9.498151,1684842551259,,0.017944153,0.0019089525,0.0014508038,,,,,,0.0052135154,0.008583625,0.008026568,0.5258414,-0.84119123,-0.11186247,0.057970133
,,-0.17858434,2.4580667,-9.504612,1684842551509,,0.014278964,0.0037415468,-0.005268709,,,,,,0.0032344172,0.007114927,0.003630956,0.52481663,-0.84176695,-0.11199197,0.05870521
,,-0.17842478,2.4551158,-9.505966,1684842551762,,0.009392046,0.0025198173,-0.0022143847,,,,,,-1.9444276E-4,0.0036299308,0.0023883502,0.5238863,-0.8423558,-0.111885495,0.058800757
52.54189235,13.3699732,-0.19318058,2.433421,-9.517294,1684842552000,4.656469,-0.007101303,0.011682789,0.0051159924,,,,,,-0.0052919774,0.0050386987,0.0017295202,0.5228337,-0.8431911,-0.11114761,0.057570197
,,-0.18217358,2.4421945,-9.512748,1684842552012,,-0.007101303,-0.0041996953,0.013668099,,,,,,-0.0011451669,0.0011680205,0.0010193507,0.5234154,-0.84273547,-0.11149837,0.05827925
,,-0.19988045,2.4189043,-9.52144,1684842552513,,-0.0040469794,0.0019089525,8.3993905E-4,,,,,,-0.0025616458,0.0025292316,0.0020867349,0.5223045,-0.8436161,-0.110740595,0.056941368
,,-0.20338996,2.4147565,-9.528617,1684842552763,,8.3993905E-4,-0.0017562362,0.0075594517,,,,,,-0.002037561,0.007391508,8.4463754E-5,0.5220063,-0.8438676,-0.11048459,0.056458812
,,-0.20115665,2.4203403,-9.526704,1684842553015,,-9.926553E-4,-5.345067E-4,0.0020616686,,,,,,-3.003478E-5,0.011877314,3.8372676E-4,0.5214012,-0.844245,-0.11057639,0.05622725
,,-0.20211373,2.4268007,-9.529816,1684842553267,,0.0020616686,-0.0035888306,0.003894263,,,,,,4.8128417E-4,0.013752301,-0.0011010488,0.52062386,-0.8446864,-0.11087028,0.056215044
,,-0.20953152,2.4257636,-9.528141,1684842553516,,0.0112246405,-0.0017562362,0.003894263,,,,,,-0.0048568565,0.0062365057,0.0025490443,0.5199345,-0.8450594,-0.1112285,0.056289457
,,-0.20945172,2.4268804,-9.530931,1684842553767,,0.008170316,-5.345067E-4,0.005726857,,,,,,-0.002949447,0.0034275213,-9.162903E-4,0.5200543,-0.84497446,-0.111319624,0.05627532
,,-0.20538394,2.4295924,-9.534362,1684842554019,,0.0045051277,0.0080176005,2.290743E-4,,,,,,-0.0011570125,0.0066220523,-0.001781718,0.5200357,-0.8449954,-0.1112918,0.05618649
,,-0.20897317,2.424966,-9.539066,1684842554270,,0.008170316,-0.0017562362,-9.926553E-4,,,,,,-0.0021095846,0.0070374566,-0.00454394,0.5198546,-0.845147,-0.111087464,0.05598354
,,-0.21064813,2.4175484,-9.54465,1684842554523,,-0.0077121677,-0.0041996953,0.0051159924,,,,,,-0.0019744302,0.005740134,-0.004848035,0.5199213,-0.8451658,-0.110778786,0.055689156
,,-0.21623139,2.4081368,-9.548399,1684842554774,,-0.004657844,0.0012980876,0.005726857,,,,,,-0.0042492915,0.001990978,-0.0042368253,0.51999927,-0.845176,-0.110494584,0.055376712
52.54189232,13.36997331,-0.21663022,2.4111674,-9.5519085,1684842555000,4.6448264,-0.005268709,0.0074067353,0.0026725335,,,,,,-0.0023685321,0.006747556,-0.0025676726,0.5188435,-0.8459106,-0.110502675,0.054961633
,,-0.21615165,2.408057,-9.552307,1684842555024,,-0.0034361144,-0.0011453715,0.0051159924,,,,,,-0.002253052,0.004812757,-0.0053070704,0.5197808,-0.8453463,-0.11035206,0.05510698
,,-0.22173491,2.4139593,-9.553104,1684842555527,,-0.0040469794,0.005574141,-0.0022143847,,,,,,-0.0057066637,0.004896363,-0.0044150036,0.5177792,-0.8465233,-0.110805176,0.05494048
,,-0.22045876,2.4234505,-9.552148,1684842555778,,0.0063377223,0.0049632764,8.3993905E-4,,,,,,-0.0058716154,0.0052671907,-0.0024452845,0.5166265,-0.84716135,-0.11125103,0.05504072
,,-0.22101709,2.4329422,-9.547762,1684842556031,,0.010613776,0.0025198173,0.006948587,,,,,,-0.0072382623,0.005697163,-0.0017466863,0.5156143,-0.8477221,-0.111618444,0.05517931
,,-0.21312074,2.4370105,-9.547043,1684842556283,,0.011835505,-0.0060322895,0.003894263,,,,,,-0.004273377,0.009831253,-0.0010947228,0.51513594,-0.84799975,-0.11170494,0.05522815
,,-0.21248265,2.436213,-9.549516,1684842556535,,0.0045051277,-0.008475749,-9.926553E-4,,,,,,-0.0018474519,0.012887199,-0.0021853128,0.51469916,-0.84828484,-0.111597545,0.055148818
,,-0.21471594,2.4314265,-9.5512705,1684842556788,,-9.926553E-4,-0.002367101,0.0063377223,,,,,,-0.0030815387,0.014135282,-4.7651926E-4,0.5143872,-0.84851754,-0.11137609,0.054925807
,,-0.21718849,2.420978,-9.554142,1684842557039,,0.0026725335,-0.0017562362,0.005726857,,,,,,-0.004339187,0.010381874,-7.829666E-5,0.51420486,-0.8486861,-0.11109611,0.05458959
,,-0.22189443,2.4078972,-9.555497,1684842557290,,0.0014508038,6.8722287E-4,0.005726857,,,,,,-0.0054040905,0.007716894,5.5243174E-4,0.5142085,-0.848752,-0.11078921,0.054155186
,,-0.22819553,2.3968103,-9.557812,1684842557542,,-9.926553E-4,0.0012980876,0.003894263,,,,,,-0.0057146233,0.0038168828,0.0016358058,0.51410735,-0.84887004,-0.11059176,0.053672552
,,-0.23577279,2.3918655,-9.559724,1684842557794,,0.006948587,-0.0011453715,2.290743E-4,,,,,,-0.0055164625,0.0030359267,0.0029537836,0.51352006,-0.84924585,-0.110625364,0.053284347
52.5418923,13.36997335,-0.2533202,2.3752754,-9.557972,1684842558000,4.3359237,0.0051159924,6.8722287E-4,-0.00160352,,,,,,-0.011686997,-0.0024723609,0.0066332817,0.51312333,-0.8495023,-0.110800736,0.052656103
,,-0.24526434,2.3877978,-9.5563755,1684842558044,,0.003894263,0.0037415468,0.0020616686,,,,,,-0.010462486,-6.5741537E-4,0.005789153,0.51315296,-0.8494695,-0.110781565,0.052933753
,,-0.24981073,2.3833313,-9.557013,1684842558548,,0.009392046,6.8722287E-4,0.0063377223,,,,,,-0.0059393174,0.006147965,0.005910937,0.5131438,-0.84951407,-0.110682845,0.05251249
,,-0.24789643,2.3826134,-9.559726,1684842558798,,0.009392046,-0.00481056,0.006948587,,,,,,-0.0027395873,0.008478689,0.004766941,0.5127704,-0.8497694,-0.110492945,0.052416567
,,-0.24263223,2.3787847,-9.563156,1684842559048,,0.0063377223,-0.009697478,0.003894263,,,,,,0.0017002876,0.012406747,0.0042496365,0.51225555,-0.8501238,-0.110232644,0.052239403
,,-0.24725832,2.3751154,-9.563156,1684842559298,,0.0051159924,-0.0035888306,0.006948587,,,,,,-0.0026216472,0.013743202,0.0032489777,0.51171833,-0.8505013,-0.10996315,0.0519094
,,-0.25004995,2.3653052,-9.567862,1684842559550,,-0.004657844,-0.0017562362,0.0032833982,,,,,,-0.0039718347,0.011082062,6.367366E-4,0.5110912,-0.85094047,-0.10966391,0.051507376
,,-0.25132614,2.3625932,-9.573763,1684842559802,,-0.0064904382,7.63581E-5,0.013057235,,,,,,-0.007678238,0.0101865055,-0.004019483,0.5103287,-0.85144323,-0.10951325,0.05109143
,,-0.2600201,2.3522246,-9.574001,1684842560053,,-0.0022143847,-0.0035888306,0.0063377223,,,,,,-0.010365444,0.007399114,-0.0023433685,0.50950253,-0.85196555,-0.10952364,0.0506384
,,-0.26751757,2.349433,-9.573363,1684842560304,,0.0026725335,-0.009086614,0.0045051277,,,,,,-0.009785605,0.004518906,-0.0034680048,0.50894,-0.8523089,-0.1096827,0.050176896
,,-0.28035906,2.3457637,-9.571368,1684842560555,,0.013057235,-0.0011453715,2.290743E-4,,,,,,-0.016669052,7.245461E-4,-8.508047E-4,0.50865775,-0.85247886,-0.109851934,0.04978783
,,-0.28466615,2.3391435,-9.574401,1684842560805,,0.0063377223,0.005574141,-3.8179048E-4,,,,,,-0.015194008,-8.150578E-4,-0.002534326,0.5089866,-0.85230726,-0.109799735,0.04947173
52.54189229,13.36997338,-0.28075784,2.3421748,-9.568739,1684842561000,4.2354627,-0.010766491,7.63581E-5,0.005726857,,,,,,-0.0018808991,0.00999221,0.0015096664,0.50982356,-0.85186195,-0.109489046,0.04918458
,,-0.2830709,2.338665,-9.575758,1684842561056,,-0.004657844,-0.0035888306,2.290743E-4,,,,,,-0.008327134,0.0064361733,-0.0028540294,0.50951374,-0.85202134,-0.10965201,0.049278148
,,-0.2829911,2.3381069,-9.563315,1684842561559,,-0.011988222,0.006185006,8.3993905E-4,,,,,,-0.005177486,0.007553951,0.0064785006,0.5097919,-0.8518913,-0.10941926,0.04915737
,,-0.2746162,2.339064,-9.554223,1684842561810,,-0.013820816,0.0037415468,0.0032833982,,,,,,-0.0058248383,0.010709699,0.013324006,0.5093616,-0.8521346,-0.10944524,0.049302228
,,-0.26177478,2.3507092,-9.538111,1684842562060,,-0.008933897,0.0019089525,0.0026725335,,,,,,-0.003916486,0.016716957,0.019732475,0.50847584,-0.85260075,-0.109693035,0.049749777
,,-0.24582265,2.3665013,-9.522159,1684842562311,,-0.0022143847,6.8722287E-4,0.0026725335,,,,,,0.0025718296,0.017414672,0.024577014,0.5068414,-0.8534535,-0.11025115,0.050482042
,,-0.235374,2.387,-9.50461,1684842562565,,0.0051159924,-0.0072540194,0.0026725335,,,,,,-0.0011346763,0.016115999,0.027451515,0.50490427,-0.85445327,-0.11103704,0.05125751
,,-0.22731818,2.4036703,-9.490414,1684842562816,,0.010002911,-0.00481056,0.0032833982,,,,,,-8.033434E-4,0.0140433395,0.026568318,0.5033034,-0.8552641,-0.11179853,0.051919628
,,-0.21854447,2.4145975,-9.485469,1684842563065,,0.013057235,-0.0029779659,0.0026725335,,,,,,0.0019106641,0.014728403,0.021254826,0.50253785,-0.8556313,-0.11225074,0.052389313
,,-0.22707888,2.4119654,-9.486742,1684842563317,,0.017333288,-0.008475749,-0.00160352,,,,,,-0.0015230194,0.011917242,0.012972832,0.50236964,-0.8557169,-0.11233134,0.05244364
,,-0.23569302,2.3960927,-9.494879,1684842563568,,0.005726857,-0.00481056,0.011835505,,,,,,-0.0019235477,0.006803743,0.002526792,0.50261635,-0.8556349,-0.11206991,0.05194468
,,-0.2482952,2.3775086,-9.505887,1684842563823,,-3.8179048E-4,-0.0072540194,0.006948587,,,,,,-0.005719347,0.006188512,-0.003926468,0.50314486,-0.8554383,-0.11157422,0.05111024
52.54189228,13.36997339,-0.27006996,2.339303,-9.529417,1684842564000,4.181137,-0.0040469794,0.0025198173,2.290743E-4,,,,,,-0.0045101005,0.0038356225,-0.009829966,0.50413394,-0.8550939,-0.11054994,0.049379196
,,-0.26057836,2.35374,-9.518648,1684842564074,,-0.005268709,-0.0072540194,0.0075594517,,,,,,-0.004984863,0.0034646909,-0.0075124423,0.5037693,-0.8551981,-0.111016005,0.050211485
,,-0.27940193,2.3301306,-9.539067,1684842564577,,2.290743E-4,7.63581E-5,8.3993905E-4,,,,,,-0.0055625755,0.0033604542,-0.012929662,0.5038323,-0.8553397,-0.11033131,0.04869781
,,-0.27996024,2.3330023,-9.543295,1684842564827,,0.0032833982,7.63581E-5,0.003894263,,,,,,-0.0029513717,0.0058063506,-0.010462952,0.5032971,-0.85567546,-0.1103462,0.048290502
,,-0.28211385,2.3385851,-9.549594,1684842565077,,0.0075594517,7.63581E-5,0.0045051277,,,,,,-8.877014E-4,0.007356755,-0.008502929,0.50273544,-0.8559976,-0.11046135,0.048170593
,,-0.2884947,2.3425734,-9.552627,1684842565329,,0.005726857,-0.0017562362,8.3993905E-4,,,,,,-0.0034236466,0.0065046865,-0.0077029546,0.50266516,-0.8560377,-0.11050506,0.048093922
,,-0.2908875,2.3429723,-9.554303,1684842565579,,0.008781182,-0.0041996953,2.290743E-4,,,,,,-0.0026372964,0.008022149,-0.0062298137,0.5029621,-0.85588676,-0.11037958,0.047945507
,,-0.2926422,2.335634,-9.5595665,1684842565829,,-3.8179048E-4,-0.0066431547,0.008781182,,,,,,-0.0018945341,0.00938712,-0.0077264467,0.50350434,-0.855613,-0.110109314,0.047725797
,,-0.29671,2.3282962,-9.562119,1684842566080,,-9.926553E-4,0.0019089525,8.3993905E-4,,,,,,-0.0024935002,0.009229795,-0.0049042385,0.50421834,-0.8552424,-0.10984229,0.047437504
,,-0.30197424,2.3177676,-9.568101,1684842566334,,-0.0022143847,6.8722287E-4,-9.926553E-4,,,,,,-0.0035240834,0.0071250517,-0.004989147,0.5049618,-0.8548592,-0.10955088,0.047145996
,,-0.3084349,2.3123438,-9.57153,1684842566585,,-0.0022143847,7.63581E-5,0.0014508038,,,,,,-0.005396081,0.005464935,-0.0062183063,0.50546217,-0.8546031,-0.109373294,0.046873584
,,-0.3085146,2.308436,-9.570173,1684842566835,,0.0032833982,0.0025198173,0.005726857,,,,,,-0.004637941,0.0052191415,-0.002760156,0.5054575,-0.85460955,-0.109439515,0.046654876
52.54189229,13.36997336,-0.30636105,2.314657,-9.57129,1684842567000,4.220564,0.0051159924,-0.0011453715,0.0026725335,,,,,,-0.005634124,0.0050969124,2.4671556E-4,0.5046028,-0.85507196,-0.1098044,0.046577916
,,-0.30995032,2.3098717,-9.571051,1684842567088,,-9.926553E-4,0.0043524117,8.3993905E-4,,,,,,-0.0050482154,0.004345075,-0.0020106952,0.50513387,-0.8547844,-0.10960747,0.04655648
,,-0.3072384,2.3132215,-9.57137,1684842567591,,0.003894263,0.0067958706,-0.004657844,,,,,,-0.0067050396,0.0034620443,0.004722627,0.504275,-0.8552588,-0.10983648,0.046630755
,,-0.30221352,2.3167307,-9.570254,1684842567843,,-3.8179048E-4,0.0074067353,-0.0022143847,,,,,,-0.0032486652,0.0052865585,0.005242189,0.5040796,-0.85538226,-0.10972955,0.04673227
,,-0.29032913,2.3198416,-9.572088,1684842568094,,-0.0077121677,7.63581E-5,0.008781182,,,,,,0.0011525665,0.00993077,0.0050006867,0.5035155,-0.8557082,-0.1096644,0.046977703
,,-0.28315067,2.3285358,-9.572726,1684842568348,,0.0020616686,-0.0011453715,8.3993905E-4,,,,,,0.0011216124,0.0122103775,0.0035811425,0.5026045,-0.85622066,-0.1096742,0.047322087
,,-0.27461627,2.334996,-9.572088,1684842568599,,-0.0077121677,-0.0011453715,0.0045051277,,,,,,0.0013002784,0.011336557,0.0029994964,0.50160336,-0.85677683,-0.10975076,0.047663346
,,-0.27724838,2.3374686,-9.57512,1684842568849,,0.0032833982,0.005574141,0.009392046,,,,,,0.0057757287,0.011916566,0.012098281,0.500652,-0.85729325,-0.10994802,0.04791767
,,-0.27142584,2.3457637,-9.575277,1684842569102,,-0.0028252497,0.0012980876,0.0020616686,,,,,,0.0062951026,0.010911298,0.007517656,0.4997304,-0.8577892,-0.11019377,0.04813325
,,-0.27541387,2.349114,-9.5754385,1684842569354,,8.3993905E-4,6.8722287E-4,0.003894263,,,,,,1.485909E-4,0.0086948555,0.007279142,0.49885315,-0.8582506,-0.11053684,0.04827634
,,-0.28051856,2.3526232,-9.570415,1684842569606,,0.008781182,0.0049632764,0.0045051277,,,,,,-0.0038572366,0.0066677886,0.011511198,0.49849367,-0.8584273,-0.11079819,0.04826704
,,-0.27924237,2.349991,-9.572248,1684842569858,,0.0014508038,0.0074067353,-0.004657844,,,,,,-0.0010512372,0.0061662593,0.010551516,0.4986319,-0.858353,-0.11076693,0.048231862
52.54189229,13.36997335,-0.27198416,2.3555744,-9.570413,1684842570000,4.1734815,0.0020616686,-0.002367101,0.014278964,,,,,,-0.003991343,0.011097249,-1.8568039E-4,0.49902004,-0.8581742,-0.11037362,0.048304044
,,-0.27868405,2.3518257,-9.5722475,1684842570108,,0.003894263,-0.002367101,-0.0022143847,,,,,,-7.2392024E-4,0.011011195,0.010923004,0.49883917,-0.8582533,-0.11060006,0.048246324
,,-0.2699104,2.3554947,-9.57121,1684842570609,,-0.00160352,-0.0011453715,0.0032833982,,,,,,-0.003818121,0.013150374,-1.835823E-4,0.49901718,-0.85819113,-0.110216714,0.048392925
,,-0.26520452,2.3540587,-9.569535,1684842570860,,0.0014508038,-0.0054214248,0.0045051277,,,,,,-0.002108329,0.01394577,0.0018147787,0.49905738,-0.8581799,-0.11009996,0.048442964
,,-0.2668795,2.3525434,-9.572725,1684842571112,,0.0063377223,-0.0011453715,0.005726857,,,,,,-0.0032179886,0.013962332,-9.719213E-4,0.4991802,-0.85812104,-0.109996535,0.04845397
,,-0.27246276,2.3464017,-9.572647,1684842571362,,-9.926553E-4,0.0043524117,0.0020616686,,,,,,-0.007450423,0.010104418,4.594167E-4,0.4995082,-0.85793936,-0.109968305,0.04834438
,,-0.28011984,2.3385055,-9.573684,1684842571614,,0.003894263,0.0012980876,0.008170316,,,,,,-0.008733036,0.0067337276,9.2446007E-4,0.5000118,-0.8576543,-0.10998768,0.048140865
,,-0.28626135,2.3335602,-9.57145,1684842571865,,0.010613776,0.003130682,0.0020616686,,,,,,-0.010640433,0.005242864,0.0041875523,0.50066954,-0.8572895,-0.10992824,0.047922608
,,-0.28666016,2.331566,-9.573203,1684842572117,,0.02527453,0.009850195,0.0032833982,,,,,,-0.008742686,0.0108625805,0.004239241,0.5016631,-0.8567577,-0.10964155,0.047680996
,,-0.26759732,2.310988,-9.574081,1684842572369,,0.0020616686,0.05261073,-0.008933897,,,,,,0.0019298707,0.00648458,2.4019877E-4,0.5025735,-0.8563177,-0.10886034,0.047764637
,,-0.19525431,2.2787645,-9.58166,1684842572619,,-0.15493058,-0.026190827,-3.8179048E-4,,,,,,0.04051011,-0.019014485,-0.0038016955,0.5036448,-0.8557649,-0.10767548,0.04893557
,,-0.06739782,2.235375,-9.601919,1684842572872,,-0.27832526,-0.22838707,0.08758274,,,,,,0.12684284,-0.0926197,-0.019551912,0.5047664,-0.8548794,-0.108019516,0.051630877
52.54189229,13.36997329,0.11006984,2.6065814,-9.442478,1684842573000,4.317097,-1.5281546,0.5632937,0.08575014,,,,,,0.29542643,-0.24822937,-0.074262634,0.50158364,-0.8510673,-0.1306588,0.06551172
,,0.06532406,2.2152753,-9.608538,1684842573122,,-0.65156364,-0.48678288,0.33559385,,,,,,0.25217053,-0.23044519,-0.0668012,0.5052852,-0.8537254,-0.11218248,0.0551614
,,0.45016968,3.4104106,-8.946524,1684842573625,,-0.66561353,-0.30291256,-0.4163807,,,,,,0.5251644,-0.27700186,-0.0886594,0.49354294,-0.84073555,-0.16846576,0.09451249
,,0.478405,4.5242696,-8.19789,1684842573876,,-0.24778202,-0.5661953,0.13889538,,,,,,0.61469746,-0.16137354,-0.06293534,0.48331815,-0.8247607,-0.22144014,0.12233519
,,0.24574293,5.635656,-7.313583,1684842574129,,0.40950847,0.42035133,0.47426015,,,,,,0.45074826,-0.0782125,0.022180017,0.46725765,-0.8098683,-0.27938473,0.14765167
,,0.23353952,6.7264633,-6.604828,1684842574380,,0.31971136,0.23098324,0.37652177,,,,,,0.2942434,0.0886662,0.06605628,0.44468537,-0.8016147,-0.32817024,0.17561194
,,0.46731827,7.556055,-6.241678,1684842574632,,1.4113268,0.6078868,-0.3504073,,,,,,0.17437372,0.2600628,0.0047329743,0.42305377,-0.7986908,-0.35901186,0.20568877
,,0.7313264,7.586124,-6.1914277,1684842574883,,0.53901184,0.6708059,0.0692568,,,,,,-0.016019642,0.28805485,8.169174E-4,0.42108634,-0.79760844,-0.34776264,0.2280625
,,0.849452,6.965826,-6.530492,1684842575136,,-1.3143519,0.031841327,-0.64973104,,,,,,-0.39912722,0.18859665,-0.046905614,0.42998827,-0.80121607,-0.30652398,0.23461932
,,1.2332608,6.5567327,-6.829196,1684842575388,,-0.80061466,-0.49594584,-0.65339625,,,,,,-0.5362816,0.031342063,-0.09138905,0.44513932,-0.7994761,-0.27133998,0.25278547
,,1.3822538,6.566384,-7.0412793,1684842575640,,0.18944444,0.33788458,0.28947353,,,,,,-0.6303353,0.084604755,-0.18013611,0.46657017,-0.7884252,-0.25235936,0.27298313
,,1.468874,6.5608,-7.063134,1684842575893,,1.0397682,0.64209527,0.34017533,,,,,,-0.58064973,0.1296191,-0.16228935,0.4952856,-0.7723116,-0.23806922,0.28786764
52.54184453,13.36999541,1.5498313,6.1853666,-7.1336427,1684842576000,4.8183637,-0.6822596,-0.16668972,0.46357,,,,,,-0.6073981,0.1662827,0.077740304,0.5497777,-0.74546844,-0.19879939,0.29422158
,,1.5252649,6.4394045,-7.1164947,1684842576143,,1.2700642,0.025121814,-0.010461059,,,,,,-0.5795104,0.19090538,-0.0665777,0.52836996,-0.7572388,-0.21505933,0.29492542
,,1.5485549,6.4346995,-6.8916483,1684842576645,,-1.7573816,0.08315397,-0.96218836,,,,,,-0.52434546,0.16429928,0.17766753,0.55837667,-0.73542154,-0.20879339,0.30047944
,,1.250888,7.0388865,-6.803193,1684842576896,,0.37026042,-0.41775516,0.007864884,,,,,,-0.60281295,0.5344832,0.065302916,0.5610825,-0.7242042,-0.22650178,0.3063332
,,1.412882,6.9490757,-6.750551,1684842577146,,1.2731186,1.1277328,0.27359107,,,,,,-0.55149245,0.4507754,0.13922559,0.56490105,-0.72056675,-0.2220764,0.3115512
,,1.7704495,6.4918876,-7.1014185,1684842577400,,1.727602,0.26396993,0.14469859,,,,,,-0.46869618,0.3230596,0.08576223,0.57693475,-0.7197087,-0.19280152,0.31192282
,,1.7837697,5.9294944,-7.0832334,1684842577652,,-1.8392375,-0.11476622,-0.36781695,,,,,,-0.66761297,0.120956995,0.23125839,0.58834136,-0.71599674,-0.1668022,0.3070971
,,1.881078,6.5866423,-6.8060637,1684842577902,,-1.136743,-0.61995137,-0.8552871,,,,,,-0.5311028,0.23776874,0.12148616,0.5923265,-0.70197135,-0.18569325,0.32500952
,,1.4735798,7.2917275,-6.5628743,1684842578152,,0.4502837,0.6078868,0.3804924,,,,,,-0.6494491,0.5276239,0.057672184,0.5999103,-0.68204343,-0.21106407,0.3373128
,,1.7501105,6.883991,-6.5726056,1684842578402,,1.6720133,0.5003746,0.20028728,,,,,,-0.50083196,0.26140273,0.25368077,0.61130536,-0.6793659,-0.19586864,0.3349312
,,1.9791834,6.2345,-6.9844103,1684842578654,,-0.14042254,0.35437793,0.17646356,,,,,,-0.49774715,0.25072682,0.2924406,0.6261643,-0.6841688,-0.15437318,0.32003194
,,1.8758931,5.964191,-6.9207606,1684842578904,,-2.0841942,-0.21555892,-1.0654246,,,,,,-0.6370233,0.093923666,0.36616313,0.63084996,-0.68315154,-0.14429228,0.31622934
52.54177478,13.37008602,0.9627124,7.3199635,-6.0765743,1684842579000,4.985234,0.14485131,-0.15263984,-0.08926262,,,,,,-0.6554932,0.33193347,0.18365745,0.62886024,-0.6453257,-0.22327007,0.3437601
,,1.511945,7.0357766,-6.5480394,1684842579154,,-0.48739374,0.044669487,-0.47227484,,,,,,-0.5676164,0.4145153,0.15879722,0.62771124,-0.6648305,-0.1897974,0.33635506
,,0.77056885,7.3541813,-5.7611995,1684842579658,,-0.36460993,-0.23449571,-0.43684468,,,,,,-0.49803704,0.18100472,0.1877389,0.634779,-0.62823313,-0.23798917,0.34689814
,,0.052562222,7.5958567,-5.1642694,1684842579909,,-0.37132943,-0.5295434,-0.43623382,,,,,,-0.55333406,0.09683793,0.21073142,0.64037555,-0.59942496,-0.27247545,0.35218614
,,-0.8447462,8.4832735,-4.1341596,1684842580160,,0.062384564,-0.6095667,-0.08926262,,,,,,-0.4459546,0.19516246,0.28310135,0.63898164,-0.5603512,-0.3446698,0.36508074
,,-1.9231914,9.322677,-3.0715866,1684842580414,,0.053221595,-0.16119194,-0.10453424,,,,,,-0.44947073,0.40146387,0.427812,0.6327018,-0.5272187,-0.42113355,0.365419
,,-2.6040292,9.465288,-2.384607,1684842580666,,0.2700786,-0.18745913,-0.049556404,,,,,,-0.34052983,0.4133181,0.69483626,0.6274108,-0.511911,-0.4644891,0.3454537
,,-3.0084164,9.323873,-1.8711874,1684842580915,,0.40752316,-0.5209913,0.18012875,,,,,,-0.138511,0.29646668,0.97250664,0.6179273,-0.5110695,-0.4962505,0.31721848
,,-3.5352361,9.437612,-1.4234104,1684842581165,,0.661032,-0.6388882,0.066507906,,,,,,-0.13672927,0.44417658,1.2987955,0.5976897,-0.5250208,-0.525943,0.27960402
,,-3.56714,9.514101,-1.3717254,1684842581416,,1.352531,-1.0817652,0.6822596,,,,,,0.026812442,0.5876282,1.4244937,0.56318486,-0.55874276,-0.545384,0.23478428
,,-3.342135,9.419585,-1.7998813,1684842581669,,2.2046874,-0.5820778,1.2063816,,,,,,0.11108683,0.66249746,1.4618907,0.5089644,-0.61654454,-0.5417458,0.18491122
,,-2.9661431,8.969655,-3.093122,1684842581923,,-0.22227842,0.5333613,0.45135272,,,,,,0.0328087,0.73603445,1.1964468,0.40377626,-0.50158805,-0.4435015,0.13635555
52.54167155,13.3702125,-1.8845872,8.242238,-4.610331,1684842582000,4.1918917,-1.0261765,-0.7402918,-0.45272717,,,,,,0.047379933,0.5005925,0.9249241,0.23095426,-0.51034033,-0.32316676,0.06563476
,,-2.23362,8.122596,-4.00072,1684842582175,,-1.7140102,-0.13309216,-0.598113,,,,,,0.14113334,0.34277973,1.1507016,0.32253876,-0.5713882,-0.40528265,0.0982918
,,-1.5850855,8.39458,-4.8813577,1684842582677,,0.15767947,-0.16180281,0.045127634,,,,,,0.12154253,0.62411463,0.63347614,0.11991381,-0.2764058,-0.12941445,0.047052488
,,-1.5449661,8.272707,-4.8185062,1684842582931,,0.8998802,-0.061620984,0.2277762,,,,,,0.047969878,0.44824395,0.5344429,0.026756806,-0.02826344,0.06122816,0.040884558
,,-1.3925432,8.195337,-4.9582477,1684842583183,,1.9548436,-0.4134791,1.0096831,,,,,,0.075196035,0.3442932,0.3219929,-0.03149854,0.25274053,0.22134976,0.043010548
,,-1.361915,7.991868,-4.825685,1684842583435,,-1.010294,0.18516839,0.45074186,,,,,,0.09100497,0.13213523,0.43718478,-0.014367771,0.37807217,0.26419726,0.050991643
,,-1.5688144,8.26808,-4.853441,1684842583687,,0.8216895,-0.04818196,0.15569416,,,,,,-0.13712077,0.369909,0.40173352,-0.01441238,0.68958783,0.3761775,0.05164143
,,-1.4415958,7.807861,-5.423013,1684842583938,,-0.3194059,0.22243114,-0.22915065,,,,,,-0.2774336,0.30363843,0.28288695,-8.6751056E-4,0.8779955,0.44150874,0.049568173
,,-1.0437495,7.0297947,-6.2868223,1684842584190,,0.057497647,0.08193224,0.07811433,,,,,,-0.40172765,0.034545787,0.29464367,0.036927633,0.9032079,0.397907,0.04102454
,,-0.7537392,6.606025,-7.1934633,1684842584443,,0.023900084,0.19921827,0.06345358,,,,,,-0.6372407,0.08168866,0.19589405,0.042926013,0.61465263,0.24271955,0.030447608
,,-0.5664608,6.254838,-7.6325455,1684842584693,,0.0043524117,0.07032581,-0.3097848,,,,,,-0.8337714,0.030711984,0.16862996,0.03872845,0.3140839,0.10355961,0.024486175
,,-0.32087755,6.475456,-7.5680985,1684842584944,,0.02328922,0.07460186,-0.066049755,,,,,,-0.77769744,0.115664415,0.1170624,0.02407764,-2.1274884E-5,-0.0046760966,0.019476457
52.54161839,13.37008722,-0.10217353,6.325107,-7.6189065,1684842585000,3.9086413,-1.891161,0.27130032,-0.67508197,,,,,,-0.64149356,0.018407362,0.058597248,0.0020566934,-0.6262996,-0.2255204,0.021181168
,,-0.2532404,6.5135016,-7.682077,1684842585194,,0.5107593,0.027565273,-0.21693335,,,,,,-0.8108053,0.17762358,-0.015689898,0.009245378,-0.31198886,-0.118734926,0.017772485
,,-0.08606186,6.6191864,-7.1301336,1684842585698,,-1.2112685,-0.7726676,-0.7465531,,,,,,-0.5054023,-0.036989197,0.13191368,0.008807743,-0.9284619,-0.35865515,0.027676186
,,-0.4039882,7.3363943,-6.4530435,1684842585948,,-0.22166756,0.25053093,-0.04894554,,,,,,-0.34945053,0.1884967,-0.00531977,-0.004250306,-0.6415444,-0.20236187,0.029895812
,,-0.73308104,7.7513103,-5.5688176,1684842586199,,0.55657417,-0.2711476,0.009086614,,,,,,-0.13322453,0.12592389,-8.079211E-4,-0.024124116,-0.35861164,-0.040771745,0.02805614
,,-0.9559326,8.219427,-4.8913283,1684842586450,,1.5144101,-0.029856017,0.68287045,,,,,,0.012655135,0.18318042,0.039125897,-0.0473899,-0.06687401,0.11039695,0.025142984
,,-1.0364909,8.19813,-4.762275,1684842586702,,0.94569504,0.12041672,0.6608793,,,,,,0.13398962,0.07137307,0.081996426,-0.05775512,0.24234007,0.23233913,0.023376899
,,-1.2449057,8.346404,-4.7338805,1684842586953,,0.04650208,0.4240165,-0.042836893,,,,,,-0.0034703135,0.20944116,0.09176497,-0.06547909,0.5575419,0.3390657,0.019667424
,,-1.2969097,8.019146,-5.2175493,1684842587203,,-0.3475057,0.21815509,0.01763872,,,,,,-0.111620285,0.2452976,-0.027693233,-0.085370965,0.54580146,0.36179826,0.013361619
,,-1.00347,7.3426948,-5.9371514,1684842587455,,0.10942116,-0.09644028,0.22288929,,,,,,-0.21939878,0.08510971,0.07927725,-0.058382723,0.25797984,0.20656194,0.011938916
,,-0.7298907,6.843791,-6.8152375,1684842587706,,-0.00481056,0.13080142,-0.2438114,,,,,,-0.414616,0.10028647,0.12927558,-0.028381282,-0.02633764,0.047914702,0.013123799
,,-0.48749778,6.3091564,-7.568178,1684842587956,,0.076434456,0.07093667,-0.012293654,,,,,,-0.5100602,0.052530624,0.06350214,0.004782612,-0.3187675,-0.10066584,0.016178316
52.54155887,13.37001584,-0.1151745,6.2119274,-7.743333,1684842588000,4.0577393,0.10331251,-0.13675736,-0.1344666,,,,,,-0.27922532,0.07109402,0.061346803,0.035341147,-0.94320625,-0.3277178,0.021047778
,,-0.3327619,6.171808,-7.708558,1684842588207,,-0.044516772,0.08987348,-0.08620829,,,,,,-0.46719578,0.05010031,0.08280039,0.02407722,-0.6288021,-0.21916217,0.018081777
,,-0.067238286,6.240881,-7.750033,1684842588710,,-0.110490166,0.0019089525,0.19173518,,,,,,-0.2220646,0.10338911,0.06974168,0.04661503,-0.9429944,-0.32693586,0.024472443
,,0.029910278,6.1852875,-7.702974,1684842588962,,-0.06772963,-0.06467531,0.20395248,,,,,,-0.108318575,0.038548566,0.10598313,0.052682836,-0.94272494,-0.32715446,0.02631295
,,0.094197474,6.227162,-7.7318487,1684842589214,,-0.09277509,-0.06895136,0.25465426,,,,,,-0.027309926,0.051995024,0.049072776,0.055783056,-0.9419618,-0.3291545,0.02691447
,,0.047058865,6.2904906,-7.663813,1684842589464,,-0.012140937,0.16317725,0.03413207,,,,,,-0.11320324,0.05707674,0.047986396,0.05178292,-0.94092005,-0.3324414,0.027759988
,,0.022093734,6.333482,-7.688299,1684842589716,,0.6121629,-0.33956447,-0.19249876,,,,,,-0.18339482,0.06126628,-0.012548065,0.049539663,-0.9398743,-0.335528,0.03006682
,,-0.2782055,6.250532,-7.614919,1684842589967,,-1.5484658,0.12041672,-1.1937062,,,,,,-0.42224005,-0.09880746,0.0068118414,0.049786568,-0.9387047,-0.3385267,0.027215838
,,-0.8065407,6.640562,-7.080602,1684842590220,,0.016569708,-0.38599017,-0.7483857,,,,,,-0.5652122,-0.017517503,0.11948671,0.005358945,-0.6390318,-0.20527187,0.02890249
,,-1.6348561,6.8647685,-6.3730445,1684842590472,,0.7948114,-0.5778017,0.1740201,,,,,,-0.66391766,-0.11721967,0.43773422,-0.04194119,-0.34429795,-0.06653663,0.040175494
,,-2.1761923,7.8191056,-5.7935023,1684842590723,,-1.1935534,0.7911462,-0.25053093,,,,,,-0.5854519,0.30754244,0.628825,-0.08172969,-0.053193126,0.08024163,0.051461533
,,-2.4925234,8.197651,-5.034578,1684842590974,,-0.6889791,0.1674533,0.27053675,,,,,,-0.2406778,0.32984412,0.522058,-0.12788272,0.22820252,0.23968305,0.0521165
52.54151329,13.36996454,-2.7789447,9.399405,-3.0522044,1684842591000,4.041382,0.3568214,-0.65049464,0.37621635,,,,,,0.33956733,0.47094154,0.3277547,-0.15644988,0.5876356,0.40075395,0.047254417
,,-2.7660232,8.746644,-4.041078,1684842591225,,-0.38965538,-0.6266709,0.1740201,,,,,,0.007966781,0.3340735,0.46794498,-0.11539013,0.31285748,0.23001644,0.046281286
,,-2.5584064,9.639485,-2.3466415,1684842591729,,0.58956087,-0.84658223,0.11415535,,,,,,0.57003653,0.40149996,0.2572095,-0.13375978,0.56539047,0.43489832,0.05818198
,,-2.0596619,10.008859,-1.9634706,1684842591982,,-0.15080725,0.06360629,0.14897464,,,,,,0.7239466,0.5264981,-0.18009402,-0.09333924,0.5478062,0.46443787,0.06762678
,,-1.7967705,9.607821,-1.4033109,1684842592233,,-0.30596688,0.28596106,0.15691589,,,,,,0.71001047,0.064657755,-0.47583675,-0.05527588,0.53181857,0.48939773,0.07514668
,,-1.5566107,9.7825775,-0.98265266,1684842592486,,-0.23327398,-0.11415535,-0.05627592,,,,,,0.6323046,0.045323275,-0.48765168,-0.012083792,0.522438,0.5059453,0.08934858
,,-1.5160127,9.902617,-0.6864212,1684842592737,,0.575511,-0.16546799,0.044516772,,,,,,0.46349302,0.12546498,-0.518145,-0.02732191,0.7089527,0.6904472,0.11165932
,,-1.5293328,9.962515,-0.75740814,1684842592988,,0.5639045,-0.35483608,0.21678063,,,,,,0.3057427,0.15478557,-0.4173896,0.005535793,0.71620864,0.6833791,0.12921578
,,-1.4669598,9.608858,-1.2136397,1684842593238,,-0.28397575,-0.21067199,-0.34032804,,,,,,0.21971469,-0.16453974,-0.4813445,0.026410855,0.7300321,0.66541356,0.13607869
,,-1.6122042,9.664851,-1.5246269,1684842593492,,-0.28397575,0.5779544,-0.19127703,,,,,,0.0010222713,-0.099883765,-0.33882153,0.0359388,0.7434773,0.6485349,0.13601078
,,-1.4782861,9.726107,-1.6061423,1684842593745,,-0.4568505,0.9915099,-0.10331251,,,,,,0.06421266,0.01207455,-0.035121426,0.0319712,0.7569209,0.6343653,0.1268762
,,-1.6094924,9.594103,-1.9911475,1684842593997,,-0.1343139,-0.04329504,-0.08071051,,,,,,-0.042096414,-0.09927608,-0.040257744,0.017675566,0.7690085,0.62205243,0.11380254
52.54151652,13.36994684,-1.582214,9.4502125,-2.2839494,1684842594000,3.7900925,-0.25648686,-0.7128028,0.37743807,,,,,,-0.062351692,-0.2060125,0.03819311,-0.019145615,0.78132576,0.6122907,0.08027734
,,-1.754577,9.406345,-2.3251855,1684842594248,,-0.17157665,-0.35727954,0.3456731,,,,,,-0.16599128,-0.25436547,0.008325287,-0.0035755753,0.7812601,0.6104528,0.09591078
,,-1.4534003,9.760404,-2.013002,1684842594750,,-0.08300125,-0.08605558,0.0029779659,,,,,,-0.094389886,0.037874285,0.012852422,-0.032692272,0.7722985,0.6268121,0.06166267
,,-1.0544373,9.713185,-1.7138993,1684842595003,,-0.06223185,0.09048434,-0.1381318,,,,,,0.10674729,-0.059052847,0.001071171,-0.043580722,0.76328665,0.6414929,0.040905412
,,-0.98081803,9.688379,-1.7148563,1684842595253,,0.03733911,-0.23205225,-0.15218168,,,,,,0.07721215,-0.14158998,-0.2300384,-0.0463822,0.7558975,0.6512999,0.031200347
,,-0.9344771,9.832029,-1.3593627,1684842595504,,0.41179922,0.54985464,-0.3739256,,,,,,0.019957801,-0.019084835,0.025714375,-0.037898924,0.7535579,0.65477586,0.031078331
,,-0.6056233,9.922637,-1.2773685,1684842595755,,0.52053314,0.14179699,-0.27924156,,,,,,0.31034908,0.07607501,0.22079407,-0.032488305,0.75683254,0.6512306,0.032869406
,,-0.86572325,9.709198,-1.7217956,1684842596006,,0.028787002,-0.041462447,0.098272875,,,,,,0.16881149,-0.02962645,0.087104775,-0.031116946,0.7664058,0.6384143,0.039599884
,,-1.0984652,9.560045,-2.0757737,1684842596256,,0.16928591,-0.13797908,-0.20777038,,,,,,0.14948265,-0.054216973,0.09000147,-0.03195185,0.778491,0.6216549,0.050807707
,,-1.4063416,9.381939,-2.607858,1684842596509,,0.076434456,-0.25954118,0.18501566,,,,,,0.12548465,-0.09747688,-0.06668344,-0.030327009,0.7911231,0.6027122,0.06987735
,,-1.7682163,9.242995,-2.9694128,1684842596759,,-0.021914775,-0.008475749,-0.08132137,,,,,,0.024804609,-0.089452,-0.0040941397,-0.02141475,0.8036931,0.5830573,0.09206628
52.54151726,13.36993969,-2.4081368,8.912148,-3.8106496,1684842597000,3.7900925,-0.047571093,0.11491894,-0.0080176005,,,,,,-0.12580119,-0.15907164,-0.24489097,0.011932373,0.82363087,0.5466096,0.14723441
,,-1.9131415,9.066964,-3.4814768,1684842597010,,0.08926262,-0.2173915,5.345067E-4,,,,,,0.0956676,-0.13571566,-0.14593233,-0.01334395,0.81513774,0.5646481,0.11164717
,,-2.3262222,8.904491,-3.840958,1684842597259,,-0.0054214248,-0.11110103,-0.015958842,,,,,,-0.15230952,-0.19164519,-0.28716648,-1.0603778E-4,0.8222283,0.55167013,0.1313116
,,-2.3987248,8.932406,-3.8211777,1684842597762,,0.10758856,-0.2711476,0.34445137,,,,,,-0.03750217,-0.094409466,-0.20675586,0.020539703,0.82423097,0.54292023,0.15863235
,,-2.392982,9.019824,-3.4973495,1684842598012,,-0.76839155,-0.27420193,0.62239486,,,,,,-0.043142222,-0.053030174,-0.006835691,0.038204543,0.82178277,0.54258144,0.16555853
,,-2.1427727,9.127581,-3.1566918,1684842598265,,0.22365287,-0.79588044,-0.13385575,,,,,,-0.09483338,-0.040105853,-0.02901663,0.06626834,0.8077332,0.5536894,0.17345509
,,-2.0114865,9.492007,-2.6792438,1684842598517,,-1.3419936,-3.3156977,-0.33483025,,,,,,-0.08278292,0.056098904,-0.08060033,0.10492537,0.7878155,0.5615327,0.19627585
,,-1.6159528,10.168459,-2.3235104,1684842598774,,-2.699335,-0.12820524,1.480049,,,,,,0.52477914,0.81136286,-0.018882226,0.16816635,0.7480508,0.55939835,0.2448149
,,-0.66911316,10.131211,-0.65906334,1684842599024,,1.3836851,-4.040183,1.5221987,,,,,,1.1004344,0.68773293,0.37068516,0.24077028,0.6740576,0.54851735,0.3236521
,,-0.27565303,9.641321,0.8773685,1684842599276,,-2.039601,-1.1959969,-3.4276385,,,,,,0.6983433,0.26129475,0.6503786,0.325174,0.54820484,0.51521546,0.42302498
,,-0.057587232,8.833742,2.6321845,1684842599528,,-0.17279838,-0.18073961,-0.6298779,,,,,,0.40857646,-0.0056717712,0.49439278,0.35995147,0.4138264,0.44062832,0.5496776
,,-0.1071187,8.110711,4.44395,1684842599804,,0.28351763,-2.158109,-2.4917939,,,,,,0.42945057,0.10766961,0.6287102,0.36834827,0.29638785,0.33242193,0.67673814
52.54152136,13.36992487,-0.7555735,4.0288744,8.53137,1684842600000,3.7900925,-0.49044806,-0.34506226,0.2851975,,,,,,-0.50016034,-0.5310469,0.16673854,0.25590354,0.037335746,-0.009380754,0.9326622
,,-0.032223303,6.79394,6.0216184,1684842600064,,-0.28275403,-0.13248129,-0.5125919,,,,,,0.5219142,0.023934448,0.49262574,0.35546225,0.18576412,0.20898059,0.7887265
,,-0.05878357,5.158846,7.9070826,1684842600317,,0.155236,0.5840631,0.10071633,,,,,,0.029181961,-0.59588677,0.46299803,0.31006423,0.09295536,0.09439181,0.8759176
,,-0.8515259,3.4937599,9.279207,1684842600896,,0.18211406,0.27924156,-0.10881029,,,,,,-0.07616541,-0.021766067,-0.07277217,0.18583551,0.028656747,-0.087547705,0.96986777
,,-0.6540383,3.0169508,9.560523,1684842601150,,0.5913935,0.21693335,-0.36903867,,,,,,0.35982868,0.07618085,0.069473185,0.15559302,0.029331783,-0.12754075,0.97678673
,,-0.5717251,2.6817958,9.441042,1684842601400,,0.3739256,-0.09155336,-0.123471044,,,,,,0.49959758,-0.019162655,-0.16222568,0.14390562,0.028467981,-0.14990821,0.97707975
,,-0.689452,2.6963918,9.763596,1684842601651,,-0.6920334,-0.101327196,-0.07154754,,,,,,0.27330813,-0.0554603,0.31325048,0.14668414,0.027733337,-0.15171677,0.97640103
