92#1#0
key,lat,lon,ts,bike,childCheckBox,trailerCheckBox,pLoc,incident,i1,i2,i3,i4,i5,i6,i7,i8,i9,scary,desc,i10
,,,,1,0,0,2,-5,0,0,0,0,0,0,0,0,0,0,,0

=========================
92#1
lat,lon,X,Y,Z,timeStamp,acc,a,b,c,obsDistanceLeft1,obsDistanceLeft2,obsDistanceRight1,obsDistanceRight2,obsClosePassEvent,XL,YL,ZL,RX,RY,RZ,RC
52.54811500000001,13.055946666666667,4.7617335,2.0003002,-7.802833,1683526238000,2.4,-0.2395417,0.6806555,-0.0025313082,,,,,,-0.10144577,-0.020724583,0.237906,-0.503107,-0.650647,-0.22178261,0.14267606
,,4.3198667,2.0028665,-7.5997005,1683526238431,,0.25166532,1.7668532,0.74833465,,,,,,-0.2788638,-0.20895125,0.5398811,-0.49661496,-0.6589454,-0.219141,0.12756406
,,5.2548337,2.0464334,-7.6486673,1683526238681,,0.17972289,-0.066613376,-0.2728484,,,,,,0.014503686,-0.063265726,0.11948427,-0.49028805,-0.6512686,-0.23769042,0.16020823
,,5.7327,2.0594337,-7.7212663,1683526238934,,-0.1300293,-1.3850253,-0.3490541,,,,,,0.22479393,-0.06872808,-0.1265355,-0.48196036,-0.65175617,-0.2467708,0.17393808
,,4.8986998,2.2123003,-7.6737,1683526239183,,-0.04756195,-0.1538769,-0.16706635,,,,,,-0.061016988,-0.14470252,0.20916827,-0.47866926,-0.663738,-0.23573487,0.14420876
,,4.3250995,2.2471337,-7.561,1683526239435,,0.083000265,1.6827871,1.0708766,,,,,,-0.34273115,-0.26090184,0.44298485,-0.47641212,-0.66926354,-0.23192358,0.12762573
,,5.1560993,2.1238334,-7.6072335,1683526239688,,0.071276315,-0.14108713,-0.13429257,,,,,,-0.17226762,-0.17419429,0.046398718,-0.5493444,-0.7667935,-0.27071095,0.16278847
,,5.6942,2.084967,-7.7423015,1683526239938,,-0.09352518,-1.3887557,-0.31148416,,,,,,0.0027002017,-0.04185031,-0.26498666,-0.5493592,-0.7609423,-0.27651528,0.18379998
,,4.8918333,2.1726003,-7.7186346,1683526240190,,-0.017852385,-0.47695178,-0.39714894,,,,,,-0.21111241,-0.08453356,0.093718976,-0.5159526,-0.71506846,-0.24993405,0.15336329
,,4.065666,2.1297,-7.5999,1683526240443,,0.19344525,2.05409,1.0249134,,,,,,-0.55180615,-0.23930822,0.4581796,-0.4818456,-0.66673064,-0.22682944,0.12839298
,,4.916967,2.0733333,-7.6712008,1683526240699,,0.117372766,-0.024780177,-0.27604583,,,,,,-0.254011,-0.09021257,0.08531559,-0.4839444,-0.655227,-0.2388535,0.15809645
,,5.582399,2.0163,-7.7761664,1683526240950,,-0.4521716,-1.2258193,-0.34638956,,,,,,0.027442995,0.07963655,-0.19836567,-0.4863606,-0.6476305,-0.24313584,0.18112259
52.54804333333333,13.056125000000002,4.9206,2.0814333,-7.7974,1683526241000,2.5,-0.17918998,-0.26965094,-0.34372503,,,,,,-0.071721904,0.0020275314,0.112194985,-0.4892495,-0.6565894,-0.22831988,0.15149109
,,4.1436667,2.1254,-7.610067,1683526241451,,0.052757792,2.1910472,1.1301625,,,,,,-0.39389935,-0.15337108,0.5138601,-0.48977745,-0.6632805,-0.22063927,0.1255345
,,4.9692664,2.0613334,-7.6153336,1683526241702,,0.11470823,0.071276315,-0.27764454,,,,,,-0.15547357,-0.08710758,0.17256255,-0.52578735,-0.7071509,-0.24804807,0.1548551
,,5.787267,1.9864334,-7.7209334,1683526241954,,-0.20410338,-1.3581135,-0.3177458,,,,,,0.14653943,0.03955671,-0.1843058,-0.5624184,-0.75345355,-0.2690152,0.18313555
,,4.980067,2.0039668,-7.720633,1683526242205,,-0.008926192,-0.46802557,-0.17545964,,,,,,-0.1195227,-0.09196415,0.12587477,-0.5632002,-0.76320094,-0.25519082,0.15489478
,,4.1590333,2.0390334,-7.5611005,1683526242456,,-0.075006664,2.30842,1.2560618,,,,,,-0.48661822,-0.27922764,0.5016224,-0.56302065,-0.77046716,-0.24843472,0.12835641
,,4.8922334,1.9270332,-7.564567,1683526242707,,0.0,-0.06501465,-0.06394884,,,,,,-0.3468553,-0.24616385,0.1320557,-0.5627914,-0.75821644,-0.2656987,0.15828146
,,5.6798334,1.8648666,-7.7178335,1683526242958,,-0.06341594,-1.5130563,-0.300826,,,,,,-0.07451188,-0.0521502,-0.27970898,-0.5677413,-0.74562925,-0.27533156,0.18667036
,,4.9574,1.8136667,-7.7925,1683526243209,,-0.16013856,-0.69491076,-0.3421263,,,,,,-0.30975914,-0.15483879,-0.033789746,-0.57572883,-0.75028265,-0.25958672,0.16187471
,,4.1887,1.8662335,-7.6117997,1683526243460,,-0.23687716,2.7833734,1.0254463,,,,,,-0.626729,-0.18009713,0.41115266,-0.58503497,-0.7519864,-0.24742931,0.13716629
,,5.0320334,1.7929999,-7.5941,1683526243711,,0.36011192,-0.30562216,-0.3362643,,,,,,-0.33231717,-0.016903412,0.13028726,-0.59205943,-0.73627794,-0.2602863,0.16551624
,,5.8153,1.7404667,-7.781833,1683526243962,,-0.46482813,-1.2915001,-0.50026643,,,,,,0.045569085,0.16816185,-0.23113641,-0.59628034,-0.7273562,-0.26549113,0.18892549
52.54798000000001,13.056311666666666,4.9311004,1.8932334,-7.730868,1683526244000,2.5,-0.26538768,0.024247268,-0.08033573,,,,,,-0.21521474,0.13692497,0.19150522,-0.5970805,-0.7393787,-0.24889402,0.15634485
,,4.2877336,1.9109,-7.6014004,1683526244462,,0.059152678,1.805489,0.9942713,,,,,,-0.43076342,-0.11156381,0.530037,-0.59420073,-0.7487845,-0.24318625,0.13057315
,,4.964033,1.9757667,-7.5091653,1683526244713,,0.21302958,-0.16173728,-0.23634426,,,,,,-0.27768314,-0.0032326123,0.2640307,-0.58905,-0.7405392,-0.26209036,0.15536417
,,5.7348003,2.0113,-7.6971326,1683526244963,,-0.15654144,-1.815481,-0.48960832,,,,,,0.08596405,0.047414545,-0.166086,-0.5841402,-0.7362042,-0.2764878,0.17437588
,,4.7474666,2.1094003,-7.6854672,1683526245214,,-0.2395417,0.34052756,-0.19717559,,,,,,-0.26303306,-0.12727974,0.17188266,-0.5424463,-0.6969353,-0.2503735,0.14027318
,,4.2190003,2.2028,-7.470267,1683526245467,,0.37223554,1.7467359,0.8577138,,,,,,-0.47637883,-0.23629706,0.51964676,-0.542434,-0.7013862,-0.24743743,0.120415024
,,5.076634,1.9721668,-7.5680003,1683526245718,,0.15853983,-0.4377831,-0.016919797,,,,,,-0.24732351,-0.19701958,0.065057084,-0.5430805,-0.6887321,-0.26074454,0.15557115
,,5.701634,1.9023336,-7.7971997,1683526245969,,-0.3590461,-1.455902,-0.37223554,,,,,,0.051949993,-4.4392745E-4,-0.28652155,-0.54738885,-0.6812254,-0.2621316,0.17653447
,,4.751767,1.8735667,-7.7632,1683526246219,,0.10671463,0.9090061,0.16280308,,,,,,-0.26405868,-0.12192503,0.14314255,-0.55173314,-0.6913744,-0.2412115,0.14588377
,,4.282201,1.8243998,-7.6807656,1683526246468,,0.22728483,1.1661338,0.32360777,,,,,,-0.53753555,-0.19016056,0.34877974,-0.5557799,-0.69228345,-0.23517536,0.13561036
,,5.1745663,1.6122335,-7.7121673,1683526246720,,-0.05382361,-0.48441246,0.13109513,,,,,,-0.2920993,-0.16079368,-0.022153854,-0.5962786,-0.73211735,-0.2627062,0.16942348
,,5.518367,1.6655,-7.9588675,1683526246971,,-0.30668798,-1.4115374,-0.53517187,,,,,,-0.12649852,0.053924177,-0.3175758,-0.60299486,-0.72502327,-0.26340473,0.17987938
52.547891666666665,13.05651,4.510133,1.8513668,-7.8171334,1683526247000,2.5,-0.19664268,1.1518785,0.0782041,,,,,,-0.33999214,-0.027310789,0.24330707,-0.52702916,-0.6320891,-0.22109869,0.13730972
,,4.2181664,1.9585999,-7.6549997,1683526247472,,0.3077538,1.1380229,0.54249936,,,,,,-0.4425295,-0.14791967,0.46222496,-0.52348375,-0.63683784,-0.22318278,0.123017445
,,5.0684996,1.9056,-7.8021,1683526247724,,-0.28657076,-0.49173993,0.11417533,,,,,,-0.17633241,-0.10125552,-0.028294865,-0.5182878,-0.6292374,-0.24101241,0.15215349
,,5.3918667,1.9799335,-8.0501,1683526247976,,-0.5552891,-1.5547562,-0.61284304,,,,,,0.11078046,-0.076697,-0.3003327,-0.5154546,-0.63078433,-0.24370258,0.15300126
,,4.3059664,2.1297336,-7.8767004,1683526248225,,-0.32094324,1.7192912,0.45417,,,,,,-0.22061826,-0.2252151,0.23334055,-0.43538263,-0.5396081,-0.20189816,0.11484095
,,4.2769,2.1056666,-7.765632,1683526248478,,0.5980549,0.97362113,0.40607515,,,,,,-0.26157,-0.42580205,0.2753366,-0.4286856,-0.5426848,-0.20931746,0.11162779
,,5.1870008,1.9748667,-7.854999,1683526248730,,-0.32041034,-0.65361047,0.1807887,,,,,,-0.16359557,-0.3884438,-0.2744774,-0.5043829,-0.6343467,-0.25711417,0.15154769
,,5.417133,1.9963334,-8.0305,1683526248982,,-0.20676792,-2.0508926,-0.5171862,,,,,,-0.050542753,-0.29675946,-0.49427685,-0.5109771,-0.6274248,-0.25961173,0.15621136
,,4.3587337,2.0522003,-7.846233,1683526249233,,-0.023714362,1.6532108,0.60764724,,,,,,-0.42006752,-0.442575,0.042243004,-0.4365363,-0.531514,-0.21660982,0.11905741
,,4.4147663,1.9865335,-7.616667,1683526249487,,0.6683986,0.49973354,0.2669864,,,,,,-0.47455972,-0.51520103,0.17695124,-0.44638434,-0.5194087,-0.22430578,0.118913755
,,5.4385343,1.8688337,-7.8237,1683526249738,,-0.09405809,-0.7017053,0.13749,,,,,,-0.22343813,-0.3609102,-0.41540346,-0.5357672,-0.6009292,-0.27147773,0.15235667
,,5.4741335,1.8602334,-7.9148335,1683526249990,,-0.3690381,-1.5876632,-0.6965095,,,,,,-0.13418168,-0.28611824,-0.4297266,-0.5541895,-0.586908,-0.26812217,0.14589389
52.547775,13.056681666666668,4.4216666,1.9369335,-7.7411,1683526250000,2.6,-0.1882494,2.0371702,0.693312,,,,,,-0.40148056,-0.42776766,0.18077564,-0.3406108,-0.3572806,-0.17724153,0.10777993
,,4.414166,1.8892,-7.6363993,1683526250491,,0.4901412,0.3939515,0.22635224,,,,,,-0.44367757,-0.51589197,0.2412309,-0.3554605,-0.340508,-0.18390203,0.10010688
,,5.4474654,1.7776333,-7.766199,1683526250743,,-0.35478285,-0.8614442,0.1713296,,,,,,-0.14917898,-0.4182445,-0.28978977,-0.4530094,-0.41145903,-0.23668964,0.12732783
,,5.3504,1.8304334,-7.9052,1683526250992,,-0.332534,-1.9948041,-0.6240341,,,,,,-0.1330049,-0.34378245,-0.33261266,-0.47175032,-0.39417636,-0.23310024,0.11575287
,,4.3002005,2.0044,-7.7751007,1683526251242,,-0.2733813,2.202638,0.92912334,,,,,,-0.43049353,-0.4381027,0.17889974,-0.23236552,-0.1890352,-0.14413293,0.08777146
,,4.4814,1.9694,-7.6636004,1683526251495,,0.49866775,0.19344525,0.117372766,,,,,,-0.41204458,-0.49278653,0.16087279,-0.24742073,-0.16398302,-0.15585007,0.08273336
,,5.520268,1.8703668,-7.8539996,1683526251748,,-0.23794298,-0.846656,0.15907274,,,,,,-0.091292225,-0.33437547,-0.38461545,-0.496631,-0.35542455,-0.25231114,0.09904119
,,5.4650664,1.9161,-7.9850984,1683526251999,,-0.34532374,-1.8752998,-0.54942715,,,,,,0.021398727,-0.21388906,-0.37351078,-0.46123257,-0.29958475,-0.22904268,0.08827487
,,4.3596997,2.070767,-7.827333,1683526252250,,-0.086730614,2.0678124,0.672129,,,,,,-0.2338639,-0.22292833,0.22692108,-0.19861044,-0.12488095,-0.14233786,0.07068638
,,4.470467,2.0196002,-7.6719,1683526252506,,0.6208367,0.3574474,0.014788169,,,,,,-0.16273922,-0.25118786,0.3532246,-0.09904803,-0.039621416,-0.11181216,0.06536721
,,5.5493007,1.8141335,-7.751234,1683526252755,,-0.34479085,-0.70863307,0.10151879,,,,,,0.21153091,-0.14200145,-0.049404446,-0.36864245,-0.20432475,-0.20530076,0.07432253
52.54763166666667,13.056801666666669,4.420133,1.9655666,-7.8122654,1683526253000,2.6,-0.10724754,1.6981082,0.4008793,,,,,,0.046773132,-0.002898558,0.46260098,-0.044938046,-0.008530129,-0.09121857,0.059212394
,,5.451033,1.8690335,-7.9171324,1683526253006,,-0.51612043,-1.6008526,-0.6171063,,,,,,0.28708676,0.03479637,-0.052717242,-0.32391903,-0.16028143,-0.17848165,0.06947723
,,4.3280663,1.9389331,-7.5828657,1683526253507,,0.650413,0.8006928,0.41513455,,,,,,-0.096907295,-0.028026847,0.654707,0.010321174,0.027182573,-0.07720674,0.05815529
,,5.507767,1.7886001,-7.686133,1683526253762,,0.012123634,-0.41300294,0.06341594,,,,,,0.2600948,0.0413282,0.15050578,-0.27227128,-0.117602274,-0.16586153,0.06278476
,,5.4940996,1.7912669,-7.7599998,1683526254013,,0.41353583,-2.2788436,-0.4172662,,,,,,0.22407174,0.18301004,0.09642253,-0.38782328,-0.17577815,-0.19739017,0.06741576
,,4.6128993,1.9501334,-7.767767,1683526254265,,-0.24846789,0.48547828,-0.06554756,,,,,,0.058474522,0.21166702,0.46471992,-0.16231993,-0.06085473,-0.122192964,0.056000687
,,4.165467,1.8267,-7.5922,1683526254515,,0.122568615,1.5342393,0.90700775,,,,,,-0.2260821,0.006731085,0.7012986,-0.103704184,-0.03413836,-0.106799886,0.054903843
,,5.2922335,1.7573,-7.637767,1683526254765,,-0.23741007,-0.03903544,-0.19930722,,,,,,0.118307896,0.109333314,0.26144916,-0.38734162,-0.17841706,-0.19357985,0.063213006
,,5.5783005,1.7068335,-7.769301,1683526255015,,0.040101252,-1.2945644,-0.1025846,,,,,,0.20345487,0.15470201,0.016900571,-0.49701446,-0.24185011,-0.23282363,0.073273666
,,4.8983665,1.7735332,-7.817834,1683526255265,,0.17599253,-0.91060483,-0.48387957,,,,,,0.10129657,0.12648462,0.31673947,-0.38635513,-0.18998328,-0.18348426,0.061522126
,,4.1488667,1.75,-7.7082667,1683526255518,,-0.33679724,2.4750867,0.7704503,,,,,,-0.26831728,-0.108662456,0.582152,-0.1593376,-0.070120335,-0.117764145,0.054344255
,,5.155267,1.8188666,-7.6596665,1683526255770,,0.26325607,-0.009992006,-0.5113243,,,,,,-0.0067356587,-0.047393575,0.18916577,-0.37560746,-0.1982089,-0.1969549,0.06660888
52.54749666666667,13.05684,5.3580995,1.9739997,-7.6977673,1683526256000,2.6,-0.22368772,-1.514122,-0.6340261,,,,,,-0.021076186,-0.058219515,-0.015632216,-0.41695112,-0.250786,-0.21634778,0.072108515
,,5.755533,1.7377332,-7.7035666,1683526256021,,-0.5330402,-0.7081002,-0.04223288,,,,,,0.1075166,-0.07932726,-0.1748794,-0.47512326,-0.27008402,-0.2437678,0.082823254
,,4.3549,2.001067,-7.629633,1683526256521,,-0.086730614,1.5818012,0.55888623,,,,,,-0.46680698,-0.3585804,0.28283724,-0.14659368,-0.0853034,-0.12063413,0.065726094
,,4.7328334,2.1689668,-7.5321336,1683526256771,,0.78110844,0.57487345,0.2564615,,,,,,-0.5213659,-0.32631028,0.08373645,-0.19627567,-0.11957156,-0.147023,0.07104506
,,5.6780005,2.0392,-7.553699,1683526257023,,-0.05648814,-0.49333867,0.039568346,,,,,,-0.24041364,-0.29652816,-0.34586352,-0.4077258,-0.25337338,-0.22785547,0.09139399
,,5.4382005,2.0257332,-7.6515336,1683526257273,,-0.7699174,-1.2899014,-0.40714094,,,,,,-0.36134174,-0.22310495,-0.31382972,-0.40982094,-0.25678214,-0.21820746,0.09227488
,,4.737567,2.1682003,-7.6012664,1683526257524,,-0.122568615,0.14481749,-0.12843059,,,,,,-0.4719764,-0.20193876,0.09335839,-0.25575113,-0.15217337,-0.15252128,0.075824164
,,4.280167,2.1498668,-7.5300994,1683526257775,,0.33679724,1.948308,0.70436984,,,,,,-0.73568565,-0.22607222,0.26660258,-0.14973558,-0.0805023,-0.116984,0.07399562
,,5.4741,1.9859333,-7.556,1683526258028,,0.15654144,0.09725553,-0.07447375,,,,,,-0.22602765,-0.060616516,-0.11156656,-0.41181576,-0.25359863,-0.21855423,0.08861184
,,5.6293,1.7920667,-7.6625,1683526258279,,-0.55155873,-1.0206501,-0.2548628,,,,,,-0.19047792,0.0039105653,-0.24536608,-0.4642247,-0.28823504,-0.23674819,0.1032163
,,5.0948334,1.8994334,-7.7239327,1683526258531,,-0.21569411,-1.1565415,-0.4785505,,,,,,-0.20199606,-0.01099205,0.052318797,-0.363166,-0.22208248,-0.1861165,0.08416875
,,4.138167,1.9266334,-7.655233,1683526258782,,-0.2315481,2.228084,0.9185985,,,,,,-0.5965149,-0.19496694,0.37757665,-0.094247095,-0.050137635,-0.09806726,0.07197201
52.54736833333333,13.056871666666666,5.595967,1.5763334,-7.766967,1683526259000,2.5,-0.3252065,-0.69011456,0.04063416,,,,,,-0.12618068,-0.146514,-0.28784397,-0.41644186,-0.24311201,-0.2220381,0.09981814
,,4.8913336,1.8929999,-7.7268667,1683526259032,,0.5225153,0.49387157,0.071276315,,,,,,-0.33365437,-0.11183747,0.033090163,-0.25598112,-0.14675759,-0.15965146,0.08071535
,,5.3064666,1.7078665,-7.8954334,1683526259532,,-0.39181986,-1.2005062,-0.5097256,,,,,,-0.15189892,-0.061055012,-0.20084837,-0.42512736,-0.24000865,-0.20963907,0.08700984
,,4.4770665,1.8605666,-7.7374997,1683526259785,,0.03277378,1.1221689,0.48387957,,,,,,-0.31382793,-0.14313915,0.30098113,-0.15399906,-0.07481423,-0.11978631,0.06955853
,,4.653867,1.9167,-7.6634326,1683526260035,,0.7065015,1.1538769,0.11897149,,,,,,-0.23037724,-0.0055199186,0.33772042,-0.21130984,-0.103754155,-0.13650979,0.07205669
,,5.8511333,1.7269002,-7.708433,1683526260285,,0.36330935,-0.3098854,-0.33733013,,,,,,0.32894805,0.12659946,-0.0065673986,-0.48094767,-0.27223605,-0.22573805,0.09045516
,,5.680833,1.5585667,-7.725066,1683526260536,,-0.2326139,-1.1465495,-0.62616575,,,,,,0.25150064,0.08377082,0.084473595,-0.47659773,-0.28465697,-0.2152989,0.09764978
,,4.9983993,1.7106668,-7.862832,1683526260786,,-0.31361577,-0.15121236,-0.0343725,,,,,,0.1848389,-0.005317283,0.29836577,-0.31805527,-0.18704824,-0.15085149,0.07806658
,,4.2264333,1.7275668,-7.8000655,1683526261038,,0.08033573,1.7673861,1.1851852,,,,,,-0.28669447,-0.1519354,0.4830342,-0.15476207,-0.08685928,-0.09788688,0.07198002
,,5.184199,1.632167,-7.9623656,1683526261290,,0.17079669,0.2733813,-0.37916332,,,,,,0.043547455,-0.029016184,0.013960663,-0.42463866,-0.25586408,-0.18536282,0.08867744
,,5.4513326,1.4476665,-7.972267,1683526261541,,0.11364242,-1.0963229,-0.019451106,,,,,,0.023813963,-0.07604297,-0.15909858,-0.46705627,-0.30279642,-0.20655626,0.107818045
,,4.9135337,1.5856334,-8.0097,1683526261791,,-0.06288303,-1.5574207,-0.8546496,,,,,,-0.091588,-0.07586753,0.059394885,-0.460877,-0.3237264,-0.18795611,0.09405596
52.54723166666666,13.056895,4.8654337,1.8334,-7.7327337,1683526262000,2.5,0.7709832,0.4447109,-0.24527045,,,,,,0.18794225,0.096497394,0.457395,-0.39660403,-0.30026823,-0.17429407,0.092504375
,,4.271233,1.7825334,-8.005533,1683526262042,,0.04916067,2.2962964,0.28390622,,,,,,-0.08708928,-0.062230103,0.3246297,-0.257373,-0.1677247,-0.12624976,0.075948685
,,5.7670665,1.6902665,-7.715234,1683526262543,,0.0438316,-0.57593924,-0.61923796,,,,,,0.7191768,0.16184632,0.31721735,-0.52767783,-0.43919033,-0.22211608,0.11848698
,,5.4538336,1.9196665,-7.704434,1683526262793,,-0.048094857,-0.8017586,-0.7376765,,,,,,0.79984033,0.2531756,0.5623516,-0.49554065,-0.48206556,-0.20293275,0.11303408
,,4.909533,2.0373,-7.778533,1683526263043,,0.0057287505,0.92645884,-0.07180922,,,,,,0.889148,0.06276932,0.77343106,-0.45276073,-0.5310739,-0.1828653,0.0928751
,,4.985433,2.216667,-7.573599,1683526263293,,0.4960032,0.9825473,-0.08513189,,,,,,0.86727464,0.060377356,0.87115437,-0.40156657,-0.5704154,-0.18679763,0.1072568
,,5.8653665,2.1130333,-7.505499,1683526263547,,0.15600853,-0.4452438,-0.5034639,,,,,,0.9929058,-0.04401308,0.5526155,-0.5452791,-0.7745783,-0.24477468,0.14758667
,,5.8671336,2.2701333,-7.7630663,1683526263798,,0.2226219,-1.4311218,-0.89421797,,,,,,0.94171214,-0.014707383,0.23012637,-0.49996793,-0.80499023,-0.24259034,0.16130692
,,5.2470655,2.4178667,-7.7518663,1683526264052,,-0.48228085,0.4457767,-0.77524644,,,,,,0.83697826,-0.15700363,0.43282253,-0.45414507,-0.8393246,-0.23204023,0.14327106
,,4.738733,2.2926667,-7.6770005,1683526264303,,-0.07713829,1.905409,0.9588329,,,,,,0.39145127,-0.54317456,0.43612674,-0.40728298,-0.8618177,-0.2366923,0.14698522
,,5.4332,2.2670667,-7.6199336,1683526264553,,-0.15960565,0.05542233,-0.4034106,,,,,,0.34004202,-0.52547544,0.027508719,-0.3779537,-0.8621589,-0.25031888,0.19359781
,,5.7015,2.0663002,-7.6461,1683526264808,,-0.4034106,-0.99786836,-0.0438316,,,,,,0.2063881,-0.68147045,-0.29446653,-0.35745624,-0.86277205,-0.25480947,0.2218632
52.54715666666666,13.057025,4.3649,2.1120334,-7.5905,1683526265000,2.4,-0.021049827,1.9509726,0.81548095,,,,,,-0.47378805,-0.9233853,0.0562909,-0.33694643,-0.8805844,-0.24747105,0.188715
,,5.2176337,2.2261999,-7.717,1683526265060,,-0.019451106,-1.5362377,-0.55635494,,,,,,-0.01642921,-0.6382452,-0.22125982,-0.34705776,-0.8718153,-0.25055972,0.20914184
,,4.8644996,2.1042333,-7.4984994,1683526265566,,0.5610179,0.44790834,0.109379165,,,,,,-0.5868421,-0.8289893,-0.19318098,-0.3414383,-0.86869675,-0.2594684,0.22079124
,,5.6575336,1.8935667,-7.502533,1683526265816,,-0.04276579,-0.4288569,0.06448175,,,,,,-0.39749965,-0.72720104,-0.5294551,-0.35635477,-0.8529387,-0.2632394,0.25459608
,,5.436668,2.0019,-7.6557,1683526266066,,-0.5314415,-1.2370104,-0.33999467,,,,,,-0.44834507,-0.54322904,-0.49782363,-0.3728324,-0.8512028,-0.258962,0.24161276
,,4.663201,2.0094666,-7.7225666,1683526266319,,-0.048627764,0.38862243,0.23847589,,,,,,-0.56560415,-0.61832654,-0.1493695,-0.39092276,-0.8554272,-0.2487176,0.20094566
,,4.4360332,2.0069332,-7.6019664,1683526266572,,0.52358115,1.3549161,0.7524647,,,,,,-0.7639382,-0.5797748,-0.007467143,-0.40647718,-0.84866846,-0.24916863,0.19596986
,,5.524233,1.8226666,-7.628667,1683526266822,,0.0876632,-0.15707435,-0.21143086,,,,,,-0.32936865,-0.41036162,-0.36057407,-0.42421076,-0.830475,-0.25438535,0.23177248
,,5.5932665,1.7854667,-7.689734,1683526267073,,-0.17452705,-1.3992805,-0.21835865,,,,,,-0.26875636,-0.26171345,-0.3639206,-0.4365989,-0.82595164,-0.24862957,0.23255967
,,5.0240664,1.9359998,-7.754433,1683526267323,,0.1369571,-1.1882493,-0.5055955,,,,,,-0.2406453,-0.20408121,-0.018360075,-0.45011985,-0.8314712,-0.23776264,0.19628477
,,4.114967,1.8876332,-7.603867,1683526267574,,-0.038502533,2.4496403,0.9846789,,,,,,-0.59377825,-0.35233578,0.40348408,-0.45496243,-0.8370981,-0.227642,0.16582173
,,4.9855666,1.8647335,-7.6285343,1683526267824,,0.17346123,0.30935252,-0.3252065,,,,,,-0.27587605,-0.16327353,0.09999091,-0.45964903,-0.82605976,-0.23538774,0.19638771
52.54713166666667,13.057215000000001,5.2506337,1.7638,-7.771901,1683526268000,2.4,-0.4108713,-1.6478817,-0.65734076,,,,,,-0.09262839,-0.034820903,-0.022299847,-0.47040975,-0.8205109,-0.22897735,0.20319217
,,5.5620666,1.5396333,-7.639201,1683526268077,,-0.43098855,-0.7186251,0.21729283,,,,,,-0.09017833,-0.2335693,-0.13254176,-0.46184307,-0.8179596,-0.23649363,0.22159287
,,4.3270664,1.718967,-7.741133,1683526268578,,-0.059152678,1.4279243,0.13482547,,,,,,-0.27251142,-0.21587534,0.37445,-0.47548863,-0.82878375,-0.21368948,0.1634703
,,4.438467,1.7355001,-7.6688666,1683526268831,,0.35424992,1.1814548,0.32360777,,,,,,-0.3569419,-0.1265259,0.35504273,-0.4774109,-0.82487196,-0.21669462,0.1740298
,,5.5949,1.5098,-7.608968,1683526269082,,0.22475353,-0.40767387,-0.1369571,,,,,,0.06404606,-0.090603635,0.01853175,-0.48087996,-0.8107307,-0.22820191,0.21524963
,,5.459533,1.5494332,-7.6878343,1683526269332,,-0.019451106,-1.4204637,-0.33946177,,,,,,-0.04324185,0.056026563,-0.012962008,-0.48322016,-0.8108553,-0.22254895,0.2160234
,,4.873634,1.7242,-7.8328013,1683526269583,,-0.17759126,-0.42246202,-0.3521183,,,,,,-0.055748798,0.09725551,0.20414846,-0.48455197,-0.8212731,-0.21043016,0.18437566
,,4.230467,1.7153668,-7.6559677,1683526269832,,0.023181455,1.7668532,0.5023981,,,,,,-0.44987652,-0.030838441,0.49141777,-0.47735983,-0.82885075,-0.2069882,0.17142114
,,5.3551664,1.6689334,-7.656832,1683526270083,,0.26751933,-0.0014654943,-0.39714894,,,,,,-0.08355451,0.059885778,0.10920863,-0.47060344,-0.8210408,-0.22219662,0.21244763
,,5.7296324,1.5309999,-7.7379317,1683526270334,,-0.26125765,-0.8721023,-0.044897415,,,,,,-0.0027781646,0.04344248,-0.1533076,-0.46089977,-0.82083815,-0.22285062,0.2327445
,,5.1701665,1.7619332,-7.870532,1683526270584,,-0.121103115,-1.3850253,-0.41140422,,,,,,-0.15368195,0.11824743,-0.0040851436,-0.45405996,-0.8333215,-0.21462825,0.21025898
,,4.2637,1.7493333,-7.7864,1683526270836,,-0.29616308,2.2370105,0.9148681,,,,,,-0.50283533,-0.24075256,0.31618074,-0.44287908,-0.846399,-0.21267654,0.1777338
,,4.7927337,1.8606668,-7.666068,1683526271085,,0.5700773,0.3944844,0.0682121,,,,,,-0.40901884,-0.18716185,0.14707617,-0.43902335,-0.8396587,-0.22866757,0.19815023
,,5.305434,1.782233,-7.8782663,1683526271595,,-0.4790834,-1.4897416,-0.55795366,,,,,,-0.20773779,-0.17354335,-0.23559086,-0.44078618,-0.8334491,-0.23464875,0.21497464
,,4.3864,1.9007996,-7.819934,1683526271845,,0.07180922,0.97042364,0.30722088,,,,,,-0.39598,-0.28633052,0.18266095,-0.44648966,-0.8412767,-0.22580464,0.17254403
52.547093333333336,13.057453333333335,5.6407337,1.6541,-7.7100677,1683526272000,2.3,0.01105782,-0.80802023,-0.033839595,,,,,,-0.10089121,-0.2548102,-0.23255247,-0.43747017,-0.83019984,-0.23912725,0.22845848
,,4.3226323,1.9328332,-7.7270675,1683526272096,,0.5467626,1.2585931,0.51612043,,,,,,-0.47769305,-0.2788265,0.24521425,-0.45264694,-0.83703,-0.22919305,0.1712442
,,5.442432,1.8003001,-7.659933,1683526272348,,0.27764454,-0.4336531,-0.21889155,,,,,,-0.043935634,-0.084893785,-0.043087546,-0.4603819,-0.82219356,-0.23585553,0.21077536
,,5.4529996,1.7587334,-7.7452984,1683526272598,,-0.46536106,-1.3248068,-0.3665068,,,,,,-0.0354935,0.023122514,-0.08422971,-0.4612719,-0.8231458,-0.22828278,0.21440409
,,4.753401,1.8655001,-7.8204656,1683526272847,,-0.061284307,-0.27817747,-0.19557688,,,,,,-0.11216369,-0.049248144,0.19626577,-0.46121177,-0.8340469,-0.21734683,0.17964755
,,4.053534,1.8564667,-7.6411667,1683526273098,,-0.105115905,2.1518786,1.2042366,,,,,,-0.51565725,-0.23321746,0.48122475,-0.45813742,-0.83888507,-0.21668294,0.16200487
,,5.1341004,1.8193,-7.6628666,1683526273350,,0.048094857,0.09725553,-0.21249667,,,,,,-0.1957466,-0.11802344,0.050493795,-0.46129575,-0.8245239,-0.23401357,0.20118357
,,5.5665,1.6374002,-7.6271,1683526273602,,-0.23421264,-0.9223288,-0.05755396,,,,,,-0.09689372,-0.14594407,-0.11279311,-0.46250904,-0.81765646,-0.23801592,0.2211205
,,5.0198994,1.8047001,-7.843033,1683526273853,,0.048627764,-1.868372,-0.5584865,,,,,,-0.22606294,-0.1075627,-0.044560924,-0.46748728,-0.8236278,-0.23114337,0.19590256
,,4.1107664,1.7251666,-7.7438006,1683526274102,,0.030642154,1.8689048,0.5552891,,,,,,-0.49280366,-0.37707955,0.34921032,-0.47030532,-0.8309837,-0.22160055,0.16005777
,,5.593633,1.5618665,-7.645633,1683526274604,,-0.03903544,-0.672129,0.07607248,,,,,,-0.03695957,-0.16400155,-0.097044386,-0.4802691,-0.808624,-0.23830584,0.21613805
,,5.301934,1.6491998,-7.772733,1683526274856,,-0.332534,-1.6564082,-0.50812685,,,,,,-0.09331498,-0.021249402,-0.018862486,-0.4837692,-0.81301653,-0.227789,0.20513415
52.54706833333333,13.057648333333335,4.6768336,1.7799333,-7.6605,1683526275000,2.4,0.7478018,0.39501733,0.22835065,,,,,,-0.36888134,-0.22447014,0.20420705,-0.47533152,-0.8211687,-0.23166615,0.18205157
,,4.5121336,1.6985334,-7.922766,1683526275106,,-0.09086064,0.4014122,-0.15547562,,,,,,-0.14252129,-0.14124684,0.21538535,-0.48309675,-0.82516557,-0.21264198,0.16583253
,,4.2043004,1.7440335,-7.7631664,1683526275356,,-0.007860378,2.0979216,0.9387157,,,,,,-0.31447455,-0.15616937,0.4218515,-0.47704056,-0.829965,-0.21061687,0.15943655
,,5.3384333,1.6598333,-7.8024006,1683526275609,,0.04543032,-0.04223288,-0.4003464,,,,,,0.07519048,-0.044099007,-0.0020629724,-0.47481984,-0.8194391,-0.22386995,0.20047383
,,5.403134,1.5821666,-7.8383,1683526275859,,-0.3505196,-1.1015188,-0.21675992,,,,,,0.025329972,-0.0032791218,-0.09394698,-0.46852693,-0.821344,-0.21979152,0.2111476
,,4.9019,1.7305334,-7.9462337,1683526276114,,-0.1364242,-1.2236878,-0.4849454,,,,,,-0.00782059,-0.013296791,0.101187564,-0.4629648,-0.83385223,-0.21028905,0.18563351
,,4.0414667,1.6808002,-7.828267,1683526276366,,-0.029043432,1.99587,0.78270715,,,,,,-0.38623682,-0.2945093,0.40357083,-0.45182002,-0.8455502,-0.20540446,0.15979882
,,4.764034,1.7724669,-7.717333,1683526276616,,0.5309086,0.5271782,0.04276579,,,,,,-0.2827011,-0.15262239,0.19974633,-0.44932112,-0.83740896,-0.22116531,0.1908804
,,5.487134,1.5168667,-7.682233,1683526276867,,-0.10098588,-0.43418598,0.054889422,,,,,,-0.1175683,-0.222263,-0.10201907,-0.44851476,-0.82754856,-0.22968663,0.22325006
,,5.1780996,1.6611999,-7.804633,1683526277117,,-0.36437517,-1.2601918,-0.43631762,,,,,,-0.24610059,-0.057171103,-0.07190742,-0.44921333,-0.8319118,-0.22244273,0.2145135
,,4.1783996,1.5802999,-7.8465323,1683526277620,,-0.34852117,2.3687716,1.0249134,,,,,,-0.56708187,-0.27899936,0.2351181,-0.4482565,-0.8428491,-0.20941886,0.17840043
,,5.3506,1.4931331,-7.8680663,1683526277871,,0.21409538,0.043298695,-0.1882494,,,,,,-0.14651895,-0.12881379,-0.19667573,-0.4540979,-0.8271898,-0.22246745,0.21930483
52.54704333333334,13.057828333333335,4.4661,1.5860999,-7.8617005,1683526278000,2.4,-0.19717559,0.16600053,-0.0776712,,,,,,-0.3277541,-0.26293343,0.20722796,-0.44922143,-0.8419934,-0.21024661,0.18071453
,,5.519799,1.2862664,-7.8769665,1683526278122,,-0.24273914,-1.5045297,-0.19877431,,,,,,-0.08905492,-0.13640954,-0.25586116,-0.45626846,-0.82438964,-0.21719365,0.22954533
,,5.001167,1.5006667,-8.009701,1683526278373,,-0.08246736,-1.3146815,-0.54463094,,,,,,-0.12329189,0.019370433,-0.04815294,-0.46241435,-0.8314246,-0.20537211,0.20259339
,,4.1895666,1.4693666,-7.875234,1683526278624,,0.20889954,2.0038636,0.17186251,,,,,,-0.30745393,-0.12758125,0.3582202,-0.4630548,-0.83922005,-0.19297083,0.17008801
,,4.7706,1.5989666,-7.7378664,1683526278876,,0.7319478,0.7551292,-0.17026378,,,,,,-0.113401346,0.12358198,0.32910353,-0.46406478,-0.8337731,-0.19804767,0.19127506
,,5.577067,1.4092001,-7.679399,1683526279128,,0.09832134,-0.21995737,-0.15907274,,,,,,0.21381575,0.13150173,0.11401684,-0.45736542,-0.8289231,-0.20037986,0.2216445
,,5.271367,1.4472001,-7.7417994,1683526279377,,-0.34372503,-1.2549961,-0.5483613,,,,,,0.11134295,0.13885382,0.22605339,-0.4442261,-0.84112275,-0.19024348,0.21391861
,,4.430867,1.5071999,-7.8554664,1683526279628,,-0.46589395,0.14481749,0.096189715,,,,,,-0.144958,-0.1248856,0.4107989,-0.42862475,-0.857847,-0.18544783,0.18106116
,,4.1857333,1.5189999,-7.860733,1683526279881,,-0.13322675,1.852518,1.1608047,,,,,,-0.41746998,-0.35991776,0.3156387,-0.4142341,-0.86255276,-0.19623964,0.1799486
,,5.289567,1.3924999,-7.8643003,1683526280133,,-0.29349855,0.066613376,-0.08979483,,,,,,-0.1996475,-0.46679688,-0.2149238,-0.4097358,-0.84892535,-0.22189477,0.2244258
,,5.0148,1.5684998,-8.114266,1683526280635,,-0.12310152,-1.4797496,-0.6108447,,,,,,-0.32485142,-0.55935186,-0.44080606,-0.4310519,-0.8377875,-0.23679514,0.20477693
,,4.1719675,1.5799997,-7.9860992,1683526280887,,0.05648814,1.8320011,0.5907274,,,,,,-0.5515337,-0.7423321,-0.05431307,-0.44852036,-0.8364775,-0.23206297,0.16668524
52.54702666666667,13.058025000000002,5.466733,1.3318666,-7.9722996,1683526281000,2.4,-0.07553957,-1.3310685,0.206235,,,,,,-0.31207657,-0.5881094,-0.55523455,-0.41281554,-0.83995396,-0.23580465,0.23634611
,,4.8589673,1.7265664,-7.858733,1683526281138,,0.5991207,0.72182256,0.12310152,,,,,,-0.27727312,-0.47797966,-0.13184528,-0.4708969,-0.81851226,-0.24282283,0.18333565
,,5.656334,1.5371335,-7.717467,1683526281390,,0.059685584,-0.3674394,-0.06235012,,,,,,0.09312426,-0.36998987,-0.21087453,-0.48752707,-0.8026724,-0.24620031,0.20683904
,,5.393533,1.7053331,-7.7855,1683526281642,,-0.50186515,-1.2142286,-0.42938983,,,,,,0.0640193,-0.15199344,-0.046656307,-0.49749482,-0.8041674,-0.23774166,0.19308846
,,4.738133,1.7568332,-7.7466335,1683526281894,,-0.17652544,-0.37809753,-0.13482547,,,,,,0.017582199,-0.23948857,0.34681764,-0.5007083,-0.81330645,-0.22499165,0.15959986
,,4.301966,1.7861668,-7.492134,1683526282144,,0.6350919,2.5839329,0.60285103,,,,,,-0.23350969,-0.25163394,0.6691715,-0.49635223,-0.81797385,-0.22083731,0.15119164
,,5.4755,1.6928332,-7.632167,1683526282398,,0.07287503,-0.07287503,-0.2500666,,,,,,0.16673125,-0.106436536,0.14305435,-0.4914748,-0.8088982,-0.23289128,0.19520979
,,5.5571337,1.6390998,-7.7673006,1683526282650,,-0.33839595,-1.5686117,-0.28657076,,,,,,0.12778215,-0.09177444,-0.06486905,-0.48396853,-0.8112379,-0.23143746,0.20534636
,,4.8208323,1.8418331,-7.8499994,1683526282901,,-0.1977085,-0.1638689,-0.25113243,,,,,,-0.027047623,-0.1303142,0.17225984,-0.4799009,-0.8237059,-0.22234598,0.17256255
,,4.1402674,1.9057335,-7.7061667,1683526283153,,0.19397815,1.8906208,0.7868372,,,,,,-0.35121015,-0.27671352,0.46039024,-0.47381526,-0.8317221,-0.21995582,0.15201212
,,5.789868,1.8202001,-7.793734,1683526283656,,-0.5123901,-1.1581402,-0.16067146,,,,,,0.03066899,-0.098759726,-0.36963907,-0.46650127,-0.8129482,-0.24735275,0.2213743
,,5.1275334,2.0185668,-7.7363005,1683526283905,,-0.21143086,-0.83399945,-0.3775646,,,,,,-0.17398262,-0.09658181,-0.039001226,-0.4706325,-0.8190329,-0.24253012,0.19287889
52.54699833333334,13.058208333333335,4.9817343,1.8687335,-7.6829,1683526284000,2.5,0.011590728,-0.0062616575,-0.070743404,,,,,,-0.15859644,-0.1980261,0.08254954,-0.46889973,-0.8221161,-0.23497643,0.18748616
,,4.2746663,2.1125333,-7.521233,1683526284158,,-0.016919797,2.197442,1.0301093,,,,,,-0.48993856,-0.20302741,0.44544765,-0.4710233,-0.82706076,-0.23549165,0.162046
,,5.0673995,2.0722332,-7.5277658,1683526284409,,0.4028777,0.29509726,-0.163336,,,,,,-0.22973332,-0.08235995,0.14443098,-0.47036457,-0.8183481,-0.2448685,0.19177131
,,5.8458667,1.8767666,-7.608566,1683526284660,,-0.57793766,-1.0015987,-0.2913669,,,,,,0.053892795,-0.008678568,-0.18798245,-0.46916282,-0.8112967,-0.2471861,0.22298668
,,5.3105,1.9839,-7.7590995,1683526284910,,0.2500666,-1.6975753,-0.518785,,,,,,-0.03580674,0.016888754,-0.022495382,-0.46943367,-0.82096946,-0.23584169,0.19890676
,,4.3546996,1.9983333,-7.6962667,1683526285162,,-0.290834,2.213829,0.75566214,,,,,,-0.3371272,-0.16421029,0.3857622,-0.46546283,-0.833716,-0.224133,0.16358802
,,4.881734,1.9881667,-7.628734,1683526285412,,0.41566747,0.5652811,-0.13056222,,,,,,-0.18030559,-0.14856468,0.2159252,-0.4591362,-0.8300178,-0.23361824,0.18384068
,,5.7460675,1.8257668,-7.7713013,1683526285668,,-0.53517187,-0.8355982,9.3258725E-4,,,,,,0.041223623,-0.12871149,-0.29855058,-0.45315388,-0.8218806,-0.24375169,0.22148776
,,5.400901,1.8676666,-7.8376336,1683526285919,,-0.3252065,-1.5860645,-0.39928058,,,,,,-0.0806482,-0.21681671,-0.2250682,-0.4510067,-0.8274713,-0.24173485,0.20783392
,,4.4004335,1.9703667,-7.805833,1683526286170,,-0.1538769,1.2861711,0.767919,,,,,,-0.42820078,-0.45135683,0.1137152,-0.45311692,-0.83569825,-0.23805255,0.16736595
,,5.603633,1.8305668,-7.8458996,1683526286671,,-0.5325073,-0.98681056,0.39181986,,,,,,-0.23129408,-0.57663953,-0.6319797,-0.47462258,-0.79998106,-0.27868047,0.20754713
,,5.4362335,1.8735334,-7.914933,1683526286924,,0.1882494,-2.0074606,-0.23474553,,,,,,-0.32459456,-0.56254,-0.6479162,-0.502829,-0.7818004,-0.2843309,0.19245376
52.546971666666664,13.058378333333334,4.482534,1.9527665,-7.7166324,1683526287000,2.4,-0.041167066,1.142819,0.6229683,,,,,,-0.5569608,-0.56655896,0.021920491,-0.4596707,-0.82610184,-0.25183782,0.17242275
,,4.6238337,1.9924667,-7.7100344,1683526287173,,-0.1300293,-0.6837197,-0.12789768,,,,,,-0.41539097,-0.6153072,-0.035917725,-0.4521223,-0.67144656,-0.2493908,0.14554872
,,4.1361327,2.0820334,-7.588734,1683526287424,,-0.0702105,2.176792,1.0630163,,,,,,-0.5864956,-0.5809859,0.22198717,-0.39830685,-0.55360126,-0.22212654,0.122058906
,,5.326099,1.9598335,-7.602067,1683526287674,,-0.3098854,-0.12310152,0.066613376,,,,,,-0.08782204,-0.48200256,-0.1634309,-0.43230173,-0.51439697,-0.24546413,0.14495991
,,5.5753326,1.8885,-7.637433,1683526287925,,-1.0888623,-1.2406075,0.092459366,,,,,,-0.0040257135,-0.36399302,-0.259822,-0.4666759,-0.48212084,-0.25254473,0.14251694
,,4.9877,2.0157,-7.5785007,1683526288175,,-0.4177991,-1.302558,-0.07447375,,,,,,-0.09768363,-0.33303198,0.19502719,-0.45316055,-0.42033404,-0.22447996,0.10288134
,,4.159867,1.9909668,-7.556667,1683526288425,,-0.16120437,1.1544098,0.8530509,,,,,,-0.39479217,-0.47912025,0.46729603,-0.21487609,-0.21234618,-0.1386619,0.08621726
,,4.7456665,2.0213335,-7.795234,1683526288675,,0.27551293,0.67852384,0.93232083,,,,,,-0.2588626,-0.44864464,-0.013276831,-0.220742,-0.19860671,-0.14745474,0.08861325
,,5.5966,1.7797667,-7.869633,1683526288926,,-0.33946177,-0.5383693,0.222089,,,,,,-0.028451713,-0.45732734,-0.4292284,-0.33714762,-0.2406082,-0.198142,0.09624352
,,5.3142996,1.9505998,-7.873232,1683526289177,,-0.20250466,-1.7410072,-0.15960565,,,,,,-0.17842558,-0.2476195,-0.3005812,-0.31093457,-0.17133743,-0.17641228,0.071729936
,,4.2859335,2.0000331,-7.8214,1683526289678,,-0.14268585,2.0006661,1.1089795,,,,,,-0.33654433,-0.38989565,0.18752798,0.19175822,0.08572672,-0.022422398,0.06613855
,,5.2966,1.9189664,-7.798334,1683526289928,,0.2490008,0.13429257,0.075006664,,,,,,0.07357255,-0.2904932,-0.07974698,0.14831308,0.015521828,-0.023071773,0.06286264
52.54690166666666,13.058519999999998,4.769933,1.9711,-7.9131665,1683526290000,2.5,-0.08459899,-0.87836397,0.1638689,,,,,,-0.16532113,-0.35966903,-0.022395452,-0.039568655,-0.01928062,-0.08401608,0.05533741
,,5.531767,1.7342333,-7.730133,1683526290180,,-0.385425,-0.7709832,0.15747403,,,,,,0.081668936,-0.2566932,-0.11872997,0.2665695,0.04237419,0.03351569,0.057721134
,,5.2023005,1.9207332,-7.8510337,1683526290431,,-0.7958966,-1.3057554,-0.29456434,,,,,,0.081357665,-0.1750652,0.0029361725,0.56262654,0.12901507,0.14753,0.053467866
,,4.4681334,1.8734998,-7.8221664,1683526290682,,-0.13056222,0.9079403,0.6165734,,,,,,-0.02080809,-0.4564441,0.30064452,0.8103152,0.18523708,0.20952936,0.06991687
,,4.622866,1.9949665,-7.811433,1683526290933,,0.42938983,0.9428457,0.7319478,,,,,,-0.06879053,-0.3749387,0.19159342,0.815614,0.14397177,0.21726136,0.08051467
,,5.573034,1.7915666,-7.8198996,1683526291183,,-0.38435918,-0.64468426,-0.16546762,,,,,,0.24815004,-0.33670107,-0.11576371,0.81481624,0.1005777,0.24711387,0.07496677
,,5.4860334,1.9070666,-7.8733335,1683526291434,,-0.4172662,-1.5050626,-0.34425792,,,,,,0.28539306,-0.1754996,-0.05311397,0.8814371,0.08112668,0.26321727,0.08406107
,,4.8121004,2.0385666,-7.8985996,1683526291686,,-0.17918998,0.03903544,-0.13162804,,,,,,0.31318417,-0.23293109,0.28434214,0.9537936,0.0658698,0.24847682,0.10487688
,,4.303033,2.0783334,-7.793433,1683526291937,,0.052757792,1.8398614,0.7324807,,,,,,0.11673293,-0.2707266,0.5147522,0.95892453,0.044211525,0.22935657,0.11550072
,,5.1906,1.9965335,-7.755667,1683526292186,,-0.20836665,-0.26378897,-0.4547029,,,,,,0.3264602,-0.08814972,0.2539657,0.95254064,0.021526458,0.26407474,0.10556958
,,5.1231666,2.1283336,-7.8765335,1683526292693,,-0.07180922,-1.1406875,-0.42619237,,,,,,0.47304925,0.1461979,0.30263355,0.95723313,0.02044973,0.2507068,0.10019421
,,4.200133,2.0830333,-7.6995325,1683526292946,,0.25219825,1.9223288,0.9185985,,,,,,0.03642354,-0.07069342,0.66769385,0.9615128,0.034118164,0.22583719,0.10688483
52.5468,13.058516666666666,5.6082664,1.9077336,-7.6387324,1683526293000,2.5,-0.2226219,-1.0655476,-0.20143884,,,,,,0.48136812,0.054703277,0.27004993,0.95028764,0.014709552,0.27749825,0.09436337
,,4.977966,2.1237335,-7.6279325,1683526293200,,0.36224353,0.13855582,-0.27817747,,,,,,0.22874053,0.105219476,0.4618536,0.9538944,0.041992392,0.25943857,0.09723082
,,5.616333,1.9523666,-7.5951,1683526293451,,-0.571676,-0.92073005,-0.2897682,,,,,,0.32696643,0.13127588,0.22962008,0.94608396,0.055047248,0.29076147,0.0816653
,,5.3030005,2.1492002,-7.7027664,1683526293701,,-0.09885425,-1.3665068,-0.81281644,,,,,,0.3132042,0.17004006,0.29300085,0.9491699,0.07709927,0.27581125,0.083809815
,,4.4483666,2.2338672,-7.705267,1683526293952,,-0.0438316,1.7912337,0.502931,,,,,,0.04066647,-0.039538253,0.5246681,0.95218205,0.10433711,0.24787544,0.095360465
,,4.6861663,2.2603335,-7.4508333,1683526294202,,0.7006395,1.2073008,0.18292034,,,,,,-0.006794278,-0.060277127,0.5962974,0.9444457,0.1256654,0.2669214,0.090227015
,,5.7998,2.0599003,-7.4821334,1683526294453,,-0.14428458,-0.56901145,-0.21409538,,,,,,0.3317737,-0.04899703,0.12887828,0.694061,0.08861984,0.19972137,0.07119104
,,5.6353993,2.1246667,-7.657767,1683526294710,,-0.36490807,-1.1020517,-0.68851584,,,,,,0.16618039,-0.04308917,-0.0629062,0.56996065,0.0875087,0.15034476,0.06464316
,,5.0137663,2.1987336,-7.548467,1683526294962,,-0.055955235,0.22728483,-0.15121236,,,,,,0.028182609,-0.30131575,0.2582373,0.57019573,0.11621272,0.12858193,0.07792966
,,4.633134,2.2970665,-7.406066,1683526295212,,-0.1294964,2.0249133,0.8974154,,,,,,-0.29558897,-0.35002157,0.3759087,0.5647508,0.13883166,0.12977023,0.07975263
,,5.890933,1.9222667,-7.396265,1683526295712,,-0.06235012,-1.2364775,0.060751397,,,,,,-0.016486168,-0.36936024,-0.1639623,0.19367872,0.060296696,0.018279064,0.051897053
,,5.4294,2.1737332,-7.5867667,1683526295963,,0.2739142,-1.6261657,-0.5727418,,,,,,-0.057578906,-0.28009647,-0.058922324,0.43680972,0.11901086,0.10673729,0.060727853
52.546701666666664,13.058444999999999,5.620134,2.0656667,-7.297899,1683526296000,2.6,0.15227818,-0.09778844,-0.020516919,,,,,,-0.046585225,-0.37361866,0.07860502,0.37607536,0.09971024,0.08684418,0.0619483
,,4.4405994,2.0992332,-7.466066,1683526296215,,0.112576604,1.2152945,0.4547029,,,,,,-0.50659865,-0.53631383,0.31314152,0.5621824,0.15163018,0.13111755,0.075390086
,,5.107534,2.1843,-7.4774337,1683526296464,,0.8001599,0.8958167,0.40927258,,,,,,-0.16043578,-0.31709713,0.15719615,0.56070334,0.1418145,0.14635181,0.067256555
,,5.7922673,1.7997334,-7.487967,1683526296715,,0.15800692,-0.5784705,-0.011590728,,,,,,0.06619091,-0.3585644,-0.0908147,0.31839305,0.07730428,0.06130108,0.053659003
,,5.516067,1.8946002,-7.5432,1683526296968,,-0.82440716,-1.4765521,-0.565814,,,,,,-0.01787146,-0.15108414,0.05200825,0.31867364,0.07748408,0.059789624,0.053012785
,,4.8118663,2.0144336,-7.6533346,1683526297220,,0.21036504,-0.39661604,-0.3421263,,,,,,-0.08977596,-0.20129837,0.29397938,0.5049326,0.124839276,0.10725236,0.0666091
,,4.2754664,1.9641669,-7.538667,1683526297472,,-0.17545964,2.323741,0.61337596,,,,,,-0.34835884,-0.27913505,0.528683,0.5066249,0.13097465,0.093065426,0.06999692
,,5.490033,1.966867,-7.597167,1683526297722,,0.20570211,0.359579,-0.048627764,,,,,,0.27077687,-0.09758314,0.17232524,0.38109943,0.09650285,0.07062838,0.05330856
,,5.3952336,1.6497337,-7.4046664,1683526297974,,-0.7821743,-1.6056488,-0.20303757,,,,,,-0.093450926,-0.23120728,0.18809512,0.081637405,0.02010171,-0.050876763,0.04801325
,,5.1088996,1.9073669,-7.7799997,1683526298226,,-0.18558486,-1.5209166,-0.56314945,,,,,,-0.01457057,-0.17983608,0.04722258,0.32388213,0.0845753,0.036896326,0.05321709
,,4.559767,1.9304335,-7.7058334,1683526298728,,0.08193445,1.2585931,0.45896617,,,,,,-0.36075082,-0.44960245,0.15951014,0.5042251,0.13708588,0.101800576,0.063657805
,,5.422301,1.7861667,-7.7259336,1683526298979,,0.11630695,-0.82387424,0.10618172,,,,,,-0.0760486,-0.4081875,-0.15332589,0.49873504,0.12672883,0.13132407,0.049692072
52.54660666666667,13.05838,4.248033,1.9946332,-7.962666,1683526299000,2.7,0.13749,1.2840394,0.64361846,,,,,,-0.33055258,-0.44081768,0.061321877,0.5081243,0.13886055,0.08377263,0.07023904
,,5.277533,1.8671666,-7.801634,1683526299231,,0.4352518,-1.3665068,-0.35531574,,,,,,-0.021841327,-0.22970966,-0.048294257,0.6232207,0.15222804,0.1708632,0.04982825
,,4.629066,2.1003668,-8.2824,1683526299485,,-0.14588329,0.11843858,-0.22781774,,,,,,0.10367875,-0.107169494,-0.085316755,0.92857397,0.2342309,0.26391512,0.05612643
,,4.1443663,2.0247998,-7.9100995,1683526299735,,0.015321077,2.4168665,0.72502,,,,,,-0.08891724,-0.18733333,0.41945666,0.9322031,0.2342162,0.24818237,0.060596835
,,5.2422,1.8882333,-7.8499994,1683526299985,,0.13269384,0.26325607,-0.3177458,,,,,,0.37974313,-0.04153245,0.20556164,0.6882886,0.15998302,0.17953259,0.04403105
,,5.552033,1.7914333,-8.020067,1683526300236,,-0.62723154,-1.4099387,-0.33519852,,,,,,0.49595553,0.0032152494,-0.060977187,0.38622966,0.0738401,0.07114879,0.03903704
,,4.9511003,1.9392333,-8.094534,1683526300490,,-0.42352784,-0.48960832,-0.3590461,,,,,,0.3847349,-0.029531311,0.12243285,0.38767192,0.09421429,0.04708104,0.049196504
,,3.9628997,1.7561666,-7.7443666,1683526300740,,-0.069810815,1.9181988,1.021716,,,,,,-0.18149954,-0.4892195,0.59329796,0.38419935,0.11797991,0.030425234,0.06319949
,,4.7813997,1.8478664,-7.7031,1683526300990,,0.13802291,0.21196376,-0.13535838,,,,,,0.036961112,-0.4527022,0.30373603,0.2560829,0.088181324,0.012647738,0.056278385
,,5.4748325,1.7153332,-7.8511333,1683526301241,,-0.6578737,-0.71023184,-0.16013856,,,,,,0.14552277,-0.48285466,-0.16254982,-0.04726685,-0.0028330644,-0.08283188,0.045266666
,,4.098534,2.0623336,-7.7535005,1683526301751,,-0.13056222,1.8763655,0.6636025,,,,,,-0.29347518,-0.56191355,0.3651576,0.49794886,0.16645685,0.08831827,0.065773465
52.546504999999996,13.058331666666668,5.0267997,1.9185666,-7.8743997,1683526302000,2.6,-0.024247268,-1.6600053,-0.55795366,,,,,,-0.012548438,-0.4349594,-0.026321394,0.19406019,0.06958396,0.001725084,0.05069803
,,4.5193677,2.1031,-7.7095,1683526302001,,0.75672793,0.43258727,0.071276315,,,,,,-0.20699573,-0.48026237,0.2258966,0.43705052,0.13887285,0.07982668,0.06259018
,,5.4900675,2.0683,-7.905599,1683526302253,,-0.14481749,-0.43631762,-0.06501465,,,,,,0.12530325,-0.23418531,-0.2571229,0.13508964,0.04243143,-0.013729578,0.047364388
,,5.3226676,2.1118665,-7.819565,1683526302503,,-0.20730083,-1.6167066,-0.79110044,,,,,,0.11699672,-0.174429,-0.04571546,0.19644898,0.058412988,0.005921063,0.049422327
,,4.5156,2.2501998,-7.5778327,1683526302755,,0.11790568,0.99786836,0.21889155,,,,,,-0.0054857056,-0.2481437,0.5256185,0.49831736,0.15530346,0.0985543,0.066293046
,,4.515834,2.2443337,-7.412766,1683526303006,,0.7768452,1.09579,0.29816148,,,,,,-0.02121423,-0.2516577,0.67322576,0.43791184,0.13894698,0.075367145,0.065690614
,,5.5613008,2.0642004,-7.5520005,1683526303256,,0.06394884,-0.45949906,-0.14055422,,,,,,0.30757955,-0.13889818,0.2071928,0.1357112,0.041871868,-0.014960961,0.053273395
,,5.615134,2.0615666,-7.5417337,1683526303506,,0.1289635,-1.5077271,-0.44630963,,,,,,0.35126427,-0.061395887,0.24500361,0.015143343,0.0069601885,-0.058570895,0.04903612
,,4.8125,2.1669998,-7.556734,1683526303756,,-0.34585664,0.666267,-0.055955235,,,,,,0.186887,-0.14986989,0.54199517,0.31515205,0.11012791,0.033949863,0.05868941
,,4.3026996,2.0779333,-7.346367,1683526304008,,0.2664535,1.8441247,0.5171862,,,,,,-0.16581802,-0.31569454,0.8010662,0.3120535,0.12400083,0.026732123,0.05999557
,,5.3844666,1.9580333,-7.491467,1683526304258,,-0.047029044,-0.38489208,-0.07607248,,,,,,0.15717362,-0.19846895,0.25719923,0.017776007,0.012485694,-0.06932174,0.052956615
,,5.0424,2.1599002,-7.635233,1683526304762,,0.015321077,0.051825207,-0.21675992,,,,,,0.0994382,-0.1737327,0.24464247,0.13274626,0.06438785,-0.028258972,0.05472989
52.546420000000005,13.058293333333332,5.7976,2.0087335,-7.7341666,1683526305000,2.6,-0.32733813,-1.1538769,-0.4367173,,,,,,0.32644862,-0.049626254,-0.11824438,-0.15880428,-0.055089846,-0.13018933,0.05183711
,,4.318833,2.140967,-7.555699,1683526305013,,-0.113109514,2.1883826,1.121636,,,,,,-0.35968974,-0.39861348,0.41173688,0.304383,0.14562517,0.031294253,0.059354924
,,5.3600326,2.1174667,-7.564532,1683526305264,,0.232081,-0.3177458,-0.12057021,,,,,,-0.043594725,-0.295143,-0.014784161,0.015435426,0.020358767,-0.06718018,0.05836354
,,5.9395323,2.0779002,-7.7007327,1683526305516,,-0.284972,-1.0391687,-0.3934186,,,,,,0.1543205,-0.1210835,-0.33585465,-0.21451983,-0.084699415,-0.14691995,0.062449966
,,5.1792006,2.3088334,-7.8795333,1683526305765,,0.10365041,-0.8391953,-0.6297628,,,,,,-0.061092537,-0.019241579,-0.16877861,0.012159959,0.021026086,-0.060604643,0.056676928
,,4.1254005,2.1690667,-7.578734,1683526306016,,-0.088196106,2.5115907,0.7234213,,,,,,-0.55948627,-0.3028147,0.40622658,0.23934494,0.13683932,0.010965102,0.058032338
,,4.895933,2.0870667,-7.5616336,1683526306269,,0.16706635,0.36384225,-0.28816947,,,,,,-0.2796489,-0.18678604,0.16779335,-0.042770308,-0.005484423,-0.08910487,0.06033408
,,5.7043996,1.8377666,-7.6024995,1683526306520,,-0.1549427,-0.6990408,0.1807887,,,,,,0.0716118,-0.14944099,-0.104524866,-0.32032844,-0.15122324,-0.19564243,0.07126155
,,5.2091336,1.9096665,-7.889933,1683526306770,,-0.206235,-1.3876898,-0.72715163,,,,,,-0.09350705,-0.09819587,-0.12968127,-0.26534712,-0.1325769,-0.16095209,0.067422815
,,4.3755336,1.8978999,-7.6155,1683526307020,,-0.4188649,2.5484946,0.7065015,,,,,,-0.42172247,-0.29401264,0.4159458,-0.039036695,-0.019489877,-0.08236761,0.059926618
,,4.8147335,1.8451664,-7.401965,1683526307272,,0.5907274,0.23847589,-0.4172662,,,,,,-0.4564146,-0.24085508,0.33825523,-0.262968,-0.1344005,-0.16446184,0.066713214
,,5.6580663,1.9139998,-7.746533,1683526307773,,0.4901412,-1.2988276,-0.17346123,,,,,,-0.1331529,-0.11169452,-0.30049288,-0.48137608,-0.26341197,-0.23873784,0.0703082
52.54633666666667,13.058304999999999,5.896933,1.6183331,-7.411633,1683526308000,2.6,-0.163336,-0.830802,0.015321077,,,,,,-0.081023246,-0.28964913,-0.079786666,-0.53739244,-0.28795636,-0.2645622,0.07701149
,,4.7753005,2.2227333,-7.6926007,1683526308023,,-0.6769251,2.7584598,0.8345324,,,,,,-0.44365725,-0.11217284,0.040094502,-0.20985647,-0.103840634,-0.13677222,0.0593422
,,4.8744006,2.0956333,-7.1264334,1683526308274,,0.03903544,0.72395414,-0.06501465,,,,,,-0.58751625,-0.34615287,0.37296245,-0.20659162,-0.10111545,-0.14659174,0.06127149
,,5.999733,2.1196332,-7.4642673,1683526308524,,0.070743404,-0.772049,0.04223288,,,,,,-0.10337834,-0.25016484,-0.40522164,-0.42317876,-0.22303523,-0.23549706,0.07223868
,,5.9499335,2.2836998,-7.761734,1683526308774,,0.24220623,-1.455369,-0.8276046,,,,,,0.040337183,-0.26454487,-0.5983651,-0.31322956,-0.16658029,-0.18757246,0.066354655
,,4.8566003,2.456433,-7.609834,1683526309026,,-0.2315481,1.699174,0.5483613,,,,,,-0.42495206,-0.39511287,-0.10710977,-0.043797724,-0.007879189,-0.079876155,0.058271073
,,4.7322,2.3670998,-7.353935,1683526309276,,0.30349055,0.6240341,0.22102319,,,,,,-0.6887867,-0.5239203,0.013764922,0.011050143,0.02794625,-0.06368828,0.06017945
,,5.8406672,2.1577332,-7.382568,1683526309528,,-0.07607248,-0.85251796,0.07660538,,,,,,-0.2443786,-0.5068017,-0.42288336,-0.25834978,-0.12854436,-0.17396572,0.06914595
,,5.929766,2.3849669,-7.6793675,1683526309780,,-0.08140154,-2.0688782,-0.7440714,,,,,,-0.03531184,-0.23942137,-0.59143585,-0.25993595,-0.13054617,-0.16898061,0.06657715
,,4.7338,2.356467,-7.536334,1683526310029,,0.014255263,1.2152945,0.33679724,,,,,,-0.4953938,-0.42097536,0.0028901736,0.012673485,0.023000745,-0.06391132,0.061413124
,,4.5917664,2.205767,-7.3815,1683526310281,,0.96669334,0.4537703,0.4014122,,,,,,-0.6503895,-0.515728,0.15361585,0.013276768,0.026109513,-0.06955934,0.061767925
,,5.753966,2.0861666,-7.7658,1683526310782,,-0.41353583,-1.44591,-0.62030375,,,,,,-0.0049703596,-0.14464732,-0.41451418,-0.31785947,-0.15654428,-0.19266912,0.069029905
52.546255,13.058323333333332,5.611433,2.0864668,-7.6492333,1683526311000,2.6,-0.19038104,-0.7768452,0.0051958435,,,,,,-0.25584948,-0.27225143,-0.43568164,-0.26022398,-0.12619697,-0.17622405,0.06933535
,,4.575933,2.1437,-7.7247005,1683526311032,,0.09459099,1.402478,0.25059953,,,,,,-0.39792284,-0.24432646,0.10153726,-0.042188622,-0.007408113,-0.090565644,0.062181063
,,4.370066,1.9972665,-7.6826997,1683526311283,,0.82973623,0.7848388,0.11524114,,,,,,-0.525717,-0.37258175,0.19493026,0.0135958735,0.023084076,-0.07102794,0.06356791
,,5.4236326,1.8487333,-7.7825,1683526311534,,-0.26805222,-0.06714629,0.23367973,,,,,,-0.1710013,-0.24243952,-0.2767747,-0.26050884,-0.13225742,-0.16976544,0.0739722
,,5.4867334,1.9709666,-7.992866,1683526311786,,-0.9688249,-0.4087397,-0.35531574,,,,,,-0.08121491,-0.041933727,-0.44005814,-0.3156706,-0.16688189,-0.185049,0.07579941
,,4.6357675,2.0653667,-7.646433,1683526312037,,-0.27551293,1.8393285,0.13162804,,,,,,-0.22617437,-0.24168767,0.28326574,-0.04227148,-0.011694898,-0.08401098,0.066668615
,,4.6679335,2.0214999,-7.4464,1683526312289,,0.6112443,0.7266187,0.23634426,,,,,,-0.23764354,-0.43135166,0.3912838,-0.03566512,-0.018570399,-0.09010959,0.067349344
,,5.687467,1.9986331,-7.557367,1683526312540,,-0.19451106,-0.62869704,0.033839595,,,,,,0.057657402,-0.31604713,-0.13111964,-0.30675066,-0.17893212,-0.18757913,0.07671585
,,5.688666,2.0729,-7.6081,1683526312791,,-0.37223554,-1.620437,-0.55888623,,,,,,0.082481414,-0.27227512,-0.1646185,-0.3601978,-0.21581711,-0.2039675,0.07604465
,,4.577166,2.2725332,-7.5179334,1683526313042,,-0.4352518,2.5231814,0.82440716,,,,,,-0.32928607,-0.38395557,0.28598362,-0.09160432,-0.05197017,-0.10361719,0.06488471
,,4.8949337,2.1520336,-7.148401,1683526313293,,0.54516387,-0.014788169,-0.009992006,,,,,,-0.14413016,-0.58811474,0.5336511,-0.09048303,-0.049816534,-0.10903493,0.06427087
,,5.5302,2.2057002,-7.659467,1683526313797,,-0.06235012,-1.7472688,-0.66000533,,,,,,-0.027740976,-0.21021074,-0.1906038,-0.31193846,-0.17343917,-0.1851862,0.06844007
52.54616666666667,13.058321666666666,5.7135334,2.1747334,-7.516168,1683526314000,2.6,-0.5245137,-0.93232083,-0.026378896,,,,,,-0.0027952194,-0.34244883,-0.19771907,-0.36227444,-0.20881702,-0.20988171,0.0708679
,,4.463734,2.2234,-7.4137335,1683526314046,,-0.16120437,2.870637,1.1492139,,,,,,-0.41724923,-0.3282253,0.45025304,-0.04291038,-0.010230417,-0.08536569,0.05702125
,,4.8973336,2.1643,-7.3863664,1683526314298,,0.33839595,0.21409538,-0.04223288,,,,,,-0.20871858,-0.30330333,0.3246919,-0.10051362,-0.030767174,-0.11318719,0.060941197
,,5.8841004,1.9882,-7.4878993,1683526314549,,-0.5727418,-1.280842,-0.049693577,,,,,,0.12081305,-0.18394734,-0.09875209,-0.3732886,-0.1891553,-0.21225812,0.06726231
,,5.4383326,2.0289,-7.6818666,1683526314799,,-0.11364242,-1.1079136,-0.59645617,,,,,,0.006245907,-0.1354226,-0.06709062,-0.26387465,-0.1290828,-0.16885878,0.06492789
,,4.5418005,2.1473,-7.5044,1683526315052,,-0.17918998,2.3328004,1.3453237,,,,,,-0.25713184,-0.23786809,0.44929346,0.01228687,0.021148477,-0.06649527,0.0593671
,,5.053933,2.0716665,-7.5164,1683526315303,,0.15747403,0.22315481,-0.13749,,,,,,-0.045355305,-0.24909554,0.2353625,-0.099210106,-0.03322088,-0.11288472,0.06472827
,,5.999067,2.0283997,-7.6934996,1683526315553,,-0.43831602,-1.5003997,-0.4167333,,,,,,0.29628113,-0.0753219,-0.24598816,-0.37906393,-0.1824023,-0.20783481,0.070625834
,,5.2651334,2.0107,-7.662166,1683526315804,,-0.18931521,-0.60231817,-0.4890754,,,,,,0.046174042,-0.19804119,0.06775988,-0.15564321,-0.06595363,-0.12645476,0.066296466
,,4.500966,2.2079332,-7.5112667,1683526316055,,0.2490008,1.9335198,1.1211032,,,,,,-0.16527267,-0.2507451,0.49857476,0.06726172,0.051594846,-0.046835218,0.05871097
,,5.134866,2.0057,-7.5047,1683526316308,,-0.09405809,-0.09725553,-0.048094857,,,,,,0.024775568,-0.3289777,0.22784959,-0.099613585,-0.03222888,-0.113919385,0.065087326
,,4.9950666,1.8493667,-7.638032,1683526316810,,-0.17292832,0.23048228,0.027444711,,,,,,-0.07019897,-0.4531737,0.1537954,-0.04081708,-0.011207511,-0.0894958,0.064010896
52.546061666666674,13.058326666666668,5.9951663,1.9204999,-7.7333665,1683526317000,2.6,-0.64721555,-1.4813483,-0.4208633,,,,,,0.3663196,-0.19960044,-0.2398356,-0.32477045,-0.14930871,-0.18944766,0.06402461
,,4.467799,1.9336666,-7.554399,1683526317061,,0.15334399,1.629896,0.9387157,,,,,,-0.24325703,-0.59339726,0.4088005,0.18539056,0.10013345,-0.007338344,0.0577803
,,5.1934996,1.8292001,-7.5972,1683526317312,,0.10831335,-0.528777,-0.069810815,,,,,,-0.08073751,-0.5206368,0.032502126,-0.042261697,-0.0038651873,-0.092442915,0.06214117
,,5.9404325,1.8387334,-7.8101993,1683526317564,,-0.053290702,-1.7673861,-0.51079136,,,,,,0.30292577,-0.3171872,-0.31688341,-0.1559018,-0.06296106,-0.12523814,0.058911208
,,4.7646003,1.9368002,-7.715234,1683526317817,,0.13429257,0.3061551,0.021582734,,,,,,-0.13208058,-0.3419742,0.17862971,0.13250391,0.06764522,-0.03261358,0.05841893
,,4.395567,2.0033,-7.454634,1683526318069,,0.6334932,1.429523,0.27817747,,,,,,-0.17924291,-0.35236496,0.61724126,0.30583638,0.1458817,0.024606768,0.0547828
,,5.3173,1.8847998,-7.3932333,1683526318320,,0.13482547,-0.7958966,0.023714362,,,,,,0.12161802,-0.20511945,0.34751987,0.01928518,0.015705071,-0.0773461,0.05691685
,,5.9859676,1.9184664,-7.7147655,1683526318569,,-0.15547562,-1.7647215,-0.5547562,,,,,,0.56277883,0.0063572843,-0.051919665,-0.15405947,-0.063879296,-0.13474455,0.055473726
,,4.8130665,2.039333,-7.6045327,1683526318821,,0.19144684,1.31255,0.3161471,,,,,,0.13483213,-0.05797192,0.4638259,0.13518421,0.062970996,-0.038557775,0.05555329
,,4.5160666,1.9112998,-7.325867,1683526319074,,0.5225153,1.5219824,0.4034106,,,,,,-0.04801183,-0.27782115,0.7787277,0.19328155,0.09071897,-0.021958666,0.056489453
,,5.563367,1.6348,-7.2476335,1683526319325,,0.42299494,-1.6981082,0.05861977,,,,,,0.18624997,-0.2855115,0.41036412,-0.09778018,-0.030917753,-0.11640219,0.062186755
,,4.807367,1.7117667,-7.4939666,1683526319829,,-0.05755396,0.48387957,0.0137223555,,,,,,0.08439568,-0.2252814,0.5705569,0.074885465,0.045199372,-0.058235433,0.0596241
52.54592833333333,13.058286666666667,5.7495337,1.6252002,-7.7059007,1683526320000,2.6,0.092992276,-1.5283773,-0.5282441,,,,,,0.27443233,-0.15021557,-0.0549637,-0.21633604,-0.07996043,-0.15076558,0.062698625
,,4.352067,1.7461333,-7.330701,1683526320081,,0.57487345,1.1417533,0.61177725,,,,,,-0.20135117,-0.2761027,0.80543935,0.19214272,0.097435005,-0.023790484,0.05800676
,,5.520834,1.6416668,-7.419967,1683526320332,,-0.0856648,-0.6240341,-0.05702105,,,,,,0.22276154,-0.1919419,0.3121596,-0.0971016,-0.029473953,-0.11986532,0.058172617
,,5.7342334,1.7893335,-7.5848002,1683526320582,,0.039568346,-1.524114,-0.5953904,,,,,,0.29781055,0.027527137,0.08837598,-0.21327318,-0.08203301,-0.15756974,0.057230536
,,4.7778673,2.0796003,-7.6299663,1683526320831,,-0.21196376,0.502931,-0.163336,,,,,,0.086522214,0.03723984,0.46365002,0.07384292,0.04672223,-0.058928523,0.049180113
,,4.4548335,2.1028,-7.3292,1683526321082,,0.56901145,1.5098587,0.571676,,,,,,-0.14783475,-0.11901656,0.7601672,0.132261,0.07452085,-0.044213794,0.049166083
,,5.4279,2.02,-7.5902333,1683526321332,,0.2733813,-0.47428724,-0.16493472,,,,,,0.07233947,-0.029159615,0.08671236,-0.15651843,-0.056240357,-0.135896,0.05541627
,,5.753133,2.0304334,-7.694299,1683526321582,,-0.14535038,-1.4252598,-0.64468426,,,,,,0.213054,0.08544219,-0.09720101,-0.32928485,-0.14009121,-0.18954748,0.060041
,,4.816833,2.107633,-7.5907335,1683526321834,,-0.23314682,0.65467626,-0.030642154,,,,,,-0.035536896,-0.031648565,0.39091465,-0.042958286,-0.008336416,-0.09020077,0.057735927
,,4.367567,2.0656002,-7.4550676,1683526322084,,0.31667998,1.5109246,0.8292033,,,,,,-0.2634669,-0.20167835,0.61660254,0.1295424,0.0724252,-0.031827305,0.058084913
,,5.3249993,1.9655999,-7.435134,1683526322333,,0.014255263,-0.12470024,-0.1025846,,,,,,-0.022945898,-0.13812232,0.22448793,-0.15552635,-0.061558135,-0.13095227,0.06195718
,,4.8457007,2.0121999,-7.6006336,1683526322835,,-0.26125765,0.13535838,-0.13056222,,,,,,-0.13969557,-0.15677239,0.2774536,-0.042243477,-0.0077897925,-0.09115722,0.056460313
52.545805,13.058218333333333,5.8298,1.9192334,-7.5692997,1683526323000,2.6,-0.2051692,-1.5198507,-0.38129497,,,,,,0.18282127,-0.054613877,-0.058612935,-0.32749924,-0.1433782,-0.1883864,0.064619265
,,4.2551,1.9182333,-7.4776006,1683526323085,,0.22688515,1.8689048,0.735012,,,,,,-0.42804134,-0.40875447,0.5297958,0.18710616,0.10405457,-0.01761011,0.05365759
,,5.278066,1.8006667,-7.640068,1683526323336,,-0.11470823,0.1195044,0.13269384,,,,,,-0.13954347,-0.31120345,-0.067216806,-0.096449964,-0.030603636,-0.11927773,0.059890356
,,5.7715664,1.6529002,-7.7876997,1683526323585,,-0.502931,-1.2560618,-0.32787102,,,,,,-0.020998478,-0.18760362,-0.41031197,-0.32539272,-0.13469826,-0.2022781,0.06887186
,,4.9417653,1.7061,-7.790599,1683526323840,,-0.0512923,-0.2739142,-0.33679724,,,,,,-0.2305918,-0.22582291,-0.021641461,-0.09740381,-0.03040216,-0.119652525,0.061237756
,,4.2505665,1.6764,-7.601733,1683526324090,,0.2569944,1.8514521,0.86517453,,,,,,-0.5080896,-0.34690934,0.38798803,0.13381673,0.07604936,-0.045330446,0.058187213
,,5.177367,1.6400334,-7.7115674,1683526324342,,0.21729283,-0.0876632,-0.21036504,,,,,,-0.20761903,-0.15039372,-0.047781944,-0.15564647,-0.052735396,-0.14030986,0.06410932
,,5.7663007,1.6729332,-7.7705665,1683526324594,,-0.37330136,-0.95083934,-0.78270715,,,,,,-0.0011116028,0.11069784,-0.28300217,-0.3862692,-0.15874787,-0.21711855,0.07013896
,,4.8327336,1.7898667,-7.7572994,1683526324843,,-0.015321077,-0.24686918,-0.369571,,,,,,-0.33357745,0.033861987,0.11775502,-0.16121109,-0.052627206,-0.12850578,0.06091822
,,4.274533,1.9427668,-7.810632,1683526325095,,-0.08140154,1.8605115,0.6208367,,,,,,-0.5110469,-0.14899527,0.24358386,0.06627616,0.053612154,-0.044410944,0.0523796
,,5.1256,1.9468668,-7.9024,1683526325348,,-0.16440181,-0.2659206,-0.034905408,,,,,,-0.30391183,-0.1365142,-0.29293308,-0.15774968,-0.055455305,-0.13045113,0.059261464
,,5.139133,2.1796,-7.787066,1683526325852,,0.021049827,-0.18505196,-0.36277646,,,,,,-0.21765146,-0.17844282,-0.17749691,-0.1005479,-0.03230828,-0.10529782,0.05638486
52.545678333333335,13.058181666666666,5.8443,2.0726001,-8.027666,1683526326000,2.6,-0.11897149,-1.2391421,-0.3944844,,,,,,-0.03193687,0.027361568,-0.6818239,-0.38577855,-0.16589108,-0.20781207,0.062414423
,,4.550533,2.3051,-7.584267,1683526326102,,0.36224353,1.5347722,0.8535838,,,,,,-0.4808723,-0.3599055,0.14979807,0.12645087,0.07825439,-0.023934912,0.050820254
,,5.467833,2.2517,-7.4124007,1683526326354,,-0.0051958435,0.06448175,-0.222089,,,,,,-0.13749334,-0.29163745,-0.051750947,-0.09341944,-0.039329685,-0.11136339,0.06130744
,,6.0456333,2.2535002,-7.341834,1683526326605,,-0.3823608,-1.3130828,-0.3257394,,,,,,0.09007297,-0.10188491,-0.15805538,-0.31234783,-0.16294973,-0.19567207,0.06944849
,,5.209967,2.3217,-7.218001,1683526326857,,-0.28390622,0.11897149,-0.108846255,,,,,,-0.15118577,-0.20482537,0.3416521,-0.095013395,-0.044022877,-0.10372608,0.06454604
,,4.620766,2.3292665,-7.0524006,1683526327108,,0.3161471,1.4325873,0.94551027,,,,,,-0.4414326,-0.3999378,0.63953245,0.1263501,0.074810274,-0.017780602,0.062214855
,,5.386166,2.3044333,-7.2104006,1683526327361,,0.0025313082,-0.03117506,-0.15600853,,,,,,-0.24914113,-0.25327668,0.13058704,-0.14901522,-0.073855974,-0.12558067,0.070163205
,,6.038566,2.2030334,-7.4473996,1683526327613,,-0.72981614,-1.3141487,-0.5472955,,,,,,0.098677635,-0.17720994,-0.24524862,-0.36822465,-0.19906206,-0.20789456,0.075181775
,,5.034267,2.4187665,-7.576767,1683526327863,,-0.04436451,0.5584865,0.1294964,,,,,,-0.27641964,-0.22261684,-0.024552187,-0.09720588,-0.04352263,-0.09960787,0.068556994
,,4.498267,2.428033,-7.256467,1683526328116,,0.24273914,1.6135092,0.8990141,,,,,,-0.4912813,-0.39711425,0.4622957,0.064045854,0.053081565,-0.034897566,0.060129948
,,5.2476664,2.3902333,-7.2911005,1683526328366,,0.38489208,-0.30935252,-0.29563016,,,,,,-0.31111813,-0.20600982,0.0997152,-0.1522902,-0.07062624,-0.122938804,0.06920591
,,4.9925327,2.309133,-7.625733,1683526328868,,-0.20037304,0.17186251,0.11470823,,,,,,-0.26121247,-0.2778931,-0.008429432,-0.15322009,-0.074344076,-0.118780755,0.068479456
52.545551666666675,13.058176666666668,5.8295665,2.2334006,-7.513833,1683526329000,2.6,-0.41300294,-1.6749268,-0.3611777,,,,,,-0.024323957,-0.1448444,-0.2462036,-0.36954316,-0.19775824,-0.20742919,0.07571546
,,4.5115666,2.3836331,-7.521433,1683526329122,,0.14215295,1.2427392,1.1946443,,,,,,-0.47324887,-0.419209,0.19913656,0.06569167,0.050265964,-0.034566835,0.06339935
,,5.3809333,2.1890333,-7.5832663,1683526329372,,-0.015853984,-0.369571,0.004662936,,,,,,-0.19549909,-0.37464684,-0.17807685,-0.21131903,-0.095455095,-0.14208011,0.06276117
,,5.879866,2.154067,-7.8376665,1683526329625,,-0.27964294,-1.7087663,-0.26538768,,,,,,0.06559164,-0.2091996,-0.5199734,-0.38284904,-0.17637554,-0.20262662,0.06259896
,,5.087833,2.2944999,-7.8414326,1683526329876,,-0.09032774,0.56048495,-0.10205169,,,,,,-0.03588338,-0.2658683,-0.13588378,-0.1018095,-0.03667878,-0.10160136,0.058463108
,,4.4919333,2.4377666,-7.6861672,1683526330129,,0.84292567,1.2861711,0.67585933,,,,,,-0.23400101,-0.2863115,0.220673,0.17804788,0.10793214,9.200046E-4,0.053630475
,,5.298733,2.3120663,-7.537833,1683526330387,,0.14961365,-0.17492673,-0.3685052,,,,,,0.058156807,-0.15087661,0.12057417,-0.045548785,-0.007302302,-0.081959754,0.056633007
,,5.652867,2.1329668,-7.4313335,1683526330637,,-0.095656805,-1.1766586,-0.22994937,,,,,,0.17619263,-0.07082705,0.16708009,-0.26944146,-0.1251473,-0.16358943,0.05974635
,,4.8750997,2.2815666,-7.450434,1683526330889,,-0.4377831,0.34852117,-0.06554756,,,,,,-0.022748534,-0.042662445,0.49509034,-0.044059984,-0.016004542,-0.07838364,0.058060728
,,4.3499327,2.3084333,-7.382234,1683526331141,,-0.09139355,2.219025,0.78270715,,,,,,-0.19923018,-0.20753089,0.7141928,0.18557794,0.09210598,-5.000293E-4,0.05978568
,,5.1612673,2.0490003,-7.2766333,1683526331390,,0.24273914,-0.3690381,0.013189448,,,,,,-0.06113824,-0.2802763,0.4447382,-0.098560445,-0.042464074,-0.10137,0.060332667
,,5.130234,2.0354998,-7.657466,1683526331890,,-0.12310152,-0.9746869,-0.45110577,,,,,,-0.06194075,-0.17990232,0.12645313,-0.21354713,-0.09727283,-0.13967028,0.05895359
52.54541833333333,13.058141666666666,5.7920337,2.0013998,-7.484433,1683526332000,2.6,-0.08406608,-1.0227817,-0.17186251,,,,,,0.15887925,-0.09111499,0.043085672,-0.3827299,-0.17947482,-0.20330183,0.065679334
,,4.303434,2.1162333,-7.6268663,1683526332141,,-0.19344525,2.3709033,0.77577937,,,,,,-0.36817786,-0.269298,0.39316782,0.068523794,0.05183234,-0.048991267,0.057437573
,,5.1142335,2.0294003,-7.5945325,1683526332391,,0.31987745,0.34945378,-0.11097788,,,,,,-0.07801596,-0.24983053,0.123405665,-0.15388694,-0.06622776,-0.13051023,0.060992137
,,5.7639003,1.8505332,-7.6271334,1683526332641,,-0.4377831,-0.8561151,-0.15800692,,,,,,0.04460236,-0.16608354,-0.21008113,-0.37371987,-0.18520574,-0.21605164,0.073007315
,,5.5649004,1.9500668,-7.864867,1683526332892,,-0.051825207,-1.4601651,-0.35478285,,,,,,0.06639273,-0.113282986,-0.26423168,-0.376641,-0.1904209,-0.20436135,0.06617567
,,4.691966,1.9484332,-7.7302675,1683526333144,,0.033839595,0.94551027,0.3262723,,,,,,-0.20197706,-0.31863597,0.16525145,-0.094618306,-0.043242533,-0.112505086,0.061286233
,,4.8756003,1.9160998,-7.4042664,1683526333397,,0.42139623,1.868372,0.55155873,,,,,,-0.14887744,-0.3287698,0.41386968,-0.15102908,-0.0711802,-0.13308752,0.063276
,,6.019334,1.8305668,-7.636866,1683526333650,,-0.015321077,-0.937117,0.22528644,,,,,,0.26869425,-0.17811508,-0.23824215,-0.4301596,-0.21483737,-0.23472102,0.07205598
,,5.7239347,1.7267002,-7.505166,1683526333902,,-0.08872902,-1.7605915,-0.39768186,,,,,,0.06584873,-0.19489826,-3.4588177E-4,-0.4375114,-0.20618364,-0.22769333,0.06977255
,,4.841867,1.9541668,-7.7004,1683526334155,,-0.09725553,0.77258193,0.26805222,,,,,,-0.0951629,-0.14588483,0.21664643,-0.15520824,-0.06605817,-0.13127798,0.059788384
,,4.4579,1.9936334,-7.517099,1683526334406,,0.8646416,1.6425526,0.31934452,,,,,,-0.2264758,-0.12911968,0.53351647,0.07372694,0.047069073,-0.05780267,0.059496105
,,5.522066,1.6855665,-7.602033,1683526334908,,-0.4457767,-0.46482813,-0.023181455,,,,,,-0.12767845,0.016552452,-0.0521547,-0.3265253,-0.14057401,-0.19363683,0.07216475
52.54530833333333,13.05812,5.412699,1.7513999,-7.5061,1683526335000,2.6,-0.13216093,-0.8571809,-0.11630695,,,,,,0.009817744,-0.08157938,0.15539816,-0.20990467,-0.09045503,-0.15541331,0.06780338
,,4.8852,1.6757333,-7.536334,1683526335159,,-0.3521183,-0.0876632,0.044897415,,,,,,-0.37878433,-0.11717328,0.3118809,-0.15941791,-0.0643169,-0.11816029,0.057307806
,,4.5685334,1.8351667,-7.8212667,1683526335408,,-0.12216893,0.16493472,0.60071945,,,,,,-0.4914508,-0.10976168,0.13681266,0.13444906,0.052019324,-0.014901947,0.054253694
,,5.0613666,1.7693,-7.8081,1683526335659,,-0.04916067,-0.65893954,0.061817214,,,,,,-0.3697963,-0.13941751,-0.0035374642,0.13936211,0.026781777,0.0024924804,0.052234687
,,4.7121,1.7985,-8.158267,1683526335911,,-0.4357847,0.30402344,0.1025846,,,,,,-0.6619418,-0.1320985,-0.31507248,0.20721808,0.022997145,0.021195482,0.058692906
,,4.687533,1.9156334,-8.386001,1683526336162,,-0.033306688,-0.3161471,0.45736745,,,,,,-0.20215705,-0.32296723,-0.25278762,0.5056141,0.1101609,0.12687963,0.05960759
,,4.3222995,2.1914003,-8.6658,1683526336413,,0.43631762,-0.051825207,0.06554756,,,,,,-0.15193966,-0.29824442,-0.33645934,0.8100837,0.18995824,0.21840137,0.068456195
,,4.492433,2.2509003,-8.589832,1683526336663,,-0.65414333,0.50186515,-0.01638689,,,,,,0.22392179,-0.3406861,-0.18082935,0.94072765,0.19337848,0.2452314,0.08658518
,,4.525567,2.2935336,-8.336333,1683526336914,,0.18185452,-0.8361311,-0.17545964,,,,,,0.3787937,-0.34514698,0.12289664,0.95093524,0.15153998,0.23520523,0.101828255
,,4.3687,2.4081333,-8.3091,1683526337165,,0.0073274714,-0.15853983,-0.092992276,,,,,,0.43494684,-0.21799955,0.2653599,0.95950234,0.118861035,0.22041437,0.11151409
,,4.9791336,2.3847666,-8.243033,1683526337416,,0.08619771,0.31201705,0.18558486,,,,,,1.0277116,-0.2398695,0.3263763,0.9630497,0.09468555,0.21892905,0.116903014
,,4.2820673,2.2594001,-7.9230986,1683526337916,,-0.44950706,0.7180922,0.29669598,,,,,,0.27416134,-0.19338827,0.6762933,0.9667388,0.06714252,0.21763411,0.11411378
52.545224999999995,13.058075,4.2831006,2.3837667,-8.161099,1683526338000,2.6,-0.37170264,-0.112576604,0.08406608,,,,,,0.34826618,-0.13932578,0.44943005,0.96611625,0.078023836,0.21533714,0.11566457
,,4.2082663,2.2241335,-8.003266,1683526338170,,-0.06927791,-1.1967759,0.035837997,,,,,,0.05655724,-0.18284181,0.5385122,0.9658413,0.057295404,0.22420368,0.11368808
,,4.3322663,2.4027333,-8.478232,1683526338431,,0.36064482,0.79962695,0.15907274,,,,,,0.207674,0.03634457,0.089309216,0.9669554,0.044533413,0.22077557,0.11430678
,,4.4738007,2.2257335,-8.453733,1683526338680,,-0.12363443,-0.90221155,-0.75619507,,,,,,0.29018593,-0.1531329,0.08305896,0.9664421,0.031299137,0.22243038,0.117815934
,,3.8077672,2.2608333,-8.1954,1683526338932,,0.32254195,1.6065814,0.53197443,,,,,,-0.13304256,-0.14708945,0.42162755,0.96892565,0.02335363,0.20833316,0.121124506
,,4.5115337,2.4266,-8.156532,1683526339182,,0.6747935,0.8890221,-0.3241407,,,,,,0.40177825,0.08825226,0.36907437,0.96668994,0.020110227,0.21739998,0.11773714
,,5.017733,2.2943666,-8.1962,1683526339433,,0.14268585,-0.21942446,-0.34998667,,,,,,0.5315568,0.15890747,0.12115787,0.95972055,0.034119237,0.23913687,0.1008105
,,5.232767,2.4029999,-8.1618,1683526339685,,-0.19930722,-1.508793,-1.1248335,,,,,,0.60160434,0.4113568,0.096590854,0.9542049,0.064425305,0.24872398,0.08327124
,,4.852834,2.1304,-7.8074,1683526339935,,-0.1300293,0.68012255,-0.5271782,,,,,,0.40695456,0.0722668,0.49742934,0.9458574,0.12003155,0.24617074,0.0767177
,,4.5655003,2.2062335,-7.7752995,1683526340185,,-0.06288303,1.7013056,0.8863576,,,,,,0.14233555,0.00703036,0.47856903,0.93049926,0.18887399,0.25422347,0.06650705
,,5.598399,2.0860667,-7.8599987,1683526340435,,-0.055955235,0.19557688,-0.4457767,,,,,,0.46215698,-0.04420701,-0.0047719954,0.62818986,0.11995334,0.166954,0.053359803
,,5.0479336,2.1549668,-7.7497325,1683526340939,,-0.09459099,-0.7392752,-0.5822009,,,,,,0.057357397,-0.3426642,0.081523485,0.26340935,0.067565106,0.020671612,0.0542537
52.54515833333333,13.058008333333332,5.4881005,2.0175002,-7.774434,1683526341000,2.5,-0.11044498,-1.5992539,-0.43152145,,,,,,0.10967805,-0.17873004,-0.11611309,0.33317408,0.04112347,0.057021596,0.049879983
,,4.244867,2.1805,-7.682967,1683526341190,,-0.19091393,2.3242738,1.2010392,,,,,,-0.4361692,-0.64554524,0.21020317,0.24601679,0.11502035,0.013457098,0.061606985
,,5.2481003,2.2068331,-7.564333,1683526341443,,-0.033839595,-0.1289635,-0.2744471,,,,,,-0.10419276,-0.5780185,-0.07851847,-0.039152566,-0.014923278,-0.08573883,0.056496732
,,5.8919344,2.1926334,-7.644633,1683526341694,,-0.04543032,-1.1978418,-0.13109513,,,,,,0.11898282,-0.43655092,-0.3786732,-0.3185163,-0.15783067,-0.19141237,0.058256995
,,5.218633,2.3229334,-7.597334,1683526341945,,-0.12216893,-0.99626964,-0.51665336,,,,,,-0.1194115,-0.4138076,-0.061704095,-0.1514418,-0.075013526,-0.12310559,0.055341348
,,4.3202333,2.4044664,-7.5378003,1683526342196,,-0.21302958,2.3994138,1.3390621,,,,,,-0.51370347,-0.5433356,0.24072951,0.12116942,0.08045316,-0.016517716,0.054646924
,,4.9233994,2.360267,-7.4575,1683526342451,,0.14055422,0.05861977,-0.13162804,,,,,,-0.36845645,-0.48631895,0.028840574,-0.095547184,-0.043661777,-0.10529961,0.061233446
,,5.852966,2.4118338,-7.5891676,1683526342702,,0.037969623,-1.6103117,-0.41193712,,,,,,0.1142567,-0.19242506,-0.2950195,-0.36685488,-0.20402892,-0.20887391,0.06320621
,,4.869367,2.4194,-7.6719007,1683526342954,,-0.21356249,0.12363443,-0.48601118,,,,,,-0.30758986,-0.26023185,-0.025597477,-0.1520052,-0.077062115,-0.12085185,0.060934093
,,4.414666,2.4387665,-7.402933,1683526343204,,0.74034107,1.0301093,0.97681856,,,,,,-0.47463074,-0.41538313,0.37214577,0.009206577,0.021145396,-0.05771839,0.05546632
,,5.0259,2.3237998,-7.4852653,1683526343456,,-0.010524914,-0.9307221,0.012656542,,,,,,-0.32192662,-0.37671492,0.009817044,-0.153832,-0.069200985,-0.12554413,0.0647692
,,4.6626334,2.4392998,-7.527066,1683526343964,,-0.48760992,2.6823874,0.8799627,,,,,,-0.25904658,-0.21422751,0.2819691,-0.044038806,-0.00991112,-0.083332166,0.059691012
52.54505833333333,13.057963333333332,5.782466,2.3609664,-7.575832,1683526344000,2.3,-0.46429524,-1.3321342,-0.63189447,,,,,,0.18689343,-0.14407144,-0.13539457,-0.3170481,-0.16674614,-0.18434818,0.060366374
,,4.8041005,2.4104664,-7.5003667,1683526344213,,0.3526512,0.24473755,-0.29616308,,,,,,-0.10852683,-0.29442942,0.29644832,0.008591578,0.025861187,-0.06313504,0.05574571
,,5.4469333,2.3465998,-7.5009,1683526344464,,-0.3241407,-1.6658673,-0.6155076,,,,,,0.028494246,-0.15864334,0.041122183,-0.21029758,-0.09938984,-0.14422254,0.06085921
,,5.2335997,2.343567,-7.581432,1683526344713,,-0.1813216,0.36384225,-0.112576604,,,,,,0.047719344,-0.12762706,0.10523503,-0.15373667,-0.0706312,-0.12631246,0.06279782
,,4.7695675,2.4914997,-7.3433657,1683526344964,,0.8831601,1.6172396,0.27764454,,,,,,-0.052137613,-0.14746991,0.54862595,0.010195118,0.020511441,-0.061285965,0.055288475
,,5.0841994,2.2547662,-7.518132,1683526345215,,-0.9084732,-1.7176925,-0.16813216,,,,,,-0.08756838,-0.26059434,0.11987797,-0.09650576,-0.038705688,-0.11124679,0.06923948
,,5.886866,2.2151332,-7.6163664,1683526345464,,0.13322675,-1.8991474,-0.46802557,,,,,,0.35646534,-0.18368249,-0.11264774,-0.26354966,-0.13393427,-0.16236262,0.062511384
,,4.7339664,2.1883001,-7.5114,1683526345716,,-0.060751397,1.9123368,0.6810551,,,,,,-0.1491011,-0.30538762,0.3165411,-0.037346914,-0.01630633,-0.09270684,0.067642
,,4.7749333,2.1719005,-7.422167,1683526345966,,0.46695977,1.0507594,-0.095656805,,,,,,0.0056939283,-0.37832204,0.46720693,0.07280769,0.044950172,-0.05031788,0.06346333
,,5.4613333,2.0120337,-7.5355,1683526346219,,-0.62922996,-0.8788969,-0.163336,,,,,,0.07475924,-0.30988878,0.006112067,-0.14789928,-0.072231516,-0.13557373,0.06982864
,,5.559633,2.0020335,-7.716467,1683526346471,,-0.0343725,-1.8752998,-0.5584865,,,,,,0.117539525,-0.28406528,-0.17738503,-0.14693446,-0.07696845,-0.13106385,0.06753235
,,4.736766,2.1974335,-7.4315,1683526346973,,0.5203837,0.29762855,0.020516919,,,,,,-0.3233867,-0.27495596,0.28916726,0.07429174,0.046316043,-0.05321874,0.06309281
52.54494833333333,13.057946666666664,4.4540668,2.1801999,-7.3738666,1683526347000,2.3,0.033839595,1.8647748,0.8017586,,,,,,-0.33665782,-0.37924805,0.5282713,0.13291147,0.0644403,-0.02776965,0.061723683
,,5.7655334,2.014467,-7.4968014,1683526347223,,-0.45110577,-0.8920863,-0.14908074,,,,,,-0.06095101,-0.15862599,-0.1541244,-0.21374787,-0.08343875,-0.14766997,0.0620617
,,5.6046667,2.0679004,-7.5509005,1683526347475,,-0.3839595,-1.6610712,-0.740874,,,,,,-0.12546179,-0.069965884,-0.114030346,-0.1571114,-0.058658578,-0.12408323,0.056241397
,,4.690034,2.292867,-7.541534,1683526347726,,0.07607248,0.97042364,0.29349855,,,,,,-0.30231202,-0.03513733,0.30943057,0.12956642,0.07226162,-0.027106587,0.054554287
,,4.6398335,2.2592,-7.4971666,1683526347976,,0.7324807,1.6209699,0.3013589,,,,,,-0.30632046,-0.0019857367,0.3943979,0.13078827,0.071934186,-0.030722626,0.05585251
,,5.712034,1.9846332,-7.645133,1683526348229,,-0.22994937,-0.37436718,-0.0137223555,,,,,,0.101849586,0.046280585,-0.11865295,-0.15470801,-0.057783134,-0.13500835,0.058822967
,,5.6182675,1.9460003,-7.591367,1683526348481,,-0.6863842,-0.7081002,-0.2812417,,,,,,0.0020699182,0.043070413,-0.050969504,-0.21056454,-0.088581696,-0.15557416,0.061886206
,,5.1275997,2.1321,-7.487767,1683526348731,,-0.017852385,-0.47748467,-0.15227818,,,,,,-0.06833422,-0.0473435,0.2935033,0.020530356,0.0066351094,-0.06715177,0.05629698
,,4.537367,2.2427,-7.5417666,1683526348982,,0.043298695,0.6683986,0.2664535,,,,,,-0.33191174,-0.10751684,0.36265647,0.1371562,0.061290663,-0.03541992,0.065478034
,,5.3136325,2.1577334,-7.4812,1683526349233,,0.90221155,1.1390887,0.2395417,,,,,,-0.022483349,-0.11289416,0.20194559,0.017507141,0.012408769,-0.062535785,0.058091447
,,5.7354665,1.9406,-7.5605,1683526349483,,-0.5198508,-0.33999467,-0.09459099,,,,,,-0.012163448,-0.14390613,-0.15330614,-0.15446265,-0.059193566,-0.13038059,0.067428745
,,4.8473334,2.213267,-7.461267,1683526349988,,-0.02211564,-0.57793766,-0.35851318,,,,,,-0.23676422,-0.12713791,0.35400006,0.19051927,0.089230865,-0.0020839295,0.057302244
52.54485,13.057931666666665,5.520533,2.1514,-7.535533,1683526350000,2.3,-0.41353583,-1.1819878,-0.38702372,,,,,,-0.06436532,-0.038092144,0.0027835846,-0.1010338,-0.032499854,-0.10204675,0.056617394
,,4.5782666,2.2086332,-7.4654,1683526350239,,0.6324274,1.8705035,0.86837196,,,,,,-0.37003118,-0.10594904,0.420169,0.2538267,0.10537187,0.012089151,0.061302006
,,5.5821,1.9902002,-7.402867,1683526350489,,0.05702105,-0.08140154,-0.092992276,,,,,,0.015575886,-0.034122884,0.14261498,-0.037410907,-0.0137292305,-0.09004496,0.059727248
,,5.785934,1.8925999,-7.4815664,1683526350742,,-0.5225153,-1.1989075,-0.5626166,,,,,,-0.0069812774,0.03421526,-0.07301898,-0.21255478,-0.08072211,-0.15718135,0.063327186
,,5.2230005,2.1660001,-7.567433,1683526350996,,-0.010524914,-0.84985346,-0.48760992,,,,,,-0.10803194,0.033528946,0.12970145,0.07771494,0.03252225,-0.044486556,0.0570757
,,4.5331664,2.2206664,-7.4004664,1683526351248,,0.10778044,1.7123635,0.98681056,,,,,,-0.3392774,-0.13155909,0.5129708,0.31356514,0.12556754,0.03275917,0.06665551
,,5.1450663,2.1873999,-7.5617003,1683526351502,,0.4177991,0.41247,-0.1289635,,,,,,-0.18914986,-0.060555313,0.08849605,0.13551442,0.05771974,-0.022887798,0.061992846
,,5.896333,2.0060334,-7.570668,1683526351753,,-0.27657872,-0.76312286,0.035837997,,,,,,-0.014780116,-0.02291326,-0.25821078,-0.15849607,-0.05254614,-0.12761748,0.06199656
,,5.604833,2.1992,-7.689034,1683526352003,,0.058086865,-1.6997069,-0.6208367,,,,,,-0.096516415,0.046409916,-0.21802662,-0.043179445,-0.01020101,-0.07762563,0.055232543
,,4.6584997,2.314833,-7.736933,1683526352255,,0.026378896,0.8555822,0.02211564,,,,,,-0.38873327,-0.09297549,0.0743427,0.251088,0.105690494,0.018870255,0.05870593
,,4.576467,2.2850664,-7.5145664,1683526352505,,0.34372503,1.7780442,0.3061551,,,,,,-0.45685726,-0.11890605,0.2969443,0.19032507,0.08988749,-0.005126068,0.056375757
52.544773333333325,13.057926666666667,5.544533,2.1277335,-7.702267,1683526353000,2.4,-0.12629896,-0.03530509,-0.13109513,,,,,,-0.076481864,-0.05490397,-0.2270313,-0.09805549,-0.032561224,-0.11098674,0.052801557
,,5.6116004,2.0666,-7.5912004,1683526353009,,-0.23794298,-0.94657606,-0.22941646,,,,,,-0.06039416,-0.101060234,-0.14983788,-0.20959324,-0.08939195,-0.15662208,0.05693559
,,5.2649336,2.287233,-7.791534,1683526353259,,-9.3258725E-4,-1.111644,-0.4188649,,,,,,-0.003406922,-0.1177661,-0.09976724,0.019664258,0.006813846,-0.06432243,0.05095271
,,4.3163667,2.2722666,-7.621233,1683526353510,,0.24580336,1.3258727,0.5075939,,,,,,-0.46440315,-0.30141398,0.27809697,0.19193698,0.09253182,-0.015280758,0.059049644
,,4.9951673,2.2112668,-7.563466,1683526353759,,0.41566747,1.152811,0.121636026,,,,,,-0.251877,-0.25518474,0.11191375,-0.03994913,-0.0133167105,-0.086478755,0.053497244
,,5.6614337,1.9540001,-7.6452656,1683526354011,,-0.023714362,-0.34798828,0.15707435,,,,,,-0.08637009,-0.2851446,-0.2964709,-0.26132184,-0.12532762,-0.17589673,0.06803247
,,5.369333,2.0197666,-7.5640655,1683526354261,,-0.33000267,-0.66573405,-0.06288303,,,,,,-0.32045522,-0.18495621,-0.14803846,-0.25897828,-0.13420738,-0.17061459,0.07188498
,,4.9683995,2.0387332,-7.6222997,1683526354525,,-0.33160138,-1.5643486,-0.4277911,,,,,,-0.4223598,-0.24697106,-0.0062147616,-0.14690624,-0.081861086,-0.122861296,0.066349454
,,4.485534,2.1111333,-7.541899,1683526354778,,0.0051958435,1.8816947,0.83240074,,,,,,-0.7050991,-0.2379021,0.15143648,-0.089642115,-0.051634703,-0.10876027,0.0725949
,,5.3830338,1.9696001,-7.4266,1683526355029,,0.29816148,0.18451905,0.27711165,,,,,,-0.46313572,-0.23431428,-0.09891291,-0.31701964,-0.16172194,-0.18563628,0.06708667
,,5.680033,1.8707,-7.555167,1683526355285,,-0.95350385,-0.6806555,0.2812417,,,,,,-0.455835,-0.22135107,-0.45773444,-0.37575853,-0.17246045,-0.21819976,0.07019528
,,5.4406667,2.1931336,-7.668067,1683526355537,,-0.35584864,-1.2380762,-0.29403144,,,,,,-0.42320058,-0.071654,-0.3667448,-0.15184613,-0.07431178,-0.12046053,0.055479176
52.544686666666664,13.057926666666667,4.6538672,2.1964,-7.6770997,1683526356000,2.2,-0.28177458,1.1243006,0.49920064,,,,,,-0.6559265,-0.33829153,-0.10160804,0.13980313,0.040363815,-0.022891294,0.060470667
,,4.7329655,2.3572667,-7.6726346,1683526356039,,0.19038104,0.9572342,0.67745805,,,,,,-0.6704256,-0.2731446,-0.20159958,0.31978735,0.08498729,0.046752375,0.0735327
,,5.6955,1.9694002,-7.6785674,1683526356291,,-0.565814,-0.71023184,0.4372502,,,,,,-0.3200003,-0.4858564,-0.578174,0.32601815,0.032763846,0.075913005,0.07291241
,,5.6494,2.2472334,-7.9964666,1683526356542,,-0.079269916,-1.5018651,-0.0702105,,,,,,-0.17813031,-0.25666326,-0.75169015,0.56609637,0.07563715,0.17081197,0.08568595
,,4.9053006,2.3710668,-7.798367,1683526356794,,-0.12789768,0.8920863,0.8614442,,,,,,-0.18655084,-0.41867453,-0.1284646,0.86878467,0.1298687,0.26802874,0.103406794
,,4.8732996,2.3033333,-7.6586995,1683526357045,,0.65467626,0.2548628,0.55209166,,,,,,-0.09807782,-0.5304287,0.07144681,0.9343544,0.088692,0.28049666,0.12562016
,,5.8108664,2.2032,-7.7887325,1683526357298,,-0.23367973,-1.0909939,0.14002131,,,,,,0.36977157,-0.35587567,-0.25383925,0.9327864,0.02201316,0.29745728,0.12901387
,,5.7809997,2.1438003,-7.8760324,1683526357552,,-0.15334399,-1.5009326,-0.6256328,,,,,,0.6199763,-0.23391816,-0.11929555,0.9393911,-0.037174545,0.27279094,0.13404398
,,4.794466,2.3363335,-7.626633,1683526357802,,-0.19451106,2.287237,1.1306955,,,,,,0.47657123,-0.13677402,0.60295826,0.9517076,-0.08329178,0.21789193,0.1494685
,,5.0609336,2.1585,-7.5216336,1683526358053,,0.2585931,0.020516919,-0.4516387,,,,,,0.71341056,-0.25261828,0.70699555,0.94851047,-0.12492027,0.21314372,0.15974909
,,5.6537,2.1348333,-7.638566,1683526358305,,0.079802826,-1.3987477,-0.06288303,,,,,,0.7866815,-0.030546714,0.3713299,0.93987745,-0.15568797,0.23816071,0.15788428
,,5.325934,2.0874333,-7.751767,1683526358561,,-0.25219825,-0.72715163,-0.59179324,,,,,,0.71143025,-0.05969239,0.40540224,0.94214576,-0.1687026,0.22182234,0.15660253
52.54462333333333,13.057868333333333,4.5634003,2.2234333,-7.5531006,1683526359000,2.2,0.1195044,1.440048,1.0502264,,,,,,0.35618305,-0.14421377,0.77545166,0.94645983,-0.17039783,0.19713725,0.16430876
,,5.1236005,2.1207335,-7.530467,1683526359062,,0.07394085,-0.060751397,-9.3258725E-4,,,,,,0.47550762,-0.23377551,0.5295118,0.93874985,-0.17288171,0.221648,0.17003077
,,5.8619013,2.2838666,-7.8004665,1683526359314,,-0.777911,-1.6272316,-0.95190513,,,,,,0.69140947,0.052210726,0.063246645,0.9330393,-0.17604847,0.25024238,0.169683
,,4.8775,2.2252336,-7.5810003,1683526359566,,-0.04063416,1.5579536,0.15334399,,,,,,0.2633186,-0.16553573,0.5213264,0.94181097,-0.16106343,0.22125404,0.1687318
,,4.8347006,2.3008,-7.4494677,1683526359817,,0.87836397,0.43938184,0.17759126,,,,,,0.35520133,-0.23163883,0.69399303,0.9448311,-0.14842023,0.21500853,0.17110682
,,5.4544997,2.1577334,-7.3937335,1683526360067,,-0.27231547,-0.77844393,-0.079269916,,,,,,0.48391092,-0.23228022,0.4860082,0.93978757,-0.13335232,0.24616346,0.16416031
,,5.8881993,2.3942668,-7.7705336,1683526360320,,0.3505196,-1.1200373,-0.6514788,,,,,,0.75744593,0.11394147,0.06901898,0.94064057,-0.11680269,0.2582861,0.15579513
,,4.6682997,2.3591332,-7.326233,1683526360572,,-0.31361577,3.1107113,1.2934985,,,,,,0.049907032,-0.119451575,0.7616494,0.9503371,-0.08710234,0.23332046,0.15432134
,,5.071967,2.2074,-7.128999,1683526360824,,-0.16173728,-0.2490008,-0.37383425,,,,,,0.19463244,-0.318342,0.73617274,0.94681364,-0.061019517,0.25298005,0.15022318
,,6.000968,2.4656,-7.4068,1683526361075,,0.43258727,-1.4696243,-0.30402344,,,,,,0.52075464,0.06828726,0.1796424,0.94035625,-0.036777668,0.29073647,0.13993321
,,5.424834,2.4610333,-7.5217,1683526361326,,-0.17865707,0.52930987,-0.30189183,,,,,,0.26311693,-0.016630057,0.22123934,0.9446643,-0.003928807,0.2780099,0.13533267
,,4.880833,2.6229336,-7.404101,1683526361578,,0.63882226,1.2687184,0.7207567,,,,,,-0.037848298,-0.08176078,0.42468154,0.9462515,0.029555362,0.2691076,0.13631879
52.54456333333333,13.057695,5.244233,2.2251,-7.1853337,1683526362000,2.4,0.0094591,-0.98361313,0.007860378,,,,,,-0.06800902,-0.39336252,0.36664715,0.93768543,0.060065694,0.29598424,0.12075062
,,6.156466,2.4648666,-7.7055335,1683526362080,,-0.31095123,-1.6394885,-1.0249134,,,,,,0.54077834,-0.03861944,-0.27894574,0.9319979,0.08830202,0.31614867,0.10685445
,,4.9020996,2.4844332,-7.723334,1683526362339,,-0.3923528,3.0647483,1.1258993,,,,,,-0.10669984,-0.16900246,0.04241813,0.9363467,0.12893647,0.2868787,0.10545032
,,5.085334,2.3387337,-7.6198335,1683526362590,,0.23794298,0.17026378,-0.46589395,,,,,,-0.0047623,-0.3159134,0.06787316,0.8121319,0.12802316,0.24053447,0.092767134
,,5.7068667,2.3471668,-7.591033,1683526362841,,-0.1802558,-1.8060218,-0.79856116,,,,,,0.13435599,-0.12560302,-0.14136693,0.62317944,0.10464326,0.19132581,0.07056165
,,5.4900994,2.312633,-7.5515,1683526363093,,-0.20463629,0.57900345,-0.41353583,,,,,,0.22119306,-0.17922918,0.064743124,0.61599976,0.14765763,0.17956766,0.06366479
,,5.0662665,2.535133,-7.338867,1683526363344,,0.8418598,1.280842,0.6498801,,,,,,0.16201608,-0.20383058,0.46366322,0.55206454,0.16892967,0.13749981,0.06518944
,,5.332033,2.2353332,-7.2941008,1683526363594,,-0.29030108,-0.7663203,-0.21622702,,,,,,0.10195853,-0.44710997,0.2607898,0.2595237,0.075483166,0.020465791,0.064342245
,,6.1416,2.339367,-7.514134,1683526363846,,-0.3665068,-1.6959765,-0.91007197,,,,,,0.54548824,-0.2713871,-0.12982734,0.07523429,0.024320645,-0.028716981,0.050476644
,,4.9181666,2.2352002,-7.4120665,1683526364098,,-0.0030642152,2.2095656,0.80961895,,,,,,-0.06214003,-0.5967022,0.27203286,0.1835024,0.100118764,-7.834067E-4,0.059478898
,,5.0929003,2.2416997,-7.3224,1683526364348,,0.7821743,0.09778844,-0.41353583,,,,,,0.12363615,-0.694479,0.328121,0.13230744,0.06382001,-0.025485061,0.06581573
,,5.724134,2.1807334,-7.585134,1683526364599,,-0.4521716,-1.1121769,-0.4197975,,,,,,0.19906235,-0.5416389,-0.20647314,-0.14788128,-0.0803856,-0.12282262,0.06711051
52.54447666666667,13.057581666666666,5.615033,2.1577668,-7.7740674,1683526365000,2.6,-0.012656542,-0.6753264,-0.63722354,,,,,,0.23136804,-0.5092066,-0.27920464,-0.20814918,-0.10169916,-0.1448703,0.06431416
,,4.559566,2.2562,-7.4544,1683526365099,,-0.232081,2.595124,1.2544631,,,,,,-0.2086978,-0.6531424,0.37242764,0.007430983,0.022404559,-0.05733966,0.060446892
,,4.8944,2.1235669,-7.3007,1683526365350,,0.25166532,-0.11897149,-0.27604583,,,,,,-0.12971361,-0.72838527,0.3362821,-0.091389686,-0.050720707,-0.10668274,0.07195432
,,5.8218665,2.0978334,-7.4655995,1683526365601,,-0.14801492,-1.4067413,-0.34998667,,,,,,0.21868895,-0.46974868,-0.06935542,-0.3585833,-0.22058485,-0.20172538,0.07593141
,,5.073066,2.0099335,-7.6097665,1683526365851,,-0.113109514,-0.43831602,-0.33892885,,,,,,-0.08582136,-0.5858866,0.059948985,-0.25237212,-0.15625808,-0.15752594,0.07350053
,,4.228833,2.0136669,-7.433066,1683526366103,,-0.14321876,2.0826006,0.8920863,,,,,,-0.45897785,-0.7754878,0.46819216,-0.09424152,-0.053396184,-0.09699599,0.06394012
,,4.9138336,1.9680667,-7.586133,1683526366354,,0.030642154,-0.26378897,-0.1364242,,,,,,-0.2920644,-0.70450443,-0.026575755,-0.2480938,-0.15572403,-0.16778375,0.07606794
,,5.7772,1.9169667,-7.7046,1683526366604,,-0.8350653,-0.8053557,-0.3172129,,,,,,0.018050352,-0.48086303,-0.40414894,-0.4586573,-0.29327014,-0.24918406,0.085639395
,,5.2392664,2.0315666,-7.7229333,1683526366856,,0.011590728,-0.066080466,-0.07180922,,,,,,-0.24972895,-0.40410402,-0.20523201,-0.4143813,-0.25565016,-0.21583341,0.07201596
,,4.7922,2.1256664,-7.618133,1683526367109,,0.030109245,0.5711431,0.021049827,,,,,,-0.437035,-0.457899,0.047592163,-0.25921673,-0.15083106,-0.14934188,0.05444975
,,5.1746993,2.1966333,-7.5923004,1683526367360,,-0.08086864,0.0,-0.07394085,,,,,,-0.3873883,-0.33592954,-0.08686622,-0.42104205,-0.25157997,-0.20711608,0.054284737
,,5.7520328,2.2760003,-7.643,1683526367610,,0.09405809,-0.57593924,-0.03277378,,,,,,-0.11501348,-0.17546082,-0.26446357,-0.583006,-0.35356963,-0.26221615,0.052648254
52.54439166666666,13.057503333333333,5.1306334,2.3122334,-7.5893664,1683526368000,2.7,0.22835065,-0.11097788,0.28870237,,,,,,-0.35909164,-0.19945526,0.08778039,-0.5939147,-0.35118547,-0.2436966,0.035665117
,,4.7845674,2.4877002,-7.8095007,1683526368112,,-0.5123901,0.35478285,-0.5325073,,,,,,-0.4038938,-0.10433209,0.08230427,-0.60345715,-0.34607074,-0.23014234,0.02014991
,,4.9573665,2.3703334,-7.7893004,1683526368363,,0.85091925,-0.49120703,-0.24846789,,,,,,-0.19358772,-0.24623041,0.12132935,-0.43827754,-0.2528945,-0.16702138,0.016856313
,,4.5248656,2.2724998,-8.587,1683526368613,,-0.13908873,-0.27764454,-0.5456968,,,,,,-0.53321993,-0.22329183,-0.59181124,-0.4944331,-0.28471997,-0.1835718,0.018109491
,,4.7861333,2.1758997,-8.229099,1683526368863,,-0.055955235,0.17599253,0.1289635,,,,,,-0.044067446,-0.35073075,-0.10442487,-0.21615931,-0.13127333,-0.084805004,0.016592477
,,4.6378675,2.2280664,-8.231,1683526369114,,0.37969625,0.03117506,0.0776712,,,,,,0.011745262,-0.29448274,0.021351544,0.06117362,0.02394938,0.014336805,0.013887074
,,4.9182334,2.1893,-8.0732,1683526369364,,-0.17972289,0.32680523,-0.48547828,,,,,,0.40084115,-0.30693206,0.24730104,0.340156,0.18136512,0.10619279,0.0133467065
,,5.044633,2.1508334,-8.075201,1683526369615,,-0.17972289,-0.18984812,0.19610977,,,,,,0.64367557,-0.39135984,0.29684097,0.56465757,0.3042921,0.18058486,0.012384895
,,4.833833,2.3683,-8.311601,1683526369865,,-0.3098854,0.38649082,0.24740207,,,,,,0.60223484,-0.17286547,0.15398146,0.5655216,0.30634317,0.17440926,0.015388044
,,5.358634,2.4968,-7.537033,1683526370114,,-0.083533175,-0.6420197,-0.11577405,,,,,,1.1189514,-0.1803154,0.88612086,0.735428,0.39744097,0.22714935,0.017787773
,,4.805534,2.6951668,-7.9654994,1683526370365,,0.2569944,-0.2490008,-0.21675992,,,,,,0.7143332,-0.014307713,0.5120445,0.73458266,0.40203443,0.22087266,0.021783466
,,4.8351336,2.7581668,-7.8458657,1683526370614,,1.0947242,0.9905409,0.43312016,,,,,,0.7361145,0.07571658,0.6142692,0.6223158,0.34496945,0.17612596,0.024915861
52.54427666666667,13.057501666666667,5.0045667,2.6078002,-7.925867,1683526371000,2.4,0.28070876,-0.662137,-0.29403144,,,,,,0.5491623,0.127018,0.34071812,0.34794125,0.18630709,0.078245915,0.044141557
,,5.0204997,2.689167,-8.024366,1683526371116,,-0.22635224,-0.974154,-1.0984546,,,,,,0.49910256,0.41981566,0.24801692,0.1320845,0.046324752,0.011957252,0.05640792
,,4.630767,2.368133,-7.662033,1683526371369,,-0.3013589,2.1661336,0.22475353,,,,,,0.39543897,0.16486429,0.7309589,0.12070899,0.065464795,0.0027027717,0.055731643
,,4.9186,2.3672998,-7.667233,1683526371621,,0.93605113,0.38435918,0.016919797,,,,,,0.51728404,0.24803545,0.6334207,-0.13864002,-0.114991695,-0.092232905,0.06647942
,,5.464999,2.0245001,-7.6568666,1683526371874,,0.22581935,-0.6763922,0.12683187,,,,,,0.5169307,0.12710379,0.3622128,-0.39457574,-0.29746935,-0.18406112,0.088354245
,,5.6770673,2.0472002,-8.074833,1683526372125,,-0.035837997,-0.650413,-0.8503864,,,,,,0.6352043,0.2809029,-0.06354826,-0.5398304,-0.42613068,-0.22510941,0.10245433
,,4.7570667,2.0104668,-7.6910324,1683526372380,,-0.029043432,1.50826,0.20357047,,,,,,0.12922193,0.09899011,0.548024,-0.51366717,-0.46683872,-0.206139,0.09561534
,,5.227733,1.9016329,-7.561433,1683526372632,,0.1195044,-0.13375966,-0.43258727,,,,,,0.26441997,-0.1142539,0.41586697,-0.4815674,-0.49214336,-0.219184,0.116849065
,,5.9761996,2.0406663,-7.850333,1683526372882,,0.20570211,-1.2644551,-0.418332,,,,,,0.44507873,0.06917494,-0.13608387,-0.6525611,-0.6817228,-0.28149062,0.14233296
,,5.464667,2.0605,-7.6508665,1683526373133,,0.43471888,-0.0067945644,-0.50612843,,,,,,0.30295533,-0.011232893,0.23042394,-0.5927128,-0.6544168,-0.2554471,0.13357522
,,5.099399,2.3376667,-7.4719005,1683526373384,,1.1640022,0.9413802,-0.0057287505,,,,,,0.28464448,0.035154816,0.5711143,-0.5645462,-0.683592,-0.24515785,0.12316679
,,5.343367,2.1402998,-7.4668665,1683526373636,,-0.48334667,-0.98361313,-0.34479085,,,,,,0.2766746,-0.24182247,0.37771848,-0.5273246,-0.7062665,-0.25000003,0.14458425
52.54418833333334,13.057538333333332,5.889067,2.5452,-7.883867,1683526374000,2.6,-0.17599253,-0.7636557,-0.81121767,,,,,,0.7292682,-0.015008998,-0.14499372,-0.49373233,-0.7260611,-0.2572583,0.15325822
,,4.7607665,2.4625,-7.526434,1683526374137,,-0.028510526,2.1207035,1.0095923,,,,,,0.13447085,-0.41340193,0.43829325,-0.45987985,-0.75479764,-0.24753429,0.132184
,,4.9739995,2.6204336,-7.4885,1683526374390,,0.42459366,-0.017452704,-0.502931,,,,,,0.21649306,-0.4038332,0.315341,-0.42687327,-0.7701572,-0.25123692,0.14639397
,,5.6159997,2.6632338,-7.752899,1683526374640,,-0.028510526,-1.5342393,-0.8788969,,,,,,0.39646503,-0.35294247,-0.20257805,-0.4292322,-0.8358789,-0.2727485,0.17819397
,,5.120567,2.528,-7.690666,1683526374889,,-0.13962163,0.95243806,0.109379165,,,,,,0.1315734,-0.64277273,-0.07536016,-0.3984205,-0.852958,-0.27036163,0.17257863
,,4.8560333,2.7379003,-7.4161987,1683526375140,,1.2470024,0.2564615,0.018385291,,,,,,-0.01844762,-0.6681261,0.17477797,-0.3749277,-0.8634466,-0.2732193,0.16965012
,,5.1406665,2.3632,-7.4608994,1683526375392,,-0.662137,-1.0730083,-0.38076207,,,,,,-0.16972671,-0.90612906,-0.1544796,-0.3554235,-0.86383826,-0.2738291,0.20144847
,,5.7530003,2.5232,-7.748067,1683526375642,,-0.09778844,-1.4284573,-0.56741273,,,,,,0.18437181,-0.65532935,-0.5390373,-0.34503412,-0.8654038,-0.2738613,0.2192541
,,4.6739,2.3984997,-7.4474335,1683526375893,,-0.5953904,2.7643218,1.3796962,,,,,,-0.43318436,-0.9430247,-0.0032918772,-0.33450538,-0.87668157,-0.267813,0.1955803
,,4.8473,2.3105333,-7.2755,1683526376144,,0.21196376,0.0,-0.16173728,,,,,,-0.46597618,-1.0097378,-0.01744027,-0.33454707,-0.8711091,-0.27348587,0.20726965
,,5.6622334,2.4297335,-7.4549665,1683526376395,,-0.15853983,-1.3750333,-0.42139623,,,,,,-0.23248717,-0.66307044,-0.4793134,-0.34139198,-0.8602216,-0.27782708,0.23973268
,,5.177233,2.2775998,-7.4091997,1683526376648,,-0.4377831,0.52504665,0.06448175,,,,,,-0.37630856,-0.8374015,-0.21739428,-0.34806925,-0.8638686,-0.27110395,0.21939285
52.54414666666666,13.057641666666665,4.7130666,2.5092669,-7.2137995,1683526377000,2.7,0.4716227,1.2295496,0.86517453,,,,,,-0.5055028,-0.8325517,0.14244543,-0.3555415,-0.8656381,-0.27646807,0.1944348
,,5.1619663,2.329633,-7.2285,1683526377151,,-0.113109514,-0.5230482,-0.06714629,,,,,,-0.42514604,-0.880007,-0.12979175,-0.3633347,-0.85470825,-0.28289154,0.21429522
,,5.948567,2.4925,-7.4733,1683526377405,,-0.6652012,-1.657474,-0.8386624,,,,,,0.017433405,-0.5411437,-0.51057976,-0.3753629,-0.8457613,-0.28484598,0.23159541
,,4.769366,2.373667,-7.384467,1683526377656,,-0.25166532,1.9916067,0.86837196,,,,,,-0.50542146,-0.81213945,-0.028785372,-0.37949246,-0.8555724,-0.27485028,0.19321273
,,4.8830333,2.4409668,-7.239633,1683526377907,,0.59485745,0.21729283,0.222089,,,,,,-0.33166704,-0.83741295,0.122334786,-0.38739678,-0.85199326,-0.28072396,0.18514901
,,5.5838995,2.4258335,-7.4406657,1683526378157,,-0.34479085,-1.3226752,0.023714362,,,,,,-0.16363463,-0.6131454,-0.35456842,-0.39846787,-0.8385058,-0.28673092,0.21386582
,,5.8158994,2.4950666,-7.631966,1683526378409,,0.17545964,-1.651612,-0.4527045,,,,,,0.16146587,-0.4116548,-0.41697666,-0.41342917,-0.8350948,-0.27927434,0.20742048
,,4.6141663,2.6756334,-7.5253005,1683526378660,,-0.290834,2.5274446,0.94391155,,,,,,-0.29491195,-0.3738601,0.12665248,-0.4239821,-0.843023,-0.26612428,0.16362523
,,4.802467,2.4678333,-7.410734,1683526378913,,0.29403144,0.19451106,-0.25539568,,,,,,-0.22932532,-0.49022484,0.17195927,-0.43543926,-0.83485574,-0.26894224,0.16799961
,,5.7811007,2.4659996,-7.6270666,1683526379164,,-0.5754063,-0.88955504,-0.047029044,,,,,,0.10976302,-0.15343097,-0.34961998,-0.45007294,-0.8180692,-0.274771,0.20305012
,,5.3837667,2.4925668,-7.819966,1683526379415,,0.012123634,-1.8150812,-0.65414333,,,,,,-0.043810558,-0.007336231,-0.31706733,-0.4638484,-0.81737924,-0.2632186,0.18966737
,,4.454666,2.5437,-7.6803336,1683526379665,,-0.06767919,2.1835864,0.71449506,,,,,,-0.25155666,-0.071426995,0.2279959,-0.47108814,-0.82575375,-0.24740139,0.15007038
52.54412333333333,13.057764999999998,4.5379333,2.4329,-7.362666,1683526380000,2.8,0.75566214,0.43312016,-0.008393286,,,,,,-0.40000868,-0.060228404,0.4321932,-0.4743264,-0.82042557,-0.2497057,0.16327089
