92#1#2
key,lat,lon,ts,bike,childCheckBox,trailerCheckBox,pLoc,incident,i1,i2,i3,i4,i5,i6,i7,i8,i9,scary,desc,i10
1000,52.53263725,13.38045142,1685457204000,1,0,0,0,5,0,0,0,0,1,0,0,0,0,0,,0
1001,52.53070009,13.38282543,1685457159000,1,0,0,0,7,0,0,0,0,0,0,1,0,0,0,Falschparker,0

=========================
92#1
lat,lon,X,Y,Z,timeStamp,acc,a,b,c,obsDistanceLeft1,obsDistanceLeft2,obsDistanceRight1,obsDistanceRight2,obsClosePassEvent,XL,YL,ZL,RX,RY,RZ,RC
52.53055861,13.38297349,0.9234701,5.8487763,-7.455239,1685457156000,5.637337,-0.44967285,0.16569707,0.12866339,,,,,,-0.24724726,0.22577165,0.20648217,0.5443815,0.6860153,0.26366174,0.14332907
,,0.78660065,6.4849477,-7.2693152,1685457156283,,1.8331288,0.44547313,-0.11140647,,,,,,-0.27679962,0.37973055,0.06109945,0.5403938,0.67617834,0.28550717,0.16837193
,,0.9477173,5.738307,-7.6495347,1685457156533,,1.4537818,0.09605849,0.074907295,,,,,,-0.16588931,0.25508967,0.15965669,0.5419151,0.69105124,0.25993964,0.14097698
,,0.9764311,4.890531,-7.8484583,1685457156783,,-2.161316,-0.42745262,-0.10346522,,,,,,-0.2245668,0.091509245,0.38314506,0.54330456,0.70361704,0.23294732,0.11094002
,,1.0398409,5.5175304,-7.626564,1685457157035,,-0.8913281,-0.37614,0.12744166,,,,,,-0.16050789,0.15575372,0.2404964,0.54015374,0.6945678,0.25579223,0.13293488
,,0.8416356,6.409096,-7.2591844,1685457157284,,1.5173118,0.08261946,-0.12545635,,,,,,-0.15165335,0.3730701,0.12375205,0.57742494,0.73255783,0.29072005,0.16893198
,,0.9657433,5.945766,-7.4961543,1685457157538,,1.8856633,0.09300416,0.2031889,,,,,,-0.015029604,0.35072562,0.28209814,0.58418715,0.7387531,0.26936498,0.15559094
,,1.0246865,4.9635115,-7.789037,1685457157789,,-1.8112904,0.038026333,0.0058795735,,,,,,-0.0126795,0.2012392,0.49087423,0.5944054,0.74826926,0.23190431,0.122027524
,,1.0099307,5.246582,-7.634062,1685457158041,,-1.7960188,-0.46654797,-0.058872093,,,,,,-0.004835099,0.20860821,0.44612205,0.5999411,0.7388467,0.24064998,0.13315324
,,0.8474579,6.3019767,-7.194659,1685457158292,,1.0774891,0.21334453,0.010155627,,,,,,0.020171855,0.43037125,0.24928753,0.6020506,0.7167407,0.27165443,0.17676923
,,0.8545567,6.141259,-7.2713885,1685457158546,,1.6431499,0.10583232,0.18119776,,,,,,0.076146826,0.38671955,0.26986066,0.61273646,0.710774,0.26379314,0.1780437
,,0.93120676,5.1904306,-7.617311,1685457158796,,-0.9206496,0.24266604,0.05291616,,,,,,-6.2158506E-4,0.22776268,0.42911765,0.62930936,0.71488625,0.23296016,0.14396028
52.53070009,13.38282543,0.9801798,5.054518,-7.6331043,1685457159000,6.0744658,-1.8314489,-0.32177302,-0.6123156,,,,,,-0.11154183,0.04122723,0.2938547,0.6393147,0.7042172,0.23990203,0.13804705
,,0.8293522,6.2440705,-7.2762547,1685457159299,,0.7079159,0.18646647,-0.034437504,,,,,,-0.29085988,0.25137365,-0.0419171,0.636029,0.6827261,0.28411096,0.17818002
,,0.864128,6.3446493,-7.2089367,1685457159551,,1.5405246,-0.1574504,-0.30260715,,,,,,-0.28360423,0.1338659,-0.1315883,0.6355349,0.67500865,0.29712492,0.1896495
,,0.8919645,5.509952,-7.669715,1685457159801,,0.46662432,0.15714496,0.54221886,,,,,,-0.32141647,-0.023945801,-0.09378697,0.64181393,0.6880918,0.2708566,0.15866321
,,0.9505889,4.9760337,-7.7653475,1685457160053,,-2.070908,-0.12751803,-0.50846857,,,,,,-0.44010577,-0.30780786,-0.015353378,0.6446649,0.6911139,0.26406112,0.14181972
,,0.8840683,5.9446483,-7.4368134,1685457160305,,0.8423062,-0.10674862,0.30520332,,,,,,-0.3948191,-0.19486783,-0.29265472,0.62985325,0.68316567,0.29799715,0.17742606
,,0.79808617,6.3870015,-7.291888,1685457160557,,1.8655046,0.3581195,-0.29100072,,,,,,-0.2566799,-0.12376167,-0.4041688,0.62007827,0.68293494,0.30664656,0.20146157
,,0.86349,5.4802027,-7.601599,1685457160808,,0.14530946,0.3923279,0.47319114,,,,,,-0.08744849,-0.32079086,-0.11122508,0.62412727,0.70063615,0.27104622,0.17416571
,,0.8949954,4.95051,-7.758888,1685457161060,,-2.1148903,-0.71089387,-0.17615813,,,,,,-0.09014508,-0.434612,0.041125838,0.62926495,0.70790833,0.25225368,0.15336666
,,0.84299153,5.816313,-7.290133,1685457161312,,0.48433942,0.3733911,0.081015944,,,,,,-0.16018173,-0.25741348,-0.0042326767,0.62262577,0.6950569,0.2804628,0.1818718
,,0.7774282,6.453123,-7.255119,1685457161564,,2.1965933,0.24022257,-0.36980227,,,,,,-0.054912176,-0.0012368361,-0.18904321,0.6170705,0.6907537,0.29342788,0.20186816
,,0.834138,5.4392056,-7.5285387,1685457161814,,-1.4637084,-0.0029016077,0.06879865,,,,,,-0.11903164,-0.20539318,0.13929361,0.62595385,0.7038642,0.2602541,0.16564316
52.53084068,13.382713,0.9890334,5.1802225,-7.640762,1685457162000,7.026019,-1.6518548,-0.5593994,-0.73326683,,,,,,-0.1884489,-0.21228454,0.2181986,0.62910146,0.7081378,0.25508326,0.14503409
,,0.993181,5.9930644,-7.2949986,1685457162317,,1.0683261,-0.53252137,-0.22747077,,,,,,-0.23818824,-0.05321523,0.043774415,0.61954564,0.6968848,0.28888175,0.1714786
,,0.84131634,6.4740214,-7.2795243,1685457162568,,2.1012986,0.49067715,0.007101303,,,,,,-0.21644373,0.22936879,-0.07553468,0.6132437,0.69802684,0.2946715,0.18525906
,,1.0021938,5.3411,-7.670831,1685457162819,,-2.197357,0.48456848,-0.116904244,,,,,,-0.08478964,-0.05139289,0.15083107,0.6188342,0.7148062,0.25842437,0.14626083
,,1.073819,5.3155756,-7.593065,1685457163070,,-1.4887538,-0.5752819,0.11400264,,,,,,-0.068608165,0.028012443,0.22292124,0.6167147,0.7199479,0.25434947,0.13990803
,,1.041197,6.313064,-7.3254666,1685457163320,,1.7262275,0.054519683,0.0730747,,,,,,0.08926404,0.29450962,0.02054197,0.6098728,0.70765287,0.2812625,0.17794539
,,0.8933205,6.269754,-7.4031534,1685457163571,,1.9662974,0.49556404,0.24900375,,,,,,0.18591236,0.45299715,0.104011126,0.6115433,0.71041965,0.26789087,0.1820418
,,1.0352948,5.2706704,-7.6309505,1685457163826,,-2.6970444,0.17974696,-0.3001637,,,,,,0.28594264,0.20457606,0.40436763,0.6254787,0.7191674,0.23167711,0.14884259
,,1.0825926,5.58724,-7.390233,1685457164078,,-0.12102758,-0.3254382,0.27343833,,,,,,0.3066142,0.22893304,0.44015345,0.6268232,0.71102214,0.24035065,0.16018897
,,1.0216556,6.5425353,-7.226403,1685457164328,,2.062814,0.18280129,0.037644543,,,,,,0.43465614,0.4721355,0.1856492,0.626665,0.69482464,0.26552117,0.19833799
,,0.88725865,5.9669814,-7.3308897,1685457164582,,-0.336052,0.2432769,0.13232858,,,,,,0.34313697,0.3917598,0.422307,0.63756746,0.69487137,0.24397403,0.18317734
,,1.0991033,5.2521667,-7.571847,1685457164832,,-2.5082872,-0.6705768,-0.3087158,,,,,,0.37508067,0.17554875,0.4837693,0.650212,0.69805205,0.22385196,0.15588114
52.53094995,13.38262478,0.9560124,5.8605804,-7.172007,1685457165000,7.987448,1.3474914,0.26648977,0.099341884,,,,,,0.18405725,0.22388467,0.39322445,0.65004027,0.6806743,0.24642162,0.18173933
,,0.8688339,6.58776,-7.150232,1685457165334,,2.1776567,0.066126116,-0.17676899,,,,,,0.12609163,0.44809142,0.114029326,0.65165025,0.667544,0.2669261,0.20645629
,,0.9241879,5.4958353,-7.383134,1685457165585,,-1.9010875,-0.082924895,-0.043600474,,,,,,-0.027831936,0.14259349,0.30952236,0.6642648,0.6714591,0.24335219,0.17258503
,,1.00012,5.2878985,-7.3965335,1685457165837,,-1.6048181,-0.16172644,-0.025885396,,,,,,-0.2068004,0.073624045,0.35277182,0.67103237,0.6686255,0.24282204,0.16019377
,,1.033779,6.1967726,-7.1361947,1685457166087,,1.3261111,0.3764454,-0.22563818,,,,,,-0.2625754,0.17196332,0.01607604,0.66716427,0.6484994,0.2777771,0.19534951
,,0.9564111,6.60419,-7.1527047,1685457166337,,2.1929283,0.19929464,-0.07231112,,,,,,-0.3136135,0.29882324,-0.13122855,0.6668547,0.64310205,0.2892799,0.20471457
,,1.1911471,5.3162932,-7.522237,1685457166587,,-1.9652283,0.6818778,-0.31665704,,,,,,-0.3778012,-0.057986505,0.3736563,0.67493945,0.65744406,0.26174945,0.16042264
,,1.4050653,5.370132,-7.365667,1685457166838,,-1.9145266,-0.23564109,-0.12545635,,,,,,-0.32664573,-0.12460469,0.31724852,0.6712678,0.66026336,0.26705605,0.1543513
,,1.2840683,6.5157366,-6.8894954,1685457167088,,0.96447915,0.5053379,-0.16088651,,,,,,-0.40278643,0.093042865,0.1248394,0.65751874,0.64734787,0.30420932,0.19562092
,,1.2914065,6.6437526,-6.9572916,1685457167338,,1.7262275,0.5988002,-0.29833108,,,,,,-0.34872544,0.17057227,0.011245457,0.65016705,0.65341574,0.30686542,0.19710019
,,1.2869399,5.525107,-7.261818,1685457167589,,-0.8730021,-0.00962112,-0.1749364,,,,,,-0.3606324,-0.12976226,0.2778695,0.650036,0.6774324,0.27480012,0.1560244
,,1.325544,5.1776686,-7.1883574,1685457167839,,-2.0140975,-0.32299474,-0.43577567,,,,,,-0.40337437,-0.29565448,0.4779984,0.6445395,0.6866219,0.26973003,0.14564204
52.53108675,13.38247692,1.1099505,6.4796042,-6.8417964,1685457168000,7.3445935,0.63522303,-0.2319759,0.1720348,,,,,,-0.27258492,0.0650223,-0.09461229,0.6283633,0.67972,0.30209208,0.18464905
,,0.98911315,6.51103,-6.904091,1685457168340,,1.9601887,0.16203189,-0.045433067,,,,,,-0.2260689,0.03468015,0.008721765,0.62278044,0.68062043,0.30441892,0.19658639
,,1.0461421,5.7812185,-7.492087,1685457168590,,1.1129192,0.64522594,-8.3993905E-4,,,,,,-0.108615234,0.0667289,0.05874513,0.6299311,0.69761586,0.27069435,0.16465273
,,1.0717453,4.912225,-7.676334,1685457168840,,-2.7330854,-0.06826414,-0.024663666,,,,,,-0.16542992,-0.26827842,0.24432844,0.6339007,0.70610183,0.2488718,0.14022754
,,1.1586845,5.9286966,-7.4440713,1685457169091,,-0.79847664,0.06185006,0.08223767,,,,,,-0.052483983,0.04658514,-0.0026733556,0.62730503,0.6955238,0.27684027,0.16956815
,,0.9851251,6.5785084,-7.310233,1685457169342,,1.5032618,0.18707734,-0.058872093,,,,,,-0.020684361,0.21325254,-0.25257412,0.61959726,0.6864292,0.29629204,0.19755958
,,1.0888939,5.98102,-7.65472,1685457169592,,1.6181045,0.084452055,0.15554145,,,,,,0.05747602,0.08541219,-0.15613426,0.62589073,0.69597787,0.27494147,0.17850217
,,1.0230116,5.02405,-7.820622,1685457169842,,-1.6402483,0.25977024,0.026038112,,,,,,-0.054625414,-0.08443787,0.08653512,0.6309939,0.70854974,0.2449818,0.14526476
,,1.1428121,5.2488165,-7.6540813,1685457170096,,-1.726991,-0.5209149,-0.38385215,,,,,,0.015741885,-0.21363519,0.027572313,0.6261173,0.7057601,0.2606307,0.15423904
,,0.9257034,6.4353366,-7.1841307,1685457170345,,1.2094359,-0.042607818,-0.042989608,,,,,,0.02439438,0.20538,-0.15328644,0.6151016,0.6932271,0.29368836,0.19285196
,,0.8911668,6.136952,-7.2385283,1685457170596,,1.9607996,0.45341438,-0.30443972,,,,,,0.087622784,0.030151749,-0.035713736,0.6168263,0.69583213,0.2869235,0.19040821
,,0.968136,5.2597427,-7.5764747,1685457170849,,-0.58772826,0.22556181,-0.18898629,,,,,,0.07042772,0.025132818,0.23443192,0.62500674,0.7098511,0.25304928,0.15482163
52.53121094,13.38226337,1.1728021,5.0557947,-7.458268,1685457171000,7.47305,-2.2346196,-0.61620986,-0.31482443,,,,,,0.12650795,-0.12649558,0.35586688,0.6270433,0.71073025,0.2495368,0.14438866
,,1.1183256,6.28435,-7.159883,1685457171352,,0.41592255,0.17852524,0.28993168,,,,,,0.16286059,0.24532445,0.035363182,0.62030405,0.69446176,0.28548682,0.18309356
,,1.0380064,6.5696545,-6.975078,1685457171606,,2.071977,-0.098196514,-0.12545635,,,,,,0.13321869,0.28842637,0.024049107,0.6200609,0.685676,0.2952474,0.19935758
,,1.201835,5.7497935,-7.409854,1685457171857,,0.8936188,0.45524698,0.32719445,,,,,,0.196236,0.15688464,0.1331097,0.6306698,0.69663686,0.26717055,0.16629466
,,1.3537793,5.1419363,-7.6546407,1685457172108,,-2.3525167,-0.3046688,-0.16027565,,,,,,0.12065362,0.027130183,0.15403746,0.63506395,0.7030325,0.25272623,0.13844022
,,1.3880764,6.093243,-7.3304915,1685457172359,,-0.45517063,-0.79336065,0.015653409,,,,,,0.23471962,0.101445906,-0.12829098,0.62787133,0.69045097,0.2864711,0.16743039
,,1.2369298,6.689375,-7.1794252,1685457172611,,1.9308672,-0.10002911,0.03459022,,,,,,0.19964431,0.22741657,-0.27691075,0.6223813,0.6793757,0.30828533,0.19588964
,,1.3172488,5.9389057,-7.4278007,1685457172862,,1.3963605,0.45524698,0.11155918,,,,,,0.1682415,0.04499889,-0.021438805,0.6298319,0.690278,0.28424445,0.16907887
,,1.361835,5.194499,-7.765906,1685457173113,,-2.0202062,0.12232567,-0.15050182,,,,,,0.099450655,-0.049624737,0.079774745,0.6345394,0.70356554,0.25816688,0.13349093
,,1.5243872,5.8163133,-7.5626755,1685457173364,,-1.0257183,-0.755487,-0.16577344,,,,,,0.18290433,0.014686155,-0.08908062,0.6277478,0.6963426,0.28137395,0.15261532
,,1.2519246,6.7207203,-7.0888166,1685457173614,,1.3200024,0.037415467,0.12316561,,,,,,0.11064575,0.2073723,-0.16274384,0.61956096,0.68376905,0.30824545,0.19018008
,,1.2667602,6.2029943,-7.298668,1685457173865,,2.1587198,0.59269154,-0.030772313,,,,,,0.069090605,0.08947739,0.009862709,0.6245727,0.6912221,0.29092038,0.1756248
52.53133728,13.38205364,1.2689936,5.194499,-7.6583877,1685457174000,8.222858,-2.274937,0.28725916,-0.038713556,,,,,,-0.06068043,-0.06394531,0.17900872,0.6316744,0.70533955,0.25852767,0.13562562
,,1.3324832,5.4780493,-7.463692,1685457174368,,-1.5999312,-0.28695372,-0.4174497,,,,,,-0.035356436,-0.12474874,0.025781568,0.62802595,0.7007456,0.27352282,0.14506133
,,1.4237295,6.8743405,-7.236214,1685457174619,,1.1178062,-0.49098256,-0.20181446,,,,,,0.07799662,0.4470975,-0.2892722,0.6194641,0.68628186,0.305072,0.18556367
,,1.2193027,6.353582,-7.0096145,1685457174871,,2.0426555,0.29397866,-0.2115883,,,,,,-0.07673629,0.07465911,0.11917807,0.6230316,0.68805087,0.2965981,0.18289305
,,1.3573685,5.337271,-7.3980494,1685457175121,,-1.2040908,0.0129808765,0.16165009,,,,,,-0.10968105,-0.029289197,0.38391796,0.63155234,0.70275146,0.2620331,0.14445281
,,1.4029119,5.4103317,-7.3863244,1685457175373,,-0.74594223,-0.9827287,-0.83467036,,,,,,-0.2215678,-0.07781971,0.41327733,0.63160634,0.7013679,0.26585776,0.14178352
,,1.1951349,6.5777097,-6.8032737,1685457175625,,1.3981931,0.27504188,0.056581352,,,,,,-0.24811076,0.21675631,0.23324801,0.62184936,0.68513954,0.30359638,0.1858669
,,1.0753344,6.7927456,-6.984251,1685457175876,,2.0005057,0.0013744457,-0.098578304,,,,,,-0.27664986,0.37757128,0.117664985,0.6210269,0.6838763,0.30488813,0.19220823
,,1.0221341,5.3604813,-7.140981,1685457176129,,-0.18883358,0.3037525,-0.030161448,,,,,,-0.3789254,-0.16397049,0.5222824,0.62920356,0.6988954,0.27183273,0.1538414
,,1.1696914,5.1704907,-7.45133,1685457176380,,-2.6952116,-0.5178606,-0.14011711,,,,,,-0.31209204,-0.028171273,0.40550742,0.6301738,0.7051806,0.2606534,0.13651869
,,1.0259627,6.3428135,-7.142734,1685457176630,,0.39026624,-0.40607235,0.15554145,,,,,,-0.22471379,0.18198262,0.047844235,0.62156713,0.6901285,0.2950443,0.17595735
,,0.9588837,6.669753,-7.001398,1685457176885,,1.4867685,0.09728022,0.15493058,,,,,,-0.16856924,0.3440439,-0.10061173,0.6187936,0.68348444,0.30537227,0.19389324
52.53146468,13.38189922,1.1776674,5.797091,-7.428917,1685457177000,7.3530917,0.72135496,0.46440995,0.112780906,,,,,,-0.09246917,0.123968795,0.1583163,0.627988,0.6968754,0.27604628,0.15959361
,,1.3307284,5.0887365,-7.6099744,1685457177384,,-2.4533093,-0.3168861,0.21846052,,,,,,-0.03838022,-0.09439439,0.2733484,0.63153267,0.705962,0.25587088,0.13341102
,,1.268914,6.036215,-7.378508,1685457177634,,-0.81558084,-0.366977,0.073685564,,,,,,0.010938813,0.12729406,-0.0064385575,0.6256158,0.69373333,0.28490922,0.16421205
,,1.1653047,6.7877197,-7.1122656,1685457177885,,1.7292818,0.37033677,0.12194388,,,,,,-0.0022441188,0.28124768,-0.15381478,0.6203774,0.68124974,0.30788392,0.19466518
,,1.3977275,6.0922866,-7.477171,1685457178137,,1.5466332,0.21578798,-0.033215772,,,,,,0.054061834,0.20411097,-0.031789858,0.62834376,0.69145674,0.28649247,0.16725609
,,1.4561124,5.032984,-7.6557565,1685457178388,,-2.2126286,-0.37369654,-0.09369139,,,,,,-0.023848804,-0.119179636,0.2061646,0.6338359,0.70442104,0.2573531,0.1310213
,,1.4568305,5.613801,-7.4836326,1685457178640,,-1.2670099,-0.5038107,-0.075976305,,,,,,0.008369034,-0.012916963,0.09076406,0.62999046,0.6981924,0.2735206,0.1490921
,,1.2957137,6.583293,-7.044231,1685457178892,,1.4824924,0.12415826,-0.10713041,,,,,,-0.011901323,0.26284268,-0.023210175,0.62310034,0.68272513,0.3035396,0.18788931
,,1.2949158,6.1539416,-7.2697144,1685457179144,,1.670028,-0.051159926,0.1720348,,,,,,-0.03615564,0.13809942,0.046915498,0.6270704,0.68888515,0.2898513,0.17560466
,,1.3119847,5.135715,-7.6073422,1685457179394,,-1.6072615,-0.018173227,-0.28061602,,,,,,-0.07394253,0.004190898,0.21135153,0.63506854,0.702988,0.25663355,0.1367766
,,1.2658031,5.2126055,-7.528857,1685457179651,,-1.8980333,-0.5239693,-0.30260715,,,,,,-0.12532574,-0.10748388,0.14580867,0.63216496,0.7018369,0.26381934,0.14099096
,,0.9965309,6.3578105,-7.111389,1685457179904,,1.1966077,0.59269154,-0.12545635,,,,,,-0.2110866,0.19990422,-0.07603286,0.62355584,0.68605936,0.29916328,0.18365464
52.53160249,13.38175652,1.047179,6.2892156,-7.2957153,1685457180000,8.067233,1.6553671,0.7319687,-0.15722132,,,,,,-0.22072537,0.12524296,-0.21387877,0.62241215,0.6869879,0.30038562,0.18322612
,,1.0637692,5.308078,-7.6898932,1685457180409,,-0.86200655,0.10216714,-0.29772022,,,,,,-0.38672435,-0.10560274,-0.042104658,0.62795204,0.70361066,0.27188286,0.14204271
,,1.229911,5.0872197,-7.6238523,1685457180661,,-1.8296164,-0.6412553,-0.5738311,,,,,,-0.35978195,-0.28023195,0.037231173,0.6241738,0.70807225,0.2741101,0.1296764
,,1.1925029,6.2282767,-7.311827,1685457180912,,0.6932552,-0.2527453,0.21784966,,,,,,-0.3937936,-0.08925215,-0.16956812,0.60953987,0.6976543,0.3131442,0.16567954
,,1.1758331,6.471468,-7.0730233,1685457181163,,2.0383794,-0.1122464,0.11155918,,,,,,-0.32464886,-0.10001006,-0.07591747,0.6029999,0.6961276,0.3240348,0.17624477
,,1.6174684,5.7214785,-7.63127,1685457181414,,0.1343139,0.57925254,0.15431972,,,,,,0.080125235,-0.25344306,0.024707286,0.60557336,0.7147656,0.29519588,0.13857092
,,1.6406788,5.1195235,-7.6559963,1685457181671,,-2.1087816,-0.15867212,-0.52435106,,,,,,0.050083168,-0.35656014,0.31901258,0.6036781,0.72530735,0.2809912,0.11599104
,,1.5709679,6.0417175,-7.3944607,1685457181921,,0.46357,-0.046883874,0.19891284,,,,,,0.11104124,-0.062461313,0.029211665,0.5903739,0.7188396,0.31016582,0.14679588
,,1.3583257,6.5379095,-7.138029,1685457182171,,1.895437,-0.36453354,0.25572327,,,,,,0.11079567,0.091365814,0.07630194,0.5828182,0.7159139,0.32210186,0.16730393
,,1.4906489,5.6623755,-7.446066,1685457182422,,0.9394337,0.12538,0.25816673,,,,,,0.20167688,0.040033277,0.24212788,0.5898997,0.7298966,0.2902424,0.13939728
,,1.5356339,4.9910293,-7.708798,1685457182673,,-2.3036475,0.064904384,-0.039935283,,,,,,0.10149414,0.0027446747,0.31211063,0.5950243,0.74013835,0.26417682,0.112678304
,,1.3933408,5.628397,-7.2824764,1685457182925,,-0.57184577,-0.39080074,0.16959134,,,,,,-0.060314123,0.18267292,0.3193102,0.58977306,0.73087764,0.2872253,0.13845986
52.53175311,13.38157114,1.2502499,6.516693,-7.022775,1685457183000,7.4613194,1.5564071,0.49434233,0.39622217,,,,,,-0.0619296,0.4650016,0.019504182,0.5857098,0.71941876,0.30807036,0.17080197
,,1.44024,5.8523655,-7.2515283,1685457183426,,1.6828561,-0.16233732,0.30764678,,,,,,0.12871538,0.25361902,0.3365664,0.59629756,0.7258099,0.28150675,0.15241785
,,1.4359326,4.9819365,-7.5681787,1685457183678,,-2.7043748,0.18402301,0.017486004,,,,,,0.0484504,0.15403734,0.4579463,0.60801065,0.7327053,0.24847318,0.12354277
,,1.3982061,5.602316,-7.305447,1685457183929,,-1.0171663,-0.2008218,0.29970554,,,,,,0.12229523,0.2149779,0.32089406,0.6071589,0.72225195,0.26824278,0.14284208
,,1.3674184,6.5829744,-7.068558,1685457184181,,1.5649592,0.25488332,0.11522437,,,,,,0.20407358,0.51586646,0.17786556,0.60402125,0.7060526,0.2962679,0.17953752
,,1.3682159,6.0374103,-7.1995244,1685457184431,,1.9669082,-0.14645483,0.1824195,,,,,,0.07718312,0.31588668,0.37111408,0.6132584,0.7075029,0.28158507,0.16644953
,,1.4171091,5.0072217,-7.467122,1685457184681,,-2.3848925,-0.06276636,0.09628756,,,,,,-0.029762054,-0.003340435,0.61981255,0.6243874,0.715788,0.25348252,0.12989587
,,1.4725431,5.4327455,-7.2228146,1685457184934,,-1.2694534,0.0044287695,0.07429643,,,,,,-0.08184604,0.06846003,0.45716414,0.62399906,0.7051643,0.27311245,0.14356321
,,1.4821142,6.608419,-6.9436507,1685457185186,,1.9766821,-0.107359484,0.016264275,,,,,,-0.007821846,0.3413418,0.10426971,0.61784023,0.68769544,0.31011108,0.1826038
,,1.4865013,6.2493353,-7.109953,1685457185437,,1.7488295,-0.1036943,0.059635673,,,,,,-0.0376857,0.2845623,0.21429716,0.62446004,0.6898433,0.29703245,0.17093487
,,1.4999008,5.0798826,-7.3601623,1685457185688,,-2.228511,-0.14278965,0.07612903,,,,,,-0.099836394,-0.08155335,0.43103102,0.63306916,0.70336914,0.2624716,0.13146146
,,1.4258829,5.4902515,-7.300581,1685457185939,,-1.4899756,-0.19715661,0.13293944,,,,,,-0.072086565,0.0641237,0.2133365,0.6323081,0.69790965,0.27092332,0.14180365
52.53192015,13.38139549,1.4266807,6.5980487,-6.908318,1685457186000,6.0713844,1.4543927,0.57497644,0.115835235,,,,,,0.01589497,0.358354,0.013055197,0.62643826,0.68011916,0.30378997,0.18375011
,,1.4213367,6.364669,-7.179664,1685457186443,,1.9186499,0.16997312,-0.09063706,,,,,,0.080838665,0.31107292,0.008799553,0.63047403,0.6836335,0.2927054,0.17471552
,,1.4194223,5.170332,-7.460262,1685457186694,,-2.2022438,0.18829907,0.008323032,,,,,,-0.046011806,0.007323146,0.36357424,0.6393176,0.6980573,0.25960788,0.13414499
,,1.4206985,5.4867425,-7.3710904,1685457186945,,-1.3378702,-0.28267768,-0.28183773,,,,,,-0.1310848,0.017551128,0.28035375,0.63654786,0.6928953,0.2726646,0.14344105
,,1.2954743,6.6239715,-6.95442,1685457187198,,1.0609958,0.32574365,0.08040508,,,,,,-0.28396413,0.29495418,0.041591264,0.62856185,0.67622554,0.31039694,0.18468776
,,1.2231312,6.5343213,-7.194181,1685457187449,,2.0841942,-0.29733843,0.059635673,,,,,,-0.2961811,0.4109778,-0.057647754,0.62868285,0.6803278,0.3055032,0.17715201
,,1.231905,5.377231,-7.4875407,1685457187700,,-2.3885577,0.34773478,-0.20364705,,,,,,-0.3321448,0.11843645,0.23820947,0.6347815,0.6985794,0.27021116,0.13496709
,,1.0637692,5.7852864,-7.173842,1685457187951,,-1.5565598,-0.5600103,0.0297033,,,,,,-0.36267665,0.3211321,0.32360128,0.6311356,0.6972245,0.2775283,0.14109541
,,0.87074816,6.844031,-6.7751174,1685457188201,,1.4427862,-0.21426082,0.13293944,,,,,,-0.4261952,0.5492009,0.026194254,0.62216955,0.68303597,0.30974767,0.18272907
,,0.8151549,6.6227746,-6.850492,1685457188453,,1.9962298,0.30986115,-0.0032833982,,,,,,-0.35449284,0.5592591,0.059298977,0.6244685,0.68726283,0.29870945,0.17722076
,,0.8557531,5.4364123,-7.3580904,1685457188708,,-1.9737805,0.37216938,-0.19692753,,,,,,-0.26678103,0.29041994,0.18397845,0.6342217,0.7021305,0.26184267,0.13714756
,,1.0159924,5.5440116,-7.1165743,1685457188959,,-1.397735,-0.47815442,-0.2683987,,,,,,-0.17635633,0.16998267,0.31582344,0.6346815,0.6984155,0.26640397,0.14190729
52.53208377,13.38122854,0.85655063,6.6858664,-6.829435,1685457189000,5.9756923,1.7604359,0.12171481,0.06513346,,,,,,-0.23810895,0.4354895,0.04008371,0.62735176,0.68203896,0.3007619,0.18381144
,,0.92299145,6.204749,-7.0525255,1685457189464,,1.9412519,0.20967934,0.07551816,,,,,,-0.2936737,0.21740517,0.06721323,0.6314446,0.6837237,0.2912582,0.17886662
,,1.0743773,5.186842,-7.483791,1685457189720,,-2.1051164,0.048411034,-0.3380373,,,,,,-0.25328466,0.053289182,0.40198305,0.64331204,0.696176,0.25500455,0.13845696
,,1.0516456,5.525586,-7.4158344,1685457189973,,-1.4331651,-0.7139482,-0.19753839,,,,,,-0.21658339,0.1446057,0.40533867,0.6436075,0.69101185,0.26222262,0.14434291
,,0.9367901,6.6904116,-6.863811,1685457190224,,1.3865867,0.35506517,0.06940951,,,,,,-0.23851,0.37426135,0.32883817,0.6357918,0.6736825,0.29820055,0.18696626
,,0.89260274,6.4528046,-7.030032,1685457190477,,1.9418628,0.014202606,-0.0026725335,,,,,,-0.32355765,0.3757812,0.31359306,0.6396223,0.6728737,0.29394045,0.18414293
,,1.0486147,5.314779,-7.4603415,1685457190732,,-1.6109267,0.107054055,-0.14317143,,,,,,-0.2799735,0.11639284,0.4573557,0.6513842,0.6851993,0.2595057,0.14309841
,,1.0687941,5.533643,-7.3671813,1685457190981,,-1.7178282,-0.27229297,-0.15538873,,,,,,-0.29077297,0.20978108,0.40375397,0.65169525,0.6817201,0.26555538,0.1447459
,,1.0969497,6.644709,-6.982496,1685457191234,,1.4220169,0.2243401,0.011988222,,,,,,-0.22239728,0.36105812,0.058508493,0.6421757,0.66579,0.30302194,0.18643206
,,1.257508,6.433023,-7.079884,1685457191484,,1.7366122,0.20112723,-0.1627191,,,,,,-0.18849936,0.21091533,-0.0144776665,0.6442634,0.6647114,0.3024325,0.18598591
,,1.3927025,5.4508495,-7.5030146,1685457191736,,-1.1827105,-0.1904371,-0.24640758,,,,,,-0.20343032,0.096564785,0.23633948,0.6543983,0.6790168,0.2695493,0.1444788
,,1.5039688,5.3458858,-7.5126657,1685457191987,,-1.9365177,-0.5905535,-0.46265373,,,,,,-0.15501651,-0.06629548,0.22947788,0.6548656,0.68053913,0.26704183,0.13886432
52.53219369,13.38103746,1.443271,6.5554566,-7.1084385,1685457192000,5.7361636,1.2094359,0.07223476,0.0077121677,,,,,,-0.11929201,0.28592193,-0.037932016,0.6453327,0.66498405,0.30237386,0.18109669
,,1.4782062,6.5935025,-7.0284376,1685457192489,,1.7787619,0.17241658,0.03214676,,,,,,-0.14348549,0.20531632,-0.032350603,0.6443615,0.6609064,0.3084089,0.19096091
,,1.5447265,5.57113,-7.4277205,1685457192742,,-0.35743225,0.29092434,-0.058261227,,,,,,-0.13913888,0.07132376,0.19528437,0.6530062,0.675444,0.27724484,0.15354659
,,1.5294923,5.0658445,-7.5345197,1685457192992,,-2.43254,-0.344375,-0.10468695,,,,,,-0.2542203,-0.11991003,0.28767565,0.65337354,0.6825384,0.26614702,0.13669103
,,1.4596218,6.1024947,-7.2137218,1685457193245,,0.28947353,0.18280129,0.17997603,,,,,,-0.18010835,0.093487956,-0.016881498,0.64347684,0.6703189,0.29736704,0.17466323
,,1.257907,6.5205216,-6.9373507,1685457193496,,1.6541455,-0.1348484,0.067576915,,,,,,-0.2255754,0.19417621,-0.056914616,0.63793975,0.66329205,0.31197786,0.19583037
,,1.4046669,5.7489157,-7.317491,1685457193746,,1.3652065,0.22128576,0.04130973,,,,,,-0.1654176,0.017914169,0.13906191,0.64443666,0.676997,0.28744778,0.16538292
,,1.3812969,5.0504513,-7.610692,1685457193997,,-2.41849,-0.37308568,0.06940951,,,,,,-0.20375137,-0.13486823,0.2202273,0.6470466,0.6891,0.26372042,0.13625431
,,1.3123038,5.8668823,-7.2272816,1685457194248,,-0.8577305,-0.26496258,0.08468113,,,,,,-0.16868803,-0.017517854,0.12099876,0.64005977,0.6804527,0.28728607,0.16395105
,,1.116571,6.7548585,-6.8814387,1685457194503,,1.4702752,0.29581127,0.033368487,,,,,,-0.18123993,0.2701568,-0.0583306,0.63308686,0.6677561,0.310449,0.19764532
,,1.2497714,6.1912694,-7.1696944,1685457194755,,2.1000767,0.21517712,-0.101632625,,,,,,-0.11490109,0.08581408,0.05408346,0.6383438,0.676551,0.29431587,0.17832084
52.53229606,13.38085829,1.3313664,5.513303,-7.478925,1685457195000,11.446685,-1.9065853,-0.24663666,-0.2861138,,,,,,-0.14850579,-0.060680516,0.118877955,0.6408995,0.688167,0.27368444,0.14959206
,,1.3445271,5.2299924,-7.567141,1685457195005,,-1.6793436,0.00320704,-0.18532111,,,,,,-0.15992187,-0.06830324,0.19672693,0.6441219,0.6908441,0.2635947,0.14105071
,,1.1492727,6.535197,-6.9660645,1685457195507,,0.88201237,-0.007177661,0.08956805,,,,,,-0.15853469,0.16199365,-0.019499063,0.6321971,0.6730386,0.30549964,0.19084254
,,1.2651649,6.3739214,-7.212365,1685457195759,,1.3945279,0.48640108,-0.033826638,,,,,,-0.04827385,0.08299648,-0.091242984,0.6345128,0.6741345,0.30114117,0.18811792
,,1.3581661,5.463134,-7.580782,1685457196008,,-0.003130682,0.34162614,-0.15844305,,,,,,-0.109240286,-0.025493486,0.13830116,0.64278996,0.6880413,0.27219325,0.1510973
,,1.393181,5.128059,-7.612287,1685457196259,,-2.2853215,-0.3901899,-0.06498074,,,,,,-0.1824557,-0.1557563,0.19618292,0.6428528,0.69245327,0.26590595,0.13680317
,,1.3186047,6.2368927,-7.236374,1685457196511,,-0.38858637,-0.2112065,0.12133302,,,,,,-0.15449806,0.070883125,0.009853792,0.6341364,0.6805359,0.29778558,0.1733127
,,1.250888,6.468678,-6.956652,1685457196765,,1.5942807,0.24816382,0.07857248,,,,,,-0.16839586,0.052667227,0.053913865,0.63052464,0.6737107,0.30825552,0.19135958
,,1.43019,5.9264636,-7.469913,1685457197015,,1.999284,0.33001968,0.02481638,,,,,,-0.057750247,0.019200763,0.06749565,0.6380812,0.6849162,0.2864243,0.16428137
,,1.3594424,5.0877786,-7.493921,1685457197267,,-1.7697517,-0.3168861,-0.027107125,,,,,,-0.22887737,-0.13247812,0.38878912,0.64155865,0.6955768,0.26205108,0.1333435
,,1.368934,5.6463428,-7.2241697,1685457197518,,-1.5980986,0.019089524,-0.19876012,,,,,,-0.20731664,-0.09696496,0.25039983,0.63588625,0.690786,0.27927914,0.1525489
,,1.2232908,6.5773115,-6.8506513,1685457197771,,1.2344813,0.36911505,0.06635518,,,,,,-0.19775955,0.22203301,0.023269558,0.627345,0.6767984,0.30602846,0.18968824
52.53242173,13.38064881,1.2965906,5.558765,-7.4245296,1685457198000,10.95573,-0.04894554,0.38072148,-0.098578304,,,,,,-0.19899277,0.09704359,0.16060032,0.63435745,0.69426364,0.2740967,0.14871283
,,1.2938788,6.2239704,-7.0403223,1685457198021,,1.7903683,0.10338886,-0.1523344,,,,,,-0.15429538,0.10262548,0.09366326,0.62984645,0.6798905,0.30056003,0.1820503
,,1.3607981,5.246981,-7.422375,1685457198522,,-2.3806164,-0.44211337,-0.33070692,,,,,,-0.22600038,-0.039014347,0.24930088,0.6324959,0.6982701,0.27070463,0.1393829
,,1.2847862,6.3650675,-7.098946,1685457198773,,-1.0018946,-0.3260491,-0.2775617,,,,,,-0.10977134,0.17975987,-0.046675585,0.6191261,0.68857235,0.30528307,0.17798398
,,0.98568344,6.7458453,-6.583612,1685457199025,,-0.71478814,-0.34376416,-0.13706279,,,,,,-0.030625677,0.115244195,-0.043261465,0.60455394,0.6782145,0.32176667,0.21310687
,,0.605464,6.826722,-5.9863634,1685457199277,,0.008475749,-0.3101666,-0.131565,,,,,,0.0072402973,-0.084983744,0.12270394,0.59158546,0.67016923,0.32360002,0.24308597
,,0.15593232,7.4937606,-5.2473803,1685457199527,,1.9595778,-0.65958124,-0.10407609,,,,,,-1.3961791E-4,0.14185542,0.03650357,0.57435244,0.65702605,0.3348212,0.28615856
,,-0.22053847,8.159365,-4.654838,1685457199780,,1.7341688,0.3856084,0.19341506,,,,,,0.1366411,0.010042127,0.010045234,0.5638276,0.64190197,0.35182306,0.34123135
,,-0.89324063,8.4775305,-4.6257253,1685457200033,,-0.44295332,0.027641632,0.18791728,,,,,,0.0141678015,0.04832202,-0.07488631,0.5665291,0.6346724,0.3416619,0.37373018
,,-1.2784057,8.062934,-4.954977,1685457200284,,0.50388706,0.093615025,-0.0900262,,,,,,-0.02658788,0.032563232,0.0031560024,0.5809224,0.63496464,0.30740562,0.3752047
,,-1.4518052,7.46465,-5.6604614,1685457200537,,-0.20899211,0.29153523,0.04497492,,,,,,-0.06512258,0.07600788,0.06053598,0.6019467,0.6447075,0.26573548,0.3521515
,,-1.4096116,6.7458463,-6.651808,1685457200788,,0.026190827,-0.052381653,0.10117448,,,,,,-0.059443578,0.08587587,0.04431174,0.6278102,0.6601914,0.22413446,0.314485
52.53253655,13.38052411,-1.4084153,5.5267024,-8.122995,1685457201000,12.014892,0.014584397,0.058795735,0.045585785,,,,,,-0.12636468,0.078629486,0.077203415,0.6700607,0.679647,0.15827928,0.25149867
,,-1.384487,5.861937,-7.533484,1685457201040,,0.119653136,0.08689552,-0.09185879,,,,,,-0.066921145,-0.12200222,0.14903803,0.65417045,0.6733679,0.1835327,0.27762553
,,-1.2096517,5.460501,-8.060862,1685457201548,,0.14164427,0.16569707,0.28137958,,,,,,0.0049970984,0.10243842,0.1413714,0.67445236,0.6778073,0.15603632,0.2471853
,,-1.1187245,5.35402,-8.224611,1685457201800,,-0.045280352,0.047189303,-0.13584106,,,,,,0.011773258,0.06328262,0.021831306,0.6793974,0.67522085,0.15444683,0.24177572
,,-1.0236496,5.335516,-8.2952795,1685457202052,,-0.003130682,-0.08842268,0.012599086,,,,,,0.036663547,0.06741724,-0.019400852,0.6827675,0.6725842,0.1552876,0.2391212
,,-1.05348,5.3233123,-8.405028,1685457202302,,-0.015347977,-4.581486E-4,0.23189954,,,,,,-0.014312895,0.073758796,-0.085653305,0.6854054,0.6706095,0.15511797,0.23725335
,,-1.0431111,5.3494735,-8.338428,1685457202554,,0.09033163,0.04657844,-0.22136213,,,,,,-0.048217244,0.107908055,-0.054705493,0.6884173,0.6676935,0.15651338,0.23579127
,,-0.96885383,5.2740207,-8.34776,1685457202806,,0.09644028,0.13332124,0.13416117,,,,,,-0.030327838,0.018862851,-0.042506646,0.6902914,0.6659994,0.1575897,0.23453529
,,-0.98967135,5.2779284,-8.401041,1685457203057,,0.092164226,-0.08353576,-0.14928009,,,,,,-0.103099555,-0.017889531,-0.067006044,0.69229037,0.6641602,0.1587356,0.23315449
,,-1.0062616,5.3000226,-8.348159,1685457203315,,0.031688612,-0.048716467,-0.089415334,,,,,,-0.09992681,-0.031065177,0.0067752046,0.69075316,0.6651709,0.15941456,0.23434496
,,-1.1298909,5.1800623,-8.336195,1685457203566,,-1.7514256,0.5358811,0.03092503,,,,,,-0.11952643,-0.12629846,-0.010989761,0.68857175,0.66634387,0.15754302,0.23832817
,,-1.0538789,5.46114,-7.6091757,1685457203817,,-1.3464223,-0.59605134,-0.31482443,,,,,,-0.03202385,-0.34415403,0.18286896,0.67500085,0.6623607,0.1801867,0.25838748
52.53263725,13.38045142,-1.1760725,7.1773515,-5.7536206,1685457204000,11.448627,0.44157887,-0.08048143,-0.23602287,,,,,,-0.07611283,-0.08385542,-0.040931687,0.62535506,0.6263082,0.25749236,0.34475744
,,-1.1307682,6.463492,-6.766264,1685457204067,,-0.36415178,0.310472,0.10178535,,,,,,-0.028241938,-0.063743465,0.031736985,0.6491502,0.6473182,0.21737792,0.3001756
,,-1.2504095,7.7558565,-5.048776,1685457204573,,2.1245112,0.03008509,-0.13645191,,,,,,-0.055970076,-0.08828734,-0.0846999,0.6091759,0.6136186,0.2856042,0.37846038
,,-1.3903893,7.8479,-4.988716,1685457204824,,-0.4191296,0.34284785,-0.09124792,,,,,,-0.11356693,-0.1234207,-0.16191974,0.60570705,0.6122611,0.28896835,0.38759306
,,-1.1600404,7.9701734,-4.522993,1685457205076,,-1.2926662,-0.2698495,-0.086361006,,,,,,0.034494665,-0.35240224,0.06599984,0.5996168,0.60889745,0.30471507,0.39681822
,,-1.399163,8.622376,-4.191827,1685457205327,,-1.3189334,0.08506292,0.1702022,,,,,,-0.12593386,0.056197327,3.0866862E-4,0.5913966,0.5979663,0.31581384,0.41626444
,,-1.3388638,8.396655,-3.891527,1685457205578,,0.21983497,-0.16905683,0.08834632,,,,,,-0.0011747679,-0.1866814,0.075988755,0.5854773,0.5920553,0.32121417,0.42476323
,,-1.4011574,8.437253,-3.701138,1685457205828,,-0.12163845,-0.09636392,0.15859577,,,,,,0.0022669316,-0.15068439,0.12666881,0.58004534,0.59054565,0.32414654,0.42971304
,,-1.3514663,8.648858,-3.1378677,1685457206080,,0.024969097,-4.581486E-4,0.10483967,,,,,,0.03326185,-0.06086693,0.18549909,0.5677122,0.57971096,0.3386136,0.44559655
,,-1.2147563,9.365029,-1.9892333,1685457206329,,0.038408123,-0.016951498,-0.075976305,,,,,,0.097831376,0.080322266,0.229019,0.5440521,0.55697703,0.37821004,0.4839539
,,-1.3757933,10.096594,-1.1310875,1685457206585,,-0.08926262,0.58413947,0.108504854,,,,,,-0.03752126,0.38162908,0.12008591,0.5235314,0.5363571,0.40873823,0.5185212
,,-1.2033505,9.895118,-0.88366944,1685457206836,,0.06345358,0.08872811,-0.0796415,,,,,,0.061644368,0.19228809,0.024823548,0.51704305,0.5277468,0.4193682,0.52737314
52.53277652,13.38032033,-1.1704094,9.90118,-0.8520841,1685457207000,5.5925956,-0.06543889,0.37278023,-0.05948296,,,,,,-0.12066803,0.17397875,0.055805556,0.52334684,0.5234937,0.42282173,0.52266616
,,-1.2033505,9.863374,-0.8486545,1685457207087,,0.0457385,-0.0016798781,0.17814344,,,,,,-0.048331115,0.1539717,0.061242163,0.5199093,0.52646047,0.42050204,0.524978
,,-1.1351552,9.862737,-0.9253045,1685457207588,,-0.11675153,0.025198173,0.076739885,,,,,,-0.15208022,0.11691068,0.014346333,0.523372,0.52433985,0.42662355,0.51865655
,,-1.1632309,9.844711,-0.9226724,1685457207846,,-0.09353867,0.1547015,-0.11262819,,,,,,-0.27164325,0.06619253,-0.0031698684,0.5230023,0.52429664,0.43187153,0.5146549
,,-1.1698511,9.850613,-1.025484,1685457208099,,0.14530946,0.4149299,-0.43944085,,,,,,-0.32805443,0.0634539,-0.097914144,0.520691,0.5260112,0.436164,0.5114578
,,-1.1248659,9.879805,-1.0695119,1685457208349,,0.20639594,-0.08720095,-0.2372446,,,,,,-0.18193558,0.066706754,-0.060666937,0.51321703,0.534934,0.4380042,0.50754476
,,-1.1163315,9.883953,-1.1213565,1685457208600,,0.22411102,-0.55206907,0.0956767,,,,,,0.028412454,0.08046557,0.016172554,0.5057796,0.5464028,0.4344228,0.5051494
,,-1.101815,9.882438,-1.1870793,1685457208851,,0.28947353,-0.2594648,-0.041157015,,,,,,0.25267512,0.09619013,0.0948322,0.50332314,0.5545778,0.42626813,0.50538504
,,-1.1037292,9.988997,-1.3522639,1685457209103,,0.9443206,-0.285732,0.08895718,,,,,,0.43268633,0.2500578,0.18981688,0.5073925,0.56023234,0.41100115,0.5068476
,,-0.9600004,9.796774,-1.6863018,1685457209354,,0.21616977,-0.19349141,0.33574656,,,,,,0.74402606,0.2109719,0.31932086,0.5221864,0.5674082,0.38532552,0.5011136
,,-0.8599805,9.599925,-2.3954546,1685457209604,,1.123304,-0.35109454,0.48479757,,,,,,0.87869924,0.24398088,0.3547284,0.55433196,0.56543505,0.3518518,0.48668587
,,-1.033141,9.100464,-3.5254254,1685457209857,,-0.2352593,0.40149087,-0.07231112,,,,,,0.50526655,0.29681504,0.27402267,0.60636365,0.5525873,0.30746067,0.45530045
52.53288452,13.38016932,-0.9220343,8.269516,-4.70429,1685457210000,5.574815,-1.0648136,0.07773254,0.015042545,,,,,,-0.07664338,-0.07568093,0.14382583,0.67318064,0.53053766,0.2735634,0.41361797
,,-0.91238314,8.281321,-4.3353963,1685457210108,,-1.9023093,0.77656186,-0.23785548,,,,,,0.23197787,-0.112496465,0.2775546,0.65250945,0.54003835,0.27853882,0.42443913
,,-0.8967502,8.23179,-4.7275004,1685457210609,,-0.05016727,0.41981682,0.22945608,,,,,,-0.31557468,-0.15837055,-0.11039548,0.6791728,0.5157117,0.2807786,0.41662294
,,-1.0754942,8.349674,-4.5279384,1685457210859,,-0.29206973,0.12904519,0.0028252497,,,,,,-0.74885505,-0.18978582,-0.32378465,0.6748945,0.49873725,0.2997114,0.42603272
,,-1.1243875,8.600043,-3.8722253,1685457211112,,-0.08987348,0.028863361,-0.074143715,,,,,,-0.958938,-0.17329893,-0.44913328,0.654538,0.48707387,0.32851282,0.44532794
,,-0.9507481,9.13771,-2.6849868,1685457211363,,0.055512335,-0.18066326,0.077961616,,,,,,-0.8261662,-0.21755368,-0.42869547,0.6167166,0.4811217,0.37112916,0.48293045
,,-1.0896914,9.989476,-1.9563719,1685457211613,,1.0029637,-0.1989892,-0.06498074,,,,,,-0.8927519,0.18334042,-0.5550059,0.5876621,0.47351286,0.39968443,0.51733804
,,-1.0536397,9.872946,-1.941696,1685457211863,,0.84413874,0.70692325,-0.12056944,,,,,,-0.77666765,0.083739825,-0.5571791,0.58593243,0.47346848,0.39687914,0.5220849
,,-1.0336196,9.497989,-2.421856,1685457212115,,2.0157773,-1.0022764,0.07185297,,,,,,-0.68084407,-2.6057562E-4,-0.3331594,0.6008007,0.4902631,0.37708095,0.49630994
,,-1.108515,8.797931,-3.3000216,1685457212366,,-2.2596653,1.0593922,-0.07108939,,,,,,-0.59051216,-0.05873995,-0.14980946,0.62444746,0.51342875,0.33591798,0.45669785
,,-1.1554143,8.594142,-3.7074394,1685457212619,,-2.4270422,0.23228133,0.51778424,,,,,,-0.47123736,-0.11952842,-0.0034639558,0.6352433,0.5300671,0.3157602,0.43918863
,,-1.1487144,8.733804,-3.5730429,1685457212868,,0.3163516,0.17241658,0.056581352,,,,,,-0.3276625,0.04749559,0.080075376,0.6308195,0.5342854,0.31441614,0.44086912
52.53299653,13.38006146,-1.0991832,8.8918085,-2.8673189,1685457213000,6.307131,-0.07032581,-0.11835505,0.07735075,,,,,,-0.24128191,0.099590234,0.13714625,0.6086883,0.5291447,0.33415565,0.4557614
,,-1.1156137,8.705729,-3.4009984,1685457213119,,-0.1259145,-0.058490302,0.23312128,,,,,,-0.21994682,0.017223708,0.09741435,0.6224097,0.537537,0.31870747,0.443412
,,-1.0602597,9.2682,-2.0185847,1685457213621,,0.014584397,0.0923933,-0.19204062,,,,,,-0.26099578,0.12769245,0.11616464,0.58824617,0.50928175,0.3593584,0.48591188
,,-0.7891529,10.05536,-0.85232353,1685457213872,,0.78732836,-0.25885394,0.1268308,,,,,,-0.047742233,0.25424606,0.088886656,0.5559433,0.48878956,0.40295252,0.53027606
,,-0.75589263,10.06493,-0.73874414,1685457214122,,1.3786454,0.6562215,0.2551124,,,,,,-0.05928452,0.19064182,-0.0037928263,0.54904836,0.48364577,0.4127593,0.53960955
,,-0.796411,9.519363,-1.7504294,1685457214373,,1.3920845,-0.22953244,0.21601705,,,,,,-0.09105952,0.04327253,0.0096606575,0.57538766,0.49957296,0.3831826,0.50452113
,,-0.69112694,8.558728,-2.623012,1685457214623,,-2.69399,0.42653632,0.09445497,,,,,,-0.08995156,-0.4142108,0.19281365,0.6074295,0.5135491,0.34910485,0.46410352
,,-0.7653045,8.8087,-3.0637703,1685457214873,,-0.9237039,0.6110175,0.0956767,,,,,,-0.13228577,-0.20972602,0.11274167,0.61899954,0.51921386,0.33889797,0.45288247
,,-0.75812596,8.695997,-3.2825544,1685457215124,,0.042684175,0.041080657,-0.053985175,,,,,,-0.11806443,-0.2867557,-0.003344649,0.61905324,0.5249078,0.33947405,0.44740644
,,-0.8331807,8.602517,-3.4057047,1685457215378,,-0.009850195,-0.19776747,-0.011835505,,,,,,-0.22586784,-0.37284246,-0.08966532,0.6214394,0.52595764,0.3395167,0.44407028
,,-0.76721865,8.755976,-2.9628727,1685457215629,,0.05978839,-0.43050694,0.15065452,,,,,,-0.22397389,-0.31714362,-0.04618181,0.616318,0.5118954,0.34671143,0.4579267
,,-0.725105,9.206386,-1.9743979,1685457215879,,0.054901473,0.18280129,0.0022143847,,,,,,-0.36193237,-0.31381541,-0.08436222,0.59902686,0.48127708,0.3723248,0.49858657
52.53303461,13.3796988,-0.617428,9.855877,-0.63545394,1685457216000,4.373842,0.043905906,0.13271037,-0.28916812,,,,,,-0.24489056,-0.14896603,-0.17737065,0.56580883,0.4480257,0.40784612,0.557498
,,-0.72247297,10.158966,-1.0668797,1685457216131,,-0.028787002,0.34284785,-0.1437823,,,,,,-0.35087526,0.113342315,-0.2686318,0.5751517,0.45512035,0.4020079,0.5441021
,,-0.61551374,9.923993,-0.49036914,1685457216632,,0.12759438,-0.07742711,-0.010613776,,,,,,-0.1453059,-0.073548794,-0.07205553,0.5649092,0.44730356,0.40307826,0.5627191
,,-0.6473383,9.9591675,-0.43892342,1685457216882,,0.0054214248,-0.2215912,0.092011504,,,,,,-0.11036448,-0.016833147,0.0069565396,0.5661868,0.44669497,0.3981606,0.5656856
,,-0.6703093,9.956454,-0.46006006,1685457217134,,0.12637265,0.081397735,0.0816268,,,,,,-0.08388739,0.0076660793,0.03879046,0.5658084,0.45081154,0.39646444,0.56402177
,,-0.6235694,9.887701,-0.6220541,1685457217385,,0.04085158,-0.15806127,0.21113014,,,,,,0.043962654,-0.028609054,0.0073108454,0.5636149,0.46182004,0.39694396,0.55739623
,,-0.73698926,9.910831,-0.69447684,1685457217641,,-0.011682789,0.28420484,-0.046043932,,,,,,-0.029886372,0.01863378,0.082715325,0.5648778,0.4688633,0.39546597,0.55154777
,,-0.74360955,9.908918,-0.8279964,1685457217891,,0.07933606,0.08567379,-0.022831071,,,,,,-0.04460233,0.024534099,0.10288691,0.56601554,0.47495764,0.3956192,0.54503566
,,-0.82384884,9.916097,-0.9109476,1685457218144,,0.038408123,-0.19776747,0.10361794,,,,,,-0.18668324,0.037489988,0.14565961,0.5699019,0.47678423,0.3959247,0.5391786
,,-0.849452,9.9248705,-0.9427722,1685457218393,,0.1098793,0.05329795,-0.108963005,,,,,,-0.26801816,0.036889967,0.19992206,0.5718638,0.47830752,0.3970652,0.53493005
,,-0.89451677,9.973445,-0.9099905,1685457218645,,0.1862374,0.10338886,-0.24701844,,,,,,-0.26591668,0.06087691,0.3142434,0.5684153,0.48586884,0.39911488,0.53006196
,,-0.9339186,9.943694,-0.9422139,1685457218897,,0.15752676,-0.38041604,-0.11018474,,,,,,-0.15552214,0.048738003,0.30368286,0.56023544,0.496514,0.39914483,0.52849776
52.53312474,13.37960905,-0.87258255,9.829077,-1.3226724,1685457219000,3.8196151,-0.32139122,-0.48487392,0.20013458,,,,,,0.14616664,-0.03580421,0.09823,0.56758106,0.49614403,0.37813303,0.5339548
,,-0.8396414,9.9337225,-1.1498312,1685457219147,,0.28092143,-0.7786999,0.43653923,,,,,,0.12989374,0.064554624,0.16994482,0.55667716,0.5043008,0.3929794,0.5293971
,,-0.81675017,9.890095,-1.5432111,1685457219647,,-0.18089233,0.045967575,0.045585785,,,,,,0.21567559,-0.007225609,-0.10289125,0.5807555,0.48027906,0.3625399,0.54229707
,,-0.7695318,9.789275,-1.8133608,1685457219897,,-0.16378812,-0.44822204,-0.060093824,,,,,,0.29606387,-0.11340914,-0.3178028,0.59375924,0.46458957,0.34641007,0.55091995
,,-0.7015756,9.862418,-2.1552951,1685457220147,,-0.18883358,-0.11530073,0.017486004,,,,,,0.28118438,-0.018766975,-0.659368,0.61251444,0.439386,0.32696974,0.56256115
,,-0.6353741,9.790711,-2.2731817,1685457220399,,0.1343139,-0.063377224,-0.1297324,,,,,,0.18721823,-0.10752923,-0.77514917,0.6359103,0.40473595,0.30523637,0.5765971
,,-0.6543572,9.603275,-2.468755,1685457220652,,0.60284716,0.72830355,-0.025885396,,,,,,0.016398609,-0.31286958,-0.9890956,0.65572685,0.37370422,0.28595692,0.58750933
,,-0.57842505,9.568259,-2.9262626,1685457220906,,1.0622175,-0.11530073,-0.199371,,,,,,0.019760212,-0.24106185,-1.1620761,0.6711422,0.36472008,0.27447492,0.58045566
,,-0.6003592,9.106765,-3.7276192,1685457221157,,1.0005201,-0.4470003,0.14393501,,,,,,0.033075478,-0.24123335,-1.1562265,0.6949176,0.37229767,0.2503367,0.5493784
,,-0.6021139,8.248777,-4.584409,1685457221407,,-1.4826452,0.2414443,0.24045165,,,,,,0.11658395,-0.50283235,-1.0171301,0.72558236,0.37961167,0.21601772,0.50809985
,,-0.48271212,7.5948195,-5.071269,1685457221658,,-1.293888,-0.19410229,0.050472703,,,,,,0.22490287,-0.90999836,-0.85179526,0.7456405,0.38679874,0.20093575,0.4816508
,,-0.68953174,7.7731643,-5.2198634,1685457221910,,-1.2163081,0.3923279,0.15737404,,,,,,0.07498391,-0.69534415,-0.81439203,0.7522307,0.3905752,0.19493784,0.47412518
52.53317688,13.3795358,-0.7188038,8.215756,-4.187679,1685457222000,4.686404,-0.07765619,-0.07803798,0.084070265,,,,,,0.1665033,-0.36787304,-0.4309616,0.7295321,0.38814494,0.2056181,0.49786365
,,-0.6744569,8.063732,-4.8275194,1685457222159,,0.14408773,0.35017824,-0.13828452,,,,,,0.13682304,-0.4142018,-0.5841841,0.74453545,0.39270967,0.20014022,0.47908005
,,-0.72518474,8.623574,-3.1406598,1685457222663,,-0.011682789,-0.19349141,-0.02649626,,,,,,0.14520647,-0.3982515,-0.3068627,0.7064467,0.37033907,0.22170772,0.538201
,,-0.72614187,9.544572,-1.9803798,1685457222916,,0.1306487,-0.06093376,-0.04176788,,,,,,0.090228066,-0.077179305,-0.31422213,0.6771554,0.3509565,0.2457578,0.58979714
,,-0.9082357,10.118849,-1.1614761,1685457223167,,0.10682498,-0.08781181,-0.13828452,,,,,,0.015273848,0.24153374,-0.23332208,0.65713483,0.33746773,0.25173363,0.6236147
,,-0.7816555,10.029755,-0.83054864,1685457223418,,0.0561232,-0.70661783,-0.0020616686,,,,,,0.20037113,0.11154614,-0.12573305,0.65039897,0.332606,0.2500513,0.63480645
,,-0.79529464,9.93524,-0.81316096,1685457223671,,0.37927067,-0.8147409,0.2013563,,,,,,0.22187938,0.035898846,-0.030824244,0.6582479,0.32338232,0.23500258,0.6364383
,,-0.8630115,10.0494585,-0.7754341,1685457223923,,0.26198465,-0.6656899,0.19769111,,,,,,0.14547895,0.16068694,0.11287786,0.672452,0.30057088,0.21254195,0.63886946
,,-0.82919294,10.018987,-0.9256236,1685457224175,,0.4794525,-0.59421873,-0.17371467,,,,,,0.14365976,0.17975016,0.18205379,0.6897829,0.27096608,0.18324564,0.6390335
,,-0.89340025,9.838808,-1.396212,1685457224426,,0.793437,-0.25824308,-0.022220206,,,,,,0.15922226,0.11923704,0.15831044,0.71375155,0.2399972,0.14410926,0.630213
,,-0.93399835,9.592349,-2.1837697,1685457224677,,1.6455934,-0.37308568,0.3522399,,,,,,0.1977775,0.1693515,0.16153662,0.74908,0.20502552,0.10051922,0.6034983
,,-1.0969497,9.015837,-3.2504904,1685457224927,,0.33651012,-0.1763872,0.4982366,,,,,,0.10694704,0.25211927,0.23380043,0.79468167,0.15821734,0.052296564,0.55199355
52.53323151,13.37955487,-1.2802398,7.523833,-5.555177,1685457225000,4.2316403,0.10499238,-0.1574504,0.55810136,,,,,,-0.06264912,0.23820345,0.31592414,0.8776989,0.04576604,-0.027712343,0.42908266
,,-1.2492929,8.397213,-4.3892345,1685457225181,,0.67126405,-0.26801693,0.5690969,,,,,,-0.020256596,0.33977452,0.2772199,0.8390736,0.1037296,0.008813881,0.4924531
,,-1.365265,6.7639513,-6.60778,1685457225684,,-0.10942116,-0.28634286,0.44020444,,,,,,-0.16548587,0.2337989,0.33697638,0.9086237,-0.01484405,-0.055621803,0.36663854
,,-1.369173,6.2695937,-7.378029,1685457225935,,-0.21510077,0.14676027,-0.08575014,,,,,,-0.30761737,0.37942752,0.38656363,0.9284487,-0.08426129,-0.07617507,0.3128833
,,-1.29683,5.795098,-7.876613,1685457226185,,0.10560325,-0.046883874,-0.2201404,,,,,,-0.37445253,0.32944652,0.3389001,0.9354805,-0.15032716,-0.092712924,0.27883786
,,-1.1716856,5.629275,-7.98756,1685457226437,,-0.031841327,-0.4085158,0.72059137,,,,,,-0.3533778,0.23196371,0.27338788,0.9311093,-0.2027007,-0.10271516,0.26856172
,,-1.2346965,5.6315084,-8.018188,1685457226688,,0.5851321,-0.4262309,-0.105908684,,,,,,-0.43965596,0.20517765,0.20787004,0.91923076,-0.2548015,-0.11703762,0.2631434
,,-1.3254642,5.5314083,-7.954381,1685457226939,,-1.1485021,0.27992877,0.11094832,,,,,,-0.38093722,0.08881353,0.21948189,0.90536994,-0.29957214,-0.13591664,0.25650802
,,-1.3347166,5.9132233,-7.5326858,1685457227190,,-1.6500221,0.23472479,-0.5096903,,,,,,-0.3203286,0.042829737,0.22655948,0.8862419,-0.32644972,-0.15786092,0.27438077
,,-1.3629518,6.4773703,-6.6053863,1685457227444,,-0.16562071,-0.6815724,0.6405681,,,,,,-0.19903551,0.0041391053,0.44106707,0.86173475,-0.3336005,-0.18771107,0.30822217
,,-1.6640486,7.408976,-5.3852067,1685457227695,,-0.51992226,0.8260419,0.84215343,,,,,,-0.26911956,0.33874968,0.9705612,0.832674,-0.35240883,-0.21917577,0.33742747
,,-1.4397615,8.153066,-4.4300714,1685457227945,,0.16913319,0.65988666,-0.16760603,,,,,,-0.20228261,0.45177338,1.1085434,0.7997723,-0.37117895,-0.24348195,0.37753886
52.5332992,13.37975464,-0.750788,9.516255,-2.7640293,1685457228000,6.6807647,-0.038560838,0.028863361,-0.04176788,,,,,,0.072098956,0.43905365,0.9559889,0.7537659,-0.34351283,-0.25920722,0.48531392
,,-1.0010772,8.678051,-3.6228132,1685457228195,,-0.42523825,0.57680905,-0.053985175,,,,,,0.03844493,0.31978336,1.0335687,0.77388394,-0.36550885,-0.25575683,0.42736155
,,-0.74289167,9.692446,-2.5199616,1685457228697,,-0.32078037,0.6873756,0.23312128,,,,,,0.07604835,0.34136984,0.77188224,0.74512184,-0.32470444,-0.26173317,0.5134494
,,-0.65826553,9.75825,-2.5902305,1685457228948,,-0.19860741,-0.5239693,0.07735075,,,,,,0.05948572,0.30172873,0.4740125,0.74364364,-0.31265053,-0.25177988,0.52758497
,,-0.35509488,9.462736,-2.8221748,1685457229201,,-0.05016727,-0.102472566,0.032757625,,,,,,0.118925646,-0.08414248,-0.09959351,0.74222374,-0.2923489,-0.24349785,0.5476533
,,-0.47688955,9.456914,-2.824408,1685457229458,,-0.10025818,-0.05421425,-0.009392046,,,,,,0.10130002,-0.1594053,-0.3298597,0.74220246,-0.27455923,-0.24262244,0.5592895
,,-0.73443705,9.512347,-2.6402402,1685457229709,,-0.0721584,-0.007788526,-0.019776747,,,,,,-0.02401384,-0.1354524,-0.2869405,0.74003893,-0.2670747,-0.24927655,0.5630537
,,-0.7962516,9.50477,-2.5731616,1685457229960,,-0.047112945,-0.016951498,-0.008781182,,,,,,-0.025897907,-0.17910688,-0.3658251,0.7341684,-0.2687494,-0.2598286,0.5653519
,,-0.7314859,9.699784,-2.1997218,1685457230210,,-0.035506517,-0.026725333,-0.005726857,,,,,,0.01191763,-0.06614723,-0.28314656,0.7243706,-0.27178824,-0.266877,0.5738935
,,-0.69774705,9.74166,-2.0015962,1685457230462,,0.00481056,-0.0029016077,-0.0032833982,,,,,,0.02328123,-0.0450936,-0.23346533,0.71687496,-0.27510068,-0.2734477,0.57923996
,,-0.6945565,9.773563,-1.9119451,1685457230717,,-0.00923933,-0.020616686,0.0077121677,,,,,,0.041556682,-0.023456924,-0.19193403,0.71467793,-0.27444962,-0.2749265,0.58161503
,,-0.73627144,9.781939,-1.81017,1685457230970,,0.024358233,-0.004734202,0.00160352,,,,,,0.02065719,-0.02229341,-0.11454865,0.71416557,-0.2726863,-0.27562705,0.58276176
52.53333614,13.37990292,-0.7485549,9.807781,-1.6997017,1685457231000,8.964594,0.10560325,0.2933678,-0.09185879,,,,,,0.018020658,0.013009453,0.05317593,0.71298534,-0.2734293,-0.276979,0.5831642
,,-0.7299704,9.785848,-1.759283,1685457231224,,-0.058108512,-0.07009673,0.010766491,,,,,,0.02432983,-0.011414146,-0.075603314,0.71396667,-0.2724331,-0.27513295,0.58335394
,,-0.8233702,9.892567,-1.7411773,1685457231725,,0.29130614,0.2206749,-0.31665704,,,,,,-0.030756092,0.10328118,-0.03685118,0.7127657,-0.2718673,-0.27786642,0.58369786
,,-1.0545968,10.184811,-1.6352552,1685457231976,,0.5258782,2.5938845,3.134729,,,,,,-0.42613977,0.35937214,0.01064982,0.70823455,-0.27415386,-0.28072196,0.5862514
,,-0.17443667,10.368499,-1.492882,1685457232227,,-2.780122,2.4509423,-5.232897,,,,,,0.09876254,0.5910459,-0.16716687,0.69622135,-0.27083004,-0.2601303,0.60563284
,,-0.2851447,9.564192,-0.47665018,1685457232476,,-1.5003603,-2.4158175,-3.0673811,,,,,,-0.09265224,0.083718605,-0.20497087,0.6540037,-0.24433011,-0.25799876,0.6469399
,,-0.22763714,8.78142,1.1670593,1685457232728,,-0.038560838,-0.48792824,0.15370885,,,,,,-0.2869543,0.04237499,-0.2553387,0.57977575,-0.21797964,-0.26525533,0.6998059
,,-0.36666018,7.6549597,2.8182664,1685457233016,,1.7708206,-2.2343907,-0.51763153,,,,,,-0.5488264,0.08748725,-0.32937524,0.4913281,-0.17082407,-0.2754697,0.7559917
,,-0.28235313,6.2573113,4.7724843,1685457233268,,-0.18211406,-0.46654797,-0.52496195,,,,,,-0.44409978,-0.024904946,-0.22639881,0.3937536,-0.12478481,-0.29062235,0.811591
,,-0.19206397,4.6088157,6.5015383,1685457233523,,0.15569416,0.037415467,-0.20853396,,,,,,-0.08580278,-0.27603567,-0.32568505,0.29552206,-0.07233382,-0.30929273,0.8632391
,,-1.1944174,3.0566714,8.245268,1685457233777,,0.051236283,0.1339321,0.07185297,,,,,,-0.63723916,-0.47567225,-0.15768705,0.20392504,-0.025503712,-0.35380602,0.8969286
,,-1.158844,2.4973094,9.168899,1685457234031,,0.18684827,-0.0481056,0.541608,,,,,,-0.44696626,0.061942235,-0.09421039,0.14384468,-0.00207502,-0.37819192,0.909284
,,-1.3879967,2.094996,9.309036,1685457234290,,-0.7764855,0.8846849,-0.32704175,,,,,,-0.30894467,0.09333475,-0.09706786,0.12481279,0.02074653,-0.39019254,0.9104604
,,-1.4427127,2.150589,9.560842,1685457234816,,-0.19982915,0.006872229,0.06146827,,,,,,-0.086496286,0.09022609,-0.057407953,0.12213356,0.021479243,-0.408934,0.9035047
52.53336339,13.37996587,-1.3115063,2.0067008,9.559248,1685457235000,7.727429,-0.13629921,-0.10613775,-0.22930336,,,,,,0.018679755,0.022341497,-0.07544108,0.12000966,0.02361307,-0.40032074,0.90751654
,,-1.3862419,2.2298713,9.625927,1685457235066,,-0.4331795,1.3012947,0.11522437,,,,,,-0.03011775,0.08911826,0.005202802,0.12727591,0.018433223,-0.41278896,0.9011614
,,-1.4613768,2.329652,9.652167,1685457235316,,0.65049464,-0.6717985,-0.12301289,,,,,,0.009030104,0.1032039,0.08099333,0.13316844,0.022386737,-0.41502804,0.8991516
,,-1.5410577,2.4988248,9.537791,1685457235568,,-0.057497647,-0.07925971,0.14821106,,,,,,-0.03820864,0.07193457,0.012957478,0.14115602,0.017601024,-0.42441103,0.8935017
,,-1.3935001,2.5401409,9.63159,1685457235822,,0.05856666,-0.005345067,0.14210242,,,,,,0.039426826,0.086976156,0.13779102,0.14017084,0.010377754,-0.43585402,0.8881531
,,-1.2342179,2.6365712,9.62465,1685457236131,,-0.03489565,0.20967934,-0.0014508038,,,,,,-3.505061E-4,0.114441864,0.13939574,0.1397763,-0.0017638638,-0.44327483,0.884435
,,-1.1219147,2.6902509,9.618988,1685457236397,,-0.037949976,0.22861615,0.013820816,,,,,,0.029061832,0.08914169,0.1437252,0.141159,-0.008592778,-0.44915086,0.88114494
