92#1#2
key,lat,lon,ts,bike,childCheckBox,trailerCheckBox,pLoc,incident,i1,i2,i3,i4,i5,i6,i7,i8,i9,scary,desc,i10
,,,,1,0,0,0,-5,0,0,0,0,0,0,0,0,0,0,,0

=========================
92#1
lat,lon,X,Y,Z,timeStamp,acc,a,b,c,obsDistanceLeft1,obsDistanceLeft2,obsDistanceRight1,obsDistanceRight2,obsClosePassEvent,XL,YL,ZL,RX,RY,RZ,RC
52.54365813,13.36782139,-2.863491,9.48483,-1.0152746,1685014369000,4.7277393,-0.03405571,-0.13461933,0.07353285,,,,,,-0.10094105,-0.00823137,0.2402667,-0.049804386,0.74632764,0.6471654,0.14287138
,,-2.8073392,9.437772,-1.0715858,1685014369645,,-0.06582068,-0.1107956,0.13278674,,,,,,-0.017742181,-0.045223918,0.14941011,-0.05602297,0.74691826,0.6469928,0.1398642
,,-2.7772698,9.406026,-1.1886744,1685014369894,,-0.055435978,0.05535962,0.028328855,,,,,,-0.006563632,-0.077286355,0.12508114,-0.056363605,0.74956566,0.64451236,0.13769144
,,-2.7602806,9.464251,-1.2537594,1685014370146,,-0.02489274,0.060857404,0.02649626,,,,,,-0.05512248,-0.026626538,0.095719166,-0.05278059,0.75115216,0.64308643,0.13704707
,,-2.7495925,9.448698,-1.262852,1685014370396,,0.08811724,0.21784966,0.046043932,,,,,,-0.109478004,-0.0172345,0.03512085,-0.047753938,0.75103766,0.643687,0.13702464
,,-2.7408187,9.465687,-1.2730615,1685014370649,,0.12660173,0.52511466,0.03810269,,,,,,-0.1694069,-0.01751755,0.03126125,-0.045705266,0.7509278,0.64450574,0.1343927
,,-2.7375488,9.478528,-1.4140785,1685014370900,,0.050243627,0.405996,-0.09628756,,,,,,-0.2419087,-0.059638277,0.0014745474,-0.0529059,0.75272596,0.6431188,0.12286667
,,-2.7192833,9.483395,-1.6575083,1685014371150,,0.07101303,0.39500043,-0.100563616,,,,,,-0.28436515,-0.06725331,-0.029659327,-0.07080185,0.756571,0.63838387,0.10349825
,,-2.6149564,9.375797,-1.851965,1685014371400,,-0.14889829,-0.04054615,-0.023594651,,,,,,-0.20790003,-0.14092557,9.523789E-4,-0.0970265,0.76106733,0.63155925,0.07923141
,,-2.5479574,9.375,-2.0196218,1685014371649,,-0.053603385,-0.0020616686,0.0112246405,,,,,,-0.16603562,-0.0969079,0.035925403,-0.12245441,0.7640514,0.6262821,0.0567066
,,-2.4889345,9.420544,-2.2533212,1685014371900,,0.048411034,0.064522594,-0.06207913,,,,,,-0.14003211,-0.02345597,-0.015628338,-0.14643899,0.76575744,0.6221072,0.035458323
52.54360312,13.36771478,-2.5312078,9.352507,-2.1978076,1685014372000,3.9289763,-0.11041381,0.04253146,-0.1390481,,,,,,-0.1213093,-0.06045998,0.049237702,-0.17707287,0.7623149,0.6218698,0.012795983
,,-2.5166118,9.352747,-2.2869003,1685014372150,,0.009926553,-0.09430225,0.024663666,,,,,,-0.14690898,-0.10015705,0.014510795,-0.1654729,0.76541984,0.6202271,0.019568125
,,-2.4965112,9.360163,-1.975355,1685014372650,,0.006872229,9.926553E-4,-0.12377647,,,,,,-2.4031004E-4,-0.053626075,0.12547591,-0.18466564,0.75602525,0.6274532,0.012065799
,,-2.5194826,9.485705,-1.7758733,1685014372901,,0.04963276,-0.62208945,0.105908684,,,,,,0.09285552,0.045115676,0.14215866,-0.18623559,0.7491687,0.6350784,0.01713304
,,-2.6190238,9.530453,-1.6032709,1685014373150,,0.17119485,-0.22380558,0.1333976,,,,,,0.08400869,0.056286193,0.1285566,-0.1775628,0.7447228,0.6416479,0.029083733
,,-2.5938995,9.494161,-1.4981463,1685014373401,,0.5432115,-0.25007278,0.23357943,,,,,,0.20723587,2.2803943E-4,0.11316562,-0.16317628,0.74410665,0.64432395,0.045496415
,,-2.3771098,9.423176,-1.9255844,1685014373652,,1.6733114,0.13232858,0.5157989,,,,,,0.40663108,0.0020514328,-0.04226899,-0.14382698,0.75417364,0.63338584,0.06149813
,,-2.2343383,8.997892,-2.8472993,1685014373902,,1.1852304,-0.3184896,0.005726857,,,,,,0.4611457,0.04167129,-0.12939507,-0.11672656,0.78260934,0.58890855,0.074227676
,,-2.0248864,7.9929852,-3.807938,1685014374153,,-1.8611523,0.39438957,-0.11950042,,,,,,0.5289277,-0.27409813,-0.008467341,-0.08381805,0.81805956,0.52909607,0.087483644
,,-1.8656042,7.6818385,-4.399364,1685014374404,,-1.4256057,-0.66973686,0.1107956,,,,,,0.49967116,-0.37539488,0.01647579,-0.056211393,0.84175223,0.49841973,0.097638674
,,-1.799961,7.9508715,-4.7806215,1685014374653,,0.7356339,0.7065415,0.38812822,,,,,,0.4576464,-0.064238295,-0.10933184,-0.038239274,0.85132164,0.48769107,0.105134055
,,-1.5408978,7.784251,-5.192505,1685014374916,,2.1827726,0.55810136,0.23968807,,,,,,0.44798264,-0.13386394,-0.07835833,-0.023933964,0.8655314,0.47034404,0.10088341
52.54354577,13.36764452,-0.72654074,6.440442,-6.0205812,1685014375000,4.6052294,-2.3486223,0.11766783,-0.18974987,,,,,,0.32450554,-0.44687742,0.31379655,-0.015108058,0.50851387,0.3122603,0.07766058
,,-1.2615757,7.1260653,-5.840242,1685014375168,,0.7796162,0.78228873,0.39301512,,,,,,0.3236633,-0.13924854,0.16651894,-0.01341446,0.823896,0.41077217,0.08649803
,,-0.56949174,7.2892556,-5.846942,1685014375669,,-0.8770491,-0.14744748,-0.08895718,,,,,,0.12468675,-0.012291987,0.1391635,-0.01663273,0.31681585,0.25661603,0.06489224
,,-0.3432106,7.507402,-5.9294143,1685014375920,,1.028849,0.7413608,0.118125975,,,,,,0.036050107,0.14824723,0.042521793,-0.012230413,0.19811447,0.19812937,0.05143682
,,0.22532412,6.774719,-6.645667,1685014376172,,2.2151484,0.35651594,0.11446079,,,,,,0.09734705,-0.14889833,0.13997318,-0.0021284283,-0.088653535,0.038017154,0.040463027
,,0.5450052,5.769175,-7.299146,1685014376422,,-0.79458237,0.1494328,-0.1390481,,,,,,-0.04280217,-0.2113239,0.32672366,0.0095419865,-0.39150283,-0.0801634,0.042595908
,,0.6794818,5.8568325,-7.2192254,1685014376673,,-1.70416,-0.5493965,-0.46586075,,,,,,-0.09647748,-0.2037635,0.2603824,0.020727485,-0.6436425,-0.16223434,0.052243408
,,0.35174486,6.886304,-6.7633915,1685014376923,,0.07223476,0.17753258,0.18776456,,,,,,-0.16243254,0.21007238,0.16342418,0.02380629,-0.4541222,-0.10606798,0.046608742
,,0.46899322,6.889972,-6.8112483,1685014377175,,1.4955497,0.1494328,0.21708608,,,,,,0.0067139785,0.22955415,0.11192425,0.02975783,-0.5123196,-0.1385741,0.04523892
,,0.6755735,6.2115293,-7.3083177,1685014377427,,1.3574942,0.38033968,0.3429242,,,,,,0.054797515,0.15952028,0.24058905,0.036422092,-0.70028114,-0.19972278,0.051366147
,,0.7574879,5.394778,-7.3808208,1685014377677,,-2.322966,-0.36491534,-0.12255475,,,,,,0.031612,-0.05965108,0.4195948,0.033531204,-0.71004367,-0.16471012,0.054200236
,,0.63784677,6.2713494,-7.1558957,1685014377927,,-1.3101523,-0.6227003,0.0014508038,,,,,,0.13625531,0.19731143,0.26452163,0.025062261,-0.641688,-0.16789375,0.04409802
52.54349287,13.36754164,0.6339385,6.527939,-7.040482,1685014378000,4.6379175,2.012952,0.010766491,0.108963005,,,,,,0.14484201,0.19273128,0.19257668,0.016767625,-0.45931107,-0.09313066,0.037903108
,,0.35637105,6.8553586,-6.766025,1685014378178,,0.8327614,0.44020444,0.11934771,,,,,,0.060807537,0.3286806,0.18724416,0.01673337,-0.33794466,-0.03936462,0.035789896
,,0.73172516,5.572086,-7.3114295,1685014378679,,-0.4970912,0.13171771,-0.08773545,,,,,,-0.031781305,-0.07335108,0.40800956,0.010768162,-0.5309369,-0.084510736,0.04736799
,,0.71090764,5.481638,-7.2276797,1685014378929,,-1.9216279,-0.73754287,-0.3852266,,,,,,-0.09882826,-0.19305636,0.38624272,0.0036334763,-0.53073347,-0.084892474,0.050993755
,,0.3955336,6.616394,-6.79131,1685014379180,,0.05818487,0.012599086,-0.022983788,,,,,,-0.12718326,0.09032305,0.21418142,6.0884082E-5,-0.3399739,-0.037807237,0.041432872
,,0.35844484,6.7057257,-6.7392254,1685014379430,,1.6195552,0.70287627,-0.14332415,,,,,,-0.16713555,0.055727974,0.120061606,0.0015485125,-0.27718735,-0.016486617,0.03958095
,,0.6184649,6.1217184,-7.2252073,1685014379681,,1.7637193,0.24594943,0.29344416,,,,,,-0.06917052,0.060170073,0.21795589,0.008375938,-0.5823526,-0.14114729,0.044330742
,,0.6596215,5.218826,-7.3717284,1685014379932,,-2.5007277,-0.34231335,-0.12927426,,,,,,-0.12995608,-0.17005867,0.4129804,0.01508896,-0.652804,-0.13040452,0.05222045
,,0.60115683,5.9931426,-7.2103724,1685014380182,,-1.319926,-0.9489021,-0.12133302,,,,,,-0.02366517,0.04523184,0.21284603,0.018041942,-0.584901,-0.1296182,0.04469329
,,0.35708892,6.7347584,-6.796095,1685014380433,,0.7637337,0.5012909,0.16577344,,,,,,-0.020820452,0.24475807,0.10852783,0.019772433,-0.27892515,-0.006408923,0.036167506
,,0.6565905,6.383573,-7.1042104,1685014380684,,2.1455097,0.2777144,0.13095413,,,,,,0.07931724,0.15131858,0.09209006,0.02027083,-0.45960566,-0.08994421,0.0402159
,,0.85998046,5.475497,-7.3667026,1685014380935,,-1.0389283,-0.13645191,-0.14698933,,,,,,0.02565056,-0.037149295,0.3255414,0.02078983,-0.59056914,-0.10994273,0.052577376
52.54342376,13.36743131,0.6042674,6.7843695,-6.8209805,1685014381000,3.9868407,0.7331905,0.34429866,0.2115883,,,,,,-0.007371503,0.15234484,0.033613477,0.009035226,-0.39567244,-0.07633109,0.045266107
,,0.88327056,5.56068,-7.257989,1685014381185,,-1.7597487,-0.78824466,-0.5788707,,,,,,-0.008931628,-0.17609794,0.26605994,0.015547377,-0.5880256,-0.11815478,0.055803478
,,0.63688964,6.8442707,-6.800641,1685014381686,,2.01845,0.33574656,0.3117701,,,,,,0.021617822,0.18383099,0.0090252245,0.011820045,-0.4526706,-0.11255073,0.045753703
,,0.9428519,5.9058056,-7.292046,1685014381936,,-0.31444263,0.20502149,-0.05291616,,,,,,0.06609436,-0.042718675,0.18128103,0.014213546,-0.7610761,-0.22539276,0.05543022
,,0.9651051,5.4434323,-7.323153,1685014382188,,-2.2692099,-0.87987435,-0.34613127,,,,,,0.032125793,-0.22143833,0.32171562,0.017627627,-0.767263,-0.20501478,0.061099805
,,0.6786843,6.484788,-6.896993,1685014382440,,0.38438666,0.12621993,0.18043418,,,,,,0.03520512,0.037117925,0.14033481,0.015228464,-0.5771264,-0.15463321,0.0485943
,,0.55521464,6.935277,-6.762835,1685014382690,,1.9787438,0.36384633,0.2531271,,,,,,0.06887746,0.26410306,0.054588445,0.0136168385,-0.5114984,-0.14279331,0.040054955
,,0.8401999,5.9968123,-7.14465,1685014382941,,-0.08414663,0.17264566,0.005726857,,,,,,0.053181235,0.03647882,0.2586021,0.01834782,-0.70144504,-0.19603178,0.05194215
,,0.8843075,5.379145,-7.225687,1685014383191,,-2.3199117,-0.9934952,-0.4182133,,,,,,-0.009012314,-0.18814178,0.4952573,0.018225696,-0.70982677,-0.1695852,0.059395853
,,0.60331035,6.4087768,-6.817152,1685014383442,,0.37827802,0.11522437,0.28367034,,,,,,-0.03051843,0.15422581,0.27216226,0.013231811,-0.4607391,-0.086969964,0.04861384
,,0.44809595,7.090173,-6.623254,1685014383694,,1.9078834,0.35834855,0.40645415,,,,,,-0.018400185,0.41621622,0.14924268,0.011432772,-0.39285308,-0.08306897,0.04093313
,,0.70644104,6.153383,-7.103254,1685014383947,,-0.09880738,0.14821106,0.21708608,,,,,,-0.027494995,0.21261719,0.29046184,0.012340674,-0.58203065,-0.13811636,0.051531527
52.54333713,13.36731764,0.9083155,5.5100327,-7.6520076,1685014384000,3.9768522,-0.11346813,-0.033826638,0.13523018,,,,,,-0.04302647,0.26670876,0.21304272,0.0099643925,-0.6545704,-0.12584987,0.060800422
,,0.8803195,5.4143996,-7.465048,1685014384199,,-0.06520981,-0.0032833982,-0.30642503,,,,,,-0.08017478,0.15306735,0.3698912,0.01063484,-0.6535852,-0.12835672,0.061384153
,,0.9515458,5.527261,-7.889536,1685014384702,,-0.022449281,-0.0026725335,0.043600474,,,,,,-0.041769736,0.44082382,0.05377892,0.005159108,-0.6570225,-0.11821221,0.060311303
,,1.2058231,4.635934,-8.388759,1685014384955,,-0.15073088,0.03825541,0.1419497,,,,,,-0.059818152,0.25466803,0.14309113,0.0035471083,-0.90600353,-0.20314175,0.06998338
,,1.3956535,3.9761531,-8.76084,1685014385207,,-0.0707076,0.0956767,-0.019929463,,,,,,-0.1051873,0.11937,0.16905822,-0.0027838252,-0.97576296,-0.20139717,0.078493305
,,1.4380066,4.116373,-8.823533,1685014385458,,0.0129808765,0.032757625,-0.09873102,,,,,,-0.089934334,0.16707069,0.0448891,-0.005794968,-0.97534114,-0.20433696,0.07936875
,,1.4348164,4.1759543,-8.812766,1685014385710,,0.050854493,0.028481571,-0.0956767,,,,,,-0.10659027,0.074982315,0.020222155,-0.004626097,-0.9738958,-0.21156245,0.07930396
,,1.4479767,4.122355,-8.769456,1685014385963,,0.13454297,0.07612903,-0.12011129,,,,,,-0.14265855,0.02010971,0.027321942,-0.0035195297,-0.9731484,-0.21465972,0.08019051
,,1.42014,4.0421953,-8.792028,1685014386213,,0.06551525,-0.115071654,-0.004657844,,,,,,-0.19007464,-0.013047346,0.009521961,0.0033870623,-0.97293466,-0.21468629,0.0810554
,,1.4221342,4.045705,-8.833983,1685014386465,,0.022754714,-0.024663666,-0.17386739,,,,,,-0.12223594,0.0069958847,-0.011452929,0.01465203,-0.9731318,-0.2125752,0.08156727
,,1.3467605,3.9985664,-8.863573,1685014386716,,0.009926553,0.1042288,0.08086322,,,,,,-0.11548154,0.06770901,-0.01704893,0.027730985,-0.97412044,-0.20756295,0.080413915
,,1.4230118,3.8862631,-8.913982,1685014386968,,0.008093959,-0.020387612,-0.054748755,,,,,,-0.028906556,-0.01696465,0.016665109,0.036966942,-0.9753673,-0.20188925,0.07828521
52.54326033,13.36720606,1.3109478,3.8971102,-8.955298,1685014387000,3.9234037,-0.0035124724,0.0058795735,-0.014431681,,,,,,0.035384234,0.14157175,0.011359883,0.04217155,-0.97718745,-0.1945643,0.07330958
,,1.3379867,3.8509293,-8.922835,1685014387220,,-0.045662142,0.03581195,0.13095413,,,,,,-0.0061140102,0.082744986,0.020501519,0.0417104,-0.97646517,-0.19719781,0.07559276
,,1.3079966,3.9389055,-8.93823,1685014387722,,-0.016951498,0.04619665,0.050319985,,,,,,0.059850622,0.13605367,0.021718804,0.039622307,-0.97739625,-0.1946158,0.07162329
,,1.2894921,3.915057,-8.924112,1685014387974,,-0.07742711,0.027259842,-0.065744326,,,,,,0.008395652,0.11418025,0.03121508,0.035349898,-0.97736263,-0.19590811,0.07082335
,,1.2835901,3.9524648,-8.917093,1685014388224,,-0.029168794,-0.03199404,0.10346522,,,,,,-0.008000582,0.12778692,0.019831292,0.030754512,-0.9770466,-0.19835387,0.07077362
,,1.2226526,3.988038,-8.858069,1685014388475,,-0.03405571,0.06879865,-0.016264275,,,,,,-0.030197095,0.14245372,0.038975604,0.026892027,-0.9765455,-0.20121689,0.071264155
,,1.3126228,4.03087,-8.87155,1685014388727,,-0.0810923,-0.016111558,0.07170025,,,,,,-0.022777252,0.02977422,0.03784137,0.023967177,-0.97571456,-0.20494889,0.073046036
,,1.362234,4.0780883,-8.859346,1685014388978,,0.042302385,0.22212571,-0.1805869,,,,,,-0.0042246976,-0.036476515,0.04475029,0.02293196,-0.9746903,-0.20913076,0.07498699
,,1.3464414,4.187759,-8.852168,1685014389231,,0.0044287695,-0.0570395,0.03565923,,,,,,0.0036575417,0.018513434,0.0023589453,0.024187477,-0.9739327,-0.21204366,0.0762445
,,1.4473387,4.2537208,-8.90864,1685014389483,,0.08933897,-1.0930662,0.12545635,,,,,,0.09359057,-0.005698824,-0.047837462,0.024448382,-0.97324765,-0.21497712,0.0767508
,,1.3663019,4.1926246,-8.878808,1685014389733,,-0.5539016,-0.5603921,-0.17264566,,,,,,0.18259393,-0.13457714,-0.0018595696,0.020983977,-0.8432852,-0.18727489,0.06777773
,,0.9039285,4.4812784,-8.750631,1685014389986,,-0.10797035,-0.18226677,-0.035201084,,,,,,0.11596886,0.012054403,0.029645586,0.014919023,-0.5206013,-0.10726536,0.06293586
52.54316454,13.36707705,-0.0767299,5.0494146,-8.407899,1685014390000,4.2804117,0.054519683,-0.12362376,0.056428634,,,,,,0.059680235,0.15951248,0.050467063,0.004052679,0.11999882,0.06776761,0.057768144
,,0.42129627,4.7489557,-8.57484,1685014390238,,-0.23319763,0.064522594,0.11751511,,,,,,0.10235906,0.09542038,0.06241978,0.008989753,-0.19959147,-0.02217216,0.060713004
,,-0.5048058,5.2723455,-8.326384,1685014390745,,0.05574141,0.040698867,-0.03886627,,,,,,0.05935371,0.13514668,0.026496459,-0.0018364112,0.44048038,0.15450852,0.05589054
,,-0.93415797,5.194899,-7.836892,1685014390996,,-2.4695735,0.05780308,-0.67233306,,,,,,0.07439348,-0.36782467,0.24419484,-0.009551124,0.756917,0.2515718,0.053874243
,,-1.5204792,6.451529,-6.796334,1685014391250,,-1.0254892,0.1060614,-0.13293944,,,,,,-0.10073855,0.028466066,0.19727154,-0.021909242,0.9225294,0.35586303,0.068073265
,,-1.699941,7.049734,-5.6881375,1685014391503,,0.14859286,0.12927426,0.39423686,,,,,,0.022903292,-0.060576882,0.101390906,-0.03318185,0.885661,0.42032558,0.080072455
,,-1.9771096,7.705367,-4.5567317,1685014391753,,0.045967575,0.19341506,0.047265664,,,,,,-0.035112776,-0.086712904,0.04421598,-0.043333065,0.8497606,0.48144305,0.08734801
,,-2.2028322,8.252445,-3.4377692,1685014392005,,-0.09636392,0.11400264,-0.026038112,,,,,,-0.051771894,-0.14573425,0.019512692,-0.056227915,0.8147591,0.53928775,0.09342949
,,-2.4256043,8.857431,-2.2497318,1685014392256,,-0.0108428495,0.13477205,-0.100563616,,,,,,-0.041462388,-0.21009636,0.046728324,-0.07205776,0.7790969,0.5992827,0.09752304
,,-2.7582064,9.811293,-1.3727623,1685014392509,,0.054519683,0.1995237,-0.08773545,,,,,,-0.124989,0.3050704,-0.102815434,-0.08922018,0.7475668,0.6486019,0.10104915
,,-2.6735008,9.486108,-1.1549357,1685014392759,,0.106977694,-0.14332415,0.022678355,,,,,,0.06405812,-0.009653155,-0.066750415,-0.098979734,0.7381205,0.6597253,0.09744035
52.54309479,13.36698142,-2.7214372,9.5214405,-1.4493326,1685014393000,4.50298,0.04650208,0.131565,0.037949976,,,,,,-0.03380014,0.056960963,-0.059475675,-0.12805785,0.74367815,0.65164584,0.0693862
,,-2.7272596,9.549275,-1.1348361,1685014393010,,0.016569708,0.12606722,0.1344666,,,,,,-0.0139575405,0.0305542,0.013469028,-0.10497226,0.7396615,0.65798825,0.091080986
,,-2.7219954,9.471669,-1.2869396,1685014393261,,-0.06895136,0.39057165,-0.065286174,,,,,,-0.03407552,0.0029765766,-0.029242614,-0.114735134,0.7417104,0.6552173,0.08188126
,,-2.6731017,9.509158,-1.6070195,1685014393766,,-0.010308343,0.07903063,-0.043905906,,,,,,-0.04397281,0.07016496,-0.07911846,-0.14175415,0.7458847,0.64727634,0.05507851
,,-2.6253252,9.487702,-1.7774684,1685014394016,,-0.012751802,-0.13171771,-0.010919208,,,,,,-0.08576851,0.08363791,-0.11922752,-0.0898162,0.49805725,0.4317466,0.041367643
,,-2.6238103,9.512748,-1.9092332,1685014394267,,0.017180571,-0.073685564,0.034284785,,,,,,-0.17168738,0.06255681,-0.14589982,-0.07408574,0.39959413,0.34399,0.027984159
,,-2.6299515,9.517212,-2.0218554,1685014394518,,0.035506517,0.21708608,-0.023747368,,,,,,-0.2098911,0.03984178,-0.19987036,-0.086206146,0.39927375,0.34223205,0.015136138
,,-2.5387046,9.514422,-2.0122046,1685014394769,,-0.034742933,0.05459604,-0.022525638,,,,,,-0.10615639,-0.0034609477,-0.124956466,-0.029522019,0.15005699,0.12900604,0.007068676
,,-2.5024934,9.49823,-2.006382,1685014395021,,-0.00481056,-0.21235187,-0.06223185,,,,,,-0.070234515,-0.026871363,-0.08286197,0.032446746,-0.098655716,-0.08386166,0.00460047
,,-2.513341,9.508359,-1.9326032,1685014395271,,-0.002367101,0.03565923,-0.11537708,,,,,,-0.042966764,-0.02685941,-0.019497626,0.055269774,-0.19888301,-0.16880903,0.0040249196
,,-2.5187647,9.52144,-1.8770894,1685014395523,,0.07826705,-0.19036074,-0.053068876,,,,,,0.029277913,0.006406911,0.015691133,-0.009581513,0.050361164,0.042745404,0.006630164
,,-2.538785,9.519445,-1.7480369,1685014395773,,-0.024969097,-0.39133525,0.05016727,,,,,,0.0841522,0.05950171,0.08861327,-0.030938374,0.1494862,0.12896135,0.014891534
52.54301767,13.36689469,-2.6686354,9.612208,-1.1687342,1685014396000,4.3241515,0.0410043,0.154167,-0.20517421,,,,,,-0.06938259,0.15644702,0.155934,-0.09713061,0.64018804,0.5663394,0.07144276
,,-2.5058436,9.464413,-1.6143578,1685014396026,,-0.044516772,-0.72120225,0.2596939,,,,,,0.16607992,0.019810995,0.12840231,-0.018334674,0.14854495,0.13213581,0.02827798
,,-2.6062624,9.589716,-1.4352149,1685014396277,,0.019013166,-0.18669555,-0.052458014,,,,,,0.020203965,0.156628,0.11670054,-0.05946718,0.39515838,0.34877485,0.0480053
,,-2.6953554,9.5882,-0.93407816,1685014396782,,-0.024358233,0.41928232,-0.13248129,,,,,,-0.07406173,0.16022924,0.19102459,-0.09834444,0.7366003,0.6567053,0.09512092
,,-2.7260628,9.629913,-0.80606204,1685014397035,,0.094760396,-0.016264275,0.05383246,,,,,,-0.08870545,0.15454878,0.17672876,-0.07945487,0.73478997,0.661076,0.11256777
,,-2.744966,9.625367,-0.77958167,1685014397284,,0.054443322,-0.22762349,0.100869045,,,,,,-0.11735781,0.10784381,0.12103291,-0.0633969,0.7342358,0.66286117,0.12520695
,,-2.7972894,9.668918,-0.7613962,1685014397535,,0.021456625,-0.16348268,0.059941106,,,,,,-0.20370139,0.14534572,0.08826167,-0.05020872,0.73411816,0.6629078,0.1350743
,,-2.7357938,9.59482,-0.76650083,1685014397785,,-0.009086614,0.09430225,0.0043524117,,,,,,-0.090548664,0.05109946,0.10404434,-0.048466202,0.7346869,0.6617151,0.13858742
,,-2.6832316,9.535158,-0.85575306,1685014398037,,0.03489565,0.066813335,7.63581E-5,,,,,,-0.005017328,0.025306797,0.07512107,-0.05240872,0.7367164,0.6597639,0.13648053
,,-2.6792433,9.559726,-0.97244304,1685014398288,,0.02328922,0.028939718,-0.0017562362,,,,,,-0.017160622,0.013310178,0.023382945,-0.051878452,0.73885405,0.6578389,0.13477589
,,-2.692005,9.534122,-0.9683753,1685014398538,,0.030008731,0.03810269,-0.054290608,,,,,,-0.064843774,-0.019086298,0.03300707,-0.04632082,0.73984283,0.65691304,0.13689473
,,-2.7022939,9.525587,-0.9330414,1685014398788,,0.08193224,0.06131555,-0.055512335,,,,,,-0.06157039,-0.024950154,0.052941125,-0.04532892,0.7398051,0.656743,0.13850333
52.54297242,13.36680817,-2.7146573,9.5302925,-0.95744807,1685014399000,4.37827,0.011682789,-0.1683696,0.07276927,,,,,,0.01158843,0.014546744,0.12382916,-0.046073712,0.7432676,0.65155274,0.14320661
,,-2.6832318,9.511309,-0.93184495,1685014399038,,0.07765619,-0.17447825,0.04405862,,,,,,0.005243182,-0.035573103,0.08611618,-0.049054045,0.74035937,0.6559121,0.13816608
,,-2.6873,9.47526,-0.93766767,1685014399288,,0.038560838,-0.20990841,0.118584126,,,,,,0.031429395,-0.051168695,0.11848311,-0.050227933,0.74189174,0.6539033,0.13902296
,,-2.793301,9.547761,-0.9529814,1685014399791,,0.026954409,0.09918917,0.014737112,,,,,,-0.08162681,0.035979494,0.1382155,-0.037863083,0.7440551,0.64933485,0.14994025
,,-2.7826133,9.508599,-0.9785049,1685014400045,,-0.03901899,0.0045051277,0.005574141,,,,,,-0.09721868,-0.0062557855,0.13566937,-0.028871538,0.7450412,0.647174,0.15588062
,,-2.7902708,9.49161,-0.9966904,1685014400296,,0.08009964,-0.5293907,0.02451095,,,,,,-0.16335024,-0.035559718,0.14975728,-0.016166942,0.7453132,0.64541954,0.1635375
,,-2.9589646,9.485628,-0.94907326,1685014400549,,0.634154,0.19020802,0.07032581,,,,,,-0.35437146,-0.041613545,0.22082047,7.483167E-4,0.74487484,0.64275426,0.17590016
,,-2.886781,9.232387,-1.0400804,1685014400800,,0.52358747,0.036880963,0.050778136,,,,,,-0.31233522,-0.2511647,0.29173106,0.015711818,0.7496034,0.63407016,0.18521658
,,-3.2978675,9.379786,-1.4316257,1685014401065,,-0.33223408,-1.535485,0.10575596,,,,,,-0.6280892,-0.04330465,0.3360264,0.031625506,0.7609937,0.61517936,0.19352564
,,-3.4482963,8.9883175,-1.8683158,1685014401316,,0.6744711,-0.0028252497,0.19738568,,,,,,-0.5849504,-0.29844934,0.16006069,0.053702805,0.76706207,0.5939305,0.21803062
,,-3.480839,9.163075,-1.6976278,1685014401568,,-0.75434166,0.3276526,0.49426597,,,,,,-0.485664,-0.096782275,0.2424769,0.08503328,0.76792073,0.57473814,0.24718072
,,-3.1303704,9.242118,-1.7485949,1685014401819,,-0.35666868,-0.14149155,0.23037238,,,,,,-0.22639757,-0.054157447,0.08913384,0.11554174,0.7614478,0.56849164,0.2687795
52.54293028,13.36673544,-1.9221543,9.518411,-1.1816558,1685014402000,4.816549,1.5504512,0.50174904,0.49915287,,,,,,0.44333082,0.0053243637,-1.0530423,0.20521596,0.68942577,0.59001553,0.35112798
,,-2.687778,9.193384,-1.9109079,1685014402073,,-0.18807,-1.0645082,0.031230463,,,,,,-0.0027206342,-0.16437595,-0.26040262,0.14699914,0.74987245,0.5666346,0.28739282
,,-2.597728,9.477253,-1.6271193,1685014402322,,-0.6822596,0.9214132,-0.36705336,,,,,,-0.087331295,0.0383499,-0.45495066,0.18608873,0.7240805,0.5684251,0.32092276
,,-1.4248463,10.066686,-0.544766,1685014402829,,0.86628264,-1.4805071,1.0874157,,,,,,0.53278637,0.47627604,-0.52381927,0.229776,0.6789055,0.59384656,0.3507722
,,-1.2228122,9.659427,-1.3788242,1685014403083,,0.82901984,-1.7321835,0.46860963,,,,,,0.5165831,0.12016393,-0.67951906,0.27738917,0.669442,0.56785035,0.35722253
,,-1.6853445,9.411928,-1.4848263,1685014403334,,-0.86674076,-0.7572433,0.82046777,,,,,,0.24629606,0.10370674,-0.17529273,0.34182116,0.65215427,0.5098138,0.3851463
,,-1.7019346,9.453165,-1.5672989,1685014403585,,-0.28092143,-0.324751,0.39041895,,,,,,0.31772012,0.20622222,0.048081245,0.4007497,0.6250632,0.45642912,0.42317286
,,-1.730888,9.563553,-1.9078771,1685014403838,,2.3262494,-0.05535962,0.0067958706,,,,,,0.23248638,0.32030842,0.14852493,0.45614678,0.5976468,0.4073666,0.44820935
,,-2.021217,9.133483,-2.1836898,1685014404087,,-0.9730312,-1.5464805,0.17356196,,,,,,-0.14262317,-0.056872096,0.8936648,0.5436541,0.5653976,0.3303112,0.46903563
,,-2.1154146,9.122159,-2.2888145,1685014404341,,-0.07994693,-0.3675115,-0.042684175,,,,,,-0.14415623,-0.0854922,0.73203504,0.6138574,0.49784362,0.26277953,0.5196734
,,-1.9193627,9.484751,-1.5834903,1685014404592,,0.85162187,-0.9667699,0.1589012,,,,,,-0.059349637,0.12251498,0.8399895,0.64925873,0.42944205,0.22907673,0.56348217
,,-1.6570297,9.601918,-1.6719451,1685014404844,,0.39347327,-0.8775836,-0.13675736,,,,,,-0.1561155,0.03746705,0.4244646,0.67517686,0.3708453,0.2106701,0.5846288
52.54290747,13.36671969,-1.4923236,9.778748,-1.5858035,1685014405000,3.9852571,0.17172936,-0.20563236,0.22853978,,,,,,-0.039726947,0.13638215,0.3721222,0.73863775,0.22105604,0.08648373,0.6216878
,,-2.0344577,9.5506315,-1.8603399,1685014405095,,-0.5032762,0.21281002,0.003130682,,,,,,-0.5675922,-0.0054270583,0.41432163,0.70734215,0.32141063,0.169521,0.59045374
,,-1.851646,9.522475,-1.7465215,1685014405348,,0.06666062,-0.13599378,0.22915065,,,,,,-0.32020694,-0.029175537,0.49839464,0.73135304,0.27117002,0.11860377,0.6020208
,,-1.5107485,9.675539,-1.6647666,1685014405852,,0.28168502,0.0014508038,0.23281583,,,,,,-0.19667955,-0.024681108,0.36388627,0.75037426,0.18289065,0.06494041,0.6224097
,,-1.6260029,9.678251,-1.9952153,1685014406105,,0.33849543,0.033215772,0.097814724,,,,,,-0.40749446,0.04098204,0.26850158,0.76670086,0.14635184,0.036121003,0.61730677
,,-1.4140784,9.485946,-2.2713473,1685014406355,,0.05016727,-0.31009024,-0.6914226,,,,,,-0.16569418,-0.107441984,0.15862526,0.777709,0.11930429,0.0104573555,0.61378706
,,-1.1386645,9.573126,-2.2736597,1685014406607,,-0.2070068,0.82611823,0.326889,,,,,,0.17073539,9.777228E-4,0.09780479,0.77989084,0.10555304,-0.006224227,0.6151784
,,-1.3011372,9.529415,-2.4890935,1685014406858,,-0.040240716,-0.074907295,0.016569708,,,,,,0.117680326,-0.017024804,0.00452075,0.78254294,0.10158682,-0.013462215,0.61268395
,,-1.4646467,9.495597,-2.6033907,1685014407108,,-0.07261655,0.069867656,-0.024969097,,,,,,0.07981253,-0.011632602,-0.04258909,0.7842981,0.10357136,-0.019859143,0.6100408
,,-1.4833906,9.4419985,-2.8321447,1685014407363,,0.020234896,0.0032833982,0.0080176005,,,,,,0.22648135,-0.034347247,-0.2580877,0.7836214,0.111562625,-0.024198271,0.6094592
,,-1.6185851,9.312865,-2.7921052,1685014407614,,-0.08727731,0.04176788,-0.04085158,,,,,,0.28577748,-0.14912637,-0.2506412,0.78174573,0.123053975,-0.026962988,0.6099321
,,-1.8434306,9.555658,-2.5325632,1685014407866,,0.027565273,0.21464261,0.21510077,,,,,,0.1961028,0.0772488,-0.13746472,0.7767557,0.13152298,-0.02823885,0.61495996
52.54292067,13.36673219,-1.8794026,9.249935,-2.8476186,1685014408000,4.6137915,-0.16852233,-0.2483929,-0.67126405,,,,,,0.0033751011,-0.09184761,-0.077451184,0.784436,0.15374215,-0.0010640485,0.5987348
,,-1.6322242,9.546723,-2.4219356,1685014408117,,-0.098272875,-0.12805253,-0.22899793,,,,,,0.27658316,0.038155112,-0.072293,0.77528846,0.13413748,-0.016876185,0.61649865
,,-1.6459429,9.601599,-2.4629323,1685014408370,,1.3708569,0.45349073,-0.3804924,,,,,,0.17661144,0.12274341,-0.03365185,0.77692026,0.13968383,-0.0064565293,0.6130714
,,-2.2108881,9.114023,-2.9970107,1685014408874,,-0.11598795,-0.77129316,0.07032581,,,,,,-0.04254743,-0.06674918,-0.004992676,0.7890268,0.168161,-0.010151867,0.58761024
,,-2.4805598,9.041918,-2.9936604,1685014409125,,0.30489787,-0.05413789,0.05627592,,,,,,0.035393737,0.046663746,0.17179467,0.7917502,0.17951877,-0.024763862,0.5792471
,,-2.8622947,8.84802,-3.206861,1685014409376,,0.09598213,0.22197299,-0.26198465,,,,,,0.008364709,0.051123794,0.17951009,0.796313,0.19163966,-0.040612485,0.5677241
,,-3.4599423,8.596056,-3.4695132,1685014409627,,0.015347977,-0.073685564,0.017180571,,,,,,-0.11252331,0.03262968,0.17162345,0.8001766,0.20557906,-0.0625264,0.55621755
,,-3.8561933,8.277411,-3.6221755,1685014409876,,-0.090942495,-0.044364054,-0.04329504,,,,,,-0.08925531,-0.0838434,0.16132088,0.80209595,0.21649235,-0.08519469,0.54808366
,,-4.0804014,8.385487,-3.4855452,1685014410126,,-0.023747368,-0.06330086,0.00923933,,,,,,0.009810837,0.11399339,0.19178161,0.79789346,0.22067979,-0.10413948,0.5507295
,,-4.166782,8.28786,-3.546881,1685014410377,,-0.06345358,0.0026725335,-0.050014555,,,,,,0.039733108,0.08873798,0.14393641,0.79674786,0.22375216,-0.11084784,0.5500023
,,-4.2815576,8.1586485,-3.724429,1685014410628,,-0.09338595,-0.023594651,-0.04940369,,,,,,-3.552993E-4,-6.884734E-4,-0.011271382,0.795811,0.23139948,-0.11110195,0.54820377
,,-4.3690553,8.130572,-3.6449077,1685014410881,,0.00923933,-0.013820816,-0.0011453715,,,,,,6.960233E-5,-0.009131893,-0.007187327,0.7914927,0.23810059,-0.11196647,0.55140793
52.54293444,13.36672792,-4.5422153,8.189197,-3.2784865,1685014411000,4.323123,0.037949976,-0.01809687,0.032452192,,,,,,0.012789837,0.008542538,0.02964019,0.77790827,0.24738793,-0.1150874,0.5659058
,,-4.473462,8.152267,-3.4478183,1685014411131,,-0.021914775,0.011835505,-0.0072540194,,,,,,-0.023312839,-5.25252E-4,0.04886713,0.78626174,0.24127692,-0.11415016,0.5570309
,,-4.52738,8.160005,-3.3614373,1685014411383,,6.8722287E-4,-0.044364054,0.028787002,,,,,,-0.009065676,-0.0021500268,0.030247727,0.781409,0.24496737,-0.11489806,0.5621144
,,-4.5769114,8.192706,-3.2351768,1685014411888,,0.026954409,0.03565923,0.014737112,,,,,,-2.916654E-5,-0.002793789,0.009899735,0.77534485,0.24911517,-0.1145369,0.5688457
,,-4.612006,8.189594,-3.2000818,1685014412138,,0.041615162,0.008781182,0.028176138,,,,,,-0.03397366,-0.012491051,0.024402475,0.7747213,0.24870297,-0.114860706,0.569835
,,-4.5467615,8.209695,-3.240041,1685014412390,,-0.029856017,-0.0034361144,0.07154754,,,,,,-0.00403347,0.005197859,0.015369829,0.7759705,0.24741085,-0.11407105,0.5688265
,,-4.4547977,8.233463,-3.3096724,1685014412642,,-0.040240716,-0.08040508,0.12652537,,,,,,0.01214029,0.007990185,-0.003103304,0.77842826,0.24470864,-0.111078836,0.56717676
,,-4.3481574,8.272306,-3.3576088,1685014412894,,-0.014584397,0.024663666,0.10758856,,,,,,0.007934053,0.006158876,-0.017019955,0.7815312,0.23918001,-0.1080686,0.5657742
,,-4.168377,8.335078,-3.3679771,1685014413147,,-0.013362667,0.3154353,0.022067491,,,,,,0.032965977,0.015520239,0.008799243,0.78458375,0.23317513,-0.10296174,0.56490463
,,-3.9290948,8.497313,-3.3576884,1685014413400,,-0.043905906,0.94706947,-0.20456335,,,,,,0.05293145,0.1097432,0.09478069,0.7864856,0.23362732,-0.089234486,0.5636728
,,-3.6977882,8.388279,-3.6738598,1685014413652,,-0.12576179,1.121166,-0.38782278,,,,,,-0.016363645,-0.060173545,-0.07669272,0.786303,0.2466516,-0.06364884,0.5585435
,,-3.6610186,8.485586,-3.8914468,1685014413907,,-0.3334558,0.24885105,-0.40737045,,,,,,-0.24861977,-0.09955999,-0.22648294,0.7774277,0.27190495,-0.028613588,0.5562353
52.54293856,13.366723,-2.4855049,9.018467,-2.891726,1685014414000,4.0369267,-0.26137376,0.82734,-0.06589704,,,,,,0.0335329,-0.20157668,-0.22319971,0.6804353,0.39326364,0.15748832,0.56473464
,,-3.4005992,8.566623,-3.728097,1685014414160,,-0.8080977,0.9238566,0.22548546,,,,,,-0.24548626,-0.22232203,-0.21864004,0.757722,0.3037957,0.015967777,0.56047064
,,-2.9552157,8.8098135,-3.2082965,1685014414410,,-0.28153232,1.2170718,-0.14164427,,,,,,-0.12085479,-0.19837715,-0.07082352,0.7253577,0.3425807,0.07907364,0.56641716
,,-2.3090742,9.1484785,-2.479363,1685014414911,,0.8216895,1.1767546,-0.055512335,,,,,,-0.04981203,-0.26008424,-0.24042219,0.62779236,0.44751498,0.23506638,0.5552061
,,-2.161676,9.382417,-2.020978,1685014415163,,-0.123929195,0.7100539,-0.96386826,,,,,,-0.04066131,-0.17069758,0.038387034,0.56626827,0.50967073,0.30148557,0.5306076
,,-1.8388841,9.449337,-2.0137994,1685014415415,,-0.44035715,0.56955504,0.07826705,,,,,,0.2786652,-0.118743226,-0.048670966,0.49461555,0.5702595,0.3609959,0.49843767
,,-1.6054243,9.569217,-1.8667206,1685014415667,,-0.7305179,0.510912,-0.12515092,,,,,,0.4314923,0.032008443,0.10509272,0.42021886,0.6263371,0.42083767,0.45235032
,,-1.6016756,9.538588,-2.0729022,1685014415919,,-0.10254893,0.58727014,-0.11537708,,,,,,0.4758581,0.026153231,-0.027509343,0.3470788,0.67551583,0.47137383,0.39856973
,,-2.0186648,9.415041,-2.1192431,1685014416168,,-0.4721221,0.71860605,0.08132137,,,,,,0.19205011,-0.029126024,0.22805719,0.28035226,0.7177916,0.5026433,0.34691328
,,-2.0928423,9.312708,-2.3524635,1685014416418,,-0.36705336,-0.3174206,-0.0054214248,,,,,,0.15992679,-0.03332456,0.23628227,0.2175289,0.75286376,0.5253766,0.29862767
,,-2.0779274,9.425568,-2.3322842,1685014416670,,0.02573268,-0.07612903,-0.026801692,,,,,,0.28846952,0.08324493,0.092438385,0.16355541,0.7660819,0.54919887,0.2712043
,,-2.1019354,9.469357,-1.8662423,1685014416919,,0.0019089525,-0.06024654,-0.024358233,,,,,,0.22572735,0.071077,0.36263153,0.12702894,0.76891893,0.57059705,0.24959174
52.54293908,13.36670977,-2.3609977,9.451489,-2.1019351,1685014417000,3.9836314,0.0037415468,0.033826638,0.0037415468,,,,,,0.02567807,0.06718672,0.07615994,0.08636144,0.7754367,0.5844442,0.22258379
,,-2.3136203,9.453323,-1.928376,1685014417170,,0.0037415468,0.0014508038,-0.014584397,,,,,,0.069936186,0.041580472,0.21698733,0.10378289,0.7709169,0.5811699,0.23563427
,,-2.4819152,9.406104,-2.021377,1685014417419,,-0.0011453715,-0.018707734,-0.0054214248,,,,,,-0.072424725,0.02548655,0.20121935,0.09161324,0.775107,0.582163,0.22662069
,,-2.3182464,9.472627,-2.0945973,1685014417921,,0.026343543,0.013057235,0.011071924,,,,,,0.14705627,0.043901347,0.013378727,0.08605162,0.773393,0.58685243,0.22369213
,,-2.3290143,9.4471035,-2.0409977,1685014418171,,0.016569708,0.0026725335,-0.0041996953,,,,,,0.10092116,0.015493679,0.057561703,0.08756592,0.7729505,0.5870917,0.22399367
,,-2.3092334,9.4528475,-2.0713868,1685014418423,,0.014126248,0.0026725335,-0.007864884,,,,,,0.08676661,0.021733666,0.026069235,0.08976196,0.77282846,0.58695203,0.22390656
,,-2.29025,9.450056,-2.1021745,1685014418673,,0.009850195,0.019776747,-0.008475749,,,,,,0.07120586,0.013481363,0.014493068,0.0917555,0.77316535,0.5864781,0.2231856
,,-2.294637,9.440482,-2.1382265,1685014418925,,0.010461059,-0.0034361144,0.003130682,,,,,,0.043454528,0.005822309,-0.0011972428,0.09360537,0.7738435,0.58547866,0.2227272
,,-2.278685,9.4353,-2.1629522,1685014419177,,-0.0072540194,-0.011988222,-0.0041996953,,,,,,0.044630274,0.0057736714,-0.0050773383,0.094769485,0.7744405,0.58465487,0.22233588
,,-2.28714,9.430434,-2.1819353,1685014419428,,0.0049632764,0.0032833982,7.63581E-5,,,,,,0.027941959,0.0049967766,-0.008015633,0.09568945,0.77480835,0.5840237,0.22232528
,,-2.3001409,9.426925,-2.1921449,1685014419679,,-5.345067E-4,0.0014508038,-0.0054214248,,,,,,0.016024916,0.0020903905,-0.007601603,0.0961042,0.7751283,0.58350986,0.22237952
,,-2.3044481,9.422139,-2.2033112,1685014419930,,0.0074067353,-9.926553E-4,-0.0035888306,,,,,,0.014011749,-0.0017220814,-0.008563455,0.09643231,0.77537376,0.5830689,0.22253986
52.542938,13.36669866,-2.302693,9.4267645,-2.1998813,1685014420000,3.7900925,0.0025198173,0.017333288,-0.0054214248,,,,,,0.0136693,0.0049993517,0.003905352,0.0977475,0.7753563,0.58251554,0.22348003
,,-2.2998214,9.422618,-2.2068207,1685014420183,,-0.0035888306,-0.0058795735,-0.0011453715,,,,,,0.018748451,0.0023535092,-0.008620032,0.09683835,0.7754477,0.5827852,0.22284937
,,-2.302773,9.425807,-2.2010775,1685014420435,,0.0037415468,8.3993905E-4,7.63581E-5,,,,,,0.015773335,0.0040953634,0.0020819188,0.09739829,0.77540153,0.5826202,0.22320029
,,-2.3065214,9.425886,-2.2038693,1685014420936,,0.0025198173,0.0063377223,-0.0041996953,,,,,,0.011598611,0.002067852,0.006086914,0.09777817,0.7754966,0.58231825,0.22349331
,,-2.3070002,9.423095,-2.215036,1685014421187,,0.0049632764,-0.0034361144,0.0019089525,,,,,,0.012451037,4.5277277E-4,-1.8378098E-4,0.09768147,0.77570796,0.5820802,0.2234214
,,-2.3070002,9.4215,-2.2192636,1685014421438,,0.005574141,-0.005268709,-5.345067E-4,,,,,,0.0108196335,0.0021479288,0.0014611403,0.09772951,0.7759282,0.5817964,0.22337513
,,-2.3132215,9.421103,-2.2249262,1685014421688,,0.0074067353,-0.0034361144,-0.0066431547,,,,,,0.0075430153,0.0030835152,0.002698628,0.09779717,0.7761541,0.5815144,0.22329454
,,-2.3125038,9.417513,-2.2395222,1685014421940,,0.0049632764,0.022831071,-0.009086614,,,,,,0.00772504,-3.006935E-4,-0.0037177643,0.09770775,0.7764062,0.5812323,0.22319236
,,-2.3049264,9.420941,-2.249812,1685014422192,,-0.0041996953,-0.024205517,-0.008475749,,,,,,0.014128113,0.0057120323,-0.0076071024,0.097375326,0.7767298,0.5810017,0.22280994
,,-2.2912872,9.419427,-2.2581067,1685014422443,,-0.015195262,-0.055970486,-0.015806125,,,,,,0.02424306,0.004794852,-0.010767993,0.0974961,0.7769247,0.5807849,0.22264285
,,-2.3097916,9.424372,-2.3128228,1685014422695,,0.3775908,0.12667808,0.06421716,,,,,,-5.7578087E-5,0.0058562914,-0.04370155,0.09847678,0.7772598,0.5799088,0.22329558
,,-2.4115663,9.451649,-2.2683165,1685014422947,,-0.16119194,0.11446079,0.19005531,,,,,,-0.09800232,0.03333238,0.020961909,0.10250862,0.77931154,0.576184,0.22347803
52.54293533,13.36669859,-2.0402002,9.733364,-2.1532211,1685014423000,3.7900925,1.0477095,-0.22151484,1.8375577,,,,,,-0.67944753,0.42757708,0.2569748,0.11341678,0.7630114,0.59546405,0.21848719
,,-2.195016,9.314141,-2.5052857,1685014423197,,-0.3737729,0.23846634,0.100869045,,,,,,-0.085454874,-0.04599177,0.035865825,0.10840828,0.77860844,0.57589406,0.22355463
,,-1.9318851,9.422934,-2.334757,1685014423448,,-0.07322741,-0.29420775,-1.5130357,,,,,,0.14934655,0.04673357,0.1074734,0.11246038,0.7741108,0.58218235,0.21968827
,,-1.0817947,9.950153,-1.8193429,1685014423951,,0.054443322,-3.6557965,-1.9375867,,,,,,-0.312749,0.76302695,-0.5052574,0.1253715,0.72954524,0.62761015,0.20729098
,,-0.5769894,8.684908,-0.37128636,1685014424201,,0.49060076,2.032576,-0.76472634,,,,,,-0.6232725,-0.14825751,-0.47587177,0.14784597,0.65919673,0.67246723,0.22054987
,,-0.25092733,8.39793,0.7883553,1685014424454,,-0.9027818,1.2579997,-0.22472188,,,,,,-0.64217347,0.02305738,-0.7901516,0.14474924,0.5857942,0.7254713,0.2328647
,,-0.3604388,8.05472,2.9363122,1685014424711,,-0.80321085,-1.0498475,-1.3395501,,,,,,-0.5247403,0.21877931,-0.55403,0.117412895,0.51504797,0.78125215,0.22968239
,,-0.5498706,6.773125,4.394818,1685014424962,,0.4014145,-2.8164685,-0.018249584,,,,,,-0.8945748,-0.09586012,-0.94335246,0.09518483,0.4226303,0.83271503,0.24676909
,,0.23545383,5.257191,6.3027744,1685014425214,,-0.38965538,0.17982332,-0.14897464,,,,,,0.19781761,-0.43060645,-1.040742,0.08965886,0.31804478,0.87484473,0.27597082
,,-0.5981258,3.5046878,7.915617,1685014425466,,0.07032581,-0.18974987,0.15645774,,,,,,-0.3716044,-0.98913753,-0.3208747,0.06270552,0.23540805,0.89797276,0.31707954
,,-0.66352963,3.6439502,8.338748,1685014425722,,-0.98036164,-1.101771,-0.21006113,,,,,,-0.068460114,-0.10388993,-0.47315162,0.033177506,0.1963086,0.90857095,0.33129868
,,-0.4517649,2.8339794,9.363275,1685014425973,,0.2939023,0.154167,-0.24365869,,,,,,0.06360009,-0.28793284,0.08536933,0.029169975,0.16010085,0.91179043,0.35096294
52.54292457,13.36669013,-0.084865466,2.266083,9.5468025,1685014426000,3.7900925,0.42707083,-1.124373,-0.46112654,,,,,,-0.21226253,-0.38199213,0.064566515,0.057984672,0.12018694,0.89639497,0.41959423
,,-0.21080765,2.1791434,9.177114,1685014426231,,0.4899899,-0.55260354,-0.12881611,,,,,,-0.09692333,-0.47918975,-0.38185376,0.04424567,0.12530774,0.90713525,0.38986868
,,0.26815566,2.2734206,9.855159,1685014426483,,-0.9418771,0.21586435,0.5602394,,,,,,0.14245224,-0.25655487,0.28912792,0.061310325,0.11548817,0.89934516,0.41321006
,,0.19700906,2.8542383,9.64762,1685014426990,,-0.6449968,0.18654284,-0.07689261,,,,,,-0.020788781,-0.072020695,0.15574065,0.07188196,0.12919368,0.89033145,0.4283332
,,0.11605187,2.7280571,9.977511,1685014427241,,0.223042,-0.53549933,-0.07261655,,,,,,-0.028659357,-0.1814182,0.5428938,0.07336066,0.13067946,0.88590324,0.4375704
,,0.04937189,2.6836302,9.456195,1685014427492,,-0.3004691,0.021609342,0.09964732,,,,,,0.04943912,-0.14798567,-0.07533922,0.065067895,0.13081223,0.88596356,0.4384778
,,-0.019621154,2.50042,10.147642,1685014427742,,1.3781873,-1.5819107,-0.46967867,,,,,,-0.045064315,-0.11190215,0.6209443,0.060006537,0.12155246,0.8903254,0.43177307
,,-0.22045876,2.2751756,9.526464,1685014427995,,0.15645774,0.58849186,0.08315397,,,,,,-0.13610896,-0.16403121,-0.11446598,0.050922833,0.11303488,0.89549106,0.4245676
,,-0.44354954,2.23043,10.063733,1685014428245,,0.02573268,1.3685662,-0.025579963,,,,,,-0.1413628,0.0022069772,0.3724872,0.038916644,0.1099495,0.9000149,0.4153309
,,-0.67613184,1.7784257,9.905728,1685014428561,,1.149113,1.1590396,0.038560838,,,,,,-0.165453,-0.12679286,0.1952315,0.018382128,0.100406714,0.90720546,0.40362257
,,-0.894756,1.8374485,9.896635,1685014428830,,-0.5558106,-1.1408663,0.5449678,,,,,,-0.17608483,0.02058376,0.09399686,0.0038172074,0.099787064,0.9121774,0.39405188
,,-0.9336793,1.5903496,9.951351,1685014429081,,0.03611738,1.0881792,-0.269315,,,,,,-0.30285653,-0.110494345,0.16465838,0.0020753194,0.09135463,0.9171159,0.38515642
