92#1#0
key,lat,lon,ts,bike,childCheckBox,trailerCheckBox,pLoc,incident,i1,i2,i3,i4,i5,i6,i7,i8,i9,scary,desc,i10
,,,,1,0,0,0,-5,0,0,0,0,0,0,0,0,0,0,,0

=========================
92#1
lat,lon,X,Y,Z,timeStamp,acc,a,b,c,obsDistanceLeft1,obsDistanceLeft2,obsDistanceRight1,obsDistanceRight2,obsClosePassEvent,XL,YL,ZL,RX,RY,RZ,RC
52.43211547,13.19259159,-1.2504349,5.103674,-7.0992274,1686151507000,3.216,-1.4485626,0.33496094,-0.04171753,,,,,,-0.018922921,0.7107691,0.9303703,0.0,0.0,0.0,0.0
,,-1.8254832,5.7640753,-7.2964296,1686151507228,,0.52537537,0.71739197,-0.28352356,,,,,,-0.31385484,0.7087907,0.2859111,0.0,0.0,0.0,0.0
,,-1.7395309,6.2399626,-7.258122,1686151507477,,1.5267181,0.39567566,-0.34532166,,,,,,-0.303108,0.68240136,0.0356874,0.0,0.0,0.0,0.0
,,-1.6662288,5.2750998,-7.4537673,1686151507729,,1.7738647,0.1474762,0.11061096,,,,,,-0.5115432,0.42306286,0.36135197,0.0,0.0,0.0,0.0
,,-1.5255697,4.279312,-7.5139813,1686151507981,,-2.7673645,0.018585205,-0.35916138,,,,,,-0.5868894,-0.085898004,0.50951785,0.0,0.0,0.0,0.0
,,-1.6930039,5.599036,-7.423919,1686151508234,,-1.5455017,-0.66744995,0.27893066,,,,,,-0.7200079,0.34916192,0.18212602,0.0,0.0,0.0,0.0
,,-1.6828283,5.954895,-7.373401,1686151508487,,0.9376373,0.4265747,-0.46569824,,,,,,-0.60697997,0.29652855,-0.12506531,0.0,0.0,0.0,0.0
,,-1.429482,4.69722,-7.638001,1686151508992,,0.20259094,0.16877747,0.029663086,,,,,,-0.40781805,0.19892298,0.3925162,0.0,0.0,0.0,0.0
,,-1.3387822,4.4223657,-7.389603,1686151509243,,-3.205185,-0.8368225,-0.35276794,,,,,,-0.2897604,0.060986765,0.6634868,0.0,0.0,0.0,0.0
,,-1.6805938,6.0560894,-7.376715,1686151509494,,1.4787903,1.132843,-0.30163574,,,,,,-0.30664286,0.7478511,0.090587184,0.0,0.0,0.0,0.0
,,-1.5262482,5.9998655,-7.271211,1686151509746,,3.3952026,-0.71858215,0.37480164,,,,,,-0.113851264,0.7391847,0.23403147,0.0,0.0,0.0,0.0
,,-1.4081742,4.4889245,-7.4175363,1686151509997,,-3.0869446,0.70674133,-0.16741943,,,,,,-0.12219926,0.28331578,0.7507521,0.0,0.0,0.0,0.0
52.43205403,13.19258689,-1.4370234,5.6750126,-7.4843326,1686151510000,3.216,2.0795898,0.14533997,0.15109253,,,,,,-0.4005193,0.3111138,0.09568165,0.0,0.0,0.0,0.0
,,-1.5669495,4.5187716,-7.3991804,1686151510249,,-1.3239288,-0.96784973,0.63153076,,,,,,-0.2854765,0.3303364,0.7121609,0.0,0.0,0.0,0.0
,,-1.6152319,5.7873006,-7.209481,1686151510501,,2.1988983,0.9517517,-0.6798096,,,,,,-0.20105776,0.66331303,0.34350637,0.0,0.0,0.0,0.0
,,-1.732548,5.96068,-7.2896056,1686151510756,,-0.14787292,0.56185913,0.095703125,,,,,,-0.27270806,0.76927274,0.2497611,0.0,0.0,0.0,0.0
,,-1.5433269,4.98229,-6.984464,1686151511012,,-2.7641602,-1.9936981,-0.07260132,,,,,,-0.3211148,0.36912155,0.9662409,0.0,0.0,0.0,0.0
,,-1.7580861,5.247806,-7.1904044,1686151511264,,1.3019562,0.8718567,-0.40390015,,,,,,-0.4381755,0.33879635,0.46582344,0.0,0.0,0.0,0.0
,,-1.7682617,6.251815,-7.168139,1686151511514,,2.61969,-0.08262634,-0.13652039,,,,,,-0.43677726,0.85473895,0.31137642,0.0,0.0,0.0,0.0
,,-1.7097636,5.1571856,-7.221889,1686151512017,,1.3147278,0.3786316,-0.21429443,,,,,,-0.39601165,0.51808757,0.63842005,0.0,0.0,0.0,0.0
,,-1.6202596,6.064748,-7.2011003,1686151512268,,3.5262299,-0.2978058,0.17240906,,,,,,-0.2202345,0.87300277,0.3646855,0.0,0.0,0.0,0.0
,,-1.510086,5.318354,-7.470887,1686151512519,,-2.842987,0.51605225,-0.09710693,,,,,,-0.12706347,0.5405294,0.2830333,0.0,0.0,0.0,0.0
,,-1.3935287,4.865611,-7.2492642,1686151512770,,-2.2453766,-1.0605316,0.5154114,,,,,,-0.1422266,0.5069615,0.87012935,0.0,0.0,0.0,0.0
52.43182591,13.19262071,-1.5499898,5.0254245,-7.025206,1686151513000,4.288,-4.2970734,-0.44480896,-0.6094971,,,,,,-0.29225966,0.3569163,0.84707695,0.0,0.0,0.0,0.0
,,-1.5440842,5.460969,-7.1276383,1686151513020,,0.79489136,0.9837036,-0.32188416,,,,,,-0.13595702,0.5260782,0.47270888,0.0,0.0,0.0,0.0
,,-1.6007472,6.7423863,-7.2865324,1686151513272,,2.1988983,0.23590088,0.24803162,,,,,,-0.12005396,1.0355318,-0.045838784,0.0,0.0,0.0,0.0
,,-1.3833531,5.2834797,-7.296628,1686151513523,,-0.40567017,0.2763672,0.06694031,,,,,,-0.10596159,0.49321747,0.52444917,0.0,0.0,0.0,0.0
,,-1.35973,4.3961887,-7.263109,1686151513774,,-2.2112885,-0.9348297,-0.34532166,,,,,,-0.21614294,0.07244237,0.81016695,0.0,0.0,0.0,0.0
,,-1.6131968,6.0365763,-7.1296325,1686151514026,,0.7735748,-0.09967041,0.14790344,,,,,,-0.2288962,0.7092114,0.30767956,0.0,0.0,0.0,0.0
,,-1.6103231,6.34842,-7.1430006,1686151514277,,1.2391052,1.355484,-0.22174072,,,,,,-0.11085366,0.69256616,0.06252168,0.0,0.0,0.0,0.0
,,-1.4703816,5.4059825,-7.435053,1686151514527,,1.7962341,0.13682556,0.42807007,,,,,,-0.115510784,0.54255515,0.3646207,0.0,0.0,0.0,0.0
,,-1.6188233,5.351274,-7.282024,1686151515030,,-1.4996948,-0.6525421,0.77001953,,,,,,-0.25560224,0.519739,0.46294987,0.0,0.0,0.0,0.0
,,-1.7736882,6.300176,-7.0932016,1686151515283,,1.2082062,0.7195282,-0.5359955,,,,,,-0.24733366,0.70033944,0.0818015,0.0,0.0,0.0,0.0
,,-1.5689839,5.8074102,-7.271011,1686151515534,,3.578415,-0.5854187,0.33113098,,,,,,-0.25253975,0.5569919,0.27314416,0.0,0.0,0.0,0.0
,,-1.4868236,4.409636,-7.442076,1686151515788,,-2.1207428,0.31365967,-0.3144226,,,,,,-0.3453421,0.17572944,0.64510894,0.0,0.0,0.0,0.0
52.4316924,13.19259892,-1.4623617,4.177198,-7.413785,1686151516000,4.288,-3.3543243,0.11445618,-0.37513733,,,,,,-0.19241433,0.13746884,0.7732759,0.0,0.0,0.0,0.0
,,-1.4811971,4.781935,-7.3042502,1686151516042,,-1.5359192,-1.4301758,-0.035324097,,,,,,-0.38771164,0.21963511,0.609733,0.0,0.0,0.0,0.0
,,-1.7263229,6.1771164,-7.223246,1686151516293,,0.8289795,0.5096741,-0.3336029,,,,,,-0.3642164,0.58565766,0.029040115,0.0,0.0,0.0,0.0
,,-1.4852275,6.094157,-7.2460704,1686151516544,,2.5142212,0.1794281,0.35775757,,,,,,-0.043387197,0.6142708,0.12547094,0.0,0.0,0.0,0.0
,,-1.4226593,4.8336897,-7.581497,1686151516795,,-0.9649353,0.4777069,0.22566223,,,,,,-0.010925174,0.49538583,0.4652757,0.0,0.0,0.0,0.0
,,-1.3742961,4.3015776,-7.3896422,1686151517045,,-2.1431122,-1.6506958,-0.3463745,,,,,,0.094090335,0.2694538,0.7767511,0.0,0.0,0.0,0.0
,,-1.6393743,5.8523016,-7.3425565,1686151517298,,1.0505524,0.3892975,-0.017211914,,,,,,0.11415987,0.72982544,0.18102935,0.0,0.0,0.0,0.0
,,-1.5914114,6.250457,-7.2804666,1686151517548,,2.1062317,0.46173096,0.5271301,,,,,,0.32615605,0.87780285,0.08608567,0.0,0.0,0.0,0.0
,,-1.4065776,4.148787,-7.3910394,1686151518052,,-2.523407,-0.76652527,-0.43266296,,,,,,0.039492447,0.18947706,0.8189203,0.0,0.0,0.0,0.0
,,-1.5726949,5.598875,-7.281426,1686151518303,,0.4848938,-0.5161896,0.17134094,,,,,,-0.06866024,0.5801754,0.33136645,0.0,0.0,0.0,0.0
,,-1.6553742,6.342873,-7.319613,1686151518554,,1.4532166,0.9528198,-0.14079285,,,,,,-0.011058974,0.7353168,-0.08885253,0.0,0.0,0.0,0.0
,,-1.4633993,5.447203,-7.435173,1686151518805,,1.3605347,0.061187744,0.2384491,,,,,,-0.041612327,0.6202649,0.3433093,0.0,0.0,0.0,0.0
52.43153906,13.19253474,-1.4177114,5.1194363,-7.4242787,1686151519000,3.216,-0.023239136,0.5192566,-0.05130005,,,,,,0.27499172,0.6736981,0.5536025,0.0,0.0,0.0,0.0
,,-1.4350678,4.1633925,-7.4368496,1686151519056,,-3.3766937,0.2305603,-0.41989136,,,,,,-0.21573709,0.13633093,0.77645165,0.0,0.0,0.0,0.0
,,-1.5847056,5.3540287,-7.327115,1686151519307,,-0.9862366,-0.41178894,0.4568329,,,,,,-0.25414047,0.5241377,0.42014605,0.0,0.0,0.0,0.0
,,-1.735022,6.461466,-7.3003397,1686151519558,,1.7110138,0.93151855,-0.37727356,,,,,,-0.14853647,0.8704838,-0.049336147,0.0,0.0,0.0,0.0
,,-1.5970764,5.70829,-7.3509364,1686151519810,,2.7869263,-0.040008545,0.15216064,,,,,,-0.16390699,0.651074,0.35252872,0.0,0.0,0.0,0.0
,,-1.4985555,4.294355,-7.440839,1686151520062,,-3.1018524,0.5650635,-0.27926636,,,,,,-0.32682627,0.24191923,0.78945774,0.0,0.0,0.0,0.0
,,-1.5408523,4.942824,-7.246351,1686151520313,,-1.6925049,-1.1191254,0.63153076,,,,,,-0.40641254,0.37601697,0.6935538,0.0,0.0,0.0,0.0
,,-1.7876943,6.2720447,-7.1474295,1686151520563,,0.9376373,1.2010193,-0.289917,,,,,,-0.4968839,0.678575,0.10803237,0.0,0.0,0.0,0.0
,,-1.5166702,4.563263,-7.478747,1686151521070,,-1.6285858,0.3424225,-0.28033447,,,,,,-0.7165925,0.08555056,0.5647192,0.0,0.0,0.0,0.0
,,-1.4239742,4.4837356,-7.412906,1686151521321,,-1.4389801,-1.5718536,-0.72987366,,,,,,-0.75446516,-0.085889146,0.55742013,0.0,0.0,0.0,0.0
,,-1.6885335,6.0612745,-7.3570814,1686151521572,,0.5775757,0.36586,-0.08432007,,,,,,-0.7767537,0.3541146,-0.07470528,0.0,0.0,0.0,0.0
,,-1.5744898,6.074882,-7.3418784,1686151521824,,1.8303223,0.30726624,0.018997192,,,,,,-0.5287572,0.24636945,-0.15665072,0.0,0.0,0.0,0.0
52.43136925,13.19246922,-1.6047776,5.9627533,-7.2410827,1686151522000,4.288,2.8849335,0.20606995,0.32899475,,,,,,-0.5053254,0.48989666,0.19295233,0.0,0.0,0.0,0.0
,,-1.3950038,5.1387095,-7.618329,1686151522079,,0.32403564,0.46173096,-0.09603882,,,,,,-0.45862833,0.22702274,0.23744883,0.0,0.0,0.0,0.0
,,-1.3850281,4.07329,-7.591434,1686151522338,,-2.6288757,-0.46717834,-0.5977783,,,,,,-0.40494576,-0.20464928,0.5487803,0.0,0.0,0.0,0.0
,,-1.6230118,5.517513,-7.3537297,1686151522590,,-0.40885925,-0.5012665,0.45043945,,,,,,-0.29834622,0.34100634,0.22939102,0.0,0.0,0.0,0.0
,,-1.7604792,6.1200542,-7.2852163,1686151522841,,1.3594818,1.5419006,-0.19404602,,,,,,-0.09852203,0.51995105,-0.072683446,0.0,0.0,0.0,0.0
,,-1.5874187,5.398841,-7.384336,1686151523095,,2.3746643,-0.077301025,0.18092346,,,,,,-0.040687654,0.4460351,0.37186095,0.0,0.0,0.0,0.0
,,-1.5732936,4.111997,-7.556438,1686151523346,,-2.458435,0.29129028,-0.35383606,,,,,,-0.19628495,0.08357833,0.67255366,0.0,0.0,0.0,0.0
,,-1.6165893,4.7473774,-7.3942313,1686151523599,,-1.8160858,-0.99661255,0.45043945,,,,,,-0.22912066,0.17691351,0.5079046,0.0,0.0,0.0,0.0
,,-1.4992747,5.7527423,-7.345908,1686151524104,,2.5610962,0.061187744,0.5388489,,,,,,0.0016517083,0.45620957,0.1577376,0.0,0.0,0.0,0.0
,,-1.5039433,4.507279,-7.5022883,1686151524354,,-1.1140747,0.7333679,0.17240906,,,,,,-0.1285872,0.2295102,0.5929693,0.0,0.0,0.0,0.0
,,-1.4133224,4.2733254,-7.461747,1686151524608,,-2.1846619,-0.84428406,-0.5850067,,,,,,-0.13934,0.032377798,0.6285439,0.0,0.0,0.0,0.0
,,-1.6572912,5.8442817,-7.2540507,1686151524860,,0.8236542,-0.061309814,-0.022537231,,,,,,-0.19526063,0.53663564,0.16074584,0.0,0.0,0.0,0.0
52.43123738,13.19240634,-1.789092,6.0265994,-7.2336197,1686151525000,4.288,1.014328,0.52565,-0.5892639,,,,,,-0.19919491,0.5451509,0.04343241,0.0,0.0,0.0,0.0
,,-1.5574127,6.072608,-7.200181,1686151525111,,1.4478912,0.8356323,-0.29844666,,,,,,0.052280486,0.5336346,0.041535426,0.0,0.0,0.0,0.0
,,-1.4616445,5.2888265,-7.429306,1686151525360,,1.6577454,0.07611084,0.3439026,,,,,,0.016944556,0.49144,0.36965522,0.0,0.0,0.0,0.0
,,-1.4412934,4.0914855,-7.397303,1686151525612,,-3.1657715,0.35520935,-0.37301636,,,,,,-0.10678122,0.008143528,0.7066833,0.0,0.0,0.0,0.0
,,-1.4487554,5.361529,-7.244714,1686151525865,,-1.3622742,-1.0019379,0.57081604,,,,,,-0.099778175,0.3924669,0.40699446,0.0,0.0,0.0,0.0
,,-1.6825088,6.258676,-6.995676,1686151526115,,1.2486877,0.41166687,-0.40603638,,,,,,-0.11182903,0.58085346,0.08774345,0.0,0.0,0.0,0.0
,,-1.3861465,5.904614,-7.1464705,1686151526367,,2.8540344,-0.09114075,0.37373352,,,,,,0.055944484,0.52626437,0.2956784,0.0,0.0,0.0,0.0
,,-1.4711009,4.5877237,-7.3423166,1686151526619,,-1.7521667,0.56718445,-0.19618225,,,,,,-0.2250762,0.17622656,0.6189568,0.0,0.0,0.0,0.0
,,-1.714152,6.2235236,-7.0762815,1686151527123,,1.0047455,0.67051697,-0.22494507,,,,,,-0.40318152,0.51820344,0.067343995,0.0,0.0,0.0,0.0
,,-1.5738124,6.1158648,-7.0323086,1686151527383,,1.7940979,0.44361877,-0.03213501,,,,,,-0.22889969,0.34469464,0.08686948,0.0,0.0,0.0,0.0
,,-1.4443258,5.1879916,-7.4234815,1686151527637,,0.74694824,0.33496094,0.18624878,,,,,,-0.24447042,0.3267574,0.35542437,0.0,0.0,0.0,0.0
,,-1.4302399,4.146434,-7.358838,1686151527890,,-2.9111633,0.02709961,-0.59884644,,,,,,-0.28969824,-0.09332995,0.6900214,0.0,0.0,0.0,0.0
52.43110614,13.19234164,-1.402387,4.6536045,-7.1963506,1686151528000,5.36,-1.8352509,-1.195816,-0.44544983,,,,,,-0.27861348,0.02474041,0.6600546,0.0,0.0,0.0,0.0
,,-1.503183,5.4992776,-7.1601586,1686151528143,,-0.95214844,-0.42669678,0.4333954,,,,,,-0.19868517,0.3514824,0.36864704,0.0,0.0,0.0,0.0
,,-1.6562525,6.2433558,-7.0713344,1686151528395,,1.267868,0.4723816,-0.29418945,,,,,,-0.09258628,0.5941866,0.03266554,0.0,0.0,0.0,0.0
,,-1.379802,5.7627997,-7.241243,1686151528646,,3.3632355,-0.7825012,0.30662537,,,,,,0.025418304,0.57183725,0.35192922,0.0,0.0,0.0,0.0
,,-1.4082525,4.495948,-7.5414753,1686151528898,,-2.079193,0.5490875,-0.21429443,,,,,,-0.1634877,0.25536132,0.54616225,0.0,0.0,0.0,0.0
,,-1.3675125,4.82962,-7.296549,1686151529150,,-1.5465698,-1.5761261,-0.3059082,,,,,,-0.1846378,0.17202069,0.5890457,0.0,0.0,0.0,0.0
,,-1.6359832,6.256325,-7.1725297,1686151529403,,1.0196533,0.5533447,-0.08538818,,,,,,-0.21412703,0.62145835,0.042482216,0.0,0.0,0.0,0.0
,,-1.4499135,6.166103,-7.231108,1686151529654,,1.3403015,0.3786316,0.22886658,,,,,,-0.072788164,0.5174137,0.046921458,0.0,0.0,0.0,0.0
,,-1.2285293,4.316702,-7.445828,1686151530158,,-2.7524414,-0.08900452,-0.8161621,,,,,,-0.22428924,-0.10863861,0.5939559,0.0,0.0,0.0,0.0
,,-1.3212657,5.730677,-7.206966,1686151530411,,-1.055481,-0.54067993,0.42913818,,,,,,-0.16989593,0.34777,0.29519877,0.0,0.0,0.0,0.0
,,-1.4236562,6.3414383,-7.0968328,1686151530664,,1.4585419,0.5501404,-0.2952423,,,,,,-0.013496455,0.52516896,0.011749776,0.0,0.0,0.0,0.0
,,-1.1978424,5.846237,-7.309239,1686151530915,,3.3057098,-0.6472168,0.3865204,,,,,,0.0808493,0.5003827,0.2934233,0.0,0.0,0.0,0.0
52.43104711,13.19231173,-1.3370667,5.2278147,-7.5018125,1686151531000,5.36,1.0920868,-0.034683228,0.02645874,,,,,,-0.20600542,0.35725376,0.35442537,0.0,0.0,0.0,0.0
,,-1.2568202,4.517096,-7.486409,1686151531166,,-1.9716034,0.53842163,-0.05343628,,,,,,-0.02684757,0.19092661,0.60765535,0.0,0.0,0.0,0.0
,,-1.2743378,4.818247,-7.3804655,1686151531417,,-1.7351227,-1.6890411,-0.1695404,,,,,,-0.005284562,0.18622173,0.54183674,0.0,0.0,0.0,0.0
,,-1.6192622,6.1676183,-7.2551284,1686151531669,,0.72351074,0.38822937,-0.18125916,,,,,,-0.049054854,0.6250753,-0.014926036,0.0,0.0,0.0,0.0
,,-1.4784826,6.0279164,-7.1446366,1686151531919,,2.0060883,0.33389282,-0.15144348,,,,,,0.11608331,0.49469694,0.12562034,0.0,0.0,0.0,0.0
,,-1.4591298,5.190106,-7.6300206,1686151532181,,0.5104523,0.24867249,0.47920227,,,,,,-0.08693342,0.4610376,0.2745764,0.0,0.0,0.0,0.0
,,-1.3783656,4.283063,-7.4296656,1686151532433,,-2.853653,0.14108276,-0.5423889,,,,,,-0.15345697,0.004582715,0.643419,0.0,0.0,0.0,0.0
,,-1.4384207,5.7954803,-7.2338605,1686151532687,,-0.7156677,-0.8059387,0.24058533,,,,,,-0.1420365,0.46726477,0.27177486,0.0,0.0,0.0,0.0
,,-1.2370285,5.9442396,-7.3107147,1686151533192,,3.7914734,-0.49168396,0.021133423,,,,,,0.0634978,0.5983797,0.28421912,0.0,0.0,0.0,0.0
,,-1.2796849,4.645106,-7.4546456,1686151533442,,-1.5817261,0.25080872,-0.25157166,,,,,,-0.12805775,0.31224096,0.64925724,0.0,0.0,0.0,0.0
,,-1.2279307,4.831614,-7.234061,1686151533693,,-2.2080994,-0.96572876,0.14683533,,,,,,-0.079106815,0.14053774,0.6315289,0.0,0.0,0.0,0.0
,,-1.5104457,6.1669,-7.1966314,1686151533945,,1.1006165,0.5490875,-0.4582367,,,,,,-0.15028553,0.56002957,-0.0070156096,0.0,0.0,0.0,0.0
52.43098899,13.19227807,-1.4333923,6.3203287,-6.9695406,1686151534000,6.432,1.2476196,-0.7260437,-0.4539795,,,,,,0.031792276,0.5210938,0.13251428,0.0,0.0,0.0,0.0
,,-1.3624436,5.9643497,-7.212034,1686151534196,,2.3405762,0.35414124,0.32260132,,,,,,-2.2374192E-4,0.46594286,0.13250436,0.0,0.0,0.0,0.0
,,-1.4131612,4.850408,-7.601052,1686151534448,,-0.4152527,0.73124695,0.32899475,,,,,,-0.15201025,0.3836561,0.3815528,0.0,0.0,0.0,0.0
,,-1.2888219,3.9644735,-7.3821025,1686151534700,,-2.693863,-0.7292328,-0.2537079,,,,,,-0.076536305,-0.07123577,0.7710733,0.0,0.0,0.0,0.0
,,-1.501746,5.5148783,-7.290125,1686151534952,,-0.24267578,-0.7271118,0.5303345,,,,,,-0.0774233,0.41918883,0.26473817,0.0,0.0,0.0,0.0
,,-1.5310348,6.0854163,-7.1126347,1686151535202,,1.267868,1.7975769,-0.254776,,,,,,0.07769802,0.592065,0.12167792,0.0,0.0,0.0,0.0
,,-1.4277257,5.3089375,-7.393315,1686151535454,,2.413025,-0.09220886,0.3140869,,,,,,0.05217789,0.4961832,0.43243778,0.0,0.0,0.0,0.0
,,-1.394486,4.013715,-7.4992185,1686151535706,,-3.3447266,0.71206665,-0.12693787,,,,,,-0.065157436,0.06895472,0.716312,0.0,0.0,0.0,0.0
,,-1.6503861,6.232062,-7.1038957,1686151536209,,1.4244537,0.14215088,-0.47102356,,,,,,-0.14125793,0.6320946,0.1019039,0.0,0.0,0.0,0.0
,,-1.3866247,5.8839855,-7.238051,1686151536461,,3.1363373,-0.39474487,0.37480164,,,,,,-0.009309176,0.5803927,0.28745282,0.0,0.0,0.0,0.0
,,-1.2974808,4.466059,-7.448501,1686151536713,,-1.9449768,0.42338562,-0.07687378,,,,,,-0.038914237,0.27657926,0.6662001,0.0,0.0,0.0,0.0
,,-1.22757,4.5174146,-7.30453,1686151536967,,-1.6925049,-1.8051605,-0.34425354,,,,,,0.06912847,0.23649177,0.7320118,0.0,0.0,0.0,0.0
52.43090863,13.19223749,-1.3797612,5.0016813,-7.2754,1686151537000,6.432,-1.6733398,-0.8730469,0.47280884,,,,,,-0.08071509,0.2545068,0.5351782,0.0,0.0,0.0,0.0
,,-1.5161117,6.173683,-7.2438374,1686151537219,,1.061203,0.084625244,-0.02999878,,,,,,0.12285398,0.8476115,0.13252085,0.0,0.0,0.0,0.0
,,-1.4159541,6.1964283,-7.214269,1686151537472,,2.3427124,0.3466797,0.43019104,,,,,,0.4061361,0.9118501,0.20360039,0.0,0.0,0.0,0.0
,,-1.2992767,4.9821687,-7.534573,1686151537724,,-0.3619995,0.5522766,0.3673401,,,,,,0.41476095,0.76049334,0.55104536,0.0,0.0,0.0,0.0
,,-1.2044662,4.228434,-7.4609113,1686151537975,,-2.1026306,-1.3279114,-0.8449249,,,,,,0.42346227,0.41792563,0.80149347,0.0,0.0,0.0,0.0
,,-1.4655544,5.825048,-7.2878895,1686151538231,,0.6393585,-0.26264954,0.18838501,,,,,,0.38649744,0.9430249,0.36447874,0.0,0.0,0.0,0.0
,,-1.5246109,6.321166,-7.235696,1686151538481,,1.3594818,1.4588165,0.17666626,,,,,,0.59201163,1.0893247,0.1385011,0.0,0.0,0.0,0.0
,,-1.4075739,5.3484817,-7.3186145,1686151538733,,1.0526733,0.190094,0.52819824,,,,,,0.49768525,0.9051341,0.67430264,0.0,0.0,0.0,0.0
,,-1.551945,5.4675145,-7.509831,1686151539236,,-0.86586,-0.428833,1.1045074,,,,,,0.26315817,0.9300691,0.37696406,0.0,0.0,0.0,0.0
,,-1.7265228,6.432816,-7.407798,1686151539487,,1.5267181,0.81007385,-0.289917,,,,,,0.26901874,1.1419841,-0.00880359,0.0,0.0,0.0,0.0
,,-1.5554962,5.7880177,-7.61342,1686151539738,,3.0809479,-0.78782654,0.44511414,,,,,,0.13419601,0.9704839,0.24430014,0.0,0.0,0.0,0.0
,,-1.4878998,4.4993386,-7.7121806,1686151539988,,-3.3085175,0.6225891,-0.3059082,,,,,,-0.20746163,0.62296474,0.6506166,0.0,0.0,0.0,0.0
52.43078327,13.1921439,-1.2733399,4.254492,-7.677066,1686151540000,6.432,-2.6384583,-0.7526703,-0.10882568,,,,,,0.43673828,0.5711714,0.66341794,0.0,0.0,0.0,0.0
,,-1.4920497,4.9812117,-7.6099486,1686151540241,,-2.4392548,-0.8591919,0.5505676,,,,,,-0.324586,0.5923707,0.4132381,0.0,0.0,0.0,0.0
,,-1.9941539,6.303569,-7.186056,1686151540492,,0.95254517,1.2404327,-0.49765015,,,,,,-0.820408,0.81538683,0.1888134,0.0,0.0,0.0,0.0
,,-1.6572098,6.0429606,-7.276717,1686151540744,,2.6122284,-0.0069885254,0.7210083,,,,,,-0.76655644,0.63511145,0.24431105,0.0,0.0,0.0,0.0
,,-1.5860214,4.729941,-7.5102715,1686151540994,,-1.4038239,0.4681244,-0.44758606,,,,,,-1.0031575,0.2953138,0.6006844,0.0,0.0,0.0,0.0
,,-1.4307185,4.492955,-7.3835783,1686151541246,,-1.6967621,-1.4227295,-0.5317383,,,,,,-1.0179081,0.047693644,0.6592995,0.0,0.0,0.0,0.0
,,-1.6438024,6.023249,-7.3068843,1686151541500,,1.2135315,0.38502502,-0.21855164,,,,,,-1.0426382,0.415894,0.056719907,0.0,0.0,0.0,0.0
,,-1.4898956,6.1453543,-7.189568,1686151541750,,1.8814545,0.4073944,-0.17700195,,,,,,-0.8098638,0.35079738,0.08383158,0.0,0.0,0.0,0.0
,,-1.170549,4.0248485,-7.555761,1686151542255,,-3.3095856,-0.13269043,-0.042785645,,,,,,-0.42752782,-0.05747366,0.6470023,0.0,0.0,0.0,0.0
,,-1.3835938,5.3935733,-7.430863,1686151542507,,-0.91166687,-0.065582275,0.65390015,,,,,,-0.42500126,0.4270484,0.2517704,0.0,0.0,0.0,0.0
,,-1.496959,6.0833426,-7.212272,1686151542759,,1.203949,0.83351135,-0.18658447,,,,,,-0.23904999,0.56697947,0.074964955,0.0,0.0,0.0,0.0
52.43066764,13.19198607,-1.2408986,5.1601396,-7.532577,1686151543000,8.576,0.5456085,0.5107269,0.25335693,,,,,,-0.55623513,0.35474548,0.3688632,0.0,0.0,0.0,0.0
,,-1.3039871,5.5095716,-7.401294,1686151543010,,3.5379333,-0.9795685,0.27467346,,,,,,-0.1315181,0.53745973,0.36764294,0.0,0.0,0.0,0.0
,,-1.4156367,4.194156,-7.628903,1686151543262,,-2.458435,0.5512085,-0.16209412,,,,,,-0.3258443,0.23217003,0.62575585,0.0,0.0,0.0,0.0
,,-1.3959645,4.635728,-7.413026,1686151543512,,-2.234726,-0.71751404,0.5590973,,,,,,-0.39569005,0.10613826,0.5627253,0.0,0.0,0.0,0.0
,,-1.7081288,6.1143866,-7.247587,1686151543764,,0.60739136,1.1296539,-0.4081726,,,,,,-0.6306253,0.4880062,-0.00650692,0.0,0.0,0.0,0.0
,,-1.3849914,5.8394523,-7.1377335,1686151544014,,2.3224792,0.09208679,0.10635376,,,,,,-0.40014946,0.2687961,0.22055025,0.0,0.0,0.0,0.0
,,-1.4064194,4.684649,-7.5465436,1686151544266,,-0.5984802,0.47877502,-0.024673462,,,,,,-0.5360458,0.08303573,0.46179992,0.0,0.0,0.0,0.0
,,-1.4072973,4.181268,-7.38685,1686151544517,,-2.4339294,-0.69940186,-0.7000427,,,,,,-0.62097967,-0.2160178,0.68039685,0.0,0.0,0.0,0.0
,,-1.5950425,5.7991505,-7.252855,1686151544769,,1.3126068,0.011123657,-0.08326721,,,,,,-0.6705436,0.25186434,0.12410847,0.0,0.0,0.0,0.0
,,-1.3869445,5.1938167,-7.4322195,1686151545273,,1.4627991,-0.055984497,0.27467346,,,,,,-0.3389842,0.24948168,0.41737607,0.0,0.0,0.0,0.0
,,-1.4056193,4.100385,-7.5599904,1686151545525,,-3.1348724,0.25080872,-0.8438568,,,,,,-0.412393,-0.058176756,0.64460385,0.0,0.0,0.0,0.0
,,-1.4876206,5.3670774,-7.285336,1686151545775,,-0.74975586,-0.69195557,0.42593384,,,,,,-0.43655482,0.33581746,0.33914268,0.0,0.0,0.0,0.0
52.4305674,13.19178528,-1.4847484,6.1156635,-7.148028,1686151546000,8.576,1.3701324,1.1360474,-0.1290741,,,,,,-0.39231285,0.3022916,0.03491451,0.0,0.0,0.0,0.0
,,-1.4884181,6.3210874,-7.079076,1686151546027,,1.9336548,0.31045532,-0.592453,,,,,,-0.2336315,0.5512822,0.016125536,0.0,0.0,0.0,0.0
,,-1.3354685,5.7528625,-7.2261586,1686151546281,,2.7507172,-0.8730469,0.17027283,,,,,,-0.17213032,0.46138313,0.35352364,0.0,0.0,0.0,0.0
,,-1.3641597,4.4230037,-7.4849725,1686151546532,,-2.9420624,0.8260498,-0.37408447,,,,,,-0.3711496,0.10247066,0.5740341,0.0,0.0,0.0,0.0
,,-1.1159602,4.9064727,-7.2214913,1686151546784,,-1.6541595,-1.5196686,-0.11628723,,,,,,-0.21069156,0.14018385,0.49729064,0.0,0.0,0.0,0.0
,,-1.412003,6.271446,-6.998871,1686151547033,,0.92485046,1.0966339,-0.17593384,,,,,,-0.33473614,0.48425946,0.046389516,0.0,0.0,0.0,0.0
,,-1.1416179,6.0418825,-6.885426,1686151547285,,3.3962555,0.056930542,0.38970947,,,,,,-0.09362141,0.40021986,0.3344509,0.0,0.0,0.0,0.0
,,-1.1297663,4.6869645,-7.335576,1686151547537,,-1.9076843,0.58955383,-0.21322632,,,,,,-0.25455248,0.117840156,0.5793393,0.0,0.0,0.0,0.0
,,-1.011852,4.50724,-7.199147,1686151547788,,-2.3039703,-1.1105957,-0.18339539,,,,,,-0.21960615,-0.005777359,0.70809346,0.0,0.0,0.0,0.0
,,-1.190061,6.3281097,-7.0257654,1686151548292,,1.9645386,0.34881592,0.3833313,,,,,,-0.086836435,0.5577368,0.21975893,0.0,0.0,0.0,0.0
,,-1.0043503,5.179532,-7.345431,1686151548542,,0.041748047,0.119781494,0.09996033,,,,,,-0.054093122,0.39064682,0.58319306,0.0,0.0,0.0,0.0
,,-1.0077021,4.4364915,-7.519609,1686151548793,,-2.2879944,-1.0839691,-0.7458496,,,,,,-0.21153855,0.09726045,0.6478083,0.0,0.0,0.0,0.0
52.43046915,13.19152297,-1.1410588,6.153293,-7.059126,1686151549000,8.576,0.7373657,0.6502838,-0.13972473,,,,,,-0.16242383,0.5348199,0.18603039,0.0,0.0,0.0,0.0
,,-1.1583775,5.942404,-7.262032,1686151549044,,0.7821045,0.13896179,-0.02041626,,,,,,-0.17782958,0.5900638,0.23559509,0.0,0.0,0.0,0.0
,,-1.1335571,6.460988,-7.186973,1686151549295,,1.5043488,0.78556824,0.40888977,,,,,,0.030250132,0.7052461,0.009326013,0.0,0.0,0.0,0.0
,,-1.0557063,5.482996,-7.3785486,1686151549546,,0.9685211,0.45214844,0.30023193,,,,,,-0.026379133,0.59156066,0.4462025,0.0,0.0,0.0,0.0
,,-1.007224,4.3033338,-7.3791075,1686151549798,,-3.0805511,0.046279907,-0.7373352,,,,,,-0.13102786,0.16633947,0.8309578,0.0,0.0,0.0,0.0
,,-1.13703,5.518112,-7.286212,1686151550049,,-1.1896973,-0.37876892,0.47706604,,,,,,-0.13430163,0.5376004,0.41269764,0.0,0.0,0.0,0.0
,,-1.2524307,6.384015,-7.0681,1686151550300,,1.2476196,-0.64082336,-0.40603638,,,,,,-0.034071494,0.710289,0.11851061,0.0,0.0,0.0,0.0
,,-1.177891,5.8515043,-7.2706504,1686151550551,,2.973343,-0.22962952,0.16281128,,,,,,-0.112585954,0.62203777,0.33217952,0.0,0.0,0.0,0.0
,,-1.1349559,4.522643,-7.491875,1686151550803,,-2.364685,-0.047470093,-0.62228394,,,,,,-0.3233108,0.23517592,0.6497434,0.0,0.0,0.0,0.0
,,-1.5215784,6.4952254,-7.2309475,1686151551305,,1.0697174,0.6524048,-0.55836487,,,,,,-0.41804758,0.69756573,-0.089673236,0.0,0.0,0.0,0.0
,,-1.2995163,6.1697736,-7.312829,1686151551556,,2.9871979,-0.21258545,0.40037537,,,,,,-0.18751518,0.59179324,0.05919711,0.0,0.0,0.0,0.0
,,-1.3954834,4.9404707,-7.5678115,1686151551808,,-1.3931732,0.86546326,0.007293701,,,,,,-0.3153436,0.45437726,0.46197665,0.0,0.0,0.0,0.0
52.43036571,13.19125655,-1.2188319,5.1135325,-7.328072,1686151552000,11.792,-1.8416443,-1.0711823,0.4184723,,,,,,-0.36181673,0.2641708,0.46972936,0.0,0.0,0.0,0.0
,,-1.2776092,4.4238815,-7.3697715,1686151552059,,-2.0951843,-1.2384338,-0.3282776,,,,,,-0.20818594,0.08919319,0.7384115,0.0,0.0,0.0,0.0
,,-1.5501887,6.041444,-7.175761,1686151552310,,1.2944946,-0.7292328,-0.14505005,,,,,,-0.17402671,0.6547659,0.22010879,0.0,0.0,0.0,0.0
,,-1.3422526,6.1784716,-6.9758053,1686151552562,,1.6652069,0.5501404,0.18305969,,,,,,0.17469625,0.673571,0.36146542,0.0,0.0,0.0,0.0
,,-1.2795247,5.2464085,-7.3765545,1686151552812,,0.89927673,0.09208679,0.11807251,,,,,,0.18573043,0.60708874,0.5874632,0.0,0.0,0.0,0.0
,,-1.3048238,4.249542,-7.203454,1686151553063,,-3.1774902,0.28489685,-0.4390564,,,,,,0.118954524,0.32949364,1.042136,0.0,0.0,0.0,0.0
,,-1.6024241,5.675249,-7.0397706,1686151553315,,0.17170715,-0.26478577,0.4099579,,,,,,-0.041307863,0.8031458,0.605757,0.0,0.0,0.0,0.0
,,-1.4408956,6.459231,-6.9020243,1686151553566,,0.711792,1.6686707,-0.033187866,,,,,,0.308774,1.017469,0.2608808,0.0,0.0,0.0,0.0
,,-1.2796066,5.8774805,-7.077878,1686151553817,,2.9808044,-1.641098,0.39930725,,,,,,0.42092085,0.8609982,0.4911916,0.0,0.0,0.0,0.0
,,-1.9222504,4.7209215,-6.5558224,1686151554320,,-1.4986267,-1.1446838,-0.2164154,,,,,,0.43923652,-0.12381978,0.82796204,0.0,0.0,0.0,0.0
,,-2.6005275,6.927778,-5.493794,1686151554573,,-1.4602814,-1.2608032,0.04776001,,,,,,0.16699012,0.86605453,0.50117785,0.0,0.0,0.0,0.0
,,-2.2625854,6.665852,-4.5786505,1686151554824,,2.0273895,3.3848114,-1.1005859,,,,,,0.67294896,0.19066238,0.30101672,0.0,0.0,0.0,0.0
52.43021651,13.19093293,-1.7056158,4.540079,-7.602767,1686151555000,15.008,-2.0973053,-0.8187256,0.5026398,,,,,,0.24590181,0.33609092,0.3375577,0.0,0.0,0.0,0.0
,,-3.170347,7.1039114,-4.4544306,1686151555076,,3.3142395,-1.3715973,0.21394348,,,,,,0.15654851,0.68065315,0.3016649,0.0,0.0,0.0,0.0
,,-3.661477,6.3782682,-3.841476,1686151555329,,-3.2925415,1.6100922,0.95536804,,,,,,0.24204683,0.047535896,0.75220233,0.0,0.0,0.0,0.0
,,-3.581191,7.961235,-2.4705567,1686151555580,,-0.6932831,-2.133255,0.05203247,,,,,,0.32172617,0.59601396,1.2153891,0.0,0.0,0.0,0.0
,,-3.440572,9.233234,-2.3216374,1686151555832,,0.8556061,-0.8219147,-0.5892639,,,,,,0.26197758,1.3790103,0.3190834,0.0,0.0,0.0,0.0
,,-3.1111302,8.089843,-2.6139293,1686151556085,,2.3469696,1.9584198,-0.5636902,,,,,,0.54459214,0.24539565,0.15838669,0.0,0.0,0.0,0.0
,,-3.9030528,7.989367,-3.6909611,1686151556338,,-0.5750427,0.20713806,0.2853241,,,,,,-0.053745683,0.8023061,0.35241938,0.0,0.0,0.0,0.0
,,-3.3525457,7.0731454,-3.0098505,1686151556591,,-1.8096924,-0.7707825,0.11274719,,,,,,0.38100624,-0.115664974,1.0868162,0.0,0.0,0.0,0.0
,,-3.3701427,9.062766,-2.5813675,1686151556843,,-1.6658783,0.15812683,0.5420532,,,,,,0.019413551,1.1226928,0.5353483,0.0,0.0,0.0,0.0
,,-3.426646,8.701282,-3.209725,1686151557344,,3.051117,-1.6645355,0.25016785,,,,,,0.019705359,0.9198466,-0.017824253,0.0,0.0,0.0,0.0
,,-3.5880148,7.7405286,-3.5378108,1686151557596,,-3.7452698,2.166153,0.8903961,,,,,,0.089181,0.55520236,0.49720573,0.0,0.0,0.0,0.0
,,-2.984835,8.145866,-2.501999,1686151557847,,-0.95640564,-1.5814514,-0.47207642,,,,,,0.47098622,0.4375291,0.91627043,0.0,0.0,0.0,0.0
52.43016734,13.19061835,-3.1360698,8.815485,-2.6539912,1686151558000,15.008,2.014618,2.6870728,-1.021759,,,,,,0.079000756,0.6579023,-0.24263573,0.0,0.0,0.0,0.0
,,-3.0672746,9.402622,-2.579811,1686151558099,,0.7171173,-1.5761261,-0.47207642,,,,,,0.17959027,1.2448311,-0.11023761,0.0,0.0,0.0,0.0
,,-2.8298502,8.3821335,-2.9088948,1686151558350,,4.1930847,0.9059448,-1.0419922,,,,,,0.3625852,0.24876899,-0.2569445,0.0,0.0,0.0,0.0
,,-3.5093644,8.225553,-3.8028107,1686151558602,,-0.9702606,0.07397461,-0.32933044,,,,,,-0.1443181,0.7848264,0.16986337,0.0,0.0,0.0,0.0
,,-3.0817206,6.9913025,-3.2805161,1686151558852,,-1.391037,-1.0903625,-0.038513184,,,,,,0.11149529,-0.42819196,0.9134883,0.0,0.0,0.0,0.0
,,-3.2209036,9.227925,-2.9067016,1686151559104,,-1.6754608,-0.16464233,0.18411255,,,,,,-0.41551936,1.1113709,0.39652807,0.0,0.0,0.0,0.0
,,-2.960534,8.703674,-3.0012727,1686151559355,,2.0391083,1.6132812,-1.2529144,,,,,,-0.2943077,0.40411037,-0.26934814,0.0,0.0,0.0,0.0
,,-3.3023067,8.544582,-3.6093993,1686151559607,,2.749649,-1.4600067,0.4941101,,,,,,-0.42414847,0.7013006,0.054995313,0.0,0.0,0.0,0.0
,,-3.421697,7.4722586,-3.6339395,1686151559859,,-3.5290222,1.75177,0.8009033,,,,,,-0.27651218,0.2744047,0.853448,0.0,0.0,0.0,0.0
,,-3.0355916,9.311405,-2.9330764,1686151560365,,0.4571991,-1.5239258,-0.40603638,,,,,,-0.1948349,1.1742866,0.052112143,0.0,0.0,0.0,0.0
,,-2.6737473,8.031584,-3.1475968,1686151560616,,4.608536,0.3243103,-0.9269562,,,,,,0.19810109,-0.066662244,0.12321307,0.0,0.0,0.0,0.0
,,-3.4337463,8.081943,-3.9512904,1686151560867,,-1.3867798,0.31259155,-0.5136261,,,,,,-0.3190462,0.6973378,0.55639803,0.0,0.0,0.0,0.0
52.43022015,13.19039708,-2.9135675,7.984299,-2.8373485,1686151561000,15.008,-0.6453552,-1.98732,-0.9035187,,,,,,0.08194744,0.2666335,1.065779,0.0,0.0,0.0,0.0
,,-2.8222678,6.8749847,-3.314034,1686151561118,,-1.4432373,-0.59394836,0.001953125,,,,,,0.06720527,-0.5827822,1.2073035,0.0,0.0,0.0,0.0
,,-2.9820013,9.235068,-3.0340316,1686151561369,,-1.342041,-0.74095154,-0.089645386,,,,,,-0.54986113,1.0474559,0.5142838,0.0,0.0,0.0,0.0
,,-2.7282958,8.573472,-3.0182297,1686151561621,,2.1317902,1.2681274,-0.44970703,,,,,,-0.4892268,0.18785575,-0.045986626,0.0,0.0,0.0,0.0
,,-3.1681514,8.505556,-3.7372086,1686151561872,,2.4044952,-1.5505524,0.08291626,,,,,,-0.7891204,0.5123303,0.2526191,0.0,0.0,0.0,0.0
,,-3.1830359,7.4333124,-3.721926,1686151562124,,-3.623825,1.2638702,0.79771423,,,,,,-0.64598966,-0.030179389,0.87209797,0.0,0.0,0.0,0.0
,,-2.7670038,8.45396,-2.9080567,1686151562375,,-1.2877045,-0.96784973,1.0373993,,,,,,-0.43514565,0.37702104,0.86839825,0.0,0.0,0.0,0.0
,,-2.8050313,9.357133,-2.9047043,1686151562626,,2.3682861,0.15705872,-0.9099121,,,,,,-0.52016705,0.90424937,-0.16383022,0.0,0.0,0.0,0.0
,,-2.7690384,8.531932,-3.2945607,1686151562880,,3.1651,0.22097778,-0.054504395,,,,,,-0.2530299,0.2708739,-0.16609758,0.0,0.0,0.0,0.0
,,-2.840744,7.3379025,-3.104341,1686151563383,,-1.5753326,-0.7441559,-0.6851349,,,,,,-0.051322468,-0.41375577,0.80679786,0.0,0.0,0.0,0.0
,,-2.9481242,9.435064,-2.950952,1686151563635,,1.5213928,-0.5864868,-0.67555237,,,,,,-0.46887538,1.0644944,-0.22798027,0.0,0.0,0.0,0.0
,,-2.9921381,8.933398,-3.3054535,1686151563887,,3.4122467,1.8380585,-0.09603882,,,,,,-0.5532929,0.6718864,-0.6145831,0.0,0.0,0.0,0.0
52.43033512,13.1902021,-3.2902558,7.997585,-3.8686502,1686151564000,18.224,-3.5758972,1.8327179,0.36094666,,,,,,-0.36302674,0.45131558,0.43805262,0.0,0.0,0.0,0.0
,,-3.0748582,7.3001943,-4.0168514,1686151564137,,-3.3756256,1.562149,-0.639328,,,,,,-0.7535447,0.117282994,0.3153473,0.0,0.0,0.0,0.0
,,-2.3224797,7.0078225,-4.209704,1686151564390,,-2.079193,-0.10072327,-0.59991455,,,,,,-0.64202416,0.013031117,0.5287417,0.0,0.0,0.0,0.0
,,-1.613117,8.237685,-4.3153687,1686151564641,,1.8079529,0.7930298,-0.2622223,,,,,,-0.6223315,0.6741947,-0.070559315,0.0,0.0,0.0,0.0
,,-1.230603,8.188484,-5.154936,1686151564892,,2.4055634,-0.44374084,1.016098,,,,,,-0.58516383,0.99387777,-0.2917467,0.0,0.0,0.0,0.0
,,-0.88803303,6.110796,-6.0998864,1686151565143,,-1.3878479,0.42764282,0.10635376,,,,,,-0.45464817,0.2724659,0.39993164,0.0,0.0,0.0,0.0
,,-0.5079127,5.0909057,-6.6111684,1686151565394,,-2.521286,-0.66212463,-0.3378601,,,,,,-0.38691273,-0.061219867,0.9208669,0.0,0.0,0.0,0.0
,,-0.46334076,6.7311735,-6.7632394,1686151565646,,1.2241821,0.08036804,-0.22387695,,,,,,-0.33557263,0.80483055,0.18373252,0.0,0.0,0.0,0.0
,,-0.6235936,6.630578,-7.0054927,1686151565897,,1.7653351,0.38822937,0.14576721,,,,,,-0.18917732,0.72970426,0.057268508,0.0,0.0,0.0,0.0
,,-0.92737883,4.215666,-7.414582,1686151566400,,-3.0390015,-0.04321289,-0.37408447,,,,,,-0.27813748,0.07273286,0.81745136,0.0,0.0,0.0,0.0
,,-1.050799,5.4427733,-7.3579593,1686151566650,,-0.7934265,-0.33296204,0.35775757,,,,,,-0.22517815,0.46019813,0.3858748,0.0,0.0,0.0,0.0
,,-1.1852341,6.173884,-7.3040905,1686151566902,,1.2497559,1.1062164,-0.32188416,,,,,,-0.10366371,0.64466035,0.037892453,0.0,0.0,0.0,0.0
52.43044467,13.19004636,-0.8214752,5.3841953,-7.2668595,1686151567000,10.72,0.791687,0.13682556,-0.124801636,,,,,,-0.2557912,0.47685093,0.65457255,0.0,0.0,0.0,0.0
,,-1.0274562,5.546323,-7.430384,1686151567154,,3.3323517,-0.8836975,0.317276,,,,,,-0.055912264,0.4883114,0.37027454,0.0,0.0,0.0,0.0
,,-1.1167598,4.1764803,-7.585529,1686151567406,,-2.2730713,0.5948944,-0.4347992,,,,,,-0.21605824,0.102084,0.693934,0.0,0.0,0.0,0.0
,,-1.2152811,4.7174506,-7.5456653,1686151567660,,-1.8565521,-0.99342346,0.31195068,,,,,,-0.2694917,0.22727385,0.45597553,0.0,0.0,0.0,0.0
,,-1.4436091,6.103374,-7.3364115,1686151567911,,0.9088745,0.7195282,-0.35064697,,,,,,-0.2856611,0.57093453,0.016446097,0.0,0.0,0.0,0.0
,,-1.2786087,5.926483,-7.3451905,1686151568163,,2.416214,0.24015808,0.42274475,,,,,,-0.16653869,0.4783349,0.14546594,0.0,0.0,0.0,0.0
,,-1.1842768,4.6469812,-7.528705,1686151568414,,-0.7156677,0.4585266,0.21607971,,,,,,-0.21662405,0.24258788,0.561799,0.0,0.0,0.0,0.0
,,-1.2297262,4.1553726,-7.5067987,1686151568666,,-2.172943,-1.2650604,-0.4347992,,,,,,-0.29686508,0.030751053,0.69579,0.0,0.0,0.0,0.0
,,-1.4337118,5.68391,-7.4134645,1686151568917,,0.44548035,0.40101624,0.07759094,,,,,,-0.28351018,0.5382974,0.14305064,0.0,0.0,0.0,0.0
,,-1.2484391,5.066126,-7.6197658,1686151569427,,1.3722534,-0.07835388,0.12446594,,,,,,-0.24000263,0.4113734,0.29737714,0.0,0.0,0.0,0.0
,,-1.1626068,3.8911312,-7.606039,1686151569680,,-3.2648315,-0.110321045,-0.4593048,,,,,,-0.26615688,-0.04573031,0.6388719,0.0,0.0,0.0,0.0
,,-1.3652354,5.2372303,-7.4526906,1686151569932,,-1.2088776,0.04307556,0.5463104,,,,,,-0.3115212,0.38223997,0.2831853,0.0,0.0,0.0,0.0
,,-1.5821508,6.1490617,-7.359158,1686151570183,,1.3040771,1.5525665,-0.44119263,,,,,,-0.2959552,0.55972546,-0.1705468,0.0,0.0,0.0,0.0
,,-1.2789652,5.6511474,-7.3761573,1686151570436,,3.3291473,-0.7548065,0.16174316,,,,,,-0.2138929,0.45528555,0.2408182,0.0,0.0,0.0,0.0
,,-1.1556636,4.213549,-7.5335755,1686151570687,,-2.4403229,0.17623901,-0.2590332,,,,,,-0.17045711,0.065464385,0.6290526,0.0,0.0,0.0,0.0
,,-1.3023082,4.8251085,-7.313029,1686151570938,,-1.7979736,-0.96784973,0.35668945,,,,,,-0.16406305,0.28486887,0.61057407,0.0,0.0,0.0,0.0
52.43054778,13.18985784,-1.4215012,6.0226893,-7.3307853,1686151571000,15.008,1.1378937,1.3672028,0.17985535,,,,,,-0.18199952,0.5622059,-0.019168058,0.0,0.0,0.0,0.0
,,-1.5357432,6.2733216,-7.2542515,1686151571206,,1.0729218,0.5970154,-0.13545227,,,,,,-0.15363123,0.7327636,0.02822105,0.0,0.0,0.0,0.0
,,-1.2476019,5.9997044,-7.360634,1686151571457,,2.8348694,-0.42562866,0.40675354,,,,,,-0.02167199,0.63869363,0.1317121,0.0,0.0,0.0,0.0
,,-1.0693929,4.5113893,-7.5001755,1686151571709,,-1.8341827,0.13362122,-0.17913818,,,,,,-0.03815005,0.22423904,0.6469462,0.0,0.0,0.0,0.0
,,-1.1565816,4.46582,-7.2936754,1686151571962,,-1.9343262,-1.6954346,0.39398193,,,,,,-0.112354785,0.16944274,0.7853044,0.0,0.0,0.0,0.0
,,-1.2955658,6.132743,-7.161196,1686151572467,,2.8306122,0.24655151,0.32792664,,,,,,-0.09706478,0.5183164,0.15294933,0.0,0.0,0.0,0.0
,,-1.1596944,4.7666516,-7.3516154,1686151572721,,-1.0384369,0.46492004,0.12765503,,,,,,-0.17370869,0.2166409,0.6239845,0.0,0.0,0.0,0.0
,,-1.2039866,4.221412,-7.220054,1686151572973,,-2.2773438,-1.6336517,-0.36236572,,,,,,-0.24664266,0.00632364,0.90120006,0.0,0.0,0.0,0.0
,,-1.4184678,5.7879386,-7.1448355,1686151573227,,0.6745148,0.7706604,-0.0065612793,,,,,,-0.19175933,0.52667785,0.32228005,0.0,0.0,0.0,0.0
,,-1.4693044,6.131266,-7.32919,1686151573479,,2.1360474,0.7099304,0.017944336,,,,,,-0.095893584,0.57296807,-0.030222367,0.0,0.0,0.0,0.0
,,-1.3370249,4.9954166,-7.574835,1686151573731,,-0.14361572,0.5054016,0.09037781,,,,,,-0.14333601,0.44578454,0.4119542,0.0,0.0,0.0,0.0
,,-1.2275299,4.12672,-7.5214443,1686151573983,,-2.4978485,-1.1287079,-0.39538574,,,,,,-0.15474361,0.15645877,0.75226915,0.0,0.0,0.0,0.0
52.43062648,13.18971649,-1.3333938,5.989171,-7.1582828,1686151574000,11.792,1.2827759,0.21990967,-0.42414856,,,,,,-0.13023315,0.5155217,0.20781876,0.0,0.0,0.0,0.0
,,-1.4305588,5.4947267,-7.4415174,1686151574242,,0.7416229,0.25080872,-0.0076293945,,,,,,-0.16372919,0.5002656,0.25342336,0.0,0.0,0.0,0.0
,,-1.5602854,6.2531295,-7.50249,1686151574494,,1.5948944,1.1424408,-0.1056366,,,,,,-0.2164485,0.67760223,-0.20143142,0.0,0.0,0.0,0.0
,,-1.3083354,5.2065043,-7.6377635,1686151574747,,0.97172546,-0.24241638,0.02859497,,,,,,-0.27034652,0.40544522,0.24089395,0.0,0.0,0.0,0.0
,,-1.2381058,4.16379,-7.5490975,1686151574999,,-2.5820007,-1.1745148,-0.6808777,,,,,,-0.3542486,0.06540925,0.70873356,0.0,0.0,0.0,0.0
,,-1.5964376,6.305922,-7.4398417,1686151575506,,1.252945,1.4534912,0.08930969,,,,,,-0.3460752,0.5820313,-0.19936405,0.0,0.0,0.0,0.0
,,-1.3312398,5.3090563,-7.4583178,1686151575757,,1.2753143,-0.24453735,0.037109375,,,,,,-0.30968565,0.32560122,0.2731988,0.0,0.0,0.0,0.0
,,-1.1397431,4.0808706,-7.494749,1686151576013,,-2.8248901,-0.618454,-0.54985046,,,,,,-0.21146685,-0.07014291,0.7251216,0.0,0.0,0.0,0.0
,,-1.4159139,5.202714,-7.411989,1686151576267,,-0.14361572,0.4681244,0.23738098,,,,,,-0.18279439,0.37916926,0.3282357,0.0,0.0,0.0,0.0
,,-1.519223,6.214144,-7.3559256,1686151576520,,1.3946228,1.4598846,-0.099243164,,,,,,-0.050820734,0.62701595,-0.0746659,0.0,0.0,0.0,0.0
,,-1.298198,5.3328004,-7.5409575,1686151576769,,1.3701324,-0.12310791,0.19371033,,,,,,0.012023381,0.4610669,0.24652228,0.0,0.0,0.0,0.0
52.43072595,13.1895857,-1.460407,5.3311625,-7.4016547,1686151577000,15.008,0.042800903,0.20713806,0.09463501,,,,,,-0.37160924,0.3499948,0.29138523,0.0,0.0,0.0,0.0
,,-1.1639633,4.104814,-7.4912777,1686151577020,,-3.09227,-0.5310974,-0.60523987,,,,,,0.026188742,0.10820363,0.79002935,0.0,0.0,0.0,0.0
,,-1.4519857,5.148845,-7.480822,1686151577277,,0.20898438,0.044143677,0.27253723,,,,,,0.0039067944,0.50662446,0.3430734,0.0,0.0,0.0,0.0
,,-1.6696991,6.330903,-7.376315,1686151577530,,1.203949,1.9083557,0.072265625,,,,,,-0.016441984,0.8219176,-0.03273975,0.0,0.0,0.0,0.0
,,-1.3770483,5.3201513,-7.495826,1686151577780,,2.0742645,-0.71965027,0.27360535,,,,,,0.02232981,0.4393034,0.31150517,0.0,0.0,0.0,0.0
,,-1.173023,4.296829,-7.461947,1686151578033,,-2.3657532,-1.5260468,-0.80444336,,,,,,0.014636839,0.236165,0.8437888,0.0,0.0,0.0,0.0
,,-1.6461976,6.548935,-7.424478,1686151578544,,1.4841156,1.0177917,0.029663086,,,,,,-0.12462114,0.96232444,-0.065281756,0.0,0.0,0.0,0.0
,,-1.3659958,5.3647227,-7.402412,1686151578796,,0.98342896,0.023910522,0.030715942,,,,,,-0.06827405,0.4606102,0.43470106,0.0,0.0,0.0,0.0
,,-1.1373087,4.2100387,-7.4299045,1686151579049,,-2.693863,-0.99661255,-0.3090973,,,,,,-0.03624086,0.14285786,0.8780345,0.0,0.0,0.0,0.0
,,-1.4992721,5.2390656,-7.2973857,1686151579301,,0.13868713,0.5650635,0.09144592,,,,,,-0.16383067,0.5079656,0.51624054,0.0,0.0,0.0,0.0
,,-1.7014226,6.340438,-7.392675,1686151579553,,1.7323151,1.5238037,-0.14398193,,,,,,-0.18779482,0.7923168,-0.064791776,0.0,0.0,0.0,0.0
,,-1.3837525,5.2258167,-7.4630647,1686151579805,,0.7107239,0.143219,0.109558105,,,,,,-0.093521826,0.38399222,0.3248731,0.0,0.0,0.0,0.0
52.43083202,13.18941005,-1.5126805,5.27901,-7.278791,1686151580000,11.792,-0.091415405,0.39567566,0.30769348,,,,,,-0.14537929,0.5494766,0.56326765,0.0,0.0,0.0,0.0
,,-1.233636,4.0390906,-7.3467464,1686151580058,,-2.870697,-0.940155,-0.3144226,,,,,,-0.12113341,-0.013372262,0.9036273,0.0,0.0,0.0,0.0
,,-1.5885773,5.1785717,-7.3339777,1686151580311,,-0.030700684,0.9847717,0.2927704,,,,,,-0.2572729,0.3845218,0.37307313,0.0,0.0,0.0,0.0
,,-1.7883341,6.3408365,-7.336053,1686151580563,,2.1264648,1.46521,-0.3463745,,,,,,-0.29482362,0.73442435,-0.103205204,0.0,0.0,0.0,0.0
,,-1.5592891,5.188109,-7.440879,1686151580815,,0.15359497,0.5650635,0.16494751,,,,,,-0.2685048,0.34938735,0.28376275,0.0,0.0,0.0,0.0
,,-1.3541855,4.0970316,-7.403889,1686151581066,,-2.3764038,-1.2118073,-0.49658203,,,,,,-0.23748635,-0.027275896,0.7512512,0.0,0.0,0.0,0.0
,,-1.7596034,6.3236,-7.2412024,1686151581569,,1.7610779,1.3107452,-0.25689697,,,,,,-0.23333436,0.67333466,-0.052110497,0.0,0.0,0.0,0.0
,,-1.5231359,5.170912,-7.4097533,1686151581819,,-0.1425476,0.48835754,0.14790344,,,,,,-0.15423086,0.3751488,0.35023776,0.0,0.0,0.0,0.0
,,-1.3677119,4.369373,-7.441916,1686151582071,,-2.6757507,-1.3747864,0.029663086,,,,,,-0.09647184,0.28195795,0.73933476,0.0,0.0,0.0,0.0
,,-1.6253678,5.462885,-7.3472247,1686151582323,,0.6894226,0.79515076,-0.044906616,,,,,,-0.107490756,0.53921443,0.27565563,0.0,0.0,0.0,0.0
,,-1.8011022,6.500333,-7.486687,1686151582574,,2.6516418,0.9144745,0.09144592,,,,,,-0.13121922,0.93532807,-0.22085184,0.0,0.0,0.0,0.0
,,-1.5053385,5.087874,-7.5058413,1686151582824,,-0.7316437,0.54055786,0.19796753,,,,,,-0.042935617,0.48483893,0.40926933,0.0,0.0,0.0,0.0
52.43094387,13.18924511,-1.627005,5.2276936,-7.305447,1686151583000,8.576,0.5882263,0.3562622,-0.077941895,,,,,,-0.2637202,0.31996828,0.29920706,0.0,0.0,0.0,0.0
,,-1.4415736,4.4261966,-7.5586734,1686151583076,,-2.5777435,-1.4440308,0.4653473,,,,,,-0.100165404,0.41090405,0.7163559,0.0,0.0,0.0,0.0
,,-1.617747,5.513045,-7.356683,1686151583337,,1.1421661,0.23269653,-0.2398529,,,,,,-0.07264202,0.61228067,0.267124,0.0,0.0,0.0,0.0
,,-1.6961172,6.1124735,-7.265304,1686151583588,,1.8015594,0.5757141,-0.038513184,,,,,,-0.060664464,0.63709587,0.04306596,0.0,0.0,0.0,0.0
,,-1.3995157,5.0528007,-7.3573613,1686151583840,,0.39541626,0.41378784,0.017944336,,,,,,-0.058283534,0.4080438,0.5549727,0.0,0.0,0.0,0.0
,,-1.1697922,3.9259298,-7.5076766,1686151584092,,-1.7329865,-0.6141815,-0.3794098,,,,,,-0.026889356,0.060102344,0.82099265,0.0,0.0,0.0,0.0
,,-1.5889354,5.7329535,-7.491476,1686151584593,,0.9259186,0.2263031,-0.19085693,,,,,,-0.041078527,0.47461143,-0.09370901,0.0,0.0,0.0,0.0
,,-1.4568145,5.474579,-7.4295855,1686151584844,,1.5448303,0.6960907,0.025390625,,,,,,-0.008835232,0.3708944,0.19842689,0.0,0.0,0.0,0.0
,,-1.4039026,4.866411,-7.77447,1686151585095,,1.2731934,0.09101868,0.04776001,,,,,,-0.064961836,0.30547467,0.21929179,0.0,0.0,0.0,0.0
,,-1.2898183,4.4706883,-7.834844,1686151585347,,-1.3100739,-0.36065674,-0.1929779,,,,,,0.06408393,0.15219347,0.20990175,0.0,0.0,0.0,0.0
,,-1.5594056,5.1233473,-7.69187,1686151585599,,-1.9545593,-0.7707825,0.5452423,,,,,,-0.0052758497,0.38735968,0.16152172,0.0,0.0,0.0,0.0
,,-1.6196197,5.3724637,-7.5575957,1686151585850,,0.7064667,0.31365967,-0.11203003,,,,,,0.0361313,0.28807762,-0.021910222,0.0,0.0,0.0,0.0
52.43106219,13.18893433,-1.363921,4.953162,-7.585967,1686151586000,4.288,-1.6168671,-0.9998169,0.32366943,,,,,,-0.07202871,0.45429936,0.39274085,0.0,0.0,0.0,0.0
,,-1.5699407,5.232762,-7.7374005,1686151586101,,2.3139496,1.2777252,0.19050598,,,,,,-0.044642482,0.35887617,0.075641155,0.0,0.0,0.0,0.0
,,-1.374614,4.100584,-7.664857,1686151586353,,-2.6608276,0.27531433,0.24377441,,,,,,-0.06604309,-0.053874746,0.57946974,0.0,0.0,0.0,0.0
,,-1.5278026,4.7231956,-7.388047,1686151586605,,-2.3849335,-1.2671967,0.5910492,,,,,,-0.15091722,0.1895586,0.5990711,0.0,0.0,0.0,0.0
,,-1.8496628,6.0810275,-7.22173,1686151586857,,1.4564209,1.226593,-0.43373108,,,,,,-0.22059965,0.431346,0.06712718,0.0,0.0,0.0,0.0
,,-1.7601994,6.3361297,-7.2006607,1686151587110,,3.4282227,-0.41604614,0.25123596,,,,,,-0.22034709,0.6048186,0.077003986,0.0,0.0,0.0,0.0
,,-1.5840663,5.028936,-7.289126,1686151587615,,-1.0309753,0.06225586,0.40782166,,,,,,-0.27707168,0.2654306,0.54841167,0.0,0.0,0.0,0.0
,,-1.8293523,6.382058,-7.434055,1686151587868,,1.9837189,0.75361633,-0.1184082,,,,,,-0.2432306,0.7788493,-0.14532623,0.0,0.0,0.0,0.0
,,-1.6462367,5.7832294,-7.5253143,1686151588120,,0.9088745,-0.36705017,0.34924316,,,,,,-0.17821226,0.50893396,-0.026227664,0.0,0.0,0.0,0.0
,,-1.3626435,4.7757883,-7.3560843,1686151588372,,-2.6448517,-2.0469666,-0.22068787,,,,,,-0.14341897,0.25112617,0.72157806,0.0,0.0,0.0,0.0
,,-1.6191819,5.2590184,-7.364784,1686151588623,,0.95573425,0.4723816,-0.028930664,,,,,,-0.17972705,0.31332552,0.2536411,0.0,0.0,0.0,0.0
,,-1.7505437,6.6996098,-7.3425164,1686151588876,,3.1651,0.2454834,0.30981445,,,,,,-0.16682656,0.9676955,-0.124894634,0.0,0.0,0.0,0.0
52.4311967,13.18875916,-1.4635183,4.851126,-7.289765,1686151589000,3.216,-3.2989197,-5.950928E-4,-0.3655548,,,,,,-0.21453711,0.07831486,0.61905557,0.0,0.0,0.0,0.0
,,-1.51256,5.372942,-7.143599,1686151589128,,-1.519928,-0.81233215,0.023269653,,,,,,-0.11939718,0.39871982,0.5535969,0.0,0.0,0.0,0.0
,,-1.5584894,4.970756,-7.2889667,1686151589380,,-2.1356506,-2.05336,0.45576477,,,,,,-0.22813873,0.36110434,0.6771094,0.0,0.0,0.0,0.0
,,-1.9344188,5.855373,-7.216263,1686151589633,,1.3477631,1.0050201,-0.31228638,,,,,,-0.31278008,0.5068418,0.14729336,0.0,0.0,0.0,0.0
,,-2.0059657,6.4147787,-7.282143,1686151589884,,1.986908,-0.17529297,0.09889221,,,,,,-0.34748742,0.8016383,-0.026999315,0.0,0.0,0.0,0.0
,,-1.6467956,4.9848013,-7.149345,1686151590137,,-2.8994598,-0.6599884,-0.5605011,,,,,,-0.29751176,0.22009876,0.74737954,0.0,0.0,0.0,0.0
,,-2.010635,6.340878,-7.3192134,1686151590638,,2.0561523,0.95921326,-0.22174072,,,,,,-0.34376752,0.6748896,-0.0568086,0.0,0.0,0.0,0.0
,,-1.8397282,5.7111635,-7.2141876,1686151590889,,-0.22776794,0.40420532,0.16706848,,,,,,-0.28341022,0.45532024,0.27758566,0.0,0.0,0.0,0.0
,,-1.573174,4.9890323,-7.1224494,1686151591140,,-2.7013092,-2.102356,0.27999878,,,,,,-0.19091824,0.44186947,0.9258803,0.0,0.0,0.0,0.0
,,-1.9260005,5.4834757,-7.254609,1686151591392,,1.285965,0.63323975,-0.103500366,,,,,,-0.26504675,0.47615018,0.3529425,0.0,0.0,0.0,0.0
,,-2.1310236,6.535847,-7.4550843,1686151591643,,2.942459,0.4691925,-0.0065612793,,,,,,-0.36615077,0.9358952,-0.12687682,0.0,0.0,0.0,0.0
,,-1.7175446,4.9686427,-7.324241,1686151591897,,-1.9545593,0.27424622,-0.21429443,,,,,,-0.24210334,0.18602295,0.54342306,0.0,0.0,0.0,0.0
52.43132373,13.18853717,-1.915186,5.124902,-7.105412,1686151592000,3.216,-0.27464294,0.4223175,0.19371033,,,,,,-0.4570312,0.29521343,0.66066,0.0,0.0,0.0,0.0
,,-1.8655864,4.882332,-7.3945513,1686151592149,,-1.4677429,-0.09434509,0.6325989,,,,,,-0.47822797,0.28319693,0.5962975,0.0,0.0,0.0,0.0
,,-2.0116322,5.8695407,-7.332102,1686151592402,,1.4947662,1.0966339,-0.48060608,,,,,,-0.4739713,0.45248097,0.11970911,0.0,0.0,0.0,0.0
,,-1.9608754,5.8555346,-7.5133834,1686151592653,,1.5980988,-0.08155823,0.07546997,,,,,,-0.4826331,0.41823813,-0.04127372,0.0,0.0,0.0,0.0
,,-1.5595667,4.667491,-7.259598,1686151592904,,-3.2658997,-1.0328369,0.042434692,,,,,,-0.35069162,0.077318564,0.7994297,0.0,0.0,0.0,0.0
,,-1.7310715,5.0231905,-7.2015777,1686151593155,,0.6702423,0.3711853,-0.14611816,,,,,,-0.34579784,0.19692741,0.56623304,0.0,0.0,0.0,0.0
,,-1.717305,5.598077,-7.382819,1686151593659,,0.8321686,0.108062744,0.105285645,,,,,,-0.122115925,0.45628977,0.2784785,0.0,0.0,0.0,0.0
,,-1.4898962,4.420808,-7.5111485,1686151593910,,-2.0547028,0.33709717,-0.10031128,,,,,,-0.043809317,0.2668394,0.7483016,0.0,0.0,0.0,0.0
,,-1.5963175,4.6985364,-7.5869646,1686151594161,,-1.6158142,-0.30952454,0.33113098,,,,,,0.011915048,0.30010092,0.5083996,0.0,0.0,0.0,0.0
,,-1.8900462,5.8239303,-7.6414723,1686151594415,,0.5179138,0.08036804,-0.0864563,,,,,,-0.013430389,0.5826254,-0.15063106,0.0,0.0,0.0,0.0
,,-1.7975504,5.549594,-7.4719625,1686151594668,,1.5373688,0.7994232,-0.31228638,,,,,,0.058754127,0.38802677,0.13283025,0.0,0.0,0.0,0.0
,,-1.6285995,4.892905,-7.6846476,1686151594920,,1.6865082,0.09208679,0.10635376,,,,,,0.10291376,0.21709877,0.26534304,0.0,0.0,0.0,0.0
52.43143888,13.18831423,-1.9911219,6.4251943,-7.330665,1686151595000,3.216,2.0050201,0.48835754,-0.20150757,,,,,,-0.3624145,0.7860331,-0.025987975,0.0,0.0,0.0,0.0
,,-1.6016648,4.5890813,-7.8292975,1686151595173,,-0.5707855,0.098480225,-0.09603882,,,,,,0.025162179,0.19009843,0.1816404,0.0,0.0,0.0,0.0
,,-1.6382161,4.897215,-7.9343233,1686151595425,,-1.7170105,-0.89541626,-0.00869751,,,,,,-0.022098487,0.2362217,0.0010444005,0.0,0.0,0.0,0.0
,,-1.7830658,5.160616,-7.769842,1686151595678,,-0.8956909,-0.19447327,0.46322632,,,,,,-0.09658716,0.26362738,-0.02393597,0.0,0.0,0.0,0.0
,,-1.7715337,5.105789,-7.775508,1686151595930,,0.8641205,1.0071411,-0.2036438,,,,,,-0.14280505,0.1999778,-0.014542008,0.0,0.0,0.0,0.0
,,-1.6247696,4.8476152,-8.062494,1686151596184,,3.0756226,-0.39900208,-0.1887207,,,,,,-0.13262883,0.1387197,-0.16759348,0.0,0.0,0.0,0.0
,,-1.6505473,4.58126,-7.857948,1686151596687,,-1.248291,-0.45866394,-0.12693787,,,,,,-0.2083307,0.07605164,0.10989014,0.0,0.0,0.0,0.0
,,-1.8268799,4.99406,-7.74546,1686151596938,,-1.5859833,-0.6599884,0.4664154,,,,,,-0.24613641,0.21451612,0.06658188,0.0,0.0,0.0,0.0
,,-1.8335836,5.2019973,-7.653443,1686151597191,,0.32403564,-0.1305542,-0.04597473,,,,,,-0.22051993,0.24700241,-0.009874105,0.0,0.0,0.0,0.0
,,-1.7576472,5.0409474,-7.657913,1686151597442,,1.2806396,0.8803711,-0.43798828,,,,,,-0.15958357,0.199244,0.12733123,0.0,0.0,0.0,0.0
,,-1.7467535,4.865812,-7.6172504,1686151597693,,1.6854401,0.16133118,0.11807251,,,,,,-0.16602133,0.25727004,0.37688878,0.0,0.0,0.0,0.0
,,-1.6027426,4.6173325,-7.8817306,1686151597944,,-0.41845703,-0.06237793,-0.048110962,,,,,,-0.02728837,0.17126165,0.14847808,0.0,0.0,0.0,0.0
52.43155698,13.18807555,-1.7129959,4.509394,-7.845818,1686151598000,3.216,-0.070114136,0.08995056,-0.08432007,,,,,,-0.2862466,0.088581316,0.15421407,0.0,0.0,0.0,0.0
,,-1.6787186,4.824111,-7.734368,1686151598195,,-1.8405762,-0.71432495,-0.0065612793,,,,,,-0.07392645,0.25761637,0.25352523,0.0,0.0,0.0,0.0
,,-1.7532578,5.122788,-7.677705,1686151598445,,-1.3036804,-0.6237793,0.4983673,,,,,,-0.08457267,0.32828817,0.13189505,0.0,0.0,0.0,0.0
,,-1.688854,5.019637,-7.630299,1686151598698,,0.83003235,0.46173096,-0.2579651,,,,,,-0.0533758,0.21599932,0.1612783,0.0,0.0,0.0,0.0
,,-1.6574107,4.999047,-7.797254,1686151598949,,1.5735931,0.3466797,0.19371033,,,,,,-0.09027818,0.32526717,0.13783531,0.0,0.0,0.0,0.0
,,-1.5972759,4.618887,-7.8619776,1686151599214,,0.7160492,0.16558838,0.062683105,,,,,,-0.088989034,0.19342828,0.1966568,0.0,0.0,0.0,0.0
,,-1.6827886,5.2593765,-7.794421,1686151599717,,-1.7021027,-1.3769226,0.16494751,,,,,,-0.1405406,0.36365497,0.038795788,0.0,0.0,0.0,0.0
,,-1.6652715,5.401073,-7.577746,1686151599969,,0.4337616,0.29875183,0.02859497,,,,,,-0.07921272,0.257205,0.0205609,0.0,0.0,0.0,0.0
,,-1.5893748,5.3783283,-7.6313767,1686151600225,,1.429779,0.50328064,-0.40603638,,,,,,-0.08608718,0.33458394,0.108155504,0.0,0.0,0.0,0.0
,,-1.4478765,5.0219116,-7.6894364,1686151600476,,2.0540314,-0.09539795,0.21394348,,,,,,-0.10477997,0.2825297,0.27327195,0.0,0.0,0.0,0.0
,,-1.4218196,4.667172,-7.706236,1686151600729,,-0.93296814,0.16558838,-0.13439941,,,,,,-0.13781555,0.1723059,0.3014684,0.0,0.0,0.0,0.0
,,-1.4245331,5.0555515,-7.57647,1686151600979,,-1.9609528,-0.39260864,0.2107544,,,,,,-0.12574671,0.24158548,0.32303432,0.0,0.0,0.0,0.0
52.43167956,13.18783064,-1.5825913,4.6591496,-7.8486896,1686151601000,3.216,-1.7127533,-0.3808899,-0.12586975,,,,,,-0.11144055,0.16492768,0.19344266,0.0,0.0,0.0,0.0
,,-1.5310348,5.373303,-7.451852,1686151601234,,-0.6677246,-0.32868958,0.3630829,,,,,,-0.14979295,0.2130798,0.17715131,0.0,0.0,0.0,0.0
,,-1.4719777,5.3462086,-7.482697,1686151601486,,0.52430725,0.8271179,-0.14823914,,,,,,-0.16489862,0.18993221,0.17251782,0.0,0.0,0.0,0.0
,,-1.3987162,5.2281346,-7.519528,1686151601737,,1.7184753,0.4212494,-0.0907135,,,,,,-0.17149474,0.23236968,0.3175522,0.0,0.0,0.0,0.0
,,-1.3965225,4.7683687,-7.634689,1686151601989,,0.7618561,0.18263245,-0.07366943,,,,,,-0.16180736,0.10775854,0.31652886,0.0,0.0,0.0,0.0
,,-1.3768901,4.790155,-7.6624613,1686151602240,,-1.9918518,-0.3723755,-0.06941223,,,,,,-0.11448266,0.104686156,0.27392477,0.0,0.0,0.0,0.0
,,-1.556894,5.3889837,-7.4564404,1686151602743,,0.9663849,0.44682312,-0.2121582,,,,,,-0.08998895,0.23366603,0.104919,0.0,0.0,0.0,0.0
,,-1.4746531,5.2637663,-7.6032457,1686151602993,,2.0657501,0.7291107,-0.05130005,,,,,,-0.09762324,0.29080936,0.17264554,0.0,0.0,0.0,0.0
,,-1.4288036,4.498779,-7.8049173,1686151603245,,0.80233765,0.24867249,-0.02041626,,,,,,-0.16652177,0.12037553,0.28165996,0.0,0.0,0.0,0.0
,,-1.2939702,4.2390876,-7.7540407,1686151603497,,-2.109024,-0.63975525,-0.2579651,,,,,,-0.128703,-0.03376856,0.36131865,0.0,0.0,0.0,0.0
,,-1.5719371,5.3412585,-7.5805416,1686151603748,,-1.5764008,-0.8496094,0.58465576,,,,,,-0.24803111,0.32498467,0.16614851,0.0,0.0,0.0,0.0
,,-1.4890981,5.600471,-7.42436,1686151603999,,0.981308,0.3946228,-0.31762695,,,,,,-0.101409666,0.19632205,-0.02783688,0.0,0.0,0.0,0.0
52.43180061,13.1876014,-1.6179855,5.3546276,-7.6053996,1686151604000,3.216,-1.8608246,-0.9049988,0.6283417,,,,,,-0.18250427,0.34179142,0.11729458,0.0,0.0,0.0,0.0
,,-1.3927312,5.3777304,-7.6084337,1686151604252,,2.3448486,0.10913086,0.07652283,,,,,,-0.14763385,0.3012664,0.161269,0.0,0.0,0.0,0.0
,,-1.2986796,4.408159,-7.689717,1686151604504,,-0.10420227,0.49795532,0.081848145,,,,,,-0.17246766,0.15886396,0.49538317,0.0,0.0,0.0,0.0
,,-1.1839167,4.268418,-7.7016883,1686151604756,,-2.4009094,-0.6557312,-0.30802917,,,,,,-0.043548193,0.087793365,0.48296997,0.0,0.0,0.0,0.0
,,-1.5925268,5.482996,-7.5980983,1686151605009,,-1.0267181,-0.220047,0.5899811,,,,,,-0.08510789,0.53404605,0.13167173,0.0,0.0,0.0,0.0
,,-1.560086,5.6172314,-7.350657,1686151605266,,0.88116455,1.4790497,-0.103500366,,,,,,0.04894977,0.41369298,0.13752756,0.0,0.0,0.0,0.0
,,-1.338063,4.2179017,-7.7717185,1686151605771,,-0.42485046,0.18049622,0.0030212402,,,,,,-0.045978654,0.1969534,0.48529115,0.0,0.0,0.0,0.0
,,-1.2553828,4.2889295,-7.8753467,1686151606023,,-2.2325897,-0.8016815,-0.25157166,,,,,,-0.019307379,0.151439,0.35381413,0.0,0.0,0.0,0.0
,,-1.5841471,5.2468886,-7.778301,1686151606275,,-1.3814545,-0.51405334,0.40463257,,,,,,-0.1384242,0.43084818,0.059981268,0.0,0.0,0.0,0.0
,,-1.5141164,5.264048,-7.516257,1686151606526,,0.6947479,0.42018127,-0.12374878,,,,,,-0.088601105,0.21793193,0.107481115,0.0,0.0,0.0,0.0
,,-1.4178294,5.084882,-7.636007,1686151606777,,1.5650635,0.86013794,0.05203247,,,,,,-0.09952994,0.18551342,0.17528592,0.0,0.0,0.0,0.0
52.43191423,13.18737528,-1.4710215,5.249403,-7.536886,1686151607000,3.216,1.8708038,0.51605225,0.27253723,,,,,,-0.030072393,0.48423335,0.39058837,0.0,0.0,0.0,0.0
,,-1.3504323,4.648179,-7.810864,1686151607029,,1.4510803,0.037750244,-0.033187866,,,,,,-0.08775926,0.074763395,0.17348726,0.0,0.0,0.0,0.0
,,-1.3376633,4.629904,-7.7552385,1686151607280,,-1.707428,-0.012313843,-0.080062866,,,,,,-0.050889213,0.09521022,0.23100077,0.0,0.0,0.0,0.0
,,-1.4564153,5.1871934,-7.642073,1686151607531,,-1.9215393,-1.1393585,0.35775757,,,,,,-0.012212976,0.2576284,0.15602174,0.0,0.0,0.0,0.0
,,-1.4424896,5.53998,-7.6015716,1686151607784,,1.7919769,-0.46185303,-0.9450531,,,,,,0.081194095,0.39505264,-0.021352004,0.0,0.0,0.0,0.0
,,-1.4022278,5.3947706,-7.6806993,1686151608036,,1.7578888,0.39674377,-0.43693542,,,,,,0.070485115,0.4302749,0.12421831,0.0,0.0,0.0,0.0
,,-1.3699458,4.7998915,-7.950406,1686151608290,,0.97065735,0.30407715,0.20968628,,,,,,0.009162482,0.44084004,0.21310148,0.0,0.0,0.0,0.0
,,-1.5617223,5.4102116,-7.652087,1686151608792,,-1.5582886,-1.3630676,0.26828003,,,,,,0.016736913,0.6155428,0.2276098,0.0,0.0,0.0,0.0
,,-1.751742,5.956888,-7.4018927,1686151609044,,0.95680237,0.9560089,-0.16316223,,,,,,-0.034489393,0.63559735,0.015233406,0.0,0.0,0.0,0.0
,,-1.6327494,5.5702643,-7.4178143,1686151609294,,1.5544128,0.5480194,0.029663086,,,,,,-0.094069965,0.43247324,0.25461143,0.0,0.0,0.0,0.0
,,-1.4662725,4.777583,-7.6906343,1686151609546,,0.9397583,0.10913086,-0.13012695,,,,,,-0.14943361,0.28817877,0.3910353,0.0,0.0,0.0,0.0
,,-1.3408955,4.323922,-7.643189,1686151609798,,-2.1697388,-0.5129852,-0.1184082,,,,,,-0.097747594,0.031201657,0.49272442,0.0,0.0,0.0,0.0
52.43201745,13.18716399,-1.307338,4.3454714,-7.8088284,1686151610000,4.288,-1.9769287,-0.14759827,0.095703125,,,,,,0.07724993,0.28525576,0.40291822,0.0,0.0,0.0,0.0
,,-1.6045766,5.296208,-7.66781,1686151610050,,-0.6347046,-0.45866394,-0.1056366,,,,,,-0.2341699,0.30999956,0.16759951,0.0,0.0,0.0,0.0
,,-1.5370198,5.2631288,-7.7890363,1686151610303,,1.2987518,0.9783783,-0.061950684,,,,,,-0.15565279,0.1682321,-0.016664965,0.0,0.0,0.0,0.0
,,-1.3589314,4.486969,-8.035718,1686151610555,,-0.258667,-0.46824646,0.033920288,,,,,,-0.19080831,0.004566121,0.28921896,0.0,0.0,0.0,0.0
,,-1.2791656,4.088933,-8.323661,1686151610807,,0.6287079,0.16984558,-0.24305725,,,,,,-0.1837261,-0.010398499,0.26475382,0.0,0.0,0.0,0.0
,,-1.3547826,4.4091973,-8.339622,1686151611059,,0.06518555,-0.032546997,-0.04385376,,,,,,-0.175405,0.14505212,0.1854837,0.0,0.0,0.0,0.0
,,-1.5052185,4.967405,-8.445006,1686151611310,,0.03642273,-0.055984497,0.045639038,,,,,,-0.20534083,0.3893406,-0.01101745,0.0,0.0,0.0,0.0
,,-1.419666,4.1981874,-8.672496,1686151611813,,0.03215027,-0.05065918,0.06375122,,,,,,-0.21810485,0.37948245,0.25220567,0.0,0.0,0.0,0.0
,,-1.4913727,4.309956,-8.816428,1686151612063,,-0.058395386,0.10913086,0.14576721,,,,,,-0.2275684,0.57729256,0.12828998,0.0,0.0,0.0,0.0
,,-1.583988,4.2548094,-8.698793,1686151612316,,-0.11911011,0.022842407,0.11593628,,,,,,-0.26999742,0.58112615,0.26804885,0.0,0.0,0.0,0.0
,,-1.5975149,4.2836204,-8.770978,1686151612567,,-0.034957886,0.07397461,0.107421875,,,,,,-0.26194906,0.58272046,0.19906244,0.0,0.0,0.0,0.0
,,-1.6095657,4.328353,-8.644285,1686151612820,,-0.80726624,-0.44267273,0.25230408,,,,,,-0.2541475,0.53553486,0.28351694,0.0,0.0,0.0,0.0
52.43213757,13.18691907,-1.4401764,4.609232,-8.527606,1686151613000,4.288,0.006591797,-0.044265747,0.033920288,,,,,,-0.17110062,0.35336316,0.11447188,0.0,0.0,0.0,0.0
,,-1.8023783,4.7603865,-8.345249,1686151613072,,-1.5380402,-0.76971436,0.7646942,,,,,,-0.29224345,0.5807043,0.30220878,0.0,0.0,0.0,0.0
,,-2.0005386,5.441417,-7.842826,1686151613330,,0.75653076,0.29875183,-0.064086914,,,,,,-0.34731716,0.5747739,0.23896699,0.0,0.0,0.0,0.0
,,-2.0361323,5.8960366,-7.51462,1686151613584,,1.4180603,0.64175415,0.06907654,,,,,,-0.35731003,0.52880055,0.25415856,0.0,0.0,0.0,0.0
,,-1.9436361,5.721739,-7.4530087,1686151613837,,1.2710571,0.13682556,-0.1184082,,,,,,-0.3670227,0.37119213,0.32053348,0.0,0.0,0.0,0.0
,,-1.8163838,5.2023168,-7.4807425,1686151614088,,-1.1066132,-0.2328186,-0.0907135,,,,,,-0.38439178,0.19663836,0.39806944,0.0,0.0,0.0,0.0
,,-1.7828252,5.189946,-7.4930334,1686151614338,,-1.3079529,-0.7121887,-0.09603882,,,,,,-0.4495683,0.19597857,0.383845,0.0,0.0,0.0,0.0
,,-1.7688197,5.168797,-7.4205294,1686151614842,,-0.09994507,0.19967651,-0.12054443,,,,,,-0.4269747,0.0757521,0.35317174,0.0,0.0,0.0,0.0
,,-1.8836619,5.3162794,-7.1712923,1686151615093,,-0.067977905,-0.047470093,-0.054504395,,,,,,-0.37193763,0.0030366739,0.29016623,0.0,0.0,0.0,0.0
,,-2.1182542,6.0687375,-6.6904163,1686151615344,,0.12269592,0.11764526,-0.0033721924,,,,,,-0.28824303,0.052485332,0.1413581,0.0,0.0,0.0,0.0
,,-2.45468,7.0870714,-6.053957,1686151615596,,-0.2714386,0.31365967,-0.2537079,,,,,,-0.2764101,0.117559366,0.12207486,0.0,0.0,0.0,0.0
,,-2.7566686,7.7293963,-5.372008,1686151615847,,-0.54841614,0.25613403,-0.3410492,,,,,,-0.2469925,0.084255345,0.09176956,0.0,0.0,0.0,0.0
52.43221128,13.18678094,-1.7433212,5.2140875,-7.539401,1686151616000,3.216,-0.85202026,-0.3862152,0.12446594,,,,,,-0.44002488,0.13551861,0.2771981,0.0,0.0,0.0,0.0
,,-2.8785338,7.9906845,-4.6914554,1686151616097,,-0.41845703,-0.41818237,-0.0065612793,,,,,,-0.15583436,-0.020539189,0.10224417,0.0,0.0,0.0,0.0
,,-3.051275,8.186171,-3.9804575,1686151616348,,-0.5558777,-0.22537231,-0.07154846,,,,,,-0.12518033,2.4484E-4,0.2029201,0.0,0.0,0.0,0.0
,,-3.2430904,8.392073,-3.1288807,1686151616600,,-0.52923584,-0.54600525,0.06480408,,,,,,-0.0921022,0.033489037,0.1804897,0.0,0.0,0.0,0.0
,,-3.3177094,8.527744,-2.237201,1686151616854,,-0.68795776,-1.2245789,0.15322876,,,,,,0.019998448,-0.0066373507,-0.047626495,0.0,0.0,0.0,0.0
,,-3.528279,8.990703,-1.0881836,1686151617104,,0.99942017,0.35520935,0.14576721,,,,,,-0.017650938,0.23431508,-0.18296751,0.0,0.0,0.0,0.0
,,-3.2758505,8.761297,-0.3176895,1686151617355,,0.60313416,1.33844,0.46748352,,,,,,0.38371417,-0.1264086,-0.21692944,0.0,0.0,0.0,0.0
,,-3.378282,9.130202,0.5310552,1686151617860,,-0.15213013,0.445755,0.0030212402,,,,,,-0.006020816,0.083405174,-0.6092378,0.0,0.0,0.0,0.0
,,-3.1489573,9.153107,0.8336426,1686151618112,,-0.042419434,0.28063965,0.025390625,,,,,,-0.026882347,0.06373631,-0.67511827,0.0,0.0,0.0,0.0
,,-3.051034,9.268068,1.0634063,1686151618369,,-0.044540405,0.19541931,-0.09710693,,,,,,-0.13046004,0.13227384,-0.57367676,0.0,0.0,0.0,0.0
,,-2.781687,9.117076,1.0553055,1686151618621,,-0.20220947,-0.032546997,0.13832092,,,,,,-0.022840006,-0.062211893,-0.6178383,0.0,0.0,0.0,0.0
,,-2.9132879,9.530195,1.3751308,1686151618873,,-0.12231445,0.04840088,-0.031066895,,,,,,-0.34876394,0.3194209,-0.6336287,0.0,0.0,0.0,0.0
52.43222735,13.18674558,-3.7471085,9.038466,0.05656382,1686151619000,3.216,-0.30126953,-1.1105957,0.08824158,,,,,,-0.15879403,0.05698363,-0.44836596,0.0,0.0,0.0,0.0
,,-2.3052008,9.392091,1.8049301,1686151619126,,0.10671997,-0.10606384,-0.06941223,,,,,,0.21521145,0.20201167,-0.47687244,0.0,0.0,0.0,0.0
,,-2.451805,9.308773,1.764508,1686151619382,,-0.17237854,-0.07196045,-0.114151,,,,,,0.13288315,0.14876941,-0.55845344,0.0,0.0,0.0,0.0
,,-2.497854,9.279563,1.6819077,1686151619632,,-0.27996826,-0.3681183,-0.2121582,,,,,,0.15985447,0.17455676,-0.74612063,0.0,0.0,0.0,0.0
,,-2.7267394,9.798984,1.5971527,1686151619885,,1.2177887,-0.030426025,-0.34318542,,,,,,0.01449751,0.7644703,-0.9858517,0.0,0.0,0.0,0.0
,,-3.0015936,9.708044,1.0238616,1686151620139,,3.3195648,-0.4980774,-1.1208344,,,,,,-0.06840866,0.73688906,-0.92269063,0.0,0.0,0.0,0.0
,,-3.2493937,8.954668,-0.011272176,1686151620389,,-0.23202515,0.02923584,-0.0065612793,,,,,,0.036530178,0.48152083,-0.55203074,0.0,0.0,0.0,0.0
,,-4.1951036,7.489217,-2.8238611,1686151620891,,-1.231247,0.2816925,0.40570068,,,,,,-0.2370912,0.2958415,-0.31701475,0.0,0.0,0.0,0.0
,,-4.5120955,7.054749,-3.7894022,1686151621142,,-1.662674,0.14001465,0.40675354,,,,,,-0.37827703,0.1181605,0.026629122,0.0,0.0,0.0,0.0
,,-4.3850446,6.3073196,-4.243861,1686151621394,,-1.248291,0.67904663,-0.004425049,,,,,,-0.22487584,-0.6603233,0.40060028,0.0,0.0,0.0,0.0
,,-4.3219967,6.481019,-4.0173707,1686151621646,,0.10139465,0.66625977,0.09996033,,,,,,-0.2759474,-0.5608732,0.37081772,0.0,0.0,0.0,0.0
,,-4.030822,7.4089327,-3.4201763,1686151621897,,-0.056259155,0.16877747,0.20649719,,,,,,-0.35046628,-0.17666124,-0.0781461,0.0,0.0,0.0,0.0
52.43225672,13.18671235,-3.8423178,8.318648,-1.3974751,1686151622000,3.216,0.2579956,0.14640808,-0.75331116,,,,,,-0.21458308,0.47387546,-0.43218556,0.0,0.0,0.0,0.0
,,-3.3217392,8.197661,-2.292427,1686151622147,,-0.5196533,-0.557724,-0.04171753,,,,,,-0.11174533,-0.08490677,-0.2133309,0.0,0.0,0.0,0.0
,,-2.8223886,9.122861,-0.926535,1686151622398,,0.65000916,-0.5523987,-0.36236572,,,,,,-0.09208048,0.14050859,-0.35564873,0.0,0.0,0.0,0.0
,,-2.4136984,9.33826,-0.11797435,1686151622651,,0.29634094,-1.7593536,-0.59033203,,,,,,0.12889245,0.033235263,-0.4086509,0.0,0.0,0.0,0.0
,,-2.5367198,9.690885,-0.3273468,1686151622903,,2.4353943,-0.01763916,-0.50083923,,,,,,0.077630214,0.44468656,-0.49343586,0.0,0.0,0.0,0.0
,,-2.6933405,9.113085,-1.30454,1686151623155,,0.16744995,-0.22216797,-0.4347992,,,,,,0.12885357,0.44213697,-0.37556884,0.0,0.0,0.0,0.0
,,-3.0163589,8.046906,-2.2064357,1686151623406,,-3.331955,1.3267212,0.2384491,,,,,,0.18529347,0.019456895,-0.17482719,0.0,0.0,0.0,0.0
,,-3.3278437,7.8791933,-2.6579428,1686151623910,,-0.9670563,0.38502502,0.5974426,,,,,,0.2274738,0.014896584,0.14687937,0.0,0.0,0.0,0.0
,,-3.1637206,8.138366,-2.2817333,1686151624163,,0.042800903,2.3057098,0.08079529,,,,,,0.2632384,0.27958423,0.12372928,0.0,0.0,0.0,0.0
,,-2.823944,7.9918,-1.3591679,1686151624414,,0.05558777,-0.27755737,-0.07899475,,,,,,0.4088543,0.024633152,0.2695382,0.0,0.0,0.0,0.0
,,-2.312623,8.5336485,0.08748881,1686151624665,,0.03642273,-0.31059265,0.054153442,,,,,,0.59593064,-0.015031592,0.29874244,0.0,0.0,0.0,0.0
,,-1.953213,9.457211,1.4076111,1686151624916,,0.11631775,-0.026168823,0.097839355,,,,,,0.50366443,0.27446333,0.23372653,0.0,0.0,0.0,0.0
52.43228538,13.18665997,-3.1274893,7.548274,-2.5955338,1686151625000,3.216,-1.2845154,-0.19233704,-0.16848755,,,,,,0.29570574,-0.33883983,-0.01874839,0.0,0.0,0.0,0.0
,,-1.870813,10.044908,2.3940222,1686151625167,,-0.8892975,0.71525574,0.4706726,,,,,,0.3213524,0.7703585,0.5555493,0.0,0.0,0.0,0.0
,,-1.617866,9.480795,2.1308997,1686151625418,,2.0785217,-3.597992,-0.69366455,,,,,,0.36506468,0.11772318,0.37033305,0.0,0.0,0.0,0.0
,,-2.1068816,9.619659,1.130602,1686151625670,,1.7770538,0.2305603,-0.37620544,,,,,,0.010470525,0.44156474,0.47194543,0.0,0.0,0.0,0.0
,,-2.712335,8.881646,-0.29015705,1686151625921,,-0.7934265,-0.747345,-0.21748352,,,,,,-0.24358124,0.39243606,0.6007187,0.0,0.0,0.0,0.0
,,-2.9132488,8.00856,-1.3618016,1686151626172,,-2.967636,0.9229889,0.72314453,,,,,,-0.106667385,-0.016216835,0.7790699,0.0,0.0,0.0,0.0
,,-3.0331578,8.001377,-2.0818172,1686151626424,,-0.0637207,-1.0424194,-0.15037537,,,,,,-0.08176127,0.050467763,0.738542,0.0,0.0,0.0,0.0
,,-3.1809595,8.26817,-2.8024313,1686151626924,,2.0913086,2.1437836,-1.17836,,,,,,0.013058822,0.32813138,0.17500477,0.0,0.0,0.0,0.0
,,-3.0434926,8.034696,-2.3340058,1686151627176,,2.048706,0.40846252,-0.62442017,,,,,,0.27298647,0.04311272,0.4765798,0.0,0.0,0.0,0.0
,,-3.053389,8.362143,-2.3145726,1686151627428,,-0.92658997,-0.64933777,-0.64997864,,,,,,0.24082093,0.2924191,0.4482029,0.0,0.0,0.0,0.0
,,-2.935115,8.464654,-2.0409958,1686151627680,,-2.1601562,1.1147308,0.76042175,,,,,,0.26894912,0.335983,0.6643514,0.0,0.0,0.0,0.0
,,-2.9290502,8.864646,-2.1066778,1686151627930,,-0.85520935,-1.6443024,1.4901276,,,,,,0.30124047,0.7221708,0.62707233,0.0,0.0,0.0,0.0
52.43230034,13.18654066,-3.1617258,8.164382,-2.6858342,1686151628000,3.216,-1.4751892,-0.86665344,0.1681366,,,,,,-0.08073923,0.18038982,0.42570916,0.0,0.0,0.0,0.0
,,-2.813411,8.658625,-2.4833648,1686151628186,,1.4723969,-1.0488129,-0.47846985,,,,,,0.40320438,0.4973367,0.1366643,0.0,0.0,0.0,0.0
,,-2.9838781,8.471758,-2.5686789,1686151628437,,3.4708252,0.9687958,-0.6947174,,,,,,0.37855467,0.39908683,0.55262756,0.0,0.0,0.0,0.0
,,-3.4309158,8.432893,-3.4678214,1686151628689,,0.7320404,-0.96998596,0.44511414,,,,,,-0.018180132,0.755555,0.268846,0.0,0.0,0.0,0.0
,,-2.9979243,7.8125153,-3.045285,1686151628941,,-3.2041168,2.1725464,0.01687622,,,,,,0.2574352,0.0074993293,0.5915258,0.0,0.0,0.0,0.0
,,-3.0626082,8.954229,-2.9428132,1686151629193,,-1.0533447,-2.359085,1.0118256,,,,,,-0.0056077163,0.8033124,0.24043125,0.0,0.0,0.0,0.0
,,-2.9610941,8.843339,-2.868313,1686151629445,,2.6921234,-0.26158142,-0.8811493,,,,,,-0.09413871,0.58476037,-0.20760949,0.0,0.0,0.0,0.0
,,-3.4555767,8.135893,-3.6011388,1686151629950,,-0.5175171,-0.22749329,-0.16421509,,,,,,-0.36479264,0.5901773,0.49623013,0.0,0.0,0.0,0.0
,,-2.7443786,7.399755,-2.9174738,1686151630202,,-1.0075378,-1.3790436,-0.41775513,,,,,,0.18154964,-0.29691607,1.012187,0.0,0.0,0.0,0.0
,,-2.8783743,9.335427,-2.7133677,1686151630454,,-2.28479,0.9251251,1.2291412,,,,,,-0.1675081,1.1287277,0.4689201,0.0,0.0,0.0,0.0
,,-2.674268,8.640271,-2.6726663,1686151630706,,1.382904,3.7555237,-0.4443817,,,,,,-0.13366707,0.30964798,0.007226038,0.0,0.0,0.0,0.0
,,-3.1458857,8.623791,-3.1951213,1686151630961,,2.9626923,-1.2682648,0.24909973,,,,,,-0.48089495,0.6274183,0.47236013,0.0,0.0,0.0,0.0
52.43233447,13.18641297,-3.1521916,8.422479,-2.746608,1686151631000,4.288,1.6449585,2.4708252,-0.3847351,,,,,,-0.19934705,0.2888008,0.4504805,0.0,0.0,0.0,0.0
,,-3.1970408,7.506137,-3.659557,1686151631213,,-3.314911,1.5238037,0.03604126,,,,,,-0.38632175,0.14174253,0.8247424,0.0,0.0,0.0,0.0
,,-2.755071,8.008639,-2.816718,1686151631464,,-0.5601349,-2.1417694,-0.012954712,,,,,,-0.16913566,0.18845452,1.1643071,0.0,0.0,0.0,0.0
,,-2.9084997,9.328123,-2.8378673,1686151631714,,-0.10739136,-1.6368408,-0.4593048,,,,,,-0.4246514,1.0908295,0.21795496,0.0,0.0,0.0,0.0
,,-2.6919043,8.09455,-2.6510808,1686151631966,,3.3493958,-1.2714539,-1.1826172,,,,,,-0.1411692,-0.09551595,0.3532883,0.0,0.0,0.0,0.0
,,-3.3410518,8.15257,-3.5883708,1686151632220,,-0.13615417,-0.35212708,0.21607971,,,,,,-0.43749955,0.62377554,0.67372787,0.0,0.0,0.0,0.0
,,-2.825859,6.9183984,-3.0556605,1686151632474,,-2.2400513,0.4169922,-0.20150757,,,,,,0.118891,-0.45053163,1.3617347,0.0,0.0,0.0,0.0
,,-2.7042344,8.814287,-2.5919433,1686151632979,,2.1520386,2.119278,-0.592453,,,,,,-0.06637871,0.5372383,0.09646168,0.0,0.0,0.0,0.0
,,-3.1655965,8.664809,-3.3010259,1686151633231,,2.588791,-0.8006134,0.06694031,,,,,,-0.32806626,0.73058474,0.21645738,0.0,0.0,0.0,0.0
,,-3.2185884,7.6795163,-3.6911998,1686151633482,,-3.6877441,2.565628,0.7593689,,,,,,-0.21814965,0.37267482,0.7541727,0.0,0.0,0.0,0.0
,,-2.8342788,8.433491,-2.7658808,1686151633733,,-1.6882477,-1.8957062,0.9457855,,,,,,-0.14982972,0.60389,1.0385457,0.0,0.0,0.0,0.0
,,-2.8929775,9.317946,-2.9384232,1686151633984,,3.1821442,0.9464264,-1.2710266,,,,,,-0.453586,0.982954,-0.1269859,0.0,0.0,0.0,0.0
52.43239979,13.18629502,-2.7821655,9.09385,-2.7122116,1686151634000,3.216,-2.5596313,0.8761139,1.4421997,,,,,,-0.053973597,1.0538942,0.7378132,0.0,0.0,0.0,0.0
,,-2.9955292,8.854789,-3.3837447,1686151634236,,5.3712616,-1.0093994,-0.21109009,,,,,,-0.64164597,0.8106539,0.042072393,0.0,0.0,0.0,0.0
,,-2.789509,7.21121,-4.0901937,1686151634486,,-4.2949524,1.3267212,-0.5913849,,,,,,-0.6916869,0.2775121,0.9084091,0.0,0.0,0.0,0.0
,,-1.9856567,7.039625,-4.2431827,1686151634738,,-0.6666565,-0.8773041,-0.19618225,,,,,,-0.5087127,0.072587825,0.86769456,0.0,0.0,0.0,0.0
,,-1.6681458,8.195905,-4.7430525,1686151634989,,2.0135498,0.28382874,-0.30377197,,,,,,-0.6521017,0.79545933,0.12915577,0.0,0.0,0.0,0.0
,,-1.3763722,7.0666804,-5.8083925,1686151635239,,3.5177002,-0.97424316,0.14151001,,,,,,-0.64062935,0.3803907,-0.040204715,0.0,0.0,0.0,0.0
,,-1.0985249,5.593449,-6.6137614,1686151635491,,-2.9047852,0.39674377,-0.41029358,,,,,,-0.59194386,0.2977203,0.74449944,0.0,0.0,0.0,0.0
,,-0.89166415,6.77842,-7.1009817,1686151635996,,1.0345764,0.98902893,-0.36769104,,,,,,-0.49766523,0.7881874,-0.044159014,0.0,0.0,0.0,0.0
,,-0.8444178,6.271927,-7.120614,1686151636246,,2.715561,0.0047302246,0.35243225,,,,,,-0.307147,0.5820186,0.24842666,0.0,0.0,0.0,0.0
,,-0.8822459,4.922275,-7.4337354,1686151636498,,-1.9013062,0.49261475,0.1681366,,,,,,-0.42600068,0.3382939,0.61315215,0.0,0.0,0.0,0.0
,,-0.73879397,4.771121,-7.231225,1686151636749,,-1.4815826,-1.9660034,-0.2164154,,,,,,-0.3374061,0.079111256,0.7198308,0.0,0.0,0.0,0.0
52.43248612,13.18614465,-0.6454615,4.926385,-7.018182,1686151637000,4.288,-1.6925049,-1.2128601,0.6240692,,,,,,-0.39585468,-0.20984933,0.62243026,0.0,0.0,0.0,0.0
,,-1.0042709,6.328708,-7.1496634,1686151637000,,0.709671,0.37225342,-0.1929779,,,,,,-0.39078662,0.5538183,0.10773357,0.0,0.0,0.0,0.0
,,-0.81129915,6.336649,-7.0384927,1686151637251,,2.0987701,0.574646,-0.20469666,,,,,,-0.11811892,0.46822566,0.19669308,0.0,0.0,0.0,0.0
,,-0.6833293,5.275459,-7.2876487,1686151637503,,-0.291687,0.5458832,0.013671875,,,,,,-0.1411309,0.3439503,0.606602,0.0,0.0,0.0,0.0
,,-0.66086376,4.447464,-7.240283,1686151637753,,-2.6523132,-0.8006134,-0.592453,,,,,,-0.25318453,-0.07865722,0.8529717,0.0,0.0,0.0,0.0
,,-0.7786982,6.0212927,-7.03131,1686151638005,,0.5615845,-0.8570709,0.35882568,,,,,,-0.25523674,0.4363528,0.4162472,0.0,0.0,0.0,0.0
,,-0.8686401,6.565016,-7.078078,1686151638256,,1.3424377,1.006073,-0.14505005,,,,,,-0.11679042,0.6116636,0.07398423,0.0,0.0,0.0,0.0
,,-0.68975323,5.742847,-7.0525794,1686151638508,,2.9499207,-0.6227112,0.11274719,,,,,,-0.12247046,0.39438537,0.632394,0.0,0.0,0.0,0.0
,,-0.6995687,5.453349,-7.1888895,1686151639010,,-1.5401764,-1.1500092,0.5441742,,,,,,-0.38117206,0.23578645,0.4617345,0.0,0.0,0.0,0.0
,,-0.9838796,6.5536447,-7.066786,1686151639261,,0.95254517,0.81539917,-0.25157166,,,,,,-0.4222575,0.56687427,0.022980262,0.0,0.0,0.0,0.0
,,-0.70048577,6.1509795,-7.173248,1686151639514,,2.815689,-0.0069885254,0.35350037,,,,,,-0.2162633,0.43634668,0.20498464,0.0,0.0,0.0,0.0
,,-0.7287766,4.929777,-7.2157044,1686151639764,,-1.3068848,0.7557373,0.11381531,,,,,,-0.42294833,0.16720138,0.72821975,0.0,0.0,0.0,0.0
52.43251358,13.18602407,-0.7082275,4.541597,-7.2914805,1686151640000,4.288,-3.474701,0.9506836,-0.3336029,,,,,,-0.33135864,0.034202147,0.8083678,0.0,0.0,0.0,0.0
,,-0.5391958,4.854998,-7.2161837,1686151640014,,-1.4016876,-1.4610748,-0.8438568,,,,,,-0.3696947,0.0016304334,0.6818925,0.0,0.0,0.0,0.0
,,-0.89349824,6.2969847,-7.0861382,1686151640267,,0.8651886,-0.41178894,-0.19937134,,,,,,-0.49357226,0.46928555,0.18608864,0.0,0.0,0.0,0.0
,,-0.87833506,6.32388,-7.0469136,1686151640517,,1.2359009,0.8718567,0.001953125,,,,,,-0.2792996,0.40348688,0.14876956,0.0,0.0,0.0,0.0
,,-0.72666323,5.4780884,-7.3034124,1686151640769,,1.7227325,-0.3542633,0.086120605,,,,,,-0.22306512,0.29788747,0.4365125,0.0,0.0,0.0,0.0
,,-0.7672053,4.3621116,-7.2937555,1686151641020,,-3.126358,0.71632385,-0.64678955,,,,,,-0.32004228,-0.14147243,0.72330093,0.0,0.0,0.0,0.0
,,-0.80427605,5.6543417,-7.267778,1686151641272,,-1.2877045,-0.9955597,0.39291382,,,,,,-0.2558159,0.29973328,0.28670248,0.0,0.0,0.0,0.0
,,-1.0605352,6.4233193,-7.086975,1686151641526,,1.5480194,0.3274994,-0.5328064,,,,,,-0.12311243,0.5657543,0.01209898,0.0,0.0,0.0,0.0
,,-0.8294551,4.799173,-7.5769086,1686151642032,,-1.599823,0.86439514,0.36628723,,,,,,0.036981665,0.31576627,0.46130773,0.0,0.0,0.0,0.0
,,-0.70770925,4.873872,-7.417056,1686151642285,,-1.583847,-1.4408264,-0.74905396,,,,,,0.02270085,0.21934953,0.524862,0.0,0.0,0.0,0.0
,,-1.0207912,6.329626,-7.3046484,1686151642537,,0.99409485,0.13150024,-0.19404602,,,,,,-0.07409846,0.6909883,0.02062281,0.0,0.0,0.0,0.0
,,-0.98088837,6.19575,-7.235417,1686151642788,,1.2795868,0.73017883,0.07652283,,,,,,0.10080474,0.51990265,0.053507503,0.0,0.0,0.0,0.0
52.43254172,13.18593717,-0.7460968,6.0870543,-7.374519,1686151643000,3.216,2.7720184,0.06864929,0.7732086,,,,,,0.18287228,0.57727104,0.105199926,0.0,0.0,0.0,0.0
,,-0.93755394,5.385272,-7.566735,1686151643040,,1.4883728,-0.3585205,0.44404602,,,,,,-0.01779217,0.47306708,0.24198686,0.0,0.0,0.0,0.0
,,-1.0050303,4.2571244,-7.3189745,1686151643292,,-3.431015,0.4542694,-0.46569824,,,,,,-0.23066415,-0.023640012,0.72290266,0.0,0.0,0.0,0.0
,,-1.0571437,5.5936475,-7.139968,1686151643542,,-1.3825226,-0.9518738,0.3130188,,,,,,-0.3059043,0.37794894,0.41632774,0.0,0.0,0.0,0.0
,,-1.4118053,6.363383,-7.0595617,1686151643794,,0.6851654,0.2966156,-0.52108765,,,,,,-0.3516637,0.60123456,0.051825013,0.0,0.0,0.0,0.0
,,-1.1100159,5.9689784,-7.180988,1686151644046,,2.160553,0.43296814,0.42807007,,,,,,-0.056687966,0.5330283,0.24602579,0.0,0.0,0.0,0.0
,,-1.2357101,4.9300947,-7.3745193,1686151644297,,-0.8179321,0.701416,0.3726654,,,,,,-0.29841664,0.3987313,0.5433919,0.0,0.0,0.0,0.0
,,-1.0963277,4.717012,-7.2338595,1686151644549,,-2.2805328,-0.59394836,-0.766098,,,,,,-0.28644615,0.16861655,0.7146132,0.0,0.0,0.0,0.0
,,-1.310968,6.1549687,-7.05625,1686151645054,,1.5735931,0.32537842,-0.5381317,,,,,,-0.1533757,0.48698398,0.12687673,0.0,0.0,0.0,0.0
,,-1.0132487,5.828639,-7.205449,1686151645306,,2.5451202,-0.21044922,0.3918457,,,,,,0.010074139,0.55494344,0.39244094,0.0,0.0,0.0,0.0
,,-1.1607711,4.714856,-7.3377686,1686151645557,,-1.3153992,0.5490875,0.14576721,,,,,,-0.23087412,0.23759705,0.6235114,0.0,0.0,0.0,0.0
,,-0.97230834,5.0148487,-7.2211304,1686151645808,,-1.9545593,-1.1020813,-0.47953796,,,,,,-0.13621025,0.11395661,0.5740744,0.0,0.0,0.0,0.0
52.43258145,13.18584923,-1.2815989,6.12177,-7.1635904,1686151646000,3.216,-0.676239,-0.5811615,0.4887848,,,,,,-0.28540573,0.63989633,0.22024244,0.0,0.0,0.0,0.0
,,-1.2434515,6.1561246,-7.144636,1686151646060,,0.049194336,-0.6610565,0.4887848,,,,,,-0.13041283,0.5266602,0.09391071,0.0,0.0,0.0,0.0
,,-1.1815618,6.127474,-7.0026193,1686151646312,,0.95040894,0.61299133,0.060546875,,,,,,0.0072110374,0.4289061,0.21146391,0.0,0.0,0.0,0.0
,,-1.106544,5.74911,-7.3975434,1686151646566,,2.6047668,-1.3023529,0.07546997,,,,,,0.008261756,0.46360508,0.22047138,0.0,0.0,0.0,0.0
,,-1.5029842,4.6480575,-7.6002927,1686151646818,,-1.820343,-0.59713745,0.3087616,,,,,,-0.011010298,-0.036899704,0.19981152,0.0,0.0,0.0,0.0
,,-1.7657481,5.33256,-6.832232,1686151647070,,-1.519928,-1.5580139,0.50582886,,,,,,0.13586538,-0.17943594,0.44048235,0.0,0.0,0.0,0.0
,,-2.5048778,6.697215,-5.9246306,1686151647321,,-1.3963623,1.0284576,0.4941101,,,,,,-0.17677793,0.3910967,0.27647936,0.0,0.0,0.0,0.0
,,-2.4844472,6.919756,-5.077562,1686151647573,,2.1797333,0.81007385,-0.9407959,,,,,,-0.1361371,0.2852777,0.11415617,0.0,0.0,0.0,0.0
,,-3.4056952,6.7045975,-4.4166036,1686151648073,,-0.7593384,-0.4011383,-0.040649414,,,,,,-0.42785785,0.01893735,0.28517103,0.0,0.0,0.0,0.0
,,-3.2562175,7.383951,-3.4427226,1686151648324,,-1.9641571,-0.7910156,0.3162079,,,,,,-0.18147996,-0.09176833,0.6901432,0.0,0.0,0.0,0.0
,,-3.4709375,8.753434,-3.069546,1686151648577,,-2.7407227,2.216217,2.2805634,,,,,,-0.36681274,0.82864356,0.2885188,0.0,0.0,0.0,0.0
,,-2.901357,8.383172,-3.0003133,1686151648832,,2.8348694,-0.46398926,-0.7085724,,,,,,0.10202253,0.355851,-0.20997557,0.0,0.0,0.0,0.0
52.4326324,13.18573922,-2.74741,6.767884,-4.5693936,1686151649000,3.216,2.144577,1.1562805,0.062683105,,,,,,-0.17503875,0.025263293,0.21422178,0.0,0.0,0.0,0.0
,,-3.20147,8.075038,-3.1889365,1686151649083,,2.157364,2.01062,-0.13545227,,,,,,0.026007311,0.23753193,0.17251427,0.0,0.0,0.0,0.0
,,-3.50274,7.6212173,-3.7512538,1686151649334,,-1.7692108,0.67051697,0.2576294,,,,,,-0.17222938,0.30423635,0.26492408,0.0,0.0,0.0,0.0
,,-2.9217474,7.544443,-2.784514,1686151649585,,-0.5835724,-2.0714722,-0.41029358,,,,,,0.21892786,-0.22312023,0.795093,0.0,0.0,0.0,0.0
,,-3.2736547,9.279602,-2.5772552,1686151649837,,-1.6190033,0.11657715,0.24163818,,,,,,-0.36141634,1.0728732,0.24955314,0.0,0.0,0.0,0.0
,,-2.8852754,8.299495,-2.6832392,1686151650088,,1.9240723,2.7477875,-0.861969,,,,,,-0.21878567,-0.016301569,-0.10714459,0.0,0.0,0.0,0.0
,,-3.2006323,8.49981,-3.6828196,1686151650341,,4.451935,-0.45439148,0.80836487,,,,,,-0.4706139,0.7063122,0.2168149,0.0,0.0,0.0,0.0
,,-2.5529606,6.9306912,-4.1417484,1686151650592,,-3.2403412,1.0550842,-0.42840576,,,,,,-0.20216447,0.059081618,0.77205825,0.0,0.0,0.0,0.0
,,-1.7020614,8.249497,-4.8748937,1686151651094,,1.6183319,0.5341644,-0.46995544,,,,,,-0.21789242,0.95060676,-0.18555114,0.0,0.0,0.0,0.0
,,-1.1124095,6.8388324,-5.893068,1686151651347,,3.226883,-0.6333618,-0.3048401,,,,,,0.20076558,0.16073723,-0.076975234,0.0,0.0,0.0,0.0
,,-1.2501953,5.708011,-6.8645554,1686151651597,,-0.5548096,0.61512756,-0.122680664,,,,,,0.09935897,0.5724048,0.49027097,0.0,0.0,0.0,0.0
,,-0.91576487,4.1327457,-7.06487,1686151651847,,-2.2613525,-0.33721924,0.74765015,,,,,,0.30141076,-0.1317677,0.7400903,0.0,0.0,0.0,0.0
52.43269494,13.1856086,-1.7764816,7.6083302,-4.257787,1686151652000,3.216,-0.97665405,-0.8730469,-0.24305725,,,,,,-0.039167646,0.4086645,0.4212831,0.0,0.0,0.0,0.0
,,-1.3858266,5.3930135,-7.439043,1686151652099,,-1.088501,-0.27011108,0.27572632,,,,,,0.05364991,0.65682906,0.07553118,0.0,0.0,0.0,0.0
,,-1.7610377,5.1640873,-7.454646,1686151652350,,0.7693176,0.5650635,-0.43693542,,,,,,0.07589824,0.4884377,0.1294927,0.0,0.0,0.0,0.0
,,-1.9315847,4.538084,-7.872594,1686151652601,,2.0295258,0.9091339,0.2618866,,,,,,0.09140573,0.444577,0.24800849,0.0,0.0,0.0,0.0
,,-2.0271535,3.6538253,-8.011019,1686151652853,,-0.25227356,0.29875183,0.37161255,,,,,,-0.07673861,0.32261494,0.40054306,0.0,0.0,0.0,0.0
,,-1.7553325,3.9516246,-8.069996,1686151653104,,-2.3593597,-0.17424011,-0.5636902,,,,,,-0.14487149,0.2922594,0.32155114,0.0,0.0,0.0,0.0
,,-1.834141,5.066285,-7.913215,1686151653359,,-1.215271,-0.33615112,0.34710693,,,,,,-0.3148098,0.5118576,0.08071539,0.0,0.0,0.0,0.0
,,-1.7578455,5.2773337,-7.6431894,1686151653611,,0.981308,0.11445618,-0.34532166,,,,,,-0.34356472,0.38968605,0.07228276,0.0,0.0,0.0,0.0
,,-1.3936478,4.802524,-7.678185,1686151654114,,1.3370972,0.22843933,-0.067276,,,,,,-0.46640584,0.24948305,0.35975856,0.0,0.0,0.0,0.0
,,-1.3038254,4.704242,-7.7298193,1686151654366,,-1.5050201,0.48516846,0.12872314,,,,,,-0.47616348,0.14942397,0.29209545,0.0,0.0,0.0,0.0
,,-1.2147609,5.126938,-7.6818953,1686151654616,,-1.2184601,-1.2618713,-0.12586975,,,,,,-0.39739645,0.25550473,0.22993793,0.0,0.0,0.0,0.0
,,-1.254066,5.1581416,-7.555242,1686151654868,,-0.6655884,-0.29460144,0.24058533,,,,,,-0.37865478,0.21443565,0.28260326,0.0,0.0,0.0,0.0
52.43275029,13.18548112,-1.6137944,5.162013,-7.646981,1686151655000,5.36,1.0153961,0.9528198,0.07652283,,,,,,-0.39336434,0.3682668,0.22329725,0.0,0.0,0.0,0.0
