92#1#0
key,lat,lon,ts,bike,childCheckBox,trailerCheckBox,pLoc,incident,i1,i2,i3,i4,i5,i6,i7,i8,i9,scary,desc,i10
,,,,1,0,0,0,-5,0,0,0,0,0,0,0,0,0,0,,0

=========================
92#1
lat,lon,X,Y,Z,timeStamp,acc,a,b,c,obsDistanceLeft1,obsDistanceLeft2,obsDistanceRight1,obsDistanceRight2,obsClosePassEvent,XL,YL,ZL,RX,RY,RZ,RC
52.43217631,13.1929573,-1.751527,8.798527,-3.8057408,1685546361000,5.36,-0.17680359,-0.8081207,-0.31939697,,,,,,-0.54709494,0.70054084,0.39207515,0.0,0.0,0.0,0.0
,,-1.6958607,9.348394,-3.824974,1685546361112,,4.3495026,0.4744568,-0.17025757,,,,,,-0.1733428,1.0970346,0.062734224,0.0,0.0,0.0,0.0
,,-1.847613,7.308136,-4.0968366,1685546361364,,-2.903885,3.2547913,0.6084442,,,,,,0.12328049,0.07935856,1.0298216,0.0,0.0,0.0,0.0
,,-1.4411576,7.546558,-4.942389,1685546361617,,-1.5339508,-1.0233002,-0.6325836,,,,,,0.23833449,0.7567594,0.92538524,0.0,0.0,0.0,0.0
,,-0.58622897,7.812354,-4.444794,1685546361868,,2.063446,-0.8219757,-0.29595947,,,,,,0.47959918,0.72625476,1.1524507,0.0,0.0,0.0,0.0
,,-0.40127715,7.9880886,-5.1979704,1685546362118,,2.6589355,-1.7487488,0.922699,,,,,,0.34779274,1.3486474,0.7811628,0.0,0.0,0.0,0.0
,,-0.4083008,5.7739706,-5.6900973,1685546362369,,-3.830658,1.9221497,-0.8733368,,,,,,0.20467205,0.3257236,1.415415,0.0,0.0,0.0,0.0
,,0.10417735,5.9829845,-6.149385,1685546362622,,0.30363464,0.08244324,0.13227844,,,,,,0.28929266,0.6707131,1.263718,0.0,0.0,0.0,0.0
,,0.64714205,7.068197,-6.3815017,1685546362875,,2.4022064,-0.34899902,0.038528442,,,,,,0.3613267,1.1553092,0.6886222,0.0,0.0,0.0,0.0
,,0.07792104,6.1596375,-6.7109838,1685546363127,,-0.23432922,1.0891113,0.29525757,,,,,,0.14473699,0.93529457,0.8392914,0.0,0.0,0.0,0.0
,,-0.23583883,5.182963,-6.9652076,1685546363377,,-2.89003,0.7109375,-0.56015015,,,,,,-0.027870627,0.651942,1.1426417,0.0,0.0,0.0,0.0
,,0.08259074,6.0590415,-6.7731123,1685546363630,,0.5465088,-0.28826904,-0.14256287,,,,,,0.013370347,0.8271666,0.7207709,0.0,0.0,0.0,0.0
52.43208536,13.19284077,0.56490326,7.140463,-6.583972,1685546364000,4.288,1.60112,0.27311707,0.0012512207,,,,,,0.09191993,0.97424614,0.30727535,0.0,0.0,0.0,0.0
,,0.26459044,5.927679,-6.8613405,1685546364132,,1.8770294,-0.2680359,0.1525116,,,,,,-0.17201369,0.36232117,0.49899182,0.0,0.0,0.0,0.0
,,-0.105831906,4.9699984,-7.046891,1685546364384,,-2.6482239,1.2531586,-0.6719971,,,,,,-0.52912694,0.05510613,0.7136518,0.0,0.0,0.0,0.0
,,0.3600001,6.0029364,-6.7429075,1685546364637,,-0.44099426,0.1815033,-0.15960693,,,,,,-0.36017212,0.24042249,0.40244812,0.0,0.0,0.0,0.0
,,0.54207915,6.8787756,-6.501014,1685546364890,,1.6107025,0.16766357,-0.025390625,,,,,,-0.2543167,0.41989657,0.09276676,0.0,0.0,0.0,0.0
,,0.33753407,6.079312,-6.7171702,1685546365142,,2.4394836,-1.432373,0.5381317,,,,,,-0.30701154,0.20082432,0.43181708,0.0,0.0,0.0,0.0
,,-0.07466736,4.9580264,-7.0665636,1685546365394,,-2.5683289,1.2425079,-0.41526794,,,,,,-0.3885189,0.04159055,0.7263354,0.0,0.0,0.0,0.0
,,0.045043435,5.787978,-6.8402314,1685546365645,,-1.7555237,-0.10398865,-0.037109375,,,,,,-0.2980506,0.40462336,0.6007263,0.0,0.0,0.0,0.0
,,0.38857117,6.8911066,-6.4979005,1685546365896,,1.3113708,-0.653656,0.0023040771,,,,,,0.014384669,0.67504406,0.2847023,0.0,0.0,0.0,0.0
,,0.36195526,6.4336944,-6.683212,1685546366147,,2.6940765,-1.5239868,0.50938416,,,,,,0.039415583,0.55583084,0.46395236,0.0,0.0,0.0,0.0
,,-0.05734914,5.175501,-7.0862355,1685546366399,,-2.1219788,1.1807251,-0.38864136,,,,,,-0.14967988,0.28969166,0.7300242,0.0,0.0,0.0,0.0
,,0.015275065,5.2771754,-7.0240264,1685546366653,,-2.4724426,-0.26483154,-0.013671875,,,,,,-0.13942896,0.17115457,0.6180706,0.0,0.0,0.0,0.0
52.43198142,13.19275352,0.3708135,6.7714763,-6.631338,1685546367000,4.288,1.2879333,0.79829407,0.12055969,,,,,,-2.871275E-4,0.5683402,0.21823174,0.0,0.0,0.0,0.0
,,0.5362925,6.697775,-6.6164546,1685546367156,,2.8517456,-1.0105286,0.4784851,,,,,,0.048910283,0.53442883,0.31657976,0.0,0.0,0.0,0.0
,,0.16630809,5.45287,-7.127058,1685546367408,,-1.776825,1.179657,-0.3247223,,,,,,-0.17743291,0.2884747,0.5344789,0.0,0.0,0.0,0.0
,,0.03714091,5.240863,-7.0435796,1685546367659,,-2.3712463,-0.2680359,-0.17558289,,,,,,-0.27287152,0.15132898,0.651898,0.0,0.0,0.0,0.0
,,0.4399653,6.612222,-6.689955,1685546367911,,1.0855408,0.74502563,0.1844635,,,,,,-0.027281968,0.4631059,0.2326893,0.0,0.0,0.0,0.0
,,0.6003372,6.904434,-6.636325,1685546368164,,2.6802368,-0.8251648,0.4220276,,,,,,0.11499243,0.60794806,0.20139663,0.0,0.0,0.0,0.0
,,0.22516531,5.5911756,-7.0385504,1685546368417,,-1.2900085,0.96554565,-0.079711914,,,,,,-0.07852993,0.29633385,0.56276524,0.0,0.0,0.0,0.0
,,-0.0023239136,5.1115756,-7.1552277,1685546368668,,-2.8697968,0.14634705,-0.50476074,,,,,,-0.21971054,0.112841815,0.62851304,0.0,0.0,0.0,0.0
,,0.4408437,6.4184504,-6.7306566,1685546368921,,1.0940552,0.5447693,0.12695312,,,,,,0.01802489,0.3887916,0.28191793,0.0,0.0,0.0,0.0
,,0.6582372,6.8786564,-6.5241165,1685546369171,,2.2019348,-0.12315369,0.2771454,,,,,,0.16996577,0.5162738,0.24097233,0.0,0.0,0.0,0.0
,,0.33402202,5.7838674,-6.9158487,1685546369423,,-0.49212646,0.67152405,0.13867188,,,,,,-0.031808816,0.36673784,0.5814129,0.0,0.0,0.0,0.0
,,0.12520751,5.0806503,-7.077537,1685546369673,,-2.651413,0.24861145,-0.8509674,,,,,,-0.18072703,0.110704616,0.7021623,0.0,0.0,0.0,0.0
52.43187275,13.19267719,0.5167394,6.484491,-6.6730366,1685546370000,4.288,1.136673,-0.55459595,0.24731445,,,,,,0.0043736976,0.5372578,0.3637324,0.0,0.0,0.0,0.0
,,0.78568876,7.036994,-6.5349307,1685546370178,,1.8589172,-0.4267578,0.36343384,,,,,,0.17483714,0.64482933,0.16453099,0.0,0.0,0.0,0.0
,,0.41897634,5.975924,-6.928218,1685546370431,,0.17793274,0.16445923,0.15783691,,,,,,-0.07416275,0.45764604,0.48394033,0.0,0.0,0.0,0.0
,,0.13175201,5.124266,-7.164765,1685546370682,,-2.732376,0.4882965,-0.8797302,,,,,,-0.30620858,0.16065003,0.6046762,0.0,0.0,0.0,0.0
,,0.52547914,6.286212,-6.835721,1685546370936,,1.0003204,-0.53648376,0.17913818,,,,,,-0.105911285,0.41752785,0.24914743,0.0,0.0,0.0,0.0
,,0.7308614,7.0260205,-6.637481,1685546371188,,1.9569244,-0.38520813,0.15890503,,,,,,0.027592055,0.59411275,0.05050688,0.0,0.0,0.0,0.0
,,0.4675003,5.8797164,-7.0715103,1685546371438,,0.48791504,0.02810669,0.24838257,,,,,,-0.0949486,0.26496795,0.34320977,0.0,0.0,0.0,0.0
,,0.14089051,4.9949784,-7.166919,1685546371689,,-2.5949554,0.45420837,-0.8498993,,,,,,-0.25709897,0.031902775,0.6983232,0.0,0.0,0.0,0.0
,,0.53748983,6.1498613,-6.79474,1685546371941,,0.46981812,-0.780426,0.35064697,,,,,,0.06360232,0.3709451,0.43131354,0.0,0.0,0.0,0.0
,,0.83369243,7.037711,-6.610707,1685546372191,,1.5318756,0.5341034,0.1290741,,,,,,0.30962035,0.6394699,0.1691919,0.0,0.0,0.0,0.0
,,0.54303586,6.063271,-6.9065104,1685546372442,,1.1728821,-0.06776428,0.05557251,,,,,,0.117982045,0.40013987,0.48674518,0.0,0.0,0.0,0.0
,,0.22684224,5.1042733,-7.062892,1685546372696,,-3.0168,1.193512,-0.84776306,,,,,,-0.11279006,0.14968632,0.79643,0.0,0.0,0.0,0.0
52.43173706,13.19260679,0.5039307,6.1852946,-6.6902742,1685546373000,4.288,0.046905518,-0.31809998,-0.046691895,,,,,,0.004866147,0.46574184,0.50042784,0.0,0.0,0.0,0.0
,,0.722641,7.1210294,-6.5899963,1685546373202,,1.6927338,0.03024292,0.05557251,,,,,,0.13894133,0.65476644,0.06521431,0.0,0.0,0.0,0.0
,,0.44794616,6.322044,-6.869241,1685546373453,,1.614975,-0.7197113,0.37834167,,,,,,-0.06215326,0.48178247,0.3303121,0.0,0.0,0.0,0.0
,,0.06587117,5.188749,-6.9916244,1685546373704,,-2.588562,0.90802,-0.6240692,,,,,,-0.28083393,0.15690479,0.73276466,0.0,0.0,0.0,0.0
,,0.27759805,5.9852204,-6.705837,1685546373957,,-0.64338684,0.20281982,-0.0115356445,,,,,,-0.15534951,0.307557,0.5121194,0.0,0.0,0.0,0.0
,,0.5690521,7.034001,-6.4525695,1685546374208,,1.4850006,0.35940552,0.030014038,,,,,,0.050149146,0.55215186,0.15628849,0.0,0.0,0.0,0.0
,,0.43230337,6.378309,-6.8036795,1685546374462,,2.1966095,-1.4803009,0.51789856,,,,,,-0.07036366,0.40786892,0.2997955,0.0,0.0,0.0,0.0
,,0.12121684,5.10986,-6.9947767,1685546374713,,-2.509735,1.1008301,-0.7518921,,,,,,-0.29980925,0.033903845,0.7126933,0.0,0.0,0.0,0.0
,,0.2634725,5.7589283,-6.896055,1685546374966,,-1.0620422,0.18896484,-0.13404846,,,,,,-0.30741304,0.18468149,0.4045247,0.0,0.0,0.0,0.0
,,0.6346146,6.9563084,-6.598097,1685546375217,,1.425354,0.087768555,0.13867188,,,,,,-0.10866221,0.46939558,0.021237707,0.0,0.0,0.0,0.0
,,0.563946,6.5425105,-6.8104625,1685546375470,,2.5769043,-1.1234436,0.4539795,,,,,,-0.21105845,0.4153746,0.16016135,0.0,0.0,0.0,0.0
,,0.24635519,5.3019547,-7.2116113,1685546375721,,-2.3147888,1.2062988,-0.7625427,,,,,,-0.37543255,0.15583655,0.4516303,0.0,0.0,0.0,0.0
52.43158881,13.1925535,0.26151785,5.522022,-6.9893103,1685546376000,6.432,-2.046341,-0.222229,-0.22671509,,,,,,-0.41483057,0.08580582,0.4154158,0.0,0.0,0.0,0.0
,,0.6487798,7.012373,-6.6859655,1685546376223,,1.2304077,0.349823,0.15997314,,,,,,-0.14275087,0.5956699,-0.046918917,0.0,0.0,0.0,0.0
,,0.74861807,6.7433443,-6.6403165,1685546376473,,2.7452087,-1.4536743,0.69898987,,,,,,-0.08469546,0.45807388,0.18346132,0.0,0.0,0.0,0.0
,,0.31051788,5.59313,-7.1488447,1685546376724,,-1.8695068,0.76846313,-0.5665436,,,,,,-0.35157794,0.24403025,0.43988428,0.0,0.0,0.0,0.0
,,0.16546936,5.585508,-7.037354,1685546376976,,-2.5352936,0.81214905,-0.49943542,,,,,,-0.43872738,0.15878366,0.48519784,0.0,0.0,0.0,0.0
,,0.3740036,7.0284133,-6.5550017,1685546377227,,1.2591705,0.062194824,-0.6475067,,,,,,-0.23622908,0.5479819,0.1506059,0.0,0.0,0.0,0.0
,,0.3675003,7.048564,-6.6291423,1685546377478,,2.2072601,-1.0158539,0.44865417,,,,,,0.046268463,0.5637264,0.13308597,0.0,0.0,0.0,0.0
,,-0.22498474,5.7172685,-6.975104,1685546377730,,-0.66682434,0.53305054,0.5381317,,,,,,-0.12466768,0.23014088,0.5440264,0.0,0.0,0.0,0.0
,,-0.4717865,5.156985,-7.091183,1685546377981,,-2.620514,0.4989624,-0.01260376,,,,,,-0.11284228,0.014820441,0.6285972,0.0,0.0,0.0,0.0
,,-0.11082001,6.5648956,-6.5820565,1685546378232,,0.78193665,-0.048583984,0.14718628,,,,,,0.1840299,0.47668475,0.37357032,0.0,0.0,0.0,0.0
,,0.26542866,6.8368373,-6.3987017,1685546378489,,1.6927338,-0.08161926,0.1951294,,,,,,0.5465822,0.47349706,0.3123488,0.0,0.0,0.0,0.0
,,0.111441545,6.022809,-6.916488,1685546378740,,0.96195984,0.087768555,0.57328796,,,,,,0.35305217,0.40647528,0.49652463,0.0,0.0,0.0,0.0
52.4312653,13.19241912,0.07485046,5.2963285,-6.9117794,1685546379000,7.504,-2.2711182,0.86753845,-1.1598969,,,,,,0.061764613,0.15787548,0.7425624,0.0,0.0,0.0,0.0
,,0.65644175,6.5507307,-6.5905175,1685546379242,,-0.6881256,-0.0059814453,0.026809692,,,,,,0.15932943,0.50027066,0.40475073,0.0,0.0,0.0,0.0
,,0.8976969,7.355422,-6.295471,1685546379496,,1.6746216,0.32424927,0.17276001,,,,,,0.17066199,0.66719556,0.14394505,0.0,0.0,0.0,0.0
,,0.7532064,6.537762,-6.587723,1685546379748,,2.6930237,-1.7871094,0.6457367,,,,,,-0.071741186,0.35817948,0.35149276,0.0,0.0,0.0,0.0
,,0.35105997,5.4778895,-7.013333,1685546380001,,-2.458603,1.2190704,-0.5058136,,,,,,-0.3627261,0.14130408,0.49178374,0.0,0.0,0.0,0.0
,,0.5954676,5.893723,-6.7079916,1685546380253,,-1.8183746,-0.07095337,-0.24803162,,,,,,-0.28201708,0.09487888,0.41689378,0.0,0.0,0.0,0.0
,,0.75356394,7.004871,-6.374639,1685546380503,,1.3433228,-0.93807983,-0.040298462,,,,,,-0.120274164,0.40562776,0.13033555,0.0,0.0,0.0,0.0
,,0.8327723,6.7069135,-6.579143,1685546380754,,2.6237793,-1.2906952,0.6254883,,,,,,0.0018490095,0.374399,0.25213197,0.0,0.0,0.0,0.0
,,0.41837665,5.536468,-7.0067477,1685546381007,,-1.697998,1.0028229,-0.15428162,,,,,,-0.18063699,0.18594912,0.55260867,0.0,0.0,0.0,0.0
,,0.4940338,5.478568,-7.0336027,1685546381261,,-2.3893585,0.16233826,-0.3534851,,,,,,-0.12869959,0.068181105,0.44853243,0.0,0.0,0.0,0.0
,,0.7468221,6.911338,-6.609669,1685546381512,,0.9704895,1.2009583,0.27928162,,,,,,0.0066514094,0.501474,0.07372169,0.0,0.0,0.0,0.0
,,0.83660585,6.9809284,-6.5400376,1685546381762,,2.4437408,-0.8166504,0.21961975,,,,,,0.12572257,0.52630144,0.15097156,0.0,0.0,0.0,0.0
52.43113219,13.19237053,0.48042908,5.7699413,-7.1146464,1685546382000,10.72,-0.8106384,0.84303284,0.11416626,,,,,,-0.032504316,0.3042361,0.33350036,0.0,0.0,0.0,0.0
,,0.2003072,5.052278,-7.1895056,1685546382264,,-3.1265259,0.56500244,-0.88505554,,,,,,-0.25739574,-0.0910142,0.44535285,0.0,0.0,0.0,0.0
,,0.6725632,6.5281043,-6.671082,1685546382517,,1.0503845,-0.47042847,0.1802063,,,,,,-0.0023603041,0.36916703,0.16655678,0.0,0.0,0.0,0.0
,,0.8316976,6.985955,-6.485532,1685546382769,,1.8109741,-0.5726929,0.07475281,,,,,,0.12620178,0.50523406,0.08825876,0.0,0.0,0.0,0.0
,,0.531665,5.916824,-6.781016,1685546383022,,0.22480774,0.6885681,-0.08824158,,,,,,-0.074361816,0.25550723,0.51066595,0.0,0.0,0.0,0.0
,,0.26032156,5.057106,-7.0786557,1685546383274,,-2.5129242,1.5120239,-0.7582855,,,,,,-0.30742368,-0.066402115,0.56698906,0.0,0.0,0.0,0.0
,,0.6023722,6.3224025,-6.606439,1685546383530,,0.49430847,-0.57803345,-0.0072784424,,,,,,-0.21656223,0.2892552,0.32649747,0.0,0.0,0.0,0.0
,,0.8432688,7.086592,-6.2767177,1685546383783,,1.552124,0.12825012,-0.04776001,,,,,,-0.019690545,0.47558972,0.19369958,0.0,0.0,0.0,0.0
,,0.48984477,6.153053,-6.6955423,1685546384036,,1.6032562,-0.76763916,0.4230957,,,,,,-0.25934207,0.31041777,0.36677924,0.0,0.0,0.0,0.0
,,0.23957112,5.199322,-7.026819,1685546384287,,-2.6503448,1.3074951,-0.654953,,,,,,-0.36487043,0.074734524,0.53812844,0.0,0.0,0.0,0.0
,,0.6113098,6.167697,-6.727065,1685546384538,,-0.7339325,-0.08906555,0.19085693,,,,,,-0.12391383,0.33763382,0.2545031,0.0,0.0,0.0,0.0
,,0.78365225,7.080008,-6.26674,1685546384790,,1.2943268,0.61932373,0.21536255,,,,,,0.039105523,0.5491187,0.13158093,0.0,0.0,0.0,0.0
52.43098577,13.19230359,0.662586,6.355682,-6.5243955,1685546385000,10.72,1.9121857,-0.89227295,0.2824707,,,,,,-0.019691562,0.31237093,0.36264437,0.0,0.0,0.0,0.0
,,0.33741406,5.3101344,-6.9035573,1685546385291,,-2.7302399,1.3351898,-0.81048584,,,,,,-0.26313934,0.08742735,0.5815149,0.0,0.0,0.0,0.0
,,0.5926361,5.9139924,-6.6899157,1685546385543,,-0.8457947,-1.1085358,-0.26080322,,,,,,-0.15130992,0.082148746,0.39251524,0.0,0.0,0.0,0.0
,,0.8524465,7.110176,-6.279629,1685546385795,,1.757721,-0.2914734,0.09712219,,,,,,0.06739358,0.47152677,0.15403102,0.0,0.0,0.0,0.0
,,0.6992579,6.58034,-6.5366874,1685546386046,,2.7984772,-1.6219788,0.73095703,,,,,,0.03723955,0.37689576,0.33810222,0.0,0.0,0.0,0.0
,,0.36271313,5.3457303,-6.9646516,1685546386302,,-2.571518,1.3799286,-0.22566223,,,,,,-0.04044076,0.08538756,0.6031989,0.0,0.0,0.0,0.0
,,0.591598,5.6601286,-6.8883963,1685546386554,,-1.9632568,-0.30426025,-0.24482727,,,,,,0.1841604,0.033058517,0.33759937,0.0,0.0,0.0,0.0
,,0.83468884,7.1752996,-6.441079,1685546386804,,1.7800903,-0.4459381,0.089660645,,,,,,0.41738328,0.64840996,0.059503827,0.0,0.0,0.0,0.0
,,0.8259898,6.8861995,-6.60181,1685546387055,,2.9444275,-1.7988129,0.5509186,,,,,,0.425255,0.59092915,0.16470753,0.0,0.0,0.0,0.0
,,0.3546514,5.5839524,-7.077978,1685546387310,,-2.1336975,1.0742035,-0.26507568,,,,,,0.08080289,0.21926855,0.3822047,0.0,0.0,0.0,0.0
,,0.33857015,5.7888155,-6.9449797,1685546387563,,-2.0047913,0.01638794,-0.3726654,,,,,,-0.11168934,0.18161923,0.2701629,0.0,0.0,0.0,0.0
,,0.6465841,7.162289,-6.427592,1685546387815,,1.1824799,0.4510193,0.207901,,,,,,-0.03904903,0.5256432,-0.012504562,0.0,0.0,0.0,0.0
52.43082118,13.19221739,0.65304923,7.1423774,-6.345471,1685546388000,16.08,2.5449524,-1.1841583,0.46676636,,,,,,-0.02535374,0.6579003,0.30465013,0.0,0.0,0.0,0.0
,,0.1853419,5.636025,-6.786003,1685546388316,,-1.615982,1.1700745,-0.1446991,,,,,,-0.2731213,0.21020985,0.5917828,0.0,0.0,0.0,0.0
,,0.0694224,5.564159,-6.8763437,1685546388578,,-2.1656494,-0.0773468,-0.6922455,,,,,,-0.38683328,0.1874834,0.49768287,0.0,0.0,0.0,0.0
,,0.42723644,6.875983,-6.307241,1685546388829,,1.0802002,1.2062988,0.1844635,,,,,,-0.15167776,0.4831069,0.29017857,0.0,0.0,0.0,0.0
,,0.66565907,6.8966928,-6.34427,1685546389079,,2.6418915,-1.5048065,0.6127014,,,,,,0.14599171,0.48053545,0.30796665,0.0,0.0,0.0,0.0
,,0.31969756,5.7027044,-6.948288,1685546389331,,-1.425293,1.1061554,0.06942749,,,,,,0.0017717382,0.31069845,0.5194315,0.0,0.0,0.0,0.0
,,0.07113953,5.2883477,-7.0504007,1685546389582,,-2.4703217,0.17938232,-0.7902527,,,,,,-0.25465798,0.1333479,0.52171385,0.0,0.0,0.0,0.0
,,0.6002584,6.660345,-6.7759066,1685546389835,,1.4445343,0.39988708,0.24731445,,,,,,0.019801497,0.41034353,0.030142928,0.0,0.0,0.0,0.0
,,0.883373,6.9455347,-6.4894004,1685546390086,,2.190216,-0.9785614,0.27182007,,,,,,0.29696816,0.4329852,0.14158486,0.0,0.0,0.0,0.0
,,0.525,5.8750067,-7.193975,1685546390338,,-0.3855896,0.81214905,0.24093628,,,,,,0.093913205,0.30449262,0.1999509,0.0,0.0,0.0,0.0
,,0.2356608,5.217519,-7.2815633,1685546390591,,-2.5949554,0.56925964,-1.0661469,,,,,,-0.11994944,0.09717205,0.383419,0.0,0.0,0.0,0.0
,,0.54359436,6.583491,-6.8694415,1685546390841,,0.91296387,-1.4504852,0.1482544,,,,,,0.061732244,0.51325405,0.09390179,0.0,0.0,0.0,0.0
52.43062593,13.19216217,0.83437043,7.1746993,-6.766412,1685546391000,12.864,1.4232178,-0.5609894,0.22921753,,,,,,0.47211823,0.6828225,-0.1006286,0.0,0.0,0.0,0.0
,,0.4537323,6.2889643,-7.086317,1685546391346,,1.69487,-1.0147858,0.92163086,,,,,,0.30838028,0.63081986,0.27915487,0.0,0.0,0.0,0.0
,,0.07907918,5.3349943,-7.3780904,1685546391598,,-2.5949554,1.2307892,-0.7849121,,,,,,0.15921374,0.39823902,0.45551154,0.0,0.0,0.0,0.0
,,0.56358594,6.461028,-6.9036393,1685546391849,,-0.29504395,0.060073853,-0.16174316,,,,,,0.5088881,0.7547544,0.38606235,0.0,0.0,0.0,0.0
,,0.7215632,7.179609,-6.5615077,1685546392100,,1.7555847,-0.2179718,0.35385132,,,,,,0.7147979,0.8569592,0.25713736,0.0,0.0,0.0,0.0
,,0.5685343,6.2244015,-6.9483304,1685546392354,,0.98114014,0.4595337,0.7384033,,,,,,0.7097128,0.6281818,0.4712349,0.0,0.0,0.0,0.0
,,0.082550555,5.28779,-7.1689954,1685546392607,,-3.272461,1.0251923,-0.94151306,,,,,,0.26564547,0.34680545,0.66492385,0.0,0.0,0.0,0.0
,,0.51697844,6.4034476,-6.764774,1685546392859,,1.9089813,-1.1415558,0.25691223,,,,,,0.6175045,0.6923011,0.45120367,0.0,0.0,0.0,0.0
,,0.83832043,7.3129644,-6.524117,1685546393110,,2.811264,-2.8438416,1.1943359,,,,,,0.76807314,0.97344124,0.3486696,0.0,0.0,0.0,0.0
,,0.3495046,5.9872947,-6.978616,1685546393367,,-2.475647,1.9082947,-0.13404846,,,,,,0.37891158,0.49156767,0.4632108,0.0,0.0,0.0,0.0
,,0.45225525,5.970335,-7.107783,1685546393618,,-2.5022736,-0.3521881,-0.33857727,,,,,,0.29381612,0.70848346,0.5744644,0.0,0.0,0.0,0.0
,,0.73285574,6.7362,-6.6732354,1685546393869,,1.807785,0.08456421,0.29206848,,,,,,0.31045136,0.6786785,0.34912091,0.0,0.0,0.0,0.0
52.43043647,13.19203233,1.166246,7.4653935,-6.6330934,1685546394000,11.792,1.7779541,-2.358078,0.9184418,,,,,,0.4867182,1.301277,0.4594787,0.0,0.0,0.0,0.0
,,0.78173673,5.6206617,-6.7832494,1685546394371,,-3.2117462,0.9474335,-1.0853271,,,,,,0.13991016,0.29801998,0.98190624,0.0,0.0,0.0,0.0
,,0.7785441,5.926282,-6.5702453,1685546394623,,-0.09690857,-0.397995,-0.083969116,,,,,,0.070646085,0.43401298,0.9338738,0.0,0.0,0.0,0.0
,,1.275501,7.004591,-6.0381746,1685546394874,,1.9292297,-0.25524902,0.22389221,,,,,,0.30892524,0.6376706,0.8246716,0.0,0.0,0.0,0.0
,,0.8258703,6.4085155,-6.343715,1685546395125,,0.8543701,0.25500488,0.62442017,,,,,,-0.026107812,0.4661069,0.78809345,0.0,0.0,0.0,0.0
,,0.58704835,5.43204,-6.5523696,1685546395375,,-3.0413055,0.9943085,-0.93725586,,,,,,-0.30686608,0.22809239,1.1718094,0.0,0.0,0.0,0.0
,,0.59355366,5.913155,-6.3434362,1685546395628,,1.4828796,-0.062438965,0.26649475,,,,,,-0.329956,0.043391846,0.63390654,0.0,0.0,0.0,0.0
,,1.0754664,7.2496786,-6.218339,1685546395880,,3.1148682,-1.7242584,-0.046691895,,,,,,-0.18615367,0.6958488,0.2871036,0.0,0.0,0.0,0.0
,,0.58385724,5.9252462,-6.5681715,1685546396131,,-1.5446014,1.6760712,0.1482544,,,,,,-0.480662,0.23472027,0.54531443,0.0,0.0,0.0,0.0
,,0.43801066,5.5278087,-6.7028055,1685546396382,,-2.5704498,0.23051453,-0.7444458,,,,,,-0.6242603,0.18980084,0.72783935,0.0,0.0,0.0,0.0
,,0.7367269,6.380064,-6.3006988,1685546396633,,1.091919,1.1839142,0.09605408,,,,,,-0.4417349,0.26482773,0.4176747,0.0,0.0,0.0,0.0
,,0.98720044,6.996571,-6.437927,1685546396884,,3.2650604,-1.0616608,0.46783447,,,,,,-0.17642015,0.5579554,0.045059778,0.0,0.0,0.0,0.0
52.43033006,13.19183309,0.52922875,5.513084,-6.681616,1685546397000,11.792,-3.0242615,1.5098877,-0.48025513,,,,,,-0.4194232,0.022762362,0.5895195,0.0,0.0,0.0,0.0
,,0.38350168,5.6416926,-6.7147756,1685546397391,,-1.5446014,0.20814514,-0.3162079,,,,,,-0.5944441,0.11754907,0.42585027,0.0,0.0,0.0,0.0
,,0.7863261,6.9261823,-6.4555235,1685546397643,,2.127365,-0.7601929,-0.24375916,,,,,,-0.47074848,0.47313297,-0.047933914,0.0,0.0,0.0,0.0
,,0.49175924,6.5920305,-6.385932,1685546397894,,1.6096497,-0.6728363,0.7788849,,,,,,-0.6784067,0.3568742,0.17408326,0.0,0.0,0.0,0.0
,,0.24990539,5.394091,-6.6946244,1685546398146,,-3.113739,1.7559662,-1.0576324,,,,,,-0.79622406,-0.090154275,0.54415303,0.0,0.0,0.0,0.0
,,0.25980175,5.9511423,-6.48996,1685546398398,,1.5137634,-0.7921448,0.21961975,,,,,,-0.7993939,0.086910106,0.36588192,0.0,0.0,0.0,0.0
,,0.6934321,7.1375093,-6.244395,1685546398653,,3.2373657,-1.7167969,0.43481445,,,,,,-0.4748155,0.5044624,0.11814388,0.0,0.0,0.0,0.0
,,0.18905385,5.998946,-6.4012957,1685546398904,,-1.9227753,1.3330536,0.091796875,,,,,,-0.630163,0.16097292,0.6136836,0.0,0.0,0.0,0.0
,,0.24447988,5.453986,-6.5279484,1685546399155,,-2.01651,-1.1255798,-0.86161804,,,,,,-0.50474614,0.03671686,0.9568948,0.0,0.0,0.0,0.0
,,0.67790985,6.489639,-6.4197307,1685546399406,,1.4317474,0.34236145,0.49127197,,,,,,-0.14000754,0.36229175,0.4170148,0.0,0.0,0.0,0.0
,,0.997496,7.1550674,-6.3544893,1685546399657,,3.129776,-0.9647217,0.6585083,,,,,,0.04407605,0.6944576,0.29773638,0.0,0.0,0.0,0.0
,,0.43098804,5.7546597,-6.6830926,1685546399908,,-3.1531525,1.4811249,-0.5899811,,,,,,-0.36630413,0.18469967,0.71490854,0.0,0.0,0.0,0.0
52.43023882,13.19162934,0.42240804,5.951303,-6.607556,1685546400000,10.72,-0.755249,-0.28614807,-0.3023529,,,,,,-0.3985438,0.30391878,0.6385229,0.0,0.0,0.0,0.0
,,0.9121821,7.124422,-6.5010533,1685546400411,,1.6820831,0.954895,0.048110962,,,,,,-0.10131101,0.6530772,0.17685002,0.0,0.0,0.0,0.0
,,0.54391325,6.676427,-6.6148977,1685546400663,,-0.19171143,1.2552948,0.37301636,,,,,,-0.27671945,0.5470952,0.2664464,0.0,0.0,0.0,0.0
,,0.22951457,5.499876,-6.9077086,1685546400913,,-3.6069489,1.2414398,-0.9702759,,,,,,-0.48221102,0.08713684,0.5973846,0.0,0.0,0.0,0.0
,,0.31542665,6.139607,-6.8802953,1685546401165,,1.1196289,0.71307373,0.35385132,,,,,,-0.279228,0.33037752,0.17112283,0.0,0.0,0.0,0.0
,,0.8635391,7.185952,-6.596383,1685546401416,,2.9199219,-1.1660461,0.7107086,,,,,,0.16762055,0.7451254,0.05020504,0.0,0.0,0.0,0.0
,,0.44044444,5.929795,-6.95695,1685546401670,,-2.1198425,1.3756714,-0.65922546,,,,,,-0.044632275,0.32936394,0.3410066,0.0,0.0,0.0,0.0
,,0.32859498,5.559651,-7.0725102,1685546401923,,-1.8087921,-0.46084595,-0.5548248,,,,,,-0.19923821,0.12585436,0.31961167,0.0,0.0,0.0,0.0
,,0.7132639,6.6097083,-6.778143,1685546402175,,1.8322906,-0.55778503,0.11203003,,,,,,0.023399241,0.38211626,-0.016539732,0.0,0.0,0.0,0.0
,,0.70177203,6.926581,-6.6245146,1685546402427,,2.0506592,-1.0936127,0.7426758,,,,,,0.0729022,0.6643056,0.12492393,0.0,0.0,0.0,0.0
,,0.3160258,5.5998335,-6.6616254,1685546402681,,-3.6644745,1.498169,-1.0895844,,,,,,-0.26024407,0.16613507,0.76604843,0.0,0.0,0.0,0.0
,,0.2876541,5.981589,-6.650971,1685546402934,,1.5340118,-0.5844116,0.23027039,,,,,,-0.30148917,0.30816603,0.4757237,0.0,0.0,0.0,0.0
52.43013676,13.1913923,0.7148992,6.9529953,-6.305328,1685546403000,9.648001,2.9987488,-1.272583,0.30804443,,,,,,-0.05530305,0.5202415,0.33046398,0.0,0.0,0.0,0.0
,,0.34986317,6.168216,-6.4020934,1685546403436,,-1.6585846,1.5493011,-0.02218628,,,,,,-0.18383978,0.3985494,0.69343174,0.0,0.0,0.0,0.0
,,0.2176234,5.490976,-6.6473393,1685546403687,,-2.3552704,-0.2872162,-0.795578,,,,,,-0.36008918,0.152705,0.8246027,0.0,0.0,0.0,0.0
,,0.5002187,6.386287,-6.525913,1685546403941,,1.7449341,-0.33407593,0.22921753,,,,,,-0.18806033,0.39718464,0.409172,0.0,0.0,0.0,0.0
,,0.7416748,7.085874,-6.519328,1685546404194,,3.226715,-2.1247864,0.9013977,,,,,,-0.017954925,0.76093346,0.26128986,0.0,0.0,0.0,0.0
,,0.40129903,5.4935303,-6.5320177,1685546404447,,-3.3885803,1.4044342,-0.9202118,,,,,,-0.20141287,0.10434305,0.97449124,0.0,0.0,0.0,0.0
,,0.28845164,5.652905,-6.6708016,1685546404698,,-0.38772583,-1.2672577,-0.15853882,,,,,,-0.35269192,0.18163808,0.6969063,0.0,0.0,0.0,0.0
,,0.74638367,6.744341,-6.344073,1685546404953,,1.6213684,-0.4075775,0.32720947,,,,,,-0.06564534,0.39917046,0.40096322,0.0,0.0,0.0,0.0
,,0.5673772,6.5642977,-6.5352902,1685546405205,,0.27166748,0.5788574,0.14292908,,,,,,-0.06659406,0.5629467,0.51215863,0.0,0.0,0.0,0.0
,,0.39870554,5.335993,-6.878579,1685546405456,,-2.9358368,1.1690063,-1.0565643,,,,,,-0.19522914,0.09141218,0.8049995,0.0,0.0,0.0,0.0
,,0.34635112,5.987654,-6.7492924,1685546405707,,1.1430511,-0.5556488,0.14292908,,,,,,-0.21355926,0.26061514,0.4661113,0.0,0.0,0.0,0.0
,,0.70883334,7.284433,-6.5763116,1685546405959,,2.4213715,-1.0073242,0.07261658,,,,,,0.027893249,0.801074,0.1676267,0.0,0.0,0.0,0.0
52.43005519,13.19114927,0.40129903,6.2098756,-6.775788,1685546406000,7.504,-1.122757,0.89204407,0.052383423,,,,,,-0.013092522,0.5847434,0.60554177,0.0,0.0,0.0,0.0
,,0.19675446,5.435033,-6.990469,1685546406462,,-2.6599426,-0.024093628,-0.6922455,,,,,,-0.20026319,0.3202614,0.8109029,0.0,0.0,0.0,0.0
,,0.5593964,6.4090734,-6.625952,1685546406712,,1.6330872,0.12397766,0.16955566,,,,,,0.14918,0.58342975,0.48835894,0.0,0.0,0.0,0.0
,,0.7196884,7.326052,-6.4267535,1685546406964,,3.065857,-0.6398163,0.1567688,,,,,,0.354865,1.052974,0.4374998,0.0,0.0,0.0,0.0
,,0.32093456,5.9274,-6.6891584,1685546407215,,-2.0751038,2.070221,0.110961914,,,,,,0.27985412,0.6881368,0.88268495,0.0,0.0,0.0,0.0
,,0.22105612,5.46129,-6.8716364,1685546407466,,-2.2807007,-0.056045532,-0.910614,,,,,,0.16881374,0.49452338,0.90541893,0.0,0.0,0.0,0.0
,,0.5465475,6.7883563,-6.4831777,1685546407718,,1.3284149,0.9399719,0.44013977,,,,,,0.41691503,0.8245021,0.54931295,0.0,0.0,0.0,0.0
,,0.8348887,7.384712,-6.380705,1685546407969,,3.2203217,-1.8723297,0.9514618,,,,,,0.77940285,1.1793828,0.5715047,0.0,0.0,0.0,0.0
,,0.25788575,5.869581,-6.815372,1685546408219,,-1.8300934,0.9612732,0.03427124,,,,,,0.48066902,0.70283717,0.9200446,0.0,0.0,0.0,0.0
,,0.15206298,5.471066,-6.818365,1685546408474,,-2.1997375,-0.9711151,-0.59210205,,,,,,0.3666493,0.4463671,0.9963004,0.0,0.0,0.0,0.0
,,0.56649935,6.840309,-6.48154,1685546408727,,0.9214783,0.71520996,0.7096405,,,,,,0.52002245,0.77669716,0.609741,0.0,0.0,0.0,0.0
,,0.7364085,7.097686,-6.3843756,1685546408978,,2.906067,-1.4579315,0.873703,,,,,,0.6697619,0.90085244,0.65624374,0.0,0.0,0.0,0.0
52.43002526,13.19095504,0.40389404,5.7236924,-6.845179,1685546409000,9.648001,-2.0740356,1.2936401,-0.6602783,,,,,,0.3533312,0.49782366,0.93942,0.0,0.0,0.0,0.0
,,0.25226033,5.565396,-6.831293,1685546409481,,-1.7246399,-0.46510315,-0.8765259,,,,,,-0.0045920135,0.31944916,0.8162861,0.0,0.0,0.0,0.0
,,0.6621078,6.954751,-6.3948703,1685546409732,,0.5891266,1.3959045,0.19831848,,,,,,0.0223128,0.5880385,0.4150713,0.0,0.0,0.0,0.0
,,0.81856793,7.173103,-6.3805056,1685546409982,,2.8815765,-1.4025421,0.46250916,,,,,,0.06296117,0.7265998,0.3976943,0.0,0.0,0.0,0.0
,,0.432782,5.7021055,-6.6807384,1685546410235,,-2.0516663,1.1285248,-0.621933,,,,,,-0.24218766,0.2872401,0.84895545,0.0,0.0,0.0,0.0
,,0.19651388,5.5981975,-6.7569137,1685546410488,,-2.0729675,-0.6227722,-0.74017334,,,,,,-0.5236694,0.20905438,0.71965027,0.0,0.0,0.0,0.0
,,0.52643484,6.9114575,-6.223845,1685546410740,,0.46981812,0.90908813,0.5349426,,,,,,-0.34113637,0.5602749,0.48137087,0.0,0.0,0.0,0.0
,,0.7864853,6.9077463,-6.1013417,1685546410992,,3.1478882,-1.7540741,0.43267822,,,,,,-0.0394547,0.5668542,0.66920155,0.0,0.0,0.0,0.0
,,0.45736235,5.543052,-6.4975824,1685546411245,,-2.2444763,1.1764679,-0.17985535,,,,,,-0.15925132,0.19237879,1.0607582,0.0,0.0,0.0,0.0
,,0.38110706,5.4020734,-6.542633,1685546411495,,-2.04422,-0.51197815,-0.668808,,,,,,-0.27262846,0.06530252,0.9687963,0.0,0.0,0.0,0.0
,,0.76066846,6.8241887,-6.1787934,1685546411747,,0.83306885,1.1221313,0.4262848,,,,,,-0.05798648,0.45245382,0.5793369,0.0,0.0,0.0,0.0
52.4300088,13.19070749,0.69466805,5.6372232,-6.57715,1685546412000,10.72,-1.9099884,0.9335785,-0.103149414,,,,,,0.16959606,0.3224965,1.0393447,0.0,0.0,0.0,0.0
,,1.0517634,6.9091825,-6.033107,1685546412000,,3.1010132,-1.6283722,0.65745544,,,,,,0.2858792,0.52185154,0.7906098,0.0,0.0,0.0,0.0
,,0.42994943,5.446006,-6.7423887,1685546412504,,-2.3467407,-0.44273376,-0.1255188,,,,,,-0.030014643,0.22617778,0.9190032,0.0,0.0,0.0,0.0
,,0.7528875,6.8233895,-6.1169825,1685546412757,,-0.11395264,0.6502228,0.31655884,,,,,,0.103024885,0.64150846,0.8000726,0.0,0.0,0.0,0.0
,,0.7838918,7.0903034,-6.0835834,1685546413011,,2.5662537,-0.18600464,0.39752197,,,,,,0.03005608,0.7834962,0.73028547,0.0,0.0,0.0,0.0
,,0.4629893,6.0218115,-6.595145,1685546413262,,-1.7832184,1.259552,-0.82966614,,,,,,-0.3961972,0.6253414,0.9178636,0.0,0.0,0.0,0.0
,,0.23941141,5.874289,-6.789953,1685546413514,,-2.079361,-0.39585876,-0.9255371,,,,,,-0.86629397,0.501481,0.61866707,0.0,0.0,0.0,0.0
,,0.70847577,7.085356,-6.184898,1685546413768,,1.331604,0.5671387,0.26863098,,,,,,-0.74913055,0.5965466,0.32256833,0.0,0.0,0.0,0.0
,,0.98325044,7.4047832,-6.104454,1685546414018,,2.4533386,-1.1639252,0.4081726,,,,,,-0.5981173,0.70162326,0.23300046,0.0,0.0,0.0,0.0
,,0.55995536,6.1135497,-6.5607486,1685546414269,,-1.598938,1.2467651,0.18766785,,,,,,-0.8649498,0.38730526,0.48170188,0.0,0.0,0.0,0.0
,,0.40999958,5.593928,-6.6612253,1685546414526,,-2.4181213,0.30613708,-0.83392334,,,,,,-0.8638845,0.123936094,0.57497424,0.0,0.0,0.0,0.0
,,0.74159646,6.708109,-6.22153,1685546414777,,1.2581024,1.0294647,0.22601318,,,,,,-0.45309037,0.32184932,0.2448222,0.0,0.0,0.0,0.0
52.43010473,13.19048166,0.46893615,5.71224,-6.735405,1685546415000,12.864,-0.6700287,0.39881897,-0.032836914,,,,,,-0.3246301,0.17312266,0.5354668,0.0,0.0,0.0,0.0
,,0.864299,6.8863573,-6.053816,1685546415029,,2.748413,-1.8574066,-0.018997192,,,,,,-0.18407069,0.32722512,0.3359173,0.0,0.0,0.0,0.0
,,0.15968527,5.265881,-6.892823,1685546415545,,-2.3584595,-0.7282257,-0.15002441,,,,,,-0.48919737,0.12024395,0.6555868,0.0,0.0,0.0,0.0
,,0.47053275,6.5585904,-6.5092325,1685546415797,,0.8916626,0.8813782,0.4539795,,,,,,-0.3681969,0.40957326,0.30132613,0.0,0.0,0.0,0.0
,,0.68804526,7.048604,-6.4507346,1685546416047,,2.1784973,-0.9647217,0.00869751,,,,,,-0.25621584,0.5285689,0.04811198,0.0,0.0,0.0,0.0
,,0.4849762,5.8750467,-6.9065905,1685546416298,,-0.47720337,0.8089447,0.05343628,,,,,,-0.43338373,0.18022461,0.31816155,0.0,0.0,0.0,0.0
,,0.30369467,5.226737,-7.185715,1685546416549,,-2.4106598,0.73651123,-1.3644257,,,,,,-0.58067304,-0.02139817,0.36160576,0.0,0.0,0.0,0.0
,,0.6858495,6.4645395,-6.6182494,1685546416802,,0.98646545,-0.87950134,0.44439697,,,,,,-0.35540077,0.2545555,0.14470775,0.0,0.0,0.0,0.0
,,0.9527232,7.0102983,-6.3628287,1685546417052,,1.6224213,0.07923889,0.254776,,,,,,-0.13121107,0.311947,0.035473585,0.0,0.0,0.0,0.0
,,0.7710429,6.0023794,-6.9830465,1685546417303,,0.9278717,0.23370361,0.73628235,,,,,,-0.10379849,0.10028987,0.10278651,0.0,0.0,0.0,0.0
,,0.4696528,5.13516,-7.0892696,1685546417554,,-3.0860443,1.4299927,-0.78704834,,,,,,-0.21959086,-0.12663773,0.47702444,0.0,0.0,0.0,0.0
,,0.7787847,6.3008566,-6.6029677,1685546417804,,0.39736938,-1.0403442,0.46144104,,,,,,-0.024159484,0.23478423,0.24643394,0.0,0.0,0.0,0.0
52.4302405,13.19029285,0.70659894,6.0650268,-6.742908,1685546418000,15.008,1.1164246,0.4275818,0.15037537,,,,,,-0.061646998,0.061716285,0.18232316,0.0,0.0,0.0,0.0
,,1.0483719,7.0705924,-6.194836,1685546418057,,1.598999,-0.19665527,0.15464783,,,,,,0.19657183,0.41103002,0.14697123,0.0,0.0,0.0,0.0
,,0.2763214,5.1166434,-6.9852414,1685546418560,,-3.144638,1.9370575,-0.6517639,,,,,,-0.42769796,-0.226467,0.4104304,0.0,0.0,0.0,0.0
,,0.72962445,6.131067,-6.5789857,1685546418811,,0.5145569,-1.4376984,0.23666382,,,,,,-0.2947038,0.03820157,0.12902635,0.0,0.0,0.0,0.0
,,1.1191218,7.076776,-6.226,1685546419061,,1.5755615,0.26139832,0.45611572,,,,,,-0.054987397,0.27857658,-0.07007451,0.0,0.0,0.0,0.0
,,0.7906372,6.0787525,-6.452531,1685546419314,,1.2570343,-0.15618896,0.53707886,,,,,,-0.17803341,-0.012131723,0.374498,0.0,0.0,0.0,0.0
,,0.42452443,5.103514,-6.824111,1685546419565,,-3.113739,1.770874,-0.71247864,,,,,,-0.34458175,-0.24307254,0.5937363,0.0,0.0,0.0,0.0
,,0.81346333,6.127395,-6.273844,1685546419817,,0.48365784,-1.1852264,0.430542,,,,,,-0.077432856,0.15710875,0.5900739,0.0,0.0,0.0,0.0
,,1.1606221,7.071708,-6.120335,1685546420068,,1.8780975,0.01852417,0.13227844,,,,,,0.19154803,0.44097957,0.23918566,0.0,0.0,0.0,0.0
,,0.6838959,6.048506,-6.361551,1685546420319,,0.7606354,0.085632324,0.58821106,,,,,,-8.0556073E-4,0.15253457,0.6766085,0.0,0.0,0.0,0.0
,,0.33310497,5.171789,-6.714936,1685546420571,,-2.8388977,1.513092,-1.0171509,,,,,,-0.20931374,-0.06543554,0.8416022,0.0,0.0,0.0,0.0
,,0.7102717,6.178751,-6.610868,1685546420823,,1.2282867,-0.78256226,0.27607727,,,,,,-0.005680404,0.2019948,0.27680033,0.0,0.0,0.0,0.0
52.43035279,13.19013314,0.5857727,5.942843,-6.8152523,1685546421000,10.72,-0.59439087,0.87286377,0.23880005,,,,,,-0.052872878,0.19512649,0.31613985,0.0,0.0,0.0,0.0
,,1.0169688,7.1589375,-6.330386,1685546421074,,1.8429413,-0.55459595,0.18234253,,,,,,0.17535883,0.52616227,0.11200586,0.0,0.0,0.0,0.0
,,0.35365498,5.2691946,-6.9828467,1685546421577,,-2.8697968,1.099762,-0.9510956,,,,,,-0.29309756,-0.027489964,0.5088697,0.0,0.0,0.0,0.0
,,0.7023702,6.383416,-6.7063956,1685546421827,,1.4136353,0.40307617,0.2739563,,,,,,-0.10920857,0.29071775,0.05412897,0.0,0.0,0.0,0.0
,,0.9027649,7.1939325,-6.412866,1685546422079,,3.066925,-1.7029419,0.7096405,,,,,,7.1930885E-4,0.6134509,0.038039524,0.0,0.0,0.0,0.0
,,0.38505808,5.7333894,-6.656277,1685546422331,,-2.3584595,1.515213,-0.22245789,,,,,,-0.31215143,0.13258976,0.57851994,0.0,0.0,0.0,0.0
,,0.2339035,5.6374617,-6.792029,1685546422585,,-2.0548706,-0.3671112,-0.77853394,,,,,,-0.5077332,0.21589784,0.53554016,0.0,0.0,0.0,0.0
,,0.5919958,6.7658486,-6.3267155,1685546422836,,1.714035,-0.11038208,0.19299316,,,,,,-0.31594017,0.4129936,0.2753025,0.0,0.0,0.0,0.0
,,0.7321757,7.1198316,-6.38693,1685546423087,,2.9444275,-1.6369019,0.54452515,,,,,,-0.15531412,0.66498554,0.21643598,0.0,0.0,0.0,0.0
,,0.43593344,5.620622,-6.7388773,1685546423339,,-2.0868225,0.83984375,-0.57398987,,,,,,-0.2781683,0.16801614,0.69411165,0.0,0.0,0.0,0.0
,,0.30281627,5.5122457,-6.892345,1685546423592,,-1.7384796,-0.36816406,-0.25975037,,,,,,-0.38601476,0.0683362,0.50913596,0.0,0.0,0.0,0.0
,,0.7498937,6.8987274,-6.42795,1685546423845,,1.4083099,-0.15937805,0.2771454,,,,,,-0.030956388,0.47211,0.19138719,0.0,0.0,0.0,0.0
52.4304435,13.18998848,0.44419506,5.4839935,-7.0186396,1685546424000,9.648001,-1.9131927,1.3991089,-0.27679443,,,,,,-0.09044619,0.06660299,0.47555134,0.0,0.0,0.0,0.0
,,0.8264689,6.7950587,-6.4731603,1685546424097,,2.8006134,-1.8744507,0.5232239,,,,,,0.10857629,0.37708315,0.23101646,0.0,0.0,0.0,0.0
,,0.30010426,5.4842734,-6.926503,1685546424598,,-2.3680573,0.038757324,-0.63790894,,,,,,-0.28809112,0.0051887035,0.45985746,0.0,0.0,0.0,0.0
,,0.6466649,6.956348,-6.5003357,1685546424851,,1.251709,0.29122925,0.20684814,,,,,,-0.09932046,0.46463975,0.047164306,0.0,0.0,0.0,0.0
,,0.8034449,7.0298896,-6.4222455,1685546425105,,2.6749115,-1.4291687,0.51789856,,,,,,0.059648335,0.5008165,0.13496423,0.0,0.0,0.0,0.0
,,0.3877716,5.786741,-6.924867,1685546425355,,-0.8969269,0.95062256,0.1482544,,,,,,-0.16425225,0.22352949,0.4019381,0.0,0.0,0.0,0.0
,,0.0055770874,5.4112897,-7.114807,1685546425605,,-2.3925476,0.6651306,-0.971344,,,,,,-0.4699292,0.10953911,0.3654646,0.0,0.0,0.0,0.0
,,0.4354965,6.7829676,-6.530302,1685546425858,,1.1100311,0.42332458,0.3804779,,,,,,-0.15792777,0.489236,0.1652578,0.0,0.0,0.0,0.0
,,0.5976242,7.0981646,-6.355724,1685546426111,,1.6692963,-0.23501587,0.07582092,,,,,,0.057987854,0.5223121,0.119924806,0.0,0.0,0.0,0.0
,,0.28063202,6.0397677,-6.7761855,1685546426363,,0.26101685,0.4520874,0.42095947,,,,,,-0.10025714,0.2955723,0.45855325,0.0,0.0,0.0,0.0
,,-0.04801178,5.2397857,-6.9980083,1685546426616,,-2.904953,1.3959045,-1.004364,,,,,,-0.3771511,-0.019466853,0.5631888,0.0,0.0,0.0,0.0
,,0.3131536,6.5818563,-6.5607476,1685546426867,,0.7510376,-0.93489075,0.31443787,,,,,,-0.29247192,0.4075709,0.23343973,0.0,0.0,0.0,0.0
52.43053804,13.18985614,0.4285136,6.321447,-6.553566,1685546427000,10.72,1.1515808,0.10054016,0.26863098,,,,,,-0.27056006,0.32174036,0.43495667,0.0,0.0,0.0,0.0
,,0.76932883,7.167877,-6.18434,1685546427119,,1.4690247,0.022781372,0.32720947,,,,,,0.052986156,0.463602,0.15524064,0.0,0.0,0.0,0.0
,,0.22847748,5.407061,-6.8595057,1685546427624,,-2.9614105,1.7261353,-1.0224762,,,,,,-0.42135873,0.04711086,0.59228045,0.0,0.0,0.0,0.0
,,0.5431549,6.404884,-6.41598,1685546427876,,0.1747284,-0.8017273,0.014022827,,,,,,-0.30485466,0.27613896,0.34352493,0.0,0.0,0.0,0.0
,,0.8429484,7.284873,-6.2398067,1685546428129,,1.5201569,0.0036010742,0.30271912,,,,,,-0.05352858,0.50683093,-0.01683631,0.0,0.0,0.0,0.0
,,0.45293224,6.364182,-6.454566,1685546428381,,1.1675568,-0.20625305,0.5434723,,,,,,-0.30356446,0.2401929,0.4115648,0.0,0.0,0.0,0.0
,,0.07269287,5.430643,-6.8269434,1685546428634,,-3.3726044,1.8806,-1.0171509,,,,,,-0.5482194,0.027616024,0.6020224,0.0,0.0,0.0,0.0
,,0.29874521,6.272605,-6.5169344,1685546428887,,0.38885498,-0.66963196,0.28886414,,,,,,-0.4149895,0.19901405,0.29625958,0.0,0.0,0.0,0.0
,,0.5700882,7.2106123,-6.322086,1685546429139,,1.5627747,0.03236389,0.29525757,,,,,,-0.19552438,0.4495529,-0.03425277,0.0,0.0,0.0,0.0
,,0.2670227,6.279349,-6.6570745,1685546429390,,1.1739502,-0.33088684,0.43693542,,,,,,-0.3473631,0.23133959,0.2935917,0.0,0.0,0.0,0.0
,,-0.05850881,5.399679,-6.810862,1685546429654,,-3.1478271,1.1317291,-0.96495056,,,,,,-0.59904736,0.021757651,0.68527716,0.0,0.0,0.0,0.0
,,0.4494217,6.315382,-6.6723175,1685546429907,,0.91296387,-0.5045166,0.43693542,,,,,,-0.18002002,0.25855893,0.19755077,0.0,0.0,0.0,0.0
52.4306603,13.18966562,0.51833546,6.1327043,-6.6706433,1685546430000,16.08,0.03944397,0.74290466,0.27075195,,,,,,-0.0058475533,0.1949924,0.4063352,0.0,0.0,0.0,0.0
,,0.80839235,7.2410994,-6.2522955,1685546430158,,1.6373444,-0.14979553,0.30378723,,,,,,0.07404671,0.5319157,0.14002903,0.0,0.0,0.0,0.0
,,0.22145437,5.4040694,-6.856712,1685546430662,,-2.9326477,1.1381073,-1.0565643,,,,,,-0.21107507,0.062399704,0.6832306,0.0,0.0,0.0,0.0
,,0.591598,6.3933134,-6.610269,1685546430915,,1.3550415,0.12930298,0.49020386,,,,,,0.07189894,0.3021838,0.24143568,0.0,0.0,0.0,0.0
,,0.93939567,7.230486,-6.3123507,1685546431167,,2.4725037,-0.9253082,0.3794098,,,,,,0.31731668,0.5736686,0.1358417,0.0,0.0,0.0,0.0
,,0.4301885,5.940809,-6.624715,1685546431419,,-1.202652,0.92185974,0.030014038,,,,,,-0.07722411,0.16696551,0.5859496,0.0,0.0,0.0,0.0
,,0.056693014,5.5209055,-6.6944256,1685546431671,,-2.5033417,0.5245209,-0.7891846,,,,,,-0.44846267,0.116782986,0.8538309,0.0,0.0,0.0,0.0
,,0.38601533,6.6055984,-6.2180586,1685546431923,,0.98114014,0.53837585,0.24731445,,,,,,-0.2999469,0.35305247,0.55495566,0.0,0.0,0.0,0.0
,,0.72926384,7.3369465,-6.043841,1685546432176,,2.7388306,-1.7125397,0.48062134,,,,,,-0.06751495,0.6305145,0.43262956,0.0,0.0,0.0,0.0
,,0.2858973,6.0673413,-6.4073596,1685546432429,,-1.9185181,1.4704742,-0.04776001,,,,,,-0.3540766,0.3283274,0.86095375,0.0,0.0,0.0,0.0
,,0.13933258,5.7878976,-6.6308184,1685546432682,,-2.5214539,0.10374451,-0.56973267,,,,,,-0.5076751,0.32806733,0.84440905,0.0,0.0,0.0,0.0
,,0.5968252,6.9184804,-6.2412024,1685546432933,,1.2474518,1.036911,0.2984619,,,,,,-0.17498653,0.52397007,0.40156233,0.0,0.0,0.0,0.0
52.43080451,13.18940413,0.66198784,5.7251706,-6.7925873,1685546433000,13.936001,-2.3456879,1.1445007,-0.30767822,,,,,,0.07003834,0.19582161,0.5382169,0.0,0.0,0.0,0.0
,,1.0215968,7.2175164,-6.3552065,1685546433186,,3.0765076,-2.1546173,0.7011261,,,,,,0.23588897,0.6257531,0.13825467,0.0,0.0,0.0,0.0
,,0.43613485,5.593969,-6.830336,1685546433691,,-2.0665894,-0.72610474,-0.47705078,,,,,,-0.085616924,0.13903354,0.53146875,0.0,0.0,0.0,0.0
,,0.81581575,6.6669307,-6.404249,1685546433943,,1.5265503,-0.043258667,0.11842346,,,,,,0.15706368,0.22853737,0.18510796,0.0,0.0,0.0,0.0
,,0.8546819,6.746019,-6.309798,1685546434198,,3.1947632,-1.6123962,0.74160767,,,,,,0.2586901,0.29537806,0.31695992,0.0,0.0,0.0,0.0
,,0.45481008,5.4433737,-6.8142157,1685546434449,,-2.8058777,1.4683533,-0.7263336,,,,,,0.010178391,-0.01000185,0.6721344,0.0,0.0,0.0,0.0
,,0.2876546,5.588981,-6.8381176,1685546434702,,-1.0812073,-0.020889282,-0.2427063,,,,,,-0.12169435,0.015632343,0.4615564,0.0,0.0,0.0,0.0
,,0.62004906,7.0067077,-6.4091163,1685546434952,,1.647995,-0.56204224,0.061965942,,,,,,0.023028394,0.4390105,0.16248642,0.0,0.0,0.0,0.0
,,0.5281123,6.6523657,-6.5679317,1685546435206,,1.7534485,-0.6898804,0.5019226,,,,,,-0.030219622,0.4048085,0.30306488,0.0,0.0,0.0,0.0
,,0.19467977,5.640416,-6.8287396,1685546435459,,-3.306549,1.4278717,-0.99690247,,,,,,-0.31754917,0.23346455,0.73163134,0.0,0.0,0.0,0.0
,,0.23937073,6.1676583,-6.698216,1685546435710,,0.72654724,-0.9732361,0.07261658,,,,,,-0.25668958,0.34508595,0.41272274,0.0,0.0,0.0,0.0
,,0.58409625,7.3467236,-6.3095975,1685546435963,,2.299942,-0.16363525,0.2228241,,,,,,-0.092392415,0.70678747,0.18034421,0.0,0.0,0.0,0.0
52.43093824,13.18919026,-0.055355325,5.809326,-6.775869,1685546436000,7.504,-2.700409,0.24223328,-0.68478394,,,,,,-0.612105,0.360792,0.71222955,0.0,0.0,0.0,0.0
,,0.1243693,6.5285845,-6.5123467,1685546436216,,-0.99598694,0.8270569,0.16955566,,,,,,-0.40798888,0.56318384,0.50702137,0.0,0.0,0.0,0.0
,,0.17927602,6.617689,-6.496146,1685546436722,,1.5489197,0.67045593,0.254776,,,,,,-0.41139933,0.51679796,0.31708977,0.0,0.0,0.0,0.0
,,0.43713075,7.285073,-6.259399,1685546436976,,3.495163,-2.0949707,0.61164856,,,,,,-0.23513848,0.6911077,0.26283345,0.0,0.0,0.0,0.0
,,-0.01736908,5.821538,-6.743746,1685546437227,,-2.6407623,1.3256073,-0.28424072,,,,,,-0.48262307,0.23227717,0.5313126,0.0,0.0,0.0,0.0
,,-0.021120198,5.75865,-6.7912307,1685546437482,,-1.5648499,-0.78575134,-0.65815735,,,,,,-0.46647033,0.28362623,0.5784665,0.0,0.0,0.0,0.0
,,0.4727244,6.723593,-6.3659806,1685546437735,,1.6852722,0.27844238,0.17276001,,,,,,-0.07553863,0.39521506,0.30832988,0.0,0.0,0.0,0.0
,,0.4766749,6.834644,-6.5568786,1685546437987,,1.5947266,-1.2065277,0.5072479,,,,,,0.013440816,0.60165185,0.16297579,0.0,0.0,0.0,0.0
,,0.012559509,5.581279,-6.650172,1685546438238,,-3.305481,1.0475616,-1.0523071,,,,,,-0.36482564,0.17398575,0.7868936,0.0,0.0,0.0,0.0
,,0.14272512,6.0254035,-6.728982,1685546438490,,1.0482483,-0.14019775,0.14399719,,,,,,-0.18005018,0.32108578,0.33118552,0.0,0.0,0.0,0.0
,,0.66230774,7.3298044,-6.2948737,1685546438741,,3.0349731,-1.3311615,0.5509186,,,,,,0.087294765,0.7678786,0.21500467,0.0,0.0,0.0,0.0
,,0.31770223,6.2068033,-6.554206,1685546438994,,-2.2082672,1.9040375,-0.02432251,,,,,,-0.055990294,0.33453476,0.44193122,0.0,0.0,0.0,0.0
,,0.17229462,5.8141937,-6.7022476,1685546439247,,-2.6322327,-0.35112,-0.5292511,,,,,,-0.22270206,0.34999162,0.68507653,0.0,0.0,0.0,0.0
,,0.75352734,7.1343565,-6.3763156,1685546439750,,2.9476166,-1.7519531,0.604187,,,,,,0.2019509,0.68279654,0.24968573,0.0,0.0,0.0,0.0
52.4311019,13.18887454,0.36227468,6.466215,-6.3412013,1685546440000,5.36,1.4083099,0.84835815,0.29632568,,,,,,-0.053712174,0.34491444,0.46631402,0.0,0.0,0.0,0.0
,,0.35114136,5.7862616,-6.541436,1685546440001,,-3.083908,0.99217224,-0.8978424,,,,,,-0.1629704,0.20490421,0.7964086,0.0,0.0,0.0,0.0
,,0.25429586,6.0242057,-6.485292,1685546440255,,0.76382446,-0.91677856,0.29418945,,,,,,-0.21684057,0.32741588,0.6610683,0.0,0.0,0.0,0.0
,,0.69650525,7.152753,-6.148747,1685546440506,,2.63443,-0.53222656,0.56477356,,,,,,-0.020746252,0.62077326,0.4028406,0.0,0.0,0.0,0.0
,,0.46941477,6.491275,-6.364225,1685546440760,,-1.713974,1.2201385,0.054504395,,,,,,-0.105474964,0.42286125,0.49798658,0.0,0.0,0.0,0.0
,,0.38501942,5.8246493,-6.5066004,1685546441011,,-3.0860443,-0.6217041,-0.38545227,,,,,,-0.21336994,0.2369495,0.8433768,0.0,0.0,0.0,0.0
,,0.36047822,6.4264727,-6.391639,1685546441264,,1.7843475,0.0025482178,0.46995544,,,,,,-0.08856891,0.39749208,0.48195246,0.0,0.0,0.0,0.0
,,0.6123077,7.2143245,-6.2948327,1685546441516,,2.318039,-1.5314331,0.41563416,,,,,,0.116113424,0.8224521,0.3998393,0.0,0.0,0.0,0.0
,,0.3054906,5.7739325,-6.5554013,1685546441769,,-3.352356,1.2627563,-0.5431061,,,,,,-0.0949348,0.19919872,0.7993672,0.0,0.0,0.0,0.0
,,0.20269927,6.2571626,-6.599335,1685546442021,,0.71588135,0.90802,-0.03390503,,,,,,-0.054418612,0.5934236,0.58299315,0.0,0.0,0.0,0.0
,,0.4748805,7.095651,-6.343354,1685546442273,,2.8517456,-0.91145325,0.66278076,,,,,,0.029318094,0.6179579,0.33162606,0.0,0.0,0.0,0.0
,,0.073131815,5.9162264,-6.5453057,1685546442775,,-2.728119,-0.5290222,-0.40994263,,,,,,-0.36506766,0.27715963,0.8435965,0.0,0.0,0.0,0.0
52.43123761,13.18862099,0.17169341,6.3606305,-6.441557,1685546443000,4.288,-2.2817688,1.243576,0.101379395,,,,,,-0.15270543,0.32394823,0.51346606,0.0,0.0,0.0,0.0
,,0.19156647,6.4108677,-6.3469462,1685546443029,,1.3273468,-0.38734436,0.1290741,,,,,,-0.2704628,0.18221268,0.48013029,0.0,0.0,0.0,0.0
,,0.3994634,7.0377493,-6.4817805,1685546443283,,1.6181641,-0.8166504,0.4869995,,,,,,-0.17507672,0.5187936,0.22048391,0.0,0.0,0.0,0.0
,,0.15641277,5.7512646,-6.5787053,1685546443536,,-3.4141388,0.5543518,-0.9958496,,,,,,-0.47659934,-0.10412644,0.752489,0.0,0.0,0.0,0.0
,,0.4152252,6.1921167,-6.5833344,1685546443788,,1.5457306,0.19642639,0.37301636,,,,,,-0.08330175,0.24877183,0.5034015,0.0,0.0,0.0,0.0
,,0.73987985,7.2815995,-6.2016177,1685546444039,,3.0413666,-2.3932343,0.6830139,,,,,,0.07212038,0.6925938,0.46846354,0.0,0.0,0.0,0.0
,,0.46067607,6.2945104,-6.2559657,1685546444291,,-2.7387695,0.89204407,-0.2778473,,,,,,-0.09711513,0.14706343,0.70099175,0.0,0.0,0.0,0.0
,,0.23222809,6.158999,-6.2333803,1685546444544,,-1.8205109,0.4243927,0.18234253,,,,,,-0.32294974,0.24350433,0.9273344,0.0,0.0,0.0,0.0
,,0.28789318,6.8360796,-5.9469934,1685546444796,,2.239212,-0.08267212,-0.08078003,,,,,,-0.29052815,0.38385758,0.70125777,0.0,0.0,0.0,0.0
,,0.22851562,6.9383917,-6.051301,1685546445047,,0.14064026,0.431839,0.27075195,,,,,,-0.29018477,0.556989,0.6486332,0.0,0.0,0.0,0.0
,,-0.2091039,6.0555296,-6.160677,1685546445301,,-3.4013672,-0.6504669,-0.69117737,,,,,,-0.75538474,0.28820956,1.1188557,0.0,0.0,0.0,0.0
,,0.19196472,7.299676,-6.289526,1685546445805,,3.416336,-2.0140076,0.7107086,,,,,,-0.37823856,0.7510445,0.32429028,0.0,0.0,0.0,0.0
52.43136139,13.18834755,-0.22442678,6.377989,-6.34946,1685546446000,4.288,1.6224213,0.6470337,0.15890503,,,,,,-0.6840783,0.32558164,0.56905615,0.0,0.0,0.0,0.0
,,-0.012340291,6.1034536,-6.6834126,1685546446058,,-3.080719,1.2584839,-0.77853394,,,,,,-0.4219059,0.3474304,0.45540598,0.0,0.0,0.0,0.0
,,-0.029658508,5.9610796,-6.5338144,1685546446313,,-1.0417938,0.53730774,0.11628723,,,,,,-0.36481217,0.32989362,0.7322482,0.0,0.0,0.0,0.0
,,0.18175049,6.8697987,-6.4182944,1685546446565,,2.1465302,0.111206055,0.12800598,,,,,,-0.24555321,0.5421034,0.27740708,0.0,0.0,0.0,0.0
,,0.45297343,6.6915903,-6.689875,1685546446816,,0.45063782,0.02810669,0.6404114,,,,,,0.047150526,0.48343098,0.050541367,0.0,0.0,0.0,0.0
,,0.38908795,5.804378,-6.827382,1685546447068,,-3.257553,0.46487427,-0.90849304,,,,,,-0.08104035,0.23287207,0.5071103,0.0,0.0,0.0,0.0
,,0.45034027,6.28713,-6.6156545,1685546447322,,1.5862122,0.3572693,0.30804443,,,,,,-2.6046732E-4,0.30105025,0.23644298,0.0,0.0,0.0,0.0
,,0.94853413,7.3629236,-6.476511,1685546447576,,3.0892944,-1.5101318,0.49871826,,,,,,0.29827964,0.7160272,0.030935986,0.0,0.0,0.0,0.0
,,0.64714456,6.066223,-6.6943436,1685546447829,,-2.8697968,1.4619598,-0.66560364,,,,,,0.1462162,0.22704324,0.39434347,0.0,0.0,0.0,0.0
,,0.63549244,5.959083,-6.67503,1685546448082,,-1.4316864,-0.22329712,-0.25335693,,,,,,0.13725433,0.26505956,0.53637683,0.0,0.0,0.0,0.0
,,0.6516535,6.8147306,-6.2659817,1685546448332,,1.9760895,-0.09120178,0.20578003,,,,,,0.06711675,0.42230982,0.37899366,0.0,0.0,0.0,0.0
,,0.3681,5.8103633,-6.494388,1685546448842,,-3.1201324,0.81959534,-0.68904114,,,,,,-0.11520258,0.21242277,0.86087775,0.0,0.0,0.0,0.0
52.43150195,13.18810726,0.7032089,6.7812123,-6.2661014,1685546449000,4.288,1.632019,-1.003067,0.7021942,,,,,,0.17539243,0.45875067,0.43084636,0.0,0.0,0.0,0.0
,,0.25908458,6.307399,-6.47739,1685546449095,,1.7353516,0.31253052,0.27075195,,,,,,-0.17225942,0.3857637,0.47904587,0.0,0.0,0.0,0.0
,,0.7167348,7.4696646,-6.3475847,1685546449346,,3.321518,-1.9074707,0.7714386,,,,,,0.056186978,0.8288999,0.1670464,0.0,0.0,0.0,0.0
,,0.40085956,6.22863,-6.5777874,1685546449599,,-2.5289154,1.4459686,-0.20967102,,,,,,-0.0561656,0.3568547,0.47314125,0.0,0.0,0.0,0.0
,,0.2692983,6.1217294,-6.637443,1685546449852,,-1.6852264,-0.40864563,-0.56547546,,,,,,-0.17210613,0.5084774,0.6720435,0.0,0.0,0.0,0.0
,,0.34874573,6.9328456,-6.3833385,1685546450106,,1.7076416,0.652359,0.21643066,,,,,,-0.13242872,0.64543563,0.32617283,0.0,0.0,0.0,0.0
,,0.40844116,6.9866357,-6.3738017,1685546450372,,1.5297546,-0.84114075,0.69792175,,,,,,-0.06469243,0.70132583,0.35777348,0.0,0.0,0.0,0.0
,,0.123849995,5.673337,-6.4929123,1685546450623,,-3.2809906,0.62571716,-0.8317871,,,,,,-0.27862406,0.15313359,0.9126009,0.0,0.0,0.0,0.0
,,0.08215129,6.008046,-6.497382,1685546450875,,1.6905975,0.16766357,0.31762695,,,,,,-0.2210221,0.24337572,0.59887695,0.0,0.0,0.0,0.0
,,0.5532903,7.0619335,-6.164508,1685546451128,,2.7984772,-2.866211,0.524292,,,,,,-0.016215798,0.6136624,0.55119056,0.0,0.0,0.0,0.0
,,0.32723746,5.940688,-6.517453,1685546451380,,-3.001892,1.5769958,-0.4983673,,,,,,-0.12115936,0.13128884,0.66095746,0.0,0.0,0.0,0.0
,,0.6988978,6.543068,-6.39866,1685546451885,,2.2104492,-0.5098572,0.17381287,,,,,,0.064673275,0.33994773,0.4638434,0.0,0.0,0.0,0.0
52.43162382,13.18785924,0.39826557,5.858207,-6.6670904,1685546452000,4.288,-1.4135742,0.15913391,-0.3726654,,,,,,-0.08215448,0.2772991,0.7564613,0.0,0.0,0.0,0.0
,,0.805041,6.874665,-6.526711,1685546452138,,0.77233887,0.11439514,0.59033203,,,,,,0.14818566,0.65988624,0.34703055,0.0,0.0,0.0,0.0
,,0.5449911,5.7649918,-6.7091093,1685546452390,,-3.2287903,0.6012268,-0.99690247,,,,,,-0.11704882,0.26231107,0.7784621,0.0,0.0,0.0,0.0
,,0.6233617,6.183339,-6.7498107,1685546452644,,1.5137634,0.2603302,0.30697632,,,,,,0.042577576,0.39057952,0.3632394,0.0,0.0,0.0,0.0
,,1.0747885,7.226214,-6.486967,1685546452896,,3.1084747,-1.9341125,0.7607727,,,,,,0.28084192,0.78769225,0.20822114,0.0,0.0,0.0,0.0
,,0.67447764,5.992243,-6.7202425,1685546453150,,-2.894287,1.5013733,-0.668808,,,,,,0.02305055,0.27259842,0.46276808,0.0,0.0,0.0,0.0
,,0.4523351,5.86551,-6.927621,1685546453403,,-1.5158386,0.23796082,-0.25654602,,,,,,-0.16023983,0.3227418,0.43509647,0.0,0.0,0.0,0.0
,,0.65703887,6.7289395,-6.6117854,1685546453653,,1.614975,0.24649048,0.15357971,,,,,,-0.071027845,0.47397462,0.13535662,0.0,0.0,0.0,0.0
,,0.7525279,6.89418,-6.727265,1685546453905,,1.2549133,-0.30851746,0.4593048,,,,,,0.009190587,0.58552283,0.004213349,0.0,0.0,0.0,0.0
,,0.39439443,5.7013483,-6.7813344,1685546454159,,-3.2469025,1.03479,-0.9266052,,,,,,-0.31537673,0.13679437,0.5920798,0.0,0.0,0.0,0.0
,,0.33138734,6.000464,-6.649015,1685546454411,,1.202713,0.52238464,0.2824707,,,,,,-0.2761618,0.16659041,0.38839093,0.0,0.0,0.0,0.0
,,0.58381706,6.541393,-6.7293797,1685546454914,,0.8479767,-0.47042847,0.28993225,,,,,,-0.11621301,0.47745892,0.25645533,0.0,0.0,0.0,0.0
52.43175512,13.18763044,0.721403,7.2310433,-6.486009,1685546455000,4.288,1.9558563,-0.9796295,0.34213257,,,,,,-0.076132245,0.6183021,0.047877025,0.0,0.0,0.0,0.0
,,0.3474701,5.173346,-7.2511168,1685546455166,,-1.9312897,0.6555481,-0.3577423,,,,,,-0.21243572,0.0153015535,0.45139745,0.0,0.0,0.0,0.0
,,0.37512258,5.670023,-7.1016393,1685546455419,,-1.8748322,-0.052856445,0.05557251,,,,,,-0.18850937,0.14512691,0.33916658,0.0,0.0,0.0,0.0
,,0.55923665,6.695779,-6.8828487,1685546455671,,1.091919,0.69070435,0.1056366,,,,,,-0.014623547,0.4221261,-0.13521715,0.0,0.0,0.0,0.0
,,0.46422628,6.3998957,-6.9931417,1685546455923,,1.7555847,-0.95407104,0.36236572,,,,,,-0.18847074,0.33740386,0.042273633,0.0,0.0,0.0,0.0
,,0.1779597,5.5355487,-7.290781,1685546456178,,0.33345032,0.048355103,0.23986816,,,,,,-0.3171139,0.11239236,0.21671216,0.0,0.0,0.0,0.0
,,0.22839762,5.2964883,-7.3644423,1685546456432,,-1.8524628,0.40202332,-0.5292511,,,,,,-0.2112824,0.017191084,0.21164688,0.0,0.0,0.0,0.0
,,0.25497234,6.1568847,-6.986358,1685546456683,,-1.7832184,-0.36390686,0.050247192,,,,,,-0.20051408,0.2797702,0.22437592,0.0,0.0,0.0,0.0
,,0.2501053,6.527587,-6.698694,1685546456934,,1.0802002,0.511734,-0.07652283,,,,,,-0.15426104,0.3378206,0.12792571,0.0,0.0,0.0,0.0
,,0.30106252,6.359474,-6.8940616,1685546457185,,1.7374725,-0.45552063,0.1951294,,,,,,-0.14918895,0.36230817,0.23814216,0.0,0.0,0.0,0.0
,,0.18426564,5.6045423,-7.203073,1685546457439,,1.106842,-0.21051025,0.33041382,,,,,,-0.1161684,0.106672846,0.31376326,0.0,0.0,0.0,0.0
,,0.20712993,6.1536527,-7.0311294,1685546457940,,-2.0729675,-0.22116089,-0.18411255,,,,,,-0.093796216,0.27785206,0.21266918,0.0,0.0,0.0,0.0
52.43187918,13.18739242,0.1544581,5.4806824,-7.2011576,1685546458000,4.288,-1.8023987,0.48617554,-0.40249634,,,,,,-0.09022682,0.13987687,0.37110034,0.0,0.0,0.0,0.0
,,0.24926859,6.534171,-6.735804,1685546458194,,0.85757446,0.511734,0.13972473,,,,,,-0.066430084,0.3062534,0.09929967,0.0,0.0,0.0,0.0
,,0.35166016,6.323122,-6.893942,1685546458446,,1.491394,-0.61424255,-0.07759094,,,,,,-0.08379699,0.23795427,0.17026374,0.0,0.0,0.0,0.0
,,0.21495107,5.707373,-7.1484456,1685546458702,,1.4370728,-0.7559204,0.2973938,,,,,,-0.18024231,0.10248803,0.3004292,0.0,0.0,0.0,0.0
,,0.14128876,5.3828387,-7.217479,1685546458954,,-1.7565918,0.41374207,-0.3449707,,,,,,-0.18583658,0.06884771,0.33694774,0.0,0.0,0.0,0.0
,,0.25413513,6.090605,-7.062096,1685546459210,,-2.2018738,-0.7175751,-0.018997192,,,,,,-0.10221882,0.2348285,0.21726106,0.0,0.0,0.0,0.0
,,0.3246043,6.3760333,-6.741832,1685546459462,,0.67007446,0.09095764,0.07154846,,,,,,0.19657454,0.2635853,0.11493012,0.0,0.0,0.0,0.0
,,0.4470281,6.1983438,-6.94494,1685546459712,,1.7214966,0.22944641,0.22175598,,,,,,0.2743458,0.24202208,0.14550608,0.0,0.0,0.0,0.0
,,0.33893025,5.717269,-7.14721,1685546459964,,1.3529205,-0.56736755,0.49446106,,,,,,0.25266418,0.3109652,0.43318242,0.0,0.0,0.0,0.0
,,0.24655406,5.239067,-7.297645,1685546460217,,-1.2133026,0.12397766,-0.11167908,,,,,,0.29120427,0.18723646,0.43272597,0.0,0.0,0.0,0.0
,,0.31594646,5.828719,-7.1357565,1685546460471,,-2.2785645,-0.31703186,-0.34283447,,,,,,0.26934147,0.32191715,0.37160853,0.0,0.0,0.0,0.0
,,0.4824239,6.2245197,-6.8657694,1685546460974,,1.4242859,1.132782,0.15890503,,,,,,0.12936546,0.24059428,0.28925782,0.0,0.0,0.0,0.0
52.4319915,13.18715807,0.3916036,6.126916,-6.7828507,1685546461000,5.36,0.031982422,0.13357544,0.13439941,,,,,,0.31585428,0.21679741,0.2763802,0.0,0.0,0.0,0.0
,,0.39052582,5.8888927,-7.0458536,1685546461225,,2.0581207,-1.2480774,0.4177704,,,,,,0.007067595,0.27387288,0.4378436,0.0,0.0,0.0,0.0
,,0.18989106,5.3450494,-7.2752585,1685546461476,,-1.1035919,0.63957214,-0.29489136,,,,,,-0.059016284,0.09357418,0.3402688,0.0,0.0,0.0,0.0
,,0.20501505,5.8202586,-7.22091,1685546461726,,-2.206131,0.11546326,-0.39822388,,,,,,-0.14841036,0.23764251,0.28043523,0.0,0.0,0.0,0.0
,,0.13614248,6.4304605,-6.8037205,1685546461977,,-0.8745575,-0.18600464,0.06729126,,,,,,-0.22347838,0.3970594,0.28799197,0.0,0.0,0.0,0.0
,,0.0989919,6.588319,-6.7328124,1685546462227,,0.93000793,1.0422363,0.14399719,,,,,,-0.31151244,0.52049613,0.32037836,0.0,0.0,0.0,0.0
,,-0.009744262,6.3004155,-6.8656907,1685546462479,,1.9963379,-1.0201111,0.4689026,,,,,,-0.46103123,0.47342494,0.4605715,0.0,0.0,0.0,0.0
,,-0.25040132,5.8483105,-6.968681,1685546462729,,0.050094604,0.3114624,-0.0115356445,,,,,,-0.560381,0.3763623,0.5549185,0.0,0.0,0.0,0.0
,,-0.20606843,6.09643,-7.0442977,1685546462979,,-1.7832184,0.7759247,-0.4781189,,,,,,-0.59886247,0.3821572,0.36545503,0.0,0.0,0.0,0.0
,,-0.19912568,6.6897135,-6.7483354,1685546463232,,-1.3390045,-0.18707275,0.009765625,,,,,,-0.6018809,0.5524229,0.32345116,0.0,0.0,0.0,0.0
,,-0.11931966,6.79043,-6.6295424,1685546463484,,0.33345032,-0.0059814453,-0.03390503,,,,,,-0.50970197,0.52390015,0.26505843,0.0,0.0,0.0,0.0
,,-0.22115275,6.9148097,-6.501612,1685546463988,,1.3113708,-0.48002625,0.22494507,,,,,,-0.5867245,0.5791769,0.36117002,0.0,0.0,0.0,0.0
52.43210427,13.18701442,-0.23667501,6.6599865,-6.502809,1685546464000,7.504,0.5763397,0.19535828,0.14292908,,,,,,-0.6301584,0.41939452,0.44049975,0.0,0.0,0.0,0.0
,,-0.091068015,7.197725,-6.4982605,1685546464240,,1.0983124,-0.61531067,0.2505188,,,,,,-0.47887102,0.56709224,0.23545347,0.0,0.0,0.0,0.0
,,-0.2334437,7.200837,-6.3062453,1685546464493,,0.13105774,0.14208984,0.037460327,,,,,,-0.45206383,0.66775906,0.4725727,0.0,0.0,0.0,0.0
,,-0.30187836,6.5482173,-6.6146183,1685546464744,,-1.4529877,0.15274048,0.08859253,,,,,,-0.32783705,0.53861505,0.5329589,0.0,0.0,0.0,0.0
,,-0.32609913,6.1944337,-7.0015616,1685546464994,,-1.4221039,-0.10610962,0.31976318,,,,,,-0.2243237,0.5123433,0.55250716,0.0,0.0,0.0,0.0
,,-0.31181437,6.257601,-7.0086246,1685546465245,,-0.581604,0.14315796,0.068359375,,,,,,-0.07331754,0.52764857,0.4551985,0.0,0.0,0.0,0.0
,,-0.42490083,6.392035,-6.4823394,1685546465495,,0.15768433,0.015319824,0.17062378,,,,,,-0.04220908,0.33581004,0.4629361,0.0,0.0,0.0,0.0
,,-0.42917022,7.0698333,-5.697999,1685546465746,,-0.232193,-0.06776428,0.019348145,,,,,,-0.062341087,0.3372709,0.4363049,0.0,0.0,0.0,0.0
,,-0.19996491,8.044313,-4.9930263,1685546466000,,0.3387909,-0.15405273,-0.09036255,,,,,,-0.013846587,0.3024946,0.19189592,0.0,0.0,0.0,0.0
,,-0.24102528,8.850161,-4.2783566,1685546466255,,0.46768188,-0.11463928,-0.14363098,,,,,,-0.15421297,0.26669702,0.12955864,0.0,0.0,0.0,0.0
,,-0.3646459,8.938906,-3.8966014,1685546466507,,-1.2804108,-0.7793579,-0.1809082,,,,,,-0.27926552,0.07256658,0.18630704,0.0,0.0,0.0,0.0
52.43215604,13.18690793,-0.6737773,8.9562235,-3.7315612,1685546467000,7.504,-0.2833252,-0.45765686,0.12374878,,,,,,-0.37683815,0.007179801,0.096422456,0.0,0.0,0.0,0.0
,,-1.0717733,9.112405,-3.40579,1685546467008,,-0.41223145,-0.45552063,-0.021118164,,,,,,-0.45570546,0.11400868,0.07640536,0.0,0.0,0.0,0.0
,,-1.3544886,9.117513,-2.9320576,1685546467259,,-0.59757996,0.5681915,-0.04562378,,,,,,-0.33521584,0.0544981,0.0060311416,0.0,0.0,0.0,0.0
,,-1.5703262,9.167991,-2.334464,1685546467511,,-0.3397827,0.11653137,-0.22033691,,,,,,-0.08989478,0.060816225,-0.07899752,0.0,0.0,0.0,0.0
,,-1.7594284,9.182038,-1.4848415,1685546467763,,-0.32380676,-0.39160156,-0.22245789,,,,,,0.19912998,-0.0018902778,-0.14865158,0.0,0.0,0.0,0.0
,,-2.084641,9.783541,-0.7685354,1685546468013,,-1.0055847,-1.2012024,-0.27998352,,,,,,0.3479625,0.52413076,-0.70717484,0.0,0.0,0.0,0.0
,,-2.223704,10.172719,-0.28390858,1685546468265,,3.9692078,0.46592712,0.29632568,,,,,,0.32581374,0.88095576,-0.8988158,0.0,0.0,0.0,0.0
,,-2.0648086,9.5756855,-0.7938731,1685546468516,,0.8213501,-0.89227295,-0.2427063,,,,,,0.37630722,0.54179937,-0.6784632,0.0,0.0,0.0,0.0
,,-2.248524,8.960936,-2.1759658,1685546468768,,-0.4825287,-0.3053131,-0.6922455,,,,,,0.30769253,0.5513785,-0.87748253,0.0,0.0,0.0,0.0
,,-2.498878,7.8817477,-3.2132146,1685546469021,,-1.6063843,1.1040192,0.25265503,,,,,,0.22987239,0.010746336,-0.72044814,0.0,0.0,0.0,0.0
,,-2.4064615,7.4628825,-4.208844,1685546469274,,-1.0545807,1.1104126,-0.30023193,,,,,,0.10745538,-0.23570539,-0.7256482,0.0,0.0,0.0,0.0
,,-2.18835,7.520224,-4.7902756,1685546469529,,-1.2580414,-0.63768005,0.6212311,,,,,,-0.014093066,-0.23138596,-0.3936858,0.0,0.0,0.0,0.0
52.43217287,13.18685855,-1.8325709,7.3806014,-5.0828466,1685546470000,8.576,0.3707428,-1.2512665,0.08859253,,,,,,0.2018645,-0.4301209,-0.53771496,0.0,0.0,0.0,0.0
,,-1.700651,7.4170327,-4.523282,1685546470033,,0.9843292,-1.6986847,-0.40994263,,,,,,0.3302647,-0.6670685,-0.7535023,0.0,0.0,0.0,0.0
,,-1.6511713,8.365495,-4.0181046,1685546470284,,2.4213715,-1.9809723,0.028945923,,,,,,0.2485039,-0.09495076,-0.67832756,0.0,0.0,0.0,0.0
,,-1.8105047,8.360746,-3.7966807,1685546470534,,-2.1656494,1.1828613,0.6681061,,,,,,0.15936767,-0.024617497,-0.41463813,0.0,0.0,0.0,0.0
,,-1.7448237,8.374792,-3.341064,1685546470787,,-1.6660461,-0.1199646,-0.25442505,,,,,,0.3215512,-0.0062645436,-0.02042756,0.0,0.0,0.0,0.0
,,-1.8285807,8.77602,-2.988918,1685546471038,,-0.86177063,-1.9213257,-0.3758545,,,,,,0.37293053,0.36893874,-0.09083427,0.0,0.0,0.0,0.0
,,-1.8277034,8.1744375,-2.7890828,1685546471290,,1.392334,-0.51623535,0.019348145,,,,,,0.50068855,-0.16892618,0.23639776,0.0,0.0,0.0,0.0
,,-2.2648437,8.606352,-3.4483664,1685546471545,,1.6490631,-0.9689789,0.1993866,,,,,,0.22209945,0.6488428,0.29938614,0.0,0.0,0.0,0.0
,,-2.1806474,7.582472,-3.5547485,1685546471797,,-0.53686523,0.80255127,-0.20541382,,,,,,0.3316882,0.012694502,0.6489649,0.0,0.0,0.0,0.0
,,-1.6858861,8.033259,-3.8564584,1685546472048,,-0.16828918,0.7088165,0.042785645,,,,,,0.3148802,0.34397882,0.40855485,0.0,0.0,0.0,0.0
,,-1.5271103,7.8978276,-4.7510524,1685546472301,,-0.91397095,0.029174805,-0.7028961,,,,,,0.15412131,0.35521603,-0.12998389,0.0,0.0,0.0,0.0
,,-1.5820577,7.300674,-5.2353196,1685546472553,,-0.41648865,0.7247925,-0.42591858,,,,,,-0.19938913,-0.11084878,0.12419222,0.0,0.0,0.0,0.0
52.43222157,13.18659377,-1.3646642,7.3164763,-5.378133,1685546473000,6.432,-0.8969269,-0.16577148,-0.17878723,,,,,,-0.26820323,-0.02848358,0.5254407,0.0,0.0,0.0,0.0
,,-1.0214157,7.880032,-4.711467,1685546473056,,0.8170929,-1.4675293,-0.079711914,,,,,,-0.14924961,0.1315054,0.43894827,0.0,0.0,0.0,0.0
,,-0.7719396,8.170169,-4.0983524,1685546473307,,2.2967377,0.6832428,-0.0552063,,,,,,-0.0520898,-0.19596764,0.111661755,0.0,0.0,0.0,0.0
,,-0.91191965,8.763773,-3.883552,1685546473559,,1.0088348,-0.88801575,-0.39183044,,,,,,0.050558608,0.33067366,0.1777877,0.0,0.0,0.0,0.0
,,-1.2629502,8.189444,-3.1494894,1685546473810,,-3.099884,2.8255005,-0.4472351,,,,,,0.07401564,-0.091740325,0.93926966,0.0,0.0,0.0,0.0
,,-1.1872132,8.860378,-2.9497726,1685546474062,,-1.4188995,1.5269318,-0.45788574,,,,,,0.3478945,0.4713437,0.7376047,0.0,0.0,0.0,0.0
,,-1.2376907,8.712656,-3.0245118,1685546474313,,2.0538635,-0.3383484,0.254776,,,,,,0.5178088,0.16681595,0.09173429,0.0,0.0,0.0,0.0
,,-1.4895213,8.511342,-4.1026607,1685546474564,,2.7899628,-3.7727509,0.99087524,,,,,,0.47277483,0.30628777,-0.16972916,0.0,0.0,0.0,0.0
,,-1.7945826,7.5147557,-4.1270013,1685546474816,,-2.4468842,2.7786255,-0.40782166,,,,,,0.40385303,-0.14742912,0.6372597,0.0,0.0,0.0,0.0
,,-1.6677302,8.461702,-3.786386,1685546475067,,-1.7576599,-1.1074677,-0.053085327,,,,,,0.35461205,0.46566018,0.39466336,0.0,0.0,0.0,0.0
,,-1.3827001,9.210408,-3.5277324,1685546475319,,2.2285614,-0.6717682,-0.070129395,,,,,,0.44099477,0.7090501,-0.19133686,0.0,0.0,0.0,0.0
,,-1.6015706,8.213103,-4.162236,1685546475571,,-0.3770752,0.4606018,-0.2831726,,,,,,0.4247328,0.1378551,-0.16711566,0.0,0.0,0.0,0.0
52.43229513,13.18643871,-1.9688812,7.79332,-4.190807,1685546476000,6.432,-2.5075989,1.850769,-1.40065,,,,,,0.036081124,0.18934919,0.7595593,0.0,0.0,0.0,0.0
,,-1.5910757,8.215937,-3.711888,1685546476073,,1.5063171,-0.7687073,0.56370544,,,,,,0.34915292,0.35239342,0.62191,0.0,0.0,0.0,0.0
,,-1.3414001,9.836014,-3.9759684,1685546476324,,3.8573456,-2.9365234,1.5735779,,,,,,0.3707847,1.5612372,-0.10592375,0.0,0.0,0.0,0.0
,,-1.7623413,7.654857,-3.9738138,1685546476577,,-2.825058,2.2097778,0.6638336,,,,,,0.061085887,-0.15133709,0.65893865,0.0,0.0,0.0,0.0
,,-1.9429036,8.754395,-4.0806355,1685546476827,,-2.1518097,-0.24246216,0.38900757,,,,,,-0.27305064,1.010805,0.7440035,0.0,0.0,0.0,0.0
,,-1.5123062,8.52064,-3.0844476,1685546477078,,2.3681183,0.12504578,-0.29489136,,,,,,-0.18332748,0.27177384,0.8258981,0.0,0.0,0.0,0.0
,,-1.607077,9.220624,-3.6018345,1685546477329,,-1.1813507,2.1905975,-0.3961029,,,,,,-0.22990097,1.0723165,0.4368303,0.0,0.0,0.0,0.0
,,-1.690595,8.506994,-3.1706777,1685546477586,,-3.4216003,-2.2206573,0.056640625,,,,,,-0.46670213,0.48706368,1.302316,0.0,0.0,0.0,0.0
,,-1.5768707,8.222921,-2.8876429,1685546477837,,2.7292328,1.770874,-0.04776001,,,,,,-0.38051307,-0.0036804834,1.0441486,0.0,0.0,0.0,0.0
,,-1.5810201,9.410564,-3.3757813,1685546478088,,-0.19917297,0.81747437,-0.3066101,,,,,,-0.3619469,1.0241351,0.34786302,0.0,0.0,0.0,0.0
,,-1.5485393,8.341474,-3.049412,1685546478338,,-3.6676788,-2.468872,-0.84243774,,,,,,-0.18117212,0.19970849,1.0949967,0.0,0.0,0.0,0.0
,,-1.6321768,8.915165,-3.3313293,1685546478590,,3.0317688,3.1812897,0.64146423,,,,,,-0.28179282,0.76298165,0.848381,0.0,0.0,0.0,0.0
52.43237251,13.18630325,-1.4686921,8.546376,-2.8672135,1685546479000,6.432,-1.5531311,3.0758362,0.28779602,,,,,,-0.31921446,0.5898202,1.4408084,0.0,0.0,0.0,0.0
,,-0.7760096,8.287803,-3.6771724,1685546479092,,-1.0162354,-0.796402,-0.53671265,,,,,,-0.07547077,0.5749161,0.8344029,0.0,0.0,0.0,0.0
,,-0.27470398,8.337642,-4.113317,1685546479344,,2.9454803,-1.5452881,0.41349792,,,,,,-0.005924018,0.99810135,1.2393163,0.0,0.0,0.0,0.0
,,-0.14226532,6.9934974,-4.0561748,1685546479595,,-2.5896301,2.3695526,-0.07652283,,,,,,-0.178224,0.44802666,1.8487396,0.0,0.0,0.0,0.0
,,0.2829844,7.2709446,-5.1289763,1685546479846,,-1.4114532,0.4009552,-0.5058136,,,,,,-0.16811845,0.8563511,0.9526457,0.0,0.0,0.0,0.0
,,0.80647683,7.164084,-5.7919707,1685546480098,,2.4299011,0.64915466,0.36557007,,,,,,0.07728057,1.0740258,1.0412672,0.0,0.0,0.0,0.0
,,0.7514099,6.408115,-6.2576833,1685546480351,,-2.2018738,1.7229462,-0.15853882,,,,,,-0.12015338,0.709556,0.8226397,0.0,0.0,0.0,0.0
,,0.3928777,6.239364,-6.2733645,1685546480603,,-1.8769684,-0.51623535,-0.68052673,,,,,,-0.39476612,0.64324313,0.94460195,0.0,0.0,0.0,0.0
,,0.23134919,6.3559217,-6.342356,1685546480853,,2.379837,0.023849487,-0.1404419,,,,,,-0.5418506,0.6865692,0.78602475,0.0,0.0,0.0,0.0
,,0.58046365,6.6974554,-6.5289445,1685546481105,,-0.6295471,0.5128021,0.2505188,,,,,,-0.34725505,0.82269645,0.50688875,0.0,0.0,0.0,0.0
,,0.4829,6.1799893,-6.415419,1685546481358,,-3.0285187,-0.35539246,-0.36201477,,,,,,-0.44042632,0.558175,0.8421473,0.0,0.0,0.0,0.0
,,0.52731323,6.1308675,-6.267577,1685546481608,,1.6394653,-0.06990051,0.02468872,,,,,,-0.39065975,0.40775874,0.88412213,0.0,0.0,0.0,0.0
52.43242046,13.18622134,0.8903142,6.744542,-6.441197,1685546482000,6.432,1.3379974,-1.3631287,0.74372864,,,,,,-0.13703693,0.76937217,0.5808093,0.0,0.0,0.0,0.0
,,0.70033467,6.076759,-6.3313437,1685546482112,,-3.160614,0.11758423,-1.0032959,,,,,,-0.23960309,0.45569542,0.95287186,0.0,0.0,0.0,0.0
,,0.635851,6.2147045,-6.405884,1685546482363,,1.7055206,0.74502563,0.25265503,,,,,,-0.23576243,0.55120873,0.7484774,0.0,0.0,0.0,0.0
,,1.014534,6.8142924,-6.3586783,1685546482615,,3.5548096,-1.4195862,0.83322144,,,,,,0.071170695,0.7091875,0.55624574,0.0,0.0,0.0,0.0
,,0.7882823,6.0519385,-6.464422,1685546482867,,-3.5771332,1.5748749,-0.9212799,,,,,,-0.07181776,0.38038757,0.7103507,0.0,0.0,0.0,0.0
,,0.57068837,6.0724487,-6.491037,1685546483120,,0.06288147,-0.027282715,0.061965942,,,,,,-0.3381019,0.4883109,0.7211414,0.0,0.0,0.0,0.0
,,0.8187673,6.713376,-6.400935,1685546483371,,2.0698395,-0.86032104,0.61164856,,,,,,-0.12857223,0.57031476,0.3136605,0.0,0.0,0.0,0.0
,,0.6901586,6.386767,-6.5670924,1685546483626,,-2.078308,1.4917755,-0.3449707,,,,,,-0.12817581,0.5168564,0.31045496,0.0,0.0,0.0,0.0
,,0.5576798,5.6659927,-6.633851,1685546483877,,-2.1027985,-1.3237152,-0.56547546,,,,,,-0.3126325,0.1896352,0.6736908,0.0,0.0,0.0,0.0
,,0.52264506,6.200618,-6.4073195,1685546484128,,1.9675751,-1.0296936,0.124816895,,,,,,-0.28760624,0.3406178,0.48432484,0.0,0.0,0.0,0.0
,,0.765536,6.974145,-6.508116,1685546484379,,2.2008667,-1.0424805,0.61802673,,,,,,-0.06083893,0.7615114,0.29424915,0.0,0.0,0.0,0.0
,,0.4806661,5.480283,-6.5943074,1685546484630,,-4.05011,1.958374,-0.98306274,,,,,,-0.19414775,0.060199402,0.839526,0.0,0.0,0.0,0.0
52.4324729,13.18616323,0.4536916,5.827562,-6.647578,1685546485000,7.504,1.6629028,-0.52156067,0.39112854,,,,,,-0.20046778,0.32022914,0.69944394,0.0,0.0,0.0,0.0
,,0.90679425,7.0238643,-6.473679,1685546485132,,2.9124603,-0.2914734,0.56051636,,,,,,0.044580795,0.71408516,0.38325983,0.0,0.0,0.0,0.0
,,0.6693288,6.1674185,-6.6509695,1685546485385,,-2.2913513,1.5588989,-0.42912292,,,,,,-0.01660492,0.44338977,0.5786358,0.0,0.0,0.0,0.0
,,0.49997813,5.674213,-6.822554,1685546485645,,-2.2711182,-0.66537476,-0.38331604,,,,,,-0.26720154,0.3031112,0.719805,0.0,0.0,0.0,0.0
,,0.64985555,6.350894,-6.547301,1685546485897,,1.5286865,0.34449768,0.31762695,,,,,,-0.11584599,0.38289496,0.34874907,0.0,0.0,0.0,0.0
,,0.9461782,7.1752186,-6.5447073,1685546486148,,2.7761078,-2.132248,0.7575836,,,,,,0.10399716,0.8673021,0.17068917,0.0,0.0,0.0,0.0
,,0.4809845,5.5904174,-6.6982956,1685546486399,,-3.6303864,1.5525055,-0.8733368,,,,,,-0.25620782,0.15916349,0.7199421,0.0,0.0,0.0,0.0
,,0.55025685,5.831794,-6.6167326,1685546486651,,0.8298645,-0.6739044,0.33999634,,,,,,-0.14687958,0.2581084,0.5439198,0.0,0.0,0.0,0.0
,,0.94402415,7.067362,-6.223924,1685546486902,,1.9760895,0.1772461,0.6808777,,,,,,0.07019448,0.6190587,0.34603405,0.0,0.0,0.0,0.0
,,0.6405599,6.211833,-6.4107122,1685546487156,,-1.4870758,1.3415833,-0.21606445,,,,,,-0.083918676,0.3022955,0.5469425,0.0,0.0,0.0,0.0
,,0.53046674,5.4530706,-6.565377,1685546487408,,-2.9198608,0.43397522,-0.5388489,,,,,,-0.2926978,0.043542672,0.8398934,0.0,0.0,0.0,0.0
,,0.59255624,6.184419,-6.2953115,1685546487660,,1.2708893,0.43930054,0.22175598,,,,,,-0.2679264,0.20121248,0.55234665,0.0,0.0,0.0,0.0
52.4325417,13.18610626,1.0972946,7.144892,-6.290842,1685546488000,8.576,4.033127,-2.5029602,0.8811493,,,,,,0.05009363,0.6753835,0.30254257,0.0,0.0,0.0,0.0
,,0.60596466,5.583154,-6.606837,1685546488165,,-3.2277222,1.4523621,-0.5484314,,,,,,-0.31428,0.068650216,0.7324211,0.0,0.0,0.0,0.0
,,0.5931544,5.7169495,-6.6986146,1685546488416,,-0.7872009,-0.61105347,-0.270401,,,,,,-0.34848416,0.21287255,0.5971511,0.0,0.0,0.0,0.0
,,1.0561131,6.8489685,-6.3774323,1685546488670,,2.458664,-0.043258667,0.07582092,,,,,,0.033348724,0.51289266,0.2889784,0.0,0.0,0.0,0.0
,,0.8017695,6.682053,-6.4662976,1685546488922,,0.099105835,0.6757965,0.4689026,,,,,,-0.015287789,0.66471577,0.42043817,0.0,0.0,0.0,0.0
,,0.6401209,5.467993,-6.7945027,1685546489174,,-3.1030884,0.5021515,-1.1428528,,,,,,-0.11840066,0.17198817,0.73252434,0.0,0.0,0.0,0.0
,,0.55289155,6.0883303,-6.549456,1685546489426,,1.4818115,0.8291931,0.26542664,,,,,,-0.081207246,0.36443174,0.48802674,0.0,0.0,0.0,0.0
,,1.0066726,7.357696,-6.214827,1685546489677,,3.4227295,-1.4302368,0.859848,,,,,,0.25756148,0.893181,0.38371605,0.0,0.0,0.0,0.0
,,0.5610723,5.893163,-6.4971433,1685546489931,,-2.6173248,1.7740784,-0.36413574,,,,,,0.097404435,0.33144188,0.74644387,0.0,0.0,0.0,0.0
,,0.50205535,5.707772,-6.688599,1685546490182,,-1.901474,-1.2608643,-0.6272583,,,,,,-0.0024680973,0.4416671,0.7499489,0.0,0.0,0.0,0.0
,,0.85635734,6.5575128,-6.3123503,1685546490434,,1.9207001,-0.14552307,0.33041382,,,,,,0.25641426,0.5019578,0.48851523,0.0,0.0,0.0,0.0
,,0.74111634,6.9158053,-6.3894835,1685546490702,,1.6032562,-0.66004944,0.7767639,,,,,,0.24258755,0.8572318,0.4431534,0.0,0.0,0.0,0.0
52.43261605,13.18598861,0.50413054,5.424658,-6.50269,1685546491000,10.72,-3.4311829,1.1785889,-1.2951813,,,,,,0.021431733,0.17631355,0.99885464,0.0,0.0,0.0,0.0
,,0.39694977,5.877082,-6.5907965,1685546491207,,1.3284149,0.033432007,0.46783447,,,,,,-0.085260436,0.34848502,0.5600577,0.0,0.0,0.0,0.0
,,0.9076731,7.2132463,-6.4382067,1685546491458,,3.098877,-0.9998779,0.7533264,,,,,,0.12497648,0.8108842,0.15086974,0.0,0.0,0.0,0.0
,,0.48421833,6.0798707,-6.430665,1685546491710,,-2.1049347,1.4268036,-0.3289795,,,,,,-0.14734036,0.29663664,0.6191789,0.0,0.0,0.0,0.0
,,0.34798735,5.626449,-6.6048827,1685546491962,,-2.2423553,-0.9530029,-0.7721405,,,,,,-0.41475266,0.16371083,0.7544373,0.0,0.0,0.0,0.0
,,0.55420786,6.4505734,-6.1782355,1685546492222,,1.6075134,0.043029785,0.20578003,,,,,,-0.3541762,0.25238588,0.48616078,0.0,0.0,0.0,0.0
,,0.7030075,7.181403,-6.3345366,1685546492473,,2.952942,-1.0904236,0.42414856,,,,,,-0.31552896,0.6610924,0.15526477,0.0,0.0,0.0,0.0
,,0.39667,5.614638,-6.444869,1685546492725,,-3.7262726,1.5343933,-0.9766693,,,,,,-0.56010795,0.0625975,0.8041818,0.0,0.0,0.0,0.0
,,0.36897686,5.895238,-6.220133,1685546492976,,-0.064956665,-0.60040283,0.038528442,,,,,,-0.6155513,0.23341039,0.8263565,0.0,0.0,0.0,0.0
,,0.8658539,7.1811237,-6.032108,1685546493229,,1.8035278,-0.072021484,-0.09249878,,,,,,-0.36185673,0.5818188,0.29987606,0.0,0.0,0.0,0.0
,,0.70707905,6.80276,-6.2007003,1685546493483,,0.6817932,0.5905609,0.089660645,,,,,,-0.43205947,0.57213587,0.4260303,0.0,0.0,0.0,0.0
,,0.52902985,5.574575,-6.5330553,1685546493735,,-3.08284,1.3309326,-1.2823944,,,,,,-0.6303715,0.083379,0.75572836,0.0,0.0,0.0,0.0
52.4327135,13.1858627,0.59870094,6.3698883,-6.2489033,1685546494000,10.72,1.3550415,-0.6259613,0.32615662,,,,,,-0.4941209,0.36100537,0.48712853,0.0,0.0,0.0,0.0
,,1.0197612,7.4569755,-5.9645925,1685546494236,,2.078354,-1.0893555,0.69259644,,,,,,-0.16231142,0.62815374,0.20907052,0.0,0.0,0.0,0.0
,,0.61039275,6.2125096,-6.455923,1685546494489,,-0.81170654,1.0539551,0.15464783,,,,,,-0.3432744,0.22315511,0.4305809,0.0,0.0,0.0,0.0
,,0.42336527,5.5107694,-6.6925106,1685546494743,,-2.6237183,0.31999207,-0.85842896,,,,,,-0.4799197,0.04954609,0.65803504,0.0,0.0,0.0,0.0
,,0.6587153,6.5632606,-6.4057646,1685546494996,,1.3465271,0.6033478,0.40177917,,,,,,-0.2523465,0.30590215,0.16964716,0.0,0.0,0.0,0.0
,,1.0699997,7.4878607,-6.1192193,1685546495247,,2.492752,-1.2374268,0.5509186,,,,,,0.13945238,0.694559,0.052818734,0.0,0.0,0.0,0.0
,,0.69606525,5.9387317,-6.537087,1685546495499,,-1.8023987,1.3948364,-0.0786438,,,,,,-0.053347543,0.15121658,0.47012046,0.0,0.0,0.0,0.0
,,0.46302947,5.625171,-6.763498,1685546495753,,-2.3946838,0.41906738,-0.62086487,,,,,,-0.2851944,0.16467145,0.503384,0.0,0.0,0.0,0.0
,,0.73936003,6.7800946,-6.214068,1685546496005,,1.265564,0.7780609,0.3059082,,,,,,-0.11929992,0.36981,0.22755308,0.0,0.0,0.0,0.0
,,0.97562814,7.4245734,-6.0075674,1685546496259,,3.416336,-1.5474243,0.81936646,,,,,,0.11812269,0.7002264,0.24338856,0.0,0.0,0.0,0.0
,,0.6319402,5.8170667,-6.5173326,1685546496510,,-1.8950806,1.0795288,-0.58465576,,,,,,-0.10236643,0.16337605,0.64688706,0.0,0.0,0.0,0.0
,,0.296433,5.557376,-6.757231,1685546496763,,-2.2253113,-0.50772095,-0.86161804,,,,,,-0.45710853,0.109029345,0.5801121,0.0,0.0,0.0,0.0
52.43280529,13.18567658,0.68213856,6.9617352,-6.2408023,1685546497000,9.648001,1.2101746,0.84303284,0.2590332,,,,,,-0.27182406,0.4944433,0.27004173,0.0,0.0,0.0,0.0
