100#1#2
key,lat,lon,ts,bike,childCheckBox,trailerCheckBox,pLoc,incident,i1,i2,i3,i4,i5,i6,i7,i8,i9,scary,desc,i10
,,,,1,0,0,0,-5,0,0,0,0,0,0,0,0,0,0,,0

=========================
100#1
lat,lon,X,Y,Z,timeStamp,acc,a,b,c,obsDistanceLeft1,obsDistanceLeft2,obsDistanceRight1,obsDistanceRight2,obsClosePassEvent,XL,YL,ZL,RX,RY,RZ,RC
52.52482426,13.40324834,-1.2315859,4.4630923,-7.4674406,1711231788000,6.882712,0.5844449,-0.33887723,-0.101632625,,,,,,-0.01687483,-0.35246983,0.15000415,0.6322966,0.7031368,0.14563768,0.22962187
,,-1.0827525,5.119205,-7.333045,1711231788576,,1.0047199,-0.114079,-0.41500625,,,,,,0.1508878,-0.14788763,0.01393652,0.6169483,0.7077723,0.16867746,0.24022664
,,-0.88502544,5.573921,-7.3282595,1711231788829,,1.4048363,-0.007177661,-0.6813433,,,,,,0.22572263,-0.17708388,-0.079820745,0.6062688,0.71253407,0.19276682,0.25173688
,,-0.8776874,5.5959344,-7.3072815,1711231789080,,-0.39293876,0.13515383,0.06696605,,,,,,0.27549514,-0.09764962,-0.01598646,0.5909917,0.7250866,0.19506638,0.24792169
,,-1.0963117,5.042874,-7.273383,1711231789330,,-2.4772093,0.22800528,0.34063348,,,,,,0.21557896,-0.1790348,0.22126122,0.57850194,0.74190974,0.17774509,0.23081787
,,-1.1133803,4.9653463,-7.692207,1711231789580,,-1.0813833,0.034361143,-0.006948587,,,,,,0.25784668,-0.09344687,0.04955759,0.5694993,0.75727963,0.17330804,0.21458143
,,-1.0910474,5.038247,-7.650253,1711231789834,,0.3675879,0.23044874,-0.28489205,,,,,,0.07780037,-0.050800674,-0.019997796,0.5580084,0.7637552,0.1853547,0.205267
,,-1.0642478,5.1349974,-7.5377107,1711231790085,,1.509905,-0.023060145,-0.6813433,,,,,,-0.096717015,-0.06711588,-0.056117225,0.53913766,0.772705,0.20342189,0.19760147
,,-1.0669597,5.34389,-7.507799,1711231790335,,1.7340924,0.19501857,-1.0368665,,,,,,-0.1839414,-0.022846412,-0.108035125,0.5146428,0.78627676,0.21831019,0.19346415
,,-1.163231,5.254319,-7.4371314,1711231790587,,-0.18890993,0.22495095,-0.008170316,,,,,,-0.2315657,0.020936847,0.0027265707,0.48417285,0.80264866,0.22168306,0.19305475
,,-1.346441,5.1852465,-7.5944204,1711231790840,,-2.592052,0.4650208,0.15248711,,,,,,-0.35741916,0.05259516,-0.0075101214,0.4513891,0.82056326,0.22428966,0.18904345
52.52491171,13.40322265,-1.3012172,5.0802813,-7.6150775,1711231791000,4.9751234,0.20876303,-0.05054906,-0.43821913,,,,,,-0.3878332,-0.0025054535,0.13943547,0.3847149,0.85896724,0.23588505,0.15788291
,,-1.3202797,5.08754,-7.5548587,1711231791092,,-1.0685552,0.11377356,0.037644543,,,,,,-0.43387085,-0.010569215,0.08103212,0.41817588,0.839144,0.23145464,0.17629439
,,-1.3001803,4.952186,-7.6835127,1711231791594,,1.6638429,-0.20631959,-0.6636282,,,,,,-0.29521152,0.023630237,0.20241752,0.34886402,0.8792662,0.23347908,0.14347997
,,-1.2809576,4.681079,-7.711988,1711231791846,,1.6155846,-0.016340632,-0.41806057,,,,,,-0.17023882,0.054117903,0.25316566,0.31362623,0.89568025,0.22367415,0.13671057
,,-1.3461223,4.6516476,-7.871031,1711231792097,,-1.3300053,0.34284785,0.37545276,,,,,,-0.16578798,0.010452793,0.15466326,0.28751266,0.904152,0.21885358,0.1366014
,,-1.145125,4.878407,-7.7957373,1711231792348,,-2.1772747,0.08628465,0.38644832,,,,,,0.08893946,0.060970444,0.1799015,0.2655347,0.9098441,0.2290122,0.13745841
,,-1.1216754,4.922595,-7.5843706,1711231792598,,-0.119271345,0.170584,0.049861837,,,,,,0.15626162,0.04494082,0.3221773,0.24931918,0.91228324,0.23660083,0.13799216
,,-1.0470194,4.9190855,-7.734719,1711231792848,,0.8990402,0.033139415,-0.20731224,,,,,,0.3082542,0.12540835,0.23683034,0.23989512,0.9173809,0.23224401,0.1378092
,,-1.0326625,4.694558,-7.8798037,1711231793098,,1.8324416,-0.105526894,-0.36491534,,,,,,0.38382128,0.101445414,0.2399585,0.23694846,0.92229766,0.22010738,0.13765892
,,-1.0751749,4.536154,-7.934839,1711231793351,,0.63209236,0.08384119,0.027870705,,,,,,0.3703522,0.17695923,0.2543747,0.238344,0.92372113,0.2070435,0.13628474
,,-0.93248296,4.5883164,-7.8333836,1711231793601,,-1.9060508,0.21090107,0.41699156,,,,,,0.45290002,0.20531562,0.297712,0.24270101,0.9225167,0.21198732,0.13685872
,,-0.89682996,4.9915075,-7.724989,1711231793853,,-2.1839943,-0.6235402,0.42920887,,,,,,0.3663837,0.25106797,0.20400424,0.24582574,0.917176,0.231091,0.13967724
52.52500364,13.40313166,-0.9151748,5.084748,-7.6431546,1711231794000,5.4498105,1.1525491,-0.41095927,0.049861837,,,,,,0.4416209,0.2875681,0.21840413,0.25305095,0.91311663,0.23279402,0.1445602
,,-0.92602235,5.206064,-7.575038,1711231794104,,1.158047,0.68309957,-0.09613484,,,,,,0.3750569,0.33631516,0.17316236,0.24859789,0.9114058,0.23986198,0.14448528
,,-0.92745787,4.9270616,-7.681519,1711231794604,,1.6174172,-0.0059559317,-0.26045746,,,,,,0.39278418,0.3544707,0.25863436,0.26000115,0.914683,0.22081156,0.14087924
,,-0.8813562,4.6291547,-7.7121487,1711231794855,,-0.3837758,-0.024281874,-0.0570395,,,,,,0.30038851,0.109558344,0.29783562,0.26397863,0.9148731,0.21701604,0.1327021
,,-0.8335798,4.8624554,-7.745328,1711231795108,,-2.3128867,-0.06276636,0.5623774,,,,,,0.23560588,0.05521067,0.26152372,0.26518407,0.9132517,0.23384286,0.13061522
,,-0.7800602,5.231189,-7.568816,1711231795359,,-0.81810063,-0.11285727,0.15554145,,,,,,0.22057301,0.14798722,0.19774632,0.26745203,0.90600204,0.2524572,0.1343269
,,-0.6918447,5.1160145,-7.574958,1711231795613,,0.7958041,-0.12751803,-0.3673588,,,,,,0.20322071,-0.0040533384,0.21355878,0.26750165,0.9067825,0.2533211,0.12839901
,,-0.67517465,4.9323254,-7.78784,1711231795863,,1.7340924,0.37949973,-0.39484772,,,,,,0.14772126,-0.024487559,0.13469101,0.26461244,0.9107416,0.24689344,0.12340296
,,-0.7160122,4.6313086,-7.8960757,1711231796113,,1.2179116,-0.09453133,-0.12484549,,,,,,0.14263321,-0.008297971,0.16851045,0.25634888,0.91591376,0.23191741,0.119366206
,,-0.739143,4.5927043,-7.8311505,1711231796364,,-1.4668391,-0.17455462,0.45425433,,,,,,0.18225361,0.049808852,0.20279917,0.2513339,0.9173029,0.22616683,0.120794006
,,-0.6032306,4.9829736,-7.701459,1711231796615,,-2.140012,-0.21609342,0.54405147,,,,,,0.31864402,0.11928425,0.112192646,0.25444394,0.9134229,0.23870006,0.12693621
,,-0.6131209,5.126303,-7.4895353,1711231796868,,0.063377224,-0.19960007,0.02481638,,,,,,0.2882433,0.12906143,0.18893477,0.2591611,0.90843135,0.2449675,0.13175142
52.52505927,13.4029931,-0.71170515,4.8429933,-7.7268224,1711231797000,8.107498,1.5618285,0.025809037,-0.45104727,,,,,,0.22741358,0.12183247,0.11329298,0.2725087,0.91012615,0.2288474,0.13315052
,,-0.6088138,5.020141,-7.615237,1711231797119,,1.0028872,-0.11346813,-0.17737986,,,,,,0.28485984,0.13429198,0.15188843,0.26459354,0.90943104,0.23863626,0.13333501
,,-0.7870792,4.6707106,-7.616913,1711231797620,,0.43783733,-0.013897174,-0.21708608,,,,,,0.10484047,0.072760485,0.2573449,0.27734128,0.90990806,0.2234855,0.1293434
,,-0.7864409,4.7364335,-7.6862254,1711231797871,,-2.2145376,-0.09453133,0.44325876,,,,,,0.034596443,-0.039211176,0.17166635,0.27954277,0.9087599,0.2340404,0.12881073
,,-0.81970114,5.051886,-7.6358967,1711231798122,,-1.6543745,-0.085979216,0.4237111,,,,,,-0.08142921,0.006563576,0.07801192,0.27945015,0.90386176,0.25185713,0.13021842
,,-0.7731208,5.0279584,-7.514659,1711231798373,,0.40668324,-0.12568542,-0.10835214,,,,,,-0.09705837,-0.026129182,0.15520406,0.27598715,0.90284437,0.25777575,0.12715863
,,-0.7697709,4.964868,-7.6917286,1711231798624,,1.582598,-0.13240494,-0.3117701,,,,,,-0.063836955,0.03242329,0.070395246,0.27244863,0.90675473,0.2532429,0.122680075
,,-0.7752744,4.8610196,-7.7826557,1711231798875,,1.7505858,-0.16172644,-0.44677123,,,,,,-0.024186647,0.11615003,0.08911937,0.26652238,0.9114265,0.24329968,0.1194658
,,-0.77272224,4.6644087,-7.8274007,1711231799126,,-0.6806561,-0.12568542,0.2325104,,,,,,0.02664714,-0.0075222673,0.044943698,0.26125714,0.91332734,0.2371059,0.11928611
,,-0.72821563,4.918925,-7.8083377,1711231799376,,-2.25852,-0.047494736,0.39316785,,,,,,0.112110965,0.059425235,0.01856319,0.2608711,0.9120549,0.24545428,0.12291877
,,-0.6763712,5.1418567,-7.6445904,1711231799626,,-0.8498656,0.03008509,0.16348268,,,,,,0.22652341,0.15150642,0.079925634,0.2607981,0.9087684,0.2530619,0.12683806
,,-0.6880163,5.0890555,-7.697471,1711231799878,,0.8623884,-0.14828743,-0.12667808,,,,,,0.31621274,0.114874534,0.08614176,0.2609193,0.909688,0.2501213,0.1293709
52.52510611,13.40281076,-0.8126822,4.9606404,-7.791429,1711231800000,12.471566,1.2673917,-0.084757484,-0.4174497,,,,,,0.40642616,0.19402984,0.104327135,0.26831958,0.9112547,0.23142092,0.1367941
,,-0.7153742,4.998606,-7.770053,1711231800128,,1.4451534,-0.15134175,-0.31665704,,,,,,0.39562613,0.07951976,0.07803753,0.26434076,0.91091704,0.24232759,0.13345803
,,-0.91948205,4.726622,-7.6710706,1711231800630,,-1.3147337,0.09911281,0.5293907,,,,,,0.41891047,0.057856,0.18812108,0.2746866,0.9091683,0.22469999,0.14245345
,,-1.030509,4.907679,-7.6417184,1711231800881,,-2.1143558,-0.013286309,0.5727621,,,,,,0.3795353,0.08724379,0.15189356,0.28506935,0.9036762,0.23208688,0.15007466
,,-1.129492,5.0869813,-7.516893,1711231801133,,-0.08261946,0.13637556,0.049861837,,,,,,0.22683091,0.111512266,0.1245056,0.2930237,0.89660114,0.2394884,0.1562284
,,-1.1791033,5.043592,-7.6320677,1711231801386,,1.0908518,-0.05665771,-0.16332997,,,,,,0.13518806,0.086871356,0.031326022,0.29888293,0.89485013,0.23876424,0.15639952
,,-1.2374883,4.897072,-7.6709905,1711231801637,,1.7695225,-0.29733843,-0.28855726,,,,,,0.09091297,0.059467476,0.09960796,0.30252162,0.89565533,0.2329578,0.15562676
,,-1.3006587,4.6111293,-7.645068,1711231801888,,0.47937614,0.27687445,-0.22197299,,,,,,0.015689973,-0.06784881,0.19528113,0.3051869,0.8962487,0.2256159,0.15183826
,,-1.2233703,4.8457856,-7.7961354,1711231802142,,-2.2004876,0.11682789,0.37911797,,,,,,-0.03315005,-0.021079285,0.059477646,0.3083897,0.8953457,0.23497471,0.1474161
,,-1.0796416,5.142814,-7.6569514,1711231802392,,-1.6030619,-0.4140136,0.044364054,,,,,,-0.0371688,-0.076543614,0.0016813756,0.30592495,0.8918683,0.2532134,0.1471557
,,-0.99653083,5.1479983,-7.5570126,1711231802644,,0.14584397,0.107054055,0.05780308,,,,,,0.027933048,-0.08265565,0.046078093,0.3024989,0.8912784,0.25780284,0.14639926
,,-0.95170534,5.0810795,-7.585647,1711231802896,,1.460425,-0.03405571,-0.32887432,,,,,,0.08748331,-0.058887657,0.076800756,0.3048808,0.8927782,0.25234732,0.1468494
52.52517444,13.40256979,-0.9990832,4.534159,-7.7146993,1711231803000,13.369829,-0.8590286,0.09850194,0.1494328,,,,,,0.033756267,-0.17577259,0.08988692,0.30538082,0.8977403,0.22799902,0.14149314
,,-1.0072986,4.914299,-7.7417393,1711231803148,,1.9839361,-0.06704241,-0.6617956,,,,,,0.05083015,0.010322404,0.04440012,0.30694568,0.89597744,0.23913322,0.1447281
,,-1.0129615,4.8311877,-7.686384,1711231803650,,-2.2994478,-0.016340632,0.30092725,,,,,,-0.0105374195,-0.16298819,0.038709227,0.30671415,0.89505506,0.24237898,0.14533132
,,-0.9790632,5.223532,-7.4918475,1711231803900,,-0.59635675,0.07895427,0.34063348,,,,,,0.010182705,0.013688794,0.008740949,0.3085858,0.8877218,0.25795528,0.15150948
,,-0.9303294,5.158846,-7.488898,1711231804151,,1.1977531,-0.27046037,-0.0051159924,,,,,,0.007733631,-0.030959368,0.038878713,0.31108782,0.8870831,0.258261,0.14964697
,,-0.9560124,4.9473205,-7.7149396,1711231804401,,1.6894993,-0.19715661,-0.56955504,,,,,,0.05694352,-0.04041265,0.01823872,0.31234363,0.8924684,0.24439372,0.14701882
,,-0.999801,4.518287,-7.718927,1711231804652,,0.8972076,0.025809037,-0.11323906,,,,,,0.02353652,-0.043992028,0.16292739,0.31166333,0.89662176,0.22510104,0.14171572
,,-1.010489,4.543731,-7.735916,1711231804902,,-2.271348,0.3336849,0.3730093,,,,,,-0.054550823,-0.10215359,0.13532723,0.31640396,0.8949693,0.22944538,0.14005303
,,-0.8847064,5.0094547,-7.6228943,1711231805153,,-1.7117958,-0.14828743,0.17508912,,,,,,0.0062723975,-0.04585341,0.027531449,0.32066992,0.8876711,0.25173026,0.14566435
,,-0.9100703,5.1290956,-7.4355364,1711231805404,,0.4091267,0.14859286,-0.0900262,,,,,,-0.070017144,-0.04216995,0.093478344,0.32351816,0.8823976,0.2599326,0.14829378
,,-0.8814361,5.038328,-7.6808014,1711231805655,,1.6656755,-0.09880738,-0.4907535,,,,,,-0.008584888,0.033726215,0.012259054,0.32657737,0.88601905,0.25018126,0.14621864
,,-0.9996416,4.680282,-7.886823,1711231805910,,1.8483241,-0.032223117,-0.39545858,,,,,,-0.031617273,0.07306608,0.0183925,0.3247019,0.89303434,0.22812429,0.14157873
52.52522442,13.40242727,-0.92426765,4.8288755,-7.776673,1711231806000,11.618309,-2.1027493,-0.28328854,0.2984838,,,,,,0.08211725,-0.022353474,0.010653543,0.32320738,0.89138097,0.23468195,0.14465265
,,-1.0447861,4.358606,-7.8679996,1711231806161,,-1.3116794,0.11682789,0.32536185,,,,,,-0.047369495,-0.032150134,0.07658717,0.32193184,0.89554405,0.21419506,0.13729768
,,-0.91565347,5.347799,-7.465287,1711231806663,,0.03649917,0.24877468,0.18119776,,,,,,0.09246188,0.18429855,0.020994408,0.32683188,0.88126755,0.253035,0.15459171
,,-0.8119646,5.3157353,-7.5716085,1711231806914,,1.3913972,-0.30100363,-0.051541716,,,,,,0.15828894,0.21251379,-0.010197226,0.33203408,0.88107085,0.249683,0.15326233
,,-0.8622138,4.925784,-7.7883987,1711231807165,,1.6656755,-0.40668324,-0.56100297,,,,,,0.161628,0.10695268,0.015431118,0.3375061,0.8858777,0.23109049,0.1500659
,,-0.9272985,4.4490542,-7.6981096,1711231807416,,-0.18952079,0.13698642,-0.006948587,,,,,,0.09088233,0.040189717,0.2163519,0.33999386,0.8883361,0.21042944,0.14349459
,,-0.8689934,4.6380076,-7.7674212,1711231807668,,-2.4906485,0.11255184,0.32352927,,,,,,0.10658278,-0.07802045,0.10338017,0.3457309,0.88505816,0.22315897,0.14547572
,,-0.85663056,5.241637,-7.5936236,1711231807918,,-1.160185,-0.20693044,0.532445,,,,,,0.10979597,0.11391611,0.012927834,0.3491401,0.8752913,0.24826552,0.15521176
,,-0.81028956,5.2259245,-7.539307,1711231808169,,0.6345358,-0.33093598,-0.058261227,,,,,,0.10324741,0.04204827,0.036686644,0.3513926,0.87232596,0.2522283,0.15628667
,,-0.80039936,4.9003415,-7.7239523,1711231808421,,1.7237077,-0.084757484,-0.42600182,,,,,,0.20658335,-0.026463652,0.096059464,0.35537168,0.8777179,0.23514266,0.15505491
,,-0.9515458,4.507201,-7.785288,1711231808671,,0.90514886,-0.040775225,-0.06314815,,,,,,0.16017212,0.05542604,0.23386456,0.35576016,0.8834051,0.20865543,0.14969587
,,-0.9086345,4.3543,-7.8294754,1711231808920,,-2.5682282,0.20418155,0.6747765,,,,,,0.15733774,-0.11783653,0.19825298,0.36108267,0.8816893,0.2081059,0.14787878
52.52525919,13.40226003,-0.7546165,5.3185267,-7.4301915,1711231809000,11.9500065,0.16844596,0.01970039,-0.0051159924,,,,,,0.002531602,-0.03430508,0.0023125252,0.37767583,0.8581644,0.25552234,0.16488808
,,-0.8651648,5.036254,-7.663173,1711231809172,,-2.0612104,0.04291325,0.7218131,,,,,,0.07576228,-0.047603503,0.053655308,0.36950576,0.8699827,0.23955986,0.15948121
,,-0.7364311,5.151349,-7.6867037,1711231809672,,1.8929173,-0.06520981,-0.69905835,,,,,,0.0024496228,-0.0014178912,-0.04094811,0.38399565,0.8609787,0.24519171,0.15952253
,,-0.9062418,4.692166,-7.940821,1711231809924,,1.6785038,-0.2234238,-0.36980227,,,,,,-0.13119599,0.04930937,-0.031758856,0.38130268,0.87033844,0.21869214,0.14820617
,,-0.9006585,4.2188654,-7.969294,1711231810174,,-2.2902849,0.22800528,0.5623774,,,,,,-0.17414469,-0.211018,-0.024708986,0.37686735,0.873901,0.2070323,0.14024734
,,-0.7847661,5.015994,-7.897749,1711231810423,,-1.8761184,-0.22281294,0.22579089,,,,,,-0.14188655,-0.14148349,-0.2220098,0.3763251,0.8668869,0.24153249,0.14998263
,,-0.65786666,5.48443,-7.5661044,1711231810675,,0.67668545,0.052076224,-0.13523018,,,,,,-0.086247906,0.015369356,-0.23802945,0.3727479,0.8577257,0.26523247,0.15647976
,,-0.67852473,5.198806,-7.735198,1711231810924,,1.9759948,-0.21670428,-0.58788097,,,,,,-0.05721344,-0.030993111,-0.161488,0.3692308,0.8654463,0.2550828,0.15091549
,,-0.82903326,4.626523,-8.0611,1711231811176,,1.7420336,-0.004734202,-0.48953176,,,,,,-0.063437134,-0.019711789,-0.13083124,0.36412016,0.87818074,0.22326869,0.14277445
,,-0.8276775,4.082714,-8.112945,1711231811426,,-2.0758712,0.0074830935,0.5629883,,,,,,-0.035001807,-0.26100552,-0.10619758,0.36123785,0.8821383,0.20386611,0.13636385
,,-0.77750784,4.8704314,-7.912107,1711231811677,,-2.0850341,-0.15683953,0.24350597,,,,,,-0.03542386,-0.1531247,-0.11302026,0.3643239,0.87456113,0.23685615,0.1478953
,,-0.73850495,5.375476,-7.5138617,1711231811927,,0.719446,0.19562945,-0.016111558,,,,,,-0.04139298,-0.004716873,-0.08716314,0.36198407,0.8636414,0.2641156,0.15768166
52.5253191,13.40210052,-0.834856,4.6619368,-8.0074215,1711231812000,12.428572,1.6082542,-0.051159926,-0.25923574,,,,,,0.16123249,0.09486758,0.03169538,0.35918376,0.8832855,0.21340509,0.1454552
,,-0.73387885,5.1972904,-7.678807,1711231812179,,1.7615813,-0.5074759,-0.34658942,,,,,,0.054184057,0.004737234,-0.0071674823,0.36068887,0.8707792,0.2515686,0.15367724
,,-0.87186474,4.0598226,-7.8983088,1711231812680,,-2.0465498,0.16752967,0.63690287,,,,,,0.17760369,-0.083623305,0.2412106,0.35894802,0.88679606,0.18873431,0.13869923
,,-0.86021984,4.8082175,-7.7533827,1711231812931,,-2.337932,-0.23014331,0.6155226,,,,,,0.1543668,0.014858333,0.16036338,0.3681437,0.8761571,0.22124304,0.15240271
,,-0.73140603,5.419823,-7.4110503,1711231813181,,0.44577858,0.2848157,-0.0045051277,,,,,,0.15829554,0.15811439,0.023913734,0.37607142,0.8585643,0.25262666,0.1658209
,,-0.7354738,5.293562,-7.523673,1711231813432,,2.2850924,-0.4231766,-0.6831759,,,,,,0.10952675,0.14833492,0.08129215,0.3834657,0.86048585,0.24305235,0.16139226
,,-0.81914276,4.603711,-8.1129465,1711231813682,,1.7658573,-0.2008218,-0.24335326,,,,,,0.016237633,0.15807725,-0.043523535,0.38616714,0.87075055,0.20573537,0.14977957
,,-0.92243296,3.9379478,-8.068678,1711231813935,,-2.428951,0.17119485,0.7462477,,,,,,-0.044324946,0.0041945456,0.11367941,0.3880675,0.8727547,0.18016598,0.14246485
,,-0.8536793,4.760202,-7.966744,1711231814186,,-1.9445353,-0.20326525,0.54221886,,,,,,-0.015768496,0.10578168,-0.05596318,0.3947623,0.86323553,0.21333578,0.15603894
,,-0.7312466,5.332406,-7.4883394,1711231814436,,0.7176134,0.24388777,-0.1749364,,,,,,0.02424517,0.16843721,-0.013948917,0.39631203,0.8488834,0.24303131,0.16993397
,,-0.68697935,5.1313276,-7.728898,1711231814693,,1.8257221,0.11804962,-0.4143954,,,,,,0.118114434,0.12139375,0.0031782626,0.39894542,0.8537361,0.23081537,0.16711904
,,-0.7927422,4.5742793,-8.134642,1711231814946,,1.9790492,-0.1348484,-0.39118254,,,,,,0.20014718,0.21289046,-0.0027964434,0.40525866,0.86205953,0.19437878,0.16031608
52.5253914,13.40193714,-0.79665047,4.750152,-7.8883386,1711231815000,11.700649,-2.2029312,-0.1763872,0.48479757,,,,,,0.22144753,-0.048244808,0.040694553,0.42738935,0.8484942,0.20878856,0.1681147
,,-0.8933204,3.9998422,-7.9133043,1711231815198,,-1.918879,0.23350306,0.5049561,,,,,,0.25998765,-0.021646384,0.23735699,0.41428435,0.8604038,0.17362656,0.15533926
,,-0.69639105,5.3016963,-7.5018983,1711231815700,,0.5856666,0.009315688,-0.010002911,,,,,,0.20465128,0.028536372,0.03227358,0.43576625,0.83109283,0.2366301,0.1828255
,,-0.6829116,5.2054257,-7.7308116,1711231815953,,1.7603595,-0.3168861,-0.3013854,,,,,,0.20083155,0.09888401,-0.017571593,0.44562837,0.8307261,0.22680862,0.1804483
,,-0.81842506,4.6755753,-7.974002,1711231816206,,1.9656101,-0.08536835,-0.49258608,,,,,,0.17470102,0.13129729,0.070746504,0.4555891,0.8358783,0.19634931,0.17178671
,,-0.8142776,4.03079,-7.977113,1711231816457,,-1.5505276,0.12843432,0.5452732,,,,,,0.16405338,-0.099771515,0.15611961,0.4621243,0.8359387,0.17373298,0.1616075
,,-0.803829,4.6486964,-7.8362536,1711231816708,,-2.231031,-0.09758565,0.68760467,,,,,,0.054868095,-0.0725162,0.10016896,0.47298414,0.825714,0.20056862,0.17190357
,,-0.6153543,5.347879,-7.4727054,1711231816958,,0.22769985,0.030695954,0.17692171,,,,,,0.06673817,0.059109766,2.0066898E-4,0.47967416,0.80790114,0.22967198,0.18811218
,,-0.57180476,5.2717075,-7.4856267,1711231817208,,1.3950624,-0.20998476,-0.40095636,,,,,,0.03069471,0.0097386995,0.038663514,0.48771107,0.8037174,0.22906028,0.186059
,,-0.64167535,4.835655,-7.7510705,1711231817458,,1.7713552,0.123547405,-0.92996526,,,,,,-0.027773397,-0.056464758,0.063075624,0.49597186,0.8079186,0.20877773,0.17548953
,,-0.7236693,4.091089,-7.8388076,1711231817708,,-0.037415467,0.21945317,-0.045433067,,,,,,-0.14666042,-0.3096872,0.1687822,0.4949748,0.8126871,0.18815793,0.16278699
,,-0.72749776,4.361478,-7.9558163,1711231817958,,-2.4753768,0.17424917,0.22456917,,,,,,-0.27303246,-0.4882937,-0.07961073,0.49651912,0.80954784,0.2062276,0.16822341
52.52546152,13.4018082,-0.6857032,4.949474,-7.6815186,1711231818000,12.879918,1.0566434,-0.2112065,-0.083306685,,,,,,-0.36665228,-0.41770685,-0.18250524,0.48998088,0.8001898,0.24116388,0.17977181
,,-0.6243672,5.0201426,-7.7631936,1711231818208,,-0.5933024,0.20723587,0.2325104,,,,,,-0.2820677,-0.3610826,-0.2727662,0.49345353,0.7995117,0.23579001,0.18256877
,,-0.66600233,4.5493145,-8.016275,1711231818710,,1.9503385,0.15592323,-0.7754165,,,,,,-0.3203087,-0.5182747,-0.21711192,0.48711613,0.8110638,0.22515222,0.17017467
,,-0.77718884,4.101697,-8.076894,1711231818961,,0.34742934,0.24938555,-0.22991423,,,,,,-0.31834942,-0.48107204,-0.1349365,0.47582057,0.8234738,0.20101315,0.15911439
,,-0.78325063,4.310191,-8.070193,1711231819214,,-2.307389,-0.007788526,0.5116756,,,,,,-0.31046417,-0.45853302,-0.1951794,0.47011536,0.8260192,0.20570084,0.16012296
,,-0.66871417,5.086024,-7.7623167,1711231819465,,-1.5767947,0.0074830935,0.5067887,,,,,,-0.20197923,-0.18549998,-0.20279026,0.46517408,0.8197928,0.23480098,0.1733682
,,-0.5831309,5.2368517,-7.549036,1711231819716,,0.7921389,-0.108581215,-0.03138318,,,,,,-0.14238599,-0.16692309,-0.13173397,0.45996648,0.8175114,0.24585791,0.1750818
,,-0.59645104,5.037131,-7.763753,1711231819966,,1.7096578,-0.38530296,-0.52618366,,,,,,-0.033252988,-0.17148192,-0.10377567,0.45833096,0.82586175,0.23349501,0.16874543
,,-0.80709916,4.6819563,-7.936992,1711231820216,,1.6785038,-0.34254244,-0.32704175,,,,,,-0.10205175,0.010487707,0.018176682,0.45240775,0.8369246,0.20821221,0.15880528
,,-0.7387441,4.3242292,-8.016673,1711231820467,,-3.2554512,0.7564033,0.6967676,,,,,,0.025350953,-0.20012137,0.04811411,0.44793257,0.8402509,0.19922067,0.1546353
,,-0.5593622,4.859025,-7.8595448,1711231820719,,-1.7258457,-0.3639227,0.5605448,,,,,,0.14648339,-0.17930341,-0.060823742,0.44712487,0.8341777,0.2261507,0.16762981
,,-0.57156557,5.29404,-7.4296346,1711231820970,,0.9130901,0.06368265,-0.09308052,,,,,,0.1822486,-5.1053365E-5,0.16190949,0.44455808,0.82567465,0.24413039,0.17787555
52.52549777,13.4016267,-0.62923247,4.8477793,-8.075297,1711231821000,13.224395,2.0358596,-1.2276855,-0.17188208,,,,,,0.15920264,0.05906617,-0.042358987,0.4439168,0.83867544,0.21377166,0.16709773
,,-0.47058833,5.1243105,-7.68088,1711231821221,,1.1672099,-0.067653276,-0.07353285,,,,,,0.2566207,-0.10702154,-0.018029086,0.444397,0.82983565,0.23747371,0.1747172
,,-0.66576296,4.412764,-7.801638,1711231821723,,-0.6513346,0.17241658,0.23312128,,,,,,0.35256857,-0.1126176,0.17521968,0.44201815,0.84173393,0.19287266,0.16554338
,,-0.73882395,4.9884768,-7.596175,1711231821975,,-1.4411827,-0.17088942,0.09689843,,,,,,0.22932161,0.036094315,0.18833214,0.4427716,0.8373943,0.21422331,0.17628767
,,-1.0530813,5.455237,-7.240761,1711231822226,,-0.28603745,-0.39263335,0.39133525,,,,,,0.044537175,0.21328315,0.15766253,0.4333415,0.83046234,0.24113145,0.1864354
,,-0.97132653,5.425486,-7.3373523,1711231822478,,1.26617,-0.33826637,0.12133302,,,,,,0.170657,0.22204828,0.07325539,0.42818883,0.8340238,0.23989207,0.18578304
,,-1.1109079,5.1397038,-7.4855466,1711231822727,,1.8776456,0.10461059,-0.45349073,,,,,,0.20231314,0.31542733,0.3016105,0.43016583,0.8413617,0.21976389,0.18104038
,,-1.2444272,4.4875784,-7.3398237,1711231822979,,-0.23533566,0.2536616,-0.2323577,,,,,,0.14565998,0.25492534,0.48284224,0.42994767,0.8460845,0.19700235,0.1717794
,,-1.2447463,4.554498,-7.747162,1711231823229,,-2.7038403,0.45036006,0.19524765,,,,,,-0.11062149,0.016213989,0.112641096,0.43168575,0.8443221,0.21222147,0.16946703
,,-1.1541381,5.197769,-7.589793,1711231823479,,-0.91706073,0.053908817,0.20807582,,,,,,-0.11476631,0.13996366,-0.08597671,0.43241507,0.8331665,0.24358137,0.18088278
,,-0.826162,5.4322658,-7.5320477,1711231823729,,1.3174826,-0.09636392,-0.014278964,,,,,,-0.02406189,0.1282888,-0.05851574,0.44055447,0.82655936,0.2481371,0.18220758
,,-0.8334999,4.997569,-7.8308315,1711231823981,,2.0187554,0.05329795,-0.7069996,,,,,,-0.09404618,-0.090588614,-0.060923465,0.44796574,0.831787,0.2323466,0.17144354
52.5255462,13.40128785,-0.9270593,4.2939997,-7.926625,1711231824000,13.884129,-2.365421,0.2707658,0.3821723,,,,,,-0.10457302,-0.292106,0.09360953,0.43942437,0.8439109,0.20252527,0.15580028
,,-0.96901345,4.3743987,-7.9345217,1711231824231,,0.64430964,0.32330018,-0.3673588,,,,,,-0.16061121,-0.10867764,0.09514496,0.44439557,0.8411074,0.20448974,0.15755007
,,-0.76833534,5.131168,-7.69468,1711231824732,,-1.4417936,-0.1036943,0.383394,,,,,,0.0030082236,-0.004623,-0.037491273,0.4367391,0.8361545,0.23348042,0.1701359
,,-0.63250273,5.2626143,-7.4055467,1711231824986,,0.6192642,-0.004734202,-0.116904244,,,,,,0.062114667,-0.0767584,0.090208836,0.4371351,0.8297276,0.24428359,0.1760165
,,-0.5803393,4.9954166,-7.7354374,1711231825237,,1.9265147,-0.21853687,-0.4058433,,,,,,0.19779716,-0.05338276,0.048097532,0.4402081,0.83706504,0.22698784,0.1699656
,,-0.7776674,4.374957,-7.9713693,1711231825488,,0.98700476,0.052076224,-0.16516256,,,,,,0.12495471,0.073246434,0.12887952,0.43980458,0.84638727,0.19195707,0.15969992
,,-0.84729844,4.1141396,-7.985328,1711231825738,,-2.4656029,0.30008733,0.7199805,,,,,,0.08894129,-0.036135852,0.11006727,0.443466,0.8456908,0.18075441,0.15542264
,,-0.5832904,4.9719667,-7.8640924,1711231825989,,-1.8498513,0.042302385,0.3125337,,,,,,0.21789227,-0.0123565355,-0.10673329,0.45229617,0.8320774,0.21769053,0.16960908
,,-0.59549385,5.2690744,-7.4893765,1711231826239,,0.2930624,0.1424842,-0.14805835,,,,,,0.057827234,-0.008181318,-0.004124848,0.4586486,0.8170684,0.23982802,0.1782979
,,-0.6175875,5.0986266,-7.8045897,1711231826488,,2.0755658,0.18096869,-0.84872025,,,,,,0.0072299796,0.079282075,-0.05929691,0.46353447,0.82061374,0.23091096,0.16958499
,,-0.7882755,4.5885563,-7.979426,1711231826739,,1.7518075,0.066126116,-0.4455495,,,,,,-0.09939352,0.04983996,0.037611518,0.46257433,0.830397,0.20307092,0.1570098
,,-0.7625926,4.121158,-8.020981,1711231826990,,-2.4063492,0.50106186,0.5788707,,,,,,-0.13899985,-0.20721206,0.060910735,0.4601561,0.83349884,0.19275442,0.14884667
52.52558854,13.40099368,-0.557767,5.368137,-7.5414596,1711231827000,13.222625,0.6546943,0.25732678,-0.1523344,,,,,,-0.21345238,-0.038351346,-0.09043242,0.44650087,0.822879,0.25550526,0.16705008
,,-0.6237291,4.8481774,-7.9472027,1711231827240,,-2.2408047,-0.117744185,0.29787293,,,,,,-0.19699334,-0.19294296,-0.12068465,0.4574388,0.8277076,0.2315209,0.15891035
,,-0.42687955,5.186205,-7.837372,1711231827743,,1.65468,-0.6009382,-0.5103012,,,,,,0.035698526,0.017583927,-0.13367678,0.4397092,0.8346541,0.24187289,0.16154851
,,-0.5702096,4.5667024,-8.003832,1711231827993,,1.7603595,0.21151192,-0.529238,,,,,,0.16539423,0.012625305,0.010753695,0.43749142,0.8474857,0.20509177,0.15369314
,,-0.66384876,4.001039,-8.06788,1711231828244,,-2.000124,0.5572614,0.2410625,,,,,,0.16033806,-0.05531514,0.095026396,0.43855476,0.8500795,0.18122251,0.14649014
,,-0.6283552,4.752784,-8.000243,1711231828495,,-2.1644466,-0.6681334,0.28137958,,,,,,0.13963398,0.059524663,-0.06233673,0.4428886,0.84241,0.2104244,0.15803409
,,-0.50297135,5.3527446,-7.567222,1711231828746,,0.049327333,-0.048716467,0.07002038,,,,,,0.23240568,0.20193991,-0.020536184,0.44509783,0.8293549,0.23296075,0.17431441
,,-0.54835516,5.137948,-7.8279605,1711231828998,,1.6620103,-0.32849252,0.010766491,,,,,,0.2321393,0.22820324,-0.032976706,0.45420447,0.82853997,0.22338757,0.17396048
,,-0.6887342,4.678447,-7.998649,1711231829247,,2.1452043,-0.3657553,-0.40401068,,,,,,0.21547621,0.1894926,0.070446126,0.46478865,0.83248585,0.194698,0.16550808
,,-0.7810972,4.150989,-8.067002,1711231829498,,-1.4515674,0.28053966,0.4945714,,,,,,0.11350671,0.042322356,0.1049757,0.47205085,0.8317235,0.17267981,0.15598468
,,-0.6473382,4.685067,-7.975038,1711231829748,,-2.1076362,-0.004734202,0.12377647,,,,,,0.096938975,-0.015956402,0.009713205,0.48227713,0.8216837,0.20057845,0.16526301
52.52560733,13.40094687,-0.63928246,4.8299127,-7.9041314,1711231830000,11.349069,2.1562,-0.1434005,-0.5164098,,,,,,0.073129766,0.027154898,0.0592072,0.50007594,0.8085359,0.2051919,0.17108965
,,-0.55449677,5.3388653,-7.5912294,1711231830001,,0.12079851,0.27748534,0.13293944,,,,,,0.08696026,0.10896354,-0.007773908,0.48704973,0.8055735,0.22934157,0.18190247
,,-0.5641479,5.2664433,-7.6674013,1711231830253,,1.5764893,-0.3358229,-0.32032222,,,,,,0.07175772,0.10383697,0.014633926,0.49349028,0.8029447,0.22753786,0.18023664
,,-0.78109705,4.243512,-7.91139,1711231830755,,-0.8003856,0.14065161,0.14088069,,,,,,-0.07364597,-0.04927669,0.18758698,0.501034,0.8124511,0.18297438,0.15827428
,,-0.6642476,4.591348,-7.876694,1711231831006,,-2.3269367,0.10949751,0.28687736,,,,,,-0.14301746,-0.18673417,0.096855305,0.50279254,0.80889297,0.2050812,0.16225505
,,-0.54372907,5.349634,-7.5657067,1711231831257,,-0.48517936,0.23777911,0.037033677,,,,,,-0.10402761,-0.030717151,-0.054372787,0.4994227,0.7982692,0.23604038,0.17737278
,,-0.4816752,5.3407,-7.4803624,1711231831508,,1.2472332,-0.30405796,-0.2079231,,,,,,-0.08204833,-0.061517,-0.011203448,0.49737415,0.7981592,0.23977599,0.17636286
,,-0.5119046,4.9810586,-7.8461447,1711231831758,,1.9405646,-0.30405796,-0.43760824,,,,,,-0.0070849857,-0.079895645,-0.06868998,0.49773178,0.80799747,0.21822509,0.16778773
,,-0.68921274,4.344409,-7.8569126,1711231832007,,-0.108886644,0.24572036,-0.01244637,,,,,,-0.08638448,-0.14498086,0.13349137,0.49342105,0.8168132,0.18925856,0.15473555
,,-0.6132006,4.3810196,-7.8853073,1711231832258,,-2.4949245,0.19685118,0.211741,,,,,,-0.06328812,-0.2401366,0.1538718,0.4920675,0.8164816,0.19824868,0.15745887
,,-0.53814584,5.098467,-7.706165,1711231832509,,-1.0636683,0.056963142,0.5067887,,,,,,0.014190285,-0.06820033,0.0038962683,0.48852775,0.8077946,0.22741786,0.17524393
,,-0.5233901,5.168896,-7.5712895,1711231832760,,0.9747875,-0.36514443,0.06330086,,,,,,0.028522145,-0.044905327,0.11662089,0.488078,0.8045311,0.23263294,0.1797013
52.5256432,13.40090393,-0.63050866,4.194459,-8.085108,1711231833000,11.901231,-2.3153303,0.011148282,0.3436878,,,,,,0.06493066,-0.09089199,0.12154872,0.50208277,0.8131855,0.18179066,0.16076164
,,-0.5296912,4.8826346,-7.8785276,1711231833011,,2.0187554,-0.14828743,-0.28367034,,,,,,0.15598987,-0.0379505,0.10176761,0.49468353,0.810111,0.21212807,0.17436646
,,-0.74113697,4.3296533,-7.95773,1711231833262,,0.5862775,0.41004297,-0.116904244,,,,,,0.03840981,0.044134013,0.26181856,0.49763593,0.81564075,0.18214558,0.16221164
,,-0.46540403,5.203672,-7.901498,1711231833765,,-1.2560908,-0.19715661,0.10483967,,,,,,0.23433004,0.057702858,-0.16490145,0.5048993,0.8019728,0.21236296,0.17825696
,,-0.4184249,5.3786664,-7.5842104,1711231834015,,0.96623534,-0.034666575,-0.006948587,,,,,,0.21083257,0.023865175,-0.050715875,0.50815403,0.79190576,0.22459243,0.1876211
,,-0.40103704,5.115615,-7.816872,1711231834267,,1.8580979,0.044745844,-0.3673588,,,,,,0.27906382,0.043373857,-0.007393376,0.5169719,0.7940437,0.20889033,0.18268542
,,-0.5723631,4.59741,-7.9885974,1711231834519,,1.3828452,0.0923933,-0.14622575,,,,,,0.19477181,0.082618095,0.12345478,0.52348316,0.7981559,0.18108119,0.17112638
,,-0.55258256,4.2508492,-8.059744,1711231834770,,-2.1681118,0.28725916,0.57337296,,,,,,0.18416579,-0.1652873,0.08219393,0.5319471,0.7938745,0.17492844,0.1646394
,,-0.4372484,4.9802613,-7.898947,1711231835021,,-1.8706207,-0.089033544,0.16470441,,,,,,0.1789604,-0.11892546,-0.051522635,0.5401593,0.78054583,0.20731615,0.18011615
,,-0.45144588,5.2143598,-7.5420976,1711231835272,,0.6534726,0.2414443,-0.0063377223,,,,,,-0.005788236,-0.09054717,0.030431414,0.5450951,0.7656489,0.2260444,0.19311456
,,-0.37671003,5.1480784,-7.804271,1711231835524,,1.4744749,-0.14095704,-0.34231335,,,,,,0.026417954,0.008678722,-0.060122903,0.5543858,0.76439255,0.21781345,0.18791737
,,-0.522752,4.6522856,-8.098429,1711231835775,,2.0175335,-0.5740602,-0.42050403,,,,,,-0.0421024,-0.03336067,-0.101568416,0.5583229,0.7706126,0.19411367,0.17529784
52.52570573,13.40077323,-0.40143588,5.2735424,-7.605268,1711231836000,14.079729,0.44516772,0.18952079,-0.0051159924,,,,,,-0.10075262,-0.10898402,-0.13678414,0.5516913,0.7582702,0.22967163,0.19508074
,,-0.5884749,4.0660434,-8.100901,1711231836027,,-1.8571817,0.30314165,0.48846275,,,,,,-0.10827431,-0.28321856,-0.0537793,0.5568921,0.77431107,0.17775854,0.1644407
,,-0.43046877,4.667679,-7.9201617,1711231836279,,-2.0777037,-0.43050694,0.25450155,,,,,,-0.0730366,-0.3147002,-0.12543386,0.5549763,0.76927,0.20663159,0.17887804
,,-0.37120658,5.0903316,-7.770134,1711231836790,,1.6375757,0.07467822,-0.44799295,,,,,,-0.069106,-0.10518624,-0.10795934,0.5548542,0.76157826,0.22266974,0.18830009
,,-0.5292924,4.5349574,-8.097871,1711231837043,,1.9362886,-0.28634286,-0.65446526,,,,,,-0.088634655,-0.08992804,-0.053652827,0.5538486,0.7747956,0.19384852,0.17227505
,,-0.6564311,3.9074795,-8.072428,1711231837294,,-1.769828,0.2121228,0.7144827,,,,,,-0.12665527,-0.2554372,0.102413096,0.547666,0.78311455,0.16990954,0.16050975
,,-0.51365924,4.576433,-8.013484,1711231837545,,-2.1693335,-0.30100363,0.2777144,,,,,,-0.07714386,-0.22690226,-0.028686047,0.5479378,0.77712387,0.19895051,0.17538556
,,-0.4671587,5.313742,-7.5997663,1711231837795,,0.5367974,0.17363831,0.033368487,,,,,,-0.065703124,-0.0026548703,-0.04032178,0.54455644,0.76516956,0.22609292,0.19449781
,,-0.42687955,5.132126,-7.717572,1711231838047,,1.8000658,-0.2112065,-0.31971136,,,,,,0.047492318,-0.0302375,0.00996658,0.5451917,0.7697785,0.21818386,0.19047503
,,-0.5577669,4.575317,-8.11813,1711231838299,,1.9882121,-0.28939718,-0.37530005,,,,,,0.15081339,0.04200726,0.028407319,0.5472383,0.78170145,0.18308417,0.176874
,,-0.67820567,3.9200022,-8.07139,1711231838551,,-1.9952371,0.37400195,0.49396053,,,,,,0.16586679,-0.13243619,0.1871267,0.55022526,0.78406596,0.15532395,0.1657629
,,-0.5735596,4.608657,-7.9862847,1711231838801,,-2.2414155,-0.49342602,0.23678645,,,,,,0.15018465,-0.100534245,0.06954133,0.558916,0.771845,0.18514708,0.18129653
52.525761,13.40049048,-0.6032306,4.632345,-8.012845,1711231839000,12.858515,1.6675081,-0.047494736,-0.6049852,,,,,,0.1070077,0.01375674,0.016939115,0.5778969,0.75791484,0.17641346,0.185101
,,-0.45120665,5.399963,-7.5458455,1711231839051,,0.30527967,-0.03405571,0.09750929,,,,,,0.17666143,0.08723758,0.002463611,0.56121755,0.754042,0.21443583,0.20337878
,,-0.39768714,5.1912284,-7.733922,1711231839304,,1.7737986,0.13637556,-0.44432777,,,,,,0.19502176,-0.0112780845,-0.022950824,0.5695861,0.75125724,0.207396,0.20161095
,,-0.69104713,4.021936,-7.958847,1711231839809,,-1.9677482,0.2035707,0.50617784,,,,,,-0.0039254962,-0.21677727,0.16050588,0.57976586,0.76057905,0.1571909,0.1713278
,,-0.5765905,4.8333426,-7.8946395,1711231840060,,-2.0984733,-0.19104797,0.5312233,,,,,,-0.037467442,-0.13740425,-0.017017968,0.58261853,0.7507068,0.19195338,0.18992345
,,-0.4465007,5.5455256,-7.486743,1711231840312,,0.73960453,-0.059101168,-0.068035066,,,,,,0.025051055,0.00758303,-0.100334235,0.581777,0.7351375,0.22050776,0.21117617
,,-0.48478583,5.320282,-7.6997037,1711231840562,,2.051742,-0.2319759,-0.52129674,,,,,,0.054278646,0.033502307,-0.05283114,0.58726186,0.73758453,0.21012503,0.20461202
,,-0.6941578,4.7154555,-8.031428,1711231840812,,1.3895646,0.19501857,-0.3832413,,,,,,0.07574883,0.11870246,-0.01895116,0.5905582,0.7502623,0.17159532,0.18337521
,,-0.6978269,4.1402216,-8.035975,1711231841064,,-2.5358524,0.25121814,0.81099933,,,,,,0.08776318,-0.03883716,0.10853745,0.59188145,0.75324994,0.15073642,0.17084643
,,-0.4758526,5.040402,-7.923513,1711231841315,,-1.9213225,0.25793764,0.6558397,,,,,,0.104241066,0.011994187,-0.14461282,0.5975862,0.7380588,0.18812671,0.19384046
,,-0.36873397,5.668119,-7.445825,1711231841568,,0.87338394,-0.25824308,-0.060704686,,,,,,0.074361734,0.115157984,-0.16289397,0.59928393,0.72084695,0.21573827,0.21109411
,,-0.2719842,5.251208,-7.7299337,1711231841821,,2.0004294,-0.1452331,-0.61659163,,,,,,0.06852719,-0.033863936,-0.15834354,0.6066478,0.72439116,0.20220202,0.199768
52.52583902,13.40035157,-0.32374892,5.1240697,-7.848378,1711231842000,13.592195,-0.6201805,0.014813471,0.3278053,,,,,,-0.15752454,-0.13968794,-0.18098807,0.60518956,0.7270141,0.20649819,0.19435349
,,-0.45120662,4.3696127,-8.065009,1711231842070,,0.3517054,0.2921461,-0.21036656,,,,,,-0.04027689,-0.12080843,-0.080782846,0.6087242,0.73708546,0.16479275,0.17520703
,,-0.4385246,4.027439,-8.115816,1711231842323,,-2.7313292,0.56398094,0.19585852,,,,,,-0.12443586,-0.29371896,-0.060724035,0.60816455,0.7392097,0.16082238,0.16721518
,,-0.391386,5.478766,-7.6134825,1711231842828,,1.4390447,-0.25579962,-0.14439316,,,,,,-0.23483838,-0.08786184,-0.16526161,0.59910613,0.7199925,0.22735165,0.20667292
,,-0.42512485,4.9303327,-8.022416,1711231843080,,2.2203407,-0.2790125,-0.5964331,,,,,,-0.14007185,-0.14863728,-0.05843169,0.5999692,0.7335931,0.20367388,0.19232678
,,-0.7472786,4.0744185,-8.251329,1711231843331,,-0.49006626,0.2414443,0.09812015,,,,,,-0.1895091,-0.04160915,0.1096852,0.59573054,0.7499427,0.16133422,0.16878621
,,-0.74672025,4.0939593,-8.226843,1711231843581,,-2.4894266,-0.0151189035,0.3259727,,,,,,-0.22841829,-0.17945486,0.08749192,0.59451264,0.74994165,0.16630982,0.17020828
,,-0.604746,5.2071805,-7.8083386,1711231843832,,-0.3336849,0.15286891,0.17936517,,,,,,-0.16323432,0.028622508,0.019151432,0.59156007,0.7348885,0.20838113,0.20052584
,,-0.5206782,5.289414,-7.7669425,1711231844083,,1.4304926,-0.31627524,-0.19876012,,,,,,-0.13783559,-0.04404583,-0.07973798,0.590674,0.72943777,0.21813412,0.20733075
,,-0.5856035,4.8433127,-8.076335,1711231844333,,2.0798419,-0.44761115,-0.4815905,,,,,,0.006179752,0.057731643,0.03197449,0.5951643,0.74156386,0.18794006,0.19117765
,,-0.75413793,4.082315,-8.190552,1711231844585,,-0.80954856,-0.091477,0.34490952,,,,,,-0.027849501,-0.10427691,0.12886599,0.5942764,0.75166196,0.15125497,0.17069769
,,-0.8212966,4.4228134,-8.172048,1711231844837,,-2.3587017,-0.15378521,0.24228424,,,,,,-0.10456244,-0.11458607,0.296933,0.59682906,0.74588877,0.17015618,0.18096694
52.52583076,13.40034236,-0.604108,5.050451,-7.9790263,1711231845000,13.719244,1.9668319,-0.23503022,-0.6886737,,,,,,0.16605808,0.14127465,0.23877223,0.60088485,0.7384208,0.17968325,0.19198138
,,-0.5216354,5.732166,-7.573523,1711231845089,,-0.0129808765,0.08689552,0.21662793,,,,,,0.1640076,0.20864096,0.16154623,0.5942244,0.7288501,0.21000783,0.21086079
,,-0.45671016,5.642675,-7.6260056,1711231845340,,1.7664682,0.07101303,-0.39973465,,,,,,0.14521919,0.114614755,0.14538795,0.5964523,0.7260511,0.21200545,0.21137236
,,-0.7152944,4.1596026,-8.10792,1711231845842,,-1.8822271,0.3526217,0.39866564,,,,,,0.041683745,-0.1448484,0.32548806,0.5978895,0.7477995,0.15153125,0.17160133
,,-0.5815357,4.766822,-7.980701,1711231846094,,-2.2059855,-0.48487392,0.27710354,,,,,,0.018933099,-0.07434953,0.22961064,0.5974119,0.74155,0.18267523,0.18556328
,,-0.32885358,5.6784067,-7.465607,1711231846345,,0.5086976,0.08261946,-0.0674242,,,,,,0.076683775,0.018344322,-0.08763302,0.5916122,0.72786224,0.21952207,0.20946182
,,-0.43916273,5.23103,-7.756335,1711231846595,,1.9271257,-0.13790272,-0.59032446,,,,,,-0.07855757,-0.13423632,-0.042691026,0.59204596,0.7320408,0.2144559,0.20371291
,,-0.6280362,4.5727644,-8.156177,1711231846845,,1.6021456,0.029474225,-0.3985129,,,,,,-0.038903177,-0.07974768,-0.0020774682,0.59175885,0.7481201,0.17813824,0.18299511
,,-0.7326823,3.8916068,-8.170853,1711231847097,,-2.3849688,0.36606073,0.55626875,,,,,,-0.09749941,-0.25268358,0.114990644,0.5884014,0.75560725,0.15401344,0.16803882
,,-0.5832106,4.8667617,-7.9314895,1711231847349,,-1.9378158,-0.16966769,0.40905032,,,,,,-0.022989191,-0.06688414,0.018906752,0.5890335,0.74531895,0.18966483,0.19060169
,,-0.5552147,5.437609,-7.5850086,1711231847599,,0.95951587,0.027641632,-0.10468695,,,,,,-0.051344592,0.03928652,-0.021866417,0.5858472,0.73141557,0.21744134,0.2125709
,,-0.52354956,5.202874,-7.859545,1711231847849,,2.1042764,-0.123852834,-0.55917037,,,,,,0.07353675,-0.013138056,0.029422458,0.5904349,0.7366865,0.20283483,0.20433737
52.52596169,13.39988004,-0.5670192,5.0133624,-7.896394,1711231848000,13.830491,-1.4436262,0.0013744457,0.35101816,,,,,,0.038759135,-0.07288351,0.09420838,0.5968343,0.73604524,0.19323802,0.19948371
,,-0.7233503,4.3572507,-8.215439,1711231848099,,0.92103136,0.34529132,-0.14011711,,,,,,0.034496423,0.016248316,0.16859703,0.5927676,0.7500504,0.16166085,0.18120697
,,-0.74368924,3.883232,-8.14142,1711231848351,,-2.8999279,0.40088,0.32719445,,,,,,-0.023371654,-0.2039949,0.2896595,0.5951304,0.7509672,0.15000747,0.17124917
,,-0.50600225,5.479086,-7.5892353,1711231848853,,0.90392715,-0.33704466,-0.020998476,,,,,,0.021869306,0.10899015,0.08873328,0.5965415,0.72348905,0.21361195,0.21562
,,-0.4956334,5.213562,-7.9474416,1711231849103,,2.1097744,-0.18555018,-0.497473,,,,,,0.12934503,0.19221106,0.063119076,0.6045414,0.72973835,0.19183718,0.20275302
,,-0.698465,4.269194,-8.13121,1711231849354,,-0.060017463,0.18341215,-0.016722424,,,,,,0.020051416,0.14463748,0.22464165,0.60673106,0.740979,0.15276751,0.17798322
,,-0.6593821,4.192943,-8.050014,1711231849604,,-2.9866707,0.48029244,0.42920887,,,,,,0.0010304769,-0.11187939,0.20583682,0.60883373,0.7391773,0.15651213,0.1761811
,,-0.42177492,5.4669614,-7.5649085,1711231849855,,-1.0398445,0.36178467,0.14821106,,,,,,0.06672271,0.07340466,0.09591285,0.6070778,0.72327095,0.2007309,0.20692529
,,-0.3008576,5.7044897,-7.432425,1711231850106,,1.3901756,-0.34742934,-0.35819584,,,,,,0.06901026,0.1501268,0.035206843,0.6055835,0.71568376,0.2151289,0.21527173
,,-0.38899326,5.089055,-7.8509297,1711231850356,,2.458578,-0.46654797,-0.597044,,,,,,0.103795104,0.017422875,0.066441566,0.6099217,0.7259317,0.19161494,0.19997638
,,-0.5995617,4.1180477,-7.959485,1711231850607,,-0.9304998,0.06918044,0.32902706,,,,,,-0.029328886,-0.11642984,0.2759665,0.607754,0.7381114,0.15605137,0.17640808
,,-0.49228334,4.3783064,-8.012685,1711231850858,,-2.351982,-0.19776747,0.04741838,,,,,,-0.07778789,-0.26894557,0.11069326,0.608529,0.73468834,0.17197117,0.18194777
52.52600203,13.39975418,-0.6430311,4.6141596,-8.043473,1711231851000,12.655672,2.02914,-0.13668099,-0.72899073,,,,,,-0.11484647,-0.06652817,0.1745867,0.60903084,0.7314522,0.18201731,0.19225392
,,-0.38699916,5.455714,-7.6302323,1711231851110,,0.14095704,0.13881902,0.106672265,,,,,,-0.11387849,0.008192634,-0.03311154,0.6046039,0.7192077,0.2130883,0.21141022
,,-0.44897324,5.3207603,-7.753303,1711231851361,,1.677282,-0.27656904,-0.25801402,,,,,,-0.14127328,0.041171584,-0.042804845,0.604587,0.71777815,0.2161395,0.21239275
,,-0.7595616,3.9964125,-8.045546,1711231851863,,-1.7765476,0.34162614,0.39133525,,,,,,-0.101925895,-0.18108776,0.26973283,0.6074191,0.741614,0.14658213,0.17022103
,,-0.6534799,4.6012387,-8.08415,1711231852116,,-2.3501496,-0.26435173,0.40843946,,,,,,-0.07085759,-0.26110154,0.056035757,0.608344,0.73484683,0.17195457,0.18592529
,,-0.5265805,5.521917,-7.6555963,1711231852368,,0.5771145,0.18707734,0.005268709,,,,,,-0.0074665737,-0.045131397,-0.033944163,0.60475034,0.7187325,0.20713669,0.21539156
,,-0.4521637,5.346523,-7.7982087,1711231852618,,1.835496,0.06429352,-0.40462157,,,,,,0.09156308,-0.06678901,-2.8683344E-4,0.6089639,0.71925855,0.20102407,0.21166955
,,-0.6522037,4.6829133,-8.116453,1711231852870,,1.5154028,-0.03527744,-0.2494619,,,,,,0.06552232,0.046019804,0.11205157,0.61347544,0.7322272,0.16173512,0.1890616
,,-0.6741379,4.0571904,-8.293921,1711231853121,,-2.21637,0.37766716,0.5012909,,,,,,0.04651832,-0.06312273,0.094018556,0.6156779,0.7356465,0.13794336,0.17306305
,,-0.5460421,4.845227,-8.254122,1711231853374,,-1.8351905,-0.05299252,0.405996,,,,,,-0.0061663566,0.03135756,-0.07454979,0.6200543,0.7220668,0.17440102,0.19660094
,,-0.43062827,5.4889755,-7.6202626,1711231853625,,1.0053307,-0.045051277,-0.09124792,,,,,,0.017756479,0.09582537,-0.009347614,0.61913896,0.70473266,0.20377207,0.2210129
,,-0.4164309,5.231348,-7.833463,1711231853877,,2.1097744,-0.24480405,-0.5927679,,,,,,0.10706856,0.052828137,0.045520034,0.6258088,0.7069795,0.19095536,0.21351102
52.52605958,13.3997333,-0.4945167,5.085147,-7.838168,1711231854000,11.009135,-1.6232204,0.17424917,0.3088685,,,,,,-0.015600437,-0.057982422,0.012734524,0.6366963,0.7023565,0.18551642,0.20566681
,,-0.6123232,4.527778,-8.079446,1711231854127,,0.88621205,0.1876882,-0.11751511,,,,,,0.08083355,0.08345974,0.14131954,0.63099724,0.71744686,0.15338023,0.18996316
,,-0.6104091,4.0342197,-8.171569,1711231854379,,-2.6115997,0.40576693,0.37850708,,,,,,0.013741183,-0.22918348,0.10921445,0.6352799,0.7163638,0.14439657,0.1793417
,,-0.34121653,5.5459256,-7.4049883,1711231854880,,0.8703296,-0.29917103,-0.1871537,,,,,,0.03011026,-0.014308985,0.00435373,0.6334278,0.6908567,0.20869324,0.22117324
,,-0.31361926,5.2414784,-7.8774915,1711231855131,,2.0639594,-0.2942841,-0.45715594,,,,,,0.092077225,0.015238976,-0.099240094,0.63852906,0.6977794,0.19306272,0.20851573
,,-0.5721238,4.463412,-8.155377,1711231855383,,0.55206907,0.4790707,-0.1297324,,,,,,-0.019748174,0.016659131,-0.028969876,0.6400408,0.7099177,0.1581987,0.18439129
,,-0.54037917,4.189912,-8.202276,1711231855633,,-2.6647449,0.51144654,0.20257804,,,,,,-0.0686071,-0.20677522,-0.043752655,0.6402892,0.710976,0.15509011,0.17737664
,,-0.40917265,5.249772,-7.9427347,1711231855885,,-1.2347105,0.042302385,0.22823435,,,,,,-0.046643253,-0.0015345891,-0.16788492,0.63663846,0.7004664,0.19365175,0.20421275
,,-0.35525438,5.493841,-7.6558366,1711231856137,,1.0370957,-0.33154687,-0.075976305,,,,,,-0.08483227,-0.04020079,-0.1682699,0.6312801,0.69425696,0.21068807,0.21543156
,,-0.40709886,5.1058855,-8.003593,1711231856389,,2.1842997,-0.23441936,-0.5793289,,,,,,-0.06502298,-0.0358483,-0.1291714,0.6342094,0.7039594,0.19292663,0.20245352
,,-0.6262814,4.3284574,-8.200045,1711231856641,,0.13057235,0.24755295,0.014431681,,,,,,-0.123996876,-0.0622421,-0.013079103,0.6322213,0.71787757,0.15770645,0.17887051
,,-0.5974081,4.16383,-8.149236,1711231856892,,-2.7313292,0.19257513,0.40843946,,,,,,-0.13611111,-0.18896332,0.055973403,0.6296765,0.72049415,0.15692717,0.17574197
52.52614725,13.39953456,-0.42009985,5.065844,-7.9136233,1711231857000,12.608978,2.1293218,-0.29733843,-0.5438987,,,,,,0.12165715,0.045614585,-0.008241066,0.6245181,0.712322,0.18699078,0.20617639
,,-0.4901298,5.12072,-7.8553166,1711231857142,,-1.1479677,0.10155627,0.20807582,,,,,,-0.093043424,-0.07283408,-0.05503634,0.62453854,0.7101394,0.19390766,0.20535378
,,-0.3841277,5.421098,-7.5311704,1711231857394,,1.0633628,-0.37308568,-0.19081889,,,,,,0.0065117786,-0.0050537665,-0.015676102,0.62031734,0.70371205,0.20772886,0.21716191
,,-0.68674004,4.324468,-8.053285,1711231857897,,0.11041381,0.43325585,0.07857248,,,,,,0.05639559,0.028579004,0.15448989,0.6253547,0.7227638,0.15114886,0.18577178
,,-0.6251649,4.324628,-8.039246,1711231858150,,-2.6891794,0.29947644,0.36934412,,,,,,0.027232861,-0.071595535,0.16979727,0.628398,0.71978086,0.15578698,0.18544509
,,-0.4847859,5.397092,-7.780421,1711231858401,,-0.7704532,0.16019928,0.12927426,,,,,,0.015261066,0.12164793,-0.021009494,0.6284187,0.7039988,0.19542427,0.21328664
,,-0.50384873,5.588197,-7.584769,1711231858652,,1.3028219,-0.20387612,-0.23052509,,,,,,-0.09630017,0.18888338,0.021352228,0.6282142,0.69531506,0.20937607,0.22083063
,,-0.54644096,5.084588,-7.9283,1711231858903,,2.0932808,-0.1867719,-0.63613933,,,,,,-0.10081139,0.10344037,0.04134957,0.63377225,0.70347977,0.19053064,0.20584543
,,-0.7766305,4.306921,-8.079126,1711231859154,,0.04444041,0.29825473,-0.10835214,,,,,,-0.23852615,0.03144945,0.14850529,0.631748,0.71586686,0.15892148,0.18281795
,,-0.6588238,4.2567515,-8.144291,1711231859407,,-2.6910121,0.38133234,0.2709949,,,,,,-0.24647336,-0.17991154,0.05126373,0.62841547,0.7183647,0.16461171,0.18125696
,,-0.5809773,5.238527,-7.958847,1711231859659,,-0.7961095,0.27748534,0.17569998,,,,,,-0.23549189,0.0054185707,-0.18669471,0.6211347,0.71002704,0.20018688,0.20777646
,,-0.51038903,5.337829,-7.6942005,1711231859909,,1.1201733,-0.14034618,-0.042989608,,,,,,-0.16708632,-0.035265606,-0.11921989,0.61563647,0.7082499,0.20983522,0.21471652
52.52620813,13.3993369,-0.5886344,4.2936807,-8.195816,1711231860000,10.911473,-2.578002,0.31902415,0.23312128,,,,,,0.036457803,-0.19088453,-0.05002408,0.6177035,0.7301077,0.15684453,0.18174702
,,-0.45351967,4.9531426,-8.057751,1711231860162,,2.21973,-0.4958695,-0.52068585,,,,,,0.039806418,-0.050151516,-0.17599122,0.6174772,0.72069526,0.18706533,0.20088464
,,-0.6624928,4.1805005,-8.2443905,1711231860414,,-0.25243986,0.19440772,0.16409355,,,,,,0.024889208,-0.11624636,-0.06931863,0.61513203,0.7331182,0.15089469,0.18001029
,,-0.48502514,5.3489957,-7.8828344,1711231860916,,-0.38744098,-0.045662142,0.21479532,,,,,,0.070508875,0.13046294,-0.20473523,0.6177605,0.71470183,0.19401829,0.20940614
,,-0.40414774,5.4741406,-7.608298,1711231861167,,1.2020292,-0.28512114,-0.05093085,,,,,,0.080296755,0.113339424,-0.07442055,0.61877024,0.70768833,0.20339371,0.21567664
,,-0.4299105,5.0092154,-8.011488,1711231861417,,2.0847287,-0.1470657,-0.5933788,,,,,,0.15303467,0.07449807,-0.08614174,0.62577605,0.7154432,0.18015064,0.20103127
,,-0.67948186,4.229314,-8.103453,1711231861667,,-0.17608178,0.1583667,-0.0032833982,,,,,,0.027380705,0.026015973,0.14629786,0.6263362,0.7246252,0.14689086,0.17969064
,,-0.58057857,4.3894734,-8.115576,1711231861917,,-2.3544257,0.15958843,0.30947936,,,,,,-0.0029940715,-0.07134764,0.08002242,0.62834877,0.72157764,0.15766463,0.18281394
,,-0.45671016,5.345485,-7.781299,1711231862170,,-0.27931792,0.20784675,0.279547,,,,,,0.022306306,0.12476306,-0.07389679,0.62565684,0.7075613,0.19376919,0.21162453
,,-0.38699925,5.3896737,-7.681758,1711231862421,,1.3052653,-0.23258677,-0.17799072,,,,,,0.034278717,0.024766462,-0.025598256,0.62584203,0.7021422,0.20076458,0.21757598
,,-0.41930237,4.875855,-8.0925255,1711231862673,,2.0047054,0.15225805,-0.7271582,,,,,,0.1211517,-0.010774692,-0.047404464,0.63266313,0.7099573,0.1767721,0.2022973
,,-0.60929245,4.0811987,-8.258828,1711231862925,,-0.6666062,0.23900084,0.03886627,,,,,,0.0018081029,-0.06419687,0.049459107,0.63321424,0.7187248,0.14533995,0.17987882
52.52626864,13.39920032,-0.37431723,5.3324857,-7.7896733,1711231863000,10.603755,1.5612177,-0.17150028,-0.13034327,,,,,,-0.06786316,0.045822706,-0.102689475,0.63350433,0.6961372,0.20344745,0.2135554
,,-0.51589257,4.325267,-8.245907,1711231863176,,-2.452164,0.081397735,0.28870997,,,,,,-0.050366297,-0.13473627,-0.037430223,0.635791,0.7144747,0.15965386,0.1842301
,,-0.4225725,5.286463,-7.838807,1711231863429,,-0.5505419,0.06856957,0.07857248,,,,,,-0.071990795,0.07689319,-0.09832967,0.6337118,0.6996053,0.19662048,0.21134986
,,-0.43517467,4.7936215,-8.053522,1711231863931,,2.2032366,-0.20998476,-0.46692976,,,,,,-0.041065224,0.011356743,-0.044495504,0.63798875,0.70653355,0.18006046,0.19584869
,,-0.6067401,3.9168117,-8.129535,1711231864182,,-0.6977603,1.527162E-4,0.2325104,,,,,,-0.13915926,-0.113860086,0.1489313,0.6353748,0.7171455,0.14979269,0.17412768
,,-0.53942204,4.25755,-8.0945215,1711231864432,,-2.2829545,-0.15256348,0.19524765,,,,,,-0.12231758,-0.1915246,0.07705355,0.6352053,0.71468484,0.16398959,0.18238677
,,-0.42815572,5.2634125,-7.684949,1711231864683,,-0.2554942,-0.057268575,0.040698867,,,,,,-0.0032541296,0.053309426,-0.03243006,0.63085896,0.70205694,0.19601266,0.21099529
,,-0.37758738,5.253203,-7.703453,1711231864938,,1.4207188,-0.2075413,-0.14989094,,,,,,0.08307705,-0.006723849,-0.07368633,0.6308283,0.70031065,0.19738694,0.21430397
,,-0.45710886,4.734678,-8.021937,1711231865189,,2.3064728,-0.27229297,-0.4889209,,,,,,0.15765664,0.0027599572,-0.0025480748,0.636453,0.7096809,0.16999407,0.19918627
,,-0.66400826,4.076493,-8.099784,1711231865438,,-0.9622647,0.27015495,0.32719445,,,,,,0.09731364,0.036098797,0.1686627,0.63736653,0.7166988,0.13817845,0.17873113
,,-0.58959144,4.617032,-8.087101,1711231865689,,-2.479653,0.07040217,0.47502372,,,,,,0.10336367,0.06259709,0.03253565,0.64138806,0.70959157,0.15675244,0.18915349
,,-0.40023947,5.614838,-7.6298327,1711231865939,,-0.06368265,0.22189663,0.06269,,,,,,0.16937135,0.28697598,-0.050462436,0.640245,0.6926766,0.19170958,0.21669902
52.52633479,13.39903926,-0.5136593,4.112624,-8.083515,1711231866000,11.056954,-1.259145,0.21395539,0.2966512,,,,,,0.023265814,-0.029853106,0.16102281,0.6485943,0.7055431,0.14405647,0.1750033
,,-0.3089932,5.425885,-7.6835923,1711231866191,,1.5923718,-0.075594515,-0.18104506,,,,,,0.13403668,0.12711848,-0.07235473,0.6431206,0.6886209,0.19517963,0.21657011
,,-0.42281178,4.9563336,-7.961718,1711231866441,,2.0383031,-0.21914774,-0.5829941,,,,,,0.11159947,0.18897037,0.029396439,0.6489882,0.6975807,0.17058004,0.19745931
,,-0.37591246,4.582176,-8.0665245,1711231866941,,-2.573726,-0.018784093,0.30398157,,,,,,-0.00447466,-0.15298371,0.025914034,0.65042937,0.69921684,0.1676595,0.18817477
,,-0.23665017,5.5385876,-7.4947987,1711231867193,,0.18066326,0.2035707,-0.033826638,,,,,,0.02015688,0.06389817,0.005324284,0.6455835,0.68444955,0.20223911,0.21602839
,,-0.27006993,5.3404613,-7.62441,1711231867444,,1.6351323,-0.09697478,-0.23296855,,,,,,-0.017728928,0.0060484726,0.0033135256,0.64544314,0.68530196,0.20276584,0.21393797
,,-0.42105696,4.7711287,-8.007182,1711231867696,,2.1500914,-0.3376555,-0.42783442,,,,,,0.023425404,0.057401143,0.04862056,0.64739156,0.6988836,0.17352647,0.19412607
,,-0.58233327,4.003113,-8.080721,1711231867947,,-1.5975641,0.041080657,0.46097383,,,,,,-0.07654507,-0.033943545,0.19269595,0.6448397,0.7077491,0.146664,0.17442584
,,-0.5387839,4.829993,-7.929575,1711231868209,,-2.144288,-0.31749696,0.2948186,,,,,,-0.015773706,0.12161985,0.10236471,0.6443913,0.70088834,0.1727488,0.19463682
,,-0.5279364,5.5809402,-7.4618583,1711231868462,,0.73960453,0.08872811,-0.036880963,,,,,,-0.03826352,0.27522317,0.11475476,0.63765115,0.68770605,0.20450145,0.22284587
,,-0.5419742,5.285905,-7.720283,1711231868714,,1.8574871,-0.0481056,-0.5121338,,,,,,-0.011113784,0.16201808,0.098852426,0.63853246,0.692462,0.19721897,0.21750668
,,-0.7239085,4.5620756,-8.011011,1711231868965,,1.5300635,-0.04016436,-0.36308277,,,,,,-0.018798035,0.17411542,0.24497458,0.63998485,0.7079783,0.16126037,0.19467118
52.52640714,13.39890372,-0.5472385,5.4553967,-7.5016575,1711231869000,10.819615,0.696844,-0.1226311,-0.13584106,,,,,,-0.033186723,0.051131025,0.08310941,0.6320622,0.69299877,0.20016912,0.22673343
,,-0.8153145,3.9721653,-7.9890766,1711231869215,,-2.4436119,0.11682789,0.5287798,,,,,,-0.058932226,0.009181746,0.38317922,0.6376845,0.71514994,0.13880722,0.17867428
,,-0.6565108,4.872585,-7.911549,1711231869467,,-1.8009821,-0.14217877,0.32169667,,,,,,0.0036553075,0.025726382,0.13521877,0.63689303,0.705607,0.17180969,0.2050578
,,-0.4459424,5.245466,-7.83785,1711231869968,,1.939343,-0.032833982,-0.44310603,,,,,,0.12109993,0.046611864,-0.06775532,0.63516486,0.69934714,0.18775554,0.2170588
,,-0.6635297,4.4751368,-8.055358,1711231870220,,0.74632406,0.1547015,-0.1437823,,,,,,0.074148096,0.115395434,0.12593718,0.6371132,0.7131434,0.14884186,0.19160585
,,-0.63338006,4.0737805,-8.116854,1711231870473,,-2.7374377,0.18524474,0.5238929,,,,,,0.0986413,-0.096629,0.12439426,0.63867295,0.7145485,0.13612066,0.18147765
,,-0.5225924,5.103093,-7.9044504,1711231870724,,-1.1809543,0.41187558,0.60513794,,,,,,0.079296485,0.09684815,-0.05683991,0.6417166,0.69793797,0.17429358,0.21273446
,,-0.45224348,5.461618,-7.5690556,1711231870975,,0.97234404,-0.20143266,-0.29772022,,,,,,-0.0074564377,0.046123154,-0.07251692,0.6414041,0.6839473,0.1962268,0.22919255
,,-0.5173283,5.1251073,-7.9238324,1711231871227,,2.1959062,-0.06826414,-0.51946414,,,,,,0.003278017,0.13956286,-0.0903055,0.6481278,0.6904369,0.1774711,0.21517737
,,-0.6973483,4.1872005,-8.060621,1711231871476,,-0.087506376,0.16081016,0.14454588,,,,,,-0.086697064,0.011732077,0.13471174,0.6506327,0.702336,0.14073737,0.18667985
,,-0.6349754,4.0992246,-8.145807,1711231871731,,-2.7038403,-0.009010255,0.41943502,,,,,,-0.08281371,-0.20293453,0.061636083,0.6529166,0.7000525,0.1449487,0.18578492
,,-0.57866424,5.3348784,-7.8121667,1711231871981,,-0.3074177,0.13820815,-0.099800035,,,,,,-0.14094073,0.10044848,-0.11495557,0.6507136,0.68348116,0.18964954,0.21965893
52.52649215,13.39882876,-0.6534798,4.0572696,-8.15809,1711231872000,11.90345,-1.096655,0.07223476,0.49151707,,,,,,0.060882386,-0.03557025,0.1211902,0.6471968,0.70655537,0.13995863,0.1804316
,,-0.49483567,5.516333,-7.6274405,1711231872231,,1.5013529,-0.24846925,-0.20120358,,,,,,-0.12575565,0.04531873,-0.120456904,0.6461308,0.67926353,0.20420901,0.227326
,,-0.56861436,5.1140995,-7.955816,1711231872482,,2.5221078,-0.1452331,-0.5457313,,,,,,0.031134035,0.21980715,-0.02279226,0.64856046,0.6937208,0.17734149,0.20798181
,,-0.5944569,4.3303704,-8.237771,1711231872982,,-2.5187483,-0.1886045,0.40171996,,,,,,0.045318164,-0.062168587,0.0047813416,0.64935625,0.701474,0.15232936,0.18990916
,,-0.53176486,5.349793,-7.83139,1711231873234,,-0.087506376,0.34590217,0.16531529,,,,,,0.011117681,0.1501717,-0.14345561,0.6466563,0.68499905,0.18817513,0.22295398
,,-0.46955156,5.254957,-7.73464,1711231873484,,1.6271911,-0.13423753,-0.45471248,,,,,,0.056713022,0.039437946,-0.036740717,0.64890534,0.68200433,0.18839878,0.22502674
,,-0.6025127,4.683871,-8.139426,1711231873736,,2.1653628,-0.35903576,-0.52801627,,,,,,0.10219736,0.103070766,0.027554162,0.6568056,0.69198406,0.15574099,0.20379303
,,-0.7113065,3.7934213,-8.214721,1711231873988,,-1.7136284,0.15592323,0.5623774,,,,,,0.04587207,-0.13197868,0.13836724,0.6597205,0.69726765,0.12501508,0.18087415
,,-0.64981085,4.546123,-8.162637,1711231874240,,-2.2230897,-0.0029016077,0.20441063,,,,,,-0.011001655,-0.025217827,3.835519E-4,0.665858,0.68522656,0.14946598,0.19969217
,,-0.5817749,5.435695,-7.667879,1711231874493,,0.66019213,0.16019928,-0.16210824,,,,,,-0.058454417,0.110193394,-0.06268179,0.66332436,0.66735864,0.18415764,0.22911483
,,-0.48486564,5.2839108,-7.7814584,1711231874744,,1.8104504,-0.17883067,-0.48525572,,,,,,0.040111102,0.053173598,-0.044820245,0.6658072,0.66820985,0.18064283,0.22491707
,,-0.6352147,4.609853,-8.169734,1711231874996,,1.9026911,-0.23991714,-0.27145302,,,,,,0.067529134,0.1516917,0.013763698,0.6697051,0.68121266,0.14657022,0.20061411
52.52654259,13.39857976,-0.520758,5.3375897,-7.601918,1711231875000,12.728967,0.8678861,-0.018173227,3.8179048E-4,,,,,,0.25002065,0.23164052,0.07162024,0.67371243,0.65733093,0.16514699,0.23544432
,,-0.6735796,3.882275,-8.212565,1711231875248,,-2.0239477,0.008704823,0.7419716,,,,,,0.09560499,0.011736596,0.11519103,0.67097265,0.6853799,0.119927876,0.18118861
,,-0.57778686,4.724868,-8.039725,1711231875503,,-1.995848,-0.3327686,0.39011353,,,,,,0.15820606,0.15417242,0.07586047,0.6757282,0.67257214,0.14478925,0.20660686
,,-0.52594244,5.1424947,-7.853005,1711231876005,,2.1085525,-0.26801693,-0.24274239,,,,,,0.44912347,0.33150247,0.088617004,0.68300134,0.65696716,0.14482291,0.23141788
,,-0.6935996,4.465964,-8.161281,1711231876257,,1.2521201,0.055130545,0.15431972,,,,,,0.54109067,0.48576692,0.11186476,0.69768625,0.6575789,0.102329,0.20682247
,,-0.6997411,3.9803805,-8.193264,1711231876507,,-2.4631596,0.2695441,0.83237964,,,,,,0.5781438,0.3484791,0.15114419,0.71417683,0.64318246,0.08192631,0.19205624
,,-0.6159923,5.002515,-8.014441,1711231876759,,-1.675144,0.09911281,0.5483275,,,,,,0.56099415,0.48135668,0.04094424,0.7315923,0.61118233,0.109962486,0.22643805
,,-0.5579264,5.527659,-7.713104,1711231877016,,0.7518218,-0.31444263,-0.042989608,,,,,,0.4626736,0.5269086,-0.022074668,0.74270755,0.5787086,0.12564777,0.25391746
,,-0.5008177,5.2109294,-8.007261,1711231877267,,1.8861977,0.14492767,-0.34353507,,,,,,0.45229152,0.49345806,-0.07543454,0.76379615,0.56142884,0.1085266,0.2448974
,,-0.65730834,4.4292746,-8.180342,1711231877517,,0.74449146,0.18219042,0.06207913,,,,,,0.29481503,0.38571748,0.0774219,0.7844056,0.5495414,0.08059871,0.2151373
,,-0.6382455,4.0993047,-8.139186,1711231877770,,-2.600604,0.025198173,0.43715012,,,,,,0.13483934,0.07289529,0.1973425,0.79992306,0.53048694,0.08161685,0.20632263
52.52657054,13.39834635,-0.7209575,4.246223,-8.193422,1711231878000,10.588321,-0.21700971,0.16814053,0.05413789,,,,,,-0.27374294,0.019153913,0.05198736,0.8285233,0.48163885,0.09133926,0.21145372
,,-0.56127644,5.128378,-7.9193645,1711231878022,,-1.1840087,0.3336849,0.31497714,,,,,,-0.016718451,0.089697964,-0.010545031,0.807044,0.5012901,0.115135655,0.2470019
,,-0.48271212,5.506045,-7.5969715,1711231878273,,1.220966,-0.3517054,-0.33192864,,,,,,-0.15550323,0.079311945,-0.059736047,0.8084193,0.47968704,0.13151966,0.267503
,,-0.49714884,5.076293,-8.072027,1711231878527,,2.2576034,-0.1989892,-0.40462157,,,,,,-0.14817041,0.025221316,-0.20777878,0.8200372,0.47727042,0.11739109,0.24926801
,,-0.6826723,4.203152,-8.232904,1711231879030,,-2.6036584,-0.047494736,0.5446623,,,,,,-0.35066116,-0.12577875,0.003962453,0.8326918,0.47404173,0.095348015,0.21180433
,,-0.57076806,5.396692,-7.9258256,1711231879280,,-0.22617269,0.15164718,0.112780906,,,,,,-0.38563347,0.184405,-0.21342532,0.8290253,0.4532904,0.12372513,0.25646868
,,-0.4811169,5.5435324,-7.7505918,1711231879531,,1.2881612,-0.10063997,-0.017944153,,,,,,-0.38383034,0.1754667,-0.16173978,0.8283912,0.444352,0.13113998,0.26646742
,,-0.550429,4.908716,-8.11454,1711231879783,,2.2276711,-0.26557347,-0.65507615,,,,,,-0.34000918,0.14363113,-0.07065541,0.83883876,0.4516738,0.11044632,0.23777089
,,-0.6806783,4.001357,-8.154262,1711231880040,,-1.2805253,0.1461494,0.3540725,,,,,,-0.3886107,0.053833332,0.19120786,0.84364396,0.46000603,0.08501123,0.20013894
,,-0.5589634,4.444349,-8.123553,1711231880292,,-2.3202171,-0.18616104,0.48601928,,,,,,-0.3604726,-0.01230125,0.052491855,0.84530437,0.45062461,0.09788077,0.21759465
,,-0.44586265,5.4798827,-7.694281,1711231880542,,0.25702137,0.17608178,-0.072921984,,,,,,-0.3302183,0.21520747,-0.045218706,0.83864,0.43198547,0.12248009,0.26135856
,,-0.44442695,5.3388653,-7.6868625,1711231880794,,1.690721,-0.011453714,-0.28916812,,,,,,-0.31375262,0.08271532,0.027647972,0.83970636,0.4293618,0.12179193,0.26254082
52.52664785,13.3982621,-0.53184474,5.4582677,-7.6438723,1711231881000,10.301263,0.40790495,0.1876882,-0.015500694,,,,,,-0.22246669,0.24995716,0.08027636,0.8452952,0.41485834,0.11031258,0.2698132
,,-0.5635097,4.7444897,-8.087022,1711231881044,,2.0755658,-0.15317434,-0.546953,,,,,,-0.26283514,0.14451271,0.08285893,0.84793884,0.43886262,0.09938926,0.23318143
,,-0.6671189,4.0253663,-8.120282,1711231881295,,-1.7722714,0.18035783,0.6265182,,,,,,-0.2490916,0.07449301,0.26738277,0.85035735,0.44517258,0.07812226,0.2050107
,,-0.5937391,4.749036,-7.9901137,1711231881546,,-2.226755,-0.28023422,0.6069705,,,,,,-0.2064471,0.17353465,0.1997261,0.8516072,0.43284246,0.09353272,0.2321353
,,-0.47226337,5.284629,-7.772367,1711231882049,,1.6192498,-0.114079,-0.39423686,,,,,,-0.17662741,0.17900632,0.09072088,0.8494028,0.412238,0.10602004,0.2652659
,,-0.6035496,4.6798024,-8.060621,1711231882301,,1.776853,-0.08659008,-0.4541016,,,,,,-0.19308342,0.20908993,0.20236935,0.8583593,0.4192396,0.08440571,0.23392764
,,-0.64327043,3.959882,-8.054958,1711231882551,,-2.0166173,0.22006404,0.5300016,,,,,,-0.20007308,-0.011139786,0.3493878,0.86200696,0.420368,0.069350794,0.21052137
,,-0.5584848,4.779265,-8.020263,1711231882804,,-2.0752604,-0.25641048,0.45547605,,,,,,-0.22209218,0.027017236,0.12822786,0.8624355,0.40559942,0.08906784,0.24330403
,,-0.48925245,5.377151,-7.625527,1711231883055,,0.8153518,0.10644319,-0.116293386,,,,,,-0.28873506,0.07368963,0.055064343,0.85484487,0.39016074,0.10644571,0.27742434
,,-0.49627134,5.1598024,-7.7796254,1711231883306,,1.7279837,-0.07864884,-0.3673588,,,,,,-0.27403134,0.05133222,0.0774988,0.85921466,0.3913354,0.1020221,0.26825154
,,-0.6662415,4.4628534,-8.099865,1711231883560,,1.284496,-0.026725333,-0.26045746,,,,,,-0.3142902,0.0694547,0.17279448,0.86679286,0.4011189,0.08154223,0.23537359
,,-0.6621738,3.9173703,-8.144131,1711231883811,,-2.257909,0.18890993,0.47746718,,,,,,-0.3380419,-0.10505784,0.23433234,0.8688553,0.40335837,0.0729572,0.21777532
52.5267289,13.39816145,-0.67437726,4.5083966,-8.190075,1711231884000,10.288356,0.89170986,0.0368046,-0.035048366,,,,,,-0.31299406,0.14157619,0.063553795,0.8681652,0.40132296,0.08164538,0.23156
,,-0.61415786,4.9418178,-8.0423565,1711231884063,,-1.9146029,0.034361143,0.45303258,,,,,,-0.38510984,0.059261166,-0.01987451,0.8659045,0.39078543,0.09510754,0.25558576
,,-0.5162117,5.4835525,-7.616754,1711231884314,,0.90514886,0.014202606,-0.21036656,,,,,,-0.37702814,0.1048646,-0.019537767,0.8576767,0.38023514,0.11094329,0.28358516
,,-0.53040904,5.2134814,-7.9330063,1711231884565,,2.0095923,-0.1311832,-0.5616138,,,,,,-0.31744435,0.08348276,-0.059451137,0.86277735,0.38677165,0.10371366,0.26821536
,,-0.66017973,4.067639,-8.22118,1711231885069,,-2.2695153,-0.009010255,0.47929978,,,,,,-0.2596687,-0.028168472,0.10029156,0.8685531,0.40607247,0.07171405,0.21448995
,,-0.6132805,5.072705,-8.028,1711231885319,,-1.8669555,0.34712392,0.6265182,,,,,,-0.21285552,0.14395453,-0.043318413,0.8640905,0.39355102,0.08809133,0.25396815
,,-0.53336024,5.40786,-7.824929,1711231885572,,2.0535746,0.21395539,-0.35514152,,,,,,-0.15666284,0.21645007,-0.07007564,0.85912156,0.38580006,0.09623859,0.2726917
,,-0.64678,4.556333,-8.30493,1711231885824,,1.8568763,-0.025503604,-0.199371,,,,,,-0.12825635,0.19510049,0.034663215,0.8699451,0.39886856,0.07241069,0.23162055
,,-0.8102098,3.50397,-8.58457,1711231886075,,-1.1430807,-0.046273008,-0.03932442,,,,,,-0.15383473,0.026711078,0.13323773,0.87676746,0.40925676,0.04432839,0.18828253
,,-0.8527223,3.4215772,-8.704212,1711231886325,,0.31627524,-0.12568542,0.11155918,,,,,,-0.115528174,0.06226111,0.061212778,0.8773534,0.40994504,0.0375532,0.18436356
,,-0.95497537,3.6409194,-8.75813,1711231886578,,0.04444041,0.008093959,0.20624322,,,,,,-0.10750324,0.225289,-0.035042875,0.87813354,0.40744406,0.03470889,0.18986268
,,-1.1059625,2.8165915,-9.090094,1711231886829,,0.2008218,-0.35964665,-0.021609342,,,,,,-0.08841,0.18289301,-0.03719573,0.8842919,0.41557583,0.013032158,0.15496477
52.52680745,13.39809811,-2.9802604,1.2063016,-9.216117,1711231887000,10.247243,-0.31230462,0.09300416,-0.678289,,,,,,-0.115777396,-0.13171187,0.18046872,0.8783175,0.44525963,-0.09652426,0.12929313
,,-1.5338789,1.7033707,-9.42517,1711231887080,,0.031001387,-0.2961167,-0.49625129,,,,,,-0.06977617,0.09543343,0.15196937,0.8934528,0.42986482,-0.02857367,0.10892264
,,-1.9641882,1.3179668,-9.489456,1711231887332,,-0.24266604,0.008093959,-0.15905392,,,,,,-0.029367464,0.027942274,0.08988021,0.89053804,0.43634325,-0.05679475,0.10372725
,,-2.3360329,1.4597813,-9.361123,1711231887583,,0.5563451,-0.6693551,0.15615231,,,,,,0.047277085,0.09992263,0.16299976,0.88473254,0.44066578,-0.07403365,0.1192665
,,-3.455236,1.0336995,-9.093125,1711231888085,,-0.27015495,-0.013897174,0.21784966,,,,,,-0.12010144,-0.3050332,0.18271402,0.8651656,0.4608093,-0.11559684,0.14382495
,,-3.9024546,1.1687344,-8.825848,1711231888334,,-0.06856957,-0.08720095,0.5519927,,,,,,-0.11300121,-0.29453442,0.27039477,0.85251683,0.4752909,-0.13191895,0.16246839
,,-4.150271,1.4070596,-8.724391,1711231888585,,-0.12171481,-0.12507457,-0.26778784,,,,,,-0.13066556,-0.30463266,0.20617822,0.8447827,0.48198128,-0.13687392,0.18140426
,,-4.3080378,1.7525033,-8.60802,1711231888836,,-0.17608178,0.0716239,0.13355032,,,,,,-0.14846283,-0.26418054,0.17263469,0.8390303,0.4854256,-0.13602376,0.19918557
,,-4.377031,2.1414964,-8.524192,1711231889089,,0.12873976,0.04963276,0.19036074,,,,,,-0.1436939,-0.19834378,0.08162791,0.8344495,0.4873007,-0.13064806,0.21646048
,,-4.1651864,2.599323,-8.445467,1711231889343,,0.045662142,0.11988221,0.21968225,,,,,,-0.0072963475,-0.07235696,0.08301108,0.8344374,0.48393857,-0.120038815,0.23046462
,,-4.085266,3.0082564,-8.397132,1711231889595,,0.05665771,0.1632536,0.100563616,,,,,,-0.04499015,-0.0067938366,0.08320036,0.84240574,0.46785602,-0.109648705,0.24108665
,,-4.00718,3.1196828,-8.422338,1711231889847,,-0.038026333,0.22617269,-0.075976305,,,,,,-0.12873743,-0.09393194,0.04301173,0.8511875,0.45142165,-0.10170832,0.24509777
52.52688895,13.3980742,-3.8845885,3.0998223,-8.573403,1711231890000,10.336578,0.035888307,0.26710063,-0.6984475,,,,,,-0.574753,-0.1861127,0.1575346,0.87165445,0.42390713,-0.080579706,0.23038858
,,-3.9390643,3.1830919,-8.413484,1711231890098,,-0.16508621,0.15714496,-0.37713265,,,,,,-0.21417464,-0.12228377,0.08666448,0.85728747,0.44084027,-0.0953202,0.24480632
,,-3.90389,3.1812575,-8.4401245,1711231890350,,-0.10033454,0.2640463,-0.15722132,,,,,,-0.3560901,-0.16350524,0.10501846,0.8643066,0.43022195,-0.08871637,0.24210244
,,-3.9206398,3.1655443,-8.535119,1711231890602,,-0.07284562,0.32146758,-0.5500074,,,,,,-0.5246848,-0.1817608,0.102472305,0.87133217,0.42105106,-0.08426685,0.23599945
,,-3.8632927,3.0267613,-8.624052,1711231891106,,-0.27259842,0.16997312,-0.59887654,,,,,,-0.5869002,-0.104261465,0.1689379,0.86282724,0.44246525,-0.07795905,0.22375706
,,-3.9448085,3.153262,-8.622296,1711231891356,,-0.10216714,0.13698642,-0.7216604,,,,,,-0.60434,0.119687006,0.21695884,0.8385614,0.48060623,-0.07198314,0.22351362
,,-4.045466,3.2462626,-8.601878,1711231891606,,-0.22495095,0.16997312,-0.96111935,,,,,,-0.5712407,0.3069606,0.22901827,0.7932816,0.53866285,-0.06167381,0.2271884
,,-4.070032,3.2861428,-8.580981,1711231891860,,-0.1357647,0.083230324,-0.8743766,,,,,,-0.39952022,0.47331598,0.25277668,0.72352844,0.611319,-0.04691695,0.23255982
,,-4.120042,3.2812774,-8.467242,1711231892111,,0.43417215,-0.39935285,-0.6428588,,,,,,-0.14608869,0.6580627,0.30830616,0.63626,0.68988883,-0.032211144,0.2415275
,,-4.215595,3.2938795,-8.2640915,1711231892360,,-2.4265077,0.23961172,1.8494694,,,,,,0.16664353,0.6734318,0.3135206,0.5514295,0.7572194,-0.014998777,0.25997803
,,-4.1337605,3.9267812,-7.341819,1711231892611,,-0.30436337,-0.76037395,0.35285076,,,,,,0.3632116,0.45783576,0.5077302,0.47693112,0.7986764,0.043908335,0.29202226
,,-3.7423744,5.4727044,-5.8771715,1711231892862,,-1.0911572,-0.50197816,0.7554107,,,,,,0.6716252,1.0100062,0.74186,0.41996273,0.8143623,0.110134706,0.32646337
,,-3.0163124,6.4504113,-4.7359543,1711231893113,,-0.33735007,0.03497201,0.20196716,,,,,,1.1079311,0.81011164,0.7612994,0.38080132,0.80278546,0.19035849,0.35592717
,,-2.1999617,7.5345206,-3.572484,1711231893364,,0.62292933,-1.7456988,-0.28061602,,,,,,1.4352406,0.6468741,0.6001993,0.3698011,0.76545507,0.27390224,0.3860807
,,-1.576631,8.650772,-2.3836503,1711231893615,,-0.19379686,-1.2735003,-0.18104506,,,,,,1.438623,0.43054217,0.42396697,0.39352685,0.70445794,0.34480685,0.4283435
52.5269959,13.39804961,-0.86995053,9.751789,-1.4150354,1711231894000,10.564184,-0.28115052,-0.14767656,0.11950042,,,,,,1.3478148,0.40324178,0.07596441,0.4253102,0.63472766,0.40794224,0.47044313
,,-0.2867399,10.364033,-0.9737193,1711231894115,,0.59421873,0.12293654,-0.08452842,,,,,,1.368285,0.6199003,-0.28568572,0.45650592,0.5750915,0.4271837,0.5028517
,,-0.18783659,9.80866,-1.3992429,1711231894367,,0.14462224,-0.7994693,-0.1786016,,,,,,1.1545498,-0.10665808,-0.6812985,0.4912031,0.530726,0.42395815,0.5232981
,,-0.5122236,9.740624,-1.5361124,1711231894620,,-0.0056504994,-0.46838057,0.2325104,,,,,,0.7742313,-0.13893801,-0.8338655,0.5348321,0.4901587,0.38716444,0.549641
,,-0.96422774,9.6733055,-1.6449062,1711231894869,,-0.14981459,0.23533566,-0.050319985,,,,,,0.39319292,-0.14496854,-0.774482,0.5773903,0.45292,0.34071228,0.5766753
,,-1.0958331,9.649935,-1.8778872,1711231895121,,0.114689864,-0.21731515,0.023594651,,,,,,0.31852704,-0.09996707,-0.81268096,0.6025104,0.4316973,0.30792305,0.58873516
,,-1.3720447,9.646106,-1.9676979,1711231895373,,0.004123337,0.0697913,-0.043600474,,,,,,0.16596219,-0.105764195,-0.62224567,0.6238526,0.41845906,0.27649328,0.59334344
,,-1.683351,9.547522,-2.1812172,1711231895624,,-0.1443168,0.3404044,-0.013057235,,,,,,0.015173423,-0.16134332,-0.5384833,0.6427654,0.40794435,0.24665618,0.5965492
,,-1.6425134,9.552146,-2.113979,1711231895876,,-0.108886644,-0.048716467,0.017486004,,,,,,0.08517339,-0.1613973,-0.4998676,0.6520193,0.39399272,0.23099056,0.60450023
,,-1.5340385,9.655278,-1.9054843,1711231896126,,0.13729186,-0.16661337,0.037033677,,,,,,0.113741755,-0.07949044,-0.36256617,0.65508276,0.3841905,0.23073696,0.6080485
,,-1.4561121,9.699945,-1.8939191,1711231896377,,0.17944153,-0.12751803,-0.055206906,,,,,,0.12156965,-0.03661073,-0.34943783,0.6586243,0.37886733,0.22911505,0.60816216
,,-1.4928818,9.700903,-1.8715863,1711231896627,,0.10430516,-0.34559676,-0.098578304,,,,,,0.06524777,-0.01941649,-0.24730892,0.6659325,0.37167233,0.2212016,0.60744435
52.52700486,13.39805133,-1.5763115,9.63151,-1.9520648,1711231897000,10.17966,-0.08811724,0.10949751,-0.049098257,,,,,,0.038264744,-0.044720396,-0.18084021,0.673622,0.36605787,0.21009299,0.60556906
,,-1.7351153,9.560523,-2.11039,1711231897131,,-0.22128576,0.19013166,0.017486004,,,,,,-0.038465742,-0.068754226,-0.22089134,0.6791176,0.3632339,0.19876896,0.60450304
,,-1.8547567,9.577512,-2.1034505,1711231897382,,0.24297146,-0.42684177,0.14271328,,,,,,-0.056642134,-0.024373626,-0.13958058,0.6855646,0.3572192,0.18601006,0.6050011
,,-1.8751752,9.576874,-2.1907887,1711231897632,,0.0016798781,-0.20021093,-0.027717989,,,,,,-0.013007891,0.015316169,-0.09832902,0.6948168,0.3484979,0.16958919,0.60472494
,,-1.9832512,9.552466,-2.1831317,1711231897883,,0.20387612,-0.07131846,-0.09735657,,,,,,-0.022142189,0.02116038,0.011264706,0.7022751,0.34118462,0.15569048,0.6044606
,,-2.0944376,9.445746,-2.3136203,1711231898134,,-0.05574141,0.20662501,-0.15477787,,,,,,-0.025165414,-0.026737722,-0.007790343,0.7084192,0.33602145,0.14220817,0.6036052
,,-2.1221144,9.442556,-2.4209783,1711231898386,,-1.527162E-4,-0.013897174,-0.07353285,,,,,,0.017553719,0.013348739,-0.054321624,0.71176946,0.33450013,0.1339274,0.6022692
,,-2.1974883,9.426126,-2.4047072,1711231898638,,-0.04780017,0.23044874,-8.3993905E-4,,,,,,0.019135643,0.05178887,0.06087474,0.71646816,0.33220822,0.124986574,0.59988
,,-2.3024535,9.302338,-2.6008384,1711231898891,,-0.0594066,0.10399973,-0.035048366,,,,,,0.011585113,-6.4287183E-4,0.017874073,0.72027934,0.3346223,0.115924284,0.5960153
,,-2.476093,9.222577,-2.785086,1711231899142,,0.17577635,0.15225805,-0.03810269,,,,,,-0.03972939,-0.01817293,-0.046392426,0.7208347,0.34189013,0.111321196,0.59210473
,,-2.530171,9.15454,-3.0190241,1711231899392,,-0.22372922,0.47662723,-0.112017326,,,,,,-0.022980038,-0.016971175,-0.119236246,0.7207822,0.35311708,0.11075796,0.58539706
,,-2.6621747,9.043753,-3.0981474,1711231899645,,-0.67821264,1.0545053,-0.6984475,,,,,,-0.11693339,-0.082915224,-0.095021315,0.71473026,0.37159964,0.12103113,0.577906
52.52700505,13.39805157,-2.7905896,9.080762,-3.0770109,1711231900000,10.046686,0.21853687,0.37216938,0.081015944,,,,,,-0.2295782,-0.028353611,-0.08620796,0.6972996,0.3991976,0.14293098,0.57152355
,,-2.7487152,9.134521,-3.2814376,1711231900149,,-0.30558512,0.41554075,0.3974439,,,,,,-0.29227656,-0.03517944,-0.11171207,0.6764666,0.42876807,0.17706606,0.5612923
,,-2.2999015,9.270273,-2.9946973,1711231900399,,-0.39171705,1.3153446,0.06818778,,,,,,-0.18024929,0.00845011,0.057362545,0.6545652,0.45388934,0.22300291,0.5469788
,,-1.7276976,9.283833,-2.8476183,1711231900649,,-0.830318,1.0453423,0.15309799,,,,,,-0.039863817,-0.09495241,-0.09584342,0.6201685,0.48402736,0.28529993,0.52459395
,,-1.1840483,9.560285,-2.3884356,1711231900900,,0.37614,0.33979353,0.14882194,,,,,,0.022671359,0.009930849,-0.25630394,0.57357204,0.5093495,0.3597534,0.5010569
,,-0.7373084,9.965867,-1.8967109,1711231901151,,3.3058474,0.37400195,-0.76197743,,,,,,0.05172839,0.3330868,0.09233117,0.5322209,0.54301137,0.41672498,0.46744373
,,-0.46971104,9.361123,-2.2901704,1711231901402,,-1.6775874,-0.5031999,0.7144827,,,,,,0.14683896,0.077494524,0.37128204,0.5107207,0.5883473,0.4234487,0.42221346
,,-0.21048865,9.317652,-2.7047668,1711231901654,,-0.65988666,-0.32788166,0.6112466,,,,,,0.35191092,0.24689819,0.16434982,0.5026861,0.61640173,0.42110795,0.3963622
,,-0.40909296,9.4147215,-2.709792,1711231901905,,0.115911596,1.4753911,0.10545053,,,,,,0.45244566,0.26877365,0.39651966,0.49896333,0.62921554,0.41715342,0.38886458
,,-0.67908305,9.442398,-2.4716263,1711231902156,,-1.2121085,-1.0120503,1.2074506,,,,,,0.32423925,0.3187303,0.5149671,0.5039375,0.6147491,0.40434822,0.4088353
,,-0.38021955,9.651051,-1.727538,1711231902408,,-1.2512038,2.2817326,0.7254783,,,,,,0.26988038,0.6305258,0.9400905,0.50312597,0.5837104,0.40721333,0.42995942
,,0.4321438,8.586963,0.22532412,1711231902665,,-3.961,-3.8104217,-1.8474841,,,,,,0.7622464,-0.13888897,1.5930429,0.4856513,0.5345,0.44623098,0.44421917
52.52701308,13.39806586,0.7862815,8.4648485,1.9736799,1711231903000,9.935046,-3.1198392,-1.3358085,-1.9855396,,,,,,0.048497662,-0.3807334,1.4742619,0.48829702,0.41152903,0.48406094,0.51128596
,,1.6989042,7.9640303,4.230431,1711231903166,,-1.5664101,-0.11041381,-0.11140647,,,,,,-0.11954815,-0.49382243,1.6602325,0.46357375,0.27101204,0.47689712,0.5928288
,,2.7732813,7.105006,5.3950973,1711231903417,,0.5239693,-0.043218683,0.3229184,,,,,,-0.3229981,-0.6515169,1.2482791,0.42854902,0.13090248,0.43432292,0.6653896
,,3.884269,6.6187067,6.3230343,1711231903673,,0.020616686,2.1870487,0.04619665,,,,,,-0.18578433,-0.58356786,1.1350392,0.40063202,0.009430635,0.3782092,0.71825206
,,3.6464224,5.474778,7.0610604,1711231903924,,-0.48579022,0.5517636,0.37423104,,,,,,-0.32477507,-1.0520645,0.95888895,0.3811728,-0.0634752,0.30184358,0.78226453
,,3.1278183,5.4271607,6.4917283,1711231904181,,-0.2206749,-0.2008218,0.4597521,,,,,,-0.7623475,-0.62718964,-0.11850406,0.37040025,-0.12502556,0.20775008,0.86707366
,,3.3874393,5.532923,7.1458464,1711231904434,,-0.79427695,0.09117157,0.26305366,,,,,,0.002666227,0.007382806,-0.16961583,0.32877094,-0.13809395,0.15561572,0.9108771
,,3.063292,5.0652065,7.47446,1711231904686,,-0.23655738,0.33796093,0.027259842,,,,,,0.14674473,-0.23476852,-0.15618111,0.30308047,-0.12320517,0.14484452,0.92516834
,,2.4494529,4.93081,7.8128047,1711231904936,,-0.14676027,0.18585561,0.3577377,,,,,,0.077226356,-0.18608098,-0.24737549,0.28865346,-0.08986663,0.15786481,0.93381304
,,1.8897718,4.7490344,8.568458,1711231905188,,0.2197586,0.10827578,0.24411684,,,,,,0.029389938,-0.12988926,0.07247842,0.27335778,-0.05169485,0.18239236,0.9418276
,,2.055116,4.619743,8.520044,1711231905438,,-0.13942988,0.08811724,0.10545053,,,,,,0.20751762,-0.23881154,-0.06988427,0.27020106,-0.042756423,0.2014169,0.9397748
,,2.0563118,4.7952166,8.552906,1711231905688,,-0.21151192,-0.15439607,-0.034437504,,,,,,0.150289,-0.088640384,-1.686414E-5,0.27298513,-0.04323973,0.21238714,0.93635005
52.52705012,13.39805763,2.1322439,4.7890744,8.587842,1711231906000,9.935046,0.045662142,0.056963142,-0.3117701,,,,,,0.20132151,-0.16542004,0.15226714,0.2755219,-0.043121994,0.21953844,0.9340244
,,2.0394819,4.861258,8.4127655,1711231906189,,-0.1357647,0.116217025,-0.3588067,,,,,,0.19748794,-0.116852194,0.050857257,0.27630886,-0.03622497,0.22365136,0.933325
,,1.8969498,5.01735,8.561121,1711231906490,,0.052381653,0.4271472,0.34613127,,,,,,0.22957735,0.09120459,0.13643475,0.27134243,-0.02826641,0.22407393,0.9348422
,,1.575913,4.6565127,8.679884,1711231906743,,-0.34284785,0.087506376,0.38461575,,,,,,0.039720997,-0.18655053,0.18454489,0.262781,-0.01907018,0.22387426,0.9373039
,,1.3575282,4.629554,8.648858,1711231906995,,-0.22556181,-0.1574504,-0.23480114,,,,,,-0.020247111,-0.0702658,0.067228764,0.25222018,-0.012945075,0.2222599,0.9407786
,,1.284786,4.577071,9.031152,1711231907254,,0.027336199,-0.030390523,-0.21891867,,,,,,0.033821087,0.0225919,0.32383958,0.24255307,-0.009790387,0.21537608,0.94521004
