100#1#2
key,lat,lon,ts,bike,childCheckBox,trailerCheckBox,pLoc,incident,i1,i2,i3,i4,i5,i6,i7,i8,i9,scary,desc,i10
,,,,1,0,0,2,-5,0,0,0,0,0,0,0,0,0,0,,0

=========================
100#1
lat,lon,X,Y,Z,timeStamp,acc,a,b,c,obsDistanceLeft1,obsDistanceLeft2,obsDistanceRight1,obsDistanceRight2,obsClosePassEvent,XL,YL,ZL,RX,RY,RZ,RC
52.55377166666667,13.050763333333334,-8.9647665,1.8047335,-2.4050996,1710917476000,1.9,-0.066613376,-1.2005062,-2.769651,,,,,,-0.08171498,-0.05153757,0.65236294,0.094339445,0.8025776,0.052887317,0.5755088
,,-9.265533,1.7282333,-2.3859665,1710917476730,,1.0201173,1.6124433,0.3823608,,,,,,-0.30943787,0.16331412,0.5258698,0.08261386,0.7985473,0.042917833,0.5820814
,,-9.884067,1.3962666,-2.8187,1710917476982,,-0.50612843,0.035837997,0.15281108,,,,,,-0.8135601,0.6250103,0.22752734,0.06715541,0.8049193,0.0037254647,0.57863957
,,-9.379133,1.4344666,-2.820733,1710917477234,,0.22315481,0.92805755,1.403011,,,,,,-0.4023074,0.32148686,0.36349106,0.078933306,0.80849755,0.016967542,0.5717829
,,-8.922601,1.8896,-2.4514005,1710917477484,,-0.25539568,-1.2617905,-3.0567546,,,,,,-0.00893197,0.070490345,0.5417287,0.087297685,0.8013055,0.055103224,0.57825017
,,-9.184535,1.6981002,-2.4540334,1710917477735,,1.005862,1.1809219,0.6266986,,,,,,-0.18343782,0.23770364,0.40687716,0.075333215,0.79783124,0.04089563,0.5846466
,,-9.880168,1.4485668,-2.9165332,1710917477985,,-1.4126033,-0.5800693,0.8915534,,,,,,-0.798561,0.6641959,0.10838513,0.06459596,0.804473,0.0059552346,0.5797523
,,-9.322633,1.5424668,-2.7255335,1710917478235,,0.2828404,0.5298428,0.68158805,,,,,,-0.36477777,0.21628748,0.41834894,0.08158229,0.8070184,0.028162356,0.57294124
,,-8.905,1.9298,-2.3752334,1710917478484,,-0.418332,-0.32893685,-2.7505996,,,,,,0.011042277,-0.040269956,0.5625255,0.08873699,0.7994595,0.063568294,0.58020973
,,-9.194166,1.6938332,-2.3926332,1710917478735,,0.9561684,1.143352,0.41620037,,,,,,-0.20593056,0.18570487,0.5114775,0.07652921,0.7992056,0.043213524,0.582568
,,-9.886834,1.4674332,-2.7696333,1710917478985,,-1.6938449,-1.1718625,1.2945644,,,,,,-0.82166517,0.6151713,0.2993401,0.0660627,0.80581874,0.009288434,0.57778335
52.55391833333333,13.050729999999998,-8.964634,1.9459668,-2.2013001,1710917479000,1.9,0.044897415,-0.15600853,-2.8991473,,,,,,-0.03680601,-0.046739046,0.6509782,0.08634874,0.7969174,0.0668262,0.58319724
,,-9.293501,1.6068001,-2.5705,1710917479235,,0.05382361,0.232081,0.5647482,,,,,,-0.3505236,0.16853195,0.5617027,0.08250082,0.8065488,0.034780886,0.5729431
,,-9.327768,1.5734333,-2.367433,1710917479735,,0.96189713,1.1729283,0.27964294,,,,,,-0.2968224,0.18477981,0.4459018,0.07201845,0.79682,0.038820542,0.5864488
,,-9.8573675,1.3765333,-2.7404664,1710917479987,,-1.5018651,-0.84878767,1.4786837,,,,,,-0.80157673,0.5711905,0.3213517,0.06496857,0.8056529,0.007331825,0.5775468
,,-9.287033,1.5869,-2.6375668,1710917480238,,0.13589129,0.26072475,0.46695977,,,,,,-0.3627803,0.13435546,0.4789273,0.08109672,0.80608207,0.036934774,0.5728292
,,-9.121799,1.9260999,-2.2993333,1710917480490,,0.4367173,0.11630695,-2.547562,,,,,,-0.21547604,-0.037083317,0.58717513,0.084522486,0.7980793,0.06657659,0.5811351
,,-9.425399,1.4664334,-2.5040667,1710917480742,,0.88369304,0.5668798,0.18558486,,,,,,-0.43373585,0.1285359,0.43911472,0.07341657,0.80092335,0.035108585,0.58039725
,,-9.826368,1.3478998,-2.7648,1710917480993,,-1.8134825,-0.6594724,1.9255263,,,,,,-0.8251005,0.5205194,0.463896,0.06926543,0.8107825,0.0060934434,0.5699273
,,-9.2019005,1.6337665,-2.6351001,1710917481243,,0.088196106,0.034905408,0.39022115,,,,,,-0.35880274,0.0642858,0.64037704,0.088868834,0.81031203,0.039491236,0.56519604
,,-9.0329,1.9641664,-2.2575998,1710917481493,,0.51505464,0.28070876,-2.672795,,,,,,-0.20549652,-0.17636824,0.7174674,0.09605755,0.7996902,0.07011332,0.5762442
,,-9.479966,1.5496663,-2.4426,1710917481743,,0.86943775,0.62869704,0.13482547,,,,,,-0.5307013,0.009520221,0.51429427,0.08748784,0.8000052,0.03801708,0.57926774
,,-9.695699,1.3575997,-2.8104002,1710917481993,,-1.8282707,-0.4357847,1.8393285,,,,,,-0.73729146,0.23108096,0.39153895,0.09012282,0.80784506,0.010388548,0.5703803
52.55406166666667,13.050696666666665,-8.957867,1.9643002,-2.4059334,1710917482000,1.9,-0.18345323,0.21409538,-2.4952037,,,,,,-0.14013292,-0.42479128,0.4507939,0.11535214,0.7935012,0.07190959,0.58158493
,,-9.214902,1.771633,-2.6409001,1710917482243,,0.0951239,-0.0776712,0.25326407,,,,,,-0.38574028,-0.08460326,0.52207506,0.107985966,0.80448455,0.043926198,0.5700046
,,-9.534801,1.6634337,-2.5332334,1710917482743,,0.74567014,0.8890221,0.20676792,,,,,,-0.5668312,-0.0682538,0.31195146,0.101691134,0.7947672,0.039594326,0.58496934
,,-9.726233,1.4308667,-2.8996336,1710917482993,,-1.8181455,-0.18398614,1.5939249,,,,,,-0.74023944,0.19380254,0.23927039,0.097737774,0.80489236,0.011498216,0.5744641
,,-9.3404,1.8009666,-2.7713335,1710917483243,,0.21729283,0.40607515,0.6334932,,,,,,-0.4830122,-0.07523783,0.36124134,0.10875497,0.8034574,0.0444221,0.5723133
,,-8.9227,2.031,-2.3883667,1710917483493,,0.26325607,0.11790568,-2.6877165,,,,,,-0.10383892,-0.38010088,0.47399908,0.11032025,0.7943771,0.07698013,0.58132064
,,-9.4304,1.7271334,-2.5260663,1710917483743,,0.86677325,1.0523582,0.21729283,,,,,,-0.46523207,-0.042341333,0.3295708,0.09389678,0.79617876,0.047803763,0.5840096
,,-9.6849985,1.4806333,-2.8344665,1710917483996,,-1.6938449,-0.70436984,1.4236611,,,,,,-0.7140859,0.22685131,0.34712234,0.090492934,0.8073337,0.01840022,0.5715883
,,-9.271732,1.8136,-2.7210999,1710917484246,,0.15174527,0.52771115,0.81814545,,,,,,-0.4225017,-0.025245031,0.48025954,0.102908686,0.80657077,0.046847038,0.5687448
,,-8.7077,2.0119998,-2.3268,1710917484496,,-0.23367973,-0.50026643,-2.6749268,,,,,,0.09547755,-0.39403838,0.6193777,0.10997547,0.7973429,0.077459484,0.5773048
,,-9.2817335,1.8295335,-2.3828,1710917484747,,1.1089795,1.1195045,0.51771915,,,,,,-0.34830981,0.03043724,0.5578397,0.09613141,0.79856616,0.04879614,0.58013916
,,-9.663366,1.5099667,-2.8284671,1710917484998,,-1.6859845,-0.86943775,1.1396216,,,,,,-0.70838994,0.29016945,0.4271512,0.09555518,0.8089111,0.013274336,0.568828
52.55419833333334,13.050683333333332,-8.709867,2.0101666,-2.2921,1710917485000,2.0,-0.09459099,-0.86250997,-2.8426592,,,,,,0.06602011,-0.3720228,0.74579334,0.12176243,0.79832166,0.06763527,0.57497483
,,-9.390432,1.8638667,-2.6959999,1710917485248,,0.428324,0.6673328,0.8350653,,,,,,-0.55175847,0.10710241,0.5886773,0.11096821,0.80801696,0.03637336,0.5662033
,,-9.438801,1.8662333,-2.4373002,1710917485752,,1.0480949,1.5944577,0.60071945,,,,,,-0.5192775,0.075782426,0.49228606,0.10753284,0.79640156,0.039864495,0.58141994
,,-9.869401,1.4104668,-2.8621,1710917486003,,-0.5901945,-0.12523314,0.43152145,,,,,,-0.91317827,0.2776479,0.34696838,0.10370867,0.80597454,0.0018657077,0.5709645
,,-9.469701,1.6948334,-2.7797332,1710917486253,,0.3426592,0.7376765,1.2274181,,,,,,-0.62093776,0.093330584,0.4991917,0.11758132,0.80672663,0.021667726,0.56689054
,,-8.785335,1.9503669,-2.3304331,1710917486503,,-0.13162804,-0.79110044,-2.5194511,,,,,,-0.015880935,-0.2992414,0.7517005,0.12781297,0.7986683,0.054755803,0.5737573
,,-9.354168,1.8034666,-2.3774335,1710917486753,,1.3168132,1.6494805,0.69437784,,,,,,-0.4528885,0.08897206,0.6153982,0.11397659,0.7976096,0.030315408,0.5787013
,,-9.8074665,1.3944334,-2.8683002,1710917487003,,-0.9545697,-0.60231817,0.12216893,,,,,,-0.8615505,0.39599836,0.40777156,0.111432396,0.80721134,-0.011218293,0.5665077
,,-9.319266,1.5919334,-2.9235,1710917487253,,-0.2733813,0.15747403,1.4432454,,,,,,-0.49027416,0.19253378,0.5326379,0.1277121,0.8110534,0.0031783958,0.5584045
,,-8.706667,2.0399668,-2.4641333,1710917487503,,-0.24580336,-1.1978418,-2.3750334,,,,,,0.03725497,-0.103691176,0.7757148,0.1414118,0.8017632,0.0396173,0.5666181
,,-9.2283325,1.9222666,-2.5704672,1710917487753,,0.7593925,-0.28550494,0.13962163,,,,,,-0.34464893,0.20093821,0.4596028,0.12989539,0.7964615,0.020165365,0.5765068
52.554336666666664,13.05066,-8.809701,2.0180004,-2.5668333,1710917488000,2.0,-0.09032774,-1.0624833,-1.7442046,,,,,,0.017599916,-0.047516312,0.49517718,0.13497898,0.7972116,0.037186828,0.5755949
,,-9.622969,1.3635333,-2.9143,1710917488003,,-0.9127365,-0.60178524,-0.12683187,,,,,,-0.62915367,0.36486468,0.23938529,0.12163422,0.80196196,-0.01939909,0.57212174
,,-9.3111315,1.5501999,-3.0684667,1710917488253,,-0.05861977,0.30668798,1.7907008,,,,,,-0.39195564,0.2742301,0.20240314,0.12939522,0.8048897,-0.0071171355,0.56705403
,,-9.158001,1.9920335,-2.4729667,1710917488753,,1.7949641,0.54463094,0.4457767,,,,,,-0.21410131,0.16605623,0.34722525,0.120513424,0.7912055,0.03143676,0.58636314
,,-9.680767,1.4667667,-2.7990334,1710917489014,,-1.498801,-0.33000267,-0.2585931,,,,,,-0.63765043,0.36921397,0.20080575,0.1094779,0.79900634,-0.00615186,0.5796679
,,-9.389633,1.5912668,-2.7708666,1710917489265,,-0.2918998,-0.18931521,1.6024513,,,,,,-0.4230771,0.3263143,0.43135178,0.11516665,0.8050016,0.0011108147,0.5710087
,,-8.955466,2.1054003,-2.369967,1710917489515,,-0.2669864,-0.96243006,-1.1946443,,,,,,-0.11637114,0.042603645,0.68298215,0.12588502,0.79826486,0.0435341,0.57603705
,,-9.231432,2.0421004,-2.1800337,1710917489765,,1.9969357,2.1620038,0.021582734,,,,,,-0.31967556,0.005391701,0.58997756,0.12006079,0.78949296,0.045312062,0.5879253
,,-9.7776,1.5096002,-2.532433,1710917490015,,-1.344258,-0.29509726,-0.19824141,,,,,,-0.71602327,0.2535449,0.30553818,0.10645516,0.7939445,0.005298941,0.5868246
,,-9.533199,1.4222003,-2.5922666,1710917490265,,-1.0434319,0.21569411,1.9730881,,,,,,-0.52938753,0.20176245,0.4748513,0.110363536,0.80107445,8.2855363E-4,0.57709306
,,-9.218731,1.8566669,-2.3231337,1710917490515,,-0.17865707,-0.31987745,-0.41926458,,,,,,-0.3166652,-0.09511192,0.5751461,0.11694065,0.79464936,0.04175203,0.58253604
,,-9.288067,1.8746333,-2.2077668,1710917490765,,1.0666133,1.3178791,-1.2765788,,,,,,-0.3692292,-0.2599282,0.46509853,0.11476143,0.78730667,0.05483385,0.59102654
52.55446833333334,13.050630000000002,-9.3313,1.9730667,-2.4137,1710917491000,2.0,0.058086865,-0.37063682,0.21835865,,,,,,-0.45223942,0.023627957,0.6452225,0.117517635,0.7997148,0.042126082,0.5764392
,,-9.926899,1.5388666,-2.4976,1710917491015,,0.11897149,0.45949906,0.13535838,,,,,,-0.85010606,0.15023015,0.2430564,0.097994246,0.7921504,0.019167928,0.5905793
,,-9.645501,1.4305332,-2.6960669,1710917491265,,-1.2607248,-0.5013323,1.8721023,,,,,,-0.6435215,0.19600192,0.42268002,0.10391655,0.8039352,0.0065635135,0.57471555
,,-9.0654335,2.0570998,-2.2431335,1710917491765,,0.086730614,0.039568346,-2.7463362,,,,,,-0.19799933,-0.27666596,0.54750025,0.12620617,0.7895127,0.059731588,0.5868221
,,-9.712966,1.8514999,-2.3334005,1710917492015,,0.9381828,0.95243806,0.30242473,,,,,,-0.66780007,0.27934703,0.3991818,0.11349389,0.7893886,0.01961509,0.59135884
,,-9.516299,1.4288331,-2.8092337,1710917492265,,-1.3068212,-0.4087397,1.0872635,,,,,,-0.48234618,0.28619483,0.21114229,0.1204135,0.79800767,-0.0117516825,0.57933587
,,-9.287467,1.865733,-2.6217668,1710917492515,,0.28657076,0.68745005,0.9159339,,,,,,-0.3219783,0.19199787,0.31398907,0.1303297,0.7939738,0.014520465,0.5821969
,,-8.847834,1.9281334,-2.3701665,1710917492766,,-0.28017586,-0.20570211,-2.7817745,,,,,,0.111395165,-0.19055647,0.23499851,0.13266185,0.7826437,0.04037396,0.5946853
,,-9.131766,1.6368668,-2.7136667,1710917493017,,0.8233413,1.13749,0.32680523,,,,,,0.0022248267,0.21009912,-0.21684046,0.11170044,0.782111,0.010718784,0.6008674
,,-9.417334,1.3580002,-3.1477,1710917493267,,-1.5584866,-0.54249936,1.180389,,,,,,-0.2697577,0.42028573,-0.35676843,0.1037599,0.79298383,-0.013803667,0.5892794
,,-9.025701,1.7131667,-3.0579002,1710917493517,,0.3505196,0.60071945,0.66160405,,,,,,-0.0045985063,0.13260095,-0.23022512,0.11154883,0.79323554,0.021963704,0.5865169
,,-8.579067,1.9990331,-2.5997999,1710917493767,,-0.037969623,-0.31308287,-2.9473755,,,,,,0.38913682,-0.19814415,-0.026222337,0.110686414,0.7849346,0.061273932,0.59581834
52.55460166666667,13.050606666666665,-9.349733,1.9023334,-2.8270335,1710917494000,2.0,0.36330935,0.44044763,0.51185715,,,,,,-0.43654487,0.09596688,0.17728376,0.1033851,0.79998505,0.043408964,0.577792
,,-9.063501,1.7719332,-2.7673333,1710917494018,,0.96349585,1.3221422,0.29403144,,,,,,-0.0032998244,0.09545846,-0.18960527,0.09456417,0.7868376,0.03993764,0.59675545
,,-9.457633,1.5483334,-3.2256668,1710917494268,,-1.8060218,-0.59179324,1.4701573,,,,,,-0.39817017,0.38582483,-0.2863836,0.09002199,0.79935867,0.011521781,0.5828028
,,-8.906099,2.1643,-2.3763335,1710917494768,,0.29869437,-0.0062616575,-3.0969892,,,,,,-0.047463257,-0.23552075,0.35882503,0.10848503,0.79043764,0.07745457,0.5866288
,,-9.283334,1.8168334,-2.5234668,1710917495018,,0.814948,0.9127365,0.12057021,,,,,,-0.3023571,-0.0012582302,0.19678777,0.09596725,0.7913341,0.04923076,0.58927953
,,-9.776867,1.5847666,-2.9280334,1710917495268,,-1.7801758,-0.6308287,1.455369,,,,,,-0.74699575,0.33485463,0.05502182,0.090971306,0.8006796,0.016850157,0.5804851
,,-9.241933,1.8072333,-2.7593002,1710917495518,,0.015321077,0.041699972,0.32893685,,,,,,-0.33780336,-0.040365506,0.23702623,0.103937134,0.79987323,0.0456913,0.5773584
,,-8.8533,2.0344,-2.3615997,1710917495768,,-0.27711165,-0.13269384,-3.160405,,,,,,0.047268264,-0.31578493,0.30006078,0.10204128,0.78909224,0.07856525,0.5891954
,,-9.171866,1.6892334,-2.5524333,1710917496018,,0.7636557,0.88422596,0.0137223555,,,,,,-0.14581494,0.0017715414,0.11828235,0.08234387,0.79114056,0.050560888,0.59130585
,,-9.667335,1.4961,-2.8949668,1710917496268,,-1.6632028,-0.3875566,1.7985611,,,,,,-0.61547965,0.41983846,0.11059839,0.07102581,0.8032694,0.019919943,0.5796502
,,-9.0784,1.7653334,-2.7817671,1710917496518,,-0.108846255,-0.34532374,0.6482814,,,,,,-0.1866931,0.08003747,0.32440498,0.08226673,0.8052939,0.051014464,0.57263577
,,-8.903167,1.9884335,-2.3081,1710917496768,,0.8721023,0.66466826,-2.5078604,,,,,,-0.03523601,-0.1444692,0.5701008,0.081595756,0.7977581,0.07978819,0.58048934
52.554733333333324,13.050571666666666,-8.966734,1.5207666,-2.7850997,1710917497000,2.1,-0.8350653,-1.3130828,-0.99786836,,,,,,-0.14079954,-0.090565115,0.56458914,0.092763506,0.8118934,0.03952124,0.5632269
,,-9.328001,1.5710002,-2.484533,1710917497018,,0.4003464,0.28710365,0.32733813,,,,,,-0.35486567,0.12693836,0.44070804,0.06741745,0.80057275,0.046376225,0.5806746
,,-9.7282,1.4845003,-2.954533,1710917497268,,-1.5933919,-0.4014122,1.3030908,,,,,,-0.7628178,0.5124772,0.32024467,0.069937296,0.81178963,0.015114631,0.5680949
,,-9.1718,1.7864668,-2.540767,1710917497769,,1.1661338,1.0142553,-0.43205437,,,,,,-0.2651908,-0.081507236,0.43509007,0.09287167,0.799825,0.0551116,0.57878035
,,-9.486033,1.3001336,-2.814967,1710917498022,,-0.9059419,0.05648814,0.0856648,,,,,,-0.45936653,0.0898597,0.1864695,0.0859964,0.8015745,0.018382052,0.5798973
,,-9.7823,1.3639,-3.2150667,1710917498272,,-0.96669334,-0.26072475,1.5754063,,,,,,-0.7629529,0.3814231,0.0052218437,0.08894375,0.80860066,0.0018286326,0.5720909
,,-8.825132,1.4689667,-2.8506668,1710917498522,,-0.26019186,-1.13336,-2.1815882,,,,,,-0.01596543,-0.37491372,0.4014341,0.11211241,0.80666447,0.040653586,0.5671042
,,-9.294733,1.7230666,-2.513767,1710917498773,,1.0767386,0.34945378,0.2733813,,,,,,-0.38808146,-0.25712806,0.37920874,0.102267705,0.796034,0.05525713,0.58248633
,,-9.854232,1.5077999,-2.7573667,1710917499023,,-1.2300826,-0.81388223,0.04276579,,,,,,-0.86746,0.06713657,0.22814259,0.09371277,0.8002699,0.027625361,0.5798156
,,-9.452899,1.4528667,-2.8733,1710917499273,,-0.5440981,-0.4028777,1.5071943,,,,,,-0.5799619,-0.1365623,0.40575272,0.10536955,0.8086247,0.029154688,0.56699204
,,-8.896067,1.8360333,-2.5253665,1710917499524,,-0.3241407,-0.952971,-2.5766053,,,,,,-0.16037162,-0.5444272,0.6048146,0.11955776,0.80163014,0.06946157,0.57048345
,,-9.176202,1.8340665,-2.2446666,1710917499774,,0.931255,0.502931,0.24686918,,,,,,-0.33035138,-0.38085502,0.59873277,0.10686247,0.79340905,0.06765397,0.58309656
52.554874999999996,13.050536666666668,-8.919967,1.9624999,-2.4677339,1710917500000,2.2,-1.0856647,-0.65467626,-3.0118573,,,,,,-0.064930536,-0.33493093,0.35297796,0.10535701,0.79376924,0.07332452,0.58293223
,,-9.885568,1.6468999,-2.700133,1710917500025,,-0.6584066,0.14162004,0.16600053,,,,,,-0.8472347,0.22142643,0.17734368,0.09195583,0.7969397,0.027550245,0.5851965
,,-9.358034,1.5291668,-2.6925669,1710917500277,,0.05648814,0.48121503,1.445377,,,,,,-0.4250272,-0.13915747,0.3659583,0.1019601,0.80192775,0.035926826,0.57634103
,,-9.307666,1.8181666,-2.318233,1710917500779,,1.3882228,1.2391421,0.6155076,,,,,,-0.3415291,-0.09691672,0.35327142,0.08854816,0.7903908,0.06106313,0.59021455
,,-10.0101,1.6370999,-2.793,1710917501030,,-1.3104184,-0.4167333,1.2274181,,,,,,-0.9564528,0.46438652,0.15128952,0.07618122,0.8010554,0.023310851,0.5813395
,,-9.260134,1.6095668,-2.771,1710917501280,,0.32200906,0.22102319,0.6139089,,,,,,-0.37614346,-0.07265674,0.37629095,0.0948776,0.8056805,0.042616718,0.5706904
,,-9.111867,2.0520666,-2.4728668,1710917501531,,-0.21889155,0.30242473,-2.9415135,,,,,,-0.27627927,-0.1981636,0.4339241,0.09863231,0.79706544,0.07602581,0.57898444
,,-9.193701,1.7205333,-2.5564663,1710917501782,,0.8345324,1.0480949,0.21782574,,,,,,-0.26194587,-0.05139746,0.30369234,0.09005861,0.7962846,0.051723465,0.58245826
,,-9.841735,1.6473999,-2.9508667,1710917502032,,-1.7410072,0.03903544,1.9869437,,,,,,-0.8436782,0.45440018,0.1638395,0.0866145,0.8049848,0.017517539,0.57518417
,,-8.961367,1.7409,-2.9184668,1710917502283,,-0.05861977,-0.48960832,-0.16546762,,,,,,-0.16026473,-0.14269336,0.29498595,0.10974793,0.80566,0.045225363,0.5677069
,,-9.009335,2.112533,-2.5032668,1710917502533,,1.8186784,1.5696776,-1.1978418,,,,,,-0.17672896,-0.21852055,0.34559634,0.108698204,0.79378444,0.07345932,0.5821922
,,-9.035433,1.7050331,-2.8620331,1710917502783,,-0.4044764,0.32946977,0.09139355,,,,,,-0.09021797,0.002826919,0.018096257,0.09883992,0.7960357,0.040605973,0.5826176
52.55501833333333,13.050519999999999,-8.932699,2.211367,-2.5109668,1710917503000,2.1,2.444844,1.5394351,0.0019984012,,,,,,-0.1068519,-0.06649008,0.35840866,0.11360044,0.79353184,0.066401355,0.5820007
,,-9.340199,1.7281665,-3.095,1710917503034,,-1.1967759,-0.02211564,1.7647215,,,,,,-0.38985103,0.41369626,0.08651743,0.097159535,0.8062531,0.017357443,0.5718014
,,-8.649134,1.9187331,-2.8474,1710917503284,,-0.50612843,-0.8022915,-1.1031175,,,,,,0.109253265,-0.15208985,0.38133436,0.1186113,0.80477464,0.050671276,0.56709987
,,-9.267098,1.7237335,-2.8487332,1710917503785,,-1.4204637,0.050759394,-0.07340794,,,,,,-0.289426,0.19647278,0.06931485,0.104472585,0.79650277,0.025178151,0.5823804
,,-9.274366,1.7587667,-3.0199327,1710917504035,,-0.8735678,-0.44897416,1.646283,,,,,,-0.32060513,0.43032473,0.16604553,0.107250065,0.8051342,0.010569227,0.5723716
,,-8.813833,2.0596335,-2.567,1710917504285,,-0.3823608,-0.6779909,-1.7235545,,,,,,-0.015116231,-0.04182315,0.54827225,0.12292788,0.800517,0.04870373,0.57275647
,,-9.143833,2.1806,-2.4640336,1710917504535,,2.1470823,0.72502,0.35638157,,,,,,-0.25756446,0.05731857,0.3432924,0.11485064,0.79135555,0.055031337,0.5858441
,,-9.615201,1.7635332,-2.7807,1710917504785,,-1.1380229,-0.31361577,-0.008926192,,,,,,-0.5897939,0.4275419,0.13235705,0.102611236,0.796872,0.013977985,0.58305943
,,-9.295,1.6600999,-2.935567,1710917505035,,-0.66053826,-0.60285103,1.9397815,,,,,,-0.3407487,0.3176314,0.24159451,0.11009885,0.8047841,0.009367236,0.57200813
,,-8.7767,2.047033,-2.4988334,1710917505285,,-0.24527045,-1.0349054,-2.2799094,,,,,,0.041728847,-0.080054544,0.54215366,0.12222699,0.79839677,0.050416645,0.5756203
,,-9.217733,1.9849998,-2.379833,1710917505535,,0.90700775,-0.11630695,0.041699972,,,,,,-0.3112489,-0.011459829,0.43928567,0.113618955,0.79211515,0.047825444,0.58522564
,,-9.792132,1.6486331,-2.7753992,1710917505786,,-0.8281375,0.16653344,0.17186251,,,,,,-0.77481586,0.3980192,0.2285673,0.10468381,0.7995586,0.007517734,0.57934934
52.55516333333333,13.050519999999999,-9.146567,1.8917667,-2.4943337,1710917506000,2.1,0.9910738,1.2190248,0.48387957,,,,,,-0.28319225,-0.16097623,0.43295315,0.12121075,0.7946447,0.046582557,0.5803791
,,-9.414234,1.6173332,-2.8011,1710917506037,,-0.07340794,0.22635224,1.4336531,,,,,,-0.520259,0.08447062,0.42111853,0.11855245,0.8050532,0.01600448,0.56917584
,,-8.8976345,2.1128,-2.5007005,1710917506291,,-0.3764988,-1.047562,-2.636291,,,,,,-0.11000287,-0.18238948,0.532283,0.12869076,0.79720885,0.05676371,0.57552326
,,-9.859834,1.6936997,-3.081534,1710917506793,,-1.0794032,-0.041167066,1.0153211,,,,,,-0.91251117,0.32816422,0.10620786,0.1123697,0.8044609,0.010266452,0.5715619
,,-9.1192665,1.7484332,-3.0433335,1710917507043,,0.26219025,0.2315481,0.70330405,,,,,,-0.33667082,-0.10051616,0.30914482,0.12748331,0.8079437,0.030802289,0.5623794
,,-8.831699,2.1768997,-2.7121332,1710917507293,,0.19610977,-0.27018386,-3.0303757,,,,,,-0.090742156,-0.29964733,0.3534685,0.1279359,0.79847026,0.069525406,0.57281965
,,-8.992968,1.8169332,-2.7085996,1710917507543,,0.9084732,1.0635492,0.2913669,,,,,,-0.15259121,-0.19504218,0.31736696,0.11529834,0.7986337,0.04909875,0.5756247
,,-9.730935,1.6374,-3.1099002,1710917507793,,-2.2095656,-0.71183056,1.848388,,,,,,-0.8208749,0.2855034,0.1859162,0.10502484,0.80896664,0.015394265,0.5663027
,,-9.000334,1.8341002,-2.8572335,1710917508043,,0.24273914,-0.25219825,0.1195044,,,,,,-0.26248482,-0.13634045,0.48533255,0.11870254,0.8085585,0.04549813,0.561382
,,-9.0296,2.2038999,-2.2974002,1710917508294,,1.9018118,1.6959765,-1.2580602,,,,,,-0.27557486,-0.20516211,0.70264095,0.11522972,0.79777634,0.07461793,0.5748735
,,-8.8929,1.6703665,-2.76,1710917508544,,-0.2833733,0.21036504,0.016919797,,,,,,-0.028478893,-0.10721731,0.29296097,0.107704684,0.80051214,0.040182658,0.57420844
,,-9.3848,1.5800998,-3.0903668,1710917508794,,-1.2480682,0.070743404,2.2216892,,,,,,-0.47441402,0.28476667,0.20258315,0.105966456,0.80873996,0.011046986,0.566318
52.55531666666668,13.050489999999998,-9.100433,1.7779996,-3.0103667,1710917509000,2.1,-1.0872635,-0.13802291,0.09405809,,,,,,-0.19298385,0.089751944,0.083668865,0.115793355,0.8012653,0.028547978,0.57374424
,,-8.6521,1.8413997,-2.8516002,1710917509043,,-0.100452974,-0.40820676,-0.54249936,,,,,,0.107140824,-0.17720826,0.37874067,0.1234835,0.8045045,0.044565123,0.5659578
,,-8.787466,2.1850665,-2.5392668,1710917509294,,2.6215029,1.2322142,0.31881163,,,,,,0.03235092,-0.1510324,0.36135846,0.11985664,0.794444,0.06577359,0.57979965
,,-9.050333,1.7571663,-3.2913666,1710917509795,,-1.0153211,-0.84399146,1.6352252,,,,,,-0.20267497,0.18856335,0.103521615,0.12372356,0.81011367,0.01582562,0.5617815
,,-8.768901,2.1692662,-2.7555666,1710917510046,,-0.76525444,-1.0434319,-1.7251532,,,,,,-0.074069455,-0.22622967,0.45669582,0.1403122,0.8013154,0.056318942,0.5669294
,,-8.9455,2.2989335,-2.6454668,1710917510297,,1.4664268,0.6382894,0.15547562,,,,,,-0.17222235,-0.19459747,0.25174612,0.13584365,0.7916746,0.064361125,0.58036864
,,-9.406632,1.9051669,-2.9958003,1710917510547,,-1.4279243,-0.34945378,0.27817747,,,,,,-0.5162658,0.09605889,0.06450823,0.13334051,0.79728216,0.02315592,0.57565284
,,-9.133033,1.839067,-3.0704665,1710917510797,,-0.1025846,0.1464162,1.361311,,,,,,-0.31738764,-0.08453181,0.12725765,0.14533739,0.7999683,0.02221077,0.56961745
,,-8.666067,2.1646001,-2.5769002,1710917511050,,0.48441246,-0.2913669,-2.6448176,,,,,,0.09131119,-0.4554214,0.24809477,0.15161642,0.7867421,0.06069935,0.58317584
,,-9.057767,2.0844665,-2.4764,1710917511300,,0.88955504,1.4754863,0.46322942,,,,,,-0.15081818,-0.27936488,0.065284,0.13775115,0.7793778,0.05323768,0.59629023
,,-9.5938,1.7619334,-2.9899335,1710917511551,,-0.7065015,0.65893954,0.507061,,,,,,-0.58472294,0.13093677,-0.14566584,0.12771451,0.7909923,0.014974088,0.58609086
,,-9.1206,1.7615002,-2.8438,1710917511801,,0.5171862,0.856648,0.6673328,,,,,,-0.26489976,-0.24710386,0.17291257,0.13707413,0.79523104,0.033455633,0.57653993
52.555465000000005,13.05048,-9.822635,1.7775333,-3.061967,1710917512000,2.0,-1.7695177,-0.2390088,1.7641886,,,,,,-0.8959642,0.22280337,0.03540374,0.104763635,0.8021749,0.028607564,0.5741381
,,-8.873001,2.2802668,-2.5785995,1710917512052,,-0.017852385,-0.2739142,-2.811884,,,,,,-0.08138593,-0.35430017,0.13440537,0.1329437,0.7859211,0.075883046,0.58682925
,,-9.161668,1.9584669,-2.5543334,1710917512303,,0.905409,1.2623235,0.28710365,,,,,,-0.27944693,-0.2634672,0.1453552,0.11617918,0.78750986,0.06183139,0.5884123
,,-8.989167,1.8257332,-2.9468002,1710917512803,,0.26432186,-0.34638956,0.05755396,,,,,,-0.2879174,-0.30833727,0.35634154,0.11824737,0.8070183,0.056853738,0.5616258
,,-9.106799,2.2568333,-2.462833,1710917513053,,1.3834265,1.6008526,-1.672795,,,,,,-0.413353,-0.34143105,0.55257714,0.11357119,0.7982893,0.08840217,0.5724806
,,-9.339866,1.8137002,-2.7261999,1710917513304,,-0.03690381,0.62776446,0.1549427,,,,,,-0.556127,-0.16679312,0.4272687,0.10653531,0.8036581,0.05466775,0.5685971
,,-9.675199,1.6165334,-3.0707664,1710917513554,,-1.9397815,-0.46589395,1.6521449,,,,,,-0.8872711,0.15220656,0.48292014,0.10650793,0.81664807,0.022833707,0.5542767
,,-8.874699,1.8078667,-2.9060664,1710917513804,,-0.25965893,-0.46109778,-0.45110577,,,,,,-0.24541269,-0.333344,0.58630246,0.12470029,0.8124182,0.05300178,0.553464
,,-9.071598,2.1421669,-2.4642332,1710917514055,,2.9732215,2.3465228,-0.11470823,,,,,,-0.35920948,-0.29790884,0.565769,0.12042215,0.79783654,0.0737818,0.57233024
,,-9.361167,1.5742337,-2.7846665,1710917514305,,-1.1089795,-0.023181455,-0.0702105,,,,,,-0.47264114,-0.14630532,0.22624098,0.111505,0.7986575,0.034062997,0.576267
,,-9.376334,1.5404665,-3.0152667,1710917514555,,-1.0973887,-0.086730614,1.6003197,,,,,,-0.48219806,0.116542585,0.2217187,0.10915063,0.8065058,0.017013434,0.5682194
,,-8.710967,1.8786334,-2.678566,1710917514805,,-0.4177991,-0.8689049,-1.3796962,,,,,,0.016635004,-0.32330087,0.46946356,0.1218364,0.80170333,0.057303786,0.568827
52.555605,13.050459999999998,-9.266866,1.5654998,-2.9087996,1710917515000,2.0,-0.56901145,-0.4721556,1.5442313,,,,,,-0.3980563,0.034928933,0.40980107,0.11751042,0.8083716,0.017045615,0.56490046
,,-9.084665,2.0864997,-2.358,1710917515055,,2.669198,0.8445244,0.5271782,,,,,,-0.25512454,-0.22712092,0.42614296,0.112877525,0.79113716,0.069092736,0.5845073
,,-9.5314665,1.6048666,-2.6477664,1710917515306,,-1.2316813,-0.24846789,-0.041167066,,,,,,-0.5881489,0.034862246,0.33589324,0.107369,0.79847616,0.026424134,0.5783666
,,-8.782367,2.0257332,-2.5358,1710917515806,,-0.2226219,-0.7223554,-2.0460966,,,,,,-0.036144003,-0.26833355,0.60357964,0.13035554,0.80050063,0.056341533,0.570014
,,-9.2435,2.0772,-2.3718672,1710917516057,,1.3734345,-0.8197442,0.046496138,,,,,,-0.37747985,-0.11565725,0.40979645,0.12269842,0.78965306,0.05467997,0.58532035
,,-9.708365,1.6017334,-2.6317,1710917516307,,-0.8017586,-0.029043432,-0.12843059,,,,,,-0.66074127,0.2037927,0.20684575,0.11255963,0.79327977,0.011049588,0.5859168
,,-9.392266,1.5727001,-2.8902998,1710917516557,,-0.37490007,-0.3526512,1.5606182,,,,,,-0.39762786,0.09112731,0.098660745,0.11856868,0.7976142,0.012197381,0.57949054
,,-8.852735,2.0369,-2.5640333,1710917516807,,-0.36171064,-0.7873701,-2.339595,,,,,,0.061884545,-0.14454764,0.1835094,0.120868765,0.7894881,0.054286227,0.5876637
,,-9.2423,2.0406668,-2.3518,1710917517057,,1.3729017,1.5257127,0.31308287,,,,,,-0.21559078,0.105204865,0.15555404,0.10419447,0.78342515,0.05017718,0.5982208
,,-9.769334,1.6570332,-2.7165332,1710917517307,,-0.85251796,0.32041034,0.025313083,,,,,,-0.66528153,0.504918,0.08480776,0.095571004,0.7942986,0.007801608,0.5874287
,,-9.1956,1.6207334,-2.8079667,1710917517557,,-0.5430322,-0.27964294,1.1449507,,,,,,-0.22051337,0.17402783,0.2601368,0.10846063,0.801585,0.017731743,0.57549
,,-8.8039,2.1091666,-2.5168,1710917517807,,-0.18292034,-0.83240074,-2.9568346,,,,,,0.10245218,-0.014545488,0.29855105,0.112798795,0.79265064,0.057280537,0.5844051
52.55574333333334,13.050441666666666,-9.365734,1.6251,-2.6440332,1710917518000,2.1,0.3590461,0.30508927,0.8477218,,,,,,-0.45628932,0.10920756,0.5041684,0.1093459,0.803705,0.022199912,0.5716966
,,-9.244567,1.9441001,-2.3072667,1710917518057,,0.8381295,1.3602451,0.44790834,,,,,,-0.26202244,0.16119365,0.39943773,0.10095473,0.7900234,0.044311114,0.58949035
,,-9.909267,1.6354667,-2.7669663,1710917518307,,-1.7214229,-0.9159339,1.0306422,,,,,,-0.8615263,0.5716825,0.21892366,0.09340937,0.80006015,0.0048021288,0.5799711
,,-9.032232,2.0327334,-2.3518333,1710917518807,,-0.39821476,-0.9567013,-3.2551293,,,,,,-0.1454831,-0.14037861,0.46069568,0.11178424,0.7924171,0.060818806,0.5849284
,,-9.077067,1.6911333,-2.4904,1710917519063,,0.3013589,0.88102853,0.19344525,,,,,,-0.07373225,-0.064877145,0.17496723,0.09969592,0.788894,0.042654987,0.5921196
,,-9.8122,1.5895,-2.8257,1710917519313,,-1.4172661,-0.32360777,1.8282707,,,,,,-0.73613566,0.46391183,0.07711634,0.08936664,0.79803234,0.010113363,0.5845923
,,-8.958034,1.6425666,-2.7260334,1710917519566,,0.2992273,-0.061284307,0.38076207,,,,,,-0.018533755,-0.09682343,0.22795485,0.105458885,0.79806006,0.03765393,0.580252
,,-8.975701,2.033533,-2.2943335,1710917519816,,0.4865441,0.8746336,-2.4485745,,,,,,-0.022145081,-0.19855687,0.2997653,0.10487582,0.78611475,0.068432234,0.59460735
,,-8.973833,1.5000998,-2.6498334,1710917520067,,0.21782574,0.49813482,0.08872902,,,,,,0.084986575,-0.112241134,-0.07053693,0.094879486,0.78675735,0.036244284,0.5962611
,,-9.544101,1.4231,-2.9948666,1710917520317,,-1.1513456,0.3923528,2.0911272,,,,,,-0.44309217,0.35692853,-0.14173564,0.087302275,0.7967724,0.0073148063,0.58672005
,,-8.985734,1.6746668,-2.6940997,1710917520567,,-0.46536106,-0.4865441,-0.4277911,,,,,,-0.05704171,-0.05907437,0.23908319,0.10237422,0.7977039,0.03944556,0.5803419
,,-9.1345005,1.9769667,-2.3563337,1710917520817,,2.9197974,2.2031708,-0.29563016,,,,,,-0.18688625,-0.064200416,0.3120643,0.097124286,0.7893034,0.06275796,0.59039855
52.555881666666664,13.050411666666665,-8.828536,1.8561336,-2.6776998,1710917521000,2.1,-0.4516387,-0.8735678,-1.4384493,,,,,,0.0019097964,-0.030410774,0.44587886,0.10035019,0.8041738,0.051630672,0.57038933
,,-9.335333,1.5074332,-2.6855,1710917521068,,-0.6112443,0.17079669,-0.09405809,,,,,,-0.30376258,0.15615161,0.11926231,0.08863144,0.79482883,0.025362972,0.5862068
,,-9.322268,1.4512668,-2.9739337,1710917521318,,-1.222089,-0.08872902,1.6605382,,,,,,-0.31384614,0.39255,0.1588036,0.08700586,0.8060658,0.008116902,0.5735108
,,-9.081301,2.0822668,-2.3700335,1710917521819,,2.7404742,0.7011724,0.56155074,,,,,,-0.19858545,0.037413817,0.48835018,0.09252879,0.7962658,0.06681163,0.5810925
,,-9.519235,1.5942336,-2.7221,1710917522069,,-1.2174261,-0.41247,0.023181455,,,,,,-0.541651,0.27478436,0.29280102,0.08660534,0.8020801,0.025656363,0.57638645
,,-9.191768,1.5227001,-3.013267,1710917522319,,-0.6308287,-0.6452172,1.6801226,,,,,,-0.31176674,0.1826143,0.31930307,0.09734142,0.81149477,0.01935544,0.5631039
,,-8.673299,1.8974667,-2.600933,1710917522569,,-0.08193445,-0.9275246,-2.9087396,,,,,,0.07338793,-0.252635,0.58455247,0.10856011,0.80524576,0.0628614,0.566118
,,-9.015667,2.0466,-2.5267332,1710917522818,,1.0,1.5627497,0.31041834,,,,,,-0.17469196,-0.020246644,0.40451708,0.10089802,0.7976815,0.062689595,0.5771645
,,-9.572766,1.6490332,-2.9417334,1710917523070,,-0.70543563,0.5743405,0.046496138,,,,,,-0.61163545,0.3477489,0.16245455,0.09516828,0.80401355,0.018831028,0.5728527
,,-9.085532,1.6441667,-3.0066335,1710917523321,,-0.0025313082,0.46642685,1.011724,,,,,,-0.22502463,0.10210327,0.28315446,0.108064845,0.8088183,0.024953306,0.5643967
,,-8.8315325,2.1189334,-2.6908338,1710917523571,,-1.0359712,0.1200373,-3.378897,,,,,,-0.016027546,-0.09911497,0.30530873,0.110466145,0.79889894,0.065523535,0.5749927
,,-8.9035,1.8412,-2.7114668,1710917523823,,0.94391155,1.1396216,0.290834,,,,,,0.016816346,-0.07138892,0.14380072,0.10245578,0.79510844,0.051589526,0.5820442
52.556025,13.050386666666668,-9.071834,2.2515998,-2.5979,1710917524000,2.1,3.2419398,2.1656008,-0.21356249,,,,,,-0.27686316,-0.13961892,0.33970204,0.114921704,0.79582745,0.073226124,0.5782028
,,-9.651867,1.7983,-3.2169669,1710917524073,,-1.8674394,0.07394085,1.8462564,,,,,,-0.6621215,0.5124516,-0.07762442,0.09770152,0.8048235,0.015882982,0.573344
,,-8.813734,1.6984668,-3.0321336,1710917524323,,0.18345323,-0.47748467,-0.18451905,,,,,,-0.036578193,-0.22643238,0.23962304,0.1187128,0.8064117,0.042108636,0.56450427
,,-9.043733,1.689133,-2.8827999,1710917524823,,-0.9567013,0.19717559,0.06501465,,,,,,-0.1914509,-0.23594005,0.1279194,0.11376247,0.798253,0.045107413,0.57582927
,,-9.424565,1.7304665,-3.0952668,1710917525073,,-1.3992805,-0.6769251,1.6749268,,,,,,-0.56866586,0.13773012,0.20792316,0.113367096,0.80790895,0.024480192,0.5656475
,,-8.7501,1.8396664,-2.766633,1710917525323,,-0.3510525,-1.2051692,-1.9778844,,,,,,-0.07604405,-0.48479068,0.4881009,0.13146621,0.80395645,0.058602627,0.56384414
,,-9.151233,1.9791,-2.5501997,1710917525573,,1.3591794,-0.74726886,-0.032240875,,,,,,-0.36128536,-0.41197035,0.29931784,0.12136237,0.7921675,0.0684954,0.58103585
,,-9.448267,1.4278666,-2.8709998,1710917525823,,-1.4543033,0.43938184,0.008926192,,,,,,-0.49767226,-0.20949976,0.051410984,0.11285449,0.7960097,0.02655915,0.58056164
,,-9.288601,1.4310998,-3.099733,1710917526074,,0.18451905,0.6895817,1.1693312,,,,,,-0.39734623,-0.2292775,0.034976643,0.11582293,0.8028593,0.02606957,0.5713724
,,-8.758999,1.8927665,-2.6731336,1710917526324,,-0.290834,-0.5896616,-2.6517453,,,,,,0.0054477374,-0.47946963,0.32371247,0.12070966,0.7976521,0.06772603,0.5740483
,,-9.092233,1.7674334,-2.4855666,1710917526574,,1.3098854,1.3834265,0.42139623,,,,,,-0.2348278,-0.3442294,0.36076704,0.11129558,0.7938028,0.05746514,0.5808748
,,-9.7402,1.5397666,-2.9786003,1710917526824,,-1.5547562,-0.46749267,1.5003997,,,,,,-0.79355735,0.24417439,0.15964307,0.10476005,0.8041742,0.011880309,0.57047653
52.55617333333333,13.050365,-9.095999,1.6348,-2.5549,1710917527000,2.1,-0.086730614,0.4637623,0.1195044,,,,,,-0.24062656,-0.054886118,0.4959749,0.119744346,0.7984409,0.02602249,0.5737438
,,-8.962199,1.5815667,-2.8646667,1710917527078,,0.068745,-0.57633895,0.4103384,,,,,,-0.18965124,-0.12645498,0.53597337,0.1232574,0.8099779,0.025672944,0.5584381
,,-9.026433,2.129,-2.5278335,1710917527328,,0.08979483,0.61444175,-2.6902478,,,,,,-0.28120515,-0.10190878,0.59930646,0.12498712,0.80037606,0.05697795,0.56953204
,,-9.809265,1.543,-2.8930998,1710917527828,,-1.7272848,0.16813216,1.9070077,,,,,,-0.84578615,0.47715396,0.3234355,0.11454983,0.80457515,-0.009855041,0.5701475
,,-8.970167,1.6409667,-2.8532665,1710917528078,,-0.4785505,-0.6826539,-0.62616575,,,,,,-0.17717507,-0.09533872,0.3884893,0.13246946,0.80289215,0.020299483,0.5666853
,,-9.205733,2.0663333,-2.4104664,1710917528329,,3.3365307,1.9144684,0.10098588,,,,,,-0.33881187,-0.04058556,0.43645927,0.12353441,0.7911888,0.047760572,0.58444905
,,-9.293532,1.53,-2.7572334,1710917528579,,-0.7588596,0.18398614,-0.059152678,,,,,,-0.3036772,0.0827316,0.09430257,0.11452127,0.7929573,0.0123441955,0.58444786
,,-9.442166,1.5044334,-3.1006665,1710917528830,,-1.3734345,-0.24953371,1.5315747,,,,,,-0.46266466,0.36489546,0.05611001,0.11296871,0.8035086,-0.0054202597,0.5724545
,,-8.676634,1.7807668,-2.8630664,1710917529080,,-0.3839595,-0.54996,-1.4485744,,,,,,0.13295649,-0.1644564,0.2832966,0.12852235,0.80089855,0.035174396,0.57073236
,,-8.986167,2.0096333,-2.5754335,1710917529332,,2.7664535,0.5478284,0.48814282,,,,,,-0.103904165,-0.04562759,0.25511056,0.11950905,0.79154754,0.047679313,0.5840414
,,-9.338101,1.4666667,-2.9214666,1710917529582,,-1.2375433,-0.14748201,-0.08872902,,,,,,-0.3300208,0.18574704,0.014286446,0.11186405,0.7962677,0.0045739217,0.5806124
,,-9.074368,1.4201334,-3.1304,1710917529833,,-0.8106848,-0.42246202,1.5389022,,,,,,-0.1476015,0.17011444,0.11560364,0.11890253,0.80567074,-0.0016100521,0.56750625
52.55632000000001,13.050348333333334,-9.6209345,1.5818332,-2.7662003,1710917530000,2.1,-0.7319478,0.76418865,0.12057021,,,,,,-0.6609456,0.3504735,0.3592697,0.11021553,0.8027103,0.0036779481,0.57227015
,,-8.619202,1.8435,-2.629033,1710917530083,,-0.13162804,-1.0418332,-2.2857714,,,,,,0.15732159,-0.22038405,0.5160598,0.12755363,0.8009971,0.04389747,0.5696831
,,-9.077268,1.9132999,-2.392267,1710917530333,,1.2998934,1.7230216,0.26911804,,,,,,-0.215082,-0.0735421,0.51794773,0.11764994,0.79453874,0.045298576,0.57981306
,,-9.258166,1.5698667,-2.9288335,1710917530833,,-0.015321077,0.22528644,1.371303,,,,,,-0.42278874,0.068584315,0.43538108,0.12387279,0.8089241,0.011601299,0.5613667
,,-8.7543,2.0929,-2.5196998,1710917531083,,-0.17079669,-0.89421797,-2.8727684,,,,,,-0.024154965,-0.20280066,0.6299659,0.1310368,0.80070096,0.056276802,0.56905174
,,-9.212567,1.939867,-2.4413998,1710917531333,,0.74726886,1.1871836,0.4039435,,,,,,-0.34933218,-0.103500634,0.41840342,0.12076191,0.7925287,0.04647883,0.5818824
,,-9.904099,1.6475004,-3.0255663,1710917531583,,-1.2883027,-0.0702105,0.70596856,,,,,,-0.912161,0.371139,-0.0038818677,0.11141373,0.79922515,0.0048230966,0.57755744
,,-9.251934,1.6789,-2.8933334,1710917531833,,0.29709566,0.32840395,0.8197442,,,,,,-0.3865632,0.005611968,0.27345827,0.12282528,0.8026057,0.02230469,0.5700554
,,-8.931033,2.0775,-2.5603669,1710917532083,,-0.49760193,-0.8673062,-3.265654,,,,,,-0.07710557,-0.21709482,0.24268304,0.12149654,0.7909583,0.061517306,0.58424264
,,-9.157733,1.7790666,-2.4662333,1710917532333,,0.49387157,1.0090594,0.31508127,,,,,,-0.16287085,-0.010435106,0.15727334,0.10496817,0.7868398,0.040818367,0.59296584
,,-9.926532,1.5426668,-2.8544667,1710917532583,,-2.0170531,-0.30242473,1.5839329,,,,,,-0.82076067,0.4913224,-0.022882016,0.09191979,0.7956398,0.0033917383,0.58673465
,,-9.204035,1.6833668,-2.7725666,1710917532833,,0.060751397,-0.052757792,0.4023448,,,,,,-0.2634652,0.085513406,0.22827466,0.103993334,0.7996829,0.030184342,0.5775957
52.556468333333335,13.050328333333335,-9.802434,1.5056669,-2.8323,1710917533000,2.1,-2.202105,-0.044897415,1.8086864,,,,,,-0.7874776,0.5053562,0.2667397,0.0926383,0.8039871,6.9055305E-4,0.5747163
,,-9.001467,2.1006334,-2.2050333,1710917533083,,1.0249134,1.2539302,-2.339595,,,,,,-0.086209126,-0.0510739,0.5249544,0.10237836,0.7908987,0.06582631,0.5878033
,,-9.242867,1.6263001,-2.5455,1710917533334,,-0.004662936,0.52198243,0.13749,,,,,,-0.22579145,0.05488442,0.16811085,0.09494412,0.7912046,0.03428967,0.5893353
,,-9.179334,1.6991333,-2.7139332,1710917533835,,-0.16013856,-0.41300294,0.049693577,,,,,,-0.34905547,0.00956796,0.53254545,0.11157322,0.80663854,0.031392388,0.5662012
,,-9.228499,1.9983332,-2.3318667,1710917534086,,2.5755396,1.6795896,-0.81654674,,,,,,-0.39357954,-0.09972093,0.64151436,0.11058297,0.79757434,0.057460085,0.5770007
,,-9.434866,1.4785334,-2.5741,1710917534336,,-0.41406876,0.497069,0.08140154,,,,,,-0.48583457,0.08573297,0.41741654,0.10391618,0.7990743,0.017484192,0.57713926
,,-9.681701,1.3316666,-2.8853,1710917534587,,-1.6124433,0.07340794,1.7663202,,,,,,-0.71863824,0.35781804,0.37146074,0.10510634,0.80778825,-0.009647286,0.56755453
,,-9.033401,1.6510667,-2.5627005,1710917534838,,-0.4521716,-0.82387424,-0.8202771,,,,,,-0.23221883,-0.09670064,0.6810636,0.11986796,0.805237,0.029192155,0.56611633
,,-9.248133,1.8973002,-2.2916,1710917535088,,3.0393019,1.1159073,0.19664268,,,,,,-0.3740673,-0.12031825,0.59050494,0.11401939,0.794186,0.048913013,0.581602
,,-9.5884,1.4056333,-2.6108332,1710917535338,,-1.0227817,0.1120437,0.004662936,,,,,,-0.59470266,0.11210955,0.33515874,0.10777796,0.7972271,0.0077810693,0.5799477
,,-9.435399,1.3392665,-2.8472,1710917535588,,-1.1846523,-0.10418332,1.5034639,,,,,,-0.48764527,0.20537455,0.39281037,0.11448081,0.8062295,-0.0065643587,0.5681333
,,-8.894933,1.7849001,-2.5805333,1710917535838,,-0.40927258,-0.7504663,-1.4606981,,,,,,-0.1093867,-0.2163112,0.5850056,0.12827258,0.8016378,0.038941935,0.5692929
52.55661,13.050318333333333,-8.9809,1.4048,-3.2133672,1710917536000,2.1,-0.7958966,-0.58752996,1.5203837,,,,,,-0.11197842,0.07891188,0.14216693,0.121938825,0.808721,0.0016072025,0.562545
,,-8.8564005,1.8945333,-2.6025002,1710917536088,,2.032907,-0.76831865,-0.0025313082,,,,,,-0.0024917603,-0.19699512,0.2847812,0.12005008,0.79347205,0.04970544,0.5811363
,,-9.2965,1.4547999,-3.0256667,1710917536338,,-1.152811,-0.051825207,-0.03117506,,,,,,-0.33123052,0.14164622,0.009325583,0.1121991,0.7994751,0.0068198917,0.5760443
,,-8.381067,1.8104666,-2.7720995,1710917536838,,-0.052358113,-1.0560884,-2.5290434,,,,,,0.3491518,-0.32738587,0.46317294,0.13298608,0.80290896,0.045032103,0.5662061
,,-8.810367,1.8583333,-2.7680664,1710917537088,,1.1893152,1.328404,0.36171064,,,,,,0.017699592,-0.16715889,0.22831887,0.1254122,0.7961711,0.04227378,0.57671255
,,-9.246135,1.4252332,-3.071467,1710917537338,,-0.7990941,0.18398614,0.20090595,,,,,,-0.30326506,0.17049608,0.13249975,0.12053422,0.80367416,-0.0021251326,0.5697215
,,-9.205434,1.4962667,-2.988233,1710917537591,,-0.20090595,0.08513189,1.0877964,,,,,,-0.38844404,-0.030771041,0.43883336,0.13626312,0.8088472,0.0046337177,0.559586
,,-8.731701,1.9763999,-2.5259666,1710917537841,,-0.009992006,-0.9714895,-2.9758859,,,,,,8.8038447E-4,-0.33165658,0.6464538,0.14517172,0.7990246,0.04676009,0.56943023
,,-9.187433,1.7633332,-2.4453337,1710917538091,,0.58486545,0.8519851,0.32733813,,,,,,-0.3260814,-0.25557196,0.46139053,0.13425258,0.7918055,0.035233613,0.5810517
,,-9.864334,1.4994333,-2.9365337,1710917538344,,-1.4035438,-0.1977085,1.079936,,,,,,-0.8890087,0.21388674,0.15718864,0.12385937,0.7996302,-0.0033025374,0.57515013
,,-9.274835,1.5422,-2.7359338,1710917538594,,0.30722088,0.12683187,0.74567014,,,,,,-0.44796228,-0.19608335,0.5020611,0.1357049,0.8026134,0.017733535,0.56752914
,,-9.1249,1.9676998,-2.4343333,1710917538844,,-0.3521183,0.024247268,-3.5243804,,,,,,-0.31485158,-0.36548963,0.45757756,0.13299522,0.79164577,0.055992443,0.5815948
52.55675333333333,13.050293333333332,-9.177134,1.5319,-2.6173332,1710917539000,2.1,0.12843059,-0.08140154,0.28710365,,,,,,-0.3282917,-0.20715442,0.5380433,0.12421108,0.80188614,0.025596885,0.5705484
,,-9.317133,1.5509331,-2.3862998,1710917539096,,0.3944844,0.7709832,0.12363443,,,,,,-0.3812303,-0.25941223,0.39505932,0.119670376,0.789858,0.03184919,0.5867886
,,-10.005266,1.3493999,-2.759933,1710917539346,,-2.2439382,-0.35478285,1.9064748,,,,,,-0.9860001,0.23727325,0.28062317,0.10896383,0.80015343,-0.0039945873,0.57751936
,,-9.239267,1.9508667,-2.2066667,1710917539846,,2.7278178,1.7256861,-0.98787636,,,,,,-0.3796288,-0.24076764,0.6264287,0.119609304,0.7917973,0.05672432,0.5833473
,,-9.326366,1.4911001,-2.488,1710917540096,,-0.13162804,0.4044764,0.11897149,,,,,,-0.3565028,-0.068418235,0.36242342,0.11186145,0.79352325,0.022385411,0.5832595
,,-9.677267,1.4116333,-2.8425002,1710917540346,,-1.9451106,-0.4388489,1.3104184,,,,,,-0.72054404,0.3559674,0.40220305,0.11195143,0.8064368,-0.008146848,0.5676706
,,-9.052433,1.6759001,-2.7075999,1710917540596,,-0.4521716,-0.64308554,-0.5647482,,,,,,-0.24675255,-0.067690276,0.58811826,0.12689266,0.80604863,0.025138926,0.5642229
,,-9.210699,1.9847331,-2.4064333,1710917540847,,3.2980282,0.90953904,0.33053556,,,,,,-0.35319042,-0.036092162,0.5947374,0.12115509,0.79716927,0.04542454,0.5770186
,,-9.438132,1.5284997,-2.7104998,1710917541099,,-0.75566214,0.3362643,0.007860378,,,,,,-0.47599575,0.19436052,0.3948534,0.11822195,0.80095637,0.004569453,0.57337976
,,-9.357701,1.3978332,-3.0378335,1710917541349,,-1.7695177,-0.49173993,1.3321342,,,,,,-0.44714388,0.31961134,0.42582673,0.1270784,0.81148183,-0.016904991,0.5591389
,,-8.896867,1.7410334,-2.7379663,1710917541598,,-0.26805222,-0.81654674,-1.5818012,,,,,,-0.10543586,-0.093147546,0.6084588,0.13830598,0.8059197,0.022646122,0.5628258
,,-9.183766,1.9099667,-2.4164,1710917541850,,1.9023448,0.8710365,0.25166532,,,,,,-0.27869087,-0.03500464,0.53614897,0.12622745,0.7946787,0.036261525,0.5802485
52.556895000000004,13.050268333333333,-8.823501,1.9492334,-2.5491004,1710917542000,2.1,0.20943245,-0.54516387,-1.9228617,,,,,,-0.020334244,-0.18031639,0.5479392,0.12825795,0.79911774,0.04685098,0.5735068
,,-9.513133,1.4871665,-2.7453337,1710917542100,,-1.5871303,-0.41300294,-0.2051692,,,,,,-0.51001996,0.22128405,0.31655985,0.11683037,0.7996689,3.7970147E-4,0.5766353
,,-9.361034,1.5510669,-2.857133,1710917542349,,0.06288303,0.070743404,1.8546497,,,,,,-0.41059536,0.21517871,0.36033458,0.12159405,0.8042406,0.0015572099,0.57008547
,,-9.257433,1.9413334,-2.3778665,1710917542851,,1.1492139,-0.07394085,0.20090595,,,,,,-0.34762907,-0.09248025,0.45286343,0.11422988,0.7924198,0.04923171,0.5853392
,,-9.701965,1.5802332,-2.7835999,1710917543102,,-0.9244604,-0.06235012,0.52504665,,,,,,-0.7196976,0.2709948,0.2870528,0.1066313,0.8013727,0.009998491,0.57623136
,,-9.2565,1.6309667,-2.7998996,1710917543353,,-0.060751397,0.22635224,1.0692779,,,,,,-0.42443588,-0.027486753,0.5048372,0.12162344,0.80708313,0.022204833,0.5649652
,,-8.859767,2.1634667,-2.4182332,1710917543603,,-0.20143884,-1.2982947,-3.5083933,,,,,,-0.13827744,-0.25402397,0.66934747,0.1312738,0.79836315,0.06324221,0.57190704
,,-9.069733,1.8108332,-2.459833,1710917543853,,0.68904877,0.92805755,0.38022915,,,,,,-0.28792012,-0.2977697,0.5905506,0.12670803,0.7975908,0.047183037,0.573752
,,-9.828168,1.6787,-2.8744998,1710917544107,,-1.6717293,-0.24327205,1.6664002,,,,,,-0.9489929,0.22528383,0.4033033,0.11973529,0.8061128,0.011453074,0.56664443
,,-9.003734,1.7953665,-2.758667,1710917544357,,0.02211564,-0.43098855,0.071276315,,,,,,-0.3375439,-0.27580053,0.649525,0.14009953,0.80725014,0.037334584,0.5581624
,,-9.1224,2.2956998,-2.3388999,1710917544608,,1.7990941,1.6949108,-1.4062084,,,,,,-0.4741286,-0.3540979,0.7540624,0.13986763,0.7968162,0.07293907,0.5707844
,,-9.149667,1.8324666,-2.6054337,1710917544858,,-0.55102587,0.48814282,0.25752732,,,,,,-0.39605024,-0.26934212,0.5000997,0.13316768,0.79821754,0.043046966,0.5711697
52.55704000000001,13.050244999999999,-9.303568,2.1551666,-2.3608332,1710917545000,2.1,3.7470024,1.089928,0.82120967,,,,,,-0.6166264,-0.4195591,0.64361453,0.13876818,0.7943093,0.06834129,0.5743727
,,-9.740433,1.6900668,-2.9307332,1710917545108,,-2.1656008,-0.42406076,1.2972289,,,,,,-0.92074007,0.09942629,0.43976897,0.1280442,0.80777067,0.014680675,0.56260365
,,-8.953968,1.9288336,-2.6926003,1710917545358,,0.20570211,-0.2151612,-1.0010659,,,,,,-0.33195877,-0.39913023,0.65917355,0.14528845,0.8045412,0.049839355,0.5598208
,,-9.534,1.6275667,-2.8176663,1710917545858,,-1.7092992,-0.24740207,0.22781774,,,,,,-0.67785746,-0.2149901,0.23158807,0.13620318,0.7963347,0.02377426,0.5737524
,,-9.450301,1.5029668,-3.111,1710917546109,,-1.0486277,-0.1882494,1.5331734,,,,,,-0.61235505,-0.17055903,0.19334945,0.14278322,0.80382884,0.008871468,0.5642954
,,-8.857433,1.8691001,-2.7009666,1710917546359,,-0.20943245,-1.0984546,-2.2211564,,,,,,-0.16574505,-0.5801517,0.4517646,0.15372893,0.7971388,0.050504137,0.56787467
,,-9.201166,1.9213666,-2.5565,1710917546609,,1.0936584,1.2120969,-0.06927791,,,,,,-0.396473,-0.437853,0.28509936,0.14040856,0.78877187,0.05312624,0.58130115
,,-9.501898,1.4529998,-3.0115335,1710917546859,,-1.3607781,-0.11151079,0.232081,,,,,,-0.558588,-0.07348253,0.026065199,0.1305166,0.7968268,0.007852094,0.5754032
,,-9.109833,1.5527,-3.1584668,1710917547111,,0.19397815,0.7123634,1.2797762,,,,,,-0.26601744,-0.07393071,0.11579292,0.13633789,0.80370224,0.010899128,0.5647417
,,-8.5626335,1.9597666,-2.6040666,1710917547361,,0.3521183,-1.2031708,-2.5406342,,,,,,0.14852765,-0.41875395,0.49740586,0.13591546,0.79817736,0.058518354,0.5703241
,,-9.2099,1.8856997,-2.6412997,1710917547613,,0.6847855,1.3205435,0.4103384,,,,,,-0.36918935,-0.21311732,0.2258027,0.12035709,0.7928407,0.050787978,0.58092463
,,-9.7841015,1.5704334,-3.1231334,1710917547863,,-0.8900879,0.30189183,0.73034906,,,,,,-0.82946837,0.16755146,-0.024132984,0.11229388,0.80172884,0.012579679,0.57421726
52.557185,13.050228333333333,-9.112567,1.7147332,-2.6179998,1710917548000,2.0,0.31934452,1.068745,0.017452704,,,,,,-0.20891097,-0.44249997,0.11808269,0.11516107,0.7896355,0.057507616,0.58707553
,,-9.098567,1.6909,-3.0382,1710917548113,,-0.12416733,0.051825207,1.0788703,,,,,,-0.28608716,-0.122747995,0.23473547,0.12509921,0.8058599,0.030042665,0.56524736
,,-8.789134,2.1493332,-2.6782334,1710917548363,,-0.22155608,0.10151879,-3.303757,,,,,,-0.025534026,-0.38420665,0.22834659,0.12519945,0.79388493,0.07501744,0.57829595
,,-9.917368,1.5831667,-3.2089994,1710917548864,,-1.2042366,0.25592858,1.0122569,,,,,,-0.93079066,0.04718854,-0.19784527,0.10661347,0.7998389,0.024585787,0.5786494
,,-9.086501,1.7449334,-2.9806664,1710917549115,,0.26378897,-0.0776712,0.4532374,,,,,,-0.28168085,-0.29732105,0.21235755,0.11559332,0.80463326,0.05115016,0.56782717
,,-8.978234,2.0301,-2.5032997,1710917549365,,0.020516919,0.9159339,-2.5342393,,,,,,-0.1790127,-0.4917793,0.33200455,0.1082085,0.7937799,0.08680611,0.58019525
,,-9.259433,1.6497667,-2.6458,1710917549616,,0.79962695,0.7868372,0.14694911,,,,,,-0.3216613,-0.33415452,0.08491386,0.093102746,0.79200417,0.06298923,0.58660376
,,-9.765066,1.4387666,-3.0130665,1710917549866,,-1.795497,-0.14481749,1.5976552,,,,,,-0.77189577,0.070687436,0.06674159,0.08438232,0.8044984,0.029869806,0.5756283
,,-9.050933,1.8188332,-2.8780005,1710917550116,,0.09885425,0.20090595,0.58752996,,,,,,-0.23156062,-0.14657211,0.27872428,0.091336764,0.8062888,0.063406914,0.56822515
,,-8.9557,2.1469333,-2.3474,1710917550366,,1.5198507,1.4966693,-1.9408473,,,,,,-0.14094277,-0.26871637,0.46225825,0.08643793,0.7955764,0.09511526,0.5797192
,,-9.317,1.7073331,-2.6562002,1710917550616,,-0.22368772,0.15174527,0.02211564,,,,,,-0.3580543,-0.11657991,0.123850234,0.079558246,0.79540443,0.062165923,0.58395255
,,-9.471899,1.5277,-3.2080667,1710917550866,,-2.2692513,-0.4801492,1.3157474,,,,,,-0.55031574,0.1540994,0.011694121,0.08480252,0.80905044,0.030314928,0.5678989
52.55732666666666,13.050198333333332,-9.476467,1.5845335,-2.8466666,1710917551000,2.0,-0.3362643,0.6509459,0.26538768,,,,,,-0.58624023,-0.23784986,0.1437231,0.098944664,0.7999147,0.049047284,0.57533354
,,-9.099834,1.8408666,-3.0118,1710917551116,,0.17239542,-0.51612043,0.05542233,,,,,,-0.36228892,-0.21766895,0.29465696,0.10012081,0.8102396,0.06341704,0.5605091
,,-9.191167,2.1020002,-2.5470667,1710917551367,,2.286704,1.9319211,-1.0037303,,,,,,-0.44611388,-0.38146934,0.41557994,0.10133062,0.79878986,0.08954771,0.5727414
,,-9.536834,1.3147331,-3.2406,1710917551868,,-2.13336,0.12363443,1.9472423,,,,,,-0.6260078,-0.044481713,0.060906313,0.1042351,0.809488,0.016174857,0.56543124
,,-8.972867,1.7038997,-2.9087665,1710917552118,,-0.20836665,-0.77258193,0.022648549,,,,,,-0.21857364,-0.30891907,0.40191892,0.117765516,0.80783,0.04838789,0.5626644
,,-9.1106,2.011033,-2.3608665,1710917552368,,2.1830535,1.8256062,-1.2575274,,,,,,-0.28999904,-0.36575127,0.50031334,0.1153318,0.7934841,0.07193517,0.58083445
,,-9.4053,1.5989668,-2.6841,1710917552618,,0.18238743,0.7276845,0.24793498,,,,,,-0.4240485,-0.09803364,0.1687571,0.11244066,0.79351526,0.030399438,0.5841351
,,-9.391801,1.3939999,-3.1527665,1710917552868,,-1.6097789,-0.27018386,1.5780709,,,,,,-0.42031947,0.10669421,0.04575414,0.12234508,0.80355865,-0.002034483,0.57127553
,,-9.162367,1.8535,-2.8781667,1710917553118,,-0.34159338,-0.25219825,0.19344525,,,,,,-0.29431695,-0.043023825,0.25072938,0.13319685,0.7995971,0.028773654,0.5731617
,,-9.095265,2.0186334,-2.4634662,1710917553368,,0.32787102,0.79163337,-2.5744739,,,,,,-0.18659358,-0.22875461,0.2449611,0.1314583,0.7857972,0.051185958,0.58988446
,,-9.519166,1.6331667,-2.599466,1710917553618,,0.34745538,0.5298428,0.23101519,,,,,,-0.4152457,0.11340826,-0.032712996,0.118169434,0.7830985,0.013261293,0.5977816
,,-9.496335,1.3134668,-3.0382667,1710917553867,,-1.7340794,0.026378896,1.3411937,,,,,,-0.4014328,0.25458255,-0.13429524,0.11972576,0.7940783,-0.016618157,0.58445287
52.55746166666666,13.050191666666668,-9.2307,1.5073668,-2.592133,1710917554000,2.0,0.1289635,0.6710631,0.19344525,,,,,,-0.1268305,0.16193138,0.027611272,0.10017737,0.7873167,0.014875884,0.59528005
,,-9.308966,1.7775667,-2.803434,1710917554118,,0.53623766,-0.004662936,0.49333867,,,,,,-0.32127875,0.16258186,0.100557126,0.122582406,0.7937273,0.016762746,0.5834957
,,-8.937467,1.8928335,-2.3490667,1710917554370,,0.37170264,-0.06554756,-2.8246737,,,,,,0.055571683,-0.14216949,0.23765789,0.11608621,0.7841789,0.0470921,0.5958353
,,-9.342866,1.2825001,-2.9339335,1710917554872,,-1.4934719,-0.083000265,1.5034639,,,,,,-0.2666907,0.40563652,0.09010568,0.09939997,0.80090684,-0.013206183,0.5788651
,,-9.157333,1.7379003,-2.8063664,1710917555122,,0.4008793,0.13375966,0.5800693,,,,,,-0.2230641,0.23816916,0.32957008,0.109687805,0.80319893,0.01972374,0.573336
,,-8.901534,1.9414668,-2.4250994,1710917555373,,-0.1877165,0.7038369,-2.4745536,,,,,,0.012706979,-0.06238981,0.4587144,0.11282448,0.79442114,0.048826165,0.5833465
,,-9.235868,1.5802668,-2.5225997,1710917555622,,0.4388489,0.4721556,0.09459099,,,,,,-0.21224254,0.14227086,0.35285324,0.10711779,0.7948734,0.016862575,0.5847213
,,-9.596967,1.4152334,-2.8749,1710917555873,,-1.6685319,-0.026911804,1.5849987,,,,,,-0.57408863,0.41801444,0.3098559,0.112188734,0.8044423,-0.013968528,0.572669
,,-9.285167,1.8129001,-2.6208665,1710917556124,,0.1713296,-0.14481749,0.31881163,,,,,,-0.39045778,0.10724827,0.5543457,0.12854119,0.80199444,0.0192791,0.5719027
,,-9.1057,2.0575664,-2.3617334,1710917556374,,0.51025844,0.30562216,-2.726219,,,,,,-0.20938154,-0.16441149,0.48643148,0.1314013,0.7907718,0.04896969,0.5849825
,,-9.356701,1.6261331,-2.5617335,1710917556624,,0.026378896,0.5325073,0.070743404,,,,,,-0.35787183,0.008849521,0.30114207,0.1204961,0.79262,0.018608285,0.5853409
,,-9.618833,1.5286001,-2.902767,1710917556874,,-1.6103117,-0.3262723,1.9636291,,,,,,-0.6307337,0.3528872,0.2730893,0.11642366,0.8034312,-0.0053749275,0.5728367
52.55758833333333,13.050178333333333,-9.313868,1.6094335,-2.6399,1710917557000,2.0,-0.33519852,0.36064482,0.16546762,,,,,,-0.3539736,0.054839097,0.28575116,0.11413563,0.7953818,0.019673519,0.5818736
,,-9.113034,1.8472334,-2.7378998,1710917557124,,-0.21302958,-0.5378364,0.13482547,,,,,,-0.28512874,-0.0048125507,0.4714174,0.12719345,0.8028647,0.03033706,0.5696684
,,-9.097834,2.0885003,-2.4062667,1710917557374,,1.1825206,1.0163869,-1.5193179,,,,,,-0.26384494,-0.15361659,0.49262765,0.1241074,0.79292804,0.056262616,0.58224064
,,-9.4731655,1.4946333,-2.9292672,1710917557877,,-1.4854783,0.22581935,2.0065281,,,,,,-0.50980294,0.34586754,0.2898297,0.114837445,0.8050934,-0.0058454303,0.570486
,,-8.907366,1.8525001,-2.7014,1710917558127,,-0.56741273,-0.6525446,-0.40714094,,,,,,-0.084863506,-0.025752783,0.47153503,0.13078973,0.8012337,0.029067349,0.57070845
,,-9.1266,2.0728335,-2.3132334,1710917558377,,2.9584332,2.0678124,-0.25432986,,,,,,-0.24228455,-0.08698776,0.4904598,0.1279612,0.78940517,0.047681686,0.58613896
,,-9.439034,1.5945334,-2.6172667,1710917558627,,-0.5695444,0.33000267,0.0343725,,,,,,-0.43379912,0.12104091,0.26220533,0.11932793,0.7932164,0.0106098335,0.58446
,,-9.389267,1.5182331,-2.953667,1710917558877,,-1.6553423,0.15747403,1.7055689,,,,,,-0.42601854,0.302635,0.27184328,0.12082427,0.804468,-0.005769257,0.57050794
,,-8.899265,1.9099998,-2.7243664,1710917559127,,-0.46482813,-0.66413534,-1.0893952,,,,,,-0.10319891,-0.066598505,0.5084537,0.13296823,0.80265486,0.034339037,0.5687459
,,-9.189434,2.0926666,-2.4696665,1710917559377,,3.0250466,1.2797762,0.507061,,,,,,-0.33939224,-0.0018573125,0.5116559,0.122732155,0.79555833,0.048265737,0.57952213
,,-9.535534,1.5926666,-2.8800666,1710917559627,,-1.1195045,-0.28870237,-0.099920064,,,,,,-0.5921824,0.27269074,0.2685291,0.11402733,0.802439,0.0065696896,0.57276875
,,-9.276101,1.5122333,-3.1498337,1710917559877,,-1.0867306,-0.49120703,1.4204637,,,,,,-0.40748632,0.3165346,0.33720616,0.1207946,0.8128153,-0.005067729,0.55848163
52.55772666666667,13.050156666666664,-9.5507345,1.5797999,-2.9000666,1710917560000,2.0,-1.0555556,-0.3823608,0.05861977,,,,,,-0.55545264,0.4362483,0.18972668,0.1139207,0.8008967,-0.004782348,0.5744057
,,-8.7678995,1.9007665,-2.7956665,1710917560127,,-0.22422062,-0.66573405,-1.6801226,,,,,,-0.009217008,-0.031123884,0.5268555,0.13109663,0.8058994,0.033777263,0.5636795
,,-9.099933,2.0276332,-2.5772002,1710917560377,,2.3698375,0.40767387,0.39928058,,,,,,-0.2370181,0.1275473,0.42198136,0.120834805,0.7966665,0.037892427,0.57749313
,,-9.193633,1.5306667,-3.0641332,1710917560877,,-0.37223554,-0.33733013,1.6500133,,,,,,-0.27522308,0.27319688,0.2239322,0.12654375,0.8059817,-0.0061215432,0.5656843
,,-8.739465,1.9608002,-2.5963666,1710917561128,,-0.32147616,-0.8577138,-2.5655475,,,,,,0.08922637,-0.10075243,0.46523732,0.13484746,0.7972802,0.037695095,0.57443714
,,-9.186933,1.9595,-2.5292003,1710917561378,,0.715028,0.32041034,0.2226219,,,,,,-0.24972683,0.03137907,0.2636653,0.12205711,0.78995514,0.037397154,0.5863953
,,-9.699367,1.6134667,-2.955367,1710917561628,,-0.44151345,0.03903544,0.3346656,,,,,,-0.6803791,0.38386744,0.07209187,0.11356988,0.7988508,1.182848E-4,0.57815325
,,-9.303166,1.6209334,-3.0608666,1710917561878,,0.0189182,0.15747403,1.2359446,,,,,,-0.40867376,0.042508516,0.15072152,0.12629515,0.80334306,0.013601093,0.5693261
,,-8.886333,2.0623002,-2.6778002,1710917562128,,-0.38435918,-1.1877165,-3.410605,,,,,,-0.08552898,-0.25549898,0.31848526,0.12835863,0.7959175,0.05848279,0.57711875
,,-9.216498,1.8855001,-2.6201005,1710917562378,,0.9994671,1.1887823,0.32787102,,,,,,-0.32389805,-0.13698933,0.23922457,0.11420844,0.79300654,0.049604166,0.58343256
,,-9.853598,1.6577334,-3.1054664,1710917562628,,-1.6717293,-0.64361846,1.3697042,,,,,,-0.89160705,0.32776222,0.033362698,0.104793146,0.80352414,0.013544146,0.5734135
,,-9.0735655,1.6838336,-2.9810333,1710917562878,,0.24380496,0.24380496,0.6694644,,,,,,-0.29347026,-0.18999974,0.3277645,0.12063039,0.80717695,0.03737595,0.56357014
52.55786166666667,13.050154999999998,-9.440166,1.5668334,-3.2968,1710917563000,2.0,-2.320144,0.06927791,2.0768719,,,,,,-0.53638214,0.24150918,-0.0027756928,0.10534509,0.80851185,0.013511404,0.5660017
,,-9.067366,2.1636999,-2.5888333,1710917563130,,0.60231817,1.0692779,-2.2677858,,,,,,-0.30864128,-0.26070726,0.40554804,0.11876167,0.79702705,0.072813086,0.57529736
,,-8.763266,1.6337334,-2.9479332,1710917563380,,-0.32840395,0.4028777,0.09032774,,,,,,0.08167521,-0.26418626,0.07238339,0.111394554,0.7987019,0.04494835,0.5750851
,,-8.581967,1.6916333,-3.1479335,1710917563883,,-0.36171064,-0.5837996,-0.518785,,,,,,0.09186014,-0.34966463,0.26733384,0.12631862,0.8095263,0.044862963,0.55739623
,,-8.8296,2.1055,-2.6864998,1710917564133,,3.5069277,1.7769784,-0.046496138,,,,,,-0.11648499,-0.30761257,0.39039075,0.12185276,0.79900134,0.07019567,0.5714418
,,-8.656134,1.5161332,-3.2612333,1710917564385,,-0.9481748,0.4949374,0.08086864,,,,,,0.16621533,-0.22866382,-0.10162856,0.1201239,0.8018219,0.029839402,0.5692459
,,-8.789866,1.4254997,-3.5274336,1710917564636,,-1.6594725,-0.48068213,1.5971223,,,,,,0.030002562,2.2816657E-5,-0.07720089,0.12544525,0.8106616,0.006382416,0.55882895
,,-8.496899,1.7765998,-2.9543002,1710917564886,,-0.375433,-0.8603784,-1.5833999,,,,,,0.16451997,-0.4375483,0.38696572,0.1431071,0.80416733,0.04390997,0.56125885
,,-8.7669,1.9747002,-2.7285326,1710917565136,,2.387823,0.63722354,0.36490807,,,,,,-0.008299128,-0.31966984,0.23484275,0.13588008,0.7927047,0.052617352,0.57740915
,,-9.196699,1.4694667,-2.9893658,1710917565386,,-1.2665868,0.27964294,-0.08246736,,,,,,-0.26160786,-0.02223466,0.025876936,0.12609977,0.79614484,0.008504461,0.5776456
,,-8.9692335,1.4144,-3.232133,1710917565636,,-0.12629896,-0.20250466,1.5844657,,,,,,-0.074851595,-0.036437675,-0.012099194,0.13059112,0.8024808,0.0028679287,0.5694906
,,-8.845999,1.8905002,-2.6083,1710917565885,,-0.43418598,-0.92499334,-2.6305623,,,,,,-0.071819514,-0.33539864,0.43636057,0.13738821,0.7956692,0.04649208,0.5752846
52.55799666666667,13.050138333333333,-9.375867,1.6233332,-2.8936,1710917566000,2.1,-0.04756195,0.30508927,1.1994405,,,,,,-0.52498764,0.0544391,0.41149196,0.11826615,0.80736643,0.01922275,0.56517583
,,-9.2523,1.9331336,-2.4867663,1710917566136,,0.8931521,1.1925126,0.1031175,,,,,,-0.3659555,-0.13661036,0.29650548,0.12220935,0.7890962,0.04630311,0.5868427
,,-9.858933,1.6124666,-2.9529996,1710917566386,,-1.3796962,-0.38129497,0.3077538,,,,,,-0.8705766,0.33742893,0.08100547,0.10869148,0.79961973,0.006590843,0.5777543
,,-8.854667,2.0882664,-2.5888667,1710917566888,,-0.3310685,-1.0265121,-3.1028512,,,,,,-0.09723816,-0.19053571,0.53790766,0.12297576,0.80076444,0.06058938,0.57116866
,,-9.1803,1.8706,-2.4680333,1710917567138,,0.94084734,0.9059419,0.45949906,,,,,,-0.32627338,-0.023433916,0.5307654,0.11235495,0.7977018,0.0436302,0.57691133
,,-9.835867,1.6037332,-2.9423997,1710917567388,,-2.0133226,-0.5341061,1.2391421,,,,,,-0.87831724,0.46447295,0.27214736,0.102393046,0.80633587,0.0035865833,0.5697079
,,-9.194534,1.6850998,-2.8486338,1710917567639,,0.28923526,0.21995737,0.46429524,,,,,,-0.39867696,0.032924533,0.503564,0.11652775,0.80919355,0.02647288,0.5615358
,,-8.968135,2.1028664,-2.384933,1710917567891,,0.8974154,0.5996536,-2.0788703,,,,,,-0.18672916,-0.13387756,0.6666464,0.11510661,0.79953164,0.06344996,0.5730528
,,-9.196334,1.6997663,-2.6264334,1710917568141,,0.18665068,0.31201705,0.07713829,,,,,,-0.32150906,-0.019210385,0.424214,0.10695079,0.80050945,0.036620334,0.5740382
,,-9.8652,1.6011664,-3.0105665,1710917568391,,-2.2380762,-0.40554222,1.99587,,,,,,-0.95099604,0.46439838,0.32880047,0.10074004,0.8107624,0.0049767992,0.56375206
,,-9.037835,1.7811666,-2.9185333,1710917568642,,0.11151079,-0.122568615,0.07607248,,,,,,-0.31239617,-0.07376003,0.50896156,0.11888203,0.8113035,0.0381584,0.55742866
,,-9.1640005,2.2051332,-2.4375002,1710917568892,,3.1456168,2.2883027,-0.7688516,,,,,,-0.41961086,-0.0923147,0.6836233,0.11534381,0.80160415,0.06756802,0.5702045
52.55813,13.050113333333336,-8.793268,1.8953998,-2.8083665,1710917569000,2.2,-0.4388489,-0.6466827,-1.084066,,,,,,-0.124574855,-0.21502896,0.5693175,0.13119976,0.8075263,0.045631863,0.5594561
,,-9.251933,1.6618668,-2.8370333,1710917569143,,-0.767919,0.036370903,0.041699972,,,,,,-0.40134662,0.012946182,0.3492611,0.11063779,0.80435,0.030208081,0.568891
,,-9.487369,1.5659001,-3.118833,1710917569393,,-2.032907,-0.20410338,1.726219,,,,,,-0.6358418,0.27853325,0.3501241,0.11347166,0.81327766,0.005704067,0.55887765
,,-8.992834,2.1396997,-2.5253673,1710917569894,,2.6013856,0.5357048,0.3141487,,,,,,-0.24847259,-0.24815565,0.48222408,0.126354,0.7961566,0.06522103,0.5750425
,,-9.440836,1.6888331,-2.9150002,1710917570144,,-0.8904876,0.31881163,0.051825207,,,,,,-0.5644881,-0.04511747,0.17927082,0.11942263,0.8000764,0.02874699,0.57389283
,,-9.4177,1.6509999,-3.1799664,1710917570395,,-0.814948,-0.5214495,1.6441513,,,,,,-0.58754706,0.011383542,0.16484448,0.12370012,0.80793476,0.020034244,0.5638272
,,-8.834567,2.0322332,-2.6746333,1710917570645,,-0.3939515,-1.2744471,-1.7442046,,,,,,-0.19894305,-0.4786884,0.56442183,0.13666415,0.8022584,0.06641452,0.5648038
,,-9.222534,2.1138332,-2.6224668,1710917570896,,2.3550494,0.5526246,0.37010393,,,,,,-0.49113455,-0.4439293,0.27313983,0.12750146,0.7922508,0.074799545,0.57922864
,,-9.663068,1.5780334,-2.9539664,1710917571146,,-1.2480682,-0.33839595,-0.03903544,,,,,,-0.77424634,-0.15948853,0.10169395,0.11809072,0.7991373,0.029738387,0.5751184
,,-9.481067,1.4949667,-3.1846328,1710917571396,,-0.4436451,-0.21569411,1.6161737,,,,,,-0.6620323,-0.1974459,0.13432044,0.12500377,0.8068813,0.022562262,0.5642174
,,-8.828501,1.8916668,-2.7402997,1710917571647,,-0.17492673,-0.75459635,-1.8092192,,,,,,-0.15796295,-0.5260222,0.44630253,0.1336506,0.8011499,0.06254479,0.5665789
,,-8.7859,1.9204334,-2.7876668,1710917571897,,1.5337064,-0.3182787,-0.117372766,,,,,,-0.015156651,-0.37743428,0.16542882,0.123540506,0.7947315,0.061607607,0.5769775
52.558265,13.050075,-8.5556,1.9902335,-2.7817667,1710917572000,2.2,-0.2659206,-1.0692779,-1.30842,,,,,,0.13623932,-0.261455,0.48835716,0.12917943,0.80445427,0.05542858,0.5642467
,,-9.419567,1.4949001,-3.1968334,1710917572147,,-0.85091925,-0.10205169,-0.2151612,,,,,,-0.47967374,0.06139299,-0.07664177,0.11220475,0.8020927,0.015095732,0.5732004
,,-9.0738325,1.5352001,-3.1584334,1710917572397,,-0.9672262,-1.1755929,1.6225686,,,,,,-0.2270251,0.096873246,0.26435697,0.1196294,0.8110864,0.010960009,0.5603098
,,-8.8203335,2.0591002,-2.4808664,1710917572898,,3.0536904,1.2395416,0.512923,,,,,,-0.042406812,-0.19094345,0.49334335,0.12153975,0.79574776,0.05995144,0.57668644
,,-9.2591,1.6029667,-2.9551997,1710917573149,,-1.1290967,-0.01638689,-0.0137223555,,,,,,-0.33484024,0.11801799,0.15845996,0.11412086,0.80152136,0.016762646,0.5735647
,,-9.170567,1.5442668,-2.9141335,1710917573399,,-0.8028244,-0.767919,1.5917932,,,,,,-0.34569654,-0.0034228882,0.4658819,0.12603034,0.80869806,0.013053099,0.56203395
,,-8.6191,1.9766335,-2.5909336,1710917573650,,-0.40554222,-0.83399945,-1.1835865,,,,,,0.08209338,-0.37449276,0.5978827,0.13732122,0.8005661,0.05518644,0.5682619
,,-9.070033,1.9903666,-2.5068333,1710917573900,,2.727285,0.8879563,0.31561416,,,,,,-0.27444422,-0.3775004,0.35429323,0.13030533,0.7906622,0.06024623,0.58228195
,,-9.518299,1.5655,-2.8480334,1710917574151,,-1.2945644,-0.22635224,0.021049827,,,,,,-0.5620884,-0.0016247183,0.15230492,0.11873723,0.7971637,0.017698394,0.57932484
,,-9.214899,1.5234667,-3.0581,1710917574401,,-0.6313616,0.01638689,1.7970957,,,,,,-0.36076438,-0.045581833,0.2787099,0.12730016,0.80695724,0.012686179,0.56520754
,,-8.759066,1.9595333,-2.5998,1710917574651,,-0.06341594,-1.0856647,-1.430056,,,,,,-0.09782,-0.41281846,0.66051954,0.13988665,0.8019946,0.05504175,0.56569725
,,-9.202866,1.9590664,-2.4482665,1710917574903,,2.7071676,0.72128963,0.40500933,,,,,,-0.44769377,-0.37834004,0.52005273,0.13286592,0.7934185,0.05662067,0.578252
52.558389999999996,13.050040000000001,-8.874233,1.9701332,-2.510567,1710917575000,2.2,-0.32147616,-0.836664,-1.942446,,,,,,-0.22181235,-0.3925371,0.7812145,0.14411928,0.80264443,0.05159149,0.5635125
,,-9.655899,1.5251334,-2.696466,1710917575153,,-1.6769252,-0.16013856,-0.059685584,,,,,,-0.76367986,-0.018218303,0.43010014,0.124721356,0.8000175,0.012580725,0.5732249
,,-9.306268,1.5207334,-2.8741999,1710917575405,,-1.0872635,-1.0195843,1.502931,,,,,,-0.52071816,-0.07432367,0.58319443,0.13447241,0.8095954,0.009949456,0.559074
,,-9.173733,1.9700333,-2.4575002,1710917575908,,1.9625633,0.5526246,0.31095123,,,,,,-0.40201992,-0.25177884,0.53654,0.1321837,0.79445565,0.050389685,0.5763762
,,-9.708465,1.5767332,-2.7148335,1710917576158,,-0.8794298,0.59179324,0.02211564,,,,,,-0.7531827,0.16521508,0.3770595,0.11938412,0.8001477,0.008029212,0.5748244
,,-9.235465,1.6113,-2.9369998,1710917576408,,-0.98521185,-0.5298428,1.5039968,,,,,,-0.38200507,0.07690867,0.41679135,0.12670201,0.8077682,0.0116183,0.56326824
,,-8.685567,2.0304,-2.5866997,1710917576658,,-0.35638157,-1.2719158,-2.1719956,,,,,,0.05115382,-0.2761727,0.57837576,0.13139255,0.80098313,0.056714676,0.56924975
,,-9.057667,1.9867333,-2.535067,1710917576908,,0.7186251,0.09086064,-0.07873701,,,,,,-0.19230074,-0.14509395,0.30618376,0.117820926,0.79203707,0.054539308,0.5832926
,,-9.541066,1.5566332,-2.830533,1710917577159,,-0.55742073,0.11470823,-0.109379165,,,,,,-0.54524726,0.1660103,0.18346535,0.107267976,0.7993631,0.015136293,0.5788038
,,-9.2941675,1.6296003,-2.946433,1710917577409,,-0.4039435,-0.16546762,1.5944577,,,,,,-0.41384214,0.014774012,0.3062971,0.11801184,0.80589527,0.022112425,0.56814116
,,-8.7682,2.0480669,-2.6736999,1710917577659,,-0.26751933,-0.9661604,-2.0245137,,,,,,-0.035293326,-0.34348828,0.43287554,0.12638086,0.7996654,0.065166675,0.5716666
,,-9.154333,2.0079334,-2.5485334,1710917577910,,0.99520385,-0.4780176,-0.034905408,,,,,,-0.3084092,-0.17441827,0.32835713,0.11473732,0.79358685,0.05948071,0.58205986
52.558526666666666,13.050008333333334,-8.684267,2.0759997,-2.6292665,1710917578000,2.2,-0.117372766,-0.9503064,-1.9762857,,,,,,-0.033537865,-0.34017372,0.66625094,0.1409122,0.8029727,0.05758228,0.56386155
,,-9.661932,1.5872,-2.8553002,1710917578161,,-0.7805755,0.26325607,-0.008393286,,,,,,-0.7237573,0.1498026,0.27219236,0.10973502,0.80235523,0.016886784,0.5736813
,,-9.235333,1.6746999,-2.888667,1710917578411,,-0.4172662,-0.50919265,1.6605382,,,,,,-0.43107957,0.023884041,0.55105966,0.12541135,0.81057256,0.02002355,0.5601183
,,-9.044901,1.9968332,-2.4628668,1710917578912,,1.6008526,-0.42565948,0.08246736,,,,,,-0.27943903,-0.19364229,0.60312575,0.1348459,0.7962388,0.046797648,0.5743727
,,-9.588501,1.5154666,-2.7713332,1710917579162,,-1.1909139,-0.07340794,-0.087263525,,,,,,-0.66656697,0.11163723,0.41981843,0.12959059,0.8012931,8.5040106E-4,0.57134527
,,-9.285565,1.5684668,-2.8495667,1710917579413,,-0.61284304,-0.5768718,1.6553423,,,,,,-0.4629292,0.01064049,0.57099545,0.14270833,0.807102,0.0020557165,0.56131244
,,-8.836233,2.0273001,-2.5625331,1710917579663,,-0.39501733,-1.0815347,-1.6521449,,,,,,-0.1286539,-0.287972,0.6600389,0.15284593,0.79885334,0.041917954,0.5681781
,,-9.168267,2.0154,-2.3322,1710917579912,,2.619904,1.1159073,0.4352518,,,,,,-0.34034947,-0.16181627,0.58586484,0.14100192,0.7905939,0.04048685,0.5814523
,,-9.683534,1.5671331,-2.6549,1710917580163,,-0.8186784,0.5282441,-0.06927791,,,,,,-0.6938706,0.18953651,0.38879406,0.12737992,0.79740804,-4.9970724E-4,0.57801825
,,-9.327333,1.5795665,-2.7127335,1710917580413,,-0.4172662,-0.21089795,1.6320277,,,,,,-0.4078933,0.10711553,0.5281747,0.13300289,0.8032752,0.0021787083,0.569511
,,-8.853967,2.0527997,-2.4516997,1710917580663,,-0.3510525,-0.72128963,-1.2067679,,,,,,-0.06972992,-0.19151838,0.6355639,0.14037295,0.7968711,0.045404416,0.5745996
,,-9.138066,2.1092334,-2.2108662,1710917580912,,2.9166,1.4003464,0.39981347,,,,,,-0.26100966,-0.12421549,0.5610456,0.13066833,0.7878607,0.05067255,0.5879023
52.558665000000005,13.049983333333333,-8.881133,2.1539335,-2.512933,1710917581000,2.2,-0.52664536,-0.79110044,-0.8561151,,,,,,-0.08570156,-0.20388514,0.50287825,0.14052789,0.79455495,0.052152514,0.57780105
,,-9.673933,1.7204335,-2.6145668,1710917581163,,-0.9698908,0.109379165,0.038502533,,,,,,-0.6403319,0.20063086,0.25650558,0.11915458,0.79328066,0.01339813,0.5859911
,,-9.224667,1.6335335,-2.8076003,1710917581413,,-1.4115374,-0.23634426,1.3200107,,,,,,-0.2860757,0.06298833,0.36745706,0.12967919,0.80178314,0.010163243,0.57313365
,,-9.174101,2.2827334,-2.2741,1710917581914,,2.3180122,2.350786,-0.40820676,,,,,,-0.32658353,-0.19077879,0.43022165,0.13471493,0.7847824,0.06326833,0.590275
,,-9.670835,1.9206668,-2.5913663,1710917582164,,-0.56314945,0.4352518,0.07553957,,,,,,-0.66818976,0.1477905,0.21422212,0.122750305,0.7902291,0.026988052,0.58867717
,,-9.325299,1.7672334,-2.8114002,1710917582414,,-1.2438049,0.047029044,1.514655,,,,,,-0.40544376,0.06497507,0.33493587,0.13077168,0.80027884,0.01784596,0.57458043
,,-8.951001,2.1714666,-2.5074337,1710917582664,,-0.290834,-0.6477485,-0.5182521,,,,,,-0.19804703,-0.24531141,0.5618988,0.14156526,0.79568386,0.055780664,0.57535714
,,-9.267,2.3223,-2.2989666,1710917582914,,2.2439382,1.7663202,-0.66266984,,,,,,-0.4696682,-0.26739088,0.47008058,0.13675413,0.78642946,0.06933661,0.58735555
,,-9.557467,1.8843334,-2.6103666,1710917583164,,-0.24327205,0.37916332,0.15654144,,,,,,-0.59827775,0.039536607,0.26730123,0.12626652,0.7919027,0.029307956,0.585278
,,-9.2353,1.5636667,-3.051233,1710917583415,,-1.7504663,-0.19984013,1.0973887,,,,,,-0.33409813,-0.11430386,0.19229667,0.13580155,0.8027582,0.012729837,0.5706122
,,-8.950933,2.0925333,-2.7875333,1710917583665,,0.18665068,0.5843325,-0.15654144,,,,,,-0.19620351,-0.2669681,0.34676,0.1432853,0.7979906,0.051009398,0.5719378
,,-8.779766,2.3364332,-2.5847332,1710917583920,,1.0783373,0.6673328,-1.3802291,,,,,,-0.05797931,-0.43259448,0.30429602,0.14158091,0.7903312,0.077922,0.57945883
52.558805,13.049958333333333,-8.9502325,1.8154668,-3.0761669,1710917584000,2.2,-0.007860378,0.14215295,0.22581935,,,,,,-0.09910261,-0.10303677,0.22394294,0.11975001,0.8075555,0.039484356,0.56704533
,,-9.2952,2.1105666,-2.8502667,1710917584171,,0.15853983,-0.4457767,-0.13589129,,,,,,-0.40203682,-0.066167206,0.082586564,0.12421226,0.794789,0.05190735,0.5808498
,,-8.944399,1.6385666,-3.1542,1710917584422,,-0.0189182,0.25539568,0.009992006,,,,,,-0.050354622,-0.18399675,0.046429817,0.123539574,0.8038351,0.030408727,0.57066894
,,-8.829166,1.6981666,-2.9590669,1710917584923,,0.4087397,0.1364242,-0.10471623,,,,,,0.011282921,-0.16424349,0.3990755,0.113419324,0.81032205,0.04044815,0.5648194
,,-9.183533,1.3055,-3.1759336,1710917585174,,0.46589395,0.44257927,-0.0035971224,,,,,,-0.24383643,0.07231716,0.40173453,0.10247803,0.81907105,0.008432868,0.5588587
,,-9.280033,0.84483325,-3.3965003,1710917585424,,0.5488942,0.39874768,0.032240875,,,,,,-0.32978493,0.15866771,0.52236027,0.099719875,0.8303989,-0.023452645,0.5468464
,,-9.294702,0.82076657,-3.3426,1710917585674,,0.48760992,0.31148416,0.40500933,,,,,,-0.42832273,0.20931083,0.7816002,0.10752702,0.8358045,-0.03179394,0.53671247
,,-9.474,0.79326665,-3.2810328,1710917585924,,0.46695977,0.07287503,0.418332,,,,,,-0.70411944,0.15109688,1.0437224,0.121785,0.8396282,-0.03706049,0.526226
,,-9.79,0.7329001,-3.2783995,1710917586175,,0.38289368,0.016919797,0.6297628,,,,,,-1.0822183,0.08519377,1.1713127,0.14596564,0.83852226,-0.050425675,0.51805615
,,-9.9274,0.6310667,-3.2431993,1710917586425,,0.43991473,-0.15281108,0.6420197,,,,,,-1.2496858,-0.017914541,1.2685626,0.18170956,0.8313949,-0.072438456,0.51139987
,,-10.022266,0.5710334,-3.2013,1710917586675,,0.528777,-0.017452704,0.5880629,,,,,,-1.3555568,-0.19455646,1.3069446,0.22844401,0.8174788,-0.096152954,0.5068856
,,-10.117466,0.52169997,-3.1830003,1710917586925,,0.7107647,0.015321077,0.60604846,,,,,,-1.4382248,-0.4338164,1.251589,0.2837825,0.7961269,-0.12232436,0.5046134
52.55895,13.049946666666665,-9.958365,0.5032667,-3.1586,1710917587000,2.1,0.03690381,-0.03277378,1.0069278,,,,,,-1.1839589,-1.0346597,0.91898173,0.46022102,0.6952801,-0.21470799,0.4906492
,,-10.027634,0.46916664,-3.1842334,1710917587175,,0.26858515,-0.34585664,0.26965094,,,,,,-1.3350465,-0.7033497,1.1658654,0.34380856,0.7685002,-0.15058106,0.50107443
,,-10.004133,0.5046666,-3.151733,1710917587425,,0.64468426,0.11151079,0.5901945,,,,,,-1.246962,-0.84501845,1.014845,0.40046665,0.7348184,-0.18291658,0.49943507
,,-10.0311,0.8539,-3.2305334,1710917587926,,-0.046496138,-0.8391953,1.4395151,,,,,,-1.3712814,-1.14575,0.7987939,0.5199103,0.64739174,-0.23341408,0.48535973
,,-9.166134,1.0909333,-3.0418997,1710917588177,,-0.0343725,-2.6289635,-1.7848388,,,,,,-0.7745379,-1.6472467,0.8548365,0.57833266,0.5837406,-0.24466468,0.48744535
,,-9.288134,1.2420001,-2.8628666,1710917588427,,1.3490541,0.1364242,0.21409538,,,,,,-0.81207746,-1.6550009,0.5644178,0.6125233,0.5288592,-0.28750023,0.48330864
,,-9.2264,1.2235001,-2.9197001,1710917588677,,-0.37170264,-0.2744471,0.206235,,,,,,-0.6260864,-1.6467477,0.14404312,0.6407215,0.48102653,-0.33070275,0.47038516
,,-9.169401,1.4959,-2.9306002,1710917588927,,0.69850785,0.89421797,1.1761258,,,,,,-0.502925,-1.5229162,-0.26789984,0.65831196,0.44150752,-0.35905975,0.47073543
,,-8.629867,1.8639668,-2.7320328,1710917589177,,0.4108713,-0.3246736,-1.3406608,,,,,,-0.014218744,-1.6835945,-0.6353852,0.6649751,0.40144345,-0.36725047,0.49401936
,,-8.807699,1.8054001,-2.5272331,1710917589427,,1.630429,1.6897149,0.026378896,,,,,,0.04680602,-1.4965835,-1.1490502,0.6464182,0.38590014,-0.40191343,0.50587916
,,-9.542132,1.6451666,-2.9732668,1710917589677,,-2.4571009,0.027977617,0.672129,,,,,,-0.2921842,-0.8713096,-1.8437629,0.6264083,0.4020458,-0.43956935,0.49259502
,,-9.543166,1.7571667,-2.9599998,1710917589927,,-1.1597389,0.10418332,2.8642418,,,,,,-0.30730692,-0.81144047,-1.7969714,0.6143237,0.41959387,-0.4215568,0.50549436
52.55894,13.050098333333334,-9.744067,2.1275,-2.8093338,1710917590000,2.1,0.019451106,0.57327473,1.3850253,,,,,,-0.60753846,-0.72319114,-1.572425,0.5553379,0.49727455,-0.33459553,0.55814445
,,-9.389166,1.8716003,-2.9557333,1710917590177,,-3.7427392,3.9806821,-1.5321076,,,,,,-0.34404927,-1.231453,-1.9226806,0.59698564,0.43532902,-0.37715518,0.54134846
,,-9.110534,1.8153337,-2.7899337,1710917590427,,0.059685584,0.7355449,0.0051958435,,,,,,-0.06331476,-1.2860515,-1.7358632,0.5776132,0.4594737,-0.35556448,0.55610096
,,-8.546967,2.0958333,-2.6150668,1710917590927,,0.18345323,-0.33359978,-2.6512125,,,,,,0.2997841,-1.3401127,-1.031046,0.5532373,0.5185448,-0.27442774,0.5726202
,,-8.7339,2.3941,-2.6855667,1710917591177,,0.09725553,0.8530509,0.0876632,,,,,,0.06644277,-1.2264557,-1.0831798,0.52824706,0.54370815,-0.23967043,0.595494
,,-9.056667,2.6827,-2.9022334,1710917591427,,-1.2021049,-0.16493472,2.1985078,,,,,,-0.30921507,-0.77644694,-0.9455419,0.51370656,0.5725722,-0.22066869,0.5886622
,,-8.429967,2.7844,-2.453633,1710917591677,,0.07607248,-1.0291767,-1.4051425,,,,,,0.113845505,-0.80162674,-0.08313295,0.5154893,0.5902288,-0.19418935,0.57732123
,,-9.101033,2.9192998,-2.512833,1710917591927,,1.6494805,1.1200373,0.6525446,,,,,,-0.6364957,-0.6377538,0.07723625,0.5123786,0.6022885,-0.1823985,0.5716216
,,-9.040734,2.3025002,-2.7544332,1710917592177,,-0.5768718,-0.4516387,1.0767386,,,,,,-0.5696686,-0.7846143,0.18155794,0.5151467,0.6145676,-0.19783168,0.5472374
,,-9.557099,2.5436335,-2.8616998,1710917592427,,0.290834,0.37863043,0.4377831,,,,,,-1.0712644,-0.38766748,0.27872258,0.52105355,0.6178325,-0.20574933,0.53602237
,,-9.444835,2.5006,-2.4081666,1710917592678,,2.885958,-0.82120967,0.460032,,,,,,-1.1132886,-0.6641087,0.8926529,0.5372935,0.6107637,-0.19868521,0.5304801
,,-8.627701,1.8959001,-2.7935333,1710917592929,,-0.5039968,-0.17652544,0.5330402,,,,,,-0.25608522,-1.076555,0.4936267,0.553203,0.5970193,-0.22152795,0.5172135
52.55895333333333,13.050261666666666,-8.759566,2.243,-2.677934,1710917593000,2.2,-0.5225153,0.28923526,0.42246202,,,,,,-0.16101433,-0.7953125,0.046352737,0.5837525,0.5417491,-0.27257118,0.52121234
,,-9.391468,2.2817,-2.8988664,1710917593180,,0.98521185,0.46589395,1.2988276,,,,,,-0.79778457,-0.43052298,0.1721413,0.55698025,0.5832528,-0.25311545,0.51753354
,,-8.926932,2.3042998,-2.689467,1710917593430,,-0.13908873,2.9146016,-1.2459366,,,,,,-0.3899969,-0.669514,0.22528225,0.5711224,0.5623217,-0.25779024,0.52267367
,,-9.216367,2.4248667,-2.7507007,1710917593931,,1.1025846,1.657474,1.3723688,,,,,,-0.49802044,-0.46866074,-0.19582471,0.58960515,0.5266811,-0.2962611,0.5186118
,,-9.138933,2.1884,-2.7476668,1710917594181,,0.32733813,-2.1338928,-2.1429522,,,,,,-0.4425255,-0.84641135,-0.35027364,0.60019904,0.5071702,-0.3060145,0.5213141
,,-9.465166,2.5199668,-2.0430334,1710917594431,,0.022648549,0.49387157,0.5526246,,,,,,-0.7071318,-0.5465751,0.13370873,0.60049814,0.49661794,-0.3151353,0.52564365
,,-9.685034,2.4598,-2.1183333,1710917594682,,0.39555022,0.9259259,1.7214229,,,,,,-0.8759131,-0.53359663,0.0068235276,0.60358363,0.4904358,-0.32584494,0.52243
,,-9.3021345,2.4825003,-2.0910997,1710917594932,,-1.2411404,-0.72448707,-2.7605915,,,,,,-0.5638276,-0.67764854,0.06246783,0.61090434,0.48309267,-0.32228002,0.5233144
,,-9.401967,2.6085668,-2.1181,1710917595183,,0.4272582,0.32360777,0.1120437,,,,,,-0.67949927,-0.5945308,0.061247364,0.61605746,0.4779344,-0.3229123,0.52058333
,,-9.385699,2.1756668,-2.445633,1710917595434,,-1.7780442,-0.15121236,1.2464695,,,,,,-0.5719782,-0.6262788,-0.05828261,0.6231151,0.4796632,-0.34143817,0.49746165
,,-9.008566,2.6110666,-2.278333,1710917595685,,-0.08193445,0.11470823,0.35318413,,,,,,-0.25989896,-0.33332628,0.18954484,0.63151795,0.47234628,-0.3388092,0.4964206
,,-8.853001,2.9108665,-2.3698337,1710917595936,,0.054889422,0.15853983,-1.964162,,,,,,-0.2685375,-0.5869285,-0.016303396,0.63819224,0.45747438,-0.32049468,0.514378
52.55897333333334,13.050436666666666,-8.9470005,2.4775667,-2.5033998,1710917596000,2.2,0.32041034,-1.5855316,-0.36277646,,,,,,-0.08142714,-0.34300175,-0.10217556,0.63907754,0.458869,-0.36115962,0.4883477
,,-8.8292675,2.6342669,-2.5435,1710917596187,,0.39821476,0.29403144,0.2833733,,,,,,-0.13454808,-0.49761313,-0.13784462,0.63894767,0.45908064,-0.33944115,0.49901006
,,-9.282167,2.6627336,-2.8476667,1710917596437,,0.8461231,-0.8868905,0.10365041,,,,,,-0.4037709,0.088622004,-0.27902398,0.6403536,0.46600875,-0.36488697,0.47523326
,,-8.954066,2.6079333,-1.9642004,1710917596937,,1.7415401,1.6035172,-0.26965094,,,,,,8.842627E-4,-0.1986997,-0.083338045,0.620867,0.45387754,-0.37246078,0.50620735
,,-9.383233,2.0842335,-2.2967,1710917597187,,-0.0856648,0.3944844,0.14215295,,,,,,-0.17318204,0.14988223,-0.35273057,0.6144866,0.46662015,-0.40876502,0.4746552
,,-9.835632,1.5327334,-2.6090002,1710917597437,,0.12363443,-1.0550226,1.4786837,,,,,,-0.50596684,0.20619018,-0.38010862,0.62141436,0.47328278,-0.43234694,0.44114438
,,-9.412934,1.5175,-2.2645998,1710917597687,,0.70596856,-0.026378896,1.5039968,,,,,,-0.21369489,-0.24059778,-0.10378531,0.6371543,0.44079873,-0.43390635,0.44340345
,,-9.099667,1.9659001,-2.0060666,1710917597939,,0.7266187,-0.8794298,-0.29762855,,,,,,-0.12840296,-0.4839013,-0.16730158,0.65141964,0.38694447,-0.44026172,0.45537278
,,-9.376667,2.8974333,-1.785267,1710917598191,,2.292033,0.7282174,3.5015988,,,,,,-0.66333807,-0.10351924,-0.23956648,0.66464156,0.3239711,-0.45916352,0.45379478
,,-7.873566,4.363034,-2.3548002,1710917598441,,-3.5819345,0.61870503,0.91113776,,,,,,-0.23271905,0.09951455,-0.6181914,0.6944698,0.22182672,-0.43782622,0.4604863
,,-6.4242334,5.0723996,-0.7788001,1710917598691,,-0.77418065,-3.849587,1.186251,,,,,,-0.29381424,-0.46056715,-0.4528558,0.65817,0.11262884,-0.41976178,0.5338295
,,-3.5084674,5.1397004,0.8019668,1710917598943,,-1.555822,-2.3565147,2.0345058,,,,,,0.4318428,-0.9789047,-0.71657765,0.5677709,-0.01328075,-0.40986925,0.61638516
52.55897166666667,13.050615,2.919067,2.4053664,5.6118,1710917599000,2.2,0.0782041,-1.4786837,-0.8160139,,,,,,0.682095,-0.4806142,-0.65980464,0.14069949,-0.19882557,-0.35930273,0.8204266
,,-1.2379671,4.703868,2.3211668,1710917599193,,-0.9561684,1.4019451,0.21356249,,,,,,0.26998526,-0.66224647,-0.780596,0.42568076,-0.11050355,-0.39347082,0.6857094
,,0.7907001,3.4550333,4.1603003,1710917599442,,1.7055689,0.8868905,-0.12363443,,,,,,0.26316935,-0.55351967,-0.5116595,0.2723544,-0.16747011,-0.37878042,0.750437
,,3.5449002,0.7309666,7.8551335,1710917600304,,-0.77151614,1.4918731,0.4352518,,,,,,0.3527502,-0.69652134,-0.22104906,0.011098809,-0.19235587,-0.37040812,0.8783729
,,4.0644,0.10149995,8.654532,1710917600556,,0.3310685,0.03117506,-0.23101519,,,,,,0.5746871,-0.12306247,-0.09172528,-0.060147624,-0.17826195,-0.37813717,0.8951823
,,2.9694667,-0.026433405,9.3679,1710917600814,,0.2918998,0.027977617,0.30189183,,,,,,-0.004555587,0.17785105,0.3361208,-0.070461296,-0.14333886,-0.382843,0.901292
,,2.1137333,0.09059995,9.477767,1710917601074,,-2.6877165,-0.98521185,0.3182787,,,,,,-0.053948525,0.09957004,0.10878832,-0.04600196,-0.10564292,-0.39697412,0.9050159
,,1.8039666,0.10903332,9.728633,1710917601334,,0.49333867,-1.0512923,0.10151879,,,,,,0.019782785,0.14946458,0.22605617,-0.040354785,-0.0843785,-0.40706608,0.9045775
