98#1#0
key,lat,lon,ts,bike,childCheckBox,trailerCheckBox,pLoc,incident,i1,i2,i3,i4,i5,i6,i7,i8,i9,scary,desc,i10
,,,,1,0,0,0,-5,0,0,0,0,0,0,0,0,0,0,,0

=========================
98#1
lat,lon,X,Y,Z,timeStamp,acc,a,b,c,obsDistanceLeft1,obsDistanceLeft2,obsDistanceRight1,obsDistanceRight2,obsClosePassEvent,XL,YL,ZL,RX,RY,RZ,RC
52.54489049,13.36991157,0.07920244,5.884111,-7.318527,1701784860000,6.6849008,0.70677054,-0.4338667,0.21311545,,,,,,0.66305864,0.53950185,0.3654986,0.53944695,-0.7690249,-0.25907484,0.13962695
,,0.20267206,5.717809,-7.647621,1701784860288,,1.8417573,0.6797398,0.1550833,,,,,,0.99031466,0.58784115,0.34786332,0.5104191,-0.7947808,-0.25556353,0.10743601
,,0.2414358,5.4204607,-8.049136,1701784860540,,0.41172287,0.28023422,0.41286823,,,,,,0.9636752,0.8738047,0.329315,0.46437657,-0.8288597,-0.23613015,0.07880203
,,0.4575077,5.3662233,-8.086544,1701784860791,,-2.3426664,-0.6800452,0.4153117,,,,,,1.0374976,0.8080943,0.3801135,0.4021325,-0.86083263,-0.23630996,0.070687845
,,0.24741787,6.3304505,-7.7046494,1701784861044,,-1.0250311,-0.44852746,0.44218975,,,,,,0.92585677,1.0598812,0.41652393,0.33344573,-0.8798368,-0.2781423,0.0666776
,,0.12658033,6.5283384,-7.3608007,1701784861296,,1.0781764,0.04138609,0.27908885,,,,,,0.77907234,1.0579392,0.522174,0.26812628,-0.8940787,-0.29954895,0.05092139
,,0.36011982,6.2397633,-7.83458,1701784861547,,1.9950844,0.016951498,0.35483608,,,,,,0.7929251,0.9864021,0.36872256,0.2102068,-0.91799027,-0.28245857,0.032104585
,,0.24534412,5.3531427,-8.141898,1701784861800,,-0.9004147,0.0707076,-0.0721584,,,,,,0.43082374,0.7801331,0.37149376,0.15649413,-0.9398456,-0.24550316,0.02397886
,,0.27884358,5.3407006,-7.8944016,1701784862050,,-1.6731586,-0.30008733,-0.36476263,,,,,,0.25442278,0.4047774,0.3831323,0.10905042,-0.94540966,-0.26027507,0.030134069
,,-0.08933204,6.1501126,-7.270273,1701784862300,,0.8319978,0.59360784,0.11904228,,,,,,-0.06928663,0.34865925,0.34278765,0.07464265,-0.93404067,-0.31694078,0.031205412
,,0.1290529,6.1937413,-7.3296957,1701784862551,,1.8307618,-0.26160285,-7.63581E-5,,,,,,0.017559787,0.2560285,0.1394913,0.060062367,-0.93246204,-0.32622394,0.033767547
,,0.29846478,5.5165734,-7.8353786,1701784862802,,1.5161663,0.51175195,0.6468294,,,,,,0.10558593,0.26699716,0.10221954,0.059233334,-0.94627684,-0.28331706,0.03256378
52.54478587,13.36991438,0.23417757,4.679644,-7.880203,1701784863000,4.65196,-2.6939137,-0.3006982,0.21678063,,,,,,-0.056130707,0.0688056,0.34307405,0.054711632,-0.9538501,-0.25013584,0.033929184
,,0.13774683,5.7941394,-7.2662845,1701784863304,,-0.5503892,0.3480402,0.3682751,,,,,,-0.02033565,0.342498,0.47097483,0.04866148,-0.7613833,-0.20981938,0.031219443
,,0.14189439,6.596294,-6.9213996,1701784863555,,0.74281156,0.028557928,0.09582941,,,,,,0.16517352,0.60009056,0.3689752,0.048152573,-0.4509862,-0.097627535,0.022190416
,,0.5044868,6.405905,-7.200004,1701784863807,,1.2437207,0.3028362,-0.10453424,,,,,,0.4380492,0.5801519,0.33479178,0.042307258,-0.27353793,-0.0052343686,0.019057011
,,0.41515467,5.6647673,-7.462496,1701784864059,,0.9773837,0.21792601,0.122707464,,,,,,0.12981042,0.45908168,0.54636306,0.024227252,-0.2850178,0.029740868,0.020555774
,,0.4079762,5.254159,-7.516494,1701784864309,,-1.7250822,-0.2102902,0.033521205,,,,,,-0.18839827,0.2176772,0.587632,0.008010497,-0.2870008,0.038512506,0.032337185
,,0.329731,5.8745375,-7.484669,1701784864562,,-2.1386375,-0.32757625,0.04696023,,,,,,-0.42161438,0.2556261,0.38908923,-0.0024544585,-0.2786688,0.0039036511,0.03720214
,,0.22540385,5.740301,-7.2104516,1701784864814,,0.098960094,0.43722647,-0.073380135,,,,,,-0.8059253,0.042140834,0.364247,-0.011098395,-0.4507046,-0.099373154,0.038475487
,,0.12211371,5.7225947,-7.1584477,1701784865066,,1.2877029,0.3914116,-0.25480697,,,,,,-1.0995029,-0.026869806,0.3582754,-0.013646004,-0.74591994,-0.25246292,0.04861602
,,-0.027597217,5.705526,-7.3007417,1701784865318,,1.7434081,0.37614,-0.394695,,,,,,-1.366648,0.06975182,0.17977999,0.0031232615,-0.9286609,-0.32814983,0.064560294
,,0.11948163,5.5584474,-7.358009,1701784865570,,-0.70799226,0.19593488,0.009697478,,,,,,-1.2866734,-0.11746179,0.04769659,0.04221585,-0.9250314,-0.3226288,0.07686251
,,0.25292137,5.781858,-7.111228,1701784865820,,-1.5833615,-0.7466295,-0.0721584,,,,,,-1.2496754,-0.2590686,0.09409387,0.08189176,-0.91695005,-0.3356386,0.087243296
52.54468768,13.36984205,0.20027924,6.4810405,-6.8355765,1701784866000,4.44805,-0.4092794,-0.7008146,-0.022067491,,,,,,-0.97448665,0.16206785,0.010423644,0.12642513,-0.90614074,-0.3476821,0.10001922
,,0.28307092,6.5706906,-7.0408006,1701784866324,,0.813061,-0.19685118,-0.088651754,,,,,,-0.56194377,0.20148863,-2.9500325E-5,0.17500968,-0.90379274,-0.33911198,0.113308094
,,0.39170504,6.2702327,-7.3667035,1701784866576,,1.4721841,0.19288056,0.27175847,,,,,,-0.09318458,0.24825622,0.041255917,0.21493955,-0.9087129,-0.31408578,0.11235622
,,0.5038487,5.788877,-7.442238,1701784866826,,0.4422661,0.6241511,0.45440704,,,,,,0.20892425,0.29338747,0.4183063,0.23304655,-0.91529554,-0.27953702,0.100685745
,,0.51302123,5.7462845,-7.436335,1701784867076,,-2.3426664,-0.26465717,0.38843364,,,,,,0.30940568,0.49710235,0.5139957,0.22363299,-0.91896504,-0.27179137,0.09118155
,,0.39290148,6.473383,-7.244031,1701784867327,,-1.2822052,0.38530296,-0.25847217,,,,,,0.4383,0.88655204,0.5575123,0.20006166,-0.916788,-0.29637665,0.07699558
,,0.6261218,6.4737806,-7.148158,1701784867578,,1.0060943,0.41951138,-0.13324489,,,,,,0.3894192,0.49801654,0.5237536,0.1767375,-0.9166047,-0.3085741,0.06460884
,,0.83182496,6.417311,-7.482356,1701784867830,,1.6187917,0.06459895,0.17463097,,,,,,0.44883633,0.56199926,0.36278477,0.15740207,-0.92625946,-0.2973315,0.060949046
,,0.82903326,5.850291,-7.806185,1701784868080,,-0.29932374,-0.022143848,0.012140937,,,,,,0.15201484,0.43317553,0.18463008,0.13913642,-0.9371865,-0.2702988,0.062283415
,,0.7452843,5.6563935,-7.488897,1701784868331,,-1.7818925,-0.59635675,-0.10636683,,,,,,-0.04200269,0.032155436,0.3835467,0.12834294,-0.9379974,-0.2765825,0.06714586
,,0.4124429,6.299265,-7.018628,1701784868583,,-1.5943571,0.6412553,0.10682498,,,,,,-0.11013694,-0.118308134,0.36257356,0.12949142,-0.92577237,-0.32230958,0.06270456
,,0.15345968,6.7586074,-6.9275403,1701784868834,,0.38851,-0.034361143,-0.015347977,,,,,,-0.21709009,0.04381215,0.035142533,0.14299957,-0.91341215,-0.34517905,0.062625356
52.54457304,13.36979611,0.037008952,6.5273805,-7.135875,1701784869000,4.2336593,1.4960078,-0.22495095,0.14714205,,,,,,-0.0251485,0.18146355,0.077591576,0.15378092,-0.9167343,-0.3354699,0.060774647
,,-0.32023942,5.990193,-7.363273,1701784869338,,1.5937462,0.46838057,0.024969097,,,,,,-0.16587366,0.21577215,0.20640211,0.15822937,-0.9244393,-0.31076083,0.04760647
,,-0.37064824,5.637331,-7.206783,1701784869591,,-2.6749768,0.2283107,0.0017562362,,,,,,-0.16340204,0.07381199,0.524287,0.1612041,-0.9254631,-0.30329782,0.042755425
,,-0.26289144,6.4173117,-7.0867434,1701784869842,,-1.3426808,-1.0850486,-0.2926806,,,,,,-0.00665615,0.35422948,0.2365779,0.16317044,-0.9159369,-0.33331653,0.048690934
,,-0.06045862,7.0094543,-6.9804225,1701784870093,,0.7171553,0.066431545,-0.3757582,,,,,,0.04925936,0.4523667,0.22400126,0.16501045,-0.90793514,-0.34837684,0.057107437
,,0.26057836,6.5311294,-7.232386,1701784870344,,2.2974625,-0.022754714,-0.1277471,,,,,,0.29574788,0.26190743,0.32011986,0.17104663,-0.9159117,-0.32851914,0.060483582
,,0.15018949,5.788557,-7.516254,1701784870595,,0.6194169,0.5545125,0.6278926,,,,,,0.114427276,0.31845036,0.47842935,0.1795045,-0.9278336,-0.2829037,0.05760296
,,0.4340581,5.5333233,-7.356175,1701784870846,,-2.4043639,-0.62934345,0.023136504,,,,,,0.17070831,0.15175503,0.6165747,0.17875554,-0.930205,-0.26877147,0.06638585
,,0.5966104,6.7873216,-6.8838325,1701784871098,,-0.75502884,0.0010690134,0.21678063,,,,,,0.34336185,0.30755928,0.5952159,0.17157388,-0.91742194,-0.3171029,0.06806995
,,0.43214375,7.0646496,-6.7880383,1701784871350,,1.6255112,0.7939715,-0.042836893,,,,,,0.23639783,0.38838515,0.5529366,0.16345917,-0.9109812,-0.33586463,0.062045168
,,0.46061832,6.4214582,-7.2465034,1701784871601,,1.9022329,0.5044216,-0.27740896,,,,,,0.15216452,0.48144314,0.42427534,0.15820459,-0.9232246,-0.3099592,0.061823245
,,0.5116652,5.486423,-7.447661,1701784871853,,-0.8301652,0.14645483,0.33895358,,,,,,-0.061472338,0.2949795,0.67029697,0.15332767,-0.93528473,-0.26860473,0.063360654
52.54445613,13.36973197,0.7537392,5.5613985,-7.330013,1701784872000,3.7900925,-1.5833615,-0.90423256,-0.3287216,,,,,,-0.16198519,-0.0053791604,0.5966377,0.14451651,-0.93188655,-0.28668302,0.07670181
,,0.51724845,6.555217,-6.9493146,1701784872356,,0.5070178,0.30527967,0.11293363,,,,,,-0.3634305,0.17723504,0.3116444,0.14286287,-0.91488963,-0.3399205,0.08062581
,,0.35932225,6.512625,-7.013362,1701784872607,,1.432478,-0.10155627,0.1392008,,,,,,-0.4193217,0.30005074,0.105960704,0.15209031,-0.9109503,-0.3438719,0.088453
,,0.58504516,5.7651877,-7.477331,1701784872856,,1.8277074,-0.09728022,0.36338818,,,,,,-0.3338451,0.20384172,0.11301143,0.1684853,-0.92262095,-0.30332053,0.09191496
,,0.6072187,5.0363336,-7.519365,1701784873106,,-2.2449281,-0.18952079,0.21311545,,,,,,-0.33222538,0.043013558,0.3545937,0.18065193,-0.92916083,-0.26472557,0.0905155
,,0.5115855,5.8150377,-7.3259454,1701784873358,,-1.5638138,-0.46318823,0.024358233,,,,,,-0.24892718,0.18018097,0.22554164,0.18063663,-0.9211877,-0.29712492,0.09005562
,,0.25914267,6.524829,-6.8496943,1701784873608,,0.844826,0.27962336,0.054901473,,,,,,-0.19891867,0.38797918,0.21135871,0.17946629,-0.90873146,-0.33313507,0.081865706
,,0.50719863,6.203633,-6.9243493,1701784873859,,1.9297218,0.14584397,0.18745913,,,,,,0.04815878,0.28010008,0.44017926,0.18221788,-0.914861,-0.31910127,0.08098007
,,0.47401816,5.3566527,-7.3296137,1701784874110,,0.08552107,0.29856017,0.22227842,,,,,,-0.11018885,0.19058965,0.5818237,0.18288003,-0.92968595,-0.2725403,0.07779875
,,0.49371907,5.0648074,-7.4811606,1701784874361,,-2.4483461,-0.48029244,0.11476622,,,,,,-0.23458393,-0.068640046,0.50994366,0.17606615,-0.93319637,-0.26217005,0.080436006
,,0.2619343,6.286981,-7.2164335,1701784874612,,-0.39400777,0.2423606,0.054290608,,,,,,-0.348486,0.28011474,0.23607805,0.16302465,-0.91986746,-0.31721318,0.08346523
,,0.25363925,6.7106714,-6.941658,1701784874865,,1.4459169,0.37369654,0.07994693,,,,,,-0.348208,0.37932128,0.13016278,0.15979134,-0.910266,-0.34060887,0.08768333
52.54433183,13.36964651,0.4587839,6.320003,-7.416075,1701784875000,3.7900925,2.0861032,-0.110108376,-0.048334677,,,,,,-0.19274144,0.37149966,0.09690536,0.16934587,-0.9199174,-0.31050047,0.094527565
,,0.5769095,5.3034525,-7.815995,1701784875368,,-1.2070688,-0.36361727,0.22350015,,,,,,-0.24942163,0.1737189,0.16078259,0.17921859,-0.929756,-0.26410517,0.094536185
,,0.5929415,5.548317,-7.6784883,1701784875622,,-1.987754,-0.5933024,0.052458014,,,,,,-0.24929306,0.16462949,0.17805736,0.17885023,-0.92601484,-0.27981663,0.096827
,,0.31920248,6.683153,-7.0799637,1701784875875,,0.41416633,0.50991935,-0.0037415468,,,,,,-0.23861606,0.5656321,0.19477874,0.17418528,-0.9106604,-0.32928032,0.092661425
,,0.50967115,6.526185,-7.1138616,1701784876125,,1.5906919,0.6663008,-0.09537126,,,,,,-0.025616715,0.3763936,0.15350646,0.1805288,-0.9098151,-0.3290171,0.09327657
,,0.62237316,5.8318677,-7.5808616,1701784876377,,1.7996076,0.37186393,0.13187043,,,,,,0.02027955,0.23762389,0.2088565,0.1897029,-0.92190844,-0.29259196,0.093380526
,,0.73340005,5.028437,-7.640681,1701784876628,,-2.0280712,-0.10155627,-0.04344776,,,,,,-0.14311266,-0.051869713,0.42660943,0.19243883,-0.92722744,-0.26467288,0.096088216
,,0.6140781,5.9841304,-7.437052,1701784876879,,-1.563203,-0.41920596,-0.23770276,,,,,,-0.15789318,0.16126846,0.2254507,0.1900147,-0.9184993,-0.30083528,0.10457519
,,0.45144588,6.7451277,-7.0874605,1701784877130,,0.769766,0.33024877,-0.15073088,,,,,,-0.14718017,0.36307123,0.039348982,0.19292371,-0.9036663,-0.33743313,0.10717165
,,0.53064835,6.562635,-7.3404617,1701784877381,,1.623144,0.18303037,0.060017463,,,,,,-0.01534893,0.35797438,-0.029719194,0.20804745,-0.9058605,-0.32403672,0.114035375
,,0.66033924,5.956853,-7.6060653,1701784877635,,1.1100177,0.24717116,0.3941605,,,,,,0.08779318,0.31653696,0.10774531,0.22323881,-0.9151895,-0.28447664,0.11388608
,,0.74265236,5.492484,-7.6525655,1701784877889,,-2.4354415,-0.10835214,-0.00962112,,,,,,0.05153744,0.11578249,0.20694144,0.22949281,-0.9174422,-0.26595634,0.11384218
52.54419293,13.36956059,0.563749,6.573961,-7.371887,1701784878000,3.7900925,-1.3193916,-0.38690647,-0.50991935,,,,,,0.1282471,0.41919926,0.011575937,0.22541733,-0.9072201,-0.30743697,0.11349644
,,0.4559922,6.8036733,-6.975238,1701784878394,,0.94325155,0.52022773,-0.21792601,,,,,,0.08013729,0.29295498,0.07516391,0.22503291,-0.89620805,-0.33381394,0.11179252
,,0.65938216,6.4469833,-7.1778307,1701784878645,,2.103284,0.36262462,-0.07925971,,,,,,0.15826632,0.1436564,0.1682354,0.23559621,-0.90112764,-0.3158539,0.1158005
,,0.7797411,5.64762,-7.49807,1701784878895,,0.22976151,0.4096612,0.17608178,,,,,,0.009446339,0.025545517,0.26352903,0.24713509,-0.9090194,-0.27701458,0.115245126
,,0.7897112,5.3785863,-7.5196047,1701784879151,,-2.3132687,-0.6801216,0.045967575,,,,,,-0.16146134,-0.12594645,0.28582928,0.25344506,-0.9075447,-0.2712574,0.120593406
,,0.53902316,6.363074,-7.144809,1701784879404,,-0.58635384,0.010766491,0.14004076,,,,,,-0.15975364,0.17047146,0.14365917,0.25446287,-0.89440876,-0.31432825,0.12465548
,,0.44059837,6.480881,-6.926743,1701784879658,,1.0764201,0.2587776,0.10399973,,,,,,-0.18402949,0.11532882,0.12662606,0.26316267,-0.8850298,-0.3293747,0.12789702
,,0.518046,6.168139,-7.28112,1701784879912,,2.10756,0.35834855,-0.21303909,,,,,,-0.1449669,0.19100404,0.17598775,0.27968845,-0.89073026,-0.3041238,0.13225839
,,0.68889356,5.491528,-7.7296143,1701784880163,,-0.37071857,-0.058261227,0.2952004,,,,,,-0.0742307,-0.009157996,0.10855926,0.29612693,-0.896348,-0.2633238,0.12921897
,,0.7258228,5.4640903,-7.603991,1701784880414,,-2.2815037,-0.7491493,-0.18127412,,,,,,-0.025072074,-0.16138333,0.20474093,0.30175602,-0.89267695,-0.26761156,0.13487953
,,0.41794634,6.3232737,-7.277291,1701784880666,,-0.6621011,0.51778424,0.0074830935,,,,,,-0.093888335,0.023064312,0.09543026,0.3022622,-0.87910664,-0.3090602,0.13975659
,,0.42392844,6.3956165,-7.153104,1701784880918,,1.1973714,0.057192214,-0.11041381,,,,,,-0.09906825,0.012309615,0.13674068,0.31338584,-0.87029535,-0.31767634,0.14614114
52.54410684,13.36950235,0.54779696,6.0319877,-7.4414387,1701784881000,4.43515,2.292652,-0.33681557,0.010537418,,,,,,-0.08819476,0.043992616,0.19674431,0.33193573,-0.87410927,-0.29395807,0.14591031
,,0.5260222,5.170332,-7.6824756,1701784881421,,-1.1868339,0.3992765,0.28359398,,,,,,-0.012016499,-0.1216811,0.3567582,0.3466963,-0.8787421,-0.2579847,0.1327752
,,0.32295126,5.282874,-7.5490355,1701784881673,,-2.185598,0.06146827,-0.69562227,,,,,,-0.19111308,-0.10415936,0.34810734,0.34877053,-0.87376606,-0.27348703,0.13862377
,,0.25563318,6.3069224,-7.19434,1701784881923,,-0.12637265,-0.02649626,-0.11041381,,,,,,-0.1972883,0.08276983,0.1268713,0.35309106,-0.85587275,-0.31524074,0.14737587
,,0.35493535,6.316733,-7.2898936,1701784882174,,1.6115377,-0.3502546,-0.2441932,,,,,,-0.0916605,0.082219616,0.00119826,0.3689131,-0.84683603,-0.31716675,0.15414436
,,0.42528436,5.7768326,-7.5749583,1701784882425,,1.9823326,0.59108806,-0.2234238,,,,,,-0.008782025,-0.057703096,0.097700104,0.38827953,-0.85144544,-0.28738305,0.14769234
,,0.39928234,5.0700727,-7.7092752,1701784882676,,-1.7488295,0.1060614,0.32146758,,,,,,-0.06272092,-0.10767193,0.3336995,0.4039548,-0.8540662,-0.2499734,0.13939275
,,0.6222136,5.696992,-7.4873815,1701784882927,,-1.769599,-0.8236748,-0.47754353,,,,,,0.011851167,-0.11355933,0.105456084,0.40887755,-0.8453235,-0.27034202,0.15601823
,,0.34751758,6.5772314,-6.9951787,1701784883178,,0.06421716,-0.038713556,0.09666935,,,,,,0.0125483675,0.2655326,0.13595222,0.41159162,-0.83064973,-0.3054101,0.16089004
,,0.2956731,6.3498335,-7.0549984,1701784883428,,1.6536874,0.34307694,0.06551525,,,,,,0.16090383,0.27552706,0.19904858,0.41569683,-0.83215684,-0.30050978,0.15698282
,,0.40167516,5.8560343,-7.349554,1701784883682,,1.5974878,0.7163153,0.12538,,,,,,0.24100631,0.2604669,0.35470018,0.42162186,-0.8436575,-0.26608998,0.14574496
,,0.53080785,5.288377,-7.5951385,1701784883933,,-2.7066655,-0.07658717,0.066126116,,,,,,0.08848081,0.065116815,0.2711798,0.4222816,-0.8488379,-0.23862813,0.14768054
52.54403524,13.36949028,0.5055236,6.304051,-7.36814,1701784884000,5.6623163,-1.2998439,-0.44127345,-0.37064222,,,,,,0.14040783,0.23476195,-0.07758643,0.41350862,-0.83927137,-0.27780578,0.16988893
,,0.1351945,6.9302535,-7.016076,1701784884437,,1.0183879,0.4579195,-0.15195261,,,,,,-0.027448984,0.29991105,-0.14234005,0.41032752,-0.82414097,-0.31280515,0.18168226
,,0.5046463,6.6128054,-7.2626963,1701784884689,,1.9835542,0.29115343,0.044745844,,,,,,0.1736129,0.15967672,-0.13841106,0.424942,-0.8233383,-0.29427773,0.18563737
,,0.59692955,5.6449876,-7.685985,1701784884940,,-0.70241815,0.052305296,-4.581486E-4,,,,,,-0.049325652,0.19590187,0.039453316,0.44708586,-0.82740754,-0.24445817,0.17633675
,,0.6305886,5.522555,-7.50086,1701784885191,,-2.1324525,-0.42966703,-0.3413207,,,,,,-0.14050905,0.13311656,0.14725164,0.45873252,-0.82174027,-0.23690934,0.18063122
,,0.29710877,6.8000836,-7.0724654,1701784885441,,-0.009086614,-0.13767365,0.117438756,,,,,,-0.023802342,0.71878153,0.080021314,0.46015862,-0.80436295,-0.28622043,0.1903051
,,0.26089743,6.8382883,-6.924191,1701784885692,,1.456378,0.20379977,0.49250972,,,,,,0.0045487643,0.6491628,0.20578334,0.46779913,-0.7966129,-0.29685685,0.18792519
,,0.44490534,6.3423357,-7.4438314,1701784885942,,1.9426264,0.4512,0.09850194,,,,,,0.053732574,0.95241815,0.3404082,0.48053542,-0.8082567,-0.25879097,0.17207845
,,0.40263227,5.518008,-7.546723,1701784886192,,-2.039601,-0.53717923,0.18157956,,,,,,-0.15701188,0.8918646,0.6332639,0.48059797,-0.82049274,-0.21929792,0.15677482
,,0.4383651,6.005746,-7.3594446,1701784886443,,-1.9644648,-0.6281981,-0.15622866,,,,,,-0.14147268,0.6272022,0.33710638,0.4661193,-0.81944567,-0.24953741,0.16881236
,,0.21503504,6.626523,-7.046704,1701784886695,,0.71478814,0.34796384,-0.013897174,,,,,,-0.2591687,0.647811,0.1388504,0.45073602,-0.80946827,-0.2957621,0.17901765
,,0.40598223,6.306364,-7.0398436,1701784886947,,2.1454334,0.029092435,0.07956514,,,,,,-0.20171636,0.36775023,0.2708154,0.45214933,-0.8128155,-0.28590408,0.18027997
52.5439805,13.36947659,0.4445864,5.5180883,-7.359365,1701784887000,6.9467773,0.5174788,0.37789622,0.33796093,,,,,,-0.28360516,0.23485962,0.42738155,0.46107474,-0.8239576,-0.24188285,0.16682364
,,0.59278196,5.003073,-7.3934236,1701784887450,,-2.3419793,-0.94706947,0.010537418,,,,,,-0.20191327,-0.25283664,0.30712834,0.46204656,-0.82572556,-0.22832035,0.16833209
,,0.6031507,6.1997232,-7.1649094,1701784887702,,-0.64010996,0.14821106,-0.10797035,,,,,,-0.028988285,-0.10952129,-0.019578632,0.45525897,-0.8125304,-0.27969697,0.18261681
,,0.515414,6.6153564,-6.902177,1701784887953,,1.9059745,0.8091667,-0.21670428,,,,,,0.056838877,-0.016262786,-0.033484094,0.45460257,-0.8034338,-0.30124807,0.18588877
,,0.8186643,6.131767,-7.2167525,1701784888204,,1.623755,0.10483967,0.12599087,,,,,,0.16249739,-0.016189042,0.16123003,0.46453363,-0.81399894,-0.26635706,0.17679767
,,0.8394819,5.19753,-7.4700723,1701784888457,,-1.7158428,-0.2042579,0.28603745,,,,,,-0.046967268,-0.10303872,0.34267652,0.46891364,-0.82530564,-0.22255553,0.16264386
,,0.9414959,5.4189463,-7.453403,1701784888709,,-1.8703916,-0.9263001,-0.7365502,,,,,,-0.0767782,-0.1871058,0.17856698,0.46032614,-0.8232908,-0.24085157,0.17640206
,,0.55178505,6.4211397,-6.9482784,1701784888961,,0.58711743,0.21051927,-0.14095704,,,,,,-0.30342245,0.17630841,0.16765277,0.45145285,-0.8085609,-0.2908778,0.18931164
,,0.45718864,6.169175,-7.11091,1701784889212,,1.5302926,-0.116904244,0.10216714,,,,,,-0.370834,0.09778776,0.058107138,0.45903307,-0.80579346,-0.28577206,0.19216284
,,0.48231328,5.5839715,-7.490412,1701784889465,,0.83329594,0.2325104,0.2689332,,,,,,-0.29512948,0.18095112,0.19921698,0.47263005,-0.8147017,-0.24323726,0.18054272
,,0.4701099,5.079884,-7.5160155,1701784889717,,-2.5075235,-0.43821913,0.2603811,,,,,,-0.31178913,0.17363296,0.3449014,0.47663128,-0.81775784,-0.21984528,0.17594762
,,0.50161535,5.8750176,-7.276733,1701784889969,,-1.5710678,-0.3429242,-0.20021093,,,,,,-0.21630338,0.113398425,0.08152931,0.4691191,-0.8095585,-0.2605814,0.1885629
52.54389969,13.36947535,0.27589244,6.465566,-7.113065,1701784890000,8.688238,0.96402097,0.41393724,0.07223476,,,,,,-0.15033287,0.33888227,-0.24221006,0.46301204,-0.79917157,-0.29384625,0.19032381
,,0.677807,6.0711503,-7.2470627,1701784890474,,1.7117195,0.18303037,-0.03527744,,,,,,0.095645376,0.06691693,-0.079100706,0.4660986,-0.8063104,-0.27638036,0.18760827
,,0.88869447,5.0732627,-7.670433,1701784890725,,-0.120264,0.2935969,-0.3346012,,,,,,0.04374702,-0.19637711,-0.018807475,0.46934217,-0.8176667,-0.2383751,0.17758583
,,1.0002797,5.0317874,-7.3207617,1701784890977,,-2.1654394,-0.46204284,-0.22098033,,,,,,0.051869128,-0.22578008,0.20016168,0.46650586,-0.8196152,-0.2339848,0.18129396
,,0.6751748,6.176354,-6.884231,1701784891228,,-0.94309884,-0.43944085,-0.17027856,,,,,,0.11019106,-0.07820002,0.096603155,0.45972046,-0.8090082,-0.27973965,0.19100887
,,0.45551363,6.642236,-6.828558,1701784891478,,1.2566252,0.60147274,0.10766492,,,,,,0.10539289,0.20500001,0.08947845,0.4589387,-0.80099016,-0.2986163,0.19129616
,,0.6932007,6.1797833,-6.805825,1701784891731,,1.7532582,-0.0881936,0.3911062,,,,,,0.24399577,-0.049811,0.53406984,0.46628004,-0.8088823,-0.27621257,0.18392672
,,0.6616953,5.4629736,-7.2563148,1701784891983,,-0.6333904,0.1146135,0.14492767,,,,,,0.19221349,0.0016414683,0.47945738,0.47123787,-0.81853694,-0.23982634,0.16998847
,,0.52331036,5.8458247,-6.9427752,1701784892235,,-1.8013638,-1.0796272,-0.19837834,,,,,,0.18417922,0.1062825,0.6045993,0.4634407,-0.8210167,-0.24860178,0.17130406
,,0.22955151,6.7410603,-6.870272,1701784892485,,-0.2937496,-0.08758274,0.23044874,,,,,,0.169769,0.271138,0.34400743,0.44875106,-0.8137921,-0.2947304,0.17397706
,,0.41188458,6.6275606,-7.0107317,1701784892739,,1.130787,0.10117448,0.091782436,,,,,,0.1620519,0.1067584,0.15005071,0.4396141,-0.8133918,-0.30587882,0.1746276
,,0.6498907,6.0432334,-7.2791257,1701784892989,,1.7343215,-0.04054615,0.090560704,,,,,,0.22548017,-0.09711211,0.22474483,0.44153088,-0.823788,-0.28159297,0.1707948
52.54375093,13.36951341,0.7125826,5.4104905,-7.6492147,1701784893000,7.694369,-1.018846,-0.11751511,0.013591741,,,,,,0.14819713,-0.095474295,0.1514806,0.44355842,-0.83231616,-0.24753642,0.16211124
,,0.66121656,5.771487,-7.4217377,1701784893490,,-2.1617742,-0.967228,-0.023060145,,,,,,0.12180402,-0.034100376,0.24662529,0.4358755,-0.8329634,-0.26206553,0.16573241
,,0.39800617,6.6659245,-6.9237127,1701784893741,,-0.30596688,0.4719694,0.12538,,,,,,0.18142249,0.14711957,0.25609398,0.42143184,-0.8255192,-0.30332983,0.16642466
,,0.52019966,6.5323257,-6.908877,1701784893991,,1.1906518,0.20624322,0.17302746,,,,,,0.071567185,0.06904438,0.23023833,0.4156971,-0.8259173,-0.30748025,0.16870339
,,0.5600003,6.2278,-7.25137,1701784894242,,1.894368,0.06635518,-0.08353576,,,,,,0.13439517,0.1215835,0.2451964,0.41791663,-0.8362779,-0.28229502,0.1643317
,,0.591745,5.6139617,-7.31119,1701784894494,,-1.0005201,-0.16149737,0.45402524,,,,,,0.07367075,0.05432065,0.40240654,0.41872928,-0.84454787,-0.2512074,0.15576473
,,0.5821737,6.002715,-7.148557,1701784894745,,-1.9443063,-1.10284,-0.32482734,,,,,,0.059856713,0.054142524,0.41531846,0.4100025,-0.8437979,-0.2700303,0.1643833
,,0.2149552,6.677332,-6.7632337,1701784894995,,-0.37132943,0.46280643,0.11804962,,,,,,-0.14586347,0.21331377,0.3294377,0.4013065,-0.8334766,-0.30825895,0.1687347
,,0.4866204,6.5624757,-6.9631143,1701784895246,,1.1882083,0.65156364,-0.2545779,,,,,,-0.016106104,0.17295519,0.19614942,0.40345886,-0.831128,-0.309601,0.17234267
,,0.550748,6.2234125,-7.36814,1701784895496,,2.0678537,0.55810136,-0.20326525,,,,,,0.139879,0.1622215,0.1172603,0.41001007,-0.8390433,-0.28578317,0.16728441
,,0.75182474,5.399724,-7.3521876,1701784895747,,-1.0622175,0.0938441,0.21090107,,,,,,0.06603728,-0.114545085,0.34043208,0.41449153,-0.844717,-0.25668555,0.15974411
,,0.7013363,5.7705317,-7.283912,1701784895997,,-1.7451643,-0.32948518,-0.5441278,,,,,,-0.007021584,-0.15264185,0.28933048,0.40509427,-0.843752,-0.2758691,0.1691338
52.54361268,13.36947761,0.5485147,6.5219584,-6.8524075,1701784896000,10.782318,-0.18318307,0.37972882,0.027641632,,,,,,0.0136833945,-0.10583542,0.14384548,0.39743355,-0.83313245,-0.31165016,0.17396496
,,0.7593223,6.5051284,-6.9135833,1701784896499,,0.9652427,0.58192503,0.07651082,,,,,,0.18528324,-0.20031063,0.02091047,0.4003409,-0.82907027,-0.31320623,0.18130957
,,0.69152564,6.1509104,-7.258309,1701784896750,,2.5846453,0.15920663,-0.11102467,,,,,,0.11956975,-0.22273628,-0.019017983,0.41244775,-0.83340645,-0.28927895,0.17934188
,,0.7129018,5.270511,-7.19458,1701784897000,,-1.0750457,0.270384,0.47174034,,,,,,-0.007924048,-0.45040095,0.38049918,0.4235977,-0.8366022,-0.25799292,0.16684793
,,0.51844496,5.961718,-7.001319,1701784897250,,-1.5179226,-0.0014508038,-0.35414886,,,,,,0.023669053,-0.13540933,0.38085353,0.42420918,-0.831652,-0.27537957,0.1735085
,,0.6551549,6.5137424,-6.69089,1701784897500,,-0.26198465,0.37117672,0.14798199,,,,,,0.29639608,-0.23946117,0.048644207,0.42764357,-0.81679904,-0.30881897,0.17746119
,,0.52969116,6.515736,-6.7004614,1701784897750,,1.2896119,0.39622217,0.020311253,,,,,,0.30660877,-0.052577257,0.12368059,0.4340604,-0.81283444,-0.31013405,0.17812473
,,0.66440696,6.2950377,-6.9671016,1701784898001,,2.002491,0.09995275,0.13148865,,,,,,0.32754877,0.028835535,0.24295,0.44285804,-0.82024753,-0.28547984,0.17298934
,,0.8165108,5.5432134,-7.0141606,1701784898251,,-0.26687154,0.012599086,-0.08720095,,,,,,0.19274078,-0.20813987,0.48802236,0.44850463,-0.82566106,-0.25493118,0.1667748
,,0.97068846,5.890491,-6.978029,1701784898501,,-2.0322707,-1.1058943,-0.046883874,,,,,,0.25839204,-0.31481177,0.30569628,0.44760177,-0.8212766,-0.26905975,0.18072301
,,0.6242874,6.3104315,-6.905207,1701784898751,,-0.337121,0.18669555,0.3752237,,,,,,0.1290804,-0.30027726,0.13876513,0.44443223,-0.8096293,-0.30245924,0.18617705
52.54347862,13.3694381,0.6147161,6.304849,-7.3575306,1701784899000,10.329883,1.5412881,0.3436878,0.28176138,,,,,,0.08401084,0.11717478,0.11056674,0.44991642,-0.8163335,-0.2823752,0.18217985
,,0.391386,6.681159,-7.0333037,1701784899001,,1.1833215,0.091400646,0.2762636,,,,,,0.00522511,0.16574968,0.1369068,0.4447401,-0.8078224,-0.30570424,0.18638945
,,0.5783453,5.5006213,-7.4916887,1701784899505,,-0.3285689,0.14698933,0.10216714,,,,,,-0.08109654,-0.019693192,0.21896392,0.4511152,-0.8244561,-0.25353876,0.17222269
,,0.5846463,5.8129644,-7.385846,1701784899756,,-2.0261621,-0.8096249,-0.029779658,,,,,,0.04099106,0.10318624,0.12657171,0.44210434,-0.8262638,-0.26395375,0.1776786
,,0.32191435,6.469076,-7.230791,1701784900006,,-0.6285035,0.15554145,0.11988221,,,,,,-0.10070071,0.4055188,-0.17301287,0.42806035,-0.82040495,-0.2991701,0.18327406
,,0.47338015,6.526583,-6.9727664,1701784900258,,0.8552871,0.21784966,0.01970039,,,,,,-0.0659213,0.27179816,-0.17763247,0.42241344,-0.8183059,-0.3070523,0.1868278
,,0.6337791,6.0819974,-7.0031543,1701784900508,,1.596266,0.6778308,0.06062833,,,,,,0.0017368774,0.05655635,0.0049605845,0.42609796,-0.8234623,-0.29188237,0.18721423
,,0.5384649,5.6300726,-7.1931443,1701784900760,,0.41790786,0.53549933,-0.046273008,,,,,,-0.19686963,-0.014925567,0.095499545,0.43335947,-0.8264317,-0.26807606,0.18338446
,,0.5986045,5.7908707,-7.1675415,1701784901012,,-2.153222,-0.1749364,-0.19165882,,,,,,-0.119250655,-0.0565129,0.043828823,0.43743303,-0.823001,-0.26909453,0.18895379
,,0.48454663,6.281639,-6.9761143,1701784901264,,-1.2967895,-0.50480336,-0.23319763,,,,,,-0.17488603,0.0116459485,-0.028220749,0.43808666,-0.81323844,-0.2967709,0.19481514
,,0.3278167,6.5549774,-6.638168,1701784901514,,0.36903867,0.15187626,0.012370012,,,,,,-0.105938025,0.009968598,0.20268185,0.44104284,-0.8066046,-0.3060979,0.19646446
,,0.45359942,6.529694,-6.869155,1701784901766,,1.3733004,0.32169667,0.2921461,,,,,,0.012180955,0.14940023,0.16535631,0.44784695,-0.80923384,-0.29444727,0.19616348
52.54333066,13.36944573,0.62045884,5.8740597,-7.3513103,1701784902000,7.864265,-2.0591488,-0.18043418,0.027030766,,,,,,-0.050954375,0.042023063,0.068007104,0.45681518,-0.8137549,-0.26286623,0.19319728
,,0.49467623,6.1005015,-7.1489563,1701784902017,,1.6158137,-0.035048366,0.13209951,,,,,,-0.0490389,0.15313302,0.17254852,0.45398247,-0.8138487,-0.27269548,0.19246146
,,0.6220541,6.418746,-7.2330256,1701784902517,,-1.4965423,-0.44249517,-0.8996511,,,,,,0.013289173,0.11271496,-0.061807647,0.45363945,-0.8076303,-0.28653678,0.2033526
,,0.42392838,6.7787066,-6.9628754,1701784902768,,0.17356196,-0.060093824,-0.21853687,,,,,,0.012507607,0.19970496,-0.057327606,0.45691526,-0.7971737,-0.30275956,0.20682223
,,0.54508495,6.672465,-7.0965533,1701784903022,,0.94508415,-0.32459828,0.09728022,,,,,,0.13553435,0.20106259,-0.0676596,0.46822992,-0.79426074,-0.29518157,0.20838197
,,0.62971115,6.318009,-7.3393455,1701784903273,,2.0000477,0.27649269,0.24205516,,,,,,0.20902066,0.14431117,-0.022208866,0.4785903,-0.79740256,-0.27698678,0.20085482
,,0.55832523,5.933482,-7.416634,1701784903524,,-0.62239486,-0.0045051277,0.14370593,,,,,,0.10914497,0.057154194,0.06751366,0.48328844,-0.8002624,-0.25798365,0.19146386
,,0.5816154,6.143094,-7.203115,1701784903775,,-1.927202,-0.3184896,-0.55206907,,,,,,0.118536465,0.03105522,0.12971283,0.47765046,-0.7995827,-0.2731187,0.19653802
,,0.4585446,6.5882387,-7.0500536,1701784904025,,-0.621784,0.15554145,-0.16172644,,,,,,0.15114406,0.22266483,0.050948493,0.47486335,-0.79280883,-0.2930335,0.1986597
,,0.5368696,6.4329443,-7.100143,1701784904276,,0.9151518,0.30947936,-0.051159926,,,,,,0.17377266,0.10320411,0.0096093975,0.47608316,-0.79159087,-0.29273278,0.20080538
,,0.5561717,6.3259053,-7.3258653,1701784904530,,1.5443425,0.1598175,0.119271345,,,,,,0.10573944,0.20045695,-0.021777486,0.47841108,-0.796861,-0.27995303,0.19795865
,,0.49539414,6.0418773,-7.419425,1701784904780,,0.4887682,0.37239844,0.20601414,,,,,,-0.03625692,0.2525444,0.09642512,0.48168948,-0.80113757,-0.25901863,0.19320194
52.54324074,13.36945542,0.4400401,6.6534815,-7.092247,1701784905000,8.390453,-1.3316089,-0.5103012,-0.27290383,,,,,,0.012929751,0.3805853,0.111191064,0.47788867,-0.79373413,-0.2859969,0.20188193
,,0.55545396,6.0451465,-7.3133435,1701784905031,,-2.2857797,-0.4730384,0.09422589,,,,,,-0.07863657,0.1742351,0.1828611,0.4805498,-0.80044967,-0.26207438,0.19788547
,,0.3091527,6.6794043,-6.8417177,1701784905535,,0.3995819,-0.024663666,-0.07620538,,,,,,-0.05268099,0.30578488,0.22164159,0.47578862,-0.79106104,-0.2946774,0.20043425
,,0.35645083,6.6453476,-7.0620165,1701784905785,,1.2566252,0.60819227,-0.049327333,,,,,,-0.0635197,0.41655216,0.21048474,0.47409502,-0.79817075,-0.2852165,0.19634324
,,0.5395018,6.1683784,-7.3079195,1701784906035,,1.2951097,0.4664716,-0.07864884,,,,,,-0.037183177,0.29729006,0.23555018,0.47439468,-0.8057682,-0.26426908,0.1916649
,,0.69910306,5.7983675,-7.269396,1701784906288,,-1.7983096,-0.14133884,0.00320704,,,,,,-0.10348498,0.086924,0.25772372,0.47364685,-0.80748737,-0.25437847,0.19413354
,,0.6082555,6.4210596,-7.1428156,1701784906540,,-1.5820634,-0.76686436,-0.32116216,,,,,,-0.030081522,0.21355107,0.041277297,0.4699117,-0.80232227,-0.27712995,0.20353541
,,0.37926242,6.618867,-6.8871827,1701784906791,,0.37453645,0.5318341,0.0074830935,,,,,,-0.16491537,0.18311709,-0.02178297,0.4684265,-0.7936418,-0.29489776,0.20752613
,,0.4642874,6.449854,-7.0063457,1701784907042,,1.094746,0.62163126,0.11988221,,,,,,-0.16707748,0.05272796,-0.09465306,0.47321817,-0.7911862,-0.29148117,0.21186067
,,0.4855037,6.1821766,-7.113464,1701784907292,,1.8204534,0.45364347,0.03619374,,,,,,-0.28512374,-0.045328476,-0.04488298,0.4842722,-0.79008234,-0.27525204,0.2142957
,,0.4427519,5.8411994,-7.160442,1701784907544,,-0.42080948,0.12011129,-0.2753473,,,,,,-0.44899112,-0.20948102,0.014962482,0.4989161,-0.7834693,-0.25901416,0.21529655
,,0.3996014,6.1619964,-7.2693157,1701784907794,,-1.9687408,-0.565279,-0.3339903,,,,,,-0.46362057,-0.26581028,-0.26160184,0.51451147,-0.76704246,-0.26991904,0.2289494
52.54317034,13.36944318,0.32781675,6.4149985,-7.100782,1701784908000,6.031946,0.4606684,0.292986,0.11438443,,,,,,-0.41124856,-0.45310947,-0.5204712,0.5603665,-0.71574336,-0.27464294,0.2689819
,,0.2904887,6.5263443,-7.0937624,1701784908045,,-0.60345805,0.33208138,-0.49342602,,,,,,-0.48945728,-0.26518372,-0.4210273,0.53141856,-0.7424393,-0.28435415,0.2481416
,,0.44339,6.4220176,-7.259665,1701784908547,,2.111836,0.33269224,0.06734784,,,,,,-0.20772101,-0.4070214,-0.5437907,0.5964221,-0.690109,-0.25395975,0.28078118
,,0.6787641,6.1873617,-7.583254,1701784908797,,0.48937905,0.44386962,-0.034666575,,,,,,0.13430944,-0.52155447,-0.6385329,0.63175815,-0.6667725,-0.22981247,0.2759101
,,0.6901699,6.153303,-7.5070825,1701784909048,,-2.3737442,-0.05459604,0.12904519,,,,,,0.24085961,-0.40763766,-0.5409989,0.6530946,-0.6495213,-0.22357206,0.27220312
,,0.6025128,6.7252674,-7.1996837,1701784909301,,-1.2735767,-0.6190351,-0.64003354,,,,,,0.35796168,-0.053063393,-0.33366308,0.6585448,-0.6389951,-0.23930725,0.27586576
,,0.45415774,6.805347,-7.0096946,1701784909554,,0.49793115,-0.12362376,-0.093309596,,,,,,0.41874993,0.16595225,-0.09627314,0.66576415,-0.6333606,-0.2445151,0.26845807
,,0.64893353,6.8057466,-7.289495,1701784909806,,2.0794601,-0.31360272,-0.09697478,,,,,,0.72897357,0.43589896,0.083466195,0.6685396,-0.64684874,-0.23354425,0.24654369
,,0.7287741,6.1518683,-7.479406,1701784910056,,0.42340565,0.77984524,0.491288,,,,,,0.9181993,0.5062244,0.46538505,0.66237485,-0.6725789,-0.2098008,0.20797434
,,0.6890531,5.7856855,-7.501021,1701784910308,,-2.3267076,-0.060093824,-0.08720095,,,,,,0.6921928,0.583651,0.5010141,0.6418801,-0.6968051,-0.20254639,0.19278266
,,0.5438088,6.6515684,-7.2467427,1701784910560,,-1.3835324,-0.89575684,-0.04016436,,,,,,0.84159195,0.78741914,0.46808755,0.61557186,-0.70775205,-0.24121347,0.20052262
,,0.16725826,6.8762546,-6.839804,1701784910813,,0.5492438,0.45853037,0.15775582,,,,,,0.6587445,0.74990857,0.4614928,0.590757,-0.71480745,-0.27027443,0.19870837
52.54306884,13.36948724,0.50592244,5.9408994,-7.304809,1701784911000,5.114269,0.18700098,0.28076872,0.19074252,,,,,,0.27492782,0.5317704,0.48004672,0.56465447,-0.7519201,-0.23235281,0.18971892
,,0.44075793,6.620462,-7.163393,1701784911064,,1.8296164,0.2880991,0.04657844,,,,,,0.72880036,0.51839805,0.31078818,0.5736316,-0.7338628,-0.26237705,0.1954688
,,0.5718049,5.882674,-7.3407006,1701784911566,,-2.007836,-0.73082334,-0.27412558,,,,,,-0.013270012,0.38153622,0.20983997,0.55396575,-0.75808686,-0.22659345,0.20788518
,,0.34121653,6.7278194,-6.8717074,1701784911817,,-0.7879392,-0.41867146,-0.21548255,,,,,,-0.02496804,0.5247244,0.23900907,0.5414099,-0.7515371,-0.26707232,0.22913887
,,0.19549364,6.895955,-6.6680784,1701784912069,,0.75266176,-0.24152066,0.3819432,,,,,,-0.105021395,0.47860286,0.11754783,0.53479576,-0.747567,-0.28356484,0.234162
,,0.6414359,6.5014586,-7.205108,1701784912322,,2.4734678,0.4560869,0.066126116,,,,,,0.1828579,0.4414829,0.041818906,0.54024106,-0.75774217,-0.2587311,0.22489108
,,0.6726225,5.5479984,-7.218589,1701784912572,,-1.4378994,-0.05337431,0.64828026,,,,,,0.10206148,0.36468303,0.45577362,0.54457676,-0.7714758,-0.21983996,0.19811969
,,0.735793,5.7799425,-7.2028747,1701784912822,,-1.8746676,-0.66301733,-0.46654797,,,,,,0.31636703,0.15015921,0.20278332,0.5301393,-0.7777786,-0.23555401,0.19708811
,,0.33890346,6.6325846,-6.8829546,1701784913073,,0.37209302,0.23312128,0.23472479,,,,,,0.13468821,0.30702803,0.019885333,0.51159185,-0.7715892,-0.28558365,0.2045031
,,0.36681968,6.6914487,-6.834859,1701784913324,,1.5901574,0.5306124,-0.13973531,,,,,,0.15623726,0.29021403,0.026751883,0.5035675,-0.77338654,-0.29260504,0.20642135
,,0.4923631,5.9862843,-7.2429147,1701784913574,,1.0055598,0.40721774,0.09605849,,,,,,-0.03496142,0.22040014,0.04737889,0.50965345,-0.7851959,-0.25668386,0.19544919
,,0.45040894,5.3407,-7.3757167,1701784913826,,-2.356029,-0.3814087,-0.6039925,,,,,,-0.28118432,-0.095177576,0.08442564,0.51553094,-0.7880258,-0.23113899,0.19366512
52.54292858,13.36956292,-0.13806587,7.145128,-6.798965,1701784914000,4.0625453,1.3549744,0.50373435,0.06429352,,,,,,-0.4291498,0.3531886,-0.16549458,0.5198206,-0.75101167,-0.3018207,0.23555566
,,0.22827522,6.5605607,-7.2129245,1701784914076,,-0.7262419,-0.30077454,-0.16661337,,,,,,-0.28910074,0.16848138,-0.23328026,0.51380503,-0.770547,-0.27292216,0.22160572
,,0.11246268,6.7105923,-7.0693545,1701784914580,,1.9322417,0.7395282,0.09850194,,,,,,-0.24673872,0.32438833,0.0036441009,0.5386959,-0.7511929,-0.2732648,0.2306558
,,0.20729822,5.653762,-7.452048,1701784914830,,-2.347477,-0.10407609,0.0050396346,,,,,,-0.40450364,0.03207511,0.15187307,0.5584995,-0.75485176,-0.22489455,0.21808536
,,0.31074792,6.0655656,-7.322675,1701784915081,,-1.4097996,-0.7894664,-0.47876528,,,,,,-0.3370699,0.018288843,0.1300663,0.56135553,-0.7442808,-0.23750542,0.23475449
,,0.04338984,7.090253,-6.828877,1701784915332,,0.8858303,0.47929978,-0.285732,,,,,,-0.38549545,0.34482184,0.015942812,0.5600763,-0.72443604,-0.28199613,0.25322148
,,0.2072982,6.793065,-7.009774,1701784915583,,2.1399357,0.27832526,0.053908817,,,,,,-0.3179521,0.25227493,-0.0012914975,0.57117647,-0.7218618,-0.27118024,0.24878652
,,0.47322056,5.7777095,-7.4590664,1701784915835,,-1.2332597,-0.006948587,0.29764387,,,,,,-0.30682772,0.17005593,0.2135561,0.58779883,-0.73194385,-0.21809381,0.22700639
,,0.508076,5.509394,-7.448458,1701784916087,,-1.8062508,-0.86277014,-0.54901475,,,,,,-0.4233062,0.034308054,0.29718798,0.588298,-0.7342619,-0.20699836,0.22722538
,,0.15497513,6.726384,-6.9816184,1701784916338,,0.4673879,0.24167338,0.054519683,,,,,,-0.42328405,0.45014286,0.14992008,0.57791895,-0.7219562,-0.25671428,0.24340318
,,0.16709876,6.9102335,-6.8576694,1701784916587,,1.9291873,0.35101816,0.064904384,,,,,,-0.23994273,0.51112777,0.1531214,0.5793801,-0.7168415,-0.26870412,0.24174036
,,0.4421936,6.1603227,-7.3252277,1701784916837,,0.53763735,0.52328205,0.4338667,,,,,,-0.08690548,0.5007832,0.3137933,0.59127,-0.7288384,-0.22636895,0.22079466
52.54284596,13.36961189,0.45790642,6.3759947,-7.1334825,1701784917000,5.1461954,-0.6248383,-0.22319472,0.03497201,,,,,,-0.05360931,0.35191968,0.22048463,0.5801095,-0.73158604,-0.2397273,0.2284041
,,0.5590431,5.498069,-7.4489365,1701784917090,,-2.2143085,-0.45165816,-0.62903804,,,,,,-0.1751259,0.29460627,0.45885685,0.59084886,-0.73962116,-0.19745359,0.2101842
,,0.24869399,7.0794053,-6.8781676,1701784917591,,1.6726241,0.6796634,0.46990773,,,,,,0.06358161,0.553671,0.085843466,0.5752634,-0.721552,-0.27348673,0.23424149
,,0.6423931,6.457032,-7.2055864,1701784917841,,1.9670609,0.41882417,0.5413789,,,,,,0.3393124,0.37223443,0.20554587,0.58101195,-0.73192555,-0.2479119,0.21978475
,,0.79649085,5.449734,-7.5141006,1701784918091,,-2.3902376,-0.21464261,0.19257513,,,,,,0.2356,0.038933054,0.38043252,0.57918626,-0.74995255,-0.2066657,0.20053034
,,0.9106286,5.8728642,-7.296115,1701784918341,,-1.1923317,-0.7302125,-0.67668545,,,,,,0.26286098,-0.09041543,0.27587292,0.56200385,-0.7532691,-0.2305302,0.21150406
,,0.6951948,6.9283376,-6.909117,1701784918594,,1.3054944,0.45364347,0.08567379,,,,,,0.33558667,0.15218185,0.1355835,0.54674065,-0.74339503,-0.28294495,0.22309193
,,0.84131634,6.7007008,-7.0082583,1701784918843,,2.0244823,0.2777144,0.17180572,,,,,,0.4076458,0.070718065,0.2689348,0.54279083,-0.7510894,-0.27694324,0.21605882
,,1.1068399,5.576233,-7.377391,1701784919093,,-1.2369248,0.022983788,0.44486228,,,,,,0.35684267,-0.15633698,0.48431453,0.543585,-0.77011144,-0.2293831,0.19584098
,,1.2018349,5.4136014,-7.3710904,1701784919345,,-1.6846887,-0.84872025,-0.5392409,,,,,,0.2274156,-0.3193136,0.4021943,0.53210783,-0.778499,-0.22346088,0.19905232
,,0.79338014,6.6014,-6.968537,1701784919597,,0.44784024,0.24717116,0.099723674,,,,,,0.092753574,0.08975976,0.15083854,0.5162494,-0.76842254,-0.27687964,0.21480443
,,0.6383253,6.7584486,-6.8216977,1701784919847,,1.7709733,0.5104539,0.20662501,,,,,,0.11772934,0.18258837,0.1464285,0.51201624,-0.7648192,-0.29173604,0.21636933
52.54278083,13.36964285,0.82743806,5.2393246,-7.359526,1701784920000,4.893527,-2.442161,-0.37163487,-0.25030184,,,,,,-0.15098242,-0.058630228,0.35651875,0.5139151,-0.7917957,-0.21921545,0.19784535
,,0.7968897,5.9003015,-7.1621976,1701784920097,,1.1747693,0.49029535,0.4564687,,,,,,0.057557512,0.093210064,0.27424076,0.5171295,-0.78013283,-0.25038105,0.20415072
,,0.62803626,6.3159347,-7.075736,1701784920600,,-1.0219004,-0.052763447,0.019089524,,,,,,-0.19700328,0.22691222,0.10919393,0.49914756,-0.7857889,-0.2614068,0.21468735
,,0.2536392,7.0190268,-6.7231135,1701784920853,,1.2773947,0.10789399,0.23472479,,,,,,-0.302351,0.44819668,0.040368844,0.49087432,-0.774574,-0.29884243,0.22324252
,,0.5302494,6.57428,-6.97755,1701784921105,,2.1814744,0.43592837,0.27870706,,,,,,-0.13041075,0.28739086,0.13239227,0.4987154,-0.78091794,-0.27450937,0.2190669
,,0.6849056,5.671309,-7.366463,1701784921358,,-1.6058872,-0.27939427,-0.009010255,,,,,,-0.2001945,0.10303249,0.22763102,0.50701016,-0.7926174,-0.22757183,0.20567344
,,0.6391229,6.036852,-7.18748,1701784921610,,-1.6199371,-0.9550107,-0.49831295,,,,,,-0.19318792,0.09666734,0.16848208,0.5017027,-0.7909558,-0.24045393,0.21239975
,,0.34831524,7.114579,-6.7887573,1701784921860,,1.4032328,1.0785581,0.03924806,,,,,,-0.10458029,0.36659205,-0.0709918,0.49288568,-0.77646106,-0.2923114,0.22380807
,,0.44362935,6.848817,-6.865806,1701784922113,,1.7025565,0.23739733,0.30619597,,,,,,-0.067628875,0.18111737,0.014760924,0.49996617,-0.7746423,-0.28638622,0.2235053
,,0.74193454,5.9814987,-7.327302,1701784922364,,-0.024358233,0.06024654,0.13332124,,,,,,-0.002901884,0.028640961,0.1719217,0.51240104,-0.7867458,-0.24089278,0.20910518
,,0.7755138,5.662535,-7.5947385,1701784922614,,-0.35300347,0.1164461,0.03619374,,,,,,-0.093634084,0.1320918,0.12479941,0.5139625,-0.79294264,-0.22031498,0.20165963
,,0.7776674,5.976074,-7.6882186,1701784922865,,-0.028634287,-0.046043932,0.010537418,,,,,,-0.083122,0.2573087,-0.0052494686,0.51009315,-0.7928991,-0.23142242,0.206178
52.54259415,13.36970797,1.2123636,4.7281375,-8.433663,1701784923000,7.5683413,0.042836893,0.10178535,0.031917684,,,,,,-0.14841,0.04223508,0.11659576,0.52109295,-0.81034184,-0.17063993,0.19287123
,,0.89810616,5.5401015,-7.959166,1701784923115,,-0.15874848,-0.0063377223,-0.08781181,,,,,,-0.13946381,0.18874761,0.004766957,0.51242477,-0.79712,-0.21514106,0.20181534
,,1.4059428,4.2622547,-8.697272,1701784923619,,0.042226028,0.06940951,0.027030766,,,,,,-0.19676062,-0.0040450334,0.14896813,0.521631,-0.81971705,-0.14446919,0.18604806
,,1.4976679,4.2896924,-8.748797,1701784923869,,-0.18868086,0.050472703,-0.13423753,,,,,,-0.16357943,-0.023660239,0.05259431,0.5188733,-0.82056046,-0.14547303,0.18995883
,,1.5061224,4.3257446,-8.627321,1701784924120,,0.010461059,0.15615231,-0.012064579,,,,,,-0.18170413,-0.09300719,0.09481552,0.5173848,-0.8200458,-0.14878207,0.19406506
,,1.4687942,4.3152957,-8.5013,1701784924370,,0.10942116,-0.006948587,0.041691523,,,,,,-0.2504483,-0.116401896,0.1992051,0.51772255,-0.8194052,-0.1489164,0.19576304
,,1.5169698,4.4021554,-8.565268,1701784924620,,0.09048434,0.0193186,-0.02489274,,,,,,-0.1755421,-0.09725254,0.10996381,0.5183421,-0.818574,-0.14958978,0.19707495
,,1.5893924,4.465646,-8.624531,1701784924870,,0.05383246,-0.038713556,-0.026725333,,,,,,-0.13875493,-0.0484207,0.07107816,0.5185998,-0.8181026,-0.14940828,0.19850029
,,1.502932,4.5445285,-8.643594,1701784925121,,0.10575596,0.010155627,0.09666935,,,,,,-0.10180393,0.083393894,-0.03410284,0.51979053,-0.8171868,-0.14937203,0.1991929
,,1.5129817,4.6573896,-8.657949,1701784925370,,7.63581E-5,-0.017944153,0.11438443,,,,,,-0.07545812,0.14987262,-0.033033576,0.5202216,-0.81693655,-0.14964126,0.19889683
,,1.5717653,4.5998025,-8.71466,1701784925620,,-0.0035888306,-0.069867656,0.05574141,,,,,,-0.0013292114,0.09991279,-0.03215901,0.51960343,-0.81766313,-0.1492645,0.19775836
,,1.6264813,4.540381,-8.70804,1701784925870,,0.12530364,0.041920595,0.010537418,,,,,,0.049457334,0.07708761,-0.010760975,0.51769584,-0.8193945,-0.1487924,0.19583495
52.5425274,13.36972573,1.5919449,4.2404804,-8.573164,1701784926000,11.89113,-0.98341596,-0.17676899,-0.10308343,,,,,,0.009881389,0.11412631,0.13434082,0.51342624,-0.82494026,-0.14007153,0.18901469
,,1.5676179,4.554897,-8.6944,1701784926120,,0.60238904,0.2618319,0.010537418,,,,,,9.79952E-4,0.19033052,0.007482831,0.51491874,-0.82179457,-0.14809385,0.19351964
,,1.6048661,4.3056455,-8.417153,1701784926620,,-1.6034437,-0.73265594,-0.50014555,,,,,,0.057089336,-0.09452625,0.16111566,0.5075237,-0.8247936,-0.15209816,0.19137414
,,1.2590234,5.021339,-8.001599,1701784926871,,-0.11537708,0.17142393,0.20967934,,,,,,0.03079323,0.019459367,-0.004332574,0.49666232,-0.8139647,-0.19646983,0.19737272
,,1.0088139,5.6898937,-7.3779497,1701784927120,,0.9267582,0.22212571,0.30802858,,,,,,0.01588041,0.022783272,0.011284987,0.4849175,-0.80150986,-0.24321784,0.20577477
,,0.9623134,6.100901,-7.2359757,1701784927370,,1.6353613,0.4078286,-0.19837834,,,,,,0.14210577,0.05513699,-0.10840305,0.4775615,-0.797296,-0.26873577,0.21054183
,,0.92897356,5.850612,-7.188359,1701784927621,,-0.2955822,-0.16577344,0.3025308,,,,,,0.10029789,-0.08473714,0.0038330874,0.48002657,-0.79729235,-0.2633071,0.20658527
,,0.91613203,6.0052686,-7.1246295,1701784927872,,-1.7298927,-0.49686214,-0.47265664,,,,,,0.15389661,-0.2077389,0.012693088,0.47629014,-0.7959426,-0.27619538,0.210773
,,0.6815556,6.576035,-6.8669224,1701784928124,,-0.6944769,-0.07658717,0.13026692,,,,,,0.13108338,0.007140398,-0.059298787,0.47283575,-0.7867984,-0.30269107,0.21569476
,,0.74400824,6.6164746,-6.702775,1701784928374,,0.7868702,-0.3850739,0.19746204,,,,,,0.23451701,0.018326584,0.1468042,0.4748125,-0.7843564,-0.3028893,0.21946262
,,0.9703692,6.3073215,-7.096235,1701784928624,,1.6402483,0.40233082,0.27015495,,,,,,0.24011081,0.070422985,0.11639576,0.4815997,-0.7917148,-0.27944916,0.21679391
,,1.0691929,5.6790466,-7.208138,1701784928875,,-0.44585493,-0.07658717,0.1583667,,,,,,0.122124165,-0.024910888,0.31094053,0.48866478,-0.79692453,-0.24808846,0.21182013
52.54209663,13.36990438,0.7720043,6.749355,-6.6806016,1701784929000,8.725472,-0.2192241,0.3174206,-0.059101168,,,,,,0.0872751,0.20291853,0.15117034,0.4757468,-0.7866819,-0.29289868,0.22720595
,,1.1617951,5.866324,-7.0266037,1701784929126,,-1.8673372,-0.96661717,-0.35475972,,,,,,0.21398483,-0.137614,0.29931387,0.4835656,-0.7960269,-0.25776714,0.22085483
,,0.8330213,6.772087,-6.534958,1701784929629,,1.2615122,0.62407476,0.16142102,,,,,,0.122166425,0.18453391,0.24565949,0.47323644,-0.7852279,-0.29775372,0.22915599
,,0.9548958,6.447381,-6.9410195,1701784929881,,1.8949789,0.4652499,0.23533566,,,,,,0.020203808,0.16357444,0.16345383,0.4782799,-0.7937563,-0.2734577,0.22560517
,,1.0362519,5.7300925,-7.1984873,1701784930132,,-0.27053675,0.040088,0.0050396346,,,,,,-0.017528147,-0.1274148,0.23631525,0.48634437,-0.7985417,-0.24172726,0.21779642
,,0.9298509,5.8628154,-7.1827745,1701784930384,,-1.9516366,-0.70272356,0.066126116,,,,,,-0.09205605,-0.09237344,0.18086596,0.49033752,-0.79532045,-0.24439214,0.21894589
,,0.48885363,6.402635,-7.019345,1701784930635,,-1.263192,0.20563236,0.042302385,,,,,,-0.31734088,0.13817565,0.09380734,0.49009976,-0.784635,-0.27383864,0.2225772
,,0.5790631,6.3129034,-6.808219,1701784930886,,0.6640864,-0.20914483,-0.2112065,,,,,,-0.3028629,-0.14240195,0.1840875,0.49763566,-0.774825,-0.2796612,0.22867127
,,0.5762715,6.234978,-7.0494947,1701784931139,,1.0880265,0.23678645,0.048411034,,,,,,-0.33739623,-0.09623701,0.06601747,0.51088625,-0.7718345,-0.26645502,0.23056802
,,0.565743,5.967938,-7.0873017,1701784931389,,0.5468003,0.18303037,0.0050396346,,,,,,-0.42236558,-0.21452211,0.13701901,0.5220142,-0.76712966,-0.25749853,0.23093435
,,0.48909295,6.271428,-7.005148,1701784931642,,0.02451095,0.11827869,-0.1452331,,,,,,-0.4378978,-0.09040574,0.10945873,0.5295662,-0.75928295,-0.26560184,0.23673771
,,0.48845488,6.4472203,-7.0980687,1701784931893,,0.19738568,0.270384,-0.12140937,,,,,,-0.4437681,-0.04381984,0.018883817,0.5389948,-0.75179726,-0.26610976,0.24052818
52.5424319,13.36973492,1.125185,5.1976895,-8.238169,1701784932000,30.88771,0.099036455,0.07002038,-0.1385136,,,,,,-0.37868217,-0.036422897,-0.052567642,0.57837147,-0.7583977,-0.17775679,0.22692847
,,0.88638127,5.9063635,-7.5104313,1701784932144,,0.10575596,0.08651373,-0.29122978,,,,,,-0.33746192,-0.16519636,-0.0071681817,0.5574291,-0.75192004,-0.2281642,0.23733042
,,1.2784854,4.642874,-8.609854,1701784932648,,0.017791437,0.0040469794,-0.11041381,,,,,,-0.41086772,-0.07266981,0.014051597,0.5937312,-0.7603043,-0.142833,0.21690199
,,1.3071991,4.49077,-8.763234,1701784932899,,0.013515383,-0.08880447,-0.029168794,,,,,,-0.41792488,0.008796374,-0.016765436,0.60525775,-0.756257,-0.1270563,0.21159524
,,1.280559,4.552026,-8.834302,1701784933151,,-0.08972076,-0.074143715,0.19196425,,,,,,-0.41648853,0.15685053,-0.013197613,0.6148773,-0.7504037,-0.12234202,0.20792593
,,1.2128421,4.563432,-8.795856,1701784933403,,0.17783801,0.04253146,-0.069485866,,,,,,-0.40655455,0.25534526,0.0657636,0.6205784,-0.7472372,-0.121086925,0.20374306
,,1.0952746,4.5842495,-8.792827,1701784933659,,0.058108512,-0.046043932,-0.15806127,,,,,,-0.37073147,0.35408294,0.108689226,0.62589973,-0.7446371,-0.120445505,0.1976958
,,0.886142,4.6428733,-8.79498,1701784933911,,0.15340342,-0.09185879,-0.051159926,,,,,,-0.40723494,0.47880623,0.10043855,0.6285954,-0.7441473,-0.12097355,0.19039495
,,0.7353144,4.600839,-8.7850895,1701784934161,,0.08009964,-0.035048366,0.116217025,,,,,,-0.42779732,0.5146402,0.1590071,0.62721556,-0.7467343,-0.123839095,0.18221997
,,0.650449,4.498586,-8.830873,1701784934412,,-0.023747368,-0.107741274,-0.012675445,,,,,,-0.3580005,0.45899457,0.1525911,0.6227187,-0.75180024,-0.12772419,0.17339672
,,0.43724844,4.434698,-8.883593,1701784934662,,0.04772381,0.010155627,-0.108581215,,,,,,-0.39592355,0.45785034,0.13152458,0.617828,-0.7568459,-0.13287666,0.16446462
,,0.28331015,4.3566914,-8.970453,1701784934914,,-0.0011453715,-0.6727912,-0.06704241,,,,,,-0.29063264,0.42244864,0.08994122,0.61575603,-0.75972766,-0.13950087,0.15245916
52.54239365,13.36975948,-0.8012765,4.150431,-8.97819,1701784935000,34.566437,0.2041052,0.15065452,0.04657844,,,,,,-0.3122276,0.21025065,0.08341894,0.5993868,-0.7706248,-0.17606091,0.10515457
,,-0.25954148,4.341139,-8.984731,1701784935165,,0.21021384,-0.3013854,0.13148865,,,,,,-0.34079283,0.4145919,0.109079614,0.60892487,-0.764789,-0.15642747,0.13053285
,,-1.0764512,3.8207793,-9.04846,1701784935668,,0.04772381,0.05413789,0.0129808765,,,,,,-0.1445699,-0.076498866,0.0073114713,0.5925405,-0.7752927,-0.1897123,0.083156556
,,-1.3458034,3.5724044,-9.095996,1701784935920,,-0.026801692,-0.02649626,0.031306818,,,,,,0.0014307935,-0.25149328,-0.04944633,0.588016,-0.7787058,-0.20000498,0.06284132
,,-1.5602002,3.3335204,-9.142735,1701784936170,,-0.025579963,0.013820816,0.026419902,,,,,,0.13563609,-0.39009756,-0.09396741,0.58618146,-0.7806949,-0.20634717,0.044805594
,,-1.7460428,3.079722,-9.2234535,1701784936422,,-5.345067E-4,0.00160352,0.013591741,,,,,,0.17914224,-0.51139086,-0.15882044,0.5859676,-0.7819573,-0.2080844,0.030414244
,,-1.536192,2.8031116,-9.294601,1701784936675,,0.020234896,-0.0051159924,-0.0059559317,,,,,,0.3303788,-0.6092558,-0.20995869,0.59035057,-0.7810379,-0.19907533,0.027933326
,,-1.245863,2.6570697,-9.390634,1701784936927,,0.035506517,-0.013668099,-0.016951498,,,,,,0.43181244,-0.56801003,-0.20864461,0.59835297,-0.77836967,-0.18499134,0.031607136
,,-1.2316655,2.6495726,-9.388958,1701784937177,,0.0067958706,0.008323032,-0.018784093,,,,,,0.31993693,-0.41751987,-0.147979,0.6070692,-0.7742033,-0.17379123,0.033544343
,,-1.2635701,2.6620152,-9.38457,1701784937427,,-0.002367101,0.0028252497,0.025198173,,,,,,0.18872927,-0.25955737,-0.091076024,0.6159105,-0.7693957,-0.16438957,0.034750216
,,-1.2472985,2.6295521,-9.393104,1701784937678,,-0.0035888306,0.0034361144,0.0050396346,,,,,,0.13976583,-0.18005498,-0.0671786,0.62249297,-0.76565075,-0.1574158,0.03541548
,,-1.2626928,2.6102507,-9.40116,1701784937927,,-0.0060322895,-8.3993905E-4,0.009315688,,,,,,0.07900405,-0.11411326,-0.03914197,0.62731546,-0.76280254,-0.1524063,0.035470687
52.54242217,13.36978809,-1.2750554,2.5925436,-9.408578,1701784938000,19.603182,-0.002367101,0.00160352,0.0019853106,,,,,,0.027833061,-0.046923805,-0.019583384,0.6328041,-0.75937515,-0.14716128,0.035167553
,,-1.2718651,2.593661,-9.405548,1701784938178,,-0.002367101,-0.0045051277,0.0044287695,,,,,,0.04721727,-0.07524546,-0.026003074,0.6306965,-0.7607032,-0.14922075,0.03516006
,,-1.2683556,2.5924637,-9.405149,1701784938679,,0.015347977,-2.290743E-4,-0.004123337,,,,,,0.022006428,-0.032450534,-0.011723836,0.6340018,-0.758588,-0.14600232,0.03554115
,,-1.2616556,2.5836902,-9.410731,1701784938929,,0.03367392,-0.0020616686,-0.039553493,,,,,,0.018063152,-0.03490824,-0.012119102,0.635093,-0.75783217,-0.14512843,0.03575244
,,-1.2566307,2.5670202,-9.429396,1701784939182,,-0.13614649,-0.08391755,-0.082924895,,,,,,0.028163573,-0.039401174,-0.019872444,0.636918,-0.7564272,-0.1444988,0.035324443
,,-1.211805,2.4375684,-9.477015,1701784939432,,-0.22411102,-0.35086545,-0.002290743,,,,,,0.11996171,-0.16389818,-0.0754652,0.641856,-0.7518677,-0.14573298,0.0349435
,,-1.2454642,2.3258235,-9.516813,1701784939684,,-1.448284,0.49884745,1.0844377,,,,,,0.1821346,-0.35341698,-0.16631564,0.65279084,-0.74038714,-0.15142336,0.035942327
,,-0.93256277,2.8002405,-9.37524,1701784939935,,-1.2399791,-0.17737986,0.0074830935,,,,,,0.38846287,-0.41606465,-0.2631689,0.6585898,-0.7264517,-0.16773695,0.060977682
,,-0.7605985,3.5880377,-8.826964,1701784940186,,-0.7757219,-0.13461933,-0.09575305,,,,,,0.48878425,-0.48854497,-0.30669376,0.65769154,-0.70672727,-0.20042168,0.10121476
,,-0.94596255,4.72375,-8.11135,1701784940437,,0.18516839,1.1714096,0.19501857,,,,,,0.2370239,-0.3420988,-0.3619221,0.6547585,-0.6805008,-0.24094509,0.14985178
,,-0.7649853,5.774121,-7.389993,1701784940691,,0.48388126,0.63690287,-0.08842268,,,,,,0.116086446,-0.26030332,-0.36200115,0.6564857,-0.6515465,-0.26864395,0.2075137
,,-0.32103702,6.663613,-7.0133634,1701784940942,,1.4588214,0.53733194,-0.18616104,,,,,,0.1123247,-0.14956838,-0.46140835,0.6657551,-0.6223819,-0.27725333,0.26173037
52.54242722,13.36978948,0.2586641,6.433902,-6.734759,1701784941000,17.035757,-2.297997,-0.20670137,0.16264275,,,,,,-0.2575418,-0.006390377,-0.026706235,0.70913845,-0.57436645,-0.21790157,0.28959405
,,0.10416754,7.059306,-6.707082,1701784941193,,1.7398193,0.43959355,0.081397735,,,,,,0.023602346,0.08258364,-0.23058715,0.68376124,-0.5962202,-0.25937146,0.29320708
,,0.5333602,6.378149,-6.9611993,1701784941698,,-1.3371066,-1.0729077,-0.31261006,,,,,,-0.3342072,0.17857665,-0.010622295,0.7309625,-0.5593799,-0.18349808,0.2951111
,,0.7486345,6.318249,-6.95769,1701784941950,,0.27130032,0.24900375,0.26832235,,,,,,-0.25934964,0.1621389,0.11748169,0.74619657,-0.5466493,-0.16592272,0.30327785
,,0.9173284,6.1937413,-7.269794,1701784942201,,2.196746,0.76640624,-0.16478078,,,,,,-0.1631824,0.19372483,0.052333165,0.7571982,-0.54202825,-0.15085699,0.30018628
,,0.8128418,5.6051073,-7.4480596,1701784942453,,0.31589344,0.5257255,0.13942988,,,,,,-0.4181734,0.21717705,0.25040525,0.7721253,-0.53913105,-0.12158344,0.27749366
,,0.86380893,5.3658247,-7.395736,1701784942704,,-2.1257331,-0.4736493,-0.7157808,,,,,,-0.5510777,-0.051016364,0.29426003,0.7712744,-0.5397425,-0.112154886,0.2803237
,,0.4711467,6.593821,-6.9662247,1701784942955,,-0.10804671,0.48174325,-0.09392046,,,,,,-0.72579384,0.29511696,0.12743336,0.75930446,-0.53071946,-0.14707479,0.3181525
,,0.29886356,6.857909,-6.8205023,1701784943207,,1.9157484,0.3345248,0.2933678,,,,,,-0.81119937,0.36783594,0.10965726,0.7608826,-0.51665276,-0.15645501,0.33111778
,,0.64765733,6.1391068,-7.2649283,1701784943459,,1.1185697,0.07857248,0.47479466,,,,,,-0.77776456,0.3421079,0.19731201,0.7820731,-0.50993603,-0.1151637,0.30869782
,,0.7401,5.4092956,-7.6501737,1701784943711,,0.33483025,0.25572327,-0.0377209,,,,,,-0.9189781,0.39483452,0.30467224,0.8017339,-0.50431055,-0.07373644,0.27777943
,,0.81332034,5.322675,-7.4941616,1701784943962,,-2.5820491,-0.97516924,-0.12140937,,,,,,-0.859549,0.3408505,0.4653621,0.80427617,-0.5017215,-0.068397656,0.27574188
52.54178691,13.37004982,0.46644077,6.27765,-7.052207,1701784944000,4.759839,0.08926262,-0.20364705,-0.020616686,,,,,,-0.6286097,0.556702,0.34382743,0.79240835,-0.48970777,-0.11657168,0.2992923
,,0.51437706,6.3147397,-7.27793,1701784944212,,-0.9852485,-0.18043418,-0.36514443,,,,,,-0.79281,0.74872184,0.29095697,0.7963404,-0.49566257,-0.100609474,0.2945483
,,0.15609165,6.389874,-6.5577703,1701784944712,,-0.11843141,0.18608469,-0.041996952,,,,,,-0.7184691,0.45736507,0.5340648,0.78405184,-0.4878711,-0.13576926,0.30549762
,,-0.29495525,7.259824,-5.9599633,1701784944963,,-0.1343139,0.013209951,-0.21426082,,,,,,-0.71149576,0.5180465,0.39052352,0.76534766,-0.48001277,-0.18120368,0.33775625
,,-0.8122037,8.2240505,-4.984489,1701784945214,,0.099036455,-0.06131555,-0.28878632,,,,,,-0.68594956,0.46911106,0.46707433,0.74828696,-0.46264175,-0.23893666,0.381279
,,-1.4098511,9.079166,-4.264648,1701784945466,,0.29023713,0.017486004,-0.093309596,,,,,,-0.65791094,0.40522277,0.45528188,0.7349141,-0.44183263,-0.29513028,0.41613668
,,-1.686222,9.152148,-3.7734811,1701784945716,,0.11064288,-0.40278897,-0.11835505,,,,,,-0.55298257,0.35140613,0.63904023,0.7348155,-0.42503756,-0.317702,0.42092988
,,-1.9590039,9.231749,-3.476054,1701784945967,,0.17783801,-0.82917255,0.2603811,,,,,,-0.511818,0.5412864,0.91324526,0.73651016,-0.42094964,-0.3320388,0.4095814
,,-2.0632513,9.35793,-3.3253856,1701784946218,,0.28046328,-0.86826795,0.6214022,,,,,,-0.29614747,0.699865,0.9949049,0.72871286,-0.4292677,-0.35378578,0.39140382
,,-2.1693332,9.267242,-3.1236703,1701784946470,,0.08987348,-0.22747077,0.38499752,,,,,,-0.1337575,0.59680957,1.1864974,0.70619476,-0.45585933,-0.38068333,0.36540017
,,-2.315375,9.015517,-2.9996421,1701784946721,,0.33116508,0.31558803,-0.18738277,,,,,,-0.122243285,0.38231122,1.2661549,0.6738427,-0.49232528,-0.4086686,0.33835718
,,-2.3377876,9.603674,-3.1578882,1701784946972,,0.53824824,1.4414119,-0.035888307,,,,,,-0.2639002,0.8909567,0.9891277,0.6387606,-0.53223944,-0.43204698,0.31652498
52.54176234,13.37014493,-2.1960533,9.163235,-3.074857,1701784947000,4.496623,-0.33284494,-0.52618366,-0.28084508,,,,,,-0.3272524,0.18678986,0.7651359,0.576708,-0.59560615,-0.46752504,0.2977915
,,-2.375036,9.2609415,-2.9757144,1701784947224,,-0.11537708,0.15920663,-0.25641048,,,,,,-0.3715442,0.43344754,1.0462362,0.6049457,-0.5683884,-0.45194578,0.30433452
,,-2.1599212,9.056115,-3.0518858,1701784947727,,-0.032299474,-0.885983,0.2591594,,,,,,-0.3421811,-0.012280003,0.5806069,0.55507743,-0.6107494,-0.48105362,0.29277614
,,-2.3085952,8.978507,-2.729094,1701784947978,,0.41302094,-0.32826346,-0.07925971,,,,,,-0.4619749,-0.12156711,0.58358186,0.5333336,-0.61788553,-0.49921194,0.2826782
,,-2.526502,9.215476,-2.6510081,1701784948229,,1.370246,0.58742285,0.85841775,,,,,,-0.60059357,0.025629027,0.54535586,0.5137365,-0.62774503,-0.51258165,0.26374802
,,-2.834538,8.423294,-2.5919054,1701784948479,,-0.8227585,-1.6501749,-0.07498365,,,,,,-0.6404803,-0.56417567,0.7812447,0.49269116,-0.6478275,-0.51636744,0.23264699
,,-3.4266021,8.85153,-2.9676585,1701784948731,,-0.19784383,-0.5005273,1.160185,,,,,,-0.8993186,0.082322665,0.59766287,0.46106645,-0.6691607,-0.5324832,0.18500468
,,-3.4391243,8.8638935,-2.8043087,1701784948982,,-0.5167152,0.23922992,0.3819432,,,,,,-0.7503843,0.097570516,0.59639674,0.41736883,-0.69300425,-0.5528902,0.14261962
,,-3.426362,8.986166,-2.6951158,1701784949234,,-0.010919208,-0.9189697,0.00320704,,,,,,-0.714915,0.1321893,0.46110263,0.36960128,-0.71163994,-0.5757907,0.10695922
,,-3.3099113,8.970612,-2.601317,1701784949486,,-0.35422522,-0.17127122,-0.27962336,,,,,,-0.553224,0.08728536,0.25147766,0.29970568,-0.6298862,-0.50142986,0.07269408
,,-3.0847466,9.039446,-2.359961,1701784949739,,-1.1055889,-0.41806057,-0.07803798,,,,,,-0.13042136,0.12663962,-0.12922859,0.18963557,-0.40748945,-0.28629437,0.049036566
,,-2.9346375,9.924791,-1.7461227,1701784949991,,2.7110941,0.07551816,1.7282891,,,,,,0.25476652,0.79693437,-0.44480026,0.14638971,-0.3463906,-0.2748268,0.034395013
52.54184374,13.37000018,-2.4737794,9.199845,-2.0998614,1701784950000,5.2645135,0.223042,0.9221767,-0.019394957,,,,,,0.28304774,0.08113308,-0.6245311,0.03428579,0.078175806,0.01132287,0.03928169
,,-2.3267012,9.341182,-1.4975878,1701784950245,,-0.29008442,-1.4473678,0.4882337,,,,,,0.54936135,0.0934324,-0.49398714,0.08874313,-0.18843144,-0.17140046,0.0352078
,,-2.4969904,9.166186,-1.9446468,1701784950747,,-1.8001422,0.8696424,-0.054825112,,,,,,0.20967907,0.038344033,-0.3162069,-0.01587013,0.33047438,0.21691246,0.03913117
,,-2.3522246,9.477572,-1.9524634,1701784950997,,0.16500984,1.6026801,-0.15989386,,,,,,0.2709532,0.28710833,-0.5714968,-0.041089956,0.46571973,0.3610689,0.045696028
,,-2.2772496,9.739186,-1.8727823,1701784951248,,2.1545963,-0.4870883,0.6849321,,,,,,-0.040917363,0.57339925,-0.074691616,0.0011649912,0.32313985,0.23014684,0.04673817
,,-2.0515263,8.680124,-2.6213372,1701784951498,,0.6909644,-0.60437435,0.30497423,,,,,,-0.35442173,-0.3063838,0.26688176,-0.022559136,0.4175831,0.31803212,0.048144445
,,-1.9694524,9.163873,-2.9892735,1701784951750,,-2.018221,-0.010613776,0.014202606,,,,,,-0.39431727,0.21861108,0.37056467,-0.030707423,0.531249,0.38449806,0.05017016
,,-1.7363118,9.209257,-2.132005,1701784952002,,-1.7824271,-0.052763447,-0.49831295,,,,,,-0.21201928,0.052036125,0.6089885,-0.03922824,0.51327854,0.4094005,0.041132845
,,-1.6650056,9.609097,-1.8344972,1701784952252,,3.196121,-0.6453023,1.0105231,,,,,,-0.15267397,0.42712614,0.3655905,-0.036437426,0.39745063,0.34060523,0.030960465
,,-1.6084554,9.17169,-2.1032112,1701784952502,,0.27191117,-1.5292236,0.5719221,,,,,,-0.40266046,0.18593346,0.9835743,-0.007134992,0.20555986,0.1606358,0.025952164
,,-1.6543976,8.720005,-3.3646274,1701784952753,,-0.4495201,-0.4076759,-0.13607013,,,,,,-0.4364322,-0.13547859,0.2882766,-0.009745267,0.38750103,0.24835242,0.03387044
52.54179822,13.37001271,-1.5034902,9.810652,-1.9113067,1701784953000,3.8890276,2.8662539,0.609414,0.40515608,,,,,,-0.12397536,1.0094744,0.20234193,-0.016163865,0.4084205,0.32769018,0.043961886
,,-1.5830916,9.07837,-2.7626734,1701784953006,,-2.4592652,-0.14928009,-0.16294818,,,,,,-0.22992821,0.3873531,0.39862034,-0.012671187,0.499073,0.31927702,0.04316721
,,-1.3588842,9.128939,-2.0668404,1701784953262,,-0.16424626,0.16103923,-0.045662142,,,,,,0.113632955,0.21575983,0.07775388,-0.019893056,0.46623516,0.3622221,0.043917153
,,-1.5087544,8.728378,-2.7294927,1701784953766,,-0.50083274,-0.49258608,0.32757625,,,,,,-0.280791,0.1675673,0.43697342,-0.0075054616,0.53581315,0.37907994,0.051188875
,,-1.5584453,9.086584,-3.1944182,1701784954016,,-2.3120468,1.0107521,-0.37675086,,,,,,-0.31507662,0.50649256,0.1990467,-0.0067404807,0.76188403,0.5161276,0.062768474
,,-1.375953,9.01839,-2.0920446,1701784954267,,-1.5881721,0.4267654,-0.615599,,,,,,-0.13532566,0.20790194,0.67944896,-0.0064663733,0.7425814,0.54420507,0.06301539
,,-1.2263217,9.6433935,-1.8021941,1701784954520,,3.0580654,-1.1828632,1.1449133,,,,,,0.08684684,0.41835004,0.2851414,-0.016430192,0.71345526,0.57947665,0.06005324
,,-1.543211,9.433623,-2.0023937,1701784954771,,0.36109746,-1.4039963,0.7014255,,,,,,-0.43979645,0.36113575,0.8730887,-0.004889518,0.68077374,0.5159118,0.05548237
,,-1.2918051,8.696554,-3.2169905,1701784955024,,0.34582582,-0.84994197,0.4320341,,,,,,-0.1969722,-0.41584656,0.2987463,0.011143287,0.7566055,0.52553016,0.062314
,,-1.4035499,9.275619,-2.7336402,1701784955276,,-2.13062,0.22273657,-0.37064222,,,,,,-0.36433402,0.04174048,0.58111954,0.013375433,0.7501648,0.53560334,0.06617758
,,-1.12351,9.078847,-1.9633108,1701784955528,,-0.41408995,0.94477874,-0.83917546,,,,,,0.004219596,-0.32879674,0.32310578,-0.0064141066,0.72153836,0.57434976,0.05880314
,,-1.257428,9.935398,-1.7958133,1701784955780,,2.9273403,1.1249839,0.34468046,,,,,,-0.055248942,0.57327515,0.26382008,-0.021758389,0.71078646,0.5854002,0.0526002
52.54176624,13.37000079,-1.360878,9.246584,-2.0785656,1701784956000,4.003505,-1.8887175,0.24717116,0.28237224,,,,,,-0.21147823,0.12756929,0.98922724,0.023134727,0.68310714,0.5064792,0.081736684
,,-1.3359926,8.85161,-2.3151357,1701784956031,,-1.0719913,-1.0686315,0.0129808765,,,,,,-0.3281089,-0.25559622,0.8635372,-0.0046070055,0.6304111,0.4751296,0.047575094
,,-1.2159526,8.956335,-3.1322043,1701784956281,,-0.91560996,-0.7546471,-0.49159342,,,,,,-0.19747743,-0.16725065,0.2142511,0.012264642,0.69310313,0.49710667,0.064454824
,,-1.1975281,9.423096,-1.8956741,1701784956782,,0.15462515,1.0101413,0.13820815,,,,,,0.062482126,0.17472264,0.3534528,0.02897888,0.6556451,0.5357638,0.100012176
,,-1.6216954,9.8410425,-1.8998218,1701784957034,,2.2804346,0.25022548,-0.022449281,,,,,,-0.32597902,0.6519591,0.73281264,0.04772888,0.66565895,0.5215327,0.11624398
,,-1.6903697,8.722238,-2.6096923,1701784957284,,-0.712192,-0.393626,0.42959064,,,,,,-0.38745984,-0.34003875,0.81526864,0.075282805,0.69234246,0.48487797,0.13412514
,,-2.0851057,9.44136,-2.7887547,1701784957536,,-1.2668571,1.8036547,0.16752967,,,,,,-0.634898,0.38252652,0.5731704,0.08465563,0.8028649,0.5545502,0.15575285
,,-1.9748763,9.514978,-1.8703897,1701784957786,,-0.8423062,0.496404,-0.011453714,,,,,,-0.453675,0.3555828,1.0186847,0.073445074,0.7905687,0.5761236,0.1496046
,,-1.8774883,9.560284,-1.9307685,1701784958038,,-0.39026624,0.9692133,-0.12996148,,,,,,-0.5196191,0.26680133,0.4504209,0.053902194,0.7306931,0.55119455,0.12522022
,,-1.8993427,9.677374,-2.024966,1701784958289,,1.5278492,0.2239583,-0.398742,,,,,,-0.62599415,0.40653858,0.71628976,0.06391675,0.49626625,0.32280865,0.1043456
,,-1.6242477,9.062576,-2.5655847,1701784958541,,-0.3041343,0.68455034,-0.56062114,,,,,,-0.3576493,-0.13370238,0.57438266,0.088529944,0.23448315,0.12874268,0.09035768
,,-1.5130615,9.634859,-2.677808,1701784958791,,-0.22472188,1.5153265,0.24022257,,,,,,-0.30214813,0.26468077,0.16190103,0.122728206,-0.03693935,-0.045200605,0.08613206
52.54173659,13.36997386,-0.93702954,9.674581,-2.2644873,1701784959000,4.4119368,0.26519167,0.9191224,-0.13057235,,,,,,0.24212052,0.1384254,0.17965752,0.3344266,-0.6858102,-0.5656585,0.20470528
,,-1.1002996,9.54824,-2.375355,1701784959043,,-0.6627119,1.3235149,-0.25213444,,,,,,-0.10714349,0.053580143,0.18253271,0.1690786,-0.29772276,-0.21857323,0.09841583
,,-0.99126667,9.622177,-2.3469603,1701784959294,,-0.3096321,0.94783306,-0.38835728,,,,,,9.6842845E-4,0.073567785,0.03575785,0.24061014,-0.5313138,-0.4103123,0.13976784
,,-1.3217156,9.3460455,-2.5418158,1701784959798,,-0.054290608,0.06207913,-0.42134398,,,,,,0.10182352,-0.086942814,0.14978626,0.42441115,-0.6335637,-0.52783054,0.26498458
,,-1.6189041,9.397171,-2.4658835,1701784960050,,-0.748233,0.56970775,0.39660397,,,,,,-0.023100026,-0.083403416,0.014825376,0.50734746,-0.56121325,-0.50458294,0.3278504
,,-1.6990639,9.41153,-1.9617158,1701784960303,,0.07399099,-0.10407609,0.18524474,,,,,,-0.05867483,-0.062202726,0.27400863,0.573494,-0.4949212,-0.4773055,0.39067915
,,-1.7179669,9.520484,-1.8784457,1701784960555,,-0.084833845,-0.38629562,0.3904953,,,,,,0.059670385,-0.060390774,0.14642374,0.618951,-0.44735673,-0.4560951,0.43188107
,,-1.6922042,9.549517,-1.8742181,1701784960806,,-0.043905906,-0.0051159924,0.056352276,,,,,,0.018365322,-0.03534554,0.15447153,0.6439228,-0.42362577,-0.43422908,0.4569416
,,-1.6799208,9.498308,-1.9052448,1701784961057,,-0.13981168,-0.075976305,-0.14278965,,,,,,-0.19027214,-0.09592087,0.22648424,0.6511952,-0.42075053,-0.41637692,0.46982983
,,-1.122872,9.668918,-1.7307284,1701784961308,,0.16928591,-0.3331504,-0.2924515,,,,,,0.071844585,-0.0510383,0.18329144,0.63861084,-0.42738545,-0.4161677,0.48171344
,,-0.7996814,10.007902,-1.3145369,1701784961560,,0.09537126,-0.28061602,0.0490219,,,,,,0.12256061,0.15868479,0.32917044,0.61830795,-0.44267333,-0.4231437,0.48995665
,,-0.51676995,9.960363,-1.1505489,1701784961813,,-0.100105464,0.4334849,-0.2686278,,,,,,0.24631672,0.09042031,0.41606006,0.60468495,-0.45659593,-0.4306778,0.48942623
,,-0.48757747,9.969296,-1.1428123,1701784962063,,-0.07261655,-0.06498074,-0.08720095,,,,,,0.30575415,0.07075227,0.265165,0.6018152,-0.45227298,-0.4330469,0.49477383
,,-0.7424928,9.954381,-1.0530014,1701784962316,,-0.16668972,-0.043600474,-0.016340632,,,,,,0.21346416,0.057907104,0.21366927,0.6045701,-0.43954358,-0.4369766,0.49881586
,,-1.3154941,9.8948,-0.6967102,1701784962824,,0.047112945,0.2984838,-0.021838415,,,,,,0.08490578,0.032545026,0.18627238,0.6105905,-0.4094902,-0.44933257,0.50542825
52.54171375,13.36997903,-0.9996415,9.950395,-0.8817552,1701784963000,4.1464233,-0.04696023,0.18730642,-0.06887501,,,,,,0.15999673,0.060376994,0.19230324,0.60678774,-0.4253789,-0.443655,0.5021176
,,-1.4553149,9.813205,-0.83102727,1701784963075,,0.07704532,-0.060093824,0.2780962,,,,,,0.14578626,-0.021790314,-0.068698764,0.61919343,-0.38992897,-0.44914687,0.51105535
,,-1.4970299,9.857631,-0.68785673,1701784963327,,-0.14836378,0.07429643,0.15347977,,,,,,0.22824332,0.00337801,-0.022394223,0.6248316,-0.37702456,-0.44689447,0.51683885
,,-1.6155542,9.868638,-0.52881384,1701784963577,,-0.19051345,0.2410625,-0.067653276,,,,,,0.10870336,0.012075583,0.0566106,0.6260751,-0.37100545,-0.44458523,0.521604
,,-1.5607585,9.861141,-0.39736804,1701784963828,,0.111253746,-0.41195193,-0.22892158,,,,,,0.15379377,-0.0015644709,0.1336346,0.6275843,-0.364716,-0.44079027,0.5272948
,,-1.4847465,9.8638525,-0.5519445,1701784964080,,0.16867504,0.004657844,-0.1660025,,,,,,0.25420973,0.015208276,0.028629335,0.6313126,-0.36133286,-0.43742087,0.5281595
,,-1.4186249,9.8785305,-0.7385847,1701784964332,,0.2163225,-8.3993905E-4,-0.0029016077,,,,,,0.32993895,0.019619815,-0.05051058,0.63687986,-0.35975254,-0.43192083,0.52716625
,,-1.5096316,9.876376,-0.6956732,1701784964582,,0.15462515,-0.21952952,0.0056504994,,,,,,0.23624897,0.044500954,0.1263227,0.63884896,-0.363798,-0.4311349,0.522372
,,-1.7591233,9.783934,-0.92674005,1701784964835,,-0.08300125,0.23128867,-0.20815217,,,,,,0.100455254,0.005909761,0.05440194,0.6421573,-0.36765328,-0.4350806,0.5114979
,,-1.9167309,9.714702,-1.2462617,1701784965086,,0.030619597,0.15554145,-0.085979216,,,,,,0.12735157,0.0039185523,-0.054680876,0.64926517,-0.3695753,-0.43833727,0.4980883
,,-2.1674187,9.629675,-1.5870793,1701784965338,,0.12652537,-0.09430225,0.07651082,,,,,,0.056093063,-8.688291E-4,-0.13752426,0.6578497,-0.3717979,-0.44087073,0.4830907
,,-2.5923042,9.449735,-1.931726,1701784965845,,-0.31757334,0.8219949,-0.28145593,,,,,,-0.16587324,-0.053352833,-0.0038646222,0.6761269,-0.37084484,-0.43413845,0.46426007
52.5417135,13.3699802,-2.3588448,9.55837,-1.7651055,1701784966000,4.1866612,0.085597426,0.24289511,0.084452055,,,,,,-0.014722745,-0.013537407,-0.0670623,0.6667551,-0.37268728,-0.43926707,0.47173873
,,-2.8744185,9.308079,-2.0766513,1701784966095,,-0.47151124,0.826271,-0.5874992,,,,,,-0.2447616,-0.09669527,0.038593348,0.6903421,-0.35311085,-0.4269499,0.46180603
,,-3.182933,9.202396,-2.4197822,1701784966348,,-0.053679742,0.34613127,0.10949751,,,,,,-0.29071298,-0.05139653,-0.18385498,0.7101423,-0.3156256,-0.41236612,0.46716705
,,-2.9123845,9.206305,-2.225086,1701784966598,,-1.2558616,1.0406845,0.21395539,,,,,,0.04563524,-0.026411215,0.046725724,0.7265735,-0.2706018,-0.38363013,0.48452255
,,-2.6122444,9.29476,-2.016033,1701784966851,,-0.9321033,1.2544872,-0.18921536,,,,,,0.23223028,-0.0018649737,-0.06885502,0.73055077,-0.21213774,-0.33508193,0.52330875
,,-2.2780468,9.737352,-1.5637896,1701784967101,,3.3934302,0.2587776,0.3159698,,,,,,0.46896502,0.3722247,-0.081403114,0.72929984,-0.138242,-0.27322626,0.5685286
,,-1.9638693,9.51801,-1.4947966,1701784967354,,0.07582359,-0.89881116,0.54565495,,,,,,0.503995,0.26534128,0.2928032,0.75147796,-0.072331764,-0.21036944,0.57947737
,,-1.3943774,9.588917,-2.2315462,1701784967606,,0.47532916,0.25694498,0.9873102,,,,,,0.7617052,0.36712393,-0.0497177,0.7722157,-0.0312347,-0.15718475,0.58330727
,,-0.9919048,9.530454,-2.0177078,1701784967856,,-1.9815689,-0.049709123,-0.1348484,,,,,,0.67598426,0.39360696,0.5058773,0.78461826,-0.014060186,-0.11208505,0.5880105
,,-0.8525627,9.429157,-1.981257,1701784968108,,-0.78366315,0.7725149,-0.49525863,,,,,,0.5201053,0.21946736,0.22196415,0.77582,0.0028989213,-0.08265916,0.6085543
,,-0.9111869,10.009176,-1.8171891,1701784968358,,2.847317,0.43287405,0.35384342,,,,,,0.44042808,0.81064415,0.4115178,0.77371967,0.01529456,-0.066520475,0.61238354
,,-1.0422338,9.167144,-3.1000605,1701784968863,,0.6671407,0.80000377,0.13698642,,,,,,0.10993031,0.33492392,0.066115364,0.8088677,-0.010616511,-0.06460906,0.56677985
52.54171644,13.37000294,-0.91724867,8.9084,-2.3299708,1701784969000,4.7967706,-0.98158336,-0.759534,0.21823144,,,,,,0.122374125,-0.048816044,0.79804623,0.804063,0.00756608,-0.058834646,0.5749356
,,-0.920519,9.219068,-2.0953948,1701784969114,,-1.8905501,0.9453896,-0.27412558,,,,,,0.0029944896,0.275498,0.58940136,0.80011386,-0.013523267,-0.062153995,0.57955146
,,-0.6612965,9.576555,-1.8250858,1701784969365,,0.28473935,1.3797145,-0.24724752,,,,,,0.30887046,0.33754578,-0.03146874,0.7715634,0.00685955,-0.05252672,0.6154817
,,-0.8452247,10.010055,-1.7597618,1701784969616,,2.3103669,-0.76747525,0.45097092,,,,,,0.0806284,0.8855677,0.31259218,0.7802754,0.022304988,-0.03437741,0.60455596
,,-0.7452845,8.863574,-2.713142,1701784969867,,1.5339578,-0.32704175,0.90423256,,,,,,-0.08689798,0.04528376,0.36708653,0.8116748,0.0147566395,-0.028805355,0.5636086
,,-0.9374282,9.622577,-2.9757144,1701784970118,,-2.0029492,-0.39423686,-0.3480402,,,,,,-0.2011844,0.7720197,0.34711507,0.81360084,0.0013757319,-0.03414937,0.5600509
,,-0.62149584,9.377473,-2.0285554,1701784970369,,-1.3474914,0.47746718,-0.85750145,,,,,,-0.038899478,0.21039912,0.67693734,0.79230857,0.011034469,-0.034337256,0.59005314
,,-0.9253843,10.123155,-2.0266411,1701784970622,,2.9621596,0.5941424,0.49739665,,,,,,-0.056147892,0.8836482,0.38830608,0.7733576,0.028643692,-0.02998399,0.61249214
,,-1.0045068,9.13524,-2.2554748,1701784970872,,-1.2424226,-0.91530454,0.13820815,,,,,,-0.3158124,0.20746538,1.1200671,0.8058862,0.021060975,-0.025636263,0.57191193
,,-0.9862417,8.954899,-3.6281574,1701784971123,,-1.6736932,1.6203952,-0.5233584,,,,,,-0.50173396,-0.043838058,0.5361354,0.82352567,-0.0031593516,-0.040382598,0.54719186
,,-0.8512866,9.350035,-2.921716,1701784971374,,-1.9198717,0.1824195,-0.45127636,,,,,,-0.29439774,0.13510062,0.7071072,0.8079795,-0.0069714296,-0.04625541,0.5703329
,,-0.8250452,9.767262,-2.250769,1701784971876,,0.65309083,-1.0539708,0.45463613,,,,,,-0.24300773,0.5509516,0.65079045,0.78580374,0.019372487,-0.032941476,0.59773403
52.54172989,13.37006753,-0.62492555,9.658071,-2.168376,1701784972000,5.300825,2.9505532,-0.61598074,1.2964078,,,,,,0.066478945,0.2702745,0.2106841,0.7729359,0.011443351,-0.045273755,0.61451393
,,-0.7045268,9.075337,-3.0037103,1701784972128,,0.58833915,-0.051541716,0.48395762,,,,,,-0.23642734,0.021599261,0.5354492,0.8149392,0.008001828,-0.031387813,0.5609551
,,-0.7974481,9.670592,-2.861098,1701784972380,,-2.3377032,0.4004982,0.0697913,,,,,,-0.27392307,0.4819125,0.619112,0.80958074,0.004389941,-0.036273796,0.5692537
,,-0.5941379,9.661738,-1.4766108,1701784972634,,0.49976376,0.9142355,0.07101303,,,,,,0.21232656,0.39614207,0.7989619,0.7779186,0.02317461,-0.029580949,0.61078656
,,-0.87266237,10.123075,-1.3016955,1701784972886,,1.700113,-1.3917791,0.53221595,,,,,,-0.06246453,0.8676906,0.8626924,0.7751718,0.037551958,-0.018310003,0.61329967
,,-0.85009015,9.17855,-2.374717,1701784973138,,0.8125265,-0.8982003,1.1290308,,,,,,-0.28010833,0.093343176,0.7968016,0.80909854,0.03133286,-0.014922789,0.5718399
,,-0.82967144,9.680483,-2.862374,1701784973390,,-2.2442408,0.28382304,0.54626584,,,,,,-0.1904266,0.47196913,0.568952,0.8149746,0.02093321,-0.026330063,0.5635911
,,-0.731087,9.422855,-2.0498514,1701784973642,,-1.0341177,0.681496,-0.6333141,,,,,,-0.07982085,0.060011387,0.77687395,0.79037595,0.024603577,-0.031814035,0.5959523
,,-0.7438488,10.273026,-1.7738793,1701784973892,,3.0696719,0.49029535,0.6385064,,,,,,0.1048291,0.7210434,0.24967542,0.7664858,0.0398536,-0.029649999,0.6245302
,,-0.85551393,9.439127,-2.2058635,1701784974144,,-0.86674076,-0.7088322,0.20479241,,,,,,-0.19070908,0.17613451,0.78716314,0.79662377,0.04016224,-0.022560196,0.5861576
,,-1.1181661,8.9642315,-3.0999022,1701784974395,,-1.1666753,-0.6587413,-0.6498074,,,,,,-0.28008765,0.039751243,0.188899,0.81191653,0.022746086,-0.034138553,0.5655155
,,-0.58241296,9.442637,-1.1763117,1701784974898,,1.0709224,1.358945,0.18524474,,,,,,0.2789283,0.2280192,0.25122964,0.7654246,0.010580038,-0.055792425,0.6216681
52.54174309,13.37010572,-1.0221341,9.534042,-1.8305892,1701784975000,5.113257,-2.2228606,-0.8224531,0.5157226,,,,,,-0.12617789,0.4347991,0.7002745,0.7996096,0.013801407,-0.04586814,0.5821187
,,-1.1046067,10.111272,-1.409612,1701784975150,,2.274937,1.7272965,0.8309288,,,,,,-0.20566219,1.0843585,0.5030519,0.7751082,0.008167561,-0.054724522,0.60994583
,,-0.9435697,9.089855,-2.4102106,1701784975403,,0.27801985,1.1946224,0.39354962,,,,,,-0.22432503,0.18943787,0.3489876,0.8030555,-0.0072923726,-0.05589788,0.57556057
,,-1.0043474,10.158171,-2.3181665,1701784975654,,-1.845957,1.2361612,-0.09575305,,,,,,-0.32687825,1.0074383,0.18821555,0.79549,-0.021026133,-0.05855529,0.5881176
,,-0.20027916,10.146765,-1.3804995,1701784975904,,-0.60162544,0.91484636,0.1999055,,,,,,0.37447643,0.5063556,0.2543719,0.7640061,-0.00336446,-0.039040215,0.6260836
,,-0.2798007,10.545408,-0.681875,1701784976156,,1.5040255,-0.71921694,-0.2600757,,,,,,0.66511357,0.9834187,0.11666182,0.7210285,0.033559285,0.008701845,0.6597933
,,-0.5584848,9.694281,0.19732778,1701784976408,,-0.7415135,-4.003226,-0.6015491,,,,,,0.08874927,0.4517931,0.41836402,0.69603246,0.044255253,0.06274383,0.6733259
,,-0.088773705,8.444829,1.3994021,1701784976658,,-0.8404736,-0.11995857,-0.63148147,,,,,,-0.044152718,-0.22733273,-0.26798314,0.62136376,0.0368853,0.0881853,0.72633
,,-0.012841481,8.073383,4.238168,1701784976909,,0.49487683,1.625893,-0.6656899,,,,,,-0.15281822,0.23310623,0.26176006,0.5159116,0.03488808,0.102406785,0.8037277
,,0.062053856,6.5758743,5.984609,1701784977161,,-0.04940369,0.38767007,-0.10919208,,,,,,-0.10838105,-0.23279709,-0.18945093,0.4102102,0.04182978,0.10785506,0.8723517
,,-0.12075774,5.6252065,7.6752977,1701784977442,,0.28779367,0.40660688,0.46807513,,,,,,-0.47303846,0.014423553,0.12077503,0.31994873,0.02954818,0.10802756,0.9163879
52.54177719,13.37015315,-0.09531409,3.9328437,8.27821,1701784978000,3.9452045,0.04772381,0.03825541,0.10827578,,,,,,-0.88197845,-0.5923828,-0.075027436,0.25257146,6.3695735E-4,0.096451715,0.94766515
,,-0.016510455,3.4222953,8.976594,1701784978085,,0.14118612,0.102396205,-0.18127412,,,,,,-0.5334946,-0.14180902,-0.21816523,0.19064705,-0.0014922176,0.08400003,0.9731592
,,-0.14045869,3.045904,9.655277,1701784978343,,-0.44768754,0.09812015,-0.0707076,,,,,,-0.217575,-0.13188931,0.25586745,0.16317414,0.009812771,0.08280158,0.9811193
,,-0.28035906,2.6845076,9.23175,1701784978597,,-0.41286823,0.17386739,0.49434233,,,,,,-0.15426834,-0.2891666,-0.24377069,0.15184015,0.022848153,0.08700756,0.9829848
