97#1#0
key,lat,lon,ts,bike,childCheckBox,trailerCheckBox,pLoc,incident,i1,i2,i3,i4,i5,i6,i7,i8,i9,scary,desc,i10
,,,,1,0,0,0,-5,0,0,0,0,0,0,0,0,0,0,,0

=========================
97#1
lat,lon,X,Y,Z,timeStamp,acc,a,b,c,obsDistanceLeft1,obsDistanceLeft2,obsDistanceRight1,obsDistanceRight2,obsClosePassEvent,XL,YL,ZL,RX,RY,RZ,RC
52.50708221,13.37713617,1.9617953,5.3285766,-7.679764,1696761003000,7.602707,2.2638648,-0.52282387,-0.16165009,,,,,,0.3242632,0.39686114,0.19503947,0.946268,-0.03531997,0.07806003,0.27421644
,,1.6141983,4.265047,-8.005189,1696761003345,,-2.728122,0.88338685,0.26229006,,,,,,0.23399742,0.27035,0.3834528,0.96024215,-0.038293168,0.06542267,0.22049652
,,1.8160727,4.802873,-7.687821,1696761003597,,-1.1936297,0.48510298,0.31299183,,,,,,0.2490557,0.29397005,0.3375765,0.9522956,-0.048322245,0.07104215,0.24858247
,,2.1098316,5.8987865,-7.3596835,1696761003849,,1.3744458,-0.7916044,-0.14637847,,,,,,0.2972313,0.44908315,0.116771586,0.93527,-0.06122956,0.078309365,0.30631834
,,2.0378072,5.521677,-7.6063046,1696761004099,,2.6847508,-0.7726676,-0.06269,,,,,,0.33838424,0.40492618,0.117562786,0.9405549,-0.06915098,0.07154577,0.29043156
,,1.7208385,4.329095,-7.9298153,1696761004351,,-2.1490223,0.84306973,0.29344416,,,,,,0.22012028,0.25509465,0.43467337,0.9554573,-0.07735816,0.060410134,0.23237766
,,1.8617756,4.601319,-7.816236,1696761004603,,-1.8765767,-0.07200569,0.102854356,,,,,,0.21128215,0.30395603,0.42057022,0.95073986,-0.09082826,0.063372046,0.2434172
,,2.16032,5.814081,-7.3808208,1696761004858,,0.98410314,-0.25282165,-0.081015944,,,,,,0.16830474,0.45617265,0.18113683,0.93020093,-0.10705902,0.07199783,0.30817378
,,2.1308885,5.7407813,-7.5081983,1696761005109,,2.4501786,-0.6785944,-0.028481571,,,,,,0.09340351,0.4162535,0.1081257,0.92892456,-0.11764447,0.07123196,0.30910298
,,1.797648,4.583931,-7.871588,1696761005359,,-1.3310744,0.58589566,0.05215258,,,,,,-0.019719025,0.23923358,0.30992067,0.94478774,-0.12314532,0.06374951,0.25154507
,,1.7700504,4.4149966,-7.801479,1696761005610,,-2.2650867,0.09964732,0.03199404,,,,,,-0.17129758,0.11659301,0.4317614,0.94462097,-0.13062496,0.06766104,0.24603768
,,2.088296,5.7265034,-7.359126,1696761005861,,0.8271109,-0.031688612,0.019776747,,,,,,-0.19938393,0.34112996,0.09057453,0.9241362,-0.13861552,0.07861936,0.31175163
52.50722289,13.3771656,2.0845473,5.8712687,-7.2304707,1696761006000,7.8409934,2.2009459,-0.60467976,-0.18913901,,,,,,-0.29800376,0.28698382,0.020918148,0.9185183,-0.13876499,0.0824236,0.32744238
,,1.838246,4.8535213,-7.756653,1696761006364,,0.037262753,0.26763514,-0.0022143847,,,,,,-0.31585875,0.18538284,0.16278253,0.93696755,-0.13114323,0.07762304,0.27230152
,,1.6576676,4.27422,-7.766543,1696761006616,,-2.73362,0.48265955,-0.20624322,,,,,,-0.42505533,0.015283096,0.35275143,0.9446985,-0.12499986,0.0780179,0.24478158
,,2.0114067,5.4533234,-7.465766,1696761006869,,0.25961754,0.15157083,-0.031535894,,,,,,-0.37763986,0.28454253,0.09708125,0.92892456,-0.12283649,0.087566845,0.3005829
,,2.157289,5.9665036,-7.2626953,1696761007121,,1.924835,-0.60284716,-0.2410625,,,,,,-0.2738657,0.36781397,-0.06790854,0.92014223,-0.1171992,0.090089016,0.32931453
,,1.951586,5.148158,-7.706165,1696761007373,,1.4587451,-0.35422522,0.19448407,,,,,,-0.20581058,0.30000395,0.11135467,0.9376618,-0.107361816,0.08299019,0.28274313
,,1.6872592,4.2330623,-7.91123,1696761007624,,-2.8136432,1.1411718,0.2164752,,,,,,-0.18628474,0.13605633,0.3418464,0.95090854,-0.10327279,0.0743768,0.23541804
,,1.9777478,5.1583667,-7.5503926,1696761007876,,-0.98410314,0.23464844,-0.033368487,,,,,,-0.08043517,0.2595835,0.19016008,0.9392595,-0.10640987,0.080112465,0.27628663
,,2.1792235,5.9899526,-7.2579894,1696761008128,,1.1099414,-0.021914775,-0.13660464,,,,,,-0.04529834,0.40169093,3.118356E-4,0.9243529,-0.108883515,0.0840098,0.32159528
,,2.0610178,5.4774103,-7.526624,1696761008378,,2.340834,-0.5325977,-0.18669555,,,,,,-0.02728167,0.30364284,0.13788551,0.9341519,-0.10662602,0.07974867,0.29669866
,,1.7083954,4.394339,-7.7935033,1696761008629,,-1.7800599,0.41179922,0.17004949,,,,,,-0.11289713,0.12373463,0.39965883,0.94969237,-0.10291017,0.07080676,0.24010079
,,1.8344975,4.7160144,-7.6486573,1696761008881,,-1.9193372,-0.31451902,0.07536544,,,,,,-0.129139,0.086604014,0.33718884,0.94575894,-0.10355023,0.07592157,0.25436777
52.50734301,13.3772577,2.1335206,5.852365,-7.2308707,1696761009000,9.073102,0.86987144,0.17050762,-0.029092435,,,,,,-0.09297407,0.28856614,0.1224292,0.9279466,-0.10409734,0.08325801,0.31351584
,,2.139423,5.7127843,-7.3566537,1696761009382,,1.9987496,-0.6138427,0.099800035,,,,,,-0.07061024,0.26338696,0.1115699,0.92922324,-0.100826934,0.082827404,0.31174216
,,1.8979869,4.7505503,-7.7374325,1696761009635,,0.08796453,0.37209302,0.032604907,,,,,,-0.035209157,0.17332758,0.32746056,0.9460927,-0.09517402,0.074081846,0.2594904
,,1.7607983,4.3038106,-7.7901535,1696761009886,,-2.5937319,0.53824824,-0.18852814,,,,,,-0.0876355,-0.01923515,0.33024952,0.9506375,-0.0926724,0.0734088,0.24037199
,,2.0834305,5.5195236,-7.491609,1696761010138,,-0.16249003,0.08009964,-0.050472703,,,,,,-0.018760419,0.2420433,0.039354898,0.93475544,-0.094513014,0.081978574,0.2981538
,,2.165664,5.8632936,-7.2854266,1696761010388,,1.7037019,-0.23388486,-0.1787543,,,,,,0.012842878,0.24791043,-0.08118803,0.9255423,-0.09369551,0.08431272,0.3242028
,,1.9904295,5.186603,-7.746604,1696761010639,,2.068999,-0.6474403,-0.1995237,,,,,,0.03797835,0.17205273,-0.010369921,0.94016963,-0.08800571,0.080007195,0.28529814
,,1.694996,4.1375093,-7.9767137,1696761010893,,-2.5173738,1.1894301,0.04848739,,,,,,-0.097496,-0.097585596,0.17726313,0.9522091,-0.08263121,0.07317247,0.23841438
,,1.8719851,4.917809,-7.7578516,1696761011143,,-1.4385866,0.16867504,0.08758274,,,,,,-0.08515038,0.07935866,0.09217269,0.9439549,-0.081837974,0.08086153,0.27102083
,,2.0823145,5.8750973,-7.3300924,1696761011394,,0.9071342,-0.075670876,0.042378742,,,,,,-0.03763896,0.30826667,-0.024324544,0.9286184,-0.08297279,0.08486103,0.31847253
,,2.0651655,5.49775,-7.530611,1696761011645,,2.1893394,-0.7457895,-0.270384,,,,,,-8.186261E-4,0.20265023,0.050746474,0.93539494,-0.08216735,0.082869954,0.3017361
,,1.744926,4.452325,-7.8919277,1696761011896,,-0.90285814,0.13263401,-0.010155627,,,,,,-0.06359578,0.14019845,0.32605812,0.95159596,-0.07813737,0.073387474,0.24537505
52.50741893,13.37737291,1.7931017,4.416991,-7.7832947,1696761012000,8.10588,-2.0500622,-0.20456335,-0.30825764,,,,,,-0.066394925,0.068513274,0.37258038,0.9515993,-0.07663859,0.07563162,0.24382068
,,2.0041482,5.712305,-7.3242707,1696761012398,,0.6047561,-0.15386157,0.10651954,,,,,,0.028289802,0.37882546,0.20043758,0.93463427,-0.0789798,0.08223822,0.30302823
,,2.1277776,5.8094535,-7.2873416,1696761012649,,2.0225732,-0.48067424,-0.08468113,,,,,,0.10468625,0.32295987,0.045307174,0.93044245,-0.08176072,0.08125527,0.31419986
,,1.8788444,4.992146,-7.711989,1696761012899,,0.8930843,0.123471044,-0.05535962,,,,,,0.0979603,0.2693974,0.22160242,0.9461227,-0.079635754,0.073759474,0.2674007
,,1.6386051,4.297271,-7.8285193,1696761013150,,-2.619999,0.8766673,0.03199404,,,,,,-0.043650787,0.10461939,0.34746024,0.95377195,-0.07764252,0.070519105,0.23625964
,,1.949991,5.357291,-7.476614,1696761013403,,-0.7073814,0.10575596,0.0063377223,,,,,,0.0017877618,0.20484543,0.12374177,0.9399124,-0.08085726,0.07963538,0.28716716
,,2.0062222,6.03422,-7.146803,1696761013656,,1.8790201,-0.010308343,-0.023594651,,,,,,-0.0020825942,0.38376293,0.018803159,0.92739236,-0.08388892,0.08293585,0.32372886
,,1.9529421,5.548796,-7.521997,1696761013907,,2.4483461,-0.60651237,-0.39866564,,,,,,0.10785152,0.41785318,0.06963498,0.9397695,-0.081018075,0.0786057,0.29043573
,,1.5553347,4.46389,-7.852446,1696761014158,,-2.1251986,0.76365733,0.26229006,,,,,,0.014591682,0.25674427,0.31723568,0.9540141,-0.07471322,0.06807994,0.2359074
,,1.7620748,4.9393444,-7.7158155,1696761014411,,-1.9718715,0.050778136,0.17982332,,,,,,0.0678025,0.3039029,0.21401109,0.9484764,-0.075462274,0.073218636,0.2565538
,,1.9674586,5.97735,-7.265248,1696761014663,,1.0506874,0.092927806,-0.0193186,,,,,,0.087707385,0.45058239,0.037233513,0.93048406,-0.07859015,0.07873068,0.31195825
,,1.9390638,5.78409,-7.44463,1696761014915,,2.177733,-0.5484802,-0.015653409,,,,,,0.12648198,0.42387372,0.044812918,0.9336656,-0.07806284,0.07714747,0.30455193
52.50750274,13.37745623,1.6484158,4.762196,-7.896874,1696761015000,10.8873005,-0.08002329,0.1796706,0.0692568,,,,,,0.059283223,0.2972484,0.2315375,0.95019174,-0.07208712,0.06636647,0.24989344
,,1.4798013,4.31721,-7.873663,1696761015415,,-2.5668538,0.49121165,-0.234343,,,,,,-0.11205144,0.043121982,0.3667922,0.95280737,-0.07038046,0.06570577,0.23640737
,,1.8444675,5.617869,-7.4597845,1696761015667,,-0.13255766,0.02573268,0.14683662,,,,,,0.0017333269,0.31165332,0.1518941,0.937134,-0.072930105,0.07632418,0.2948604
,,1.8758137,5.861459,-7.251369,1696761015917,,1.5821397,-0.63705564,-0.24900375,,,,,,-0.0082310755,0.26578492,0.13277839,0.9295181,-0.072186194,0.07805584,0.31608143
,,1.7318454,5.249694,-7.708877,1696761016169,,2.082438,-0.4324159,-0.14332415,,,,,,0.07416044,0.30010384,0.23499568,0.94494313,-0.06711913,0.070544355,0.27572048
,,1.4218154,4.3197627,-7.8959146,1696761016420,,-2.376264,0.79603314,0.18043418,,,,,,-0.023852678,0.12348375,0.4356673,0.9559749,-0.06341192,0.06173871,0.23025824
,,1.6733806,5.0719066,-7.699544,1696761016671,,-1.6206243,0.07826705,-0.0193186,,,,,,0.026517903,0.2100425,0.3051437,0.94766784,-0.06785419,0.06915889,0.26452613
,,1.9191234,5.9925056,-7.270352,1696761016924,,0.65851223,-0.039629854,0.03810269,,,,,,0.08767386,0.36505297,0.12890711,0.9310105,-0.07208668,0.07526289,0.3146736
,,1.8803598,5.7558546,-7.34126,1696761017175,,2.3182318,-0.6511055,-0.1995237,,,,,,0.046992704,0.2831077,0.2115533,0.93426716,-0.07246929,0.07462326,0.30701882
,,1.5755142,4.8443494,-7.6705923,1696761017427,,0.16004658,-0.0017562362,0.27084216,,,,,,0.0056953984,0.24586286,0.3774976,0.9490271,-0.06898394,0.06367413,0.2560545
,,1.379223,4.3655457,-7.8999043,1696761017678,,-1.4098759,0.7728203,-0.14454588,,,,,,-0.010867498,0.23702294,0.3591355,0.9535072,-0.06955278,0.056573436,0.22896329
,,1.5294921,4.7691345,-8.096035,1696761017931,,-0.010995566,-0.07506001,0.40339983,,,,,,0.10621281,0.42498046,0.10911188,0.9519348,-0.07265735,0.05650645,0.2417335
52.50752202,13.37755101,1.3469198,4.189753,-8.359325,1696761018000,10.326626,0.011606431,0.0037415468,0.051541716,,,,,,0.08786345,0.38977343,0.13551258,0.95901,-0.07755132,0.048939273,0.21414581
,,1.1621143,3.3558543,-8.954978,1696761018431,,-0.10567961,-0.2937496,0.16760603,,,,,,0.14824122,0.39936277,0.18703708,0.9760507,-0.08257169,0.038639907,0.16215894
,,0.9623932,2.7085955,-9.280243,1696761018682,,0.067195125,-0.10499238,0.23052509,,,,,,0.19794394,0.35648066,0.23680118,0.9860223,-0.09048832,0.027936127,0.1258555
,,1.0935997,2.8784857,-9.4578705,1696761018935,,-0.08491021,-0.08544471,0.2409098,,,,,,0.29965293,0.40006974,0.0632322,0.9843969,-0.104388885,0.026791602,0.13167424
,,1.2710674,3.1339595,-9.327302,1696761019187,,0.013439025,-0.017027855,0.26962045,,,,,,0.37342328,0.37980783,0.087203786,0.9810406,-0.11995349,0.0278261,0.14680609
,,1.2642878,3.089134,-9.239565,1696761019439,,0.026267186,-0.109268434,0.18654284,,,,,,0.3700814,0.33741263,0.18239403,0.9787502,-0.1370375,0.026004644,0.14739628
,,1.2985847,3.1033316,-9.252168,1696761019690,,0.031154104,-0.053068876,0.24396412,,,,,,0.4050848,0.29982477,0.16672243,0.9759912,-0.15275575,0.023557097,0.14973164
,,1.2827922,3.0990245,-9.262857,1696761019942,,-0.045814857,-0.0035888306,0.16210824,,,,,,0.33860862,0.2801841,0.15176633,0.972193,-0.17264815,0.021816874,0.15203698
,,1.2633303,3.1207194,-9.323793,1696761020194,,-0.035430156,0.034284785,0.2079231,,,,,,0.22630231,0.25030485,0.09037037,0.96718156,-0.19596986,0.021579854,0.15457062
,,1.2099705,3.207659,-9.282078,1696761020445,,0.055588696,0.06788235,0.2079231,,,,,,0.09986763,0.2513791,0.10316884,0.9600337,-0.22314936,0.02013099,0.15942343
,,1.1497514,3.2940397,-9.299148,1696761020698,,0.010995566,0.05933024,0.020387612,,,,,,-0.03817371,0.25170425,0.061850008,0.95109725,-0.25306004,0.018311132,0.1651346
,,1.0703095,3.395017,-9.252326,1696761020956,,0.0018325944,0.02573268,-0.06391173,,,,,,-0.16518442,0.25968602,0.075303175,0.94115585,-0.28393528,0.013683604,0.17084725
52.50758868,13.37769979,0.9828918,3.5733616,-9.229916,1696761021000,13.372498,0.06536253,-0.024358233,-0.035201084,,,,,,-0.2596309,0.31398365,0.055736795,0.93037164,-0.31466526,0.006744822,0.1770664
,,0.9072786,3.6931624,-9.183254,1696761021459,,0.23396121,-0.2192241,-0.049861837,,,,,,-0.30185464,0.30747598,0.027090771,0.9201784,-0.34215423,-0.0029538225,0.18195908
,,0.754138,3.7718859,-9.165867,1696761021711,,0.3762927,-0.1721875,-0.046807513,,,,,,-0.29877573,0.35334575,0.05015103,0.9112335,-0.36673597,-0.0154632805,0.18097088
,,0.5466802,3.6244082,-9.195379,1696761021961,,0.033597562,-0.012140937,0.24885105,,,,,,-0.27298313,0.28938097,0.05563275,0.90393347,-0.3875473,-0.028101522,0.17215994
,,0.32119653,3.5503905,-9.24802,1696761022211,,-0.046425723,0.011071924,0.09613484,,,,,,-0.25662744,0.31260887,0.042377695,0.89607894,-0.40795296,-0.041036785,0.16146591
,,0.08677969,3.4468613,-9.325467,1696761022464,,0.02687805,-0.012140937,-0.06330086,,,,,,-0.23085403,0.29910004,0.012433783,0.8869793,-0.42933166,-0.054314062,0.15035109
,,-0.073778704,3.2587855,-9.410971,1696761022715,,-0.06780599,-0.55703235,0.10835214,,,,,,-0.11913559,0.19053942,-0.006333701,0.8795468,-0.44677648,-0.06719934,0.1387574
,,-0.5017749,3.143451,-9.4902525,1696761022965,,-0.06963859,-1.0041853,0.089415334,,,,,,-0.11998417,0.12348412,-0.041158233,0.871607,-0.46250066,-0.08711734,0.1258572
,,-1.1770295,2.9780269,-9.340543,1696761023215,,-0.30787584,-0.14408773,-0.2520581,,,,,,-0.17217039,-0.076162726,-0.032084893,0.86082053,-0.4761907,-0.11942398,0.110684775
,,-1.857309,2.9265819,-9.177352,1696761023465,,0.16859868,0.07582359,0.13278674,,,,,,-0.20006338,-0.27658838,-0.084197536,0.8514391,-0.48243925,-0.15535262,0.10090176
,,-2.4570303,2.7852452,-9.04798,1696761023715,,0.08796453,0.097814724,0.07231112,,,,,,-0.1577885,-0.48411602,-0.14010313,0.8474545,-0.48039627,-0.18738338,0.089082025
,,-2.961118,2.5914273,-8.9363165,1696761023966,,0.07391464,0.13874267,0.042989608,,,,,,-0.09397565,-0.64008456,-0.1592525,0.8498389,-0.4695884,-0.21274944,0.07540974
52.50761923,13.3777662,-3.4806793,2.4533613,-8.843474,1696761024000,12.202645,-0.043982264,0.04650208,-0.115835235,,,,,,-0.13104777,-0.659121,-0.1738359,0.85427576,-0.45685387,-0.23241042,0.06103038
,,-3.7160532,2.2814767,-8.7609215,1696761024467,,-0.018325943,0.06360629,0.003894263,,,,,,-0.07458468,-0.6612253,-0.124199696,0.86152154,-0.44109744,-0.24125761,0.049243454
,,-3.5653055,2.1999614,-8.903692,1696761024717,,-0.023212861,0.040393434,-0.012599086,,,,,,0.026950415,-0.5463351,-0.18578513,0.8727448,-0.42381397,-0.23276211,0.045539815
,,-3.3485956,2.1630318,-9.005149,1696761024968,,-0.0024434591,0.015958842,0.008170316,,,,,,0.071900025,-0.36502996,-0.14561625,0.88394105,-0.4094488,-0.21783356,0.04348939
,,-3.1851656,2.1702902,-9.057072,1696761025220,,-0.0061086477,0.0080176005,0.0051159924,,,,,,0.072335124,-0.2236681,-0.086016245,0.8928882,-0.3971906,-0.20555168,0.04423919
,,-3.0939195,2.2218957,-9.0849905,1696761025531,,0.0061086477,-0.01763872,-0.011988222,,,,,,0.050803088,-0.115729265,-0.055198573,0.8986151,-0.38838312,-0.19786675,0.04634605
,,-3.0360935,2.243909,-9.076295,1696761025782,,0.0061086477,-0.0017562362,0.0032833982,,,,,,0.03752947,-0.07142821,-0.021575833,0.9022667,-0.38201216,-0.19369672,0.048366252
,,-3.0030725,2.2632115,-9.065688,1696761026036,,0.03848448,-0.026801692,-0.008323032,,,,,,0.018761246,-0.042006444,0.004240163,0.90422326,-0.3787715,-0.19080015,0.049718257
,,-3.0104904,2.2457438,-9.041997,1696761026286,,0.010384701,-0.007864884,-0.010766491,,,,,,-0.0024182478,-0.034945466,0.024414444,0.905274,-0.37692866,-0.18959406,0.04942869
,,-3.016791,2.2005193,-9.023733,1696761026535,,0.010384701,0.012904518,0.017944153,,,,,,-0.0013068755,-0.040016197,0.032005087,0.90596527,-0.37552264,-0.18946448,0.047874372
,,-3.019822,2.1578474,-9.013285,1696761026786,,-0.017715078,0.025121814,0.014889829,,,,,,0.0048024016,-0.039067887,0.0313283,0.90691054,-0.3736037,-0.18911923,0.046226945
52.50764066,13.37779554,-2.941816,2.0957139,-9.020223,1696761027000,14.162395,-0.3420843,0.12286018,-0.06024654,,,,,,0.027265469,-0.13045982,-2.9064814E-4,0.91009355,-0.36584437,-0.18719308,0.04996657
,,-3.0146375,2.1075184,-9.01823,1696761027037,,-0.32375833,0.1155298,-0.040088,,,,,,0.0011173646,-0.067736596,0.018231805,0.90796685,-0.37136805,-0.18859226,0.045479372
,,-2.8135607,2.1753151,-9.010493,1696761027538,,-0.5754346,0.03489565,0.08697187,,,,,,0.056889776,-0.21663384,-0.03069318,0.9133948,-0.3552576,-0.18491346,0.06180683
,,-2.600918,2.579622,-8.912148,1696761027789,,-1.1618648,1.0617594,0.5976548,,,,,,0.019502526,-0.2007856,-0.035674796,0.9152279,-0.3431926,-0.18006529,0.08759878
,,-1.8228525,3.310071,-8.638248,1696761028040,,-1.0225877,0.3012327,0.015500694,,,,,,0.18048126,-0.2380251,-0.087484755,0.9099346,-0.3329529,-0.1634818,0.13985607
,,-1.0238093,4.2710285,-8.090372,1696761028291,,-0.5393936,-0.35056004,0.11018474,,,,,,0.313129,-0.29398298,-0.17612393,0.8964843,-0.32142705,-0.14914218,0.20971026
,,-0.3529413,5.557012,-7.22114,1696761028541,,-0.505796,-0.12331833,0.047265664,,,,,,0.33418837,-0.11257259,-0.12930217,0.8748985,-0.31462562,-0.14283714,0.2871458
,,0.22907291,6.859424,-6.1557755,1696761028791,,-0.5204568,-0.25282165,-0.05413789,,,,,,0.32236603,0.06927069,-0.07768395,0.84535974,-0.3110882,-0.14301986,0.36768445
,,0.79074824,7.9290953,-5.1267824,1696761029042,,0.10079269,-0.48372856,0.14317143,,,,,,0.37118462,0.09458636,-0.14091966,0.8106975,-0.31151533,-0.14857198,0.44523418
,,1.2885349,8.541898,-4.3808594,1696761029292,,1.097724,0.1259145,0.051541716,,,,,,0.5101585,-0.05052765,-0.22088484,0.78127086,-0.31949952,-0.15721226,0.500507
,,1.0150354,8.833982,-4.2000413,1696761029543,,1.8619158,-0.8038217,-0.32536185,,,,,,0.37588915,0.1632069,-0.14313094,0.7713921,-0.3341298,-0.17307544,0.5024094
,,0.3846861,8.31131,-4.5702114,1696761029794,,-0.569326,0.053221595,0.2928333,,,,,,0.20273079,0.3219836,0.04773476,0.77670383,-0.3588391,-0.18699603,0.45128295
52.50764966,13.3778073,-0.5125426,6.594221,-6.346165,1696761030000,13.557595,0.09346231,0.015347977,-0.021762058,,,,,,0.19712715,0.281859,0.047133543,0.8100708,-0.40236607,-0.19092865,0.3209185
,,-0.0738585,7.498946,-5.410411,1696761030049,,0.27977607,-0.18012875,-0.15065452,,,,,,0.20021456,0.28743726,-0.005978632,0.78937894,-0.38123542,-0.19215752,0.39095572
,,-0.9915857,5.8584275,-7.3115096,1696761030552,,-0.058032155,0.059941106,0.2842812,,,,,,0.09453354,0.47703215,0.16673176,0.83439696,-0.4252538,-0.18454476,0.24738154
,,-1.44351,5.2902126,-8.05121,1696761030803,,-0.0024434591,0.042226028,0.08391755,,,,,,-0.024241438,0.72363263,0.30825147,0.85110956,-0.44839257,-0.17802936,0.18413827
,,-1.6550355,4.711707,-8.397612,1696761031055,,0.080634154,-0.06956223,0.12362376,,,,,,-0.0599304,0.6053444,0.3323248,0.8515864,-0.46871182,-0.17694621,0.14961573
,,-1.5606788,4.7256646,-8.515738,1696761031306,,-0.08307761,0.042226028,0.013668099,,,,,,-0.071611874,0.5521267,0.22831634,0.8415581,-0.48551807,-0.17662962,0.15042762
,,-1.4890536,4.745047,-8.413244,1696761031557,,0.06108648,0.09231694,-0.19891284,,,,,,-0.1119206,0.48199984,0.27794486,0.83001244,-0.50253314,-0.17884946,0.15347978
,,-1.4245273,4.816672,-8.462696,1696761031808,,-0.108123064,0.067271486,-0.32169667,,,,,,-0.13964775,0.39658812,0.17128807,0.8176523,-0.51985824,-0.18279253,0.1589984
,,-1.3347962,4.8771305,-8.420901,1696761032059,,-0.10567961,-0.026190827,-0.1909716,,,,,,-0.08997158,0.2702773,0.14153767,0.8083609,-0.53143185,-0.18832806,0.16572574
,,-1.3156536,4.9378285,-8.39466,1696761032310,,-0.010995566,-0.01763872,-0.013820816,,,,,,-0.04798803,0.16594002,0.079248495,0.8044991,-0.5330562,-0.19469996,0.1726453
,,-1.3804992,5.1003017,-8.420184,1696761032560,,0.26450446,-0.2864192,-0.22212571,,,,,,-0.045484386,0.2002705,-0.016800182,0.8042025,-0.52939355,-0.20075718,0.17786641
,,-1.4293128,5.0373697,-8.365388,1696761032810,,-1.4428626,0.76671165,0.08513928,,,,,,0.047249015,0.02357823,-0.008374723,0.80786306,-0.5194551,-0.20822178,0.18137659
52.50767586,13.37781767,-0.8562317,5.905965,-7.164908,1696761033000,13.0413065,-1.0781764,0.14179699,0.29833108,,,,,,0.0966761,-0.37808183,-0.03597754,0.7958149,-0.47275674,-0.21653154,0.27261034
,,-1.2056636,5.1698527,-7.9704113,1696761033061,,-1.4801253,0.51686794,0.102854356,,,,,,0.1412227,-0.36347142,0.0441435,0.80863726,-0.49887484,-0.21288851,0.21275139
,,-0.36674002,6.927222,-6.2408805,1696761033561,,-0.20647229,0.3830886,-0.10789399,,,,,,0.10710081,-0.14221983,-0.24699368,0.77065927,-0.44911367,-0.22030775,0.34370744
,,0.003270186,7.5572515,-5.214839,1696761033811,,0.43127054,-0.17279838,-0.21601705,,,,,,-0.029379074,-0.30386072,-0.31010285,0.7466256,-0.42481947,-0.2207437,0.4136719
,,0.39130625,8.065806,-4.5501914,1696761034063,,2.2828016,-0.5594758,-0.52083856,,,,,,-0.0014556388,-0.44527635,-0.34245476,0.7352078,-0.4012861,-0.21856172,0.46784812
,,0.38245285,8.284113,-4.5007396,1696761034314,,0.026267186,0.097814724,-0.045585785,,,,,,-0.06488557,-0.33840582,-0.37338087,0.74113,-0.38450542,-0.21469341,0.4804101
,,0.0035094896,8.28491,-4.8379683,1696761034563,,0.55955213,-0.25648686,-0.35101816,,,,,,-0.2213612,0.028871886,-0.4152253,0.75385785,-0.37664795,-0.21067308,0.4592671
,,-0.4016751,7.4039526,-5.486662,1696761034815,,-2.3915355,1.890092,0.5842158,,,,,,-0.23877035,-0.20839025,-0.22001927,0.7807686,-0.37334546,-0.2024695,0.4115705
,,-0.63034916,6.8112493,-5.827639,1696761035068,,-1.770897,0.77892894,0.29894194,,,,,,-0.44371992,-0.60350823,-0.1278875,0.8057011,-0.36059648,-0.1804649,0.39164108
,,-0.49754748,7.3029737,-5.816873,1696761035318,,0.11423171,1.0519855,-0.15370885,,,,,,-0.42043915,-0.047948107,-0.1646814,0.81339157,-0.3397166,-0.15382269,0.39830005
,,-0.438684,7.538748,-5.345327,1696761035571,,0.6157517,0.841848,-0.0834594,,,,,,-0.6482092,0.067197084,-0.19479153,0.8105362,-0.30395994,-0.117025524,0.42326614
,,0.07306088,8.146285,-4.590471,1696761035822,,1.6505567,0.10758856,-0.22456917,,,,,,-0.7249841,0.07480223,-0.33447334,0.7972875,-0.25479794,-0.07482623,0.48363945
52.50772201,13.37779544,0.24071795,8.652606,-4.5265822,1696761036000,13.484108,-2.4379613,1.6762893,0.068035066,,,,,,-1.0162892,0.18909127,-0.57167804,0.8117494,-0.15597604,-0.025313083,0.52553517
,,0.4084548,8.495318,-4.3050866,1696761036074,,2.718959,-0.79771304,-1.0205259,,,,,,-0.82527345,-0.06960235,-0.43330982,0.7977699,-0.20497844,-0.04103531,0.52409184
,,0.19405797,8.559206,-4.276133,1696761036576,,-1.9590434,1.0324378,0.32215482,,,,,,-1.0557038,0.11573264,-0.15886584,0.8228055,-0.10914824,5.5423926E-4,0.5222112
,,0.15872386,8.619665,-4.186003,1696761036827,,0.4214967,0.91270834,-0.5342776,,,,,,-1.0561812,0.17130134,-0.05436935,0.82837945,-0.064708754,0.036833607,0.5192504
,,0.18632117,8.524351,-4.083351,1696761037077,,0.18692462,0.52114403,-0.008323032,,,,,,-0.9278275,0.064683646,0.110892944,0.8310715,-0.018909259,0.069165386,0.5108091
,,0.11860422,8.532488,-3.9529424,1696761037330,,3.2052076,-0.3249037,-0.7444151,,,,,,-0.84593254,0.097803354,0.38359413,0.8324742,0.027072245,0.09498659,0.49926054
,,-0.015553324,8.259067,-4.0878983,1696761037582,,3.1520622,-0.39759663,-0.5593231,,,,,,-0.6514511,0.36265406,0.6416808,0.8389819,0.08222564,0.09823681,0.4712467
,,0.23098724,7.4074607,-4.0293536,1696761037833,,-2.665814,1.9145266,0.2702313,,,,,,-0.3259285,0.084946,0.88567376,0.8387335,0.13886006,0.10316415,0.4448178
,,0.47808596,7.4567537,-4.6646485,1696761038085,,-1.138652,0.6457604,0.07841977,,,,,,-0.08515603,0.48429,0.6254955,0.8432353,0.184277,0.12021651,0.41716528
,,0.55561346,6.8588667,-5.4105706,1696761038335,,1.2321143,-0.15386157,-0.32414013,,,,,,-0.0025045553,0.19528334,0.6546914,0.8599549,0.22245191,0.1314503,0.37505293
,,0.5576872,6.1845694,-6.6297936,1696761038585,,2.4373505,-0.63827735,-0.38461575,,,,,,0.09791986,0.31478664,0.5836363,0.88506836,0.25544935,0.120300874,0.3124279
,,0.2947957,4.8142796,-7.617391,1696761038835,,-1.1924081,0.43928814,0.089415334,,,,,,0.09461147,0.3842366,0.67961746,0.9082051,0.28665525,0.08414539,0.22874516
52.5078421,13.3777511,1.1708083,5.7931037,-7.377151,1696761039000,13.979806,0.5913171,-0.12148573,0.013057235,,,,,,0.09975731,0.6118162,0.39429048,0.8894045,0.3136915,0.14363493,0.24722654
,,0.64199424,4.397131,-7.802436,1696761039086,,-2.4104724,0.32749987,-0.25816673,,,,,,0.13819554,0.21953754,0.5845295,0.9084256,0.30464354,0.095040485,0.2036262
,,1.2727425,5.7646284,-7.3683777,1696761039590,,1.7586797,-0.23388486,-0.17264566,,,,,,0.15205963,0.542592,0.3575285,0.8837071,0.32546636,0.15193088,0.2486101
,,1.0756536,4.880003,-7.9099526,1696761039843,,1.8741331,-0.7922153,-0.12194388,,,,,,0.24626382,0.47165078,0.33867234,0.8933241,0.34288684,0.12584306,0.20789377
,,0.91134644,4.1320057,-7.884909,1696761040094,,-3.1202972,1.9377395,0.41683885,,,,,,0.21058807,0.3049247,0.5730968,0.8969248,0.35072622,0.10673233,0.17955555
,,1.4514066,5.1550965,-7.6300735,1696761040344,,-0.93706656,0.09598213,0.4803688,,,,,,0.3900923,0.3394342,0.39901352,0.8867991,0.34668332,0.14366814,0.21982114
,,1.607897,5.908278,-7.279126,1696761040595,,1.9840888,-0.5148826,-0.11522437,,,,,,0.4093257,0.5195113,0.37084082,0.87662584,0.34139532,0.16597983,0.25198376
,,1.396292,5.3184476,-7.722437,1696761040847,,2.258367,-0.49533498,-0.06513346,,,,,,0.4426532,0.4791256,0.38438627,0.88727057,0.34757912,0.14216916,0.22419001
,,0.98959166,4.2274795,-8.029356,1696761041098,,-1.9633194,0.83146334,0.32948518,,,,,,0.37229678,0.39295328,0.55699927,0.8984337,0.3534177,0.1057047,0.17841175
,,1.1243075,4.3913884,-7.7787476,1696761041350,,-1.7941098,-0.08300125,-0.40843946,,,,,,0.29473883,0.26895678,0.7098033,0.8975497,0.34724346,0.11771897,0.18749835
,,1.431865,5.6595044,-7.426125,1696761041600,,0.56077385,-0.113544494,0.10713041,,,,,,0.31142864,0.5459261,0.44489872,0.8843797,0.3366351,0.15392613,0.23661487
,,1.3768303,5.6548777,-7.410811,1696761041853,,1.7470733,-0.4220312,-0.2917643,,,,,,0.19838566,0.5033683,0.39480075,0.8841923,0.3304838,0.15692712,0.24219933
52.50796702,13.37770436,1.0390432,4.2561135,-7.8777304,1696761042000,19.314238,-2.5827363,1.3861285,0.47120583,,,,,,0.040648296,0.22924311,0.52305454,0.8960878,0.34275904,0.12538046,0.1884906
,,1.188515,4.915017,-7.854999,1696761042103,,1.9071199,-0.5112175,-0.31131196,,,,,,0.17982079,0.41935295,0.40367514,0.8942462,0.3371404,0.13556238,0.21049999
,,1.4935998,5.2373304,-7.667002,1696761042604,,-1.4141519,0.29878923,0.14317143,,,,,,0.073456906,0.27310976,0.30910715,0.88534945,0.34204865,0.16426514,0.22414263
,,1.5644273,5.846942,-7.3350377,1696761042855,,1.2626575,-0.21861324,-0.084070265,,,,,,0.03108007,0.36202684,0.15456203,0.8711897,0.34299317,0.1873292,0.2519098
,,1.5757535,5.375317,-7.6515284,1696761043105,,1.8399247,-0.8044326,-0.12377647,,,,,,0.16159664,0.21093416,0.19179352,0.8757984,0.3537199,0.17687386,0.2332641
,,1.1878769,4.4740996,-7.8984675,1696761043355,,-0.70982486,0.44539678,0.06864593,,,,,,0.1560337,0.25596932,0.4179392,0.88265014,0.37098816,0.14137274,0.19155888
,,1.2445868,4.314977,-7.832186,1696761043605,,-2.1673481,-0.10499238,-0.4615847,,,,,,0.14926219,0.026398715,0.42078742,0.8804271,0.37513712,0.14331862,0.18960163
,,1.6176277,5.651608,-7.4138417,1696761043856,,1.21501,0.00923933,0.1211803,,,,,,0.2691981,0.39102426,0.27251586,0.86756337,0.3669609,0.17791477,0.23657586
,,1.6457837,5.840241,-7.52798,1696761044106,,1.5619812,-1.087263,0.060093824,,,,,,0.33682385,0.5893319,0.19096556,0.86830753,0.3643363,0.17589934,0.24010491
,,1.4664813,4.9408593,-8.037492,1696761044356,,0.8778127,-0.8728494,0.41683885,,,,,,0.45286122,0.63327575,0.33055767,0.88488567,0.36785683,0.14038552,0.19845907
,,1.0966306,4.1292143,-7.989635,1696761044608,,-2.999346,1.8729877,0.31238097,,,,,,0.22235125,0.50171953,0.6674942,0.8955667,0.36296448,0.11624144,0.16707887
,,1.5085151,4.9602413,-7.756973,1696761044859,,-1.4825689,0.45944667,0.38018698,,,,,,0.19229601,0.48181275,0.44910318,0.8912732,0.3450192,0.15166645,0.20118716
52.50813069,13.37742116,1.6843876,5.4225345,-7.571529,1696761045000,14.447134,1.8374813,-0.84780395,-0.12988512,,,,,,0.07023447,0.5336119,0.29669973,0.8857483,0.3295018,0.17714718,0.22568361
,,1.6484153,5.857788,-7.2651677,1696761045110,,1.0231985,-0.03657553,-0.077961616,,,,,,0.05817069,0.72552997,0.36567166,0.8803313,0.3288144,0.1818004,0.23921993
,,1.2560724,4.422175,-7.617711,1696761045614,,-0.5210677,0.41424268,-0.1268308,,,,,,-0.10804542,0.28969866,0.61067605,0.89199466,0.33964527,0.1508739,0.19217114
,,1.2808778,4.396652,-7.5642705,1696761045866,,-2.4465134,0.45333803,-0.5965858,,,,,,-0.28365818,0.04603855,0.5203724,0.8882111,0.34421986,0.16189401,0.19397266
,,1.6763318,5.5998435,-7.3703723,1696761046116,,-0.13377939,0.055054188,0.07047852,,,,,,-0.19993134,0.3079557,0.11576103,0.87074125,0.3460077,0.202781,0.23668729
,,1.6857437,5.761199,-7.2515287,1696761046367,,1.644448,-0.33895358,-0.03459022,,,,,,-0.19676508,0.3096471,0.107529685,0.86191714,0.35539883,0.21234196,0.2443282
,,1.6055838,5.1609197,-7.7871222,1696761046617,,2.3695445,-0.9302707,-0.16470441,,,,,,-0.03934036,0.291203,0.11207088,0.8690209,0.37683114,0.18973991,0.21161819
,,1.180539,4.184887,-7.869594,1696761046867,,-1.8729115,0.6897427,0.29710937,,,,,,-0.14084023,0.15750867,0.3898056,0.87272304,0.39367765,0.15623212,0.17346025
,,1.442314,4.7001414,-7.7678995,1696761047118,,-1.8851287,-0.109268434,-0.13416117,,,,,,-0.08684484,0.12890898,0.24280141,0.86598676,0.39555553,0.17700903,0.19162078
,,1.6510476,5.620342,-7.3360753,1696761047369,,0.70982486,0.026954409,-0.0064904382,,,,,,-0.010238749,0.3355163,0.15717147,0.8507757,0.39329246,0.2048885,0.22820058
,,1.6394024,5.4783673,-7.3931055,1696761047620,,1.9498804,-0.77022415,-0.35651594,,,,,,0.02118004,0.30646947,0.2341248,0.85091406,0.40016276,0.20168751,0.2218758
,,1.3894323,4.7591643,-7.8254085,1696761047871,,1.725693,-0.33895358,-0.26855144,,,,,,0.049934804,0.28146276,0.2964087,0.8584411,0.41537052,0.17303681,0.18950126
52.50828474,13.37731062,1.5471195,5.0629735,-7.686225,1696761048000,13.098235,-1.477071,0.26396993,0.2702313,,,,,,0.07100426,0.21767575,0.19675405,0.85002697,0.42197105,0.18789616,0.20116249
,,1.1360323,4.117011,-7.8492565,1696761048122,,-2.4165812,1.0080032,0.15294527,,,,,,-0.04801161,0.12914634,0.4338117,0.8591912,0.42425808,0.1537176,0.16810745
,,1.6597416,5.6016774,-7.26469,1696761048625,,0.84177166,-0.29985824,-0.13477205,,,,,,0.09725627,0.27127293,0.19357075,0.8378506,0.41915193,0.20871352,0.22774701
,,1.6379668,5.3970914,-7.5436935,1696761048875,,1.9743149,-0.567417,-0.17264566,,,,,,0.17526175,0.31545216,0.22420879,0.8424356,0.42694893,0.19730978,0.21438278
,,1.3704493,4.6568313,-7.8786087,1696761049126,,0.94134265,-0.17463097,-0.030314164,,,,,,0.19384708,0.29949054,0.29343227,0.8503784,0.43687287,0.16583386,0.1841164
,,1.2432309,4.2541194,-7.865526,1696761049377,,-2.6621487,1.2835033,0.38629562,,,,,,0.09994205,0.12831256,0.3728086,0.85213405,0.4379469,0.15563746,0.17299458
,,1.5584453,5.1341996,-7.6085377,1696761049627,,-1.2113448,0.19249876,0.12851068,,,,,,0.12759927,0.18634458,0.23475556,0.8448391,0.42957035,0.18935941,0.20652252
,,1.6030316,5.5128236,-7.273303,1696761049877,,0.4318814,-0.2522108,-0.031535894,,,,,,0.12811232,0.26918828,0.27016157,0.8383698,0.42259398,0.2020697,0.22539043
,,1.5975281,5.256473,-7.575278,1696761050131,,1.960265,-0.4965567,-0.06330086,,,,,,0.18501264,0.27728567,0.24156529,0.8454543,0.42395538,0.19123474,0.21363312
,,1.3586447,4.606104,-7.8984675,1696761050381,,0.7703005,0.13385575,0.09552398,,,,,,0.14170155,0.2742767,0.23037313,0.8543233,0.42615917,0.16680168,0.18703999
,,1.3719648,4.327579,-7.8891354,1696761050632,,-2.8710644,1.370246,0.14683662,,,,,,0.03866768,0.013033684,0.24407707,0.856698,0.42227075,0.16822663,0.18117747
,,1.7304096,5.2607803,-7.58102,1696761050884,,-1.1276563,0.44050986,0.0240528,,,,,,0.066097766,0.14528415,0.100382045,0.84864086,0.41245317,0.20440549,0.2144075
52.50828103,13.37721924,1.7529018,5.2319064,-7.6271214,1696761051000,13.155312,2.0622795,-0.4825068,0.21891867,,,,,,0.10315177,0.18609129,0.06520637,0.8482164,0.41299766,0.20502819,0.21377182
,,1.7886349,5.563631,-7.2658844,1696761051135,,1.0048726,-0.23266312,-0.11522437,,,,,,0.057202976,0.20682709,0.12897685,0.8420482,0.4069076,0.21745822,0.22924131
,,1.4672787,4.52068,-7.9778304,1696761051640,,0.07269291,0.3238347,0.10835214,,,,,,0.04442146,0.21609528,0.085875794,0.85561633,0.42173675,0.17593731,0.18137288
,,1.4747764,4.2737403,-7.8522077,1696761051890,,-2.3475533,0.92920166,-0.05291616,,,,,,-0.07421756,-0.07810318,0.19733556,0.85545945,0.42165196,0.17889816,0.17895795
,,1.791586,5.398446,-7.5894756,1696761052142,,-0.7287617,0.2126573,0.15722132,,,,,,0.030395834,0.24209124,0.006060791,0.84429234,0.4168767,0.21098946,0.21364076
,,1.8381664,5.568736,-7.4320273,1696761052393,,1.508836,-0.6230057,-0.112780906,,,,,,0.050476488,0.2530595,0.016931312,0.83920765,0.41553533,0.21899943,0.22293636
,,1.8045871,5.1267824,-7.816394,1696761052644,,1.5741985,-0.4134791,-0.2673297,,,,,,0.120406546,0.2513508,0.07294447,0.8488866,0.42271417,0.20020612,0.1995922
,,1.4908084,4.4068613,-7.8881793,1696761052895,,-0.35796675,0.36415178,0.046043932,,,,,,-0.017054405,0.21785675,0.3461312,0.8557049,0.4294513,0.17378941,0.1691492
,,1.5933806,4.401837,-7.8029947,1696761053146,,-2.137416,0.6811906,-0.4976257,,,,,,-0.11529096,-0.051594757,0.33888322,0.8541483,0.42779073,0.18619467,0.17446253
,,1.8852252,5.4786863,-7.493682,1696761053397,,-0.38240135,0.29329145,0.18409938,,,,,,0.0072983187,0.2928716,0.12869185,0.84133816,0.42345524,0.21854709,0.20857851
,,1.9168904,5.539225,-7.3063235,1696761053648,,1.1942407,-0.61750793,-0.09445497,,,,,,-0.022412142,0.26048592,0.18936633,0.83725226,0.4213248,0.22671919,0.21509524
,,1.8699911,5.140421,-7.661897,1696761053899,,1.8142684,-0.83558667,-0.3436878,,,,,,0.03200065,0.25035515,0.18363288,0.8441068,0.42902228,0.2116376,0.19503577
52.5083333,13.37712151,1.6773684,4.56048,-7.8380895,1696761054000,15.8487425,-2.2278237,0.6237693,-0.24167338,,,,,,-0.0826514,0.025627462,0.16135673,0.84302783,0.44079325,0.19804329,0.17741773
,,1.5387443,4.533202,-7.833384,1696761054151,,-0.4874701,0.11919499,0.052763447,,,,,,-0.07961819,0.26013678,0.24797958,0.8464225,0.43863174,0.18748777,0.1713823
,,1.8861822,5.6042304,-7.5221567,1696761054653,,-0.537561,-0.026190827,0.046654798,,,,,,0.057829108,0.43914923,0.028499635,0.8299748,0.44026935,0.22443135,0.20647712
,,1.8616958,5.531808,-7.382178,1696761054906,,1.3353504,-0.46906778,0.10407609,,,,,,0.041991755,0.2834011,0.12423461,0.82592833,0.44371048,0.22735332,0.2099073
,,1.751865,5.0766916,-7.6552777,1696761055159,,1.861305,-0.59796023,-0.1353829,,,,,,0.09529168,0.18677098,0.21121217,0.8318023,0.45432457,0.20923863,0.19215332
,,1.4134402,4.481677,-7.752028,1696761055408,,-0.41233373,0.3165043,-0.0064904382,,,,,,0.036125064,0.22169486,0.36116135,0.8351448,0.46324727,0.1809636,0.16950466
,,1.5662619,4.5820956,-7.735517,1696761055661,,-2.191172,0.5608502,-0.211741,,,,,,0.031571917,0.037346292,0.30405268,0.8336771,0.46186984,0.19169825,0.17606312
,,1.7996422,5.5004625,-7.4939218,1696761055913,,-0.654847,0.085597426,0.27450737,,,,,,0.1404876,0.32323226,0.09360903,0.8241877,0.4550052,0.21844289,0.20566209
,,1.8119253,5.4344187,-7.339744,1696761056164,,1.2070688,-0.35361436,-0.04253146,,,,,,0.0795403,0.18894191,0.16882472,0.82317907,0.45024452,0.22278854,0.21112171
,,1.8207784,5.1081176,-7.671948,1696761056416,,1.594968,-0.6010146,0.11446079,,,,,,0.14444949,0.21236391,0.17687935,0.83195853,0.4529881,0.20805596,0.19373709
,,1.5699309,4.5359135,-7.8176713,1696761056667,,-0.24678937,0.3354411,-0.11094832,,,,,,0.032573566,0.23664553,0.27961177,0.8380867,0.45595157,0.18618853,0.16996853
,,1.7209977,4.5672603,-7.7816195,1696761056918,,-2.042121,0.70318174,-0.40905032,,,,,,-0.067476794,-0.001969266,0.21241096,0.83729756,0.4528156,0.20184155,0.17418884
52.50838942,13.37709693,1.9936199,5.550551,-7.406983,1696761057000,17.381056,1.0818415,-0.703029,-0.048029244,,,,,,-0.04745083,0.23603363,0.031612016,0.8215943,0.44830036,0.24053568,0.20621559
,,1.9778273,5.4841104,-7.5577316,1696761057168,,-0.75563973,0.2926806,0.12912154,,,,,,0.015855985,0.27851924,-0.0077908677,0.8266869,0.4482068,0.23174702,0.20142595
,,1.9687347,5.142655,-7.7177305,1696761057670,,1.6957606,-0.6627119,-0.022983788,,,,,,0.02401686,0.13662869,0.046713654,0.82560366,0.458719,0.22779168,0.18973142
,,1.6288743,4.591508,-7.7952576,1696761057923,,0.07880156,0.39041895,-0.106672265,,,,,,-0.060488854,0.1782101,0.22387917,0.8276129,0.4697372,0.2020186,0.16764717
,,1.6938794,4.513023,-7.8683186,1696761058174,,-2.2882996,0.8027527,0.09918917,,,,,,-0.064249136,-0.017836777,0.099047154,0.8236684,0.47469813,0.20712894,0.16940072
,,1.9846072,5.4745383,-7.626085,1696761058425,,-0.82405657,0.21998768,0.23907721,,,,,,0.12709226,0.28663635,-0.06531822,0.81284624,0.47237593,0.2322227,0.19710213
,,1.9886749,5.441438,-7.3523464,1696761058678,,1.0409136,-0.48311767,-0.027870705,,,,,,0.097557664,0.13696538,0.09292834,0.8094628,0.46991348,0.23806483,0.20448348
,,1.94026,5.02764,-7.615796,1696761058930,,1.9565998,-0.81115204,-0.008323032,,,,,,0.15710144,0.11239926,0.18836665,0.8174871,0.4757027,0.22138305,0.18757805
,,1.6071792,4.4350967,-7.7868023,1696761059187,,-0.13316852,0.3830886,-0.07918335,,,,,,0.062371653,0.19325352,0.32043585,0.82387626,0.4818793,0.19148627,0.16174534
,,1.7544175,4.372564,-7.862177,1696761059437,,-2.3964226,0.60177815,-0.23128867,,,,,,0.04536671,-0.059657786,0.18095323,0.82322997,0.47992298,0.20152201,0.16396207
,,2.0143578,5.40746,-7.436654,1696761059687,,-0.69088805,-0.066507906,0.01244637,,,,,,0.10732283,0.1979116,0.1263958,0.8127771,0.47199866,0.23422383,0.19644429
,,1.9487942,5.4545193,-7.2288766,1696761059937,,1.0445788,-0.43730283,-0.018707734,,,,,,0.021595614,0.13394263,0.19930273,0.8085395,0.469974,0.24120143,0.2045231
52.50850926,13.37707849,1.532523,4.466203,-7.9358754,1696761060000,13.429097,-0.5192351,0.2352593,0.0075594517,,,,,,-0.030890433,0.15336719,0.18242224,0.81841284,0.4889181,0.19471344,0.16179362
,,1.8634504,5.170331,-7.6690764,1696761060188,,2.0121887,-0.86368644,0.068035066,,,,,,0.06891947,0.23113199,0.13665077,0.81458837,0.4792469,0.22369012,0.18738812
,,1.5420946,4.327181,-8.031429,1696761060689,,-0.38056874,0.055054188,-0.25816673,,,,,,-0.04489304,0.10371057,0.10054482,0.81686866,0.4927483,0.19209616,0.15666483
,,1.4420745,4.3431325,-7.9919477,1696761060943,,-2.294408,0.38003424,0.020387612,,,,,,-0.054749653,0.18181576,0.16907725,0.8142565,0.49908867,0.18619734,0.15579262
,,1.3318452,4.3001413,-8.099147,1696761061193,,-0.46853328,0.3513236,-0.08773545,,,,,,-0.08173409,0.18835545,0.12783717,0.8138011,0.50344557,0.18145688,0.15432908
,,1.3234702,4.2813177,-8.142377,1696761061445,,1.1423172,-0.3285689,-0.015653409,,,,,,-0.06369491,0.17761222,0.09506736,0.8120377,0.50662434,0.18180275,0.15365435
,,1.3450854,4.295117,-8.08455,1696761061696,,1.6090178,-0.73662657,0.14866921,,,,,,-0.009857305,0.12607807,0.113833345,0.80998814,0.5086032,0.18305176,0.15557437
,,1.335913,4.389793,-8.060622,1696761061948,,0.2864956,0.21143557,-0.091400646,,,,,,0.012578598,0.20233199,0.12506834,0.8086113,0.5102237,0.1831327,0.15786688
,,1.3372688,4.41747,-7.9675417,1696761062198,,-2.5130978,0.9408081,0.43211046,,,,,,-0.019882316,0.0723832,0.17196424,0.8078526,0.509502,0.18861341,0.16272219
,,1.6026329,5.1933026,-7.7193255,1696761062450,,-0.962112,0.78564847,0.14683662,,,,,,-0.0024637203,0.19184503,0.029646285,0.80240554,0.49779716,0.21973135,0.18891068
,,1.7095122,5.316373,-7.4928055,1696761062700,,0.6212495,-0.35422522,-0.33085963,,,,,,-0.03615317,0.15332076,0.04007411,0.7982681,0.49143723,0.23335567,0.19612302
,,1.5891534,5.0665617,-7.6032734,1696761062952,,1.9663737,0.2560287,0.006948587,,,,,,-0.13721968,0.13254541,0.14510213,0.801083,0.49697056,0.22591108,0.18618067
52.5085985,13.37701803,1.4083356,4.5140605,-7.8978305,1696761063000,14.280035,-2.362214,0.8681152,0.2861138,,,,,,-0.16945039,0.06763956,0.07738931,0.797419,0.5155168,0.20311661,0.16305976
,,1.3844073,4.688338,-7.786883,1696761063204,,1.2431098,-0.3426188,-0.2239583,,,,,,-0.19103631,0.24199636,0.18653268,0.80209666,0.507773,0.20547205,0.16608043
,,1.6964313,5.316054,-7.6477003,1696761063708,,-1.3249657,0.097814724,0.26962045,,,,,,-0.0043887296,0.22395073,0.006944418,0.788032,0.51538223,0.22926386,0.18773061
,,1.718844,5.5637913,-7.4030747,1696761063959,,0.4721985,-0.33467755,0.02527453,,,,,,0.07001168,0.25967282,0.06718811,0.780311,0.5177209,0.23634666,0.19896197
,,1.6662022,5.298268,-7.563792,1696761064211,,1.8197662,-0.1532507,0.15966478,,,,,,0.204643,0.2342513,0.18915507,0.78550875,0.524629,0.21998997,0.19097954
,,1.5708882,4.872664,-7.9427357,1696761064465,,1.4074324,-0.44768754,0.3068832,,,,,,0.37170777,0.33343565,0.16100845,0.79690737,0.5256703,0.18923418,0.17077811
,,1.4443876,4.443871,-7.960363,1696761064718,,-1.368948,0.57062405,0.21281002,,,,,,0.32616523,0.14841957,0.23282944,0.8073963,0.5127663,0.17546195,0.16348535
,,1.5636299,4.8411584,-7.9292574,1696761064969,,0.4166098,-0.16791146,-0.07063124,,,,,,0.32256982,0.33544764,0.2028375,0.81764275,0.49363616,0.18641223,0.17207244
,,1.332563,4.2108097,-8.224053,1696761065221,,-0.20158538,0.1259145,-0.1928042,,,,,,0.19402571,0.2873077,0.22748485,0.8319556,0.4850559,0.16342486,0.15132865
,,1.0673583,3.3226736,-8.9026575,1696761065471,,0.45203993,-0.09033163,-0.039477136,,,,,,0.114131115,0.24656187,0.16332696,0.8504139,0.4859563,0.1261213,0.114914045
,,0.7932207,2.3768702,-9.35825,1696761065721,,-0.9474513,0.38675377,0.066813335,,,,,,0.017586906,0.11498955,0.13943304,0.8630731,0.48720723,0.092566416,0.08043732
,,0.84674007,2.3054047,-9.216832,1696761065971,,-1.82954,0.43867728,-0.7291435,,,,,,-0.16090098,-0.12252738,0.20130913,0.86388093,0.48166195,0.10403278,0.08111807
52.50868848,13.37699006,1.4083358,4.2180676,-8.312744,1696761066000,15.347125,1.368948,-0.35544693,-0.23678645,,,,,,-0.23010327,-0.019471042,-0.080590695,0.8308433,0.47318405,0.1914069,0.15219459
,,1.2026325,3.4039495,-8.854159,1696761066223,,-0.4178315,0.33116508,0.17066035,,,,,,-0.18600754,-0.034383275,-0.022148212,0.84885746,0.47616854,0.1522758,0.11896539
,,1.6916459,4.6682367,-8.103213,1696761066728,,1.9620976,-0.71402454,-0.3265836,,,,,,-0.1458457,-0.12727928,-0.16342966,0.8186804,0.47770232,0.2171739,0.17201449
,,1.6786448,4.5805807,-7.8727856,1696761066980,,0.17653993,0.41179922,-0.15187626,,,,,,-0.11914304,-0.11303918,0.059918676,0.81314045,0.48703817,0.21508847,0.16955253
,,1.7771493,4.7283764,-7.7592854,1696761067232,,-2.326784,0.64698213,0.22319472,,,,,,-0.115536965,-0.16785225,0.09213352,0.8074979,0.4937536,0.22300354,0.1736049
,,1.9546171,5.399325,-7.5736017,1696761067483,,-0.8460477,0.2523635,0.1419497,,,,,,0.04046997,0.033864595,-0.048655033,0.796995,0.49486864,0.24087591,0.19576672
,,2.0084558,5.4755764,-7.4155955,1696761067734,,1.0965023,-0.59979284,0.008170316,,,,,,0.11227761,0.051731173,0.05341851,0.79524666,0.49353293,0.2428505,0.20066124
,,2.003909,5.068318,-7.6843104,1696761067986,,1.662163,-0.37071857,0.14500403,,,,,,0.22519897,0.005758842,0.15373124,0.8045613,0.498019,0.22346756,0.1853756
,,1.6953946,4.595256,-7.7798634,1696761068239,,-0.040317077,0.23587017,-0.06513346,,,,,,0.17457043,0.2079175,0.37832606,0.81434005,0.49843177,0.19324507,0.1625004
,,1.7316061,4.517888,-7.8403225,1696761068490,,-2.1942263,0.8302416,-0.0816268,,,,,,0.10867478,0.041158564,0.27999178,0.81829095,0.49089804,0.19681242,0.16301472
,,1.9565313,5.455316,-7.5811005,1696761068742,,-0.92057323,0.22731806,0.19814926,,,,,,0.18146229,0.28608647,0.13460255,0.8127793,0.4786273,0.2252898,0.19338885
,,1.9471993,5.540182,-7.3645487,1696761068994,,-0.23029602,0.028787002,-0.05780308,,,,,,0.12995024,0.23359746,0.20192792,0.8108456,0.47113335,0.23247561,0.20404874
52.50876509,13.37697849,1.7960529,5.878369,-6.7610793,1696761069000,15.030627,-0.26389357,0.100869045,-0.011988222,,,,,,-0.036847237,0.1657522,0.39881167,0.80567104,0.459099,0.24468626,0.2275861
,,1.8987049,5.5353165,-7.2631726,1696761069245,,0.08002329,-0.1514181,0.07536544,,,,,,0.112284355,0.19024627,0.26038077,0.8117025,0.4682741,0.23105533,0.20756476
,,2.1107092,6.9306517,-6.250692,1696761069750,,-0.01527162,-0.10682498,0.1523344,,,,,,-0.0011972586,0.18622309,0.19392507,0.79246444,0.44357598,0.28740457,0.27340573
,,2.3636305,7.992108,-5.6553564,1696761070000,,-0.12522727,0.11614066,0.10835214,,,,,,0.043874033,0.33787116,0.12744114,0.7803268,0.42683935,0.32478154,0.31805706
,,2.303411,8.055676,-5.2310286,1696761070252,,0.016493348,0.1589012,-0.048029244,,,,,,-0.10362193,0.1872988,0.2623454,0.7763712,0.41556513,0.33535206,0.33406153
,,2.2552352,8.162636,-5.060341,1696761070505,,0.0030543238,0.094760396,-0.013209951,,,,,,-0.17473987,0.20474188,0.26426417,0.77461827,0.41109142,0.33972758,0.3392571
,,2.2415164,8.2469425,-4.988876,1696761070756,,-0.0048869182,0.0037415468,-0.109726585,,,,,,-0.23174311,0.22271109,0.2204185,0.7714054,0.4096034,0.34491438,0.3431175
,,2.3112276,8.307082,-5.0072207,1696761071006,,0.04703659,0.0025198173,0.017944153,,,,,,-0.17884976,0.19447535,0.05691149,0.7662328,0.41071156,0.351005,0.3472621
,,2.2907288,8.23809,-4.919564,1696761071258,,0.0061086477,0.11186461,-0.07063124,,,,,,-0.2047345,0.07122741,0.079160124,0.76248246,0.41315812,0.3545237,0.34904495
,,2.2796419,8.323912,-4.9077597,1696761071509,,0.28832817,-0.13125958,0.0796415,,,,,,-0.16813575,0.115042515,0.04664747,0.75761837,0.41933152,0.35718623,0.3496907
,,2.2870598,8.254999,-5.004748,1696761071763,,0.031154104,-0.21128285,-0.04741838,,,,,,-0.087401904,0.05913644,0.011488739,0.755573,0.42693904,0.35498658,0.34722725
52.50884886,13.37691548,2.3858037,7.9235134,-5.5345993,1696761072000,13.022999,0.99998564,-0.050014555,0.0570395,,,,,,0.16410017,0.031027555,-0.03583053,0.76926744,0.4297755,0.3331655,0.33366945
,,2.2889743,8.147481,-5.1489553,1696761072015,,-0.2498437,0.08498656,0.19753839,,,,,,0.015608625,0.012298886,-0.0010186037,0.75684124,0.43207887,0.34829572,0.34461293
,,2.3037305,8.118847,-5.249215,1696761072267,,0.27366742,-0.08727731,0.25251624,,,,,,0.090925954,0.05297287,0.0020888965,0.7605197,0.4320984,0.34215814,0.34249592
,,2.379981,7.4365735,-6.019385,1696761072769,,1.3616176,-0.7464004,-0.1390481,,,,,,0.23371713,0.04046646,0.0100317,0.78477234,0.43148252,0.31069222,0.30912414
,,2.1174884,6.4018383,-6.702934,1696761073020,,-0.12705988,0.0012980876,0.16699515,,,,,,0.21463202,-0.01887517,0.07168648,0.8060969,0.43490368,0.26777166,0.2674345
,,1.9483955,5.6501718,-7.386882,1696761073272,,-0.3573559,0.08193224,0.2787834,,,,,,0.25760058,0.08050949,0.039786927,0.82642716,0.43524852,0.22947644,0.22910285
,,1.8701503,4.911428,-7.99474,1696761073523,,0.11117739,-0.37804893,0.18593197,,,,,,0.3080059,0.0658897,0.015685765,0.8450995,0.43361872,0.1986542,0.19519679
,,1.6550359,4.057111,-8.592386,1696761073776,,-0.13927718,0.023900084,0.4889209,,,,,,0.31838635,0.02475741,0.06628202,0.8646707,0.43306816,0.16134576,0.15923251
,,1.4959929,3.4176679,-8.976993,1696761074029,,0.16187917,-0.04818196,0.25495967,,,,,,0.35470816,0.032155927,0.17758867,0.88254255,0.4269699,0.12966615,0.13037826
,,1.3534602,3.125983,-9.164112,1696761074279,,0.17653993,-0.29313874,0.075976305,,,,,,0.32272607,0.093155846,0.18817854,0.8954484,0.41152677,0.11115,0.11780679
,,1.3959725,3.0568306,-9.292605,1696761074530,,0.23640467,0.02451095,0.08086322,,,,,,0.3777166,0.17001404,0.09042632,0.90471834,0.39185923,0.10673774,0.11564283
,,1.3976474,2.8415568,-9.216913,1696761074782,,-2.2638648,1.0910809,0.74853843,,,,,,0.3050141,0.06408198,0.24252433,0.913648,0.3706152,0.104871646,0.114324965
52.50891343,13.37685504,1.9377877,4.814837,-7.922796,1696761075000,13.994861,1.1508693,-0.6492729,-0.040698867,,,,,,-0.009540677,0.096678585,-0.028273758,0.8977491,0.29371923,0.17869028,0.22100605
,,1.5613965,3.329453,-8.89739,1696761075032,,-1.2363904,0.111253746,-0.10789399,,,,,,0.23398496,0.06069658,0.22814345,0.91504574,0.34189826,0.121860996,0.13999675
,,1.735674,4.12738,-8.2799635,1696761075285,,0.27244568,0.24258968,0.08086322,,,,,,0.06493721,0.046413913,0.15719627,0.9065571,0.3132635,0.15206678,0.18408795
,,2.0307884,5.04391,-7.825328,1696761075789,,1.2339468,-0.37621635,-0.15859577,,,,,,-0.07785592,0.0016623497,-0.12698998,0.8949317,0.28413728,0.1925178,0.23884492
,,1.9931414,5.103651,-7.7223577,1696761076040,,-0.12950334,-0.1636354,0.10713041,,,,,,-0.19720075,-0.08506794,-0.06487977,0.8954009,0.28054988,0.19744343,0.2417932
,,1.9996021,5.2906904,-7.880761,1696761076291,,-0.0097738365,-0.36277732,0.2512945,,,,,,-0.10958665,0.05065129,-0.25626367,0.8956905,0.28103316,0.19617866,0.24184442
,,1.7229916,4.6716685,-8.116375,1696761076544,,0.007941242,-0.23021966,0.31971136,,,,,,-0.064626075,0.09781433,-0.09147846,0.90461725,0.28781074,0.16897915,0.2127135
,,1.4990233,3.81735,-8.748959,1696761076794,,0.2290743,-0.30596688,0.3777435,,,,,,0.088032566,0.16176221,-0.025224352,0.92358214,0.29024553,0.13217519,0.16626248
,,1.0935996,3.1307685,-9.293565,1696761077048,,-0.09346231,-0.43608108,0.08575014,,,,,,0.088296555,0.28342023,0.037014548,0.94222957,0.2833746,0.09364087,0.12580289
,,0.70843494,2.6246073,-9.350992,1696761077299,,0.5039635,0.6170498,-0.17936517,,,,,,0.11517286,0.26497352,0.24953178,0.9532059,0.26972902,0.06330139,0.10542151
,,0.56374896,2.6759734,-9.316614,1696761077550,,0.118507765,0.43745553,-0.035201084,,,,,,0.07956885,0.3358511,0.290692,0.9591255,0.25028586,0.05395453,0.10665526
,,0.38269216,2.7846873,-9.432267,1696761077801,,-0.11728604,0.19982915,-0.037644543,,,,,,-0.09409911,0.40243974,0.14640068,0.96440375,0.23002692,0.052665327,0.109400265
52.50898755,13.376789,0.3806183,2.2799613,-9.557971,1696761078000,13.147411,-2.0793836,1.3452007,-0.31680974,,,,,,-0.58154523,-0.09209477,0.007859246,0.9644345,0.22053064,0.0727681,0.11291886
,,0.3809373,2.6782863,-9.5684185,1696761078054,,-0.13377939,-0.07750347,0.053985175,,,,,,-0.23883723,0.33761472,-0.023176719,0.96787465,0.21527903,0.056871746,0.10998608
,,0.28945175,2.5443683,-9.547682,1696761078305,,-0.007941242,-0.27175847,-0.37362018,,,,,,-0.4377743,0.27346405,0.02310435,0.9687897,0.21112205,0.06020116,0.10871672
,,0.8006384,3.0605,-9.205428,1696761078806,,-1.169806,-0.12637265,0.21281002,,,,,,-0.5805411,-0.021752786,-0.102701455,0.94898635,0.2339723,0.10953249,0.1435468
,,1.2180264,3.9858046,-8.564391,1696761079058,,-0.08552107,-0.3249037,0.24152066,,,,,,-0.4393097,-0.008139244,-0.13110183,0.9284097,0.24202664,0.14335102,0.19114313
,,1.6362119,4.684828,-7.8270817,1696761079308,,1.0140356,-0.52526736,0.017333288,,,,,,-0.2748633,-0.07341588,0.038903426,0.9115946,0.24454907,0.16851401,0.23541203
,,1.8189439,5.3723655,-7.553024,1696761079559,,1.1887429,-0.4898372,0.2079231,,,,,,-0.15967435,-0.0059168977,0.048274614,0.9036209,0.24452668,0.18241581,0.2634157
,,1.9564514,5.6074996,-7.539863,1696761079811,,0.37079492,-0.30657777,0.3520872,,,,,,-0.022669816,0.022967787,-0.013415226,0.9033804,0.23953256,0.18693288,0.2699787
,,1.9501503,5.8131237,-7.3880796,1696761080061,,-0.51801336,0.46127927,-0.1268308,,,,,,0.039223753,0.26112184,0.10382096,0.90767473,0.22660547,0.18312508,0.26675242
,,1.8345768,5.288537,-7.813363,1696761080312,,0.24190246,-0.13614649,-0.20196716,,,,,,0.010265629,0.26334524,0.037526432,0.9208482,0.21425624,0.16549048,0.24097715
,,1.6383656,4.436213,-8.47745,1696761080563,,-0.026267186,0.030619597,0.09430225,,,,,,-0.059978638,0.22881278,0.0032151223,0.9391357,0.21145298,0.14259735,0.19575404
,,1.4368101,3.6487358,-8.979384,1696761080813,,-0.07696896,-0.0054214248,-0.0193186,,,,,,-0.12342885,0.18725303,0.041508485,0.9540001,0.21426363,0.12273515,0.15348472
52.50904762,13.37673736,1.4647268,3.1975293,-9.240523,1696761081000,11.464291,0.108123064,-0.05978839,0.010613776,,,,,,-0.039386164,0.16720851,0.0059357006,0.95987386,0.22068866,0.11108696,0.13179223
,,1.3095119,3.1573296,-9.149916,1696761081063,,0.02687805,-0.050625417,-0.028481571,,,,,,-0.16739964,0.15764172,0.10435817,0.9607996,0.21651664,0.11056592,0.12943636
,,1.3915062,3.12064,-9.238449,1696761081313,,-0.2583958,-0.10438152,0.0692568,,,,,,-0.10975035,0.13473222,0.030353483,0.96077484,0.21858461,0.109971665,0.12829918
,,1.4317855,3.1787055,-9.192029,1696761081815,,0.092851445,0.12530364,-0.09628756,,,,,,0.006103492,0.19213396,0.05952565,0.96097505,0.21906787,0.10678875,0.13030715
,,1.4632108,3.2303898,-9.230792,1696761082066,,-0.056810424,-0.015806125,-0.10789399,,,,,,0.045002956,0.23969942,-0.0066981954,0.9621829,0.21272808,0.10656545,0.13193245
,,1.4727821,3.2422745,-9.247622,1696761082319,,0.025045456,0.021456625,-0.07185297,,,,,,0.027433725,0.24534088,-0.027929464,0.96325713,0.20709018,0.1065021,0.13318962
,,1.4821941,3.2234504,-9.255756,1696761082569,,0.0048869182,0.045891218,-0.026648976,,,,,,0.029563133,0.2304876,-0.039582,0.96411204,0.2030134,0.10670365,0.13327771
,,1.4603397,3.243471,-9.193303,1696761082821,,-0.010384701,0.057497647,-0.039477136,,,,,,-0.018810872,0.2682799,-0.019074218,0.96462464,0.19876637,0.10814714,0.13493186
,,1.4872988,3.2215369,-9.192745,1696761083072,,0.017104214,0.045891218,-0.03642281,,,,,,-0.019605426,0.20065676,-0.034918275,0.9647683,0.19591323,0.110015936,0.13664725
,,1.5440087,3.2409983,-9.264371,1696761083325,,-0.06352994,-0.037797257,0.116293386,,,,,,-0.014160355,0.17109086,-0.11573181,0.96470714,0.1939816,0.112178326,0.1381671
,,1.5918652,3.2098122,-9.211569,1696761083575,,6.108648E-4,-0.0072540194,0.101632625,,,,,,-0.013088524,0.07963524,-0.04555092,0.96451896,0.19269936,0.11295571,0.14057803
,,1.5838095,3.2082968,-9.180942,1696761083826,,-0.091629714,0.04650208,0.16699515,,,,,,-0.013848917,0.05305434,-0.04701444,0.96459824,0.19015335,0.113609664,0.14286749
52.50908621,13.37668392,1.5751951,3.3099122,-9.190512,1696761084000,11.326458,0.05070178,-0.035964664,-0.025427246,,,,,,-0.06307082,0.07861266,-0.075594455,0.96422696,0.18753518,0.11744405,0.14552449
,,1.6525632,3.3111877,-9.217391,1696761084078,,-0.017104214,-0.06467531,-0.081015944,,,,,,-0.007540695,0.034478817,-0.08719249,0.96473354,0.18642482,0.11579303,0.1450617
,,1.6034306,3.3012974,-9.234381,1696761084329,,-0.13316852,-0.1532507,0.04176788,,,,,,-0.043015487,0.037354406,-0.10401947,0.9646245,0.18598972,0.116778426,0.14556204
,,1.5233506,3.2184265,-9.159644,1696761084831,,0.027488915,-0.034742933,-0.021762058,,,,,,-0.12345404,0.066517316,-0.03433024,0.9635328,0.19137701,0.11804943,0.14420207
,,1.4754941,3.268037,-9.1548605,1696761085085,,-0.05864302,-0.061620984,0.09308052,,,,,,-0.12930109,0.16125663,-0.058639303,0.9625834,0.19684339,0.118659824,0.14237444
,,1.5109079,3.3479578,-9.160124,1696761085337,,-0.07391464,-0.007864884,0.07170025,,,,,,-0.094598696,0.19495293,-0.06510075,0.96122104,0.20325729,0.11951938,0.14195059
,,1.4598612,3.250331,-9.137471,1696761085587,,-0.06169734,-0.05856666,-0.010766491,,,,,,-0.105404824,0.1829951,-0.041156214,0.9596689,0.21102491,0.11930648,0.14176024
,,1.55693,3.2504103,-9.136275,1696761085838,,0.014660755,0.03367392,0.08575014,,,,,,-0.039359014,0.091884136,-0.00606068,0.9583215,0.21710068,0.11935934,0.14190094
,,1.5841281,3.2733016,-9.172088,1696761086090,,0.04886918,-0.043905906,-0.009544762,,,,,,-0.011961341,0.09075464,-0.03656745,0.95757115,0.2206605,0.119557045,0.14146243
,,1.6248859,3.32068,-9.169537,1696761086340,,-0.031154104,0.01962403,0.09613484,,,,,,0.03204112,0.077919215,-0.02520407,0.95703703,0.22265084,0.11928891,0.14223385
,,1.6301503,3.249772,-9.129655,1696761086590,,0.089797124,-0.01886045,-0.093233235,,,,,,0.014845038,-0.0034396886,0.036269777,0.9567608,0.2233546,0.11934263,0.14298156
,,1.6191431,3.179663,-9.11825,1696761086841,,0.021991132,0.05261073,-0.12438734,,,,,,0.01034834,-0.06286175,0.08133566,0.9565806,0.2249024,0.118596934,0.14241165
52.50913546,13.3766605,1.5849259,3.1901114,-9.131169,1696761087000,10.64533,0.0048869182,-0.047571093,0.033215772,,,,,,0.005113594,-0.032756988,0.07545192,0.9553403,0.23039916,0.11764369,0.14261155
,,1.6115661,3.216831,-9.105569,1696761087091,,0.11300998,0.041615162,-0.1042288,,,,,,0.012669181,-0.02690838,0.09799647,0.95642287,0.22595611,0.117992714,0.14233384
,,1.582533,3.1978483,-9.106284,1696761087343,,0.027488915,-0.042073313,-0.08468113,,,,,,-0.0022969404,-0.011821898,0.08508382,0.9561281,0.22726655,0.117795095,0.14234665
,,1.5734404,3.192504,-9.115856,1696761087844,,-0.0061086477,-0.08605558,0.082084954,,,,,,0.008979126,-0.03152322,0.08844109,0.95449823,0.23355493,0.11792917,0.14279512
,,1.6116459,3.191547,-9.183175,1696761088095,,-0.06169734,-0.01886045,0.15599959,,,,,,0.04534431,-0.050887648,0.042849444,0.95403874,0.23597522,0.11787923,0.14199091
,,1.627917,3.2528028,-9.210294,1696761088348,,-0.026267186,-0.007864884,0.16577344,,,,,,0.060098253,0.011872172,0.007426198,0.95418376,0.23520489,0.11833267,0.14185065
,,1.632703,3.2624543,-9.198729,1696761088598,,0.06291907,-0.03718639,0.0063377223,,,,,,0.05441845,0.020700065,0.0033021292,0.95486134,0.23183718,0.11877577,0.14207195
,,1.6387647,3.2500916,-9.166823,1696761088855,,0.04886918,0.04405862,-0.009544762,,,,,,0.04344893,0.01181167,0.029668776,0.95619047,0.22571453,0.11885273,0.14237979
,,1.6225733,3.2513673,-9.138669,1696761089108,,0.07819069,0.022067491,-0.13965896,,,,,,-0.0047061443,0.032437548,0.03310064,0.9580395,0.21689537,0.119214624,0.1430648
,,1.6386847,3.2791238,-9.192985,1696761089361,,0.014660755,-0.011530072,-0.04253146,,,,,,-0.015927156,0.043797333,-0.029588412,0.9598895,0.20811671,0.119154215,0.14417608
,,1.6275979,3.3138995,-9.168261,1696761089613,,-0.0024434591,0.031230463,-0.03214676,,,,,,-0.02984922,0.06040853,-0.023245335,0.96114415,0.2016633,0.1188868,0.14582427
,,1.607897,3.2689154,-9.136674,1696761089865,,0.06108648,-0.056734066,-0.0022143847,,,,,,-0.03565381,0.04058838,-0.0051365215,0.9616968,0.19916245,0.118092135,0.14651616
52.50915352,13.37666391,1.4004394,3.0026734,-9.311749,1696761090000,10.08233,0.092851445,-0.11476622,0.115071654,,,,,,0.05431152,0.07379203,-0.018239785,0.96434337,0.20374955,0.10000575,0.1328227
,,1.6095722,3.2259243,-9.185727,1696761090115,,0.1631009,-0.20334162,0.08575014,,,,,,-0.0021773735,0.030598514,-0.028602345,0.96226865,0.19880946,0.11569724,0.14508502
,,1.5477575,3.1902707,-9.24507,1696761090366,,0.25595233,-0.23327398,0.014278964,,,,,,0.027316038,0.07704755,-0.036860626,0.96312726,0.20007856,0.11035684,0.14103708
,,1.1658629,2.7913868,-9.337512,1696761090869,,0.074525505,-0.037797257,0.016111558,,,,,,0.023675857,0.11072851,0.050085768,0.966163,0.20557122,0.08738005,0.12336973
,,0.8976275,2.5769906,-9.410892,1696761091121,,0.048258316,-0.14897464,-0.1372155,,,,,,-0.012461035,0.12958618,0.04945628,0.96838975,0.20563625,0.07334074,0.11376647
,,0.62588245,2.359084,-9.526625,1696761091373,,-0.14294235,-0.13675736,-0.12133302,,,,,,-0.0058924826,0.14625128,0.0016694069,0.9704009,0.2067035,0.057207942,0.10434917
,,0.32079777,2.3179271,-9.590034,1696761091624,,-0.2761109,-1.330998,-0.1060614,,,,,,0.051251777,0.20398165,-0.02683595,0.9700343,0.21377014,0.039995294,0.10152421
,,-0.54309094,2.4871798,-9.374601,1696761091876,,-0.03970621,-0.404927,-0.2410625,,,,,,-0.22124678,0.30807838,0.10765474,0.96619064,0.22214274,0.0130058015,0.113171235
,,-1.3244272,2.673501,-9.182378,1696761092126,,-0.045203995,0.21204643,0.14317143,,,,,,-0.3324021,0.26805577,0.118528,0.9597654,0.22977881,-0.017216792,0.13406055
,,-1.9069203,2.8698723,-9.042396,1696761092376,,0.018936807,0.24136795,0.16027565,,,,,,-0.33328232,0.1858045,0.08588888,0.954002,0.23579703,-0.042899556,0.15533593
,,-2.317688,3.06058,-8.954659,1696761092627,,-0.032986697,0.06666062,0.046654798,,,,,,-0.28884923,0.119687565,0.056331143,0.94966906,0.23970604,-0.062863156,0.17438737
,,-2.6743782,3.2541585,-8.859587,1696761092877,,0.012217295,0.03489565,-0.013820816,,,,,,-0.27800545,0.05586988,0.058796518,0.9462543,0.24114794,-0.078750536,0.19198364
52.50918291,13.37670009,-2.5015366,2.962793,-9.053404,1696761093000,8.411955,-0.4178315,0.09720386,-0.09262237,,,,,,0.029916612,-0.48664442,-0.14293337,0.9475034,0.22943759,-0.08505952,0.20470364
,,-3.0027533,3.2571099,-8.777591,1696761093129,,-0.18692462,0.02573268,-0.12072215,,,,,,-0.34693655,-0.079184055,0.086982995,0.944852,0.23768662,-0.09121137,0.20351055
,,-2.7164917,3.067758,-8.976833,1696761093379,,-0.29199335,-0.16668972,-0.16470441,,,,,,-0.08894255,-0.329568,-0.10005941,0.9456796,0.23388669,-0.09051008,0.20492077
,,-2.2960732,3.2785656,-8.991749,1696761093881,,-1.2504402,1.2908336,0.31482443,,,,,,0.004533736,-0.43388754,-0.1689334,0.9461024,0.22810712,-0.07136557,0.21404761
,,-1.574557,3.8450267,-8.665366,1696761094131,,-0.8998038,0.36598435,-0.37850708,,,,,,0.16590239,-0.46311632,-0.21751036,0.9353815,0.23292083,-0.032682344,0.24040389
,,-1.104447,4.707639,-8.038688,1696761094381,,-0.48136145,0.14118612,-0.020540329,,,,,,0.074864276,-0.46194306,-0.27629772,0.9143659,0.24009736,0.015025154,0.28299388
,,-0.6476574,5.918487,-7.128298,1696761094633,,-0.56138474,0.22915065,-0.1390481,,,,,,-0.03618052,-0.21610686,-0.2779218,0.8869232,0.24679731,0.06734075,0.3343167
,,-0.15441686,7.0804415,-5.984769,1696761094883,,-0.0097738365,0.10025818,-0.01809687,,,,,,-0.09363766,-0.053885777,-0.19018921,0.85330003,0.25413746,0.12425537,0.39089838
,,0.43517467,8.112705,-5.015994,1696761095133,,0.7990111,-0.31451902,-0.14026983,,,,,,-0.10975242,0.03576641,-0.21968715,0.8211719,0.2611558,0.18242262,0.4445886
,,0.8723434,8.596694,-4.3771896,1696761095383,,1.0702351,-0.4098139,-0.010155627,,,,,,-0.08482504,-0.07980221,-0.16238545,0.79992133,0.27075785,0.2235457,0.4776053
,,0.38803604,8.801361,-4.3817363,1696761095633,,1.5662572,-0.57413656,-0.40843946,,,,,,-0.452959,0.14050545,-0.101404496,0.7976495,0.27902752,0.222339,0.47690064
,,-0.05694919,8.302855,-4.8529634,1696761095885,,-0.8167262,1.0299944,-0.3265836,,,,,,-0.6041411,0.31762525,0.048324473,0.811251,0.29128608,0.19620779,0.44196528
52.50921201,13.37675525,-0.07130616,7.9076405,-5.43091,1696761096000,9.26138,0.091018856,-0.046349365,-0.05535962,,,,,,-1.0855579,0.64186645,0.02189931,0.8113917,0.33896548,0.23317431,0.372756
,,-0.18121643,7.5212784,-5.265725,1696761096138,,-1.4483604,0.4313469,-0.54893833,,,,,,-0.67973167,-0.03016119,0.16913582,0.8217565,0.3094723,0.18759006,0.40903386
,,-0.15593226,7.3163733,-5.4087367,1696761096390,,-1.2748748,0.08620829,0.22747077,,,,,,-0.81215864,-0.15281782,0.12434022,0.8213509,0.32434356,0.20288222,0.3891184
,,-0.009332045,7.975517,-5.3844895,1696761096897,,1.6499457,-0.21678063,-0.5031235,,,,,,-1.3344748,0.66575176,-0.12545058,0.793817,0.3611423,0.2675551,0.35929176
,,0.007896302,8.09093,-5.2420363,1696761097148,,2.0024147,-1.1483494,-0.79756033,,,,,,-1.4767481,0.7905763,-0.037961397,0.77053475,0.40285948,0.29161265,0.3453441
,,-0.026001994,8.031827,-5.135077,1696761097404,,-0.9602794,0.9689079,-0.34307694,,,,,,-1.4946995,0.69764507,0.08515679,0.7393955,0.45460892,0.30386564,0.3394452
,,-0.19166511,8.040919,-5.4970317,1696761097655,,0.46547896,-0.3615556,-0.270384,,,,,,-1.3591194,1.0153251,0.021510856,0.70927733,0.5082405,0.2955508,0.3232747
,,-0.6444668,7.41073,-6.4087768,1696761097910,,0.33780822,-0.101327196,-0.040698867,,,,,,-1.224271,1.2266625,0.061797652,0.6942862,0.5677823,0.25122312,0.28559178
,,-1.1288539,6.016194,-7.290692,1696761098161,,-0.07941242,-0.03901899,0.08025236,,,,,,-0.9269179,0.5914832,0.3054529,0.6865619,0.6302292,0.19207816,0.24299176
,,-1.5665811,5.34397,-8.077212,1696761098411,,-0.07147118,0.03611738,0.11384992,,,,,,-0.63754976,0.764329,0.42731106,0.6752673,0.6841055,0.13720983,0.21025148
,,-1.6590235,4.6668024,-8.418987,1696761098661,,-0.048258316,-0.01886045,-0.007101303,,,,,,-0.28270733,0.52020293,0.43244162,0.6560084,0.7176441,0.10999788,0.19823848
,,-1.6493725,4.8201017,-8.679167,1696761098913,,0.4074468,0.017180571,-0.7218131,,,,,,-0.11041536,0.7210007,0.17078023,0.63444525,0.73721176,0.11060308,0.19959308
52.50925332,13.37670188,-0.7579666,5.970332,-6.9945397,1696761099000,10.188042,-0.29016078,0.16500984,0.30077454,,,,,,0.104108244,0.05445613,0.16056806,0.547316,0.74517536,0.24371892,0.22059597
,,-1.6113266,4.4768124,-8.5950985,1696761099165,,-1.9144502,1.0110576,0.4418843,,,,,,0.025016673,0.28327763,0.20117234,0.61223435,0.75297135,0.117091425,0.20177078
,,-1.2016753,5.021817,-8.023851,1696761099417,,-1.2003493,-0.35605782,0.022220206,,,,,,0.10074997,0.09229042,0.2013131,0.5823597,0.7568191,0.16785373,0.20694073
,,-0.2352145,6.8780894,-5.8540406,1696761099921,,-0.16737695,-0.9266055,0.041157015,,,,,,0.121280305,0.012315242,0.173353,0.5145425,0.7284071,0.3218768,0.23498194
,,0.15545373,7.735995,-4.939424,1696761100171,,1.5454879,-0.46784607,-0.28382304,,,,,,0.101030305,0.009431664,0.17278807,0.49077687,0.7120585,0.3869823,0.2507791
,,0.5295316,8.088219,-4.3799014,1696761100423,,2.258367,-1.3352741,-0.26610798,,,,,,0.22817118,-0.19012961,0.32829627,0.47978532,0.70498616,0.42452314,0.2590745
,,0.27653056,8.27119,-4.4217763,1696761100678,,-0.41172287,0.05016727,0.18654284,,,,,,0.059552208,0.10994084,0.3297861,0.48893806,0.6997691,0.4147206,0.2611618
,,-0.24167512,7.748358,-5.0243692,1696761100929,,0.06658426,-0.07139482,-0.52144945,,,,,,-0.025986023,0.22261621,0.22865225,0.50817245,0.7023742,0.36802128,0.26237386
,,-0.60937214,6.839166,-5.9102716,1696761101181,,-1.9040655,1.13995,0.40278897,,,,,,0.039048746,-0.050691597,0.20655629,0.52764374,0.71979046,0.3097628,0.25890672
,,-0.88646096,6.3824553,-6.4388456,1696761101436,,-1.2840377,1.1045198,0.05948296,,,,,,-0.02980564,-0.3556296,0.118169814,0.5350753,0.7330188,0.2847394,0.25680628
,,-0.8402794,6.481519,-6.38405,1696761101688,,-0.8454369,0.4539489,0.2861138,,,,,,0.06515362,-0.2893954,-0.05196498,0.52147764,0.7357737,0.29355887,0.25443023
,,-0.67397815,6.717611,-5.6034317,1696761101938,,-0.08796453,-0.30169085,0.17004949,,,,,,0.042375807,-0.39101228,-0.1992168,0.4957206,0.7204855,0.33716393,0.25860503
52.50924222,13.37656705,0.95034945,9.579824,-1.8100109,1696761102000,8.380588,0.008552107,0.21571162,-0.081015944,,,,,,-0.032310393,-0.070163295,-0.28789124,0.40184215,0.64674187,0.5765095,0.27933022
,,-0.07034897,7.7103934,-4.3847675,1696761102189,,-0.077579826,-0.17157665,0.055206906,,,,,,0.093742564,-0.3407653,-0.2871289,0.46180823,0.6972897,0.4193139,0.26871908
,,0.5442874,8.706684,-2.931925,1696761102440,,0.34636033,1.1179589,0.08452842,,,,,,0.10571432,-0.25295693,-0.22483557,0.42927155,0.6718618,0.50305235,0.2778764
,,1.1908281,10.046267,-1.0458232,1696761102945,,0.14905101,0.23281583,-0.08590286,,,,,,-0.0460943,0.21112528,-0.222276,0.38385072,0.6307302,0.61410403,0.27567625
,,1.2450655,9.975279,-0.7684949,1696761103198,,-0.07269291,-0.059177525,0.154167,,,,,,-0.14385922,0.10372966,-0.1431504,0.37712935,0.6261787,0.6272013,0.26694122
,,1.255195,9.98796,-0.7144968,1696761103449,,-0.23640467,0.061162837,0.13767365,,,,,,-0.2773455,0.12301798,-0.08366775,0.37466618,0.62771314,0.6314844,0.25612012
,,1.2729816,9.922955,-0.6814759,1696761103700,,-0.019547673,0.19372049,0.24335326,,,,,,-0.38776112,0.12650038,-0.095331095,0.3679414,0.6294158,0.6391579,0.24209179
,,1.2804791,9.813364,-0.6933602,1696761103951,,0.194255,0.63293225,0.086361006,,,,,,-0.5285808,0.10338194,-0.087794445,0.35701767,0.6341792,0.6478342,0.22124477
,,1.306162,9.86473,-0.7156136,1696761104201,,0.2046397,0.7465531,0.04054615,,,,,,-0.64179397,0.21631016,-0.13042957,0.33826295,0.64312613,0.65579355,0.1930305
,,1.3524233,9.9015,-0.8148359,1696761104454,,0.26083925,0.16867504,0.16760603,,,,,,-0.748515,0.29667932,-0.18592784,0.2857042,0.5609768,0.57228357,0.15547584
,,1.3554542,10.166066,-0.8468997,1696761104704,,0.4960222,0.47166398,-0.04864011,,,,,,-0.9515739,0.6308844,-0.10988457,0.20268466,0.33058912,0.35653093,0.12645015
,,1.3404595,10.146444,-1.2039887,1696761104958,,1.0366375,0.26763514,-0.4078286,,,,,,-1.0598427,0.68900055,-0.11858418,0.12814848,0.09167796,0.15015954,0.103169724
52.50924162,13.37645581,0.17898308,8.411012,-4.133362,1696761105000,8.691126,-2.1080945,1.7214934,0.24579671,,,,,,-0.95648843,0.5030806,0.23766597,-0.04132072,-0.24737307,-0.237552,0.05192389
,,1.1933007,9.845988,-1.9208783,1696761105209,,1.5436553,-0.5289325,-0.5947532,,,,,,-1.0774323,0.6492326,-0.02485776,0.0652441,-0.15916792,-0.0402425,0.07816122
,,0.63433725,9.276814,-3.205505,1696761105461,,-0.092851445,0.020234896,-0.5807033,,,,,,-1.0652984,0.7557411,-0.030348683,0.005232354,-0.16909567,-0.12759577,0.058501024
,,-0.027597288,8.166624,-4.5048876,1696761105964,,-1.3677262,0.81496996,0.016111558,,,,,,-0.91745514,0.3722962,0.42650262,-0.02275147,-0.4086091,-0.34336433,0.07587015
,,0.112701945,8.307003,-4.6356144,1696761106216,,0.74525505,-0.23816091,-0.1372155,,,,,,-0.54466623,0.50529146,0.34743804,0.035042383,-0.408501,-0.3327397,0.10915744
,,0.082313076,8.117412,-4.5143785,1696761106466,,2.3157883,-0.5588649,-0.57337296,,,,,,-0.3669729,0.25893337,0.46053854,0.08733881,-0.40427944,-0.32629886,0.13234955
,,-0.11756741,7.9646697,-4.9194837,1696761106718,,1.7641774,-0.8050434,-0.39866564,,,,,,-0.14870784,0.38082516,0.364466,0.10063346,-0.2836738,-0.26871946,0.13537166
,,-0.048893332,7.48818,-4.728058,1696761106970,,-2.6554291,1.9951607,0.55367255,,,,,,0.0883724,-0.00737706,0.54349256,0.07937168,-0.28688926,-0.27001932,0.13800499
,,0.29343992,8.264092,-4.1528234,1696761107221,,-1.8705443,0.6966913,0.25411975,,,,,,0.2364575,0.21427546,0.57854384,0.122897916,-0.45697278,-0.35381058,0.15762591
,,0.48518467,8.623335,-3.7320857,1696761107472,,0.22655447,-0.124310985,0.12034036,,,,,,0.45725918,0.40099972,0.52597356,0.13405848,-0.43734014,-0.37225756,0.1727001
,,0.26735803,8.266087,-3.532923,1696761107726,,-0.050778136,-0.1065959,0.21380267,,,,,,0.31164423,0.008176136,0.6652768,0.13830596,-0.43332106,-0.37489077,0.17448394
52.50920431,13.37646016,1.308555,10.033583,-0.4393223,1696761108000,6.571799,-0.03367392,0.19883649,-0.21380267,,,,,,0.03667169,0.29294044,0.6788076,0.21645729,-0.71354955,-0.60706246,0.27387908
,,0.3076372,8.606107,-3.1802208,1696761108006,,-0.10392337,0.28741187,0.1631009,,,,,,0.2759944,0.30812952,0.72959024,0.13447843,-0.42511737,-0.38367257,0.1821696
,,0.6783652,8.98808,-1.9975281,1696761108256,,0.16546799,0.28435755,-0.13377939,,,,,,0.16570105,0.14530395,0.85001177,0.15917823,-0.5192797,-0.46267253,0.21646318
,,1.2006385,9.943534,-0.89922273,1696761108506,,0.09155336,0.09315688,-0.032986697,,,,,,0.10787439,0.28997698,0.7872241,0.2214921,-0.73091227,-0.5874871,0.25434026
,,1.3399807,10.012926,-0.52737814,1696761109010,,1.8257985,-1.782198,-0.24190246,,,,,,0.056419514,0.3160797,0.7161017,0.21597368,-0.7168185,-0.60285175,0.27452558
,,1.0293128,9.628638,-1.1712867,1696761109260,,3.8056111,-0.95630884,-1.431867,,,,,,0.050044823,0.20422377,0.7962447,0.19919237,-0.67966956,-0.55421257,0.24521415
,,0.50536424,8.11119,-2.4835103,1696761109515,,-1.4514911,0.9355394,0.047647454,,,,,,0.3041229,0.13918288,0.83555067,0.12556753,-0.40192226,-0.43179303,0.22343494
,,0.15465607,7.186204,-3.8055449,1696761109766,,-2.6658902,1.7156137,-0.056199558,,,,,,0.31380516,0.116412565,0.80495846,0.100384645,-0.3117651,-0.34817,0.18928981
,,0.13902298,7.052925,-4.7279787,1696761110017,,1.1856122,-0.30695954,0.12217296,,,,,,0.33351967,0.32154432,0.70819056,0.10403144,-0.33716705,-0.3140145,0.17412752
,,0.19094728,6.594381,-5.9546986,1696761110267,,1.8984914,-0.946535,-0.22479823,,,,,,0.40869686,0.4213497,0.4950694,0.10946369,-0.36840928,-0.26586166,0.15190488
,,-0.1768295,5.2299924,-7.242914,1696761110518,,0.48433942,0.12858704,0.07147118,,,,,,0.29921803,0.30466992,0.49420604,0.07954901,-0.27700534,-0.18172352,0.1153684
,,-0.09906285,4.132405,-7.8370523,1696761110768,,-3.177795,1.6129885,-0.0067195124,,,,,,0.2479194,0.17077869,0.5168597,0.048286475,-0.16241202,-0.13450769,0.10880116
52.50914987,13.37648518,0.408056,4.1387053,-8.012686,1696761111000,6.2894106,-2.4386485,0.99906933,0.010384701,,,,,,0.1385413,0.27362782,0.51761216,0.10363938,-0.3498146,-0.16701795,0.0942833
,,0.53487563,5.3088756,-7.6267233,1696761111019,,-0.5645154,0.33078328,0.21930045,,,,,,0.15121065,0.34138876,0.330653,0.13438734,-0.46683508,-0.21242437,0.11574798
,,0.9569695,5.953981,-7.3815393,1696761111271,,1.8618395,-0.3112356,-0.23823726,,,,,,0.22332002,0.5244453,0.22628649,0.16903003,-0.58332527,-0.25550157,0.1359166
,,0.8378867,5.2046285,-7.847981,1696761111523,,2.2155302,-0.5732966,-0.34636033,,,,,,0.2919623,0.4405205,0.2568899,0.17619751,-0.59534585,-0.22027469,0.11527758
,,0.7632306,4.8109293,-7.7644696,1696761112024,,-1.6744567,0.36804602,-0.0042760535,,,,,,0.19368592,0.26801503,0.37084064,0.14022426,-0.4692457,-0.2014646,0.11252506
,,1.0857831,5.903253,-7.274499,1696761112274,,1.6688062,-0.3741547,-0.29199335,,,,,,0.19597907,0.48947194,0.26266736,0.19288105,-0.6442736,-0.26185897,0.14151636
,,0.99812603,5.5711293,-7.5387464,1696761112526,,2.686507,-0.26847506,-0.56504995,,,,,,0.17434353,0.48661673,0.26147065,0.194943,-0.65033174,-0.24604869,0.13287616
,,0.69216377,4.336832,-7.9384274,1696761112777,,-1.8998659,0.5158753,-0.10995566,,,,,,0.15764764,0.31680688,0.45638222,0.14169873,-0.4733532,-0.18745069,0.10275086
,,0.76339024,4.512385,-7.7718077,1696761113028,,-2.169868,-0.027183482,0.3695732,,,,,,0.12375668,0.31564155,0.50350636,0.14267711,-0.47116038,-0.1920158,0.10820464
,,1.2124435,5.8102517,-7.3377504,1696761113279,,1.7152319,0.1499673,-0.028099779,,,,,,0.24601482,0.46859223,0.28433737,0.21181408,-0.7103146,-0.26005334,0.13765876
,,1.2354941,5.784409,-7.37452,1696761113529,,2.166661,-0.8946115,-0.4318814,,,,,,0.28735626,0.5106656,0.3378227,0.20907898,-0.7115386,-0.26115242,0.13580188
,,0.9662218,4.745684,-7.953184,1696761113783,,-0.7080686,0.25137085,0.31398448,,,,,,0.42922938,0.5421983,0.39205322,0.15826367,-0.53635025,-0.2023545,0.104092605
52.50906739,13.37648356,1.0805987,5.022695,-7.8211794,1696761114000,7.340903,0.68103784,0.037568185,0.1301142,,,,,,0.6052845,0.6192786,0.42743817,0.091602184,-0.48139653,-0.21315287,0.0851974
,,0.8922836,4.2591443,-7.919605,1696761114034,,-2.7966154,0.12553272,0.027488915,,,,,,0.465673,0.33110735,0.5210356,0.11517475,-0.41421664,-0.1788509,0.091017656
,,1.1680962,5.6496935,-7.421419,1696761114287,,0.48922634,-0.5677988,0.2547306,,,,,,0.5369002,0.5808272,0.35141832,0.15227988,-0.5938855,-0.24401942,0.11217531
,,1.3410178,5.9564533,-7.3685374,1696761114539,,1.9858451,-0.12980877,0.036651887,,,,,,0.61821294,0.59467024,0.25630024,0.12703432,-0.5935253,-0.26552495,0.1144285
,,0.8549555,4.266961,-7.9344406,1696761115041,,-3.124039,0.77915806,0.731816,,,,,,0.5291756,0.45436954,0.5414397,0.05200425,-0.36173347,-0.17752449,0.06697433
,,1.1649058,5.374997,-7.5981693,1696761115291,,-0.28046328,0.12553272,0.13561198,,,,,,0.4821932,0.5358184,0.3599675,0.07260432,-0.54665226,-0.23422895,0.07996985
,,1.3749956,6.0837507,-7.333682,1696761115543,,1.9198717,-0.35216355,-0.12278382,,,,,,0.3967703,0.6495435,0.24016216,0.0756077,-0.6676067,-0.28289983,0.09114712
,,1.2736995,5.3456454,-7.7390265,1696761115793,,2.288223,-0.5549707,0.106290475,,,,,,0.3602533,0.57302403,0.32281828,0.05709136,-0.68195146,-0.24893662,0.07590838
,,0.9192428,4.233302,-7.9819775,1696761116043,,-1.3415354,0.09560034,0.17715079,,,,,,0.188629,0.41780823,0.4930697,0.039284833,-0.69519943,-0.19790915,0.057363294
,,1.0205388,4.3546977,-8.1490755,1696761116294,,0.29741478,-0.046731155,0.3090976,,,,,,0.13638426,0.36230806,0.28914863,0.03668923,-0.82812303,-0.20947753,0.06051527
,,1.0974281,4.5694942,-8.243672,1696761116548,,-0.24014622,0.03940078,-0.049480047,,,,,,0.040406708,0.45319942,0.17343563,0.03189436,-0.9606424,-0.22178994,0.066063054
,,0.9256236,3.7628734,-8.67805,1696761116799,,-0.06788235,-0.012522728,0.047647454,,,,,,-0.08887699,0.3275479,0.20238686,0.019638859,-0.97275674,-0.18475027,0.0579571
52.50898048,13.37645064,0.66536427,2.9912677,-9.3295355,1696761117000,6.7321205,-0.76854426,-0.23793183,0.026267186,,,,,,-0.22673443,0.05564301,0.020155668,0.0057188636,-0.72284305,-0.11362929,0.054542396
,,0.7358727,3.0270007,-9.120322,1696761117050,,0.04940369,-0.009468404,-0.0030543238,,,,,,-0.1755694,0.25174156,0.20336525,0.013105556,-0.98576695,-0.14493355,0.04946499
,,0.72869426,2.7859633,-9.23829,1696761117304,,0.123929195,-0.083993904,-0.13622284,,,,,,-0.2707539,0.1094142,0.14817455,0.008426007,-0.9878057,-0.1368038,0.051490135
,,0.86707914,3.1779075,-9.36128,1696761117557,,0.33773187,-0.7199041,0.24006985,,,,,,-0.24784741,0.18219146,-0.03943111,0.007591204,-0.9861272,-0.1537405,0.05796388
,,0.33156547,3.141776,-9.128618,1696761118062,,-0.44539678,-0.038789913,-0.13133593,,,,,,-0.21642476,0.020181553,0.1611593,0.006903375,-0.39562908,-0.05369915,0.05129469
,,-0.10983059,3.6251261,-9.273464,1696761118314,,-0.020845762,-0.6985239,-0.07086031,,,,,,-0.21825567,0.1616765,-0.022541301,0.0015609736,-0.070611954,0.0151391,0.04969305
,,-0.46468613,3.7491539,-8.7806225,1696761118565,,-2.097786,0.9789108,0.6328559,,,,,,-0.11461188,-0.24203424,0.15475841,-0.0063367533,0.25022992,0.09548767,0.051401302
,,-0.5569694,4.6280375,-7.863932,1696761118815,,-1.686674,-0.57757264,0.48502663,,,,,,-0.025046231,-0.30688018,0.12877972,-0.004636921,0.2761224,0.029399704,0.046203595
,,-0.50193447,6.1984477,-6.549395,1696761119069,,0.86735165,-0.7803798,0.13439025,,,,,,-0.03935686,0.09490995,0.0011043728,-0.012827989,0.3186034,-0.059770104,0.048472818
,,-0.35916272,7.123433,-5.3124647,1696761119320,,2.7256024,-0.3808742,-1.2113448,,,,,,-0.17470327,-0.10182131,0.045147967,-0.023437459,0.089788884,-0.17730537,0.05023956
,,-0.49092752,7.741977,-5.252963,1696761119572,,-0.31039566,0.5647445,-0.320704,,,,,,-0.2209817,0.10317616,-0.19814545,-0.016474292,0.08002863,-0.14976431,0.056728993
,,-0.3129812,7.4895344,-4.375595,1696761119826,,-2.3128104,0.32162032,-0.07391464,,,,,,-0.14043216,-0.49802315,0.25892797,-0.009151709,-0.045511175,-0.19044319,0.057342645
52.50877249,13.37653376,-0.75318086,7.645227,-5.3394246,1696761120000,9.962319,0.73296136,-3.054324E-4,-0.17715079,,,,,,0.18261974,0.16465257,0.10800689,0.029994696,0.29178995,0.0039887847,0.07826631
,,0.10879366,8.85823,-3.8905694,1696761120076,,0.28397575,-0.1291979,0.10079269,,,,,,-0.025954489,0.31855318,-0.14603257,0.0013922733,-0.3325332,-0.34722197,0.0514239
,,0.1615155,8.891888,-3.6496124,1696761120327,,2.3841288,-1.4046836,-0.1875355,,,,,,-0.03878545,0.22565278,-0.13737522,-0.0026158383,-0.2700295,-0.3205212,0.051218815
,,-0.26695925,8.09141,-4.469075,1696761120577,,2.0359359,-0.41447175,-0.4092794,,,,,,0.054872513,-0.063908,0.06403392,0.009317994,0.0039997143,-0.14480764,0.059379093
,,-0.7922636,7.190831,-5.365506,1696761121079,,-0.6915753,0.4761691,0.07696896,,,,,,0.35202056,-0.050758082,0.21907417,0.03437828,0.29707256,-0.014241374,0.090187244
,,-1.0017153,7.5007806,-5.7979684,1696761121329,,0.24426955,-0.12064579,0.17837252,,,,,,0.3591758,0.5298239,-0.017754856,0.04318338,0.41887152,0.033597782,0.10369338
,,-1.5653046,6.5179687,-6.5306506,1696761121580,,0.05184715,0.038789913,0.06475167,,,,,,0.17471607,0.17575748,0.21580102,0.053634353,0.70630527,0.186009,0.11848401
,,-1.9940188,6.043553,-7.4167128,1696761121831,,0.020693045,-0.058337588,0.12095123,,,,,,0.10744295,0.3446434,0.25026312,0.06826805,0.9395876,0.29965353,0.1336932
,,-2.078326,5.7765927,-7.6747384,1696761122082,,0.0054214248,0.0033597562,-0.0061086477,,,,,,0.007509454,0.22743796,0.16948298,0.07615898,0.9452859,0.28496367,0.13566308
,,-1.9883561,5.8518863,-7.7509108,1696761122335,,0.13492475,0.05650499,-0.0097738365,,,,,,4.6813488E-4,0.25565326,0.11339221,0.08003297,0.9448541,0.2884294,0.13074027
,,-1.9235103,5.954697,-7.792147,1696761122587,,0.20578507,-0.3008509,-0.13377939,,,,,,-0.04926534,0.30441576,0.08871048,0.08277082,0.94449157,0.29172453,0.12555991
,,-1.9132211,5.759285,-7.8655276,1696761122840,,0.26687154,-0.38759372,0.2376264,,,,,,-0.08820088,0.19988115,0.09350467,0.08591219,0.9458594,0.28690627,0.12443968
52.50865471,13.37647341,-0.8110074,7.126942,-5.6549587,1696761123000,9.691559,2.4562109,-1.3509275,-0.2706131,,,,,,0.20656182,-0.12574148,0.014640561,0.06863682,0.7302851,0.28358543,0.08678146
,,-2.0508084,5.562675,-8.100902,1696761123091,,-2.2572217,1.6343687,0.23396121,,,,,,-0.08996954,0.060869534,-0.022158574,0.08806979,0.9477129,0.27748582,0.12827137
,,-1.6917255,5.6752963,-7.5835733,1696761123342,,-1.8247294,0.20983206,0.39278606,,,,,,0.050023213,-0.24237742,0.15634452,0.08481135,0.93758595,0.3032585,0.11858188
,,-1.1997613,6.72447,-6.5188475,1696761123593,,0.21494804,-0.1517999,-0.05986475,,,,,,0.18007493,0.11500461,0.10904594,0.071836635,0.80793875,0.27350283,0.10045097
,,-0.785085,7.309196,-5.4719057,1696761124095,,1.0713805,-0.18173227,-0.34574947,,,,,,0.20211118,-0.09298988,-0.048958547,0.079743505,0.72327256,0.29481503,0.091108866
,,-0.8453044,7.3577704,-5.422375,1696761124346,,0.30902123,0.05222894,-0.048258316,,,,,,0.22710797,-0.09106541,-0.023068301,0.09215861,0.72092265,0.29287058,0.0981575
,,-0.7523034,7.3784275,-5.201518,1696761124596,,-0.37331474,0.120034926,0.29810202,,,,,,0.25022164,-0.045990746,0.10443124,0.102616996,0.71818405,0.29608965,0.100710385
,,-1.1846067,7.328976,-5.732645,1696761124846,,0.11843141,-0.08643737,-0.17715079,,,,,,0.0968343,0.3179897,-0.078403965,0.11965056,0.72624767,0.26718292,0.11715234
,,-1.7264215,6.2684784,-6.710831,1696761125097,,-0.067271486,0.062613636,-0.08796453,,,,,,-0.0032829244,-0.035990987,0.039488744,0.1445265,0.8538007,0.29431993,0.14331327
,,-2.1681366,5.8660836,-7.5539823,1696761125347,,0.008475749,-0.036346454,0.06963859,,,,,,0.0083552245,0.22123413,0.14031814,0.16035771,0.92942744,0.2810726,0.16580698
,,-2.249732,5.6815968,-7.639964,1696761125598,,0.1966221,-0.018631376,0.106290475,,,,,,0.028601205,0.14404775,0.26443833,0.16451372,0.933392,0.268539,0.17034908
,,-2.2337797,5.7590456,-7.6264043,1696761125849,,-0.08071051,0.045509428,-0.013439025,,,,,,-0.021271026,0.16528825,0.20375092,0.16972157,0.9317352,0.27234015,0.16912368
,,-2.1669402,5.920961,-7.6914086,1696761126101,,-0.017180571,-0.15729769,0.28160867,,,,,,-0.03631796,0.25813383,0.09485337,0.17415424,0.92993236,0.27669573,0.1676641
,,-2.1270597,5.8714275,-7.6385274,1696761126352,,0.07506001,0.11942407,-0.017715078,,,,,,-0.049345363,0.18390043,0.1302619,0.17794643,0.92878324,0.27868465,0.16648324
,,-2.0237696,5.787679,-7.645148,1696761126603,,0.050625417,-0.08155045,-0.08185588,,,,,,-0.018751968,0.108546905,0.118662134,0.18221329,0.9282246,0.27920616,0.16412863
52.5085409,13.37642209,-1.9967306,5.7102323,-7.6727448,1696761127000,6.8747015,0.01886045,-0.12858704,0.17287473,,,,,,-0.05424737,0.047075193,0.10511784,0.18879813,0.9276977,0.27768126,0.16253778
,,-2.0076575,5.688218,-7.772366,1696761127103,,-0.048334677,-0.14508039,0.14416409,,,,,,-0.115896314,0.056434885,0.015201696,0.19494542,0.92716485,0.2755392,0.16201541
,,-1.9988842,5.589713,-7.814001,1696761127353,,0.019471316,0.040622506,0.12400555,,,,,,-0.097035155,-0.011649975,0.0072157225,0.19906576,0.92674464,0.2733205,0.16302796
,,-2.0418751,5.492964,-7.7466035,1696761127603,,-0.021456625,0.050396346,-0.09590577,,,,,,-0.11780252,-0.079989575,0.085334875,0.20253387,0.9265385,0.27064627,0.16450955
,,-2.050649,5.439046,-7.8358555,1696761127854,,-0.04405862,0.019853106,-0.092851445,,,,,,-0.08566753,-0.09859102,0.010780319,0.20139527,0.92717427,0.26846027,0.16599704
,,-2.1311276,5.5110693,-7.8752584,1696761128104,,0.015195262,0.032070402,-0.10506874,,,,,,-0.13146374,-0.03159439,-0.03482213,0.1984384,0.92754924,0.2683953,0.16729097
,,-2.1327229,5.535556,-7.8593063,1696761128355,,0.032299474,3.054324E-4,-0.08429934,,,,,,-0.11243125,-0.010130088,-0.033008084,0.19232626,0.92833143,0.26982924,0.16716567
,,-2.093321,5.5241504,-7.839765,1696761128606,,0.022525638,-0.054672398,-0.037873615,,,,,,-0.040636636,-0.019811995,-0.012955173,0.1852381,0.9296755,0.2705327,0.16648139
,,-2.0586252,5.511228,-7.87454,1696761128856,,0.09644028,-0.0876591,0.045203995,,,,,,0.036823403,-0.008932511,-0.031821553,0.18054512,0.93085706,0.26962695,0.16687703
,,-2.0358133,5.5075593,-7.920164,1696761129106,,0.011530072,-0.12858704,0.083688475,,,,,,0.108112834,0.011734454,-0.058589775,0.1815335,0.93093586,0.2668649,0.16932969
,,-2.0238492,5.503492,-7.9403443,1696761129357,,0.090942495,-0.16951497,0.22174391,,,,,,0.16465117,0.043221984,-0.058043685,0.18967076,0.9294482,0.26269928,0.17324668
,,-2.0171494,5.425008,-7.968498,1696761129608,,0.038408123,-0.228158,0.09957096,,,,,,0.1998447,0.023558266,-0.03542808,0.20565633,0.9265835,0.25601703,0.17793815
52.50847313,13.37636048,-2.0244076,5.4181476,-8.031111,1696761130000,6.715715,0.10682498,-0.14752385,0.19120067,,,,,,0.19380878,0.06807814,-0.06328336,0.22771333,0.9222463,0.24851203,0.18292119
,,-2.0042279,5.355615,-8.05113,1696761130111,,0.13492475,-0.109039366,0.13194679,,,,,,0.20201965,0.06175785,-0.030980969,0.25318298,0.9166805,0.24053985,0.18779376
,,-2.0161126,5.3434124,-8.122835,1696761130364,,0.10071633,-0.03084867,0.18936808,,,,,,0.15322189,0.1066926,-0.04371939,0.28165233,0.9096635,0.23176529,0.19177848
,,-2.0125234,5.3074403,-8.1256275,1696761130616,,0.18745913,-0.13041963,0.26633704,,,,,,0.11309238,0.118638024,0.015908496,0.31052244,0.9013189,0.22363564,0.19517332
,,-2.0586255,5.238208,-8.167661,1696761130867,,0.33834273,-0.058337588,0.32314748,,,,,,0.019489488,0.13424225,0.043897517,0.3391817,0.8926872,0.21394226,0.19756365
,,-2.1147766,5.1003804,-8.193423,1696761131119,,0.046349365,0.13041963,-0.08613193,,,,,,-0.069044895,0.13520055,0.1019345,0.3654724,0.88496244,0.20175244,0.19850953
,,-2.1954944,4.934,-8.241599,1696761131371,,0.06772963,0.120034926,-0.11484258,,,,,,-0.16066876,0.115326025,0.14862889,0.3839572,0.880233,0.19064113,0.1983665
,,-2.3505492,4.8145986,-8.330771,1696761131624,,0.08666644,0.098654665,-0.053145237,,,,,,-0.3207539,0.14652042,0.13646014,0.39364323,0.8788578,0.1809967,0.19684385
,,-2.4149961,4.616154,-8.365388,1696761131875,,-0.067271486,9.162972E-4,-0.30604327,,,,,,-0.35349992,0.092508346,0.1760897,0.39207485,0.88145137,0.17334071,0.19502242
,,-2.4912474,4.475855,-8.482476,1696761132127,,-0.41241008,0.029016078,-0.3848448,,,,,,-0.32674327,0.08788495,0.10265269,0.3786877,0.8879064,0.16771016,0.19460927
,,-2.4835103,4.34744,-8.4819975,1696761132378,,0.06956223,-0.120034926,-0.023823727,,,,,,-0.16087745,0.009083875,0.07710492,0.3570463,0.8958337,0.16731209,0.19711596
,,-2.4951556,4.3247085,-8.545168,1696761132628,,0.084833845,-0.19700389,0.14660755,,,,,,0.004282912,-0.003947401,-0.036280666,0.33905685,0.9021097,0.16745803,0.20229061
52.5084409,13.37626272,-2.4920452,4.3189654,-8.580104,1696761133000,7.5401325,0.028023422,-0.36743516,0.46059203,,,,,,0.1648504,0.002858925,-0.13558067,0.33537063,0.9026021,0.16425416,0.209151
,,-2.5486753,4.346881,-8.6484585,1696761133128,,-0.8027527,-0.029626941,0.3591885,,,,,,0.30079296,0.015197475,-0.24559537,0.34322694,0.8971579,0.15872547,0.22013488
,,-2.4544775,4.478327,-8.40806,1696761133379,,-1.2932771,0.5421425,0.93706656,,,,,,0.45674855,-0.1730196,-0.20766638,0.3592599,0.8838367,0.16775721,0.23440512
,,-2.0197816,5.029155,-7.859944,1696761133630,,-1.2920554,-0.19822562,0.6047561,,,,,,0.5095705,-0.30650777,-0.20832866,0.38511217,0.85578525,0.20479804,0.24605869
,,-1.5143375,6.0311894,-6.952426,1696761133882,,-0.6482039,0.057726722,0.29382595,,,,,,0.35860077,-0.13282855,-0.24141651,0.41862342,0.8088524,0.25931397,0.26236102
,,-0.8715457,7.10118,-5.7828155,1696761134134,,-0.19372049,0.024129158,-0.18203771,,,,,,0.23469496,0.038839374,-0.26386726,0.44514886,0.75355184,0.32712966,0.2812138
,,-0.28323045,7.940503,-4.596852,1696761134384,,0.61750793,-0.42791077,-0.22113305,,,,,,0.11346892,-0.042073663,-0.24508676,0.46067038,0.70230645,0.39672884,0.30222514
,,0.32949167,8.591351,-3.6800025,1696761134636,,1.3340523,-1.0302235,-0.1631009,,,,,,0.09089275,-0.23058803,-0.1433927,0.48034018,0.66046387,0.45070547,0.3197423
,,0.32271203,9.032187,-3.659902,1696761134888,,2.1703262,-0.86223567,-0.22601996,,,,,,-0.14369924,0.08701951,-0.21030402,0.51317453,0.6323861,0.453965,0.32587773
,,-0.15545368,8.459985,-4.101457,1696761135138,,-0.6934079,0.6215549,0.01527162,,,,,,-0.29189193,0.19276045,-0.08611957,0.5514596,0.6204717,0.4003041,0.32155147
,,-0.6766105,7.5077205,-5.0391245,1696761135389,,0.18196134,-0.0772744,0.3903426,,,,,,-0.26990077,0.10484728,-0.020778608,0.58631307,0.6271266,0.3279173,0.3095541
,,-1.3797812,6.451767,-6.193822,1696761135642,,5.345067E-4,0.10109812,0.12156209,,,,,,-0.37049997,-0.023005517,0.1045958,0.6260315,0.64063615,0.24379842,0.29162046
52.50841719,13.37621675,-1.981257,5.6650867,-7.33129,1696761136000,14.520638,-0.2786307,0.30879214,-0.09957096,,,,,,-0.47749135,0.06573794,0.21398401,0.666019,0.65364516,0.16574976,0.27060392
,,-2.4748166,5.1126637,-8.069635,1696761136148,,-0.07399099,0.13897173,-0.22785257,,,,,,-0.5932968,0.25164965,0.28893116,0.6890904,0.66539514,0.11024404,0.25217956
,,-2.5452452,4.7025347,-8.282755,1696761136399,,5.345067E-4,0.055283263,-0.2535089,,,,,,-0.54283506,0.13763422,0.3058144,0.68959606,0.6746374,0.092427775,0.24259134
,,-2.5518653,4.894758,-8.323513,1696761136649,,0.18868086,-0.46089748,-0.40866855,,,,,,-0.54620683,0.23698503,0.22199851,0.6753371,0.6857771,0.10212885,0.24436127
,,-2.6258836,4.840521,-8.342815,1696761136899,,-1.3317616,0.88850284,-0.27488914,,,,,,-0.50696206,0.10825749,0.17108706,0.6500277,0.7050685,0.108840436,0.24757858
,,-2.3314068,5.005625,-8.044989,1696761137172,,-1.8051817,0.85795957,-0.08796453,,,,,,-0.29155844,-0.1915355,0.15513015,0.60933214,0.7276573,0.14380245,0.2524397
,,-1.8057036,5.8219767,-7.1393056,1696761137424,,-1.1735476,0.120034926,0.29749113,,,,,,-0.04488562,-0.20575528,0.1100672,0.5544955,0.7382108,0.21310848,0.25970587
,,-1.176152,6.738108,-6.079445,1696761137674,,-0.12041672,-0.0058032153,0.023212861,,,,,,0.19385977,-0.118386015,-0.06448135,0.49977025,0.73392767,0.29434434,0.26574406
,,-0.6471788,7.548637,-4.7401013,1696761137924,,-0.20471606,0.2855793,0.07941242,,,,,,0.26769748,-0.13998015,-0.015591484,0.45219538,0.721488,0.37614313,0.27145898
,,-0.018584302,8.306603,-3.3722045,1696761138176,,0.19967642,0.29107708,-0.03970621,,,,,,0.37677374,-0.23152536,0.046011433,0.40824556,0.70446616,0.4599307,0.2750021
,,0.62955165,9.238209,-2.0514464,1696761138428,,0.10071633,0.03451386,-0.050090913,,,,,,0.4062528,-0.15624736,0.10096102,0.37238762,0.6826652,0.5452301,0.27287894
,,0.9503494,9.944171,-1.0397612,1696761138682,,-0.011071924,-0.14019346,0.017715078,,,,,,0.3328556,0.07619238,0.09381702,0.34667957,0.66178054,0.6043923,0.2694257
52.50842886,13.37612162,0.97874427,10.037093,-0.60115683,1696761139000,13.355081,0.10499238,3.054324E-4,0.07147118,,,,,,0.20777991,0.09854129,0.13995433,0.3341075,0.6525876,0.6263926,0.2628682
,,0.8630911,9.895997,-0.38013977,1696761139187,,-0.057497647,-0.013744458,0.1178969,,,,,,0.04841781,-0.05810674,0.28601694,0.32508022,0.6540305,0.63365966,0.2527408
,,0.8213762,9.927341,-0.41100714,1696761139437,,-0.18761185,0.16890411,0.16432263,,,,,,-0.035504866,0.006923167,0.21035866,0.31259197,0.6584031,0.64075667,0.23889546
,,0.74839526,9.919924,-0.44434717,1696761139689,,0.12881611,0.51648617,0.11056653,,,,,,-0.16905409,-0.0018798828,0.13337833,0.29816684,0.66297776,0.64866555,0.22181392
,,0.735155,10.012687,-0.46149576,1696761139941,,0.39026624,0.810923,-0.043371398,,,,,,-0.2634714,0.07494593,0.051594455,0.2776651,0.6684955,0.65745777,0.19883285
,,0.790828,10.010293,-0.5115855,1696761140191,,0.26564983,0.9153809,-0.16798781,,,,,,-0.2756657,0.03940204,0.014290233,0.2456194,0.6789785,0.6643106,0.16476709
,,0.8605388,9.989077,-0.71114695,1696761140443,,0.27359107,0.4413498,-0.17226386,,,,,,-0.22181584,0.03546044,-0.0529066,0.18598033,0.4436398,0.4478921,0.1291289
,,0.92410815,10.043076,-0.89340013,1696761140694,,0.119653136,0.3179551,-0.14782928,,,,,,-0.15240861,0.08461555,-0.03292621,0.13771595,0.20631704,0.23198506,0.101622775
,,1.0018748,10.006545,-0.96869445,1696761140945,,0.10071633,-0.0754418,-0.20036365,,,,,,-0.0020630579,0.053843245,0.13534518,0.09871927,-0.03179309,0.0153703885,0.07993638
,,1.055155,9.9229555,-1.1313266,1696761141197,,0.018249584,-0.28252497,-0.091629714,,,,,,0.18838602,0.014487648,0.21643464,0.060804654,-0.27063063,-0.20420589,0.05873085
,,1.0295519,9.731609,-1.2592628,1696761141448,,1.0072397,-0.98746294,-0.23090689,,,,,,0.33819258,-0.101299636,0.35375994,0.03401941,-0.30721942,-0.256829,0.04262327
,,0.6615356,9.999048,-1.5400206,1696761141699,,-0.19860741,-1.1982113,0.23823726,,,,,,0.19627595,0.3351363,0.57484615,0.03450005,-0.29159334,-0.27856392,0.053923924
52.50839207,13.37602517,0.04315049,9.745009,-1.8992631,1696761142000,11.882292,0.5588649,-1.4785982,-0.19303326,,,,,,0.081898324,0.22987105,0.7254692,0.079005234,-0.03058706,-0.08974752,0.09059007
,,-0.49627146,9.317014,-2.172683,1696761142200,,-0.65247995,-2.0680828,0.36407542,,,,,,-0.036783364,-0.040218275,0.69032687,0.1267968,0.22387768,0.09665142,0.13352293
,,-0.90656066,9.672507,-2.2844276,1696761142452,,-0.7233403,0.54458594,0.46853328,,,,,,-0.06130398,0.49908873,0.64689285,0.17532448,0.4655232,0.29420474,0.17760848
,,-0.6940781,9.751072,-2.3702505,1696761142705,,-0.53824824,-0.6270527,0.45509425,,,,,,0.13828836,0.57231766,0.47362262,0.22728063,0.70470226,0.5002358,0.2171534
,,-0.6675976,9.85803,-2.2910478,1696761142955,,-0.23587017,-1.2635738,0.2614501,,,,,,0.017467614,0.66018283,0.30455428,0.28933874,0.72507745,0.5402997,0.26822388
,,-0.099302195,9.49129,-1.970569,1696761143206,,-0.41302094,-1.4443898,-0.037262753,,,,,,0.24789324,0.15934299,0.014304643,0.35453686,0.6691358,0.54416925,0.31953233
,,0.62556356,9.707683,-1.3832109,1696761143458,,-0.11003202,0.85490525,-0.19486587,,,,,,0.3212479,0.24887066,-0.16565174,0.41411385,0.6006291,0.55045044,0.3608071
,,1.3630315,10.202516,-0.93678993,1696761143709,,0.9711986,1.1921027,0.01527162,,,,,,0.49988726,0.61140877,-0.3401001,0.45253125,0.5475099,0.5637447,0.38598496
,,1.75027,9.77795,-0.94644105,1696761143960,,0.18684827,-1.4022402,0.051923506,,,,,,0.45678452,0.05342299,-0.40646988,0.48496386,0.5249172,0.5556134,0.3963186
,,1.1736796,9.637891,-1.1615559,1696761144210,,-0.21082471,-0.5018254,0.20341797,,,,,,-0.08478553,-0.051114846,-0.34849894,0.52897763,0.5011887,0.5228253,0.42279038
,,1.0052248,9.553984,-1.4848262,1696761144460,,-0.4918225,0.33689192,0.5363393,,,,,,-0.13985237,-0.09481053,-0.3345632,0.5668215,0.47901326,0.4841699,0.4497964
,,0.93910325,9.677292,-1.5398611,1696761144712,,-0.12041672,0.09010255,0.21197008,,,,,,-0.09238291,0.0540867,-0.16266465,0.5875296,0.46549207,0.45815134,0.4649524
52.50836385,13.37596586,0.9498708,9.683834,-1.6193825,1696761145000,11.366198,-0.085597426,0.2849684,-0.0067195124,,,,,,-0.069715366,0.059401624,-0.08264428,0.5969488,0.46103886,0.44674712,0.46795985
,,1.0574682,9.571771,-1.7474782,1696761145215,,0.011530072,-0.16829325,-0.03970621,,,,,,-0.017549181,-0.03175206,-0.034405295,0.61312944,0.4487651,0.4322327,0.47456506
,,1.0562717,9.637971,-1.36016,1696761145465,,-0.3446041,0.2904662,-0.20341797,,,,,,-0.1869593,-0.013878997,0.11698127,0.6282015,0.41756976,0.42507136,0.49456102
,,1.3426129,9.808819,-0.81156546,1696761145715,,0.22350015,0.43524116,-0.20708317,,,,,,-0.070551984,0.09592093,0.19481608,0.6241753,0.39675653,0.4368081,0.5089082
,,1.3947761,9.87821,-0.38101712,1696761145966,,-0.049556404,-0.3564396,-0.06108648,,,,,,-0.06425954,0.08734016,0.24277057,0.6110159,0.39365068,0.45278168,0.5140725
,,1.1056436,9.897751,-0.25866416,1696761146217,,0.45440704,-0.31612253,-0.011606431,,,,,,-0.24224812,0.07136307,0.17908031,0.6007572,0.3978803,0.45760715,0.51891303
,,0.70699936,9.88778,-0.31266215,1696761146469,,0.01886045,0.22632541,-0.012217295,,,,,,-0.36666346,0.036511675,0.17707035,0.5943148,0.4099403,0.45183572,0.5216625
,,0.2340181,9.912746,-0.37375888,1696761146719,,-0.17417282,-0.2855793,0.041538805,,,,,,-0.5114257,0.03790852,0.23686464,0.5903686,0.42308822,0.44156915,0.5244567
,,0.13591234,9.906844,-0.7165706,1696761146971,,0.14225514,-0.35705048,0.28710645,,,,,,-0.35822663,0.033474192,0.014464327,0.58789325,0.4342392,0.43222314,0.5265851
,,0.21527427,9.8797245,-0.8558329,1696761147221,,-0.349491,-0.43890634,0.3176497,,,,,,-0.24299198,0.028290685,0.0174093,0.5964158,0.4311622,0.4213449,0.52810174
,,0.4905286,9.8702345,-0.8736993,1696761147473,,-0.033063058,-0.4205804,0.126449,,,,,,-0.12977606,0.035171572,0.05098549,0.61134267,0.4106855,0.40981352,0.53513503
,,0.8832706,9.8727865,-1.0845869,1696761147725,,0.11110103,-0.8054252,-0.06902772,,,,,,0.051260874,0.039567437,0.06681142,0.62749076,0.3878318,0.4001228,0.5388796
52.50834222,13.37590997,1.2556735,9.828598,-1.3560126,1696761148000,9.885968,-1.2193625,-0.7968731,-0.3695732,,,,,,0.30908993,-0.36081174,-0.10178971,0.6442223,0.3578427,0.39063448,0.5454424
,,1.6774484,10.169657,-1.3327223,1696761148229,,-1.9633957,1.1297944,-0.05864302,,,,,,0.34042823,0.09058599,-0.36964616,0.6556948,0.31622314,0.38341653,0.56082433
,,1.9033309,9.933725,-0.39497527,1696761148480,,-0.09842559,-1.7266093,1.4184281,,,,,,0.7156303,0.0097787855,-0.24295516,0.630295,0.29395628,0.38495842,0.5923721
,,1.6894925,9.068797,0.54747784,1696761148731,,-2.351295,0.24831653,-0.9834923,,,,,,0.48119766,-0.4266598,-0.75814265,0.590404,0.2599695,0.38828447,0.6348174
,,1.0127224,8.325746,1.9925034,1696761149017,,-0.13324489,1.768759,-0.06108648,,,,,,0.3707516,-0.40804416,-0.8113821,0.5160887,0.23554868,0.39738435,0.68295616
,,0.27581272,7.173363,3.6721053,1696761149267,,0.21433719,-0.010079269,-0.11362085,,,,,,0.26347002,-0.5049692,-0.9063232,0.42080784,0.21822861,0.41625664,0.7304916
,,-0.18257228,5.983572,5.6752973,1696761149518,,0.053068876,-0.33628106,-0.3329213,,,,,,0.19597659,-0.14814606,-0.7705998,0.31736162,0.19616002,0.44521242,0.7755873
,,-0.8508877,4.4642096,7.4475007,1696761149768,,0.08116866,0.054672398,0.0030543238,,,,,,0.1347654,-0.54996186,-0.49603114,0.21899077,0.18277706,0.47000253,0.8142843
,,-1.3404593,3.4997427,8.326224,1696761150119,,-0.055665053,-0.32223117,-0.077579826,,,,,,-0.22568515,-0.48861066,-0.57352805,0.1562202,0.15460287,0.48706728,0.8347922
,,-1.469831,3.2088552,9.037769,1696761150374,,-1.0385464,0.24281874,-0.30787584,,,,,,0.045013063,-0.05972506,-0.14508012,0.105940305,0.14493075,0.503682,0.84232354
,,-1.3690933,2.7495923,9.284232,1696761150630,,0.20150901,-0.13347395,0.24556763,,,,,,0.08653121,-0.0799382,-0.027464755,0.0848504,0.13556652,0.51267177,0.8425882
