98#1#2
key,lat,lon,ts,bike,childCheckBox,trailerCheckBox,pLoc,incident,i1,i2,i3,i4,i5,i6,i7,i8,i9,scary,desc,i10
,,,,1,0,0,0,-5,0,0,0,0,0,0,0,0,0,0,,0

=========================
98#1
lat,lon,X,Y,Z,timeStamp,acc,a,b,c,obsDistanceLeft1,obsDistanceLeft2,obsDistanceRight1,obsDistanceRight2,obsClosePassEvent,XL,YL,ZL,RX,RY,RZ,RC
52.54414024,13.36858776,2.1355147,5.7079983,-7.136594,1697908608000,4.853751,-0.88537216,-0.16814053,0.20769402,,,,,,0.042520575,0.12707923,0.114617154,0.9324483,-0.047558464,0.09686574,0.31405127
,,2.134637,5.7310495,-7.1284585,1697908608145,,0.5825359,-0.013591741,0.2602284,,,,,,0.13406381,0.17502984,0.15322015,0.9334326,-0.045386024,0.09332396,0.31334382
,,2.170609,5.608298,-7.302336,1697908608397,,1.3167953,-0.3159698,0.08613193,,,,,,0.24362236,0.20172997,0.18504249,0.938462,-0.04898677,0.08856142,0.30279264
,,2.0205793,5.3279395,-7.36423,1697908608649,,1.2276092,-0.33612835,-0.07513637,,,,,,0.13067035,0.22227387,0.30316082,0.94263864,-0.05569921,0.0849371,0.28707302
,,2.0161924,5.267561,-7.5044494,1697908608905,,-1.8878013,0.41462448,0.04092794,,,,,,0.084184155,0.16110317,0.22327015,0.9425272,-0.060470242,0.086557575,0.28576505
,,2.09699,5.6277595,-7.4265237,1697908609155,,-1.3264165,-0.27687445,-0.112399116,,,,,,0.0969325,0.21193112,0.1528785,0.9374041,-0.063512556,0.089511245,0.30470094
,,2.0614169,5.7003417,-7.2386074,1697908609406,,-0.003894263,-0.10033454,-0.02687805,,,,,,-0.023590561,0.18771029,0.20720682,0.932557,-0.06762401,0.08998583,0.3150822
,,2.1453252,5.616832,-7.4016376,1697908609656,,0.9747111,-0.4790707,-0.31642795,,,,,,0.018564025,0.114555486,0.09922039,0.93401647,-0.06751173,0.09188084,0.31160575
,,2.1328025,5.2467422,-7.70417,1697908609910,,1.9227732,0.073761925,-0.23212862,,,,,,0.009750119,-0.013619979,0.08158989,0.9396026,-0.0639448,0.08974885,0.2972141
,,2.0574286,4.925865,-7.7519474,1697908610162,,-0.33925903,0.07987057,0.059253883,,,,,,0.050698232,-0.030210538,0.15723184,0.9429453,-0.06214323,0.085225835,0.28085965
,,2.113979,5.1311693,-7.6198635,1697908610414,,-2.0454044,0.3755291,-0.18631376,,,,,,0.053579517,-0.054840226,0.18650983,0.9409099,-0.06400826,0.08570046,0.29120013
,,2.1135805,5.4424753,-7.513542,1697908610664,,-0.77052957,0.16416991,0.24190246,,,,,,0.06500173,0.04216009,0.11519484,0.9356288,-0.06518886,0.084327646,0.30626705
52.54423103,13.3686964,2.0951557,5.4235716,-7.4526043,1697908611000,4.6170087,0.55443615,4.581486E-4,0.05986475,,,,,,0.04002367,-0.007286008,0.1419525,0.93394476,-0.066057034,0.084138885,0.30956414
,,2.083351,5.30752,-7.596812,1697908611167,,1.5324306,-0.34834564,0.124616414,,,,,,0.037968125,0.015274684,0.12815858,0.937522,-0.06531817,0.08359266,0.30149016
,,1.9222342,5.1903515,-7.551429,1697908611418,,1.0351868,-0.28603745,0.14294235,,,,,,-0.011593512,0.13900557,0.22929624,0.9414133,-0.065781936,0.08272851,0.28677157
,,1.9189641,5.1891556,-7.560044,1697908611667,,-0.98983,0.5807797,-0.24190246,,,,,,-0.08336279,0.051720254,0.19942755,0.940823,-0.06704382,0.084706895,0.2903725
,,1.964029,5.408816,-7.6668425,1697908611920,,0.5086213,-0.28542656,-0.0,,,,,,-0.006403013,0.24057646,0.041747443,0.9406184,-0.06417327,0.08518977,0.29424626
,,1.7941384,4.7566123,-8.006064,1697908612171,,-0.18165591,-0.06856957,-6.108648E-4,,,,,,-0.0027004082,0.18455182,0.119590156,0.9520777,-0.060738113,0.07905404,0.2581154
,,1.6968302,4.069553,-8.672625,1697908612424,,0.29054257,-0.33063057,0.30665413,,,,,,0.08788704,0.24199949,0.05674461,0.96916544,-0.057471488,0.07222986,0.2100075
,,1.5985652,3.3190842,-9.043912,1697908612676,,-0.26045746,-0.13637556,0.15760311,,,,,,0.111366965,0.14382887,0.10798515,0.9805108,-0.060275134,0.06462345,0.1710523
,,1.5918651,3.234458,-9.12088,1697908612929,,0.7633519,-0.27015495,0.24556763,,,,,,0.10393083,0.2825173,0.08413191,0.98207676,-0.0674827,0.061313186,0.1616433
,,1.6327822,3.1500711,-9.151989,1697908613179,,-1.2952625,0.3272708,-0.035430156,,,,,,0.1747294,0.29342014,0.055017535,0.982283,-0.07406298,0.05986445,0.15582798
,,1.6507283,3.1178482,-9.020144,1697908613430,,-1.4400374,-0.19318599,-0.2376264,,,,,,0.09357946,0.16224287,0.14226884,0.97958183,-0.08362659,0.06177296,0.16180013
,,1.7847264,3.815834,-8.555697,1697908613682,,-0.36491534,0.32360563,0.05497783,,,,,,0.05373757,0.2171423,0.139387,0.9662983,-0.09465107,0.06512858,0.20128778
52.54431235,13.36877876,1.9327624,4.564788,-7.9722466,1697908614000,4.4029894,0.92767453,0.051159926,-0.043371398,,,,,,0.0039096433,0.24806546,0.15550736,0.9500119,-0.10421934,0.070291825,0.24690588
,,2.0426729,5.251927,-7.6098146,1697908614185,,1.0987166,-0.5236638,0.09468404,,,,,,0.008425525,0.31002003,0.15674314,0.9396517,-0.10721846,0.0752577,0.28288567
,,2.0260828,5.357211,-7.533004,1697908614436,,1.3167953,-0.57864165,0.33841908,,,,,,-0.013974603,0.20631012,0.18391468,0.9378254,-0.10596775,0.07604911,0.29195565
,,1.9826928,5.421897,-7.486424,1697908614688,,-0.7778599,0.41157013,-0.09590577,,,,,,-0.030909939,0.22617592,0.24502252,0.93747413,-0.10705041,0.07537115,0.2943846
,,1.9676977,5.376035,-7.6362944,1697908614939,,0.28260133,-0.04780017,0.034208428,,,,,,0.065887354,0.33516726,0.17789407,0.9399993,-0.1090425,0.07105707,0.28488296
,,1.8203799,4.725107,-8.103693,1697908615190,,-0.2512945,0.045662142,-0.10995566,,,,,,0.06021234,0.34786135,0.18661338,0.9518538,-0.1127298,0.06759651,0.24579665
,,1.7212371,4.0112486,-8.635538,1697908615442,,-0.036270097,-0.1375973,0.2864956,,,,,,0.09751271,0.32135615,0.20617488,0.96609694,-0.119557835,0.06363567,0.20162751
,,1.5554943,3.3961327,-8.719605,1697908615691,,0.2917643,0.4176788,-0.32925612,,,,,,-0.014177894,0.22885326,0.4399575,0.97357357,-0.13051562,0.05934504,0.17231528
,,1.589632,3.3096726,-8.929137,1697908615943,,-0.12301289,0.089033544,-0.0024434591,,,,,,0.03810199,0.21880722,0.24994569,0.9734794,-0.1404335,0.058725752,0.16765033
,,1.7131813,3.5552557,-8.9642315,1697908616193,,0.033368487,0.07620538,0.06658426,,,,,,0.08230774,0.26984555,0.13539045,0.970137,-0.15056242,0.05936231,0.17945415
,,1.7406188,3.584767,-9.019587,1697908616443,,1.0162499,-0.30986115,-0.28710645,,,,,,0.11789598,0.3436034,0.089472964,0.9686004,-0.1609918,0.05746012,0.17943618
,,1.7152549,3.2320647,-9.029157,1697908616693,,-0.50174904,0.021838415,0.216857,,,,,,0.1453961,0.21404672,0.14930697,0.96950656,-0.16613108,0.05457847,0.16826375
52.54438572,13.36887266,1.6843876,3.1547775,-8.917888,1697908617000,5.58865,-1.432707,0.15439607,0.112399116,,,,,,0.104915805,0.093783975,0.1981903,0.9679183,-0.1715559,0.05294063,0.17083885
,,1.77691,3.760481,-8.820102,1697908617195,,-0.89758945,-0.0013744457,-0.009162972,,,,,,0.17179307,0.20089617,-0.03970663,0.9583911,-0.17656592,0.05069,0.20012805
,,1.8577874,4.523871,-8.190951,1697908617445,,0.21479532,0.0029016077,0.17104214,,,,,,0.1670489,0.22924711,0.05225002,0.9423364,-0.1823035,0.044235047,0.24505576
,,1.9791034,5.1968126,-7.6619782,1697908617696,,0.57703817,-0.11255184,0.067195125,,,,,,0.22164582,0.18542248,0.062160652,0.9266956,-0.1872891,0.038299147,0.2883162
,,2.0718653,5.7273808,-7.1723256,1697908617948,,0.91118115,-0.5242747,0.056810424,,,,,,0.2723091,0.099788316,0.19158846,0.91462404,-0.1945386,0.030052429,0.32325155
,,2.1627924,6.3675404,-6.9980483,1697908618198,,1.0419062,-0.5572614,0.5907062,,,,,,0.3570526,0.28444922,0.18035999,0.90564805,-0.21064623,0.022294708,0.35075486
,,2.0424335,6.2616982,-7.0694346,1697908618448,,0.24656029,0.17944153,0.012217295,,,,,,0.42451563,0.3752158,0.2498083,0.9024101,-0.23152193,0.013350149,0.3408543
,,1.8845869,5.5357156,-7.400602,1697908618699,,-1.2268455,0.33337945,0.24862197,,,,,,0.44064665,0.38466546,0.35637507,0.9060708,-0.25682747,0.0070644068,0.29908913
,,1.9166509,4.8868623,-7.766305,1697908618948,,-1.4492003,-0.048411034,-0.0061086477,,,,,,0.48763832,0.20033005,0.3755842,0.90929425,-0.28616732,0.0022107104,0.2667913
,,1.957568,4.864928,-7.862736,1697908619199,,-0.47792533,-0.050854493,0.27488914,,,,,,0.6048028,0.2338753,0.36104453,0.9031209,-0.31474826,-0.013642891,0.25812337
,,1.9111476,5.023412,-7.6616597,1697908619452,,-0.022831071,-0.0025961753,0.12522727,,,,,,0.53268176,0.22651285,0.3621835,0.88714135,-0.3432462,-0.032607187,0.26683658
,,2.0589442,5.4515676,-7.400922,1697908619701,,0.9899827,-0.28053966,0.25961754,,,,,,0.584389,0.22611268,0.27181613,0.8654827,-0.37214217,-0.05010995,0.28958613
52.54440443,13.36897342,2.2475784,6.050811,-7.175039,1697908620000,5.895665,1.2526546,-0.77656186,0.47097674,,,,,,0.6842956,0.29348856,0.23290022,0.84451956,-0.40224186,-0.065678,0.31584263
,,2.2773292,6.31777,-7.114819,1697908620202,,0.74808025,-0.42653632,0.3921752,,,,,,0.7864373,0.43144023,0.23809814,0.82529145,-0.43752044,-0.075897105,0.3203574
,,2.0098913,5.8407197,-7.2498536,1697908620453,,-1.2366194,0.34742934,0.3848448,,,,,,0.763933,0.51284474,0.36927354,0.80884093,-0.47659513,-0.07850059,0.2902232
,,1.9228723,5.3932624,-7.6482596,1697908620704,,-1.5909209,-0.52671814,0.39278606,,,,,,0.6761093,0.5740667,0.37816486,0.79147655,-0.5206817,-0.07985285,0.25907242
,,1.9200008,5.4111295,-7.8259664,1697908620955,,-0.35269806,-0.23838998,0.3591885,,,,,,0.7319011,0.7785265,0.3522092,0.7648445,-0.56538755,-0.094982676,0.24024208
,,1.858665,5.413681,-7.609973,1697908621206,,0.028481571,-0.4271472,0.49418962,,,,,,0.6391431,0.70919836,0.54543304,0.7279253,-0.6089763,-0.118128315,0.23098773
,,1.9324435,5.5500727,-7.4936814,1697908621458,,0.871475,-0.3006982,0.365908,,,,,,0.53598744,0.715129,0.5036776,0.6813754,-0.65298647,-0.13943188,0.2337801
,,2.001516,5.769255,-7.329056,1697908621709,,1.3619994,-0.20418155,0.13561198,,,,,,0.3958274,0.64646614,0.5212049,0.63318944,-0.695021,-0.15455909,0.24662754
,,2.037887,5.919126,-7.3353567,1697908621960,,0.03092503,0.29489496,-0.008552107,,,,,,0.23038942,0.74208456,0.47549322,0.5899973,-0.7335581,-0.15600276,0.25599027
,,1.885305,5.449814,-7.4309907,1697908622210,,-1.6471205,0.6913462,-0.009162972,,,,,,-0.04435938,0.59389013,0.46176055,0.5563389,-0.7651581,-0.14750136,0.24860269
,,1.923032,5.0991845,-7.581818,1697908622462,,-1.0704641,0.06398808,-0.34269515,,,,,,-0.2523771,0.42999458,0.4329543,0.53353304,-0.78648967,-0.13947155,0.24440989
,,1.8922443,5.0973496,-7.7095957,1697908622712,,-0.046043932,0.032223117,-0.30298892,,,,,,-0.46408987,0.49187034,0.26181385,0.51714873,-0.79611707,-0.14014821,0.248392
52.54439705,13.36916362,1.8318654,5.145685,-7.480523,1697908623000,5.9739475,0.9472222,0.65164,0.0140498895,,,,,,-0.64673775,0.4161403,0.27088133,0.50825286,-0.79484814,-0.14732641,0.2595306
,,1.9267806,5.5093946,-7.326265,1697908623216,,1.2208896,-0.38011062,-0.04092794,,,,,,-0.6669739,0.45222518,0.17049305,0.5063793,-0.78780264,-0.15770581,0.27709216
,,2.0930018,5.8718276,-7.2593455,1697908623468,,1.0822233,-0.4271472,-0.049480047,,,,,,-0.5485076,0.46368155,0.12215686,0.5103025,-0.78156394,-0.16877653,0.28914607
,,2.018186,5.8268423,-7.226244,1697908623718,,-0.5976548,0.24846925,0.13316852,,,,,,-0.4575001,0.45329374,0.19134949,0.51863325,-0.77775013,-0.1671796,0.27932304
,,1.8156737,5.3154163,-7.476054,1697908623969,,-1.7631848,0.70600694,0.09957096,,,,,,-0.46999034,0.34199664,0.22220632,0.52677935,-0.78053015,-0.15408354,0.25795648
,,1.9064415,5.122953,-7.6526446,1697908624219,,-0.8248965,-0.034361143,0.029932374,,,,,,-0.34532455,0.2803322,0.18353623,0.5316447,-0.78387934,-0.1464354,0.24818155
,,1.9468005,5.2286367,-7.689255,1697908624471,,0.21662793,-0.17119485,0.09773836,,,,,,-0.28904468,0.34487274,0.12715581,0.530553,-0.78463423,-0.14844577,0.2466287
,,1.9554942,5.186603,-7.7545795,1697908624722,,1.6735405,-0.5187769,-0.077579826,,,,,,-0.34990844,0.31764087,0.053124856,0.5283454,-0.7851457,-0.15004484,0.24772257
,,1.8968703,4.961119,-7.7894354,1697908624973,,1.1860703,-0.16447534,0.10445788,,,,,,-0.4033962,0.13205582,0.041044377,0.52818227,-0.78575325,-0.14799032,0.24639049
,,1.8980668,5.0746984,-7.7559357,1697908625225,,-0.7442624,0.46838057,-0.45570514,,,,,,-0.4510485,0.21175879,0.02710859,0.5271007,-0.78547305,-0.15060942,0.25244558
,,1.9246272,5.170571,-7.807861,1697908625477,,0.27527094,-0.11071924,-0.17898338,,,,,,-0.4608262,0.3429294,-0.04589448,0.5327079,-0.7814948,-0.14970909,0.2544747
,,1.671307,4.5573707,-8.075378,1697908625729,,-0.046043932,0.085979216,-0.06475167,,,,,,-0.5393509,0.2886998,0.064154945,0.5482866,-0.782148,-0.1262407,0.23098725
52.54438993,13.36920716,1.4881761,3.6465027,-8.650133,1697908626000,5.2045,0.1390481,0.049327333,-0.27550003,,,,,,-0.5650502,0.20124671,0.09638099,0.5717223,-0.784479,-0.091160655,0.19943865
,,1.3500307,3.1291738,-9.043833,1697908626231,,-0.066813335,-0.1583667,0.068416856,,,,,,-0.4873802,0.18520266,0.05473571,0.5942023,-0.7812826,-0.06490344,0.1727784
,,1.280878,3.0721447,-9.053484,1697908626480,,0.032757625,-0.1461494,0.089797124,,,,,,-0.48555413,0.28355846,0.0919415,0.6081073,-0.77272093,-0.06064304,0.1667452
,,1.3343976,3.2313473,-9.080842,1697908626732,,-0.09491312,-0.027641632,0.12034036,,,,,,-0.38138267,0.37883282,0.024202013,0.61813575,-0.76433206,-0.06534944,0.16897248
,,1.3673385,3.236771,-9.06497,1697908626982,,0.04253146,-0.06368265,0.12156209,,,,,,-0.22416845,0.33454472,0.08418665,0.6236814,-0.7610819,-0.065950334,0.1641273
,,1.3669397,3.2023149,-9.0948,1697908627233,,-0.13523018,-0.2102902,0.1472184,,,,,,-0.18899937,0.39862505,0.08167079,0.62536067,-0.76031107,-0.066900365,0.16123599
,,1.3721241,3.3704503,-9.094082,1697908627484,,0.09445497,-0.11194097,0.22846343,,,,,,-0.12116588,0.5194248,0.04781329,0.6222616,-0.76323014,-0.06829175,0.15850694
,,1.3394223,3.202075,-8.973005,1697908627736,,-0.017333288,0.07498365,0.054366965,,,,,,-0.19559969,0.46759424,0.18016559,0.6142265,-0.76951426,-0.07003145,0.15847468
,,1.4021145,3.30066,-8.982576,1697908627988,,0.17997603,-0.12660173,0.07513637,,,,,,-0.17234822,0.48660764,0.12274971,0.6067858,-0.77494645,-0.071419194,0.1606352
,,1.4255643,3.3018565,-9.034343,1697908628240,,0.00160352,-0.13698642,0.15210533,,,,,,-0.18220812,0.4803553,0.10159477,0.6021604,-0.7782311,-0.07167373,0.16270542
,,1.3979669,3.2883766,-9.03155,1697908628490,,0.1928042,-0.20234896,0.21074834,,,,,,-0.20837092,0.54125696,0.07648823,0.59966385,-0.7800146,-0.07145644,0.16366984
,,1.468954,3.2342186,-8.998847,1697908628739,,-0.028328855,-0.14370593,0.30665413,,,,,,-0.212424,0.43365872,0.09724253,0.5971311,-0.78186965,-0.07242194,0.16366069
52.54436101,13.36927164,1.4997414,3.1645877,-8.988638,1697908629000,4.533918,0.1598175,0.027336199,0.050090913,,,,,,-0.18584715,0.33194298,0.1795957,0.59318435,-0.7849101,-0.073961325,0.16232504
,,1.5097911,3.2776084,-9.04152,1697908629240,,0.16287182,0.25763223,-0.028710645,,,,,,-0.076086715,0.38112026,0.12740853,0.58809906,-0.78899777,-0.07627968,0.15894389
,,1.4539587,3.2648468,-9.035936,1697908629492,,-0.09369139,0.045051277,0.262061,,,,,,-0.11532451,0.42758316,0.17859146,0.5784538,-0.7963999,-0.0779566,0.15507129
,,1.4433507,3.3293736,-9.010732,1697908629742,,-0.055817768,0.06704241,0.1386663,,,,,,-0.14615661,0.4330554,0.19506818,0.5632785,-0.80688703,-0.080637485,0.15377523
,,1.4008383,3.394937,-9.027163,1697908629994,,0.013820816,0.17760894,-0.424551,,,,,,-0.283803,0.44953096,0.17440934,0.5482504,-0.8166742,-0.083160914,0.15516797
,,1.2941979,3.541537,-9.104848,1697908630245,,0.055970486,0.063377224,-0.51068294,,,,,,-0.38210958,0.5366056,0.060366616,0.54192924,-0.8202209,-0.08410075,0.1592702
,,1.1625926,3.504847,-9.151031,1697908630496,,-0.039935283,-0.0019853106,-0.4007273,,,,,,-0.55671626,0.42064506,-0.0015563965,0.5481702,-0.8145331,-0.084005155,0.16366719
,,0.95258266,3.5889945,-9.175517,1697908630745,,-0.24824017,0.3346012,-0.72448564,,,,,,-0.8072612,0.38325277,-0.009642219,0.56349266,-0.8007105,-0.08638015,0.1703935
,,0.78133637,3.8898518,-9.157252,1697908630997,,0.26794055,0.45433068,-1.1074978,,,,,,-0.9327847,0.41983613,-0.078490764,0.5923533,-0.7728125,-0.090735145,0.18214244
,,0.6348956,3.8696725,-9.07095,1697908631248,,0.13171771,0.13179408,-0.20952661,,,,,,-0.916323,0.19655988,-0.03990612,0.6387478,-0.7272082,-0.09299651,0.19052911
,,0.42480576,4.026721,-9.051969,1697908631498,,0.10483967,0.16050471,-0.61330825,,,,,,-0.8886697,0.14818929,-0.053052045,0.6904327,-0.67510223,-0.09386505,0.19601893
,,0.22612171,4.2222147,-8.89468,1697908631747,,0.27893612,-0.26160285,-0.5894845,,,,,,-0.7603927,0.15285626,0.02061529,0.7402898,-0.61884415,-0.09555008,0.19921684
52.54430377,13.36932776,-0.04187439,4.5021753,-8.568697,1697908632000,4.7088995,-1.8206061,0.60216,-1.4520255,,,,,,-0.74995744,0.0767793,0.100741625,0.78234214,-0.55814177,-0.10178016,0.21408328
,,-0.14444672,5.0908103,-7.720044,1697908632251,,-0.83344865,-1.3825397,0.44104436,,,,,,-0.5975087,-0.029081281,0.32518396,0.8109008,-0.4866826,-0.11322727,0.25816768
,,-0.124825604,6.444669,-6.8081403,1697908632502,,-0.94401515,0.39935285,0.037873615,,,,,,-0.42166367,0.60438937,0.37530655,0.8168938,-0.44012144,-0.1357344,0.30307314
,,0.21862425,7.273303,-5.6435533,1697908632754,,-0.34964374,0.19104797,0.13561198,,,,,,-0.125443,0.54036725,0.39116764,0.8019654,-0.40287367,-0.15726307,0.3652871
,,0.5641479,8.173005,-4.3586063,1697908633005,,0.2691623,0.3168861,0.11117739,,,,,,0.11763824,0.54068464,0.39508092,0.77677315,-0.37069118,-0.17810328,0.4359163
,,0.87792665,9.041919,-3.0605001,1697908633255,,-0.10346522,0.26557347,-0.08124501,,,,,,0.17658599,0.48981944,0.38124582,0.74497753,-0.34661356,-0.19535756,0.50994134
,,1.4163915,9.843515,-2.0641284,1697908633508,,0.27404922,-1.0422881,-0.13255766,,,,,,0.5180424,0.6089377,0.18598829,0.71109325,-0.3327325,-0.21028547,0.57283187
,,1.7081563,10.119565,-1.5142579,1697908633761,,-0.22319472,-0.8016073,0.10690133,,,,,,0.612958,0.5644875,0.052187305,0.68303937,-0.34470835,-0.22575998,0.59831905
,,1.988994,9.609018,-1.1640285,1697908634011,,0.0022143847,-0.62812173,0.15515965,,,,,,0.7015818,-0.10974598,-0.023697617,0.6610407,-0.35157278,-0.23545228,0.6162097
,,1.9231116,9.802597,-1.0360123,1697908634263,,-0.37530005,-0.33735007,0.27550003,,,,,,0.5147993,0.039821275,-0.0716287,0.6401271,-0.37216502,-0.25295934,0.6165477
,,1.9866807,9.729696,-1.0077771,1697908634516,,0.033368487,-0.2206749,-0.07574723,,,,,,0.42405635,-0.045063496,-0.13506283,0.6168366,-0.39964107,-0.27673906,0.60950595
,,2.137349,9.6883,-1.0602598,1697908634768,,-0.021609342,-0.8358157,0.09590577,,,,,,0.47617096,-0.06743231,-0.15759145,0.5931307,-0.432282,-0.30474156,0.5969693
52.54428752,13.36937898,1.8860228,9.761044,-1.0550754,1697908635000,4.7532344,0.83543396,-0.88590664,-0.091629714,,,,,,0.12255252,0.027005704,0.0406139,0.5654985,-0.47682565,-0.33667707,0.57259077
,,1.7926229,9.754024,-1.4606588,1697908635272,,0.007101303,0.5148063,-0.53023064,,,,,,-0.0562555,0.12880968,-0.034654595,0.5407289,-0.52063876,-0.3574027,0.54516596
,,1.8655242,9.585809,-1.7494723,1697908635523,,-0.30627233,0.3620901,-0.05742129,,,,,,-0.034615137,0.0046836855,-0.03429029,0.52571076,-0.55042344,-0.36851802,0.52587295
,,1.9534208,9.523115,-1.9918652,1697908635775,,-0.13034327,-0.34956738,0.032375835,,,,,,0.015350505,0.0037980399,-0.06651228,0.5154558,-0.57029843,-0.37595904,0.512065
,,1.900699,9.526384,-2.1191635,1697908636027,,-0.06436988,-0.32330018,0.09590577,,,,,,-0.012417714,0.039008934,0.030106489,0.5099426,-0.5856457,-0.38205037,0.49767277
,,1.763351,9.479645,-2.2008386,1697908636278,,-0.055817768,0.30100363,-0.11178826,,,,,,-0.12903255,0.001942126,0.068590336,0.5039579,-0.596628,-0.38973576,0.4864379
,,1.9838096,9.434261,-2.1882365,1697908636528,,0.087124586,-0.093615025,-0.06902772,,,,,,0.1080358,-0.060857836,-0.027813578,0.50244266,-0.5938597,-0.39214128,0.48935714
,,2.1485953,9.549037,-1.8517255,1697908636779,,-0.052763447,-0.0019853106,-0.023212861,,,,,,0.26096866,-0.024974251,-0.042481743,0.49797663,-0.5843212,-0.39873043,0.50060123
,,2.0541584,9.661181,-1.5609976,1697908637033,,0.10911572,0.054825112,-0.031154104,,,,,,0.17561501,0.035800837,0.0053384504,0.49000534,-0.5809031,-0.40812573,0.50525606
,,2.0208983,9.693964,-1.3377472,1697908637287,,-0.046043932,-1.0661118,0.262061,,,,,,0.20229785,0.012910906,0.06142987,0.4794359,-0.58256555,-0.41776022,0.5055634
,,2.020659,9.642596,-1.2011968,1697908637539,,0.15004367,-1.092379,-0.0061086477,,,,,,0.12491637,-0.039139494,0.14861411,0.45902058,-0.5938928,-0.43187067,0.49604696
,,2.1102302,9.692845,-1.27354,1697908637789,,-0.056734066,-0.67851806,-0.13706279,,,,,,0.22215366,0.015038077,0.09597968,0.42509156,-0.6140739,-0.4530063,0.47237158
52.54427792,13.36938589,1.9815762,9.699465,-1.3398211,1697908638000,4.3728676,0.12041672,0.034361143,-0.17982332,,,,,,0.13051723,0.024633694,0.11205079,0.38567296,-0.6395157,-0.4783983,0.43760478
,,1.8290737,9.669396,-1.4316258,1697908638295,,0.1882227,0.08567379,-0.16394083,,,,,,0.077205926,0.0064700446,0.13358349,0.3523076,-0.66361445,-0.5007154,0.40294454
,,1.6157935,9.628401,-1.601596,1697908638545,,0.40080366,-0.018173227,-0.014889829,,,,,,0.030142643,-0.006606833,0.14518553,0.32277077,-0.68849313,-0.52102774,0.36578462
,,1.2870992,9.602716,-1.967937,1697908638795,,-0.22288929,0.10033454,0.073685564,,,,,,-0.13692026,0.024033802,0.09906545,0.29956192,-0.71403086,-0.53551847,0.32607308
,,1.1365908,9.605428,-2.2667208,1697908639046,,-0.21250458,-0.48792824,-0.020998476,,,,,,-0.026280424,0.0141760195,-0.028748589,0.28663608,-0.72807115,-0.5446932,0.2980799
,,0.9609576,9.610053,-2.3240688,1697908639297,,-0.08972076,-0.13423753,0.052305296,,,,,,-0.037846837,-0.0066688857,0.002949667,0.28348738,-0.7325398,-0.54950106,0.2825422
,,0.9063215,9.610692,-2.3528624,1697908639549,,0.010461059,-0.13790272,0.037033677,,,,,,0.0023461818,-0.02251997,0.012705076,0.28151983,-0.7348653,-0.5516034,0.27401742
,,0.93503535,9.596972,-2.3527029,1697908639802,,0.17356196,0.13698642,0.037033677,,,,,,0.033680607,-0.045834064,0.021625586,0.27201033,-0.7380743,-0.5554706,0.26618537
,,1.0754142,9.610773,-2.3641884,1697908640053,,0.00923933,-0.012064579,0.06330086,,,,,,0.08009742,-0.050434526,-0.027754942,0.2580713,-0.74120504,-0.55967844,0.2622811
,,1.3998808,9.622258,-2.203391,1697908640306,,-0.24304782,-0.16172644,0.15493058,,,,,,0.22805138,-0.08342422,-0.054993644,0.2362724,-0.74186695,-0.5694646,0.26015696
,,1.6236099,9.551032,-2.408057,1697908640559,,0.36903867,-1.9656101,0.12377647,,,,,,0.21905662,0.056059614,0.3606711,0.20403616,-0.7432003,-0.5832641,0.24937688
,,2.1841686,9.55502,-2.5741189,1697908640811,,0.5950587,0.09789108,-0.049709123,,,,,,0.48784295,0.05724869,0.34984702,0.16809885,-0.74411476,-0.5961154,0.23687187
52.5442717,13.3694028,1.6467406,9.949916,-3.0032315,1697908641000,4.2349987,-0.17768529,-0.6015491,0.9490548,,,,,,-0.09358737,0.28169706,0.0570165,0.13394406,-0.7522082,-0.5995194,0.21903853
,,2.3411376,9.8751,-3.548077,1697908641317,,-2.175824,2.054491,-1.4546981,,,,,,-0.060010757,0.35571733,-0.30154243,0.10129829,-0.7555687,-0.596221,0.22781155
,,2.5558534,9.7438135,-2.255953,1697908641591,,1.4673736,-3.3626578,-1.8853577,,,,,,-0.12955761,0.53521836,-0.4107106,0.07298369,-0.71227455,-0.633692,0.23841818
,,2.3707287,8.625409,-1.1890733,1697908641842,,-0.69692034,-0.5526799,0.9105703,,,,,,-0.57085836,-0.17556192,-0.6528679,0.02259845,-0.6583812,-0.6835365,0.21958174
,,2.3866012,8.540941,0.7781461,1697908642092,,-0.6095667,3.1961973,0.7236457,,,,,,-0.52962047,0.21487178,-1.0555571,-0.004875326,-0.5829006,-0.7315527,0.22953527
,,1.2198609,7.5361953,2.981776,1697908642343,,-2.112294,-0.6693551,1.0211369,,,,,,-1.1572381,0.1603087,-0.78116393,0.012470554,-0.49150848,-0.76599693,0.27469128
,,1.3694923,6.010053,4.915017,1697908642595,,-0.55519974,-0.29672757,-0.6905063,,,,,,-0.62756443,-0.13439246,-0.8851299,0.030841341,-0.37997216,-0.7953913,0.3497648
,,0.24438693,4.739304,7.7558565,1697908642845,,1.3916264,-0.9143119,-1.2244021,,,,,,-0.7539709,-0.2890939,-0.13518149,0.04296542,-0.2646672,-0.8367603,0.3943986
,,-0.37934226,3.6596627,8.032546,1697908643099,,-0.041462447,-0.5233584,-0.33192864,,,,,,-0.77750295,-0.56420344,-0.41446304,0.052586395,-0.20332083,-0.8487605,0.41819647
,,-0.69982076,3.6451466,9.338549,1697908643353,,-0.11904228,-0.29000807,0.13232858,,,,,,-0.56497556,0.2059202,0.17725664,0.083286956,-0.15126804,-0.8492073,0.47027856
,,-1.1909875,2.5237896,9.406026,1697908643606,,1.6463569,-0.9185879,-0.14072797,,,,,,-0.69330037,-0.3850277,-0.070285924,0.105258115,-0.11811976,-0.84302247,0.50529975
,,-0.9515457,2.697429,9.420303,1697908643855,,-0.03718639,0.36850417,-0.723493,,,,,,-0.43678182,-0.17132775,-0.14478953,0.09797818,-0.11358511,-0.8469629,0.50245434
52.54425877,13.36940986,-0.9562518,2.6865017,9.678808,1697908644000,5.3451085,0.40263626,0.26282457,0.59108806,,,,,,-0.5007059,-0.24363658,0.2164249,0.09325734,-0.121268384,-0.8676134,0.46674508
,,-0.7208777,3.1234312,9.20423,1697908644362,,-0.9443206,-1.1470513,-0.16882776,,,,,,-0.34907103,-0.08392957,-0.2227781,0.09446245,-0.13516377,-0.88229996,0.43763706
,,-0.78085786,2.975315,9.878611,1697908644616,,-0.39698574,-0.5367974,0.48540843,,,,,,-0.40450114,-0.09977596,0.48741686,0.087758094,-0.13345186,-0.8898758,0.42357793
,,-0.6638488,3.027798,9.339665,1697908644867,,-0.37132943,0.5175552,-0.30932665,,,,,,-0.35020936,-0.090522684,-0.012945589,0.08391052,-0.1358746,-0.8941031,0.41436225
,,-0.28953165,2.9322448,9.926544,1697908645119,,-0.1098793,2.108247,-0.018555017,,,,,,-0.28064948,-0.11293865,0.63792545,0.06944669,-0.1386037,-0.90094656,0.4001452
,,0.10943172,2.5372694,9.494321,1697908645371,,0.41179922,-1.9533929,-0.2042579,,,,,,-0.19806966,-0.37438706,0.15004581,0.05087727,-0.13688713,-0.9062623,0.3911646
,,0.78883386,2.750709,9.90533,1697908645622,,-0.5014436,0.31841326,-0.19020802,,,,,,0.009878246,-0.15926474,0.5547888,0.025927316,-0.14969173,-0.90529853,0.38895383
,,1.061855,2.516771,9.598807,1697908645875,,-0.06895136,-0.23014331,-0.24396412,,,,,,-0.045583226,-0.26392058,0.22524554,0.0058367187,-0.15204568,-0.90613306,0.38852772
,,1.6563916,2.984169,9.603117,1697908646127,,0.60055643,0.39843655,-0.5622247,,,,,,0.12294609,0.003432703,0.2905878,-0.008817346,-0.1677886,-0.90561336,0.383814
,,1.8821146,2.942215,9.417352,1697908646378,,0.032452192,-1.9784383,0.39316785,,,,,,0.22372761,-0.18274926,0.24934912,-0.013113503,-0.17835453,-0.9085339,0.3719112
,,1.7369499,3.3119059,8.995577,1697908646629,,-0.8178716,-0.43050694,0.23739733,,,,,,0.29239863,-0.021516053,-0.20863135,-0.0068915295,-0.18707384,-0.912239,0.35931638
,,1.5198411,3.1124244,9.512187,1697908646881,,-0.10682498,0.043524116,0.04925097,,,,,,0.3064498,-0.0155557515,0.19945641,8.6579635E-4,-0.17463587,-0.91659254,0.35292274
52.54421872,13.36942226,1.0657632,2.854079,9.250335,1697908647000,4.676193,0.028787002,-0.53496486,-0.7558688,,,,,,0.23747383,2.0867586E-4,-0.25643292,0.013409706,-0.15069355,-0.9227937,0.34850618
,,0.904168,2.775754,9.748919,1697908647517,,0.3513236,-0.51236284,-0.1627191,,,,,,0.2961379,0.035294518,0.20138067,0.020054387,-0.14179416,-0.9319244,0.32596415
,,0.4481757,2.6573093,9.73807,1697908647768,,-0.26626068,-0.12568542,0.15248711,,,,,,0.23050588,-0.01127239,0.068768755,0.032542117,-0.13170353,-0.9401672,0.30484122
,,0.23800606,2.6131217,9.863294,1697908648019,,-1.0267873,-0.5209149,0.20868668,,,,,,0.2297066,0.033347096,0.15844627,0.037735872,-0.1245623,-0.94541705,0.29106796
,,0.03493522,2.421616,10.098589,1697908648269,,0.053221595,-0.88865554,-0.3087158,,,,,,0.12525573,0.07547073,0.34192118,0.038510133,-0.10986905,-0.94968665,0.2835273
