97#1#0
key,lat,lon,ts,bike,childCheckBox,trailerCheckBox,pLoc,incident,i1,i2,i3,i4,i5,i6,i7,i8,i9,scary,desc,i10
,,,,1,0,0,0,-5,0,0,0,0,0,0,0,0,0,0,,0

=========================
97#1
lat,lon,X,Y,Z,timeStamp,acc,a,b,c,obsDistanceLeft1,obsDistanceLeft2,obsDistanceRight1,obsDistanceRight2,obsClosePassEvent,XL,YL,ZL,RX,RY,RZ,RC
52.52241000000001,13.319650000000001,-1.2963002,-5.067967,-7.7736325,1696605869000,2.5,1.4215294,-0.7446043,0.49120703,,,,,,-0.0012921095,-0.38678005,0.39494088,-0.332771,0.89699614,-0.21344367,0.15007229
,,-1.8127,-6.2862334,-7.413999,1696605869191,,1.9201971,-0.90061283,-0.97202235,,,,,,-0.11666908,-0.58367795,-0.17709382,-0.31367078,0.87634385,-0.2687268,0.19486208
,,-2.5244331,-6.4222,-5.7730665,1696605869444,,1.5383693,-0.7704503,3.3756995,,,,,,-0.6569858,-0.33370352,-0.37824172,-0.30337635,0.80853444,-0.31376418,0.2657504
,,-2.3952994,-5.911133,-2.8628998,1696605869694,,2.2560618,-1.5061284,1.6161737,,,,,,-0.42610705,-0.21089658,-0.033174023,-0.27706966,0.69409454,-0.32150203,0.38275895
,,-1.8187668,-5.3524,0.14583325,1696605869949,,2.5290434,-2.5495603,1.6325606,,,,,,-0.28820544,-0.46989822,0.009646479,-0.22161417,0.53314745,-0.3014087,0.52221614
,,-1.3266002,-4.8085995,2.724367,1696605870200,,2.0614176,-0.5325073,2.0181189,,,,,,-0.77185875,-0.6097146,-0.406779,-0.15039033,0.34052917,-0.27590048,0.6643714
,,-0.75893366,-3.0884006,5.6131334,1696605870452,,-1.323741,-0.04436451,0.13908873,,,,,,-0.9201192,-0.3467242,-0.25500762,-0.077292494,0.17457214,-0.19243164,0.793351
,,-0.07610003,-1.2951667,8.057967,1696605870704,,0.8920863,0.33306688,0.60338396,,,,,,-0.9233067,-0.2830324,-0.036639486,-0.01618023,0.045465175,-0.08193989,0.89016026
,,0.82839996,0.7190666,9.445167,1696605870963,,0.6313616,0.2151612,-0.04436451,,,,,,-0.23659311,-0.2603702,0.43505442,0.058852486,-0.014232125,0.056753017,0.94541377
,,0.43383324,2.2933335,9.171234,1696605871409,,-0.61284304,-0.10471623,0.12576605,,,,,,-0.56978947,-0.4192791,0.2866858,0.13903663,-0.015280883,0.15892044,0.9521362
,,-0.02456658,3.6624002,8.778001,1696605871666,,-0.41353583,-0.59232616,-0.35798028,,,,,,-0.53667456,-0.07634306,0.2192555,0.19060297,0.021168219,0.21332258,0.94081014
,,-0.5098001,4.343934,8.6092005,1696605871927,,-0.43418598,0.17399414,0.079802826,,,,,,-0.17813908,-0.012944714,0.1323751,0.21812144,0.075945035,0.24012575,0.9346006
52.52255333333333,13.319700000000001,-0.84676677,4.6757,8.688534,1696605872000,2.4,-0.1877165,-0.44897416,-0.17652544,,,,,,0.00541129,0.011256711,0.2751644,0.22773793,0.10730639,0.24443832,0.9320444
,,-1.0033668,5.0057,8.471667,1696605872452,,-0.5134559,0.27764454,0.04436451,,,,,,-0.0119698765,0.01207908,0.17580414,0.24334385,0.11754653,0.23922853,0.93033296
,,-1.0658334,4.9263,8.449767,1696605872714,,-0.37223554,0.2648548,0.105648816,,,,,,-0.039750043,-0.11873116,0.17722099,0.2458736,0.11882862,0.23709106,0.9304048
,,-0.75219995,4.6123343,8.781967,1696605872975,,0.41300294,-0.44151345,-0.4203304,,,,,,0.18591402,-0.068935275,0.28420874,0.2258878,0.11078845,0.24750479,0.9336339
,,-0.7007333,4.2291,9.022201,1696605873234,,0.015321077,0.47588596,-0.28390622,,,,,,0.17348142,-0.045705494,0.274489,0.20341851,0.10361676,0.2564366,0.9379818
,,-0.88963336,3.9720674,9.142467,1696605873484,,0.33160138,0.15121236,0.112576604,,,,,,0.11346049,0.016878566,0.24297498,0.18413353,0.10670977,0.26159373,0.94071585
,,-0.9955,3.7906668,9.123999,1696605873744,,0.30455637,-0.04543032,0.096722625,,,,,,0.15541704,-0.011053061,0.16969757,0.17367181,0.112656206,0.26549652,0.94113827
,,-0.9797667,3.687367,9.274131,1696605874004,,0.369571,0.099387154,-0.13482547,,,,,,0.22523464,0.027140968,0.2623348,0.16511743,0.115051046,0.2701885,0.9413415
,,-1.1447335,3.6615999,9.192233,1696605874255,,0.5647482,-0.061284307,-0.13056222,,,,,,0.08522223,-0.01027917,0.18920988,0.16598012,0.11622132,0.26681727,0.94195354
,,-1.2631669,3.8848662,8.970799,1696605874509,,-0.23527844,0.0062616575,0.096722625,,,,,,-0.022941219,0.044848282,0.049715266,0.17615815,0.11686136,0.25667226,0.9425566
,,-1.2369,4.0778337,9.038234,1696605874759,,-0.17865707,0.4547029,0.17346123,,,,,,0.019345772,0.098325565,0.1834678,0.18405356,0.11784545,0.24913578,0.9428476
52.52264333333333,13.319740000000001,-1.1259999,4.2284994,9.011666,1696605875000,2.6,0.10671463,0.38289368,-0.23474553,,,,,,0.076710366,0.07596197,0.22568247,0.19502339,0.11598947,0.23765391,0.94394165
,,-1.0672334,4.104966,9.099267,1696605875019,,0.77577937,0.13322675,-0.086730614,,,,,,0.14453994,0.06505556,0.2636035,0.18796158,0.11597525,0.24563679,0.9432774
,,-1.3378665,4.4277663,8.753601,1696605875527,,-0.715028,-0.2992273,0.20836665,,,,,,-0.0077311834,0.013246433,0.11720514,0.20910087,0.123365276,0.22505717,0.9429973
,,-1.2384666,4.6128993,8.7803335,1696605875785,,0.41620037,0.17239542,-0.11577405,,,,,,0.09079768,0.049917873,0.21924308,0.21858354,0.12265167,0.21351121,0.9435764
,,-1.3871,4.7064996,8.746833,1696605876037,,0.13216093,0.284972,-0.29349855,,,,,,0.02765449,0.06799154,0.24328153,0.2234644,0.1248306,0.2013812,0.94455856
,,-1.5739332,4.806267,8.5587,1696605876297,,-0.33053556,-0.036370903,0.02584599,,,,,,-0.008831771,0.02274054,0.16959462,0.232783,0.12965918,0.18464306,0.94465375
,,-1.7688334,5.1166334,8.236667,1696605876549,,0.014255263,-0.1364242,0.34159338,,,,,,-0.059300534,0.0728735,0.02259299,0.24883474,0.1350518,0.1649986,0.94370055
,,-1.6577001,5.3358,8.347966,1696605876805,,-0.0014654943,0.2728484,-0.15654144,,,,,,0.08262629,0.13131224,0.23296662,0.25942865,0.13487063,0.15034434,0.9437531
,,-1.5145,5.2429996,8.447467,1696605877060,,0.39501733,0.25806022,-0.15547562,,,,,,0.1661389,0.0927904,0.2909044,0.25834996,0.1287242,0.13866426,0.9467441
,,-1.4687667,5.1748004,8.356066,1696605877311,,0.04543032,0.17346123,-0.070743404,,,,,,0.18076771,0.106559806,0.15168537,0.25557467,0.123625144,0.124971405,0.94990355
,,-1.4089333,5.066867,8.339967,1696605877573,,-0.66160405,0.32147616,0.091926455,,,,,,0.20595375,0.04314412,0.10514153,0.2552181,0.117795914,0.10908295,0.9524348
,,-1.1396333,4.917499,8.618766,1696605877826,,0.035837997,0.11097788,0.07607248,,,,,,0.2960151,0.086036645,0.24507783,0.24645592,0.10435677,0.095154636,0.95728946
52.52272333333334,13.319751666666665,-0.84673345,4.318367,8.928667,1696605878000,2.7,-0.19237943,0.22994937,0.08246736,,,,,,0.1642225,-0.016686391,0.21913843,0.22273366,0.07320783,0.06812165,0.9684312
,,-0.90050006,4.5986,8.8479,1696605878081,,-1.3882228,-0.5023981,-0.163336,,,,,,0.30127543,-0.00548083,0.30349097,0.235716,0.08835208,0.08300416,0.96273863
,,-0.7134002,4.1846995,8.960035,1696605878590,,0.13962163,0.26072475,-0.15281108,,,,,,0.1403193,-0.0027423382,0.1603573,0.21608536,0.06094867,0.05633431,0.9719294
,,-0.6759332,4.1868,9.069266,1696605878851,,0.70543563,0.36171064,-0.022648549,,,,,,0.10750086,0.031434536,0.2465349,0.21494044,0.055136774,0.04957207,0.9731348
,,-0.59646666,4.1013994,9.232999,1696605879101,,0.16280308,-0.0062616575,-0.10671463,,,,,,0.1024151,0.006767392,0.36329895,0.2115002,0.05033659,0.050663922,0.9743832
,,-0.6611667,4.1653333,9.059867,1696605879356,,-0.3077538,-0.22994937,0.04916067,,,,,,0.055916753,-0.0072601237,0.22971788,0.21534291,0.05267138,0.056573853,0.9729881
,,-0.74913335,4.334433,9.050266,1696605879607,,0.39555022,0.15800692,0.021582734,,,,,,0.02632174,0.060398545,0.27689132,0.22015007,0.057670075,0.064800926,0.97094077
,,-0.8325333,4.4710336,8.936967,1696605879868,,0.3252065,0.113109514,-0.08033573,,,,,,0.04985111,0.027689537,0.25441068,0.22856626,0.066253714,0.076102294,0.967654
,,-0.86923337,4.680533,8.884869,1696605880123,,-0.10098588,-0.33200106,-0.359579,,,,,,0.094903916,0.095183425,0.27783114,0.23543923,0.07372145,0.08719411,0.9646931
,,-0.9163333,4.6308002,8.855434,1696605880374,,-0.29563016,0.12789768,0.048627764,,,,,,0.03376996,0.019355083,0.25963885,0.23637754,0.075086504,0.09693785,0.9635588
,,-0.7465,4.6368666,8.984667,1696605880628,,0.7964295,-0.555822,-0.12683187,,,,,,0.08126934,0.09648929,0.34579143,0.23286255,0.07045972,0.10704816,0.96359897
