98#1#2
key,lat,lon,ts,bike,childCheckBox,trailerCheckBox,pLoc,incident,i1,i2,i3,i4,i5,i6,i7,i8,i9,scary,desc,i10
,,,,1,0,0,0,-5,0,0,0,0,0,0,0,0,0,0,,0

=========================
98#1
lat,lon,X,Y,Z,timeStamp,acc,a,b,c,obsDistanceLeft1,obsDistanceLeft2,obsDistanceRight1,obsDistanceRight2,obsClosePassEvent,XL,YL,ZL,RX,RY,RZ,RC
52.53390127,13.39386966,-0.24111676,1.9058036,9.760563,1697982446000,6.722153,0.6307942,-0.73884094,-0.38660106,,,,,,-0.072670616,-0.18559761,0.14257249,0.026312144,0.09908938,0.9374543,0.3181565
,,0.2022733,2.2340193,9.622098,1697982446437,,0.019929463,-0.13164136,0.03978257,,,,,,0.0881318,-0.08123229,0.03160957,0.05091691,0.10454934,0.92880875,0.34342894
,,0.34105703,2.6814773,9.480442,1697982446688,,-0.2757291,0.06994402,0.28290674,,,,,,0.14567798,-0.0044780253,-0.01867342,0.062136766,0.122540474,0.9209423,0.36131206
,,0.2945565,2.8457842,9.486506,1697982446940,,-0.45532334,0.833525,0.23587017,,,,,,0.011807775,0.06316964,0.028291257,0.06823912,0.1250075,0.91857725,0.3667892
,,0.17252254,2.594697,9.689336,1697982447190,,-0.41317368,0.40530878,0.4472294,,,,,,-0.043301884,0.053926986,0.16776472,0.059294675,0.116351165,0.92188674,0.36072934
,,-0.24039893,2.2153547,9.9286995,1697982447440,,0.8537599,-1.4450006,-0.24976733,,,,,,-0.17084628,-0.024041915,0.39244547,0.037973832,0.10651453,0.9287784,0.34722424
,,-0.13064814,2.0572689,9.629993,1697982447690,,-0.6404154,-0.2855793,-0.37194028,,,,,,-0.08318301,-0.08398892,0.0794463,0.03257511,0.10352204,0.93266267,0.33852512
,,-0.082392864,1.7308085,9.827481,1697982447943,,0.30520332,-0.83963364,-0.40248352,,,,,,-0.15215611,-0.24382569,0.25324818,0.030537961,0.09399566,0.9344042,0.33724043
,,0.0668395,1.5736002,9.796933,1697982448197,,-1.3123666,0.8506292,0.19860741,,,,,,-0.26575845,-0.20609815,0.23211865,0.039880387,0.07850036,0.9307581,0.3479177
,,-0.04849456,1.2796814,9.92511,1697982448499,,0.5941424,-0.6856957,-0.04818196,,,,,,-0.3698378,-0.21470146,0.3555659,0.03354109,0.06394188,0.9272185,0.35952324
,,-0.15489541,1.3404593,9.753703,1697982448753,,-0.1786016,0.49388418,0.4154644,,,,,,-0.43453538,-0.14009938,0.16023193,0.033209488,0.06290844,0.92248696,0.3722289
52.53387565,13.39365772,-0.1636691,1.2732208,10.010215,1697982449000,4.3888044,0.028481571,0.46944958,-0.1740201,,,,,,-0.2742788,-0.06644282,0.31871274,0.027046619,0.059594326,0.9142137,0.39509514
,,-0.0015155204,1.3998013,9.590672,1697982449003,,-0.2286925,-0.11575887,-0.22227842,,,,,,-0.28789195,-0.07908402,-0.06662806,0.035908543,0.06273657,0.91816294,0.3841971
,,-0.3548556,1.284228,9.844392,1697982449516,,-0.49625129,-0.30634868,-0.3456731,,,,,,-0.14121588,0.09434507,0.12492091,0.013225093,0.058030628,0.91079384,0.40429628
,,-0.5118248,1.1023734,10.119647,1697982449767,,-0.47609273,0.3008509,-0.21006113,,,,,,0.048546854,0.13837844,0.27501756,-0.006886206,0.054933976,0.90718204,0.414244
,,-0.6193422,1.1627523,10.116694,1697982450017,,0.57520556,0.27275112,0.1625664,,,,,,0.09498433,0.22630545,0.22888125,-0.012300265,0.058400355,0.895787,0.43567893
,,-0.71345997,1.1978471,10.112388,1697982450268,,0.7279217,-0.12186752,0.44478592,,,,,,0.17226489,0.23997024,0.24750121,-0.018104669,0.06415752,0.8856909,0.4541236
,,-0.7525427,1.3592031,10.044511,1697982450519,,-0.32154396,-0.23915356,0.38369945,,,,,,0.21786381,0.2180644,0.2168378,-0.017499577,0.074721456,0.87782687,0.46849224
,,-0.58233327,1.5730416,9.761519,1697982450770,,-0.44493863,0.21716243,-0.051236283,,,,,,0.43523487,0.20102246,-0.048905883,-0.012391665,0.085254915,0.8729406,0.47664648
,,-0.61104715,1.7173289,9.853245,1697982451020,,0.3992765,0.6551525,-0.5851321,,,,,,0.4579883,0.1566027,0.056848492,-0.009809944,0.09518683,0.8675601,0.48497054
,,-0.8428318,1.8740586,9.801162,1697982451270,,-0.24824017,0.085215636,-0.5350412,,,,,,0.43021533,0.07362204,0.042480182,-0.0123316515,0.11152622,0.8602812,0.49410686
,,-0.83102727,1.8990235,9.722675,1697982451525,,0.36018115,-1.009454,-0.54114985,,,,,,0.5132593,-0.105636604,-8.575122E-4,-0.010182956,0.12296637,0.85305417,0.5029759
,,-0.5691728,2.1458828,9.77468,1697982451798,,0.81771886,-0.61422455,-0.39759663,,,,,,0.52871287,-0.12604648,0.07868715,0.009021876,0.12546399,0.8358553,0.52555925
52.53387894,13.39348931,-0.5233901,2.5015366,9.900065,1697982452000,3.7900925,0.56970775,-0.20127994,-0.4012618,,,,,,0.19332896,-0.061887536,0.256404,0.043550607,0.12188498,0.7854077,0.5952384
,,-0.39784664,2.3808584,9.773644,1697982452050,,0.0816268,1.1817179,0.25175264,,,,,,0.36516818,-0.11244902,0.13583985,0.033543654,0.122400634,0.8094746,0.56016773
,,-0.43876395,2.5700507,9.864253,1697982452554,,-0.23174682,0.0876591,-0.2870301,,,,,,0.18616241,-0.08587189,0.21891709,0.055681568,0.12147978,0.7610287,0.62828994
,,-0.2550749,2.6331415,9.783854,1697982452806,,0.37239844,-0.43829548,-0.4757873,,,,,,0.18901695,-0.106706195,0.18264066,0.071580976,0.11655911,0.73669326,0.65835196
,,-0.13710873,2.8105295,9.941939,1697982453058,,0.762741,-2.234238,-0.50816315,,,,,,0.20158729,-0.02969631,0.2709166,0.084841065,0.11560644,0.71255296,0.6842455
,,-0.08486544,2.7142587,9.716295,1697982453311,,0.62224215,-0.5763509,-0.3982075,,,,,,0.2371171,-0.08530471,-0.024231862,0.090039186,0.109638,0.6912071,0.7052681
,,-0.050249282,2.601397,9.922159,1697982453563,,1.0193043,-0.39858928,-0.89667314,,,,,,0.39743045,-0.0736142,0.10121746,0.08501468,0.10560523,0.6720498,0.72390807
,,-0.056151576,2.6415167,9.766067,1697982453814,,0.1060614,-0.18845178,-0.07506001,,,,,,0.2893427,-0.10438765,-0.01260759,0.09565342,0.100185834,0.6411788,0.7505342
,,-0.19860427,2.7324438,9.915137,1697982454065,,0.51106477,-0.09560034,0.016569708,,,,,,0.07646881,0.027730465,0.09759361,0.10009735,0.09307816,0.61354697,0.7746175
,,-0.1252244,2.7826931,9.885467,1697982454316,,0.3595703,-0.22571453,-0.14897464,,,,,,0.048889916,0.04218591,0.050635956,0.10801935,0.087903485,0.59077126,0.7926235
,,0.059262235,2.772643,9.934361,1697982454567,,1.8616868,-0.548862,-0.6254492,,,,,,0.012126432,-0.020156829,0.14294736,0.11828336,0.07810508,0.57209325,0.8065208
,,-0.08255239,2.9966114,9.966745,1697982454822,,-0.8847613,1.2983931,0.22548546,,,,,,-0.10128539,0.022673558,0.19616155,0.12716895,0.079477295,0.55519664,0.81694657
52.53391452,13.39334579,-0.21671,3.2618957,9.847502,1697982455000,3.7900925,-0.35636324,0.67714363,0.30856308,,,,,,-0.2899173,0.04393669,0.14425187,0.1424053,0.08092924,0.534926,0.8279763
,,-0.23944181,3.1260636,9.815439,1697982455074,,0.60269445,0.946535,-0.48678288,,,,,,-0.26765192,0.020608902,0.111070365,0.13550465,0.08042713,0.5427011,0.82424337
,,-0.2192623,3.2740989,9.640285,1697982455579,,-0.15722132,0.35705048,0.21754421,,,,,,-0.30679655,-0.14336008,0.05641106,0.15209213,0.08351557,0.52857614,0.8303577
,,-0.29008982,3.359124,9.682715,1697982455831,,-0.033215772,0.33505934,0.124692775,,,,,,-0.35011485,-0.108827755,0.086220376,0.15294327,0.086613774,0.5284032,0.82999575
,,-0.4054239,3.4150364,9.372448,1697982456082,,-0.4455495,0.5207622,-0.059177525,,,,,,-0.30643559,-0.05362137,-0.2187726,0.14857794,0.09373578,0.53214806,0.82750285
,,-0.41260234,3.1932218,9.466963,1697982456334,,-0.57199854,-0.10720677,0.1485165,,,,,,-0.23870736,-0.09777312,-0.07306604,0.13682324,0.09597386,0.5380323,0.8252955
,,-0.4780859,3.1256645,9.498072,1697982456587,,0.21235187,-0.66065025,-0.043905906,,,,,,-0.19482058,-0.010166947,-0.058996025,0.12534639,0.097090244,0.54041696,0.82535386
,,-0.61399823,2.9702108,9.4534855,1697982456837,,0.16287182,-0.88789195,0.100869045,,,,,,-0.16526605,0.022537922,-0.1367207,0.1121489,0.0985727,0.54294294,0.8257428
,,-0.54117674,2.9169304,9.616594,1697982457088,,0.1683696,-0.6856957,-0.17463097,,,,,,0.007571871,0.107709296,-0.10772673,0.10311638,0.09880206,0.54478556,0.8259794
,,-0.4073381,2.8825536,9.666684,1697982457338,,0.9710459,0.43401942,-0.7085268,,,,,,0.15469761,0.15590762,-0.04682363,0.10031239,0.09710432,0.5415419,0.82864976
,,-0.46540394,2.8879776,9.743893,1697982457590,,0.4182133,-0.45234537,-0.36766425,,,,,,0.18489154,0.15456873,0.041405663,0.09930739,0.099415526,0.5285676,0.83662933
,,-0.5104688,2.975156,9.801241,1697982457842,,-0.28855726,-0.024740024,0.07582359,,,,,,0.16189228,0.21834715,0.06939988,0.10119061,0.09923617,0.5127694,0.8459356
52.53395257,13.39323527,-0.24438694,2.8103707,10.033266,1697982458000,3.7900925,1.2343286,-0.5977312,-0.49472412,,,,,,0.2002869,0.08451687,0.22285177,0.10828026,0.085165046,0.4832508,0.8628766
,,-0.38795626,2.8711476,9.771809,1697982458093,,0.090178914,-0.59345514,-0.23632832,,,,,,0.24169421,0.051854204,0.019362608,0.1069227,0.096618064,0.49784416,0.8541523
,,-0.13240284,2.743371,9.877651,1697982458601,,0.78167784,1.497535,-0.03718639,,,,,,0.12154926,0.14790675,0.12863281,0.11010118,0.07132549,0.46324852,0.8743285
,,-0.21264216,2.7708085,9.778508,1697982458851,,-0.3429242,0.43340856,0.20593779,,,,,,0.029097402,0.10794758,0.031190792,0.11574127,0.068853006,0.44181484,0.8852646
,,-0.22029921,2.746641,9.670114,1697982459102,,-0.42355835,0.4553997,0.31528258,,,,,,-0.03546872,0.053901475,-0.08045518,0.12008129,0.06522773,0.4262108,0.89291745
,,-0.20075782,2.7917857,9.711908,1697982459354,,-0.49136436,-0.046731155,0.009850195,,,,,,0.026247824,0.07577546,-0.007038466,0.12148147,0.06555551,0.41731593,0.89708453
,,-0.26456645,2.9376678,9.781381,1697982459604,,0.1372155,0.23365578,-0.2296088,,,,,,0.014827934,0.19477819,0.07198693,0.121477164,0.068087384,0.40968272,0.90052754
,,-0.40271205,3.045106,9.509954,1697982459855,,-0.21525347,-0.47006044,-0.0561232,,,,,,0.03717998,0.1047573,-0.118865296,0.1279534,0.07786865,0.4018713,0.9027187
,,-0.5362316,3.1765516,9.59163,1697982460108,,-0.08758274,-0.1499673,0.07704532,,,,,,0.028656062,0.08987594,-0.039443873,0.13172612,0.08703411,0.39850903,0.90327454
,,-0.5031308,3.1853254,9.615398,1697982460361,,-0.08147409,0.45112363,0.010461059,,,,,,-0.010229433,0.08240501,-0.0054637273,0.1333811,0.083578534,0.3950726,0.90474045
,,-0.4853442,3.294518,9.705926,1697982460615,,0.20929754,-0.43768463,-0.23449571,,,,,,-0.048778236,0.15177208,0.1318834,0.1373084,0.08096049,0.39166865,0.9058177
,,-0.47058848,3.3101513,9.525826,1697982460867,,-0.006948587,0.28435755,-0.14714205,,,,,,-0.17275363,0.102477446,0.010865657,0.14427651,0.075652935,0.3804374,0.90987295
52.53401129,13.3931246,-0.58911294,3.3527436,9.500702,1697982461000,3.7900925,-0.3673588,0.14202607,0.41424268,,,,,,-0.38013715,0.18022296,0.031891122,0.14687441,0.06969,0.36330205,0.9170495
,,-0.5510671,3.3507497,9.501341,1697982461119,,-0.24518585,0.041844238,0.2529744,,,,,,-0.3091259,0.15458895,0.013970312,0.14633365,0.072242245,0.36969954,0.9142938
,,-0.5466004,3.358805,9.472068,1697982461622,,-0.23480114,-0.23365578,0.2352593,,,,,,-0.346217,0.13968745,0.05581862,0.14874424,0.07098011,0.3608633,0.91767097
,,-0.44570303,3.4119258,9.456435,1697982461873,,0.021151192,0.20189081,-0.10560325,,,,,,-0.25069374,0.17829816,0.06793617,0.1500114,0.07108512,0.36303198,0.91653025
,,-0.38197422,3.4236505,9.406344,1697982462124,,0.1042288,0.17623448,-0.13492475,,,,,,-0.18463154,0.17861412,0.038712535,0.15017986,0.07159952,0.36497763,0.9156419
,,-0.37375885,3.3744383,9.492725,1697982462374,,0.292986,-0.3564396,-0.27053675,,,,,,-0.11211173,0.12092579,0.11851256,0.14879033,0.07520703,0.3708229,0.9132876
,,-0.3590829,3.422055,9.420144,1697982462625,,-0.06498074,0.07177661,0.1796706,,,,,,-0.084006645,0.09076368,0.07597739,0.15276931,0.076651774,0.37321475,0.91161287
,,-0.20602202,3.5062826,9.469275,1697982462875,,-0.15355614,0.041233372,0.29206973,,,,,,0.056810346,0.1684185,0.11698106,0.15326843,0.07713869,0.37742168,0.90980804
,,-0.20227328,3.49065,9.457553,1697982463127,,0.22640176,0.14813471,-0.06406444,,,,,,0.069051966,0.1675215,0.09278008,0.1521449,0.07665058,0.3812498,0.9084128
,,-0.22333011,3.390071,9.379866,1697982463377,,-0.9702823,-0.85551614,0.21937682,,,,,,0.020595023,0.10599754,-6.7777635E-4,0.1494661,0.078158565,0.3832347,0.9078595
,,0.021694917,3.2331815,9.55518,1697982463628,,1.5208242,1.2012656,0.223042,,,,,,0.01823886,0.11469352,0.04482568,0.144717,0.065418795,0.38999686,0.90610725
,,0.020259222,3.2280774,9.523832,1697982463879,,0.6301834,-0.083993904,-0.49044806,,,,,,0.0024858634,0.07598344,0.008026076,0.14317332,0.06980918,0.40074173,0.9008836
52.53408083,13.39303224,-0.9001799,3.5754356,8.672547,1697982464000,3.7900925,-0.20731224,-1.4150683,-0.58635384,,,,,,0.13476826,-0.206826,-0.11665579,0.15246919,0.1411487,0.4158854,0.87317085
,,-0.13830513,3.363591,9.453645,1697982464133,,1.8671845,1.0015128,0.873613,,,,,,0.07309648,0.07726813,0.053490765,0.14150836,0.08781771,0.41468146,0.8920558
,,-1.8401604,4.4753766,7.727621,1697982464634,,2.850066,0.43829548,3.9572585,,,,,,0.044629477,-0.03739408,-0.22538568,0.18727238,0.1919724,0.3895435,0.85836625
,,-1.8585055,4.988158,7.433463,1697982464887,,-0.5145772,0.4150826,9.519182,,,,,,-0.44328377,-0.2313049,0.23862758,0.23822775,0.21707526,0.42623922,0.79887277
,,-0.5654242,3.8184667,6.2343388,1697982465138,,0.532445,-1.827402,-1.3181698,,,,,,-0.38605955,-0.8650942,-0.07860664,0.3030797,0.20429239,0.4959506,0.66782457
,,1.2663615,3.2741787,5.562355,1697982465391,,0.43837184,-1.9355251,-0.43485937,,,,,,-0.41838634,-0.9100735,0.015701326,0.37208033,0.1807902,0.5599574,0.53662354
,,3.5377884,2.8690743,4.4589453,1697982465643,,-0.85421807,-3.0497425,-2.3706899,,,,,,-0.1562252,-1.0190178,0.0096254265,0.45412844,0.15984474,0.6115666,0.41136897
,,5.7749987,2.8224943,3.1039696,1697982465893,,-1.49135,-0.9654718,1.9029201,,,,,,-0.13933535,-0.8605129,-0.01434288,0.54231274,0.12958843,0.6486221,0.30601272
,,8.076414,2.0839891,2.03701,1697982466144,,-0.12667808,-0.09376775,0.46494445,,,,,,-0.21099147,-0.84442824,0.13736315,0.61638397,0.082900815,0.704991,0.19415006
,,9.427003,1.5606787,0.3712066,1697982466401,,0.108504854,0.17867795,0.094760396,,,,,,0.12759133,-0.59699696,-0.24443874,0.67467695,0.057699904,0.6989292,0.12282106
,,9.591868,2.7216763,-0.6472585,1697982466652,,-0.2775617,-0.8597922,-0.19601123,,,,,,-0.03612779,0.13869981,-0.1184797,0.7200552,0.076849446,0.66043395,0.1164109
,,9.551111,3.3691745,-1.9020549,1697982466902,,0.027870705,-0.9062179,-0.6462186,,,,,,0.2505201,-0.19407208,-0.32182506,0.75411963,0.1147071,0.61872447,0.13227347
52.53414456,13.39292531,7.5030956,4.386044,-3.1923447,1697982467000,3.7900925,1.0602322,-0.3930915,0.31283912,,,,,,-0.5404182,-0.027094746,-0.30401668,0.78774035,0.17141636,0.5382541,0.17621906
,,8.419944,4.3369117,-2.8118055,1697982467154,,-1.1339941,-3.430922,-0.8679625,,,,,,-0.24165893,0.13777313,-0.30629703,0.7759951,0.15311357,0.57718563,0.15442926
,,6.875458,4.5831327,-3.8750963,1697982467656,,0.39255697,-0.1707367,0.17417282,,,,,,-0.41835228,-0.24000718,-0.340279,0.79494023,0.21583772,0.50164676,0.18148355
,,6.2810802,4.7586055,-4.6112885,1697982467906,,-0.6135373,0.44196066,-0.25098908,,,,,,-0.3359367,-0.50407004,-0.399991,0.8046169,0.26397932,0.46221778,0.18512693
,,5.3553777,5.2434716,-5.1692142,1697982468157,,-0.5267945,-0.21288638,-1.281518,,,,,,-0.31240234,-0.6283467,-0.3084003,0.80802906,0.3217353,0.42809358,0.2035572
,,4.1294537,6.2905703,-5.8675203,1697982468407,,0.5898663,-0.47739083,-1.828242,,,,,,-0.6256695,0.18991636,-0.424418,0.80650353,0.36553702,0.39656344,0.21662095
,,3.4377682,6.0917273,-6.4493756,1697982468657,,1.0877211,0.031459536,-0.3475057,,,,,,-0.5669953,-0.01442275,-0.3827905,0.797169,0.40755644,0.36579955,0.22449467
,,3.0430326,6.215118,-6.819944,1697982468909,,1.7621158,-0.2849684,-0.52404565,,,,,,-0.25941673,0.221047,-0.220621,0.7862267,0.4497776,0.33735147,0.21446902
,,2.2488546,5.690292,-7.2345395,1697982469160,,0.64973104,-0.30695954,-0.0054214248,,,,,,-0.12434241,0.34768096,-0.16883114,0.7714228,0.49668643,0.28047195,0.20368545
,,1.2760127,5.055876,-7.5120263,1697982469410,,-2.3508368,0.69058263,0.57612187,,,,,,-5.4259895E-4,0.33920762,0.020359373,0.7563238,0.543288,0.21881843,0.19764695
,,0.55545384,5.1343594,-7.785446,1697982469662,,-1.7363068,0.101708986,0.37881252,,,,,,0.144159,0.334766,0.02980868,0.7484695,0.5741058,0.17828625,0.21019813
,,0.10416753,4.894519,-7.6463437,1697982469913,,0.33941174,0.15729769,0.05383246,,,,,,0.2005836,0.053283732,0.27047214,0.74426097,0.5828179,0.15975584,0.22686265
52.53417744,13.39277535,-0.006380862,4.7636323,-7.85093,1697982470000,4.8162394,1.9893575,0.06811142,-0.37438375,,,,,,0.39690697,-0.009021687,0.17242303,0.75047606,0.58203804,0.14049615,0.22480349
,,0.098265246,5.008497,-7.6908507,1697982470165,,1.6857578,-0.050396346,-0.21372631,,,,,,0.44164324,0.003759392,0.108684234,0.7468098,0.5810215,0.1511704,0.23175797
,,0.004785649,4.498985,-7.79438,1697982470665,,-0.71799517,0.028405212,-0.038408123,,,,,,0.31395933,-0.1548914,0.19797209,0.7551571,0.57794017,0.13938263,0.21636626
,,0.1899104,4.906483,-7.825008,1697982470917,,-2.3172393,-0.1273653,0.5425243,,,,,,0.31627825,-0.030312559,0.11519609,0.75784814,0.5726457,0.15600571,0.22025481
,,0.019621182,5.2812786,-7.656873,1697982471169,,-0.7870229,-0.5415316,0.22548546,,,,,,0.28341535,0.089120865,0.061308384,0.7570056,0.5611675,0.16337408,0.23738757
,,0.3275774,5.4125648,-7.449175,1697982471419,,-3.993452,0.32039857,-1.0365611,,,,,,0.46619034,-0.19708301,-0.3129097,0.7561001,0.5383279,0.17580174,0.25211582
,,0.41148573,5.419026,-5.5006204,1697982471671,,-0.27328563,-2.9941537,1.7465388,,,,,,0.38321945,-0.29143497,-0.14572576,0.71054226,0.49250993,0.21061788,0.3136977
,,0.8425129,5.3387856,-2.9698114,1697982471928,,-0.21342088,3.7693412,0.021456625,,,,,,0.0643269,-0.43439305,-0.2690052,0.6400079,0.39529592,0.26563734,0.41627967
,,1.1989638,6.251409,-0.26400855,1697982472179,,-0.96111935,0.19639303,0.2511418,,,,,,0.24712442,-0.23715477,-0.44668263,0.55155975,0.31437528,0.3487051,0.54151726
,,0.8449854,6.3209605,2.6076186,1697982472438,,-1.617799,-1.068708,-0.12454005,,,,,,0.038117036,-0.29481253,-0.6348912,0.4445178,0.24384029,0.41938743,0.65858436
,,0.634417,5.0834723,5.542257,1697982472689,,1.8299218,-0.05589413,0.61582804,,,,,,-0.25431404,-0.4879459,-0.32098377,0.3246139,0.17102809,0.46256843,0.74521995
,,0.23210384,3.9087553,7.7856073,1697982472940,,0.032757625,0.03084867,-0.4030944,,,,,,-0.5578477,-0.26851276,-0.045898262,0.2233331,0.114012845,0.48469076,0.81429136
52.53424152,13.3926185,-0.22197421,3.2631724,8.953304,1697982473000,4.418687,-0.19020802,1.0198387,0.00923933,,,,,,-0.33994952,0.074035816,-0.11804997,0.14428124,0.08437671,0.48419073,0.8526712
,,0.0839084,3.2469804,8.53815,1697982473190,,0.22456917,-0.46883872,0.039171703,,,,,,-0.57727605,-0.09018712,-0.18043329,0.17062874,0.077395685,0.48412856,0.844031
,,-0.57108694,2.7676184,9.329138,1697982473692,,0.16592614,0.02046397,0.07948878,,,,,,-0.5766289,-0.09023806,0.016810067,0.12613782,0.07718318,0.48175463,0.8595852
,,-0.23114668,2.907678,9.554781,1697982473944,,0.9905936,-0.22327107,-0.28458664,,,,,,-0.42662606,0.15498753,0.21744958,0.12692021,0.06352187,0.4799116,0.863571
,,0.014835493,3.565944,9.174401,1697982474195,,0.14637847,0.1273653,0.0037415468,,,,,,-0.20069358,0.23460636,-0.11998084,0.15205704,0.07503982,0.479328,0.85942537
,,-0.107597254,3.8663237,9.063215,1697982474445,,-0.70211273,0.33750278,0.20044,,,,,,-0.15245722,0.19539112,-0.07382839,0.1628283,0.092661954,0.47818488,0.85650533
,,-0.37966117,3.7492344,9.150155,1697982474696,,-0.6880628,-0.08888082,0.38858637,,,,,,-0.068564415,0.12632944,0.009482018,0.15239786,0.10787297,0.4857641,0.8517629
,,-0.78540415,3.4557943,9.263812,1697982474948,,0.016264275,-0.38820457,-0.6144536,,,,,,0.045327045,0.08067501,0.065388136,0.12730709,0.124638826,0.4980569,0.84577304
,,-0.8500103,3.255754,9.358967,1697982475199,,1.3577234,0.64537865,-0.042684175,,,,,,0.18895243,0.13659081,0.118165016,0.10964643,0.12705222,0.5015438,0.8452197
,,-1.0530015,2.9750757,9.350592,1697982475451,,-0.19448407,-0.30634868,-0.49411324,,,,,,0.3306904,0.040666923,0.07187195,0.09247891,0.13608414,0.5043508,0.84415716
,,-1.2742578,2.5625536,9.57161,1697982475702,,0.18669555,-0.22693627,-0.24304782,,,,,,0.41829357,-0.0024944863,0.20872536,0.07056299,0.14056394,0.50569654,0.84565634
,,-1.3260225,2.285704,9.719565,1697982475952,,0.032757625,-0.80664694,-0.80076736,,,,,,0.57094574,0.009184412,0.25325745,0.053513832,0.1418336,0.49908215,0.8512339
52.53430916,13.39249849,-0.99198455,2.4728227,9.781939,1697982476000,3.7900925,1.0168608,-0.3686569,-0.4428006,,,,,,0.55130535,0.026504355,0.30638334,0.07616698,0.12345651,0.4405384,0.88072205
,,-1.2098908,2.2973492,9.745967,1697982476212,,0.37606362,-0.47372565,-0.48739374,,,,,,0.6157785,0.02031718,0.28075907,0.05737802,0.13611981,0.4769316,0.86313003
,,-0.87984097,2.8098915,9.569535,1697982476716,,0.26794055,-0.26053384,-0.098272875,,,,,,0.4260718,0.01758639,0.15701135,0.100074105,0.11687026,0.40550554,0.89475447
,,-0.7308479,3.118805,9.509157,1697982476969,,-0.09918917,0.13164136,-0.0017562362,,,,,,0.27082887,0.0865561,0.111972615,0.12194208,0.1041364,0.37078407,0.909671
,,-0.38484555,3.4366522,9.315659,1697982477220,,-0.15783219,0.49266243,-0.08422298,,,,,,0.23881422,0.12685777,-0.00314881,0.14581253,0.08806808,0.33891943,0.9217487
,,-0.37032917,3.6866221,9.319566,1697982477472,,-0.40278897,0.01924224,0.21815509,,,,,,0.07337511,0.13507889,0.023502192,0.1643355,0.07796637,0.31231543,0.9309886
,,-0.42823547,3.8725438,9.265806,1697982477725,,-2.290743E-4,-0.37965247,0.066049755,,,,,,-0.061802626,0.15407842,-0.006007767,0.17539653,0.0749914,0.29548815,0.93567467
,,-0.5120641,4.0063825,9.120005,1697982477977,,0.040088,0.08032872,0.36781695,,,,,,-0.20215702,0.17961334,-0.09787073,0.1813909,0.07404525,0.28777063,0.9371884
,,-0.67589265,3.9594035,9.247622,1697982478227,,0.52694726,-0.80725783,0.19372049,,,,,,-0.31664923,0.15530287,0.009110959,0.18024896,0.07473979,0.28803006,0.93727815
,,-0.7432106,3.9790246,9.271231,1697982478478,,0.15309799,0.15363249,0.034284785,,,,,,-0.42966887,0.14684413,0.024110952,0.18262605,0.07175282,0.28944314,0.93655676
,,-0.9437292,3.982535,9.356813,1697982478728,,0.12560907,-0.17318016,0.17478369,,,,,,-0.5956989,0.15702659,0.11301749,0.1807045,0.07469113,0.29668325,0.9343868
,,-0.8140383,4.010052,9.298269,1697982478978,,-0.78641206,0.42485645,0.57245666,,,,,,-0.5480424,0.21731488,0.016842524,0.17930153,0.072948664,0.3086178,0.9307927
52.53438814,13.39239626,-0.8516854,3.710071,9.365269,1697982479000,3.7900925,-0.08575014,-0.3130682,0.15706861,,,,,,-0.47651035,0.15655638,-0.02466518,0.16258474,0.07850419,0.34851706,0.9180988
,,-0.7700104,3.9350767,9.27139,1697982479229,,-0.25801402,0.26603162,0.19982915,,,,,,-0.5408321,0.19481564,-0.01217769,0.1753168,0.07261089,0.32476756,0.92575234
,,-0.8402795,3.578067,9.349793,1697982479735,,-0.80351627,-0.93859375,-0.10377065,,,,,,-0.38904235,0.18123966,-0.063748695,0.1508222,0.083565466,0.37324506,0.9089396
,,-0.7294121,3.3241885,9.419186,1697982479986,,0.08956805,0.33872452,-0.12515092,,,,,,-0.30779818,0.22876438,-0.07336681,0.13546062,0.08157258,0.39854047,0.9005826
,,-0.6393623,3.0173495,9.558927,1697982480237,,0.2862665,0.61239195,-0.012140937,,,,,,-0.15636799,0.2035939,-0.032281034,0.119345896,0.081420995,0.42181295,0.8928126
,,-0.73395836,2.8228135,9.674981,1697982480488,,-0.0900262,-0.22204934,-0.32123852,,,,,,-0.06431627,0.17322397,0.0653906,0.10552119,0.08912282,0.44087374,0.88540715
,,-0.8724231,2.7764719,9.632867,1697982480741,,-0.061926417,0.49388418,-0.08849903,,,,,,-0.058264814,0.18732539,-0.014749925,0.09903191,0.09539988,0.44826195,0.8823683
,,-0.76378894,2.9187653,9.69851,1697982480991,,0.19524765,-0.30146176,0.11308634,,,,,,-0.04841849,0.20442924,0.14973876,0.10590621,0.093737535,0.44206464,0.8843734
,,-0.60323054,3.10054,9.496395,1697982481244,,0.52511466,-0.45295623,-0.07383828,,,,,,-0.009836456,0.16208261,0.06913001,0.119904235,0.09145991,0.43025047,0.8879851
,,-0.72406805,3.4016368,9.467521,1697982481494,,0.38033968,-0.060781047,0.2664134,,,,,,-0.05903651,0.11534553,0.14305547,0.13447143,0.10043034,0.41722962,0.8912437
,,-0.71290153,3.5726438,9.398371,1697982481744,,0.3974439,0.07788526,0.18394665,,,,,,-0.05536866,0.097618036,0.11470566,0.14436945,0.10223995,0.40531725,0.89548886
,,-0.55345994,3.725466,9.187403,1697982481997,,-0.38018698,0.1621846,-0.065286174,,,,,,-0.00864598,0.06316512,-0.058381382,0.15507436,0.10119046,0.39471003,0.8992793
52.53446005,13.39226853,-0.29176486,3.8425539,9.155337,1697982482000,3.7900925,0.2862665,0.37659815,-0.6627119,,,,,,0.23562221,-0.035318397,-0.05852491,0.16597567,0.104908414,0.38926288,0.8996485
,,-0.42895332,3.8171906,9.235577,1697982482250,,0.037644543,-1.0705405,0.20105088,,,,,,0.09112499,-0.004752644,0.061193004,0.16310413,0.103043124,0.38948387,0.9002265
,,-0.36953157,3.8187056,9.275138,1697982482754,,0.14271328,0.0632245,-0.1966221,,,,,,0.23610547,0.003983863,-0.039783016,0.16167101,0.10629566,0.38576016,0.9017431
,,-0.35469607,3.649533,9.177512,1697982483007,,-0.32337654,0.092546016,0.23098324,,,,,,0.28701067,-0.06869224,-0.15617128,0.15739383,0.10464599,0.37946495,0.90524274
,,-0.3253441,3.7602403,9.235099,1697982483259,,0.17447825,-0.06750056,0.20532693,,,,,,0.29789886,0.026157951,-0.08336094,0.15829259,0.1039556,0.3738561,0.9075165
,,-0.3498307,3.6523242,9.265089,1697982483510,,0.12621993,0.58245957,0.8595631,,,,,,0.18077342,4.8402944E-4,-0.07692731,0.15810509,0.09845181,0.3733721,0.90831125
,,-0.22293134,3.6063027,9.3594475,1697982483760,,0.80244726,-0.8634574,-0.29863653,,,,,,0.16592427,0.03666195,-0.005603536,0.15597902,0.08995274,0.3802869,0.9063318
,,-0.24821553,3.615715,9.284152,1697982484010,,-1.1981349,0.95386535,0.43684468,,,,,,0.030726828,0.099490404,-0.10063849,0.1573034,0.08107759,0.38376,0.9052443
,,-0.294716,3.4281971,9.370374,1697982484260,,0.1494328,-0.7199041,-0.18012875,,,,,,0.06535439,0.024845442,0.005831083,0.14982826,0.08263645,0.39897934,0.8991787
,,-0.22851457,3.5042882,9.490494,1697982484512,,0.30275986,-0.36438084,-0.25709772,,,,,,0.085350305,0.118821286,0.10920143,0.1484401,0.08276739,0.413626,0.89301914
,,-0.14540388,3.5226333,9.372366,1697982484764,,0.4426479,-1.0558797,-0.17951788,,,,,,0.0039433213,0.06773161,0.010894171,0.15383917,0.07818238,0.42098463,0.8892056
52.53451804,13.39213337,-0.09595219,3.570889,9.440803,1697982485000,3.7900925,-0.047876526,0.24648394,-0.0891099,,,,,,-0.025870558,0.12782094,0.03723763,0.15649252,0.07381966,0.41311178,0.8926469
,,-0.024167502,3.6647675,9.369893,1697982485015,,-0.63491756,0.08949169,0.18272492,,,,,,0.005600994,0.095140144,0.022780562,0.16275217,0.07252524,0.4201439,0.8882281
,,-0.003429715,3.6744182,9.337352,1697982485265,,0.0028252497,0.110871956,-0.11110103,,,,,,-0.025984688,0.13527122,-0.042788997,0.1640471,0.07009746,0.41504043,0.89067453
,,-0.040358946,3.6469812,9.39175,1697982485766,,0.09812015,-0.11514801,-0.0041996953,,,,,,-0.03445769,0.22525316,-0.09030433,0.15693618,0.07025916,0.4026366,0.89802444
,,-0.1420539,3.5456047,9.378189,1697982486018,,0.16470441,0.1640172,0.24625486,,,,,,-0.04790076,0.23465227,-0.12878178,0.15137278,0.07043911,0.39656872,0.90166205
,,-0.35740796,3.3262625,9.500143,1697982486269,,0.18119776,-0.06444623,0.32322383,,,,,,-0.07454787,0.22930463,-0.06782533,0.13804774,0.0753545,0.39949894,0.9021185
,,-0.4828716,3.090969,9.614599,1697982486519,,1.2001202,-1.2165372,-0.27175847,,,,,,-0.07251799,0.2025661,0.04358376,0.12246797,0.07912267,0.41077587,0.89935917
,,-0.6660023,3.046542,9.501898,1697982486769,,0.19769111,-0.1188132,0.03489565,,,,,,-0.16550131,0.17546934,-0.0941888,0.11928754,0.083909325,0.4212038,0.8943549
,,-0.5912665,3.128536,9.502136,1697982487021,,0.09078978,0.11575887,-0.3023017,,,,,,-0.0865614,0.22150841,-0.08051896,0.11936101,0.08729116,0.43582293,0.8868384
,,-0.5929414,3.2267213,9.3962145,1697982487272,,-0.25740314,-0.21655156,0.3409389,,,,,,-0.1683245,0.19563888,-0.12108668,0.125504,0.088952854,0.44572955,0.8810269
,,-0.47194442,3.256711,9.363275,1697982487523,,-0.06620247,-0.11270455,-0.011530072,,,,,,-0.14053997,0.11009519,-0.12995292,0.131121,0.08937479,0.45541093,0.87548625
,,-0.08462616,3.2771301,9.23829,1697982487774,,0.11155918,0.74372786,0.035506517,,,,,,0.04488698,0.11142159,-0.2530153,0.1374243,0.08195346,0.46211812,0.8718244
52.53457558,13.39201144,-0.24239293,3.4183068,9.278489,1697982488000,3.7900925,0.38828093,-0.43524116,-0.33589926,,,,,,0.12947078,0.07026605,-0.11918737,0.14305235,0.096205726,0.45323917,0.87396187
,,-0.16055842,3.3888752,9.272427,1697982488024,,0.1372155,-0.14385866,-0.1984547,,,,,,0.070505194,0.1363792,-0.20212612,0.14060995,0.08838131,0.4640311,0.8696259
,,-0.17435698,3.408576,9.290852,1697982488274,,-0.17127122,-0.019853106,-0.066507906,,,,,,0.1451111,0.10403059,-0.14049116,0.1414931,0.09354537,0.4611471,0.8703956
,,-0.21710876,3.4583468,9.358648,1697982488778,,0.40233082,-0.060781047,-0.52343476,,,,,,0.23052578,0.10589769,-0.0672654,0.14352773,0.09698618,0.4449134,0.87782615
,,-0.25499508,3.5535014,9.238209,1697982489028,,-0.6312524,-0.40958482,-0.10682498,,,,,,0.217759,0.10759973,-0.1564028,0.14850643,0.09660586,0.43057555,0.88364124
,,-0.4253641,3.6877382,9.296275,1697982489280,,0.09812015,0.160352,-0.31329727,,,,,,0.15231927,0.1092533,-0.03993378,0.15213367,0.10053882,0.41377786,0.8905016
,,-0.3743172,3.8638504,9.246984,1697982489531,,0.6057488,0.19822562,-0.33589926,,,,,,0.13866696,0.16799447,-0.0418568,0.16052882,0.09717586,0.39288452,0.8989562
,,-0.35429725,4.0027137,9.169218,1697982489781,,0.13171771,0.03084867,-0.24182609,,,,,,0.1587884,0.1938297,-0.07835042,0.16820739,0.09723619,0.37439978,0.9056415
,,-0.41635114,4.0849466,8.99829,1697982490033,,-0.5603921,0.07849612,0.19066617,,,,,,0.1203483,0.16972251,-0.22203557,0.17480882,0.09813353,0.35757932,0.9114925
,,-0.47361937,4.093242,9.06449,1697982490284,,-0.2286925,-0.20250167,0.09048434,,,,,,0.14843984,0.17384021,-0.11918087,0.17633022,0.0998768,0.34596995,0.91569865
,,-0.47720858,4.111268,9.080124,1697982490534,,-0.17066035,0.15485422,-0.21006113,,,,,,0.22232217,0.22546072,-0.07689853,0.17444062,0.10257314,0.3368467,0.9191852
,,-0.7317251,4.155216,9.04152,1697982490785,,0.7804561,0.5726857,0.62132585,,,,,,0.12252657,0.19923107,-0.08045929,0.17685007,0.10997965,0.32512552,0.92210716
52.53462991,13.39189506,-1.194896,3.806582,9.019504,1697982491000,3.7900925,2.7517169,-0.49449503,-1.475773,,,,,,0.059337717,-0.113419145,0.098248914,0.16949596,0.13056758,0.33942544,0.91062737
,,-0.6529215,3.8046675,9.005307,1697982491035,,-0.40462157,-0.8023709,-0.7207441,,,,,,0.16674656,0.043223564,-0.20842145,0.17497015,0.10208873,0.32732984,0.92190796
,,-0.8904491,3.7715666,9.104528,1697982491286,,0.6424007,1.0717622,0.1485165,,,,,,-0.029770922,0.15358149,-0.11081276,0.16635577,0.102966145,0.332251,0.92093503
,,-1.9906689,4.5996423,7.613004,1697982491788,,-0.6129264,1.4724896,2.7605743,,,,,,-0.45808268,-0.1813398,-0.0156986,0.2168843,0.17809497,0.32400864,0.8828467
,,-1.4685552,4.6736617,6.354221,1697982492042,,-1.780289,-4.6856384,9.889977,,,,,,-0.49257433,-0.61316204,0.35614902,0.27738702,0.20475608,0.36574808,0.8140835
,,0.8410771,3.5495927,5.4348187,1697982492293,,-0.003894263,-1.4963133,0.6451496,,,,,,0.2093312,-1.1126555,0.47860476,0.34459478,0.16734432,0.44875535,0.68198055
,,2.4286351,3.0645678,3.9909084,1697982492544,,-0.38629562,-0.50976664,-0.84963655,,,,,,0.06305361,-0.9836859,0.854049,0.426479,0.13493736,0.5094746,0.5466537
,,4.363711,2.637608,2.5467606,1697982492794,,-0.10835214,1.0558797,-1.1159736,,,,,,0.31546628,-1.1602511,0.80582297,0.517599,0.10328416,0.56734455,0.42066222
,,6.2312293,2.369453,1.6611773,1697982493044,,0.39255697,-0.66065025,-0.5136609,,,,,,0.113572516,-0.77108836,0.6501806,0.59245646,0.051321667,0.6276534,0.30887997
,,8.812686,1.2130015,1.0364114,1697982493295,,1.7718897,-1.3594795,-2.3706899,,,,,,0.86738074,-1.2386092,0.7681166,0.6447195,-0.0045772344,0.6847903,0.22335288
,,9.2761755,1.9425732,-0.15401784,1697982493547,,0.9105703,-0.2122755,-0.5454259,,,,,,0.5503367,-0.6153101,0.38267383,0.7026361,-0.020926721,0.6523486,0.17899472
,,7.9287777,3.0084958,-1.9740788,1697982493798,,0.8366557,-0.37598726,0.20715952,,,,,,0.050149266,-0.31129497,0.19868805,0.755945,0.03433589,0.57242846,0.18839557
52.53467547,13.391795,5.985487,4.8190656,-6.2776494,1697982494000,3.7900925,-1.1352159,-2.51829,-1.7005712,,,,,,0.5865513,-0.3270958,-0.10074241,0.8548369,0.23880419,0.37225124,0.18733074
,,6.859744,3.7638304,-3.3202808,1697982494050,,-0.1786016,0.14935644,-0.120264,,,,,,0.19830754,-0.30179694,-0.017996185,0.79668945,0.10572197,0.49612454,0.19662358
,,5.980063,4.148756,-4.6029925,1697982494301,,-0.31238097,0.6368265,-0.41897687,,,,,,0.025397833,-0.3780604,0.059002034,0.8326372,0.16335055,0.42804915,0.19776796
,,4.443631,6.192545,-6.8484178,1697982494804,,-0.7607557,-0.044898562,0.43073604,,,,,,-0.030529412,0.5876179,-0.093472704,0.8292621,0.3377591,0.34297955,0.17723183
,,3.8304303,5.8463826,-6.728618,1697982495057,,1.0730604,-0.59528774,-0.14714205,,,,,,0.2054679,0.37565008,0.15651146,0.7855339,0.41965833,0.3450624,0.16741252
,,3.2202609,6.11414,-7.0234933,1697982495307,,1.9252167,-1.0760384,-0.5594758,,,,,,0.16740653,0.6088604,0.1250559,0.74270093,0.5007808,0.3293973,0.16468255
,,2.3854852,5.8668017,-7.0749383,1697982495558,,0.83726656,0.3442223,0.11675153,,,,,,0.21650985,0.68911207,0.23997064,0.6988084,0.57836896,0.28463167,0.1649989
,,1.4624934,5.235815,-7.5313287,1697982495808,,-1.8554254,0.25992295,0.31222826,,,,,,0.3736743,0.573044,0.16488406,0.6591751,0.655402,0.23192324,0.1572786
,,-0.03908283,4.921557,-7.627362,1697982496060,,-1.6746094,0.5195405,0.32139122,,,,,,-0.04673744,0.2972636,0.41485232,0.636245,0.7034244,0.19517326,0.1719386
,,-0.01962115,4.643352,-7.549515,1697982496311,,0.084070265,0.15851942,0.2700786,,,,,,0.30254695,-0.0554664,0.3860221,0.637802,0.70249254,0.18413036,0.1885725
,,-0.0398804,4.7254257,-7.77452,1697982496561,,1.0577887,-0.74617136,-0.16180281,,,,,,0.41711348,-0.10667903,0.13711235,0.6406841,0.6993587,0.17812096,0.20035249
,,-0.12809588,4.724628,-7.7025757,1697982496811,,2.0987022,-0.051618073,-0.60162544,,,,,,0.3365143,-0.1429197,0.16758533,0.64340186,0.69595915,0.17769797,0.20368944
52.53473505,13.39167745,0.14253242,4.741936,-7.7948594,1697982497000,4.6237335,-1.3575706,0.17867795,-0.098272875,,,,,,0.060406193,-0.095833056,0.08084153,0.6472992,0.6917034,0.19949843,0.18575838
,,-0.0955534,4.521956,-7.8451886,1697982497065,,0.35101816,0.205556,0.017180571,,,,,,0.2005684,-0.24077338,0.09620647,0.64479357,0.6961506,0.18158774,0.19472878
,,-0.01970089,4.5966125,-7.8166347,1697982497315,,-2.3056328,1.1603377,0.34765843,,,,,,0.1126207,-0.18151431,0.11442008,0.645701,0.69578534,0.18756832,0.1895414
,,0.15553348,4.7092338,-7.816713,1697982497818,,0.14088069,0.10720677,-0.17463097,,,,,,-0.03431403,-0.124387585,0.025536919,0.6462948,0.6916098,0.20465095,0.18156163
,,0.1478765,4.6800413,-7.838407,1697982498068,,1.0498475,-0.56169015,-0.28458664,,,,,,-0.018847266,-0.107938096,0.073406555,0.64452606,0.69578177,0.20350166,0.17631124
,,0.15314072,4.5927835,-7.8990254,1697982498319,,2.0534983,-0.085215636,-0.55519974,,,,,,0.020443879,-0.08220003,0.06906114,0.6423197,0.70053196,0.19836403,0.17139104
,,0.21599211,4.4875793,-7.914261,1697982498569,,-0.6068178,0.08155045,0.06666062,,,,,,0.04426443,-0.12815472,0.06934985,0.6399841,0.70329404,0.19516346,0.16701409
,,0.29040897,4.691927,-7.8264446,1697982498821,,-2.1443644,0.6007855,0.28596106,,,,,,0.05785892,-0.11551454,0.10096116,0.6376318,0.7040576,0.20420034,0.17090927
,,0.333719,4.877051,-7.724829,1697982499072,,-0.75342536,0.34666577,0.223042,,,,,,0.10848807,-0.08899424,0.06846584,0.6324568,0.7052586,0.21057199,0.17526917
,,0.3864409,4.8520055,-7.760402,1697982499324,,1.0461823,-0.3265072,-0.11843141,,,,,,0.17734763,-0.085070916,0.085584305,0.63015693,0.7080831,0.21068197,0.17333958
,,0.27453652,4.6865826,-7.92806,1697982499575,,1.6601014,-0.5439751,-0.46845692,,,,,,0.17491224,-0.08983682,0.058997568,0.63033783,0.71377176,0.1998991,0.16966476
,,0.13112672,4.415954,-7.9342017,1697982499825,,1.4499639,-0.20127994,-0.23571745,,,,,,0.15156183,-0.022614414,0.16122381,0.6265501,0.72151226,0.18350564,0.16157265
52.53481578,13.39156174,0.38340995,5.028915,-7.5933824,1697982500000,3.796673,-0.03932442,0.17867795,0.10942116,,,,,,0.20377846,0.029222973,0.13946962,0.6186815,0.7163037,0.21435952,0.17593636
,,0.18049851,4.3387456,-7.9569325,1697982500078,,-2.0625086,0.61178106,0.45089456,,,,,,0.1833389,-0.12892899,0.13335477,0.62358576,0.7240209,0.18369389,0.16092348
,,0.3554139,4.821856,-7.8384075,1697982500331,,-1.6367358,-0.13225223,0.05016727,,,,,,0.22447722,-0.04023816,0.07711641,0.6204969,0.72091186,0.20447543,0.17034633
,,0.44331026,4.9227543,-7.745407,1697982500831,,1.6429971,-0.50976664,-0.3426188,,,,,,0.24192065,0.017693026,0.09030972,0.622435,0.7158995,0.21018934,0.17331916
,,0.31106696,4.6325846,-7.900382,1697982501082,,1.942321,-0.07238748,-0.5918516,,,,,,0.22550526,0.049932845,0.14508344,0.6271645,0.7188689,0.19332977,0.16576189
,,0.24670002,4.222853,-7.9157763,1697982501332,,-0.9507347,0.40469792,0.15401429,,,,,,0.1653588,-0.07561981,0.1884576,0.6305708,0.7183589,0.1805738,0.156397
,,0.4135595,4.622216,-7.8743005,1697982501582,,-2.1529167,0.6013964,0.16073379,,,,,,0.1550706,-0.095500164,0.12610513,0.6357551,0.7107769,0.20185715,0.16262406
,,0.43836513,5.1755157,-7.6503325,1697982501832,,-0.46265373,0.37110037,0.27740896,,,,,,0.084573895,0.110141404,0.066483766,0.6344842,0.70119154,0.22334038,0.17303444
,,0.5536992,5.20399,-7.732885,1697982502083,,1.1396446,-0.051618073,-0.13492475,,,,,,0.07085713,0.13296804,-0.033345636,0.633882,0.69973207,0.22900105,0.17001097
,,0.45551366,4.8546386,-7.961,1697982502334,,1.9001713,-0.52626,-0.5319869,,,,,,0.08158828,0.068096876,-0.0029054165,0.6345752,0.7085234,0.212873,0.15999694
,,0.31234312,4.3633122,-8.0468235,1697982502586,,0.14637847,0.08277218,0.07704532,,,,,,0.043022312,0.07957557,0.085870296,0.62992954,0.7181082,0.18866411,0.14682645
,,0.39880374,4.4710684,-8.0499325,1697982502838,,-2.4369686,0.7486148,0.34216064,,,,,,0.07027213,0.006815664,0.052365683,0.6277335,0.7190227,0.19580722,0.1497924
52.53488143,13.39140584,0.6446265,4.9034514,-7.8794856,1697982503000,3.8945792,1.7822744,-0.77182764,-0.4464658,,,,,,0.31865326,0.072225735,0.05401055,0.6242753,0.71611315,0.21156527,0.16503611
,,0.55050874,5.134679,-7.841518,1697982503092,,-1.1547635,0.18967351,0.22059855,,,,,,0.12277581,0.18012735,-0.020575983,0.6224773,0.71411115,0.21982431,0.16486454
,,0.69551384,5.1822157,-7.7105517,1697982503343,,0.83360136,-0.12247839,-0.0035888306,,,,,,0.20171067,0.13249435,-0.011129681,0.6196693,0.71151096,0.22721007,0.16915433
,,0.41914275,4.489813,-7.980782,1697982503847,,1.1756856,-0.2953531,0.015347977,,,,,,0.3053173,0.16970618,0.17364655,0.6271358,0.721884,0.18316752,0.15480402
,,0.39649072,4.305086,-7.962755,1697982504099,,-2.2659266,0.5708531,0.74594223,,,,,,0.29346532,0.03589458,0.1673732,0.6314351,0.71891445,0.17893933,0.15160398
,,0.6352944,4.945326,-7.84447,1697982504349,,-1.5542691,0.03573559,-0.20822853,,,,,,0.35783136,0.116197295,0.07145605,0.6361453,0.7070649,0.20660654,0.16596222
,,0.6986245,5.211328,-7.5641913,1697982504600,,0.47929978,-0.024740024,-0.02008218,,,,,,0.3322818,0.18337981,0.11112644,0.6374609,0.69613063,0.22015257,0.17704205
,,0.72805613,5.054838,-7.7123065,1697982504853,,1.621617,-0.3668243,-0.17279838,,,,,,0.41596538,0.15477633,0.113741666,0.6449591,0.69464225,0.21016425,0.17526928
,,0.51780677,4.6609797,-7.9088373,1697982505104,,1.8067089,-0.016187917,-0.20456335,,,,,,0.37704793,0.22107615,0.22847407,0.65328366,0.6969472,0.18403785,0.16609006
,,0.44825548,4.2896132,-7.9085174,1697982505354,,-2.5548656,0.5348121,0.5107593,,,,,,0.34431893,0.10012294,0.2759437,0.662236,0.6909062,0.17220794,0.15861973
,,0.6686344,5.2294345,-7.8055463,1697982505604,,-1.8645884,0.3197877,0.55901766,,,,,,0.3656055,0.28278193,0.092254795,0.669341,0.67362255,0.20628063,0.1815927
,,0.71282184,5.744689,-7.426842,1697982505854,,1.5018874,-0.39920014,-0.16302454,,,,,,0.3027239,0.3875663,0.082388334,0.67132986,0.65556335,0.22771905,0.20177773
52.53493944,13.39125865,0.33459637,4.4157147,-7.9617176,1697982506000,4.477988,-1.9433899,0.72601277,0.6756928,,,,,,0.19309323,0.1943018,0.259772,0.7082661,0.64443386,0.16273321,0.17021061
,,0.6739784,5.3036923,-7.838648,1697982506104,,2.8842745,-0.17867795,-0.44035715,,,,,,0.39080995,0.4026095,0.08713619,0.6860525,0.6549381,0.20114335,0.18971196
,,0.31800613,4.178187,-8.100901,1697982506355,,-2.3202934,0.42913252,0.52358747,,,,,,0.29779285,0.25316766,0.33152902,0.70012355,0.659736,0.15143152,0.16013725
,,0.6800402,5.709913,-7.5477595,1697982506857,,1.3070215,-0.33689192,-0.22166756,,,,,,0.12655932,0.31636646,0.010274521,0.71107715,0.6137657,0.21831578,0.21049744
,,0.7129814,5.676413,-7.5767136,1697982507108,,2.646037,-0.37476555,-0.8123738,,,,,,0.05009149,0.3286305,0.029675705,0.7210992,0.6023391,0.2196897,0.20976368
,,0.39625138,4.4396434,-7.988039,1697982507359,,-2.0081415,0.3668243,0.16500984,,,,,,-0.061259188,0.16646992,0.25705895,0.7337005,0.6144381,0.16979983,0.17004527
,,0.29758736,4.389952,-7.9644303,1697982507610,,-2.110767,0.34910923,0.155236,,,,,,-0.2549411,0.044527795,0.2170373,0.73540246,0.61184824,0.17261055,0.16741547
,,0.6139983,5.649773,-7.556454,1697982507861,,1.1372012,-0.15913028,-0.3475057,,,,,,-0.3703489,0.15907167,-0.090671636,0.7272138,0.5923605,0.23155871,0.20411606
,,0.7375477,5.7590456,-7.604232,1697982508112,,2.6661956,-0.59589857,-0.52038044,,,,,,-0.32026273,0.22924498,-0.15875296,0.7230923,0.59475803,0.23988894,0.20365031
,,0.41826546,4.541418,-7.966425,1697982508365,,-1.287932,0.37048948,0.16012293,,,,,,-0.27273527,0.08844959,0.12694961,0.72388446,0.62143964,0.18761009,0.16412613
,,0.28211382,4.1659846,-8.020423,1697982508615,,-2.6043456,0.32100943,0.2841285,,,,,,-0.3016061,-0.093498535,0.1667049,0.7182306,0.6334023,0.1764936,0.15523408
,,0.62452674,5.4518075,-7.640044,1697982508866,,0.8775836,-0.013133593,0.006185006,,,,,,-0.23137064,0.12782846,-0.11650373,0.70640403,0.6202583,0.2281316,0.19290896
52.53501757,13.39113387,0.29495522,3.985964,-8.082556,1697982509000,4.0704746,-2.8792348,0.45051277,0.5938369,,,,,,-0.018005902,-0.031631906,0.24711603,0.7023599,0.6555489,0.16116649,0.15066634
,,0.7896313,5.768059,-7.495996,1697982509117,,2.2495859,-0.74617136,-0.4965567,,,,,,-0.12078032,0.22381867,-0.13178667,0.6997959,0.6199207,0.2427156,0.2014523
,,0.5159723,4.7905107,-7.970811,1697982509367,,0.4664716,-0.010690134,0.073380135,,,,,,-2.9553176E-4,0.229614,0.07591715,0.7030031,0.6428212,0.19236983,0.17033337
,,0.60051864,5.081717,-7.8243704,1697982509870,,-0.53779006,0.36438084,0.24258968,,,,,,-0.0071438453,0.12812671,-0.011078421,0.69688237,0.6418256,0.20700847,0.18145737
,,0.86899334,5.7775497,-7.4828353,1697982510122,,1.6991967,-0.3509418,-0.43485937,,,,,,0.030020202,0.25595692,-0.08716955,0.6901452,0.6310518,0.2400163,0.2007063
,,0.6775676,5.0647287,-7.85093,1697982510374,,2.1830018,-0.37598726,-0.3749946,,,,,,0.0627648,0.18384767,0.07200702,0.6940002,0.6465673,0.2079002,0.17939743
,,0.34656048,3.9455256,-8.116454,1697982510626,,-2.3160174,0.3460549,0.33666286,,,,,,0.024155209,-0.025423015,0.24420671,0.6948663,0.6632483,0.16166618,0.15040644
,,0.48223352,4.4800024,-7.9481597,1697982510877,,-2.0356305,0.3234529,0.48265955,,,,,,-0.008873278,-0.0664281,0.12205178,0.69070905,0.6589215,0.18670341,0.16445355
,,0.7725626,5.5768723,-7.459704,1697982511129,,1.1298708,-0.00763581,-0.1306487,,,,,,-0.045241375,0.11011656,-0.015064303,0.68130094,0.64400804,0.23841931,0.19365986
,,0.7527821,5.370052,-7.613484,1697982511380,,2.3051746,-0.6368265,-0.5325977,,,,,,-0.022761114,0.09936356,0.004555734,0.67884666,0.65237296,0.23275825,0.18479338
,,0.41754755,4.340262,-7.9542212,1697982511631,,-0.2775617,0.22999059,0.08987348,,,,,,0.0031976423,0.07801518,0.22750847,0.67828864,0.6755603,0.18246903,0.15371948
,,0.3361916,3.9708896,-8.033025,1697982511881,,-2.5823545,0.72356933,0.25908303,,,,,,-0.058845047,-0.114472054,0.21597402,0.67416835,0.6835015,0.17166033,0.1431397
52.5350942,13.39100564,0.71728843,5.0133615,-7.911071,1697982512000,3.7900925,2.3919175,-0.558025,-0.68470305,,,,,,-0.084206,0.13560842,-0.045407437,0.6555308,0.68545693,0.22489671,0.1567851
,,0.6529215,5.179824,-7.683353,1697982512132,,-0.46876237,0.33811367,-0.015806125,,,,,,-0.08508096,0.09081229,-0.005137348,0.666163,0.6711687,0.22473623,0.17145886
,,0.8150752,5.598886,-7.4680796,1697982512384,,1.6442189,-0.13041963,-0.48433942,,,,,,-0.13416882,0.17371586,-0.08037173,0.65779716,0.6655722,0.251942,0.17915168
,,0.44985065,3.9976885,-8.089734,1697982512885,,-1.7680718,0.46456265,0.14118612,,,,,,-0.17562026,-0.078860596,0.12758091,0.6465174,0.7065668,0.18665527,0.13019055
,,0.6623333,4.4629335,-8.045707,1697982513136,,-1.9562181,-0.123089254,-0.13125958,,,,,,-0.19976118,-0.15625967,-0.018869352,0.63532007,0.7098797,0.21501122,0.13697603
,,0.95441717,5.47438,-7.614999,1697982513387,,0.87880534,0.04978548,-0.2070068,,,,,,-0.13652839,0.07219097,-0.16042279,0.61716366,0.7055061,0.2639235,0.15711741
,,1.0009177,5.3312883,-7.7121477,1697982513638,,1.9453752,-0.90743965,-0.24549128,,,,,,0.021349557,0.030000368,-0.079637066,0.603968,0.72074,0.2605529,0.1506093
,,0.75908303,4.471148,-8.095556,1697982513891,,1.2202787,-0.20799945,0.10942116,,,,,,0.18983683,0.03961849,0.09450553,0.59766275,0.74671596,0.21106249,0.12932156
,,0.6028317,3.844229,-8.210333,1697982514141,,-2.6770384,0.53053606,0.57612187,,,,,,0.25969544,-0.05923925,0.163418,0.5932945,0.7571155,0.18003994,0.118128456
,,0.85160553,4.8594236,-7.983652,1697982514393,,-1.2018001,0.47372565,0.44112074,,,,,,0.39736596,0.11546337,0.03351016,0.59408516,0.7444019,0.21699439,0.14392407
,,0.98472625,5.509314,-7.624888,1697982514644,,1.2777001,-0.46028662,-0.18012875,,,,,,0.4643312,0.2807249,1.8231075E-4,0.5962665,0.72744393,0.24171238,0.16580674
,,0.9404591,5.0749373,-7.940741,1697982514894,,2.2141557,-0.64537865,-0.42325294,,,,,,0.5727558,0.22305813,0.09018577,0.6106445,0.72777706,0.21525386,0.15975207
52.53514315,13.39088405,0.96701926,5.3674207,-7.7276216,1697982515000,3.7900925,-0.014278964,0.032681264,0.092927806,,,,,,0.34713808,0.26975936,0.081573345,0.6467188,0.6909342,0.22655562,0.16860496
,,0.6313063,4.124987,-8.170532,1697982515145,,-0.7803034,0.25809038,0.27252206,,,,,,0.5135022,0.20670621,0.2659168,0.6261944,0.7298673,0.16625653,0.13886103
,,0.66991043,4.134399,-8.134402,1697982515397,,-2.503553,0.27275112,0.30856308,,,,,,0.39510962,0.03594625,0.24189843,0.639707,0.7171476,0.17376138,0.13919596
,,1.0852247,5.508437,-7.5930643,1697982515898,,1.6588796,-0.3356702,-0.31574073,,,,,,0.31528872,0.22402903,0.057453934,0.6526516,0.6774246,0.24022911,0.17529246
,,0.9017751,4.802315,-7.979027,1697982516148,,2.299677,-0.19883649,-0.40920305,,,,,,0.33210132,0.17301694,0.1578183,0.6640344,0.68430126,0.2052464,0.15706266
,,0.6598608,3.9822154,-8.112467,1697982516399,,-2.3056328,0.6319396,0.40935576,,,,,,0.2439572,0.087620325,0.26592177,0.67097735,0.6877633,0.16944526,0.13516635
,,0.8774482,4.714738,-7.9940214,1697982516651,,-1.8505385,0.18417573,0.34582582,,,,,,0.20875664,0.11690415,0.10413456,0.6768304,0.67307526,0.20174545,0.15232009
,,1.0861022,5.543213,-7.504052,1697982516902,,0.78656477,-0.1310305,-0.035964664,,,,,,0.18207994,0.2419506,0.01702164,0.67613816,0.6519271,0.24124932,0.17972092
,,1.0697513,5.296513,-7.6662054,1697982517153,,2.2074363,-0.5195405,-0.45074186,,,,,,0.16445194,0.17756543,0.036179002,0.6825106,0.6505649,0.23429069,0.17412217
,,0.76394856,4.4735417,-8.104731,1697982517404,,0.5159517,0.038789913,-0.2534325,,,,,,0.09715188,0.15688583,0.11132309,0.6896935,0.6627994,0.19203183,0.14799385
,,0.66241306,4.063651,-8.166704,1697982517655,,-2.3276238,0.47494736,0.30917394,,,,,,-7.7583693E-4,0.048778176,0.17644818,0.69015247,0.66627514,0.17959051,0.1375459
,,1.2169896,5.312385,-8.167024,1697982517908,,-1.1425462,0.03940078,-0.26870415,,,,,,0.16723934,0.16823238,-0.26641783,0.68508154,0.65361154,0.22784974,0.16748135
52.53519862,13.3907705,0.6230113,4.1032915,-8.443633,1697982518000,3.7900925,-1.0741293,0.22876886,0.07826705,,,,,,0.087068416,0.06697493,0.22642209,0.67780185,0.6787598,0.18242618,0.14061628
,,1.2606188,5.561478,-7.730412,1697982518160,,1.3809361,-0.51221013,-0.009697478,,,,,,0.14365534,0.073719256,-0.10052424,0.6770878,0.64730775,0.25239182,0.18120232
,,0.98018,5.286303,-8.125307,1697982518410,,2.420628,-1.0430516,-0.009697478,,,,,,0.12863101,0.25461242,0.02832717,0.67882645,0.6615008,0.22860149,0.1657827
,,0.5918249,4.260022,-8.278529,1697982518913,,-2.5866306,0.4346303,0.03611738,,,,,,0.036248017,0.084972635,0.36564386,0.67416275,0.68033844,0.18684904,0.14716978
,,0.6846664,5.4163127,-7.824132,1697982519165,,-0.0032833982,0.48533207,0.29695663,,,,,,-0.07354908,0.3950856,0.25192863,0.66670525,0.6665678,0.23038268,0.17838405
,,0.53623164,5.3288956,-7.5579705,1697982519415,,1.50372,-0.8616248,-0.5466476,,,,,,-0.17270821,0.4992446,0.3589426,0.6650665,0.66467875,0.2355094,0.18201993
,,0.45567325,4.6133623,-7.9369936,1697982519667,,2.2697444,-0.4401281,-0.22105668,,,,,,-0.07912051,0.36204803,0.33736178,0.67135704,0.67663497,0.20105669,0.16445133
,,0.30723846,3.6049464,-7.9076405,1697982519919,,-2.2451572,0.41752607,0.7276163,,,,,,-0.106708206,0.18213286,0.5617312,0.67301047,0.6849071,0.16508025,0.14306948
,,0.44187462,4.7034907,-7.905647,1697982520170,,-1.6422336,-0.89155716,-0.5173261,,,,,,-0.13148168,0.32747376,0.250147,0.674918,0.67499924,0.19465663,0.15884145
,,0.7099505,5.469992,-7.3838515,1697982520421,,0.5654317,-0.040622506,-0.0994946,,,,,,-0.04246608,0.35217685,0.22338766,0.6714329,0.6566443,0.23717596,0.18316217
,,0.99716896,5.21109,-7.458748,1697982520674,,1.562363,0.06444623,-0.061620984,,,,,,0.28208408,0.13399163,0.044515293,0.67612624,0.65716285,0.23219651,0.17520994
,,0.894836,4.125466,-8.261778,1697982520925,,1.4383575,-0.31184646,-0.32246023,,,,,,0.19825573,-0.3605932,-0.12808418,0.68369836,0.66817135,0.19104525,0.15183844
52.5352516,13.39063587,1.0841084,5.6788054,-7.028917,1697982521000,4.4243283,0.41760245,0.24709481,0.20593779,,,,,,0.27958423,0.20190422,0.305001,0.67990726,0.6356084,0.25041702,0.19834584
,,0.39848483,4.11079,-8.235776,1697982521176,,-2.4449098,0.47189304,0.76854426,,,,,,0.02718072,-0.015666183,0.29623923,0.6878509,0.66861415,0.17216934,0.14079887
,,0.7417752,5.092325,-7.8681583,1697982521427,,-1.3184752,0.6038398,0.17356196,,,,,,0.111883804,-0.14643642,0.1606236,0.688469,0.6507417,0.21792313,0.17159776
,,1.1894722,5.7261047,-6.9103923,1697982521930,,-0.52129674,0.22876886,0.102090776,,,,,,0.46121743,0.18143353,0.12349642,0.6776549,0.63187873,0.25418103,0.2062125
,,0.9596015,5.9865236,-6.5072017,1697982522180,,-0.0692568,-0.23487751,-0.03413207,,,,,,0.22599307,0.18002342,0.35699743,0.6715198,0.6222339,0.26872995,0.22459505
,,1.0330613,7.2324657,-5.2226543,1697982522431,,-0.42844528,0.18723005,-0.023136504,,,,,,0.3142687,0.44793606,0.7492444,0.6609659,0.60267466,0.31957918,0.26120308
,,1.5132209,8.422976,-4.888696,1697982522683,,0.65461797,0.17745622,-0.24732387,,,,,,0.2396997,0.24237442,0.20626837,0.64805585,0.58390963,0.3767381,0.30395058
,,1.5371491,8.78429,-4.6361723,1697982522935,,0.12194388,0.22327107,0.27374378,,,,,,0.3642567,0.37033647,0.13977621,0.6398532,0.5770239,0.39145768,0.3226075
,,1.346521,8.385327,-4.5911884,1697982523185,,-0.13950625,-0.0858265,0.38003424,,,,,,0.39419213,-0.16569641,0.36246458,0.6433754,0.5726405,0.38500383,0.33033922
,,1.2904493,8.6345005,-4.882714,1697982523435,,-0.40278897,-0.46456265,0.3598757,,,,,,0.23968911,-0.04964808,0.23015729,0.6508097,0.5603877,0.3780286,0.3426746
,,1.4656041,8.489415,-4.855835,1697982523686,,-0.09552398,-0.11209369,0.14729477,,,,,,0.28420883,-0.1326656,0.16015829,0.6612214,0.5420657,0.37189713,0.35617068
,,1.1770295,8.600124,-4.6392045,1697982523938,,-0.02527453,-0.016187917,-0.2399935,,,,,,0.102487676,-0.048410907,0.351338,0.6722615,0.52007514,0.36814803,0.37065333
,,1.3032109,8.958171,-4.4691553,1697982524191,,-0.48831004,-0.17989968,-0.16913319,,,,,,0.22868448,0.40745357,0.21267465,0.68048644,0.49960268,0.3678636,0.3850327
,,1.1834902,8.843714,-4.114459,1697982524441,,-0.39484772,0.5225948,0.2957349,,,,,,-0.09001663,0.09366471,0.17072612,0.68273056,0.48030058,0.37318692,0.40147972
,,0.92458665,9.366943,-2.6088946,1697982524943,,-0.074143715,0.7651081,0.09842559,,,,,,-0.4947537,0.37441108,0.1590795,0.6681699,0.4403099,0.39659584,0.44510096
52.53531615,13.39038311,1.1305289,9.309357,-3.7579281,1697982525000,3.932013,-0.5341249,-0.2819141,0.14790563,,,,,,-0.29877764,0.43753245,-0.106661364,0.6788556,0.4600146,0.38328218,0.42179492
,,0.6555537,9.777871,-1.9612373,1697982525193,,0.040698867,0.24098615,-0.21678063,,,,,,-0.6270505,0.36939558,0.30038947,0.6500605,0.4312684,0.41254348,0.4646674
,,0.74759763,9.977432,-1.505245,1697982525443,,0.32719445,0.45784315,-0.15997021,,,,,,-0.541408,0.38097617,0.0994119,0.6261864,0.43483478,0.4292226,0.47883704
,,0.59453666,9.639167,-0.9782656,1697982525694,,0.4426479,-0.35338527,-0.07261655,,,,,,-0.46634674,-0.0077673914,0.21372986,0.60280424,0.44312093,0.44322988,0.488525
,,0.6262815,9.955658,-0.7041279,1697982525946,,-0.03138318,-0.61055934,0.05627592,,,,,,-0.16040462,0.20146574,0.29462466,0.5845969,0.4537981,0.4512667,0.49358502
,,0.5704489,9.957255,-0.44059843,1697982526198,,-0.18776456,-0.92148954,0.28596106,,,,,,-0.03660742,0.0993745,0.56456584,0.5752041,0.46368778,0.4511632,0.49615285
,,0.63497543,9.988359,-0.6474979,1697982526448,,0.49029535,-0.8597922,0.0410043,,,,,,0.20699792,0.13718386,0.67140025,0.57555544,0.47104448,0.4412147,0.49757236
,,0.8483355,9.965388,-0.93216395,1697982526699,,-0.40278897,-1.2464696,0.63476485,,,,,,0.5780047,0.26022378,0.5572533,0.5880116,0.4643342,0.4175846,0.5047654
,,0.78660065,9.887542,-0.94261265,1697982526950,,0.23312128,-0.93859375,0.2474766,,,,,,0.57826895,0.243726,0.7334099,0.6118244,0.43144277,0.3831279,0.5225964
,,0.87003034,9.737432,-0.8080562,1697982527200,,0.9405027,-1.4242313,-0.21433719,,,,,,0.55708677,0.08334652,0.9570168,0.64698446,0.3775355,0.33880362,0.5428375
,,0.57044905,10.0106945,-1.1723235,1697982527451,,0.057192214,-1.2134829,0.19738568,,,,,,0.241374,0.48974994,1.0362165,0.69279283,0.30909148,0.2794352,0.55554855
,,-0.25387847,9.7170925,-1.5530219,1697982527960,,-0.033826638,-0.40469792,0.18639012,,,,,,-0.4293746,0.20821232,1.0365189,0.75892085,0.14304663,0.13190402,0.57928383
52.53535717,13.3903378,0.19062823,9.832667,-1.5227126,1697982528000,3.7900925,-1.089401,-0.8280272,0.4331795,,,,,,-0.07419288,0.36186436,1.0435259,0.73411113,0.22961047,0.20895155,0.5648692
,,-0.49946186,9.901979,-1.4388045,1697982528210,,0.24594943,1.0112866,0.3409389,,,,,,-0.7124089,0.3749056,1.1632966,0.77573675,0.056723714,0.06253188,0.5880905
,,-0.1308076,9.743733,-1.8821144,1697982528460,,-0.14561489,0.51526445,0.16073379,,,,,,-0.5044577,0.2440725,0.87333775,0.7879263,-0.008906432,0.01805577,0.5907859
,,-0.002791683,9.805628,-2.2434306,1697982528711,,-0.39301512,-0.8139773,0.47655088,,,,,,-0.5827388,0.33584312,0.47955337,0.7884356,-0.059988227,-0.008811268,0.5984068
,,0.6361717,9.516415,-1.9480762,1697982528961,,-0.10346522,-0.96913695,0.11919499,,,,,,-0.37981966,-0.03272295,0.29247695,0.7708506,-0.11451935,-0.02693663,0.6174455
,,1.2897314,9.654241,-1.673779,1697982529213,,-0.51885325,-0.0980438,-0.056734066,,,,,,-0.15175048,0.04902353,0.13983156,0.7484891,-0.16056995,-0.039907288,0.63527817
,,1.9547766,9.675219,-1.7753148,1697982529465,,0.9832632,0.14385866,0.09231694,,,,,,0.0964248,0.09906009,-0.17901342,0.7336517,-0.18981856,-0.04122789,0.64404714
,,2.1545775,9.455958,-1.8218951,1697982529717,,0.50556695,-1.3234385,0.017180571,,,,,,0.06808894,-0.077758156,-0.13317214,0.7281453,-0.2145739,-0.044876136,0.64083487
,,1.7014564,9.564831,-1.8037099,1697982529967,,0.04497492,-0.22571453,0.16073379,,,,,,-0.30905193,0.07998057,0.045349292,0.72075427,-0.25569603,-0.07827422,0.62709177
,,1.5318053,9.575358,-1.8293928,1697982530217,,0.17569998,-0.1310305,-0.10254893,,,,,,-0.30607745,0.13821046,0.29698187,0.71405005,-0.30087477,-0.121579416,0.6096055
,,1.196172,9.559487,-2.2542784,1697982530467,,-0.102854356,-0.3442223,0.099036455,,,,,,-0.34562185,0.14379555,0.21928973,0.71341896,-0.33125848,-0.15738384,0.587698
,,0.7567701,9.496314,-2.658665,1697982530967,,0.17386739,0.014355322,-0.11476622,,,,,,-0.4388983,0.12880415,0.3887163,0.70167214,-0.39331296,-0.21987972,0.54438907
52.53536252,13.39041736,0.9205189,9.503095,-2.525624,1697982531000,3.7900925,-0.42844528,-0.35460702,0.42645997,,,,,,-0.41062576,0.11606941,0.23346521,0.70992815,-0.35920638,-0.18755668,0.5664173
,,0.69447696,9.487383,-2.815395,1697982531217,,-0.5011382,-0.30695954,0.41607526,,,,,,-0.43395394,0.0751599,0.16122164,0.68309027,-0.42408097,-0.2512531,0.5339598
,,0.9740384,9.498387,-2.4792037,1697982531467,,-0.0655916,-0.60017467,0.13691007,,,,,,-0.24502492,0.015393385,0.21408866,0.6562692,-0.4468898,-0.2751323,0.5358025
,,1.1093924,9.573683,-2.1555345,1697982531718,,0.024205517,-0.34544402,-0.046349365,,,,,,-0.19083455,0.035452113,0.23635533,0.6253885,-0.47229746,-0.30272302,0.5341404
,,1.2666806,9.638767,-1.8676778,1697982531968,,-0.29527676,-0.05222894,0.015958842,,,,,,-0.14753462,0.052265484,0.24172835,0.5918566,-0.49976885,-0.33223733,0.530424
,,1.4378471,9.677931,-1.6694722,1697982532219,,0.013209951,-0.30329436,-0.050625417,,,,,,-0.057369933,0.04699017,0.18447381,0.5632562,-0.5209063,-0.3569786,0.52674854
,,1.3670197,9.727063,-1.553899,1697982532469,,-0.003894263,-0.100487255,-0.123929195,,,,,,-0.092657894,0.047483508,0.15855932,0.5409046,-0.5382477,-0.38060006,0.51721746
,,1.3812169,9.723633,-1.4013168,1697982532719,,0.045585785,0.03451386,-0.029856017,,,,,,-0.0077123027,0.018128045,0.19954245,0.5219256,-0.55328065,-0.4020591,0.5069433
,,1.2002398,9.775718,-1.4778868,1697982532971,,0.09689843,0.620944,0.014126248,,,,,,-0.1013331,0.051052887,0.113429405,0.5119524,-0.56339735,-0.41652948,0.49592957
,,1.142094,9.778429,-1.5273386,1697982533221,,0.35712683,1.2428044,-0.08972076,,,,,,-0.08102189,0.04063816,0.109151214,0.514531,-0.5624504,-0.4188823,0.49243507
,,1.228156,9.802357,-1.3550555,1697982533471,,0.23205225,0.5593231,-0.07055488,,,,,,0.03559059,0.05421982,0.33114013,0.5291665,-0.5491466,-0.40533024,0.49931604
,,1.0485348,9.600562,-1.9604396,1697982533972,,-0.21143557,1.4157555,-1.0564907,,,,,,0.075657964,-0.07999309,0.121609285,0.6030702,-0.4611657,-0.3307164,0.5238549
52.53535598,13.39043313,1.102852,9.738547,-1.6234504,1697982534000,3.7900925,0.68348134,1.9948553,-0.9819651,,,,,,-0.039214525,0.0052657444,0.21725848,0.55681235,-0.52151704,-0.37861878,0.50941324
,,0.83485574,9.510513,-2.2388043,1697982534231,,-0.58956087,1.4389683,-0.11514801,,,,,,0.083581194,-0.115165934,-0.119202875,0.64901185,-0.37341735,-0.2681871,0.54736805
,,1.1800601,9.379545,-2.2419152,1697982534482,,-1.1558325,-1.2940407,0.060781047,,,,,,0.61326027,-0.23250541,-0.59151876,0.6891143,-0.27691105,-0.18987907,0.5770299
,,1.6654046,9.353226,-2.1537004,1697982534733,,-0.3501019,2.6301546,0.3839285,,,,,,0.93218493,-0.24311489,-0.8931474,0.7119657,-0.19677731,-0.117178164,0.6137654
,,2.0179472,9.627522,-1.5063621,1697982534986,,0.27236933,0.8116102,-0.055283263,,,,,,1.4161078,0.0782828,-0.99595743,0.711813,-0.10091929,-0.037548743,0.6515936
,,1.8684756,9.263016,-0.29304138,1697982535237,,-2.8460953,0.4597521,-1.068708,,,,,,1.3558174,-0.12856022,-0.97961754,0.68445903,-0.025796525,0.04074108,0.69438016
,,1.9021348,8.452966,1.4694325,1697982535489,,-1.1601086,-0.91469365,0.1084285,,,,,,1.2576683,-0.4024623,-1.0624089,0.6095905,0.009444025,0.08824832,0.75490856
,,2.0888548,8.121479,3.7064822,1697982535744,,-0.65003645,2.1432955,-0.24587308,,,,,,1.2646656,0.048929896,-0.5664596,0.5200227,0.014902512,0.11705349,0.81292087
,,1.2997814,7.1972904,5.176234,1697982535994,,-1.659185,0.5183951,1.0552689,,,,,,0.7639399,0.088015676,-0.46708298,0.4258711,0.030142298,0.123071,0.865709
,,0.5418946,5.925187,7.008497,1697982536248,,-0.073380135,0.018707734,0.59467685,,,,,,0.60842997,0.10763644,-0.15436666,0.32605523,0.054489233,0.14165024,0.9082772
,,-0.58344996,4.0768914,8.370891,1697982536506,,-0.26030475,0.117056966,1.0057888,,,,,,-0.3257919,-0.3227464,-0.0013685544,0.23342568,0.045580387,0.15352872,0.94094837
52.53537488,13.39046278,-0.65020967,3.1988852,9.008338,1697982537000,3.7900925,0.35178176,0.20379977,0.20799945,,,,,,-0.14936057,-0.024874652,-0.21281175,0.15838988,0.04636216,0.17203093,0.96001303
,,-1.0350554,3.1105895,9.770771,1697982537008,,0.89667314,0.27221662,-0.13041963,,,,,,-0.16604866,0.46788555,0.23989232,0.12033325,0.063352846,0.20998551,0.95783126
,,-1.4348162,2.3132215,9.483473,1697982537260,,0.48495027,0.37178758,0.6062833,,,,,,-0.26372626,-0.07035591,-0.1731561,0.1013157,0.08454743,0.2543414,0.9489889
,,-1.2689136,2.4327033,9.607581,1697982537514,,-0.7887028,-0.16760603,0.22510368,,,,,,-0.17127623,0.059380706,-0.012991508,0.094316795,0.09192387,0.31163108,0.93406796
,,-1.5677774,2.5355945,9.782498,1697982537764,,-0.17172936,0.4096612,0.48533207,,,,,,-0.44227397,-0.08932894,0.20545529,0.09990428,0.10282603,0.36606398,0.9132517
,,-1.4143178,3.1897123,9.028996,1697982538022,,-0.3635409,-0.7607557,-0.23121232,,,,,,-0.087855056,0.026063545,-0.37356627,0.11414477,0.12836802,0.41555125,0.88794976
,,-1.5419351,3.5478377,9.671151,1697982538275,,0.33223408,-0.45165816,-0.27947062,,,,,,-0.16806266,0.021471549,0.39687967,0.12754402,0.14413066,0.44703332,0.8696158
,,-1.33017,3.4175088,8.96192,1697982538530,,0.25831944,-0.10957387,-0.008246674,,,,,,-0.05248018,-0.2804322,-0.23337157,0.13425101,0.14843717,0.47102162,0.85614043
,,-1.0379266,3.7588851,9.203994,1697982538780,,-0.50526154,-0.8792635,0.318566,,,,,,0.21074042,-0.06343743,0.115465865,0.13847056,0.15144816,0.49452436,0.84294873
,,-0.87529474,3.451647,9.393424,1697982539042,,-0.44295332,0.86353374,-0.09987639,,,,,,0.11708739,-0.35183495,0.34052366,0.14054558,0.14242104,0.51457614,0.8326227
,,-0.550748,3.6454656,8.981699,1697982539295,,-0.21448989,0.091400646,-0.0772744,,,,,,0.1929047,-0.13750349,-0.124153234,0.14368041,0.13219698,0.52393484,0.8280608
,,-0.28769702,3.3024943,9.785289,1697982539545,,0.20761767,-0.4815905,-0.47189304,,,,,,0.18760093,-0.24289992,0.5546672,0.14269719,0.11267231,0.52298754,0.83193666
52.53541016,13.39043511,-0.09555339,3.0707095,9.073663,1697982540000,3.7900925,-0.1295797,0.1702022,0.29352054,,,,,,0.2122815,-0.36814356,-0.2198836,0.1423021,0.10144666,0.5201495,0.83536744
,,-0.026959134,3.2695532,9.806505,1697982540050,,0.41042477,0.28382304,0.36254823,,,,,,0.17996144,-0.1296893,0.47763544,0.14424354,0.09653335,0.52401274,0.8332216
,,0.029351953,2.952903,9.43506,1697982540301,,0.0029779659,-0.2201404,-0.110871956,,,,,,0.047300816,-0.36840647,0.004438877,0.14314339,0.089908324,0.5341138,0.827554
,,-0.0292722,3.1830924,9.669476,1697982540556,,-0.6304888,0.57154036,-0.18845178,,,,,,2.2048752E-4,-0.014463051,0.09764032,0.13790418,0.08981695,0.5391829,0.8250005
,,-0.025603214,2.8321452,9.964831,1697982540806,,-0.23831362,0.5916989,-0.32100943,,,,,,-0.054167517,-0.31532535,0.43031356,0.13636667,0.08690808,0.54176354,0.82372284
,,0.035334013,3.0721452,9.395898,1697982541064,,0.10560325,0.23495387,0.4065305,,,,,,-0.020546714,-0.17585514,-0.13035397,0.13930494,0.090177335,0.54471725,0.82108015
,,0.048015967,3.1557343,10.008459,1697982541317,,0.0060322895,0.6540071,0.19639303,,,,,,-0.0255368,-0.13231725,0.46632823,0.14035359,0.09094612,0.55569834,0.81374085
,,0.22636102,2.9215567,9.426365,1697982541573,,0.09582941,-0.21097742,-0.6685915,,,,,,0.061394986,-0.3606577,-0.08078898,0.14019848,0.08866458,0.5631686,0.8089302
,,0.32087752,2.9883163,10.020025,1697982541838,,0.18684827,-0.07108939,-0.92332214,,,,,,0.102394596,-0.2554771,0.47444972,0.14035092,0.08419028,0.55296093,0.8160828
,,0.5562515,2.7361925,9.680324,1697982542088,,-0.18944444,-0.13950625,-0.64843297,,,,,,0.31444958,-0.5363252,0.15608706,0.14393227,0.0779429,0.52698416,0.8309662
,,0.8212168,3.152783,9.628558,1697982542342,,-0.28657195,0.22456917,-0.06383537,,,,,,0.52021885,-0.13865763,0.070139565,0.14793652,0.07026596,0.4908923,0.84912777
,,0.8482557,3.0020356,9.834741,1697982542596,,-0.63598657,-0.51885325,-0.30329436,,,,,,0.42355004,-0.3417199,0.31882468,0.15517612,0.0574476,0.45251644,0.8668825
52.53543593,13.39040616,0.94556385,3.1663423,9.306565,1697982543000,3.7900925,-0.12713623,-0.052763447,-0.2678642,,,,,,0.41312265,-0.17358382,-0.17891608,0.16046436,0.04471844,0.4033341,0.8901989
,,0.96016,3.3679771,9.926067,1697982543376,,-0.19310963,0.04864011,-0.008857539,,,,,,0.37270027,0.13207391,0.35902718,0.16092835,0.030209454,0.34522372,0.9175461
,,0.7727222,3.4943187,9.988997,1697982543630,,-0.23037238,0.023594651,0.5018254,,,,,,0.26094884,0.30355597,0.39077753,0.16117291,0.024134517,0.29540694,0.93819755
