97#1#2
key,lat,lon,ts,bike,childCheckBox,trailerCheckBox,pLoc,incident,i1,i2,i3,i4,i5,i6,i7,i8,i9,scary,desc,i10
1001,52.5415712,13.36296799,1696499619000,1,0,0,0,5,0,0,0,0,0,0,1,0,0,0,,0

=========================
97#1
lat,lon,X,Y,Z,timeStamp,acc,a,b,c,obsDistanceLeft1,obsDistanceLeft2,obsDistanceRight1,obsDistanceRight2,obsClosePassEvent,XL,YL,ZL,RX,RY,RZ,RC
52.54203878,13.3645868,-0.7791031,4.4337406,-7.9184084,1696499588000,6.669339,-0.8114575,-0.032070402,0.4087449,,,,,,0.08011571,0.089168586,0.14895087,0.12476732,0.947872,0.22957085,0.081709035
,,-0.7125028,5.544888,-7.537313,1696499589135,,1.7969351,-0.29718572,-0.32795802,,,,,,0.08462791,0.35199198,0.043175157,0.13227402,0.9329416,0.28011218,0.08785686
,,-0.67653084,4.964708,-7.786565,1696499589388,,2.4859905,-0.30390522,-0.41225737,,,,,,0.20723914,0.36019662,0.15967257,0.129394,0.94262385,0.24921677,0.08522367
,,-0.8657234,3.6653256,-8.010454,1696499589638,,-2.7668357,0.26419902,0.5327504,,,,,,0.1678919,0.1385931,0.39614624,0.121848695,0.9569149,0.18712306,0.08208561
,,-0.8259226,4.131686,-7.8820367,1696499589888,,-1.807778,-0.24342962,0.6549234,,,,,,0.13178939,0.10454165,0.28737754,0.12723954,0.9510721,0.21019241,0.08341775
,,-0.70620173,5.445107,-7.4609804,1696499590144,,1.3180171,0.16523892,-0.3108538,,,,,,0.09696817,0.32006937,0.110468976,0.14111677,0.9326922,0.27482066,0.089297056
,,-0.6355337,5.139224,-7.590672,1696499590395,,2.6173265,-0.28802276,-0.7726676,,,,,,0.15915337,0.29643402,0.16050605,0.1424022,0.9364067,0.26252097,0.08668232
,,-0.77551377,3.8246088,-7.949117,1696499590645,,-2.115043,0.07666353,0.32627815,,,,,,0.14548668,0.15529537,0.35730353,0.1341448,0.95293087,0.19646679,0.081297025
,,-0.80566335,3.8691947,-7.9649887,1696499590896,,-2.26837,-0.4743365,0.5455786,,,,,,0.045789346,0.045512613,0.26946896,0.13436492,0.9519765,0.20076786,0.07989208
52.54199694,13.36444991,-0.8416355,3.683272,-7.9389873,1696499591000,8.341988,-2.399095,-0.5244274,0.60299987,,,,,,0.012680539,0.03223102,0.4098751,0.12574795,0.9558058,0.19268915,0.07618663
,,-0.71250284,5.2371716,-7.5673814,1696499591146,,1.070006,0.03695732,-0.07078396,,,,,,-0.006395807,0.22652024,0.072371624,0.14436096,0.93428445,0.2692891,0.08517892
,,-0.62596244,5.266204,-7.546085,1696499591399,,2.619159,0.0021380268,-0.9388228,,,,,,0.061357997,0.2622015,0.12033461,0.14516087,0.93335783,0.27278274,0.08426774
,,-0.76881397,3.9881172,-7.9590864,1696499591651,,-1.4638611,0.083993904,0.20166174,,,,,,0.076881036,0.18035713,0.3125387,0.13125294,0.9519588,0.2064555,0.078384414
,,-0.719442,4.978108,-7.6214604,1696499592155,,0.5813142,0.25686863,0.038560838,,,,,,-0.020357132,0.1435248,0.15077932,0.13510348,0.93887544,0.25919712,0.08147945
,,-0.56008,5.3590455,-7.4149594,1696499592406,,2.6051092,-0.3912589,-0.7427352,,,,,,0.076508604,0.24401167,0.20701696,0.1395121,0.9329291,0.27862582,0.08163538
,,-0.6317052,4.2232523,-7.8720684,1696499592658,,-0.3398699,0.3338376,7.63581E-5,,,,,,0.11335693,0.17524894,0.33303624,0.12979513,0.94998765,0.21892768,0.07562986
,,-0.6868997,3.5609183,-7.9460845,1696499592907,,-2.6904776,-0.21655156,0.5486329,,,,,,0.10198471,-0.06102605,0.43332118,0.12346408,0.95700485,0.19156198,0.07313312
,,-0.5721238,4.846343,-7.638608,1696499593157,,0.292986,0.15729769,0.025121814,,,,,,0.11667793,0.086949654,0.17881045,0.13378409,0.94098115,0.25335094,0.07941556
,,-0.45304105,5.5099535,-7.434021,1696499593408,,2.2294273,-0.27397284,-0.6608793,,,,,,0.17274414,0.25581542,0.08740041,0.1417615,0.93065256,0.28608516,0.083551615
,,-0.5685347,4.5425353,-7.810492,1696499593659,,0.78534305,0.26053384,0.021456625,,,,,,0.21461575,0.24779214,0.23372655,0.13545196,0.945767,0.2328985,0.080368005
,,-0.70923257,3.6148374,-8.002556,1696499593911,,-3.063105,-0.028405212,0.7386119,,,,,,0.16410245,0.014582054,0.334616,0.12971279,0.9557706,0.19033231,0.078459606
52.54192911,13.36432417,-0.7550951,3.5903506,-8.037571,1696499594000,8.558506,-3.072268,-0.062002774,0.8241329,,,,,,0.10164023,0.00524623,0.29326046,0.13698477,0.9551807,0.18934946,0.078346334
,,-0.60602224,4.6518073,-7.6733036,1696499594163,,-0.07475458,0.12492185,0.026343543,,,,,,0.1693123,0.059323538,0.15396738,0.13928254,0.94152546,0.24317832,0.08386636
,,-0.5241877,5.573682,-7.439844,1696499594414,,2.226984,-0.101708986,-0.58757555,,,,,,0.16872308,0.31158495,0.021177657,0.14838396,0.92893016,0.2846163,0.088630624
,,-0.60993046,4.6188655,-7.788877,1696499594664,,1.1219295,0.08093958,-0.22594361,,,,,,0.17168643,0.21729943,0.17014532,0.14358033,0.942852,0.23670992,0.08306256
,,-0.6323433,4.4612584,-7.760881,1696499595165,,-0.38873908,0.1432478,-0.043905906,,,,,,0.046884168,-0.014919965,0.11621618,0.14566846,0.94190115,0.23700285,0.080078214
,,-0.5146164,5.574798,-7.5012593,1696499595416,,2.3601525,-0.0058032153,-0.6596576,,,,,,0.022801591,0.2660797,-0.051704694,0.15346104,0.92747384,0.29001296,0.08209013
,,-0.5907878,4.774399,-7.8518076,1696499595666,,1.305189,0.00641408,-0.3163516,,,,,,0.03325964,0.26264784,0.056030575,0.14371563,0.9404338,0.24750954,0.076263025
,,-0.71393853,3.6591048,-8.132086,1696499595918,,-3.1406848,-0.11759147,0.7709877,,,,,,0.02195706,0.050883055,0.19916281,0.1299225,0.95500535,0.1938654,0.071279496
,,-0.6451848,4.4707503,-7.8664837,1696499596171,,-0.17066035,0.14080434,0.028176138,,,,,,0.01509296,0.084923595,0.06610586,0.13261113,0.94390994,0.23550954,0.07583991
,,-0.50440705,5.5876403,-7.5620375,1696499596422,,2.118861,0.11453715,-0.50388706,,,,,,0.08526564,0.3431941,-0.046031363,0.13958874,0.93019694,0.28607923,0.08119247
,,-0.5755536,4.832784,-7.8293166,1696499596672,,1.6032909,-0.011300999,-0.41286823,,,,,,0.15368444,0.36301887,0.11276781,0.13091727,0.94275653,0.2445946,0.077679746
,,-0.73459655,3.6206598,-8.122995,1696499596923,,-3.0686028,-0.027794348,0.78748107,,,,,,0.14519466,0.11728879,0.30065143,0.12015923,0.9581817,0.18538064,0.075371
52.54186565,13.36413742,-0.7058029,3.6569512,-8.077451,1696499597000,8.184269,-3.0533311,-0.12614357,0.7777072,,,,,,0.09124684,0.097221844,0.29677275,0.124755256,0.9556442,0.1892254,0.07374559
,,-0.6394419,4.387799,-7.834501,1696499597173,,-0.31115925,0.17562363,0.08804089,,,,,,0.140959,0.151093,0.1777584,0.1296615,0.9464124,0.22470824,0.0802047
,,-0.5348756,5.581897,-7.5239916,1696499597423,,2.0205116,0.2855793,-0.5093849,,,,,,0.102926716,0.37941214,0.011263227,0.14329402,0.93019676,0.2826699,0.084069304
,,-0.5501099,4.868357,-7.7819366,1696499597673,,1.9905792,-0.15302163,-0.5295434,,,,,,0.12528536,0.30870897,0.12518366,0.13734312,0.9406383,0.24790576,0.07806851
,,-0.6778866,4.3464828,-7.866644,1696499598174,,-0.6172025,0.008246674,0.11308634,,,,,,0.07174186,0.12151072,0.15776014,0.12953128,0.9462909,0.22330104,0.07896206
,,-0.5145366,5.615556,-7.5686574,1696499598426,,1.7908264,0.40897396,-0.3749946,,,,,,0.1377795,0.36517352,-0.072940014,0.140912,0.930087,0.2832299,0.08582389
,,-0.56008,5.002594,-7.7803416,1696499598676,,2.2569163,-0.25442517,-0.40370527,,,,,,0.1662254,0.32688004,0.09541108,0.13678695,0.9397419,0.2529332,0.08200327
,,-0.7158528,3.7455647,-8.086544,1696499598927,,-2.8120396,0.13286309,0.43379036,,,,,,0.15766425,0.15005918,0.29670584,0.12814684,0.9560007,0.19019826,0.07730154
,,-0.73690975,4.271906,-7.9728055,1696499599179,,-1.1737003,-0.027794348,0.24686573,,,,,,0.09606223,0.1594158,0.14805035,0.13518292,0.9484434,0.21627903,0.08135916
,,-0.6369693,5.5910697,-7.6482573,1696499599431,,1.4786745,0.2629773,-0.12759438,,,,,,0.04598253,0.3822049,-0.08675211,0.14952151,0.9307867,0.28006658,0.0872165
,,-0.6049055,5.142655,-7.8299527,1696499599683,,2.741332,-0.26908594,-0.8349758,,,,,,0.062308915,0.31666917,-0.01802713,0.14946905,0.936611,0.26220223,0.081671834
,,-0.7636294,3.7840102,-8.199325,1696499599935,,-2.350226,0.15241076,0.41668615,,,,,,-0.011361201,0.11126779,0.18016458,0.13812615,0.95340276,0.19713905,0.073090054
52.54184094,13.36394455,-0.58664036,3.953342,-8.187362,1696499600000,7.5943522,-1.3703988,-0.038179047,0.1344666,,,,,,0.059762128,0.024771066,0.1001091,0.13703208,0.95103186,0.21074419,0.07117875
,,-0.7464809,4.0370107,-8.140862,1696499600186,,-2.032576,-0.13408482,0.50709414,,,,,,-0.041708462,0.068962604,0.08701909,0.13786575,0.9505228,0.20941,0.07423886
,,-0.64319074,5.3579283,-7.7677402,1696499600439,,1.1720204,0.2538143,-0.13981168,,,,,,-0.06010735,0.22243461,-0.1479292,0.14694063,0.9324434,0.27541265,0.082294494
,,-0.48000023,5.2420354,-7.7899933,1696499600689,,2.3656502,0.029626941,-0.6602685,,,,,,0.05525391,0.21169533,-0.06551102,0.14826258,0.9335157,0.27289167,0.079836376
,,-0.56031924,3.8214178,-8.18776,1696499601195,,-2.28242,-0.33628106,0.4466185,,,,,,0.07971546,-0.066297054,0.14857663,0.13160633,0.9535244,0.20272881,0.06993409
,,-0.5123033,5.170491,-7.8163934,1696499601448,,0.47929978,-0.010690134,0.053221595,,,,,,0.05933589,0.09936578,-0.07915828,0.14093,0.9367359,0.26853126,0.078930624
,,-0.46899322,5.402116,-7.716693,1696499601698,,2.2905138,-0.009468404,-0.8227585,,,,,,0.12240319,0.12671104,-0.086806946,0.14455338,0.93130124,0.2839747,0.08247102
,,-0.61280185,4.2991843,-8.168777,1696499601956,,0.36018115,0.31551164,-0.040240716,,,,,,0.120796986,0.092109405,0.0735829,0.134453,0.9483866,0.22715622,0.07764776
,,-0.75286174,3.5957747,-8.294321,1696499602206,,-2.9042802,0.03084867,0.76610076,,,,,,0.0807389,-0.11249929,0.14965768,0.12567069,0.956343,0.19442537,0.0765153
,,-0.7263812,4.820262,-8.003433,1696499602457,,-0.21708608,0.055283263,0.06543889,,,,,,0.034033574,0.06409487,-0.047529537,0.13430135,0.9418393,0.25043908,0.08453957
,,-0.7256633,5.483393,-7.7037716,1696499602709,,2.2709663,0.019853106,-0.7922153,,,,,,-0.010114973,0.1889751,-0.11094947,0.14130855,0.9302986,0.28561786,0.08856709
,,-0.7472785,4.623252,-8.075457,1696499602959,,1.9154428,0.037568185,-0.4012618,,,,,,0.016323943,0.13902958,0.025727462,0.13386871,0.9442372,0.24324836,0.0809
,,-0.8378868,3.6159537,-8.256753,1696499603211,,-2.7772202,0.02046397,0.5193114,,,,,,-0.055964217,-0.014624278,0.21104574,0.12280564,0.95672995,0.19290191,0.07309885
,,-0.7144171,4.4531226,-8.002316,1696499603462,,-0.8432225,0.068722285,0.11003202,,,,,,-0.0070955576,0.013760137,0.062604494,0.1278587,0.9474819,0.23201974,0.07481282
,,-0.654437,5.61444,-7.6049495,1696499603712,,1.7706679,0.2489274,-0.37927067,,,,,,-0.035476588,0.30710727,-0.038759883,0.13558218,0.9318357,0.28513402,0.07996182
52.54178134,13.36375053,-0.58871424,4.9979696,-7.8721476,1696499604000,8.494924,2.583118,-0.24831653,-0.71646804,,,,,,0.08872803,0.21378477,0.037041202,0.12968615,0.94123876,0.25909483,0.07546744
,,-0.71162546,3.7305696,-8.20108,1696499604213,,-2.3984842,0.12125666,0.4954877,,,,,,0.110085756,0.074062414,0.21352084,0.11676863,0.95672834,0.19516368,0.07250014
,,-0.6758129,4.1120653,-8.091808,1696499604463,,-2.0759475,-0.33139414,0.5315287,,,,,,0.14268677,0.078867875,0.17394318,0.117945656,0.9533405,0.20951706,0.075050704
,,-0.61040896,5.4005203,-7.6665235,1696499604715,,0.89590955,-0.08460477,-0.018249584,,,,,,0.12712161,0.27458516,0.0012484232,0.12901983,0.93552905,0.2731601,0.08239641
,,-0.5058427,5.264928,-7.8525248,1696499604966,,2.5941136,-0.24465135,-0.6926443,,,,,,0.19143064,0.26403368,-0.042373467,0.12864925,0.93708074,0.2698819,0.07924034
,,-0.6366503,4.011886,-8.195497,1696499605218,,-1.1816416,0.050396346,0.2786307,,,,,,0.18898644,0.16851915,0.1717425,0.11730911,0.95414627,0.20645097,0.07373453
,,-0.6585048,3.8675194,-8.156335,1696499605470,,-2.4339144,-0.49571678,0.55901766,,,,,,0.1417421,0.09772988,0.26729673,0.11475407,0.9565076,0.19614379,0.071445875
,,-0.5765108,5.2405214,-7.783531,1696499605723,,0.35834855,0.22693627,0.061773703,,,,,,0.07902504,0.25745538,0.05569291,0.12682977,0.9394709,0.26361394,0.07569545
,,-0.4608576,5.5393057,-7.635735,1696499605974,,2.4230716,-0.3271181,-0.89606225,,,,,,0.103499055,0.2727982,0.026028346,0.13158411,0.9326263,0.28435498,0.07485543
,,-0.5832904,4.4666014,-8.118447,1696499606224,,0.6973785,0.3582722,-0.03046688,,,,,,0.09967627,0.22295265,0.10827694,0.12060299,0.94953805,0.22747539,0.06962609
,,-0.6860222,3.7169306,-8.111749,1696499606475,,-2.7478988,-0.092546016,0.57245666,,,,,,0.04285798,0.052094873,0.3443346,0.11280014,0.95786077,0.19103594,0.06702331
,,-0.592064,4.8259234,-7.899664,1696499606728,,-0.34781113,0.13897173,0.17539455,,,,,,0.03207526,0.10493196,0.09719564,0.12271194,0.9444655,0.245994,0.071474954
52.54175349,13.36360316,-0.4815954,5.603831,-7.6271214,1696499607000,6.627082,2.0064616,0.31367907,-0.43608108,,,,,,0.08300174,0.27264452,-0.040303785,0.13167077,0.93158937,0.28572682,0.075744934
,,-0.52139604,4.75071,-8.018588,1696499607229,,1.9606469,-0.051007207,-0.44707665,,,,,,0.1193072,0.19342329,0.080089614,0.12529425,0.94530004,0.24355593,0.07066087
,,-0.6695916,3.6818357,-8.1813,1696499607480,,-2.7307947,0.02535089,0.4747183,,,,,,0.08083013,0.06165393,0.30512238,0.115348935,0.95837975,0.18881364,0.067084216
,,-0.58775705,4.4553556,-7.9722466,1696499607730,,-1.3203079,-0.1725693,0.30367616,,,,,,0.09831515,0.09635935,0.20313786,0.12149472,0.94970953,0.22628039,0.06943271
,,-0.5280162,5.6099725,-7.615797,1696499607981,,1.5599196,0.19028437,-0.24182609,,,,,,0.082004905,0.32542953,0.043241452,0.13272347,0.9330489,0.28255874,0.07674832
,,-0.4558328,5.1306906,-7.815757,1696499608235,,2.4456735,-0.27275112,-0.6975312,,,,,,0.17939064,0.32798263,0.16164118,0.13069837,0.94095343,0.25817618,0.07338833
,,-0.63776714,3.794379,-8.126663,1696499608485,,-2.5371506,0.19578215,0.42829257,,,,,,0.12732546,0.12491163,0.39197797,0.119439825,0.95693386,0.19429055,0.0700977
,,-0.60163534,4.1599226,-8.02138,1696499608736,,-2.1602468,-0.31551164,0.6237693,,,,,,0.13346973,0.15738347,0.31234506,0.12300082,0.9527937,0.21016832,0.07234585
,,-0.5375077,5.426364,-7.6545587,1696499608990,,1.2147809,0.068722285,-0.14164427,,,,,,0.0899054,0.31171715,0.097685955,0.13698696,0.9343619,0.27523288,0.08046177
,,-0.4349353,5.2902913,-7.732327,1696499609240,,2.7828708,-0.14813471,-0.8105412,,,,,,0.16698739,0.32574588,0.1213005,0.139538,0.93575203,0.26998636,0.07943762
,,-0.56327045,3.9635513,-8.068837,1696499609491,,-1.7656283,0.083383046,0.4344012,,,,,,0.18144305,0.19640741,0.36744654,0.12917167,0.95318854,0.20288059,0.073573664
,,-0.65379894,3.811527,-8.10162,1696499609740,,-2.449797,-0.46456265,0.68852097,,,,,,0.09823254,0.05005448,0.32836443,0.1281951,0.95432717,0.19776624,0.073052905
52.54169574,13.36343675,-0.59302115,5.1762333,-7.6925263,1696499610000,5.592826,0.7792344,0.21166465,-0.024969097,,,,,,0.01248281,0.20183982,0.111782424,0.14273375,0.9357413,0.26541153,0.079326384
,,-0.4612564,5.4038706,-7.605666,1696499610242,,2.646648,-0.2489274,-0.86002123,,,,,,0.059377883,0.24496967,0.1044486,0.14701459,0.9312961,0.27878582,0.078546986
,,-0.5867201,4.25053,-8.031111,1696499610493,,-0.5500074,0.23609924,-0.053679742,,,,,,0.049113892,0.19194348,0.2819262,0.13458136,0.94913346,0.21795978,0.07164459
,,-0.66664046,3.6956344,-8.100422,1696499610743,,-2.7014732,-0.28252497,0.7294489,,,,,,-0.01109183,-0.015953358,0.36386293,0.127725,0.9550629,0.19521889,0.06798998
,,-0.58113694,5.0063434,-7.7985287,1696499610993,,0.5434406,0.51465356,-0.18012875,,,,,,-0.06815078,0.084478006,0.080907516,0.13799348,0.938344,0.2606251,0.07317185
,,-0.4664409,5.5849276,-7.587161,1696499611243,,2.1310782,-0.18356487,-0.47823077,,,,,,-0.02284423,0.24928293,-0.004563427,0.14086531,0.92965686,0.28985077,0.075598635
,,-0.53543395,4.6264424,-7.9419374,1696499611495,,1.1811835,0.616668,-0.30596688,,,,,,0.07415654,0.21287996,0.1993955,0.1283688,0.9463796,0.23708907,0.07122956
,,-0.7078768,3.7016962,-8.133683,1696499611745,,-2.914665,0.07849612,0.5938369,,,,,,0.01727856,0.033569343,0.31944343,0.11853348,0.9570705,0.19409485,0.06873458
,,-0.6092924,4.721677,-7.904529,1696499611997,,-0.3850739,0.076052666,0.11003202,,,,,,0.046202324,0.085588336,0.057052262,0.1266652,0.9444876,0.24416317,0.07374111
,,-0.53391844,5.6386867,-7.5836515,1696499612249,,1.9832488,0.1621846,-0.40065095,,,,,,0.05989545,0.30261338,-0.03757493,0.13466145,0.93131,0.2868869,0.07967938
,,-0.55074793,4.856233,-7.945207,1696499612502,,2.181169,-0.06139191,-0.5161044,,,,,,0.15137012,0.2591391,0.08591151,0.1281617,0.9445741,0.24686646,0.07601677
,,-0.72390854,3.720041,-8.17444,1696499612751,,-2.743012,0.20861033,0.68180144,,,,,,0.11264081,0.10434949,0.30681607,0.11989381,0.95764273,0.18966836,0.07289645
52.54165369,13.36327311,-0.632104,4.3510284,-8.112786,1696499613000,5.9153986,-1.4876848,0.022907428,0.38369945,,,,,,0.07869339,0.1109144,0.07739778,0.1271269,0.9498913,0.22151934,0.07313099
,,-0.5379862,5.5668225,-7.699386,1696499613252,,1.4493531,0.20983206,-0.24610215,,,,,,0.035270676,0.3140714,-0.05869756,0.13775842,0.932555,0.28031322,0.07796662
,,-0.48662046,5.1550975,-7.882516,1696499613503,,2.474384,-0.074830934,-0.7946587,,,,,,0.09128537,0.28650457,0.062250342,0.1354211,0.93900716,0.26198417,0.073978454
,,-0.6400004,3.9072402,-8.198607,1696499613754,,-2.1749077,0.11514801,0.4295143,,,,,,0.056512397,0.15912694,0.26123455,0.123785615,0.95487857,0.19958438,0.0682659
,,-0.59868425,4.02728,-8.178667,1696499614007,,-2.3648865,-0.4401281,0.39774933,,,,,,0.026950194,0.044334237,0.1834621,0.123448744,0.9530129,0.20909323,0.06626336
,,-0.51597226,5.3137417,-7.7194843,1696499614256,,1.007087,0.030237807,-0.14408773,,,,,,-0.032438036,0.15326473,0.03270119,0.13376594,0.93477815,0.2773089,0.07177485
,,-0.40279186,5.402595,-7.6721873,1696499614508,,2.6979606,-0.07910699,-0.7903827,,,,,,0.0614318,0.23159696,0.08887591,0.13349618,0.9336693,0.28169405,0.07110785
,,-0.54556364,4.19047,-8.1115885,1696499614758,,-0.7198278,0.13591741,0.07276927,,,,,,0.08604977,0.14084359,0.23158897,0.12113358,0.95164895,0.21837746,0.06664059
,,-0.59342,3.822853,-8.110552,1696499615018,,-2.5151594,-0.3497201,0.6298779,,,,,,0.07570745,0.011860351,0.30297405,0.11633604,0.95587486,0.20032644,0.06556792
,,-0.5445267,5.1069207,-7.7713284,1696499615269,,0.40477428,0.228158,0.033063058,,,,,,0.044818006,0.14741343,0.08197794,0.12843834,0.9393479,0.26331678,0.07381403
,,-0.47960147,5.6359754,-7.535956,1696499615520,,2.3632069,-0.03573559,-0.6981421,,,,,,0.0694465,0.34427163,0.0659372,0.13523374,0.9312973,0.286311,0.077485524
,,-0.5738786,4.681318,-8.022976,1696499615774,,0.8690315,0.40286532,-0.18684827,,,,,,0.08700433,0.37107807,0.1653317,0.12758239,0.94800586,0.23112603,0.071725346
52.54161388,13.36310333,-0.69463646,3.7404602,-8.202597,1696499616000,6.631511,-2.7356815,-0.057115857,0.46372274,,,,,,0.015303846,0.12218887,0.2907304,0.12037833,0.9578007,0.19027106,0.06710076
,,-0.5998008,4.784608,-7.9274225,1696499616274,,-0.46876237,0.07055488,0.223042,,,,,,0.010743886,0.20478548,0.11755082,0.1288429,0.945243,0.24209489,0.070695005
,,-0.48462635,5.674021,-7.6165147,1696499616525,,1.9056691,0.1847866,-0.30291256,,,,,,0.009865771,0.38217068,-0.004645173,0.13687351,0.93161994,0.28618088,0.074108995
,,-0.46564332,4.977789,-7.911071,1696499616776,,2.3809218,-0.17928882,-0.5191587,,,,,,0.06659809,0.30101234,0.1180175,0.13092506,0.94369155,0.25164843,0.06701982
,,-0.6070591,3.7927833,-8.14142,1696499617027,,-2.399095,0.120034926,0.50709414,,,,,,0.055979982,0.11621551,0.31957856,0.11948988,0.9572734,0.19498874,0.06263732
,,-0.5058427,4.3476787,-7.9894767,1696499617277,,-2.04235,-0.19394957,0.5284744,,,,,,0.09620678,0.07963572,0.22358198,0.123178035,0.95130235,0.2227593,0.06494614
,,-0.48749772,5.606463,-7.532048,1696499617530,,1.0987166,3.054324E-4,0.019013166,,,,,,0.0545429,0.35773927,0.10905577,0.13304307,0.9340158,0.28074992,0.07386826
,,-0.3778267,5.2926044,-7.6932435,1696499617783,,2.4304018,-0.03940078,-0.7745002,,,,,,0.1455558,0.3112727,0.18620552,0.13373327,0.9384691,0.26755527,0.07154592
,,-0.5683752,4.06413,-8.022177,1696499618036,,-1.3343577,0.17745622,0.22609633,,,,,,0.107080586,0.23507854,0.44052666,0.12466705,0.95451576,0.20415945,0.06755126
,,-0.55537415,3.995934,-8.064529,1696499618285,,-2.4345253,-0.1273653,0.5174788,,,,,,0.09800157,0.17460869,0.4125518,0.1248756,0.95515245,0.2002202,0.06704226
,,-0.49355957,5.329613,-7.7146993,1696499618536,,0.39255697,0.22999059,0.042836893,,,,,,0.03181363,0.32894453,0.17635608,0.13720077,0.93773806,0.26524428,0.07361198
,,-0.39585263,5.5897923,-7.60782,1696499618786,,2.3131158,-0.20494513,-0.8233694,,,,,,0.07821731,0.3788,0.14308412,0.14200702,0.9316095,0.28203017,0.07396397
52.5415712,13.36296799,-0.4692325,4.534639,-8.106245,1696499619000,8.12173,1.1402555,0.34483317,-0.08300125,,,,,,0.09441843,0.2524876,0.18188377,0.13369738,0.9479354,0.22967888,0.06819287
,,-0.60586274,3.774997,-8.157531,1696499619287,,-2.7808855,0.038179047,0.4606684,,,,,,0.018630706,0.05025975,0.33783075,0.12789886,0.9553958,0.19572885,0.06524295
,,-0.5042475,4.869314,-7.945766,1696499619538,,-0.7296016,0.1395826,0.051999863,,,,,,0.0027128537,0.104541145,0.078856595,0.1375649,0.942641,0.2499986,0.0700132
,,-0.45232326,5.673463,-7.639087,1696499619789,,1.8415282,0.3527744,-0.24365869,,,,,,-0.0026738325,0.2852096,-0.024363995,0.1442174,0.92915636,0.29054642,0.07547467
,,-0.4559922,4.929374,-7.9570932,1696499620042,,2.507371,-0.09071342,-0.68287045,,,,,,0.07527722,0.19642976,0.09890898,0.1394755,0.941316,0.25597906,0.07130969
,,-0.6553144,3.7783463,-8.229237,1696499620294,,-2.516381,0.0858265,0.47227484,,,,,,0.031008227,0.070531115,0.27641827,0.1293314,0.95496345,0.19777264,0.068722695
,,-0.6301897,4.3379483,-8.077052,1696499620546,,-1.8737514,-0.11575887,0.5193114,,,,,,0.054195452,0.06464256,0.2074552,0.13488315,0.9484609,0.22414498,0.07201469
,,-0.5710072,5.6201825,-7.67458,1696499620796,,1.2630392,0.110871956,-0.048792824,,,,,,0.039699245,0.35874876,0.007830683,0.14564419,0.93084395,0.28215456,0.08061159
,,-0.4926024,5.323153,-7.855078,1696499621048,,2.6130505,-0.16523892,-0.7109702,,,,,,0.14332667,0.35805902,0.052688375,0.1460444,0.9354338,0.26864967,0.077523716
,,-0.6156732,3.9973693,-8.168617,1696499621299,,-1.8792491,-0.021685699,0.19799654,,,,,,0.11693657,0.16267209,0.2687696,0.13697691,0.9523823,0.20403595,0.06995385
,,-0.6432705,4.154339,-8.152666,1696499621572,,-2.4375796,-0.33505934,0.68913186,,,,,,0.072566606,0.1891847,0.22929066,0.13600864,0.95202094,0.20527057,0.06949277
,,-0.57395846,5.5017376,-7.591469,1696499621825,,1.0535127,0.3442223,-0.0561232,,,,,,0.022900285,0.32175046,0.1390856,0.1476504,0.9337348,0.27285463,0.07705384
52.54150066,13.36277516,-0.43517467,5.565705,-7.618587,1696499622000,6.7148943,2.6979606,-0.23243405,-0.71952236,,,,,,0.055973213,0.36502093,0.108140185,0.14954539,0.93240315,0.277908,0.07455575
,,-0.56335014,4.224369,-8.052405,1696499622332,,-1.0014365,0.024740024,0.062384564,,,,,,0.050790794,0.27048233,0.3071718,0.1367836,0.9507999,0.21167625,0.06684448
,,-0.69870406,3.826762,-8.119086,1696499622583,,-2.6306129,-0.4242456,0.8607848,,,,,,-0.011621442,0.1640473,0.3495351,0.12869686,0.95639765,0.19018094,0.06663212
,,-0.6551548,5.146085,-7.7248297,1696499622834,,0.4945714,0.17195843,0.050778136,,,,,,-0.005626287,0.34143353,0.1664804,0.13851675,0.9395341,0.25356644,0.07684347
,,-0.5573681,5.471189,-7.5201635,1696499623087,,2.4676647,-0.22143848,-1.0164026,,,,,,0.043836392,0.3222395,0.17784818,0.14367339,0.93208337,0.27704218,0.079099305
,,-0.6128816,4.4322257,-8.09524,1696499623339,,0.5471058,0.37659815,-0.15202898,,,,,,0.09098425,0.29131672,0.18123929,0.13238157,0.9492046,0.22042419,0.07227563
,,-0.7516653,3.6564724,-8.173245,1696499623589,,-2.837696,-0.098654665,0.7593813,,,,,,0.0780882,0.11902437,0.33314836,0.12242421,0.9578248,0.18419197,0.070474625
,,-0.6821139,4.8878193,-7.857233,1696499623839,,-0.30810493,0.107817635,0.13263401,,,,,,0.084352866,0.18856825,0.098846056,0.13172492,0.9440761,0.2404572,0.07814916
,,-0.57005006,5.7010593,-7.50134,1696499624090,,1.9795836,0.4657844,-0.44402233,,,,,,0.11497368,0.3312343,0.026859093,0.14134303,0.93060696,0.2828612,0.08334087
,,-0.60745794,4.925545,-7.915856,1696499624341,,2.0565526,-0.13775001,-0.49411324,,,,,,0.1293099,0.2964569,0.12724462,0.13445629,0.9440623,0.24231246,0.0773513
,,-0.7745566,3.8369703,-8.19151,1696499624592,,-2.728351,0.0033597562,0.6164389,,,,,,0.084948845,0.19758461,0.23256288,0.123565726,0.95692545,0.18648914,0.074326746
,,-0.7331609,4.5667014,-7.9980907,1696499624843,,-1.5108976,-0.15668681,0.5266418,,,,,,0.0684946,0.24334262,0.13194129,0.13068478,0.9486544,0.2212995,0.07857848
52.54140708,13.36258286,-0.6861818,5.723074,-7.598408,1696499625000,6.0920815,1.3729949,0.14385866,-0.22594361,,,,,,-0.00920356,0.43921283,0.012259182,0.14402908,0.93142796,0.2775348,0.085850164
,,-0.60418767,5.2126846,-7.905168,1696499625347,,2.5055382,-0.24587308,-0.7775545,,,,,,0.039855067,0.3651312,0.050091647,0.14250176,0.9383963,0.25830352,0.07993807
,,-0.7891529,3.9355547,-8.229555,1696499625600,,-1.8926882,0.18234314,0.30917394,,,,,,-0.051258687,0.23433405,0.26664248,0.13048425,0.95461,0.19502476,0.07283469
,,-0.75086766,4.073461,-8.177552,1696499625853,,-2.3056328,-0.33811367,0.3928624,,,,,,-0.06593871,0.16151762,0.23242122,0.1295777,0.95346266,0.20174223,0.07127219
,,-0.6863412,5.4225345,-7.745009,1696499626104,,0.83299047,0.33505934,-0.0457385,,,,,,-0.11789306,0.31526598,0.072354876,0.13998047,0.9355406,0.26915482,0.07804591
,,-0.56606203,5.5091553,-7.699066,1696499626355,,2.3497677,-0.20189081,-0.80321085,,,,,,-0.06498184,0.30615738,0.13426779,0.14127976,0.9329383,0.2778199,0.07615873
,,-0.67070824,4.4591846,-8.152586,1696499626607,,0.5257255,0.16768238,0.058719378,,,,,,-0.021320898,0.3180196,0.2221301,0.12925264,0.95002586,0.22117792,0.0701701
,,-0.76937217,3.8510091,-8.154261,1696499626857,,-2.567083,-0.20494513,0.6066651,,,,,,-0.032107294,0.21784838,0.38822776,0.12193952,0.95629036,0.18979482,0.06937923
,,-0.67413795,5.013762,-7.934599,1696499627112,,-0.5640573,0.014355322,0.14362958,,,,,,0.011107862,0.32993546,0.17186165,0.13237488,0.94382924,0.24323756,0.077674426
,,-0.61503524,5.6260853,-7.616912,1696499627364,,1.4762311,0.22082762,-0.10621411,,,,,,0.044013493,0.40761098,0.1094886,0.14139928,0.93114096,0.27741793,0.0857902
,,-0.5531408,4.99382,-8.030551,1696499627615,,2.5617378,-0.20677772,-0.7219658,,,,,,0.15718237,0.38502076,0.15518254,0.14046021,0.9431665,0.24301724,0.08177075
,,-0.7255837,3.8912883,-8.24144,1696499627867,,-1.6342924,0.047952887,0.40080366,,,,,,0.16811758,0.35920003,0.2696675,0.13437568,0.95482266,0.18373516,0.08049466
52.54132281,13.3624083,-0.6620143,4.2173495,-8.162876,1696499628000,5.5815597,-2.3245695,-0.6893609,0.8442915,,,,,,0.25371134,0.3143278,0.25091082,0.14383331,0.95137703,0.19685984,0.08512248
,,-0.61527437,5.382734,-7.7656665,1696499628370,,0.23678645,0.014966187,0.2596939,,,,,,0.28187242,0.49465227,0.131955,0.16455922,0.9334129,0.25059888,0.100402765
,,-0.47665024,5.376274,-7.684151,1696499628623,,1.9447644,0.07055488,-0.59001905,,,,,,0.39268556,0.47630534,0.2091721,0.18066747,0.92857367,0.25327888,0.10428938
,,-0.5876772,4.584169,-8.156972,1696499628875,,1.7651701,0.30207264,-0.3126864,,,,,,0.3568992,0.4614952,0.22850414,0.19101037,0.9397008,0.20840539,0.099340305
,,-0.51557356,4.0083766,-8.375916,1696499629129,,-2.3221262,0.28619015,0.38186684,,,,,,0.3199749,0.29603544,0.0146054905,0.20372698,0.9418962,0.17996754,0.09345507
,,-0.55306107,4.745366,-8.490691,1696499629379,,-2.4045928,-1.5372412,0.5339722,,,,,,-0.043028243,0.16406296,-0.15532042,0.22726318,0.928345,0.23266043,0.09644565
,,-0.5186044,5.4222956,-7.933642,1696499629634,,-0.43944085,-0.040622506,-0.15874848,,,,,,-0.24296096,-0.04406937,-0.2526569,0.24382374,0.9081503,0.28045756,0.10416314
,,-0.62261236,5.0739803,-8.322955,1696499629885,,2.1524584,0.4431824,-0.6749292,,,,,,-0.50934196,-0.09625491,-0.32923576,0.24709307,0.91142327,0.27329394,0.09396734
,,-0.9303294,4.0484962,-8.870273,1696499630136,,-1.3300817,0.9025527,-0.66393363,,,,,,-0.7671942,-0.39214927,-0.37478393,0.23721926,0.9252487,0.22781906,0.08323222
,,-1.117847,3.6351762,-8.918609,1696499630387,,-2.7320163,1.0448842,0.6146063,,,,,,-0.97866493,-0.60319614,-0.45059097,0.22624701,0.9288318,0.21902561,0.08016753
,,-1.48355,4.712904,-7.6102133,1696499630637,,-1.9042946,-1.1664463,0.79847664,,,,,,-0.8512306,-0.1253259,0.23843323,0.22241847,0.9169439,0.2712988,0.09206843
,,-1.0416754,5.6362934,-6.7779093,1696499630888,,0.66744614,0.47067133,-0.4342485,,,,,,-0.5861685,0.012820165,0.3668698,0.21478105,0.9075486,0.29673657,0.09897469
52.5411966,13.36215049,-1.2780067,5.3261843,-7.083392,1696499631000,6.5654464,2.0889285,-0.53297955,-0.29619306,,,,,,-0.44368714,0.2688916,0.32400757,0.20440213,0.920899,0.2733221,0.09113582
,,-1.1811768,4.6050677,-7.475577,1696499631389,,-0.19020802,1.5085306,-0.9944115,,,,,,-0.18857391,-0.024281502,0.07001654,0.18990105,0.9341734,0.2300649,0.08796435
,,-0.9239484,4.883512,-6.785406,1696499631640,,-2.959869,-0.521984,0.6304888,,,,,,0.16045485,0.22005346,0.46948546,0.18530886,0.9343506,0.23671772,0.08816411
,,-0.8504889,5.7966924,-6.9115887,1696499631893,,-0.5096903,0.31551164,0.21510077,,,,,,-0.20962137,0.17300245,-0.024015076,0.18609056,0.92228574,0.28426933,0.093303345
,,-0.73603225,5.7632732,-7.480363,1696499632144,,0.5727621,-0.4016436,0.14362958,,,,,,-0.5233525,-0.36773977,-0.3885199,0.17986356,0.917618,0.29863536,0.09232146
,,-1.2166706,5.3129444,-8.345209,1696499632398,,2.7376668,-0.12492185,-0.567417,,,,,,-0.17068046,-0.28703845,-0.70849603,0.1747339,0.9304386,0.27153692,0.08739997
,,-0.8793622,4.3641896,-8.503056,1696499632651,,-1.6593378,0.49999282,0.08498656,,,,,,0.2718025,-0.56305563,-0.33231774,0.16608301,0.9398492,0.23055197,0.088988446
,,-0.91262245,4.4433913,-8.103932,1696499632904,,-3.0967026,-0.27458373,0.7758746,,,,,,0.23904057,-0.6211449,-0.2667677,0.16539942,0.93890387,0.23770206,0.08907781
,,-0.9976473,5.426204,-8.783893,1696499633155,,-0.32215482,-0.004581486,-0.012751802,,,,,,-0.34000266,-0.694273,-1.1880423,0.1622699,0.9266498,0.28295934,0.094908744
,,-0.8906086,5.681997,-7.9783087,1696499633405,,1.7798309,0.09926552,0.073380135,,,,,,0.29191,-0.46863645,-0.42857245,0.15609793,0.92219967,0.2951336,0.09727981
,,-0.6656832,5.4735813,-8.500901,1696499633655,,2.4585016,0.84452057,-0.36277732,,,,,,0.6690756,-0.13746968,-0.6316059,0.15029147,0.9340872,0.26901165,0.09187297
,,-0.5015356,4.5325637,-8.407023,1696499633907,,0.3730093,0.8713986,0.00923933,,,,,,0.5350216,-0.35901037,-0.4201347,0.14119558,0.94339496,0.23073259,0.08775199
52.5410901,13.36188907,-0.8965906,4.407898,-8.633782,1696499634000,6.422481,-2.9030585,0.61422455,0.71600986,,,,,,-0.13076124,-0.20031214,-0.097761124,0.14187208,0.9432154,0.23612018,0.08178389
,,-0.7115456,5.17392,-8.121879,1696499634408,,-0.9342413,0.24465135,0.031841327,,,,,,-0.14973179,0.0637955,0.23906317,0.14472376,0.93247646,0.27530128,0.08390028
,,-1.0146365,5.027879,-7.9797444,1696499634658,,1.427362,0.06627883,0.19738568,,,,,,-0.22792004,-0.023389595,0.44502327,0.14056455,0.92918843,0.28443223,0.08216202
,,-0.71154577,4.651088,-8.181301,1696499634910,,1.3705515,-1.0106758,-0.48678288,,,,,,0.094910555,-0.117036566,0.49842873,0.13322255,0.94010633,0.26104125,0.07538962
,,-1.1201602,4.1087155,-8.095399,1696499635165,,0.5452732,0.64415693,0.12835796,,,,,,-0.13410854,-0.09121067,0.7862041,0.12725161,0.9473591,0.22373618,0.07960549
,,-1.0986248,3.728576,-8.412527,1696499635416,,-2.2170575,0.3741547,0.656756,,,,,,-0.2641903,-0.2553517,0.53887564,0.127511,0.9473397,0.21996856,0.0811758
,,-0.94699943,4.825047,-7.932048,1696499635666,,-1.3398556,-0.26542073,0.5309178,,,,,,0.008088461,-0.022231769,0.25117528,0.13206096,0.9385308,0.25572756,0.08684924
,,-1.1232706,5.0308294,-7.888898,1696499635916,,0.88002706,0.17867795,-0.02008218,,,,,,-0.15476139,-0.06466567,0.24299686,0.13380736,0.93218076,0.26845297,0.09309879
,,-0.53112686,4.947879,-7.5408216,1696499636183,,2.1029785,-0.18906265,-0.86490816,,,,,,0.6829977,0.087126285,0.5067738,0.14298908,0.9382822,0.25068727,0.09297846
,,-0.8854241,4.3469615,-7.8849096,1696499636433,,1.2127193,-0.35231626,-0.025427246,,,,,,0.20989169,0.26480955,0.41705284,0.15259747,0.9438636,0.21786048,0.09448998
,,-0.68035924,3.78058,-8.18154,1696499636684,,-2.3791656,0.30802858,0.31115925,,,,,,0.1167014,-0.08748107,0.2601346,0.16061164,0.94388527,0.21213649,0.08767968
,,-0.72622174,4.8695536,-7.6297545,1696499636937,,-1.3437498,0.523053,-0.2135736,,,,,,0.04691654,0.17621134,0.5510505,0.1715966,0.9350423,0.25191557,0.08756783
52.541015,13.36166869,-0.701416,5.219863,-7.5688977,1696499637000,5.8975625,0.8333723,1.286023,-0.41393724,,,,,,-0.07082999,-0.0034419855,0.2586066,0.17287071,0.9253356,0.2745997,0.09052236
,,-0.6742974,4.939743,-7.937711,1696499637439,,1.4845542,-0.9240857,-0.23861906,,,,,,0.07470451,0.092834204,0.15430704,0.16883749,0.9320182,0.2628474,0.083535194
,,-1.0678369,4.4422755,-8.090692,1696499637690,,2.2744024,-0.74082625,0.046043932,,,,,,-0.40389013,0.15208414,0.452049,0.16344443,0.9401825,0.23608293,0.08367431
,,-1.0345768,4.128736,-8.209695,1696499637939,,-0.9674571,0.1461494,0.25801402,,,,,,-0.28023955,-0.23923971,0.2764456,0.16132261,0.9419765,0.22186297,0.082539625
,,-1.1007783,4.7018967,-8.056075,1696499638192,,-2.6112943,0.2677115,0.068035066,,,,,,-0.2604729,-0.2781791,0.25432295,0.16543046,0.93789744,0.24737546,0.084967576
,,-1.0620944,5.1285377,-7.592028,1696499638443,,-0.6504183,0.9561561,-0.36567894,,,,,,-0.30766314,-0.28663218,0.1382382,0.1621773,0.9303971,0.26832694,0.09017814
,,-1.0849059,5.0971117,-7.6217785,1696499638693,,1.8321362,-0.5270236,0.105908684,,,,,,-0.39219654,-0.18347125,0.06824101,0.15591866,0.9331774,0.26564005,0.08804221
,,-0.8666008,4.9454055,-7.6951585,1696499638945,,1.9891285,0.23411393,-0.2514472,,,,,,-0.15291223,-0.10544317,-0.113726236,0.15646057,0.93848443,0.24867874,0.09030054
,,-1.209572,5.0017176,-7.687022,1696499639198,,0.672104,0.067958705,0.3099375,,,,,,-0.1820331,0.3215378,-0.106351696,0.1607031,0.9402899,0.23165055,0.09120027
,,-1.274896,5.3165336,-7.7008214,1696499639450,,-2.1397066,0.37583455,0.06864593,,,,,,-0.1513842,0.4103273,-0.069485396,0.16830298,0.9384187,0.2407567,0.09111319
,,-1.1838092,5.7248287,-7.3635125,1696499639701,,-2.251495,0.12843432,0.25618142,,,,,,0.05624788,0.47542903,0.12176566,0.17143178,0.9328509,0.2595206,0.09408422
,,-1.3455639,5.6043096,-7.3753176,1696499639953,,-0.51358455,0.27137667,-0.21601705,,,,,,0.14994961,0.539153,0.35226977,0.17057285,0.92971385,0.26655766,0.09447368
52.54097307,13.36148889,-1.0930413,5.681997,-7.5719285,1696499640000,11.350329,1.6103923,-0.5129737,0.10468695,,,,,,0.3051401,0.6006518,0.38924,0.17285882,0.93037075,0.26412237,0.09480774
,,-1.2664413,5.36766,-7.7893558,1696499640454,,1.937205,-1.0120503,-0.039477136,,,,,,0.0064578694,0.419681,0.54205006,0.17604755,0.93018794,0.2618928,0.096564315
,,-1.0556335,5.0007606,-7.9446487,1696499640704,,0.12721258,0.97081685,-0.23373213,,,,,,0.17665777,-0.13762125,0.426812,0.17101182,0.9313115,0.25935248,0.094994925
,,-1.0493324,5.1572514,-7.7858458,1696499640956,,-1.5850414,1.0844377,0.1107956,,,,,,0.007616393,0.044207606,0.34978226,0.16730823,0.9314681,0.26423684,0.09406699
,,-1.0128019,5.182136,-8.052806,1696499641207,,-1.0383174,1.5835142,-0.10178535,,,,,,-0.24599686,0.08258557,0.010370127,0.16794093,0.9293925,0.270408,0.09319074
,,-1.0195817,5.2394037,-7.765108,1696499641459,,1.6238313,0.9561561,-0.22762349,,,,,,-0.1777588,0.05803404,0.2564925,0.16932812,0.92738044,0.27366644,0.093124546
,,-0.9403793,5.03099,-7.5664244,1696499641709,,1.4686717,-0.35537058,0.1957058,,,,,,-0.17428273,-0.07435218,0.24240924,0.16884138,0.9273498,0.27469,0.08985713
,,-1.0274779,5.193064,-7.5273423,1696499641959,,2.0208933,-0.033444848,-0.6442333,,,,,,-0.017426634,-0.048435465,0.24395981,0.16162096,0.92959535,0.27076775,0.0887706
,,-0.80965143,4.7199225,-7.3573728,1696499642211,,-0.41890052,0.8052725,0.32154396,,,,,,0.08546222,-0.17314865,0.46895748,0.15428564,0.9303863,0.2664207,0.09269643
,,-0.561755,4.8450675,-7.3530645,1696499642461,,-1.464701,0.04963276,0.2042579,,,,,,0.26524225,-0.18538612,0.40525234,0.14842556,0.9306457,0.26962888,0.094284795
,,-0.6857033,4.9389443,-7.2735424,1696499642711,,-0.7939715,0.17302746,0.31421357,,,,,,0.2602267,-0.17585951,0.5137907,0.14115323,0.93068033,0.27199042,0.09877689
,,-0.5390232,4.8769712,-7.523273,1696499642963,,0.090560704,0.01847866,-0.03581195,,,,,,0.11271839,-0.28876927,0.14357209,0.13782933,0.9331431,0.2684145,0.09948869
52.54090685,13.36134327,-0.71912295,4.7060447,-8.016833,1696499643000,11.374127,1.3037381,-0.27595815,-0.8122211,,,,,,0.029870296,-0.43015003,-0.14102273,0.1398666,0.93675053,0.25852826,0.10162596
,,-0.6289932,4.364668,-7.888977,1696499643464,,1.0813833,-0.1904371,-0.48296496,,,,,,0.2145846,-0.52817696,0.060092974,0.13864797,0.93914014,0.24886997,0.09913501
,,-0.85463643,4.4925246,-8.102178,1696499643715,,-1.4842488,-0.059712034,0.3117701,,,,,,-0.19604014,-0.5045427,-0.10561813,0.13611229,0.94016576,0.24868798,0.08997984
,,-0.79425746,4.6818767,-7.8941607,1696499643967,,-1.5044073,-0.060322896,-0.2239583,,,,,,-0.10919919,-0.5776947,-0.078286774,0.13389388,0.9380414,0.26280746,0.088127546
,,-0.55330026,4.90082,-7.695238,1696499644220,,-1.0114393,-0.14645483,0.40523243,,,,,,0.06732562,-0.59406483,-0.18095541,0.13195442,0.9348672,0.27164045,0.08816767
,,-0.5146164,5.0161543,-7.7987676,1696499644469,,0.5743656,-0.7542653,0.08697187,,,,,,0.095761254,-0.3670163,-0.0836497,0.12903616,0.93699795,0.26905516,0.085230134
,,-0.66775703,4.9714875,-7.671549,1696499644720,,1.4931062,-0.9980003,-0.32841617,,,,,,0.07563966,-0.12130667,0.10823161,0.1271826,0.9407161,0.25927567,0.08470217
,,-0.9186046,4.786203,-7.8540416,1696499644971,,0.38072148,-0.755487,0.5634464,,,,,,-0.24345678,0.17611906,0.04138314,0.12562768,0.9429837,0.2450295,0.08414422
,,-0.71928245,4.753261,-8.239207,1696499645221,,-2.3260205,0.45524698,0.72899073,,,,,,-0.17258641,-0.044701576,-0.53155917,0.13565332,0.94126934,0.25036332,0.08541118
,,-0.9315258,4.8096533,-8.310832,1696499645473,,-1.3956733,-0.59849477,-0.115835235,,,,,,-0.49242315,0.13466182,-0.39063665,0.14503978,0.9355699,0.26596817,0.08720703
,,-1.0408778,4.9753957,-8.005587,1696499645724,,1.1394155,0.33063057,-0.7425825,,,,,,-0.38864204,0.3343562,-0.2839016,0.14815548,0.9317879,0.27290604,0.08751447
,,-1.1153743,4.8510494,-8.147881,1696499645975,,2.0984733,0.11499529,0.025885396,,,,,,-0.18401232,0.23124334,-0.27901474,0.14977026,0.9353551,0.2641762,0.0877925
52.54086424,13.36122261,-0.9801002,4.4780874,-7.968419,1696499646000,11.116529,1.5914555,0.4723512,-0.6735548,,,,,,-0.044356283,0.16006684,0.029927555,0.15266003,0.93934,0.24746361,0.08740049
,,-0.96502525,4.3586864,-7.5420976,1696499646478,,-1.2447897,-0.75854135,1.0551926,,,,,,0.11871015,0.10132036,0.41578564,0.15438822,0.940151,0.23825647,0.083698615
,,-1.0673584,4.7828536,-7.4023566,1696499646730,,-2.7414083,0.012370012,0.20670137,,,,,,0.27023354,0.23946635,0.57284945,0.15685235,0.9373616,0.25520983,0.0842531
,,-1.2638888,5.18381,-7.266125,1696499646981,,-1.0994039,0.59269154,0.23357943,,,,,,0.23347507,0.2600786,0.7287829,0.16028716,0.93032646,0.27045542,0.091143705
,,-0.94077814,5.2843885,-7.328338,1696499647233,,0.5731439,-0.067653276,0.12606722,,,,,,0.20012993,0.36498982,0.72503066,0.16536054,0.9303638,0.26887408,0.08903177
,,-0.76235324,4.9415784,-7.6181097,1696499647485,,1.3214532,-0.0065667965,-0.92767453,,,,,,0.19936462,0.28722933,0.5019322,0.1727687,0.9338081,0.2564396,0.08588204
,,-0.87800634,4.9022565,-7.8198247,1696499647736,,0.55298537,-0.31810784,0.5842158,,,,,,0.026170952,0.53371996,0.46250448,0.16761392,0.9378211,0.23818874,0.08170676
,,-0.8021538,5.0183086,-8.563753,1696499647986,,-2.241721,0.2677115,0.6801216,,,,,,-0.11536935,0.2617872,-0.20322649,0.17429237,0.9363705,0.24522232,0.0795645
,,-0.57180494,5.5326056,-7.921519,1696499648237,,-1.4659227,-0.10002911,0.105908684,,,,,,-0.091726094,0.4174581,0.1567442,0.18430941,0.928798,0.26748508,0.08193597
,,-0.17722839,5.793502,-7.597691,1696499648487,,0.1876882,0.30436337,-0.1060614,,,,,,0.11069716,0.42680094,0.043060206,0.18620111,0.9237596,0.27720034,0.082926184
,,-0.5086344,5.6822357,-7.748199,1696499648738,,1.8296927,-0.65958124,-0.040698867,,,,,,0.014482889,0.31208247,0.1529691,0.1817065,0.9271623,0.2722148,0.08038432
,,-0.73842514,5.658627,-8.09436,1696499648989,,1.6091706,-0.7664826,-0.3333031,,,,,,0.01123712,0.5372515,0.107279636,0.17502075,0.9328357,0.25356784,0.08398738
52.54081419,13.36106797,-0.489731,5.386403,-7.775717,1696499649000,5.905473,-1.1653773,0.59085894,0.73571026,,,,,,0.47885972,0.28743646,0.100051686,0.17414774,0.9333752,0.2434481,0.08883258
,,-0.62085766,5.413122,-7.5979304,1696499649491,,-2.349844,0.16386448,0.20242532,,,,,,0.12395569,0.38195336,0.36546513,0.1750864,0.9309564,0.25874805,0.091616146
,,-0.62476593,5.821817,-7.519844,1696499649743,,-0.84222984,-0.18738277,0.41195193,,,,,,0.19299583,0.5531797,0.17535,0.16610639,0.92686534,0.27398905,0.09411003
,,-0.6492525,5.7108703,-7.5129848,1696499649993,,1.4546218,0.108886644,-0.17753258,,,,,,0.25591564,0.5215952,0.20771506,0.15860966,0.9287479,0.27421626,0.090474345
,,-0.60019964,5.56754,-7.7926254,1696499650243,,1.778991,-0.25579962,-0.2948186,,,,,,0.32260662,0.5784857,0.14037143,0.15668651,0.93284833,0.2655745,0.08846312
,,-0.41395828,5.1606,-7.738787,1696499650494,,1.3513856,0.07895427,-0.31986406,,,,,,0.3025501,0.39255485,0.3067411,0.14969584,0.9360434,0.25636375,0.0815544
,,-0.8161121,4.5516276,-8.386365,1696499650746,,-2.3070836,0.19196425,0.4229475,,,,,,-0.34815264,0.13442819,0.23889837,0.14384414,0.9374342,0.25677738,0.073369764
,,-0.58289164,4.875217,-8.1757965,1696499650995,,-2.024864,-0.7377719,0.107741274,,,,,,-0.046751007,0.11395875,0.2946848,0.1376678,0.9360783,0.2684987,0.07217999
,,-0.90975106,4.8716273,-8.227641,1696499651248,,-0.61804247,0.25305074,-0.3278053,,,,,,-0.34132707,0.07166556,0.31223062,0.13439813,0.9342329,0.2735844,0.07418863
,,-0.7152945,4.917809,-8.311949,1696499651497,,0.5242747,0.0056504994,0.28672466,,,,,,-0.20750631,0.025601776,0.14924887,0.13196622,0.9371059,0.26911694,0.07194894
,,-0.5659025,4.565585,-8.323752,1696499651748,,2.077093,-1.1904228,-1.1683552,,,,,,-0.29367617,-0.0972394,0.16121115,0.1323186,0.9398218,0.26134118,0.07065032
,,-0.60785663,4.1450067,-8.108318,1696499651999,,1.0618356,-0.059101168,0.39668033,,,,,,-0.3642335,-0.24077895,0.2226371,0.13299534,0.94075984,0.2530193,0.071203426
52.54076166,13.36093986,-0.5766703,4.768656,-7.7999644,1696499652000,5.510717,-2.7426302,0.6476694,0.60070914,,,,,,-0.14956906,-0.086882025,0.32383415,0.13869162,0.9398814,0.2546014,0.07123042
,,-0.450728,5.128217,-7.497112,1696499652500,,-1.6992731,-0.6308706,0.008781182,,,,,,0.017034639,0.0889344,0.25496516,0.14536387,0.9370302,0.2610253,0.07211996
,,-0.3428117,5.2624545,-7.4140015,1696499652751,,0.8290962,0.95737785,-0.4004982,,,,,,-0.08146208,0.22882003,0.18166116,0.15130582,0.93515396,0.26277632,0.07220007
,,-0.27812573,4.9683766,-7.509235,1696499653002,,0.9268346,-0.3773617,0.0075594517,,,,,,-0.12724662,-0.001287651,0.13237906,0.15383312,0.9355192,0.2615653,0.06989192
,,-0.2958327,4.9001017,-7.4699926,1696499653253,,1.6684245,-0.778089,-0.31314456,,,,,,-0.24657091,-0.0048541706,0.061383646,0.15497467,0.9359713,0.2598128,0.06927513
,,-0.3913063,5.2686763,-7.4112096,1696499653504,,1.0679444,0.0697913,0.058872093,,,,,,-0.3134634,0.15828463,0.16395298,0.1542079,0.9361042,0.26145667,0.066981606
,,-0.26057836,4.9391046,-7.7292957,1696499653755,,-2.2374449,-0.07864884,0.5964331,,,,,,-0.42494667,-0.086237215,-0.06596802,0.15129517,0.9364732,0.2639295,0.0648367
,,-0.3016552,4.90744,-7.7848883,1696499654005,,-1.1568252,-0.7225003,-0.26610798,,,,,,-0.7238167,-0.2404999,-0.14014712,0.14849089,0.93642277,0.26640555,0.061710063
,,-0.18488549,4.8858247,-7.8289967,1696499654255,,-0.6913462,-0.085979216,-0.47441286,,,,,,-0.48780867,-0.15909949,-0.27881035,0.14193563,0.9342624,0.27368775,0.05511827
,,-0.6995817,5.211647,-7.31135,1696499654509,,-0.18982624,-0.5056433,-0.5135082,,,,,,-0.7516292,0.061946314,-0.106748424,0.12867257,0.91998494,0.30002835,0.06029723
,,-0.8713065,5.5789456,-6.686584,1696499654762,,1.1565198,-0.43722647,-0.23800819,,,,,,-0.5006269,-0.22033925,-0.060582597,0.10928864,0.9012994,0.34163514,0.07034586
52.54071812,13.36082575,-1.8706288,6.758687,-6.258427,1696499655000,5.556329,-1.9136866,0.3941605,0.55489427,,,,,,-0.5007739,0.13780251,-0.28397834,0.0946284,0.8855844,0.39393815,0.11934698
,,-1.314856,6.3413787,-6.5412593,1696499655012,,3.4301584,-0.97295487,-0.16348268,,,,,,-0.60045564,-0.070660956,-0.24869786,0.098389134,0.88981664,0.3828801,0.09004585
,,-2.1221147,6.625964,-6.019225,1696499655513,,-1.6717842,-0.1036943,0.51763153,,,,,,-0.14451304,-0.03200597,-0.06013657,0.08849883,0.8824696,0.39700854,0.14301543
,,-2.201397,6.783253,-5.574798,1696499655763,,-0.7139482,0.15347977,0.039935283,,,,,,-0.07271645,-0.13233818,0.17073996,0.08892046,0.8756107,0.40477842,0.15932822
,,-2.1625533,7.136513,-5.420461,1696499656014,,0.13942988,0.5242747,0.052763447,,,,,,-0.021038404,0.09024671,0.03088189,0.09843039,0.868871,0.41001743,0.16867019
,,-2.1958933,7.1862044,-5.5944195,1696499656267,,1.9427028,0.3819432,-0.40905032,,,,,,-0.19789454,0.07672634,-0.23922138,0.11365341,0.86653686,0.4105488,0.17046429
,,-1.962593,7.209096,-5.6873407,1696499656520,,2.7435465,-1.130558,-0.8928552,,,,,,-0.2934665,0.012341198,-0.449799,0.12349163,0.8671302,0.411089,0.1610493
,,-1.7560127,7.1571712,-5.4415174,1696499656771,,-2.0505204,0.3819432,0.13400847,,,,,,-0.26257595,-0.08024361,-0.22400895,0.117626004,0.86791545,0.41845044,0.15398137
,,-1.752982,7.355935,-5.376753,1696499657023,,-1.8874195,-0.17088942,0.24335326,,,,,,-0.28392115,0.062082846,-0.29185066,0.09917739,0.86820716,0.42551264,0.14710668
,,-1.8068205,7.494719,-5.301936,1696499657276,,-1.483027,-0.16111559,0.18593197,,,,,,-0.18880211,0.11262962,-0.13761504,0.07647152,0.8671966,0.4307241,0.14485344
,,-1.72706,7.3647094,-5.231747,1696499657528,,1.8974987,-0.70845044,0.0051159924,,,,,,0.10975955,-0.014255667,-0.019549588,0.058026724,0.8686367,0.431145,0.14467396
,,-1.7435703,7.452766,-5.251289,1696499657780,,1.9048291,-0.52946705,-0.18852814,,,,,,0.35664183,0.23857068,0.20804317,0.05737896,0.8767502,0.41349036,0.15582336
52.54052829,13.36039831,-1.8025132,7.2145996,-5.2726655,1696499658000,5.643529,-2.499506,0.6244565,0.20670137,,,,,,0.59129775,0.1372982,0.43095678,0.10109561,0.8716,0.3955018,0.17623188
,,-1.9810976,7.0679197,-5.3990855,1696499658030,,0.16264275,0.14065161,0.55061823,,,,,,0.5080544,0.28279367,0.35181046,0.07190809,0.8788612,0.3883199,0.17254816
,,-1.792543,7.738229,-5.074458,1696499658533,,-1.6015347,-0.23258677,-0.04130973,,,,,,0.43147042,0.2917624,0.27712575,0.13592273,0.85553837,0.41546595,0.18650405
,,-1.7271392,7.751071,-4.7944183,1696499658784,,1.0612248,-0.028557928,-0.16592614,,,,,,0.34431377,0.26393124,0.13380687,0.16562484,0.8426788,0.424189,0.19841738
,,-1.756252,7.4218984,-5.1981673,1696499659034,,2.2004876,0.0074830935,-1.3057998,,,,,,0.20308138,0.027593136,0.07859577,0.19378358,0.8495665,0.40605217,0.20603941
,,-2.0967505,7.122716,-5.745326,1696499659284,,0.76251197,-0.27779076,0.48953176,,,,,,0.061383303,0.29927322,-0.041244015,0.2006769,0.8606921,0.36960712,0.21015678
,,-1.9449658,6.7486367,-5.315575,1696499659535,,-2.2606578,0.6843213,0.5567269,,,,,,0.16479692,-0.12983288,0.31194955,0.20372874,0.85978985,0.37013927,0.21059036
,,-1.8136799,7.7906313,-4.973083,1696499659787,,-1.4384339,0.35139996,0.05337431,,,,,,0.17167476,0.29623243,0.058135103,0.19964172,0.84401983,0.41122252,0.2157711
,,-1.6811974,7.9231143,-4.6352167,1696499660038,,1.3342814,-0.4488329,0.20975569,,,,,,0.26651075,0.29692018,0.036609165,0.1961483,0.8319639,0.4299617,0.21991475
,,-1.7058433,7.472227,-5.210929,1696499660289,,2.4643812,-0.38347036,-1.1023818,,,,,,0.22436021,0.040635396,0.06144767,0.20810275,0.84652627,0.40436563,0.21627384
,,-2.186083,6.80439,-6.003512,1696499660542,,-1.1464405,0.56703526,0.43394306,,,,,,-0.028120048,0.1625465,-0.034698214,0.21621011,0.865616,0.3519908,0.21545157
,,-1.9374684,6.569893,-5.4943194,1696499660793,,-2.4115415,-0.045662142,0.41011935,,,,,,-0.10598371,-0.39666626,0.36591643,0.2274507,0.86087775,0.36580017,0.20714568
52.5404459,13.36021176,-1.647618,7.7637525,-4.794419,1696499661000,3.859119,2.366643,-0.2197586,-0.5000692,,,,,,-0.33852988,-0.11598117,-0.048767846,0.22237304,0.8265521,0.44369984,0.1981027
,,-1.7578472,8.0048685,-5.0818763,1696499661045,,-0.4158462,0.77839446,0.0075594517,,,,,,-0.30897224,0.24580826,-0.072244294,0.22698425,0.8350754,0.42574158,0.20425905
,,-1.8824337,7.313264,-5.620102,1696499661546,,2.334878,-0.6571378,-0.6491202,,,,,,-0.3236588,0.018860968,-0.034886193,0.22020775,0.8511652,0.39912483,0.19349769
,,-2.1399012,6.4083786,-5.8866634,1696499661797,,-3.0706646,0.88896096,0.5781072,,,,,,-0.20224844,-0.1970377,0.19043496,0.20964524,0.869957,0.35330397,0.19594702
,,-1.7743574,7.388798,-5.14752,1696499662048,,-1.388343,0.1754709,0.0796415,,,,,,-0.027358599,0.022602813,0.31408262,0.20163278,0.85368866,0.3999132,0.19808374
,,-1.6338192,8.15474,-4.610013,1696499662299,,1.5908446,-0.4659371,0.11140647,,,,,,0.021719864,0.33713198,0.0472749,0.19464928,0.8302069,0.4455981,0.20495367
,,-1.7522639,7.442396,-5.0427136,1696499662549,,3.260949,-0.7817542,-0.8500947,,,,,,0.1276474,0.02777942,0.22993612,0.19841194,0.8466011,0.4130215,0.20538792
,,-2.19701,6.521079,-5.797729,1696499662804,,-3.2081091,0.98608845,0.7247147,,,,,,0.035368852,0.024768868,0.40183768,0.20775016,0.8725049,0.3447417,0.20786689
,,-2.0819154,6.8559155,-5.2520065,1696499663054,,-1.6369649,0.2084576,-0.12988512,,,,,,-0.07693779,-0.071378514,0.51996094,0.21410732,0.8607618,0.36826307,0.20797108
,,-1.7234704,8.119644,-4.5470004,1696499663304,,1.7808236,-0.32116216,-0.14393501,,,,,,-0.107378855,0.3491411,0.25970542,0.21395046,0.8317839,0.43461654,0.20663866
,,-1.8386451,7.6176305,-4.967101,1696499663555,,2.863276,-0.6760746,-0.722424,,,,,,-0.16587089,0.1589689,0.19453268,0.21523772,0.84087956,0.41543075,0.20376435
,,-2.2139196,6.558807,-5.774359,1696499663805,,-2.386496,0.5707004,0.8389464,,,,,,-0.21832757,0.049595874,0.38327998,0.21617761,0.8724388,0.3432755,0.19966383
52.54036257,13.36000484,-1.7485948,7.919685,-4.7266226,1696499664000,3.94638,2.1931572,-0.32788166,-0.5293907,,,,,,-0.115740635,0.32436296,0.38297436,0.20273228,0.84657776,0.4156787,0.19954726
,,-2.115255,6.673503,-5.5373106,1696499664055,,-2.0321944,-0.38713557,0.267177,,,,,,-0.19465427,-0.06985744,0.4275273,0.20991789,0.8704984,0.35231462,0.19814377
,,-2.021297,7.2654867,-5.467999,1696499664559,,2.8486152,0.6904299,-0.5397754,,,,,,-0.13041128,0.3933983,0.2602415,0.19691677,0.8626395,0.3738963,0.19876732
,,-2.2011573,5.46425,-6.370093,1696499664810,,-3.7249007,0.32574365,0.57505286,,,,,,-0.07475586,-0.010481997,0.56001973,0.19431445,0.8976765,0.28039724,0.18526484
,,-2.101696,5.5250263,-6.344888,1696499665063,,-0.45982847,0.3904953,0.25068364,,,,,,-0.08663004,0.035241604,0.5735099,0.19222325,0.9003871,0.27934036,0.1774727
,,-1.680958,6.3708897,-6.3271017,1696499665315,,2.1552837,-0.47387835,-0.40233082,,,,,,-0.038228836,0.30309603,0.30640665,0.18858589,0.89102095,0.31997886,0.1660461
,,-1.695953,5.4645696,-6.907282,1696499665566,,1.0819943,0.32146758,-0.013209951,,,,,,-0.014235425,0.45817727,0.3967441,0.18083595,0.9097636,0.26649246,0.15259002
,,-1.809293,3.8728633,-7.871191,1696499665818,,-3.271639,0.46440995,0.6410262,,,,,,-0.06428809,0.10829779,0.47804454,0.1719194,0.9411951,0.18557881,0.13320263
,,-1.5059626,4.255955,-7.5731235,1696499666069,,-0.02489274,0.260992,0.25801402,,,,,,-0.036965083,0.027744778,0.47448555,0.16835372,0.9370501,0.21249916,0.12184086
,,-1.2403595,5.6347795,-7.384569,1696499666319,,1.611614,-0.021838415,-0.3919461,,,,,,-0.057434645,0.40057126,0.21220347,0.16897228,0.9245662,0.27220258,0.12034032
,,-1.1845269,4.905685,-7.7447686,1696499666572,,1.0447315,0.24205516,-0.13355032,,,,,,-0.0014558514,0.4579711,0.28378576,0.16184814,0.93657976,0.23441237,0.10979867
,,-1.3104692,3.6909287,-8.0048685,1696499666825,,-2.9674284,0.11560616,0.81267923,,,,,,-0.0734344,0.091824785,0.51302016,0.15422891,0.9515377,0.18351789,0.10034029
52.5402679,13.35979744,-0.89914304,5.704569,-7.5759153,1696499667000,4.257459,2.1516185,-0.07987057,-0.59108806,,,,,,-0.09392513,0.36290568,0.08342298,0.16230844,0.9279816,0.2827852,0.09736629
,,-1.18692,4.5146976,-7.758009,1696499667075,,-0.16050471,0.3996583,0.1645517,,,,,,-0.16403614,0.07274909,0.3373364,0.15856934,0.94034845,0.2285917,0.09858034
,,-0.8912466,4.9115076,-7.9284587,1696499667578,,1.2108867,0.32085672,0.11873684,,,,,,-0.055522982,0.33115304,0.1740706,0.15278538,0.94046044,0.2425716,0.0888042
,,-1.0317851,3.816313,-8.239285,1696499667829,,-2.6778784,-0.020005822,0.23174682,,,,,,-0.11586907,0.08873774,0.31112623,0.1427194,0.9546516,0.19268449,0.0806917
,,-0.9625529,4.546124,-7.929495,1696499668080,,-0.11713332,0.27992877,0.37713265,,,,,,-0.09831093,0.061957717,0.2078211,0.14357498,0.9448889,0.2309329,0.084783114
,,-0.7570892,5.6470613,-7.6740217,1696499668330,,2.06793,-0.15439607,-0.47441286,,,,,,0.011866313,0.34227765,0.05294051,0.14862584,0.9322243,0.27923143,0.0897603
,,-0.76761746,4.864368,-8.044989,1696499668580,,1.3367249,0.33001968,-0.12377647,,,,,,0.113114566,0.35250953,0.10001585,0.14201263,0.94407076,0.23833705,0.08577356
,,-0.9047262,3.76734,-8.224132,1696499668831,,-2.7908885,0.08506292,0.49197522,,,,,,0.09110819,0.116955616,0.33411485,0.13639341,0.9570022,0.1868562,0.08251166
,,-0.85344005,4.4626145,-7.9650683,1696499669082,,-0.41462448,0.18585561,0.28794637,,,,,,0.023967158,0.07938153,0.2192971,0.14439382,0.94633603,0.22498876,0.08538871
,,-0.6827522,5.571847,-7.6845503,1696499669334,,2.0080652,0.1424842,-0.509843,,,,,,0.058894005,0.31358,0.02946461,0.15320586,0.9318646,0.27761236,0.08912994
,,-0.7322038,4.8031135,-8.015797,1696499669586,,1.6763656,0.025809037,-0.292986,,,,,,0.013713197,0.2253211,0.08962814,0.14948156,0.9416573,0.24260877,0.08309793
,,-0.91086787,3.676971,-8.236095,1696499669836,,-2.9222243,0.27748534,0.5579486,,,,,,-0.09328065,0.03572621,0.3014581,0.14162129,0.9553636,0.18961659,0.076198064
52.5402038,13.35960461,-0.7056434,5.512585,-7.695477,1696499670000,4.0006423,1.8840597,-0.16111559,-0.22701262,,,,,,-0.12887397,0.23693943,-0.0042678993,0.14708711,0.93261164,0.2801548,0.08053389
,,-0.8453044,4.417071,-7.9814982,1696499670088,,-0.59544045,0.11133011,0.14072797,,,,,,-0.17139363,0.059024733,0.19222035,0.1443976,0.9462721,0.22562714,0.07693773
,,-0.750788,4.9301715,-7.961319,1696499670593,,2.176053,-0.062155493,-0.41699156,,,,,,-0.043402635,0.32418045,0.09997749,0.14125325,0.94211334,0.24722072,0.079555795
,,-0.95409817,3.6691546,-8.293364,1696499670846,,-2.8947356,0.34162614,0.55489427,,,,,,-0.10224908,0.114162795,0.20335957,0.13161437,0.9572684,0.18702595,0.075900234
,,-0.9189237,4.286582,-8.047621,1696499671100,,-1.2331833,-0.19654575,0.6141482,,,,,,-0.083978064,0.16828804,0.18057336,0.13506481,0.9499285,0.2155704,0.07939766
,,-0.75014985,5.5454464,-7.6929255,1696499671352,,1.733787,0.119271345,-0.292986,,,,,,-9.368658E-5,0.38663298,0.01319054,0.14385217,0.93341094,0.2748741,0.08612526
,,-0.81363946,4.9726048,-7.8832335,1696499671604,,2.537685,-0.02611447,-0.63812464,,,,,,0.03340851,0.24818103,0.11289282,0.14290787,0.93985915,0.2531122,0.08498736
,,-0.98273224,3.7990844,-8.263853,1696499671855,,-2.3797765,0.27198756,0.66668254,,,,,,-0.018091101,0.15034236,0.25044772,0.1377704,0.9546283,0.19231962,0.080228366
,,-0.9204393,4.1635113,-8.076414,1696499672105,,-1.9362886,-0.23564109,0.32154396,,,,,,-0.08417852,0.086437665,0.2393658,0.14156665,0.94984514,0.21272074,0.07757502
,,-0.76849496,5.4835515,-7.6477,1696499672356,,0.9335541,-0.29672757,-0.117056966,,,,,,-0.10959995,0.24671386,0.10797254,0.14771889,0.93261755,0.2790406,0.08138347
,,-0.65419775,5.3194838,-7.7252283,1696499672608,,2.3916883,0.15592323,-0.69982195,,,,,,-0.039703395,0.1830194,0.1101682,0.14672889,0.93411946,0.2756911,0.07912089
,,-0.85200447,4.086223,-8.175239,1696499672858,,-1.0596976,0.23533566,0.3606393,,,,,,-0.115317866,0.09070847,0.18409619,0.13591175,0.9510889,0.21259016,0.0747242
52.54013862,13.35943468,-0.8311071,5.1550174,-7.8244495,1696499673000,3.8655052,0.24633121,0.3593412,0.33070692,,,,,,-0.24011493,0.15059899,0.047632504,0.13859679,0.937639,0.266496,0.07870254
,,-0.8468998,3.8883367,-8.169973,1696499673113,,-2.3125813,-0.031001387,0.16394083,,,,,,-0.16550452,-0.011999051,0.23185958,0.13373207,0.95310193,0.20442627,0.072133
,,-0.6438287,5.4324255,-7.700742,1696499673616,,2.0111196,-0.22708899,-0.6259073,,,,,,-0.08091945,0.19524744,0.034518782,0.13910693,0.93261486,0.28131923,0.08012279
,,-0.8108477,4.5280175,-8.11087,1696499673866,,1.3758202,0.4827359,-0.27160576,,,,,,-0.05048293,0.20610921,0.19590761,0.1326656,0.9483799,0.2293151,0.077912584
,,-0.9071191,3.664767,-8.231229,1696499674118,,-2.8495314,0.13209951,0.6190351,,,,,,-0.094915584,0.054774538,0.3601952,0.12845653,0.956389,0.18993133,0.07511016
,,-0.8046266,4.676293,-7.9653077,1696499674368,,-1.2014183,-0.032223117,0.37957612,,,,,,-0.059841283,0.11492141,0.22189736,0.13721009,0.9452007,0.23901643,0.07876212
,,-0.6775677,5.619305,-7.5247884,1696499674619,,1.4527892,-0.12324197,-0.07185297,,,,,,-0.01992246,0.35178453,0.15661786,0.14367488,0.92976147,0.28446954,0.0843039
,,-0.5546563,5.1587663,-7.8200626,1696499674870,,2.4442227,-0.23503022,-0.84765124,,,,,,0.10544833,0.25702932,0.16314818,0.14410219,0.9377394,0.26211813,0.08017517
,,-0.8295916,3.9695332,-8.117012,1696499675125,,-1.3871212,0.16936226,0.44677123,,,,,,-0.024611201,0.14447983,0.30328476,0.13492356,0.95097023,0.20445941,0.07846149
,,-0.77016985,4.0313478,-8.056475,1696499675376,,-2.1366522,-0.1018617,0.24640758,,,,,,-0.033910863,-0.02699799,0.2905274,0.13777715,0.9492279,0.21397084,0.07716294
,,-0.7586843,5.324908,-7.721161,1696499675627,,-0.08231403,0.102778,0.23602287,,,,,,-0.06652356,0.22231269,0.078185216,0.14400539,0.9338089,0.27175918,0.084820665
,,-0.62141603,5.4156747,-7.6093364,1696499675877,,1.9567527,0.33612835,-0.4475348,,,,,,-0.007461828,0.2202413,0.11786703,0.14620982,0.9302346,0.28080335,0.08404183
52.54007667,13.35927659,-0.91525465,3.7497928,-8.187042,1696499676000,3.824925,-2.459189,0.14676027,0.3673588,,,,,,-0.099309884,0.047859516,0.2740933,0.13459343,0.9533545,0.19560283,0.075628445
,,-0.7708877,4.535596,-8.156336,1696499676131,,1.8846706,0.16019928,-0.58742285,,,,,,-0.016155213,0.13526088,0.10467511,0.14111033,0.9457166,0.23419331,0.07945907
,,-0.77479607,4.747041,-8.042756,1696499676633,,-1.6381866,-0.18066326,0.43699738,,,,,,-0.08662758,0.14870436,0.08045702,0.14188905,0.94472015,0.24045023,0.075857565
,,-0.7041281,5.588517,-7.631429,1696499676883,,1.0147991,0.12538,-0.16287182,,,,,,-0.13521615,0.2678002,-0.036269393,0.1468437,0.929707,0.28457832,0.078833774
,,-0.54955167,5.2472205,-7.803553,1696499677135,,2.2866197,-0.33887723,-0.6625592,,,,,,-0.03457973,0.17770004,0.008170144,0.14341691,0.93579453,0.2717193,0.07113758
,,-0.7602796,4.174359,-8.191509,1696499677386,,0.07345649,0.3856084,0.105908684,,,,,,-0.10182242,0.067351155,0.12064832,0.12803105,0.9506079,0.21800558,0.06726947
,,-0.76697934,3.8664024,-8.113583,1696499677645,,-2.5862489,0.31352636,0.74976015,,,,,,-0.11765626,-0.059436347,0.23603953,0.12074674,0.9531246,0.20568119,0.06549425
,,-0.65547395,5.018068,-7.8666434,1696499677897,,-0.7053961,0.11499529,0.10224349,,,,,,-0.06484584,0.1475079,0.055029884,0.12707862,0.9403846,0.25948915,0.071106486
,,-0.5609574,5.3751574,-7.5972915,1696499678149,,1.6757548,0.28848088,-0.47319114,,,,,,-0.05477147,0.16099554,0.06455326,0.12830707,0.9315589,0.28261316,0.07295749
,,-0.55840504,4.82784,-8.009496,1696499678400,,2.2542439,-0.36942047,-0.5141191,,,,,,0.05884885,0.17777005,0.08642821,0.12070043,0.944052,0.25220427,0.06970484
,,-0.78261256,3.8443086,-8.166863,1696499678650,,-0.41828966,0.061239194,0.22502731,,,,,,0.0038764796,0.11268272,0.24751681,0.111106634,0.9543979,0.20130761,0.071401246
,,-0.79545397,4.005505,-8.139028,1696499678902,,-2.987587,-0.22647811,0.9238566,,,,,,0.012586816,0.13108972,0.207274,0.1136742,0.9537051,0.20493397,0.07291827
52.54001435,13.3591046,-0.6936794,5.0589848,-7.6993055,1696499679000,3.8767183,1.1455241,0.17363831,-0.11827869,,,,,,0.12933631,0.25734615,0.16251448,0.12266406,0.9393493,0.2557191,0.08540804
,,-0.7196016,5.0961537,-7.7864847,1696499679154,,0.72280574,0.42592546,0.0045051277,,,,,,0.07970541,0.3408022,0.074584275,0.12224171,0.93996143,0.25427213,0.082374856
,,-0.7861221,4.4886956,-8.078249,1696499679656,,1.7808236,-0.13057235,-0.41149378,,,,,,0.20676105,0.25896844,0.222172,0.12158265,0.9515189,0.22068805,0.08567891
,,-0.89188474,3.8833916,-8.209535,1696499679907,,-0.22953244,-0.19104797,0.22685991,,,,,,0.21517597,0.26086602,0.2989459,0.12602326,0.9566793,0.18563986,0.08773175
,,-0.8203393,4.119404,-8.338189,1696499680157,,-0.10919208,-0.041996952,0.18959716,,,,,,0.2976149,0.31474274,0.16799572,0.14106585,0.95448464,0.19176458,0.09052597
,,-0.86133647,4.18393,-8.336594,1696499680410,,0.4735729,-0.009010255,0.11934771,,,,,,0.34699407,0.5014704,0.20607741,0.15860014,0.95243937,0.18691632,0.09360565
,,-0.9635897,3.2169106,-8.799525,1696499680661,,-0.11835505,0.30802858,0.060704686,,,,,,0.39281738,0.528045,0.25966704,0.17359783,0.9625677,0.13063337,0.09057569
,,-1.104208,2.3097918,-9.251768,1696499680912,,0.08261946,0.033139415,0.13645191,,,,,,0.40266186,0.5723088,0.24555546,0.19363055,0.9701345,0.076531574,0.08933906
,,-1.1879565,1.826362,-9.453323,1696499681166,,0.056963142,0.0923933,0.25251624,,,,,,0.4125523,0.5704202,0.17619528,0.2207668,0.9678138,0.047335867,0.09137618
,,-1.2075778,1.9710479,-9.556136,1696499681417,,-4.581486E-4,-4.581486E-4,0.20547964,,,,,,0.38053256,0.63741523,0.06322185,0.25419992,0.9592927,0.047552038,0.09322686
,,-1.2143574,2.0271995,-9.605029,1696499681668,,0.12049308,0.13332124,0.09369139,,,,,,0.36100736,0.66232026,0.02844367,0.2876337,0.9500199,0.04630941,0.09290059
,,-1.2438691,2.0555146,-9.717652,1696499681919,,0.13881902,-0.13423753,0.21525347,,,,,,0.25090075,0.69900155,-0.09441439,0.31965485,0.9404033,0.04461948,0.09010468
52.53999231,13.35893757,-1.1590831,1.9932213,-9.728819,1696499682000,3.8839986,0.7631228,-0.27595815,0.17737986,,,,,,0.103108376,0.64708656,-0.08123042,0.37268293,0.92220235,0.042119965,0.08295022
,,-1.1719248,1.9808583,-9.7151,1696499682169,,-0.051159926,-0.08353576,0.14317143,,,,,,0.1831653,0.59371847,-0.091388196,0.34766772,0.9311896,0.044687256,0.086263135
,,-1.1470394,1.6459432,-9.6034355,1696499682670,,-2.7218606,0.25793764,0.6098721,,,,,,0.06523196,0.49669796,0.09353889,0.39441484,0.9139973,0.031326283,0.077297606
,,-1.0608977,2.251088,-9.330013,1696499682924,,-1.8990259,-0.29489496,0.7925207,,,,,,0.04447147,0.52322525,0.16490537,0.4167697,0.8977204,0.055524226,0.089706436
,,-0.95058876,3.2804797,-8.656594,1696499683175,,0.6995929,1.527162E-4,-0.03825541,,,,,,-0.0490332,0.526489,0.23215485,0.4380439,0.86943525,0.10585036,0.1165659
,,-0.68674016,3.911467,-8.44108,1696499683426,,2.3177736,-0.21364996,-0.46097383,,,,,,0.050491467,0.42553744,0.17640743,0.4576647,0.85021585,0.13914663,0.13472489
,,-0.73172516,3.8487751,-8.367143,1696499683678,,-0.06704241,0.15897755,0.6190351,,,,,,0.03173887,0.43870842,0.24201407,0.47731107,0.8397288,0.135531,0.13391109
,,-0.7653044,3.7563324,-8.427122,1696499683929,,-0.60949033,0.09850194,0.12912154,,,,,,-0.0796951,0.29015726,0.19795468,0.49802688,0.82814056,0.13543226,0.13147259
,,-0.8061419,4.0852656,-8.544769,1696499684180,,0.08506292,-0.17088942,0.12362376,,,,,,-0.24404693,0.35094997,0.03958378,0.5153116,0.8179034,0.1505875,0.13270585
,,-0.90010005,3.3905494,-8.727342,1696499684431,,-0.3572032,0.077121675,0.1419497,,,,,,-0.38423958,0.23673098,0.095105,0.5266241,0.81768924,0.12701084,0.11581646
,,-1.0648061,2.3611574,-9.350513,1696499684682,,0.0050396346,0.0490219,-0.13416117,,,,,,-0.5288961,0.18277387,0.061591625,0.53428435,0.8309313,0.081467085,0.08587016
,,-1.2646068,1.6139587,-9.539625,1696499684934,,0.03008509,0.10766492,-0.2031889,,,,,,-0.75587523,0.057950005,0.16972926,0.53646487,0.838569,0.054369014,0.06577495
52.54002623,13.35874225,-1.2566305,1.822214,-9.557891,1696499685000,4.7622094,0.083230324,0.031917684,-0.3418552,,,,,,-0.86251444,-0.069097646,0.10241947,0.51617897,0.84952813,0.0737665,0.06894238
,,-1.2859029,1.7387046,-9.598889,1696499685186,,0.038026333,0.09789108,-0.2361756,,,,,,-0.8974742,-0.031635545,0.10167726,0.53144383,0.8411783,0.065484,0.06580596
,,-1.2703495,1.7794623,-9.445428,1696499685689,,-0.005345067,-0.032833982,-0.2636645,,,,,,-0.7825053,-0.08008267,0.19018234,0.49488884,0.8610153,0.07269481,0.0721322
,,-1.26022,1.8269995,-9.478928,1696499685941,,0.17669263,-0.06398808,-0.22945608,,,,,,-0.6371138,-0.07335841,0.10711009,0.4695662,0.87405163,0.07264288,0.07772445
,,-1.2789637,1.7478769,-9.490174,1696499686193,,-0.059101168,-0.046883874,0.2928333,,,,,,-0.42360467,-0.06988409,0.079249606,0.4434365,0.8876565,0.065764226,0.08454883
,,-1.2697114,1.7647864,-9.513783,1696499686447,,1.527162E-4,0.10766492,0.23480114,,,,,,-0.18157133,-0.01160628,0.022519844,0.4250553,0.8971398,0.059260048,0.09231932
,,-1.2324634,1.736631,-9.522717,1696499686698,,-0.08414663,0.13087778,-0.12194388,,,,,,-0.0044632633,0.013791247,0.0062682154,0.41567746,0.90199244,0.055118505,0.097174875
,,-1.2313465,1.7387846,-9.50453,1696499686951,,0.052687086,0.01847866,-0.26671883,,,,,,0.0695162,0.02181868,0.016576925,0.4107546,0.9043742,0.05346248,0.09933639
,,-1.2126826,1.7841682,-9.556613,1696499687201,,0.041080657,0.06185006,-0.21723878,,,,,,0.10648589,0.047685213,-0.032674216,0.4088374,0.9051637,0.05326594,0.10025235
,,-1.2629318,1.8013967,-9.554621,1696499687452,,0.12110394,-0.24724752,-0.22640176,,,,,,0.09352317,0.06607679,-0.013477008,0.40654615,0.9060584,0.0536008,0.10066929
,,-1.3157333,1.8987048,-9.562917,1696499687705,,0.0716239,-0.11713332,0.48831004,,,,,,0.06313048,0.14557472,-0.04352703,0.404025,0.9068757,0.053208936,0.10254371
,,-1.4601003,1.935634,-9.577192,1696499687956,,0.19929464,-0.43722647,0.23419029,,,,,,-0.004843903,0.26207614,-0.08918182,0.40198267,0.9075243,0.05006736,0.10545257
52.54002997,13.35873748,-2.1225934,2.1091135,-9.437292,1696499688000,4.715229,0.10827578,-0.13362667,0.70028013,,,,,,-0.090582065,0.5459267,-0.10078656,0.40650606,0.9024607,0.030526878,0.12852289
,,-1.7286551,1.9481562,-9.466326,1696499688207,,0.30497423,-0.40362892,0.31115925,,,,,,-0.07640722,0.3630193,-0.002056376,0.4006115,0.90738046,0.041810356,0.1135424
,,-2.6223745,2.3382661,-9.1275015,1696499688708,,-2.0584617,-0.37064222,0.82123137,,,,,,-0.09836925,0.5518064,0.009357421,0.42675385,0.88587093,0.023745762,0.15623255
,,-3.1598818,3.0273194,-8.24471,1696499688962,,-0.36270097,-1.1128429,0.91591537,,,,,,-0.28857434,0.35008004,0.24846318,0.45049575,0.8549086,0.04509946,0.20509678
,,-3.5755947,4.67071,-7.3675017,1696499689215,,-1.1549926,0.95188004,0.52251846,,,,,,-0.47184747,1.0972495,0.5868102,0.4774663,0.81369966,0.07957611,0.2605783
,,-3.3964517,5.8052278,-6.4423575,1696499689467,,-0.72188944,-0.066431545,0.47242755,,,,,,-0.30052617,0.9189758,0.5224564,0.4962357,0.7683535,0.13536175,0.31449035
,,-3.172883,7.028438,-5.4128847,1696499689719,,-0.3584249,-0.82451475,0.30382887,,,,,,-0.26871353,0.74941635,0.28795204,0.51188344,0.7141638,0.20269519,0.37076595
,,-2.6549165,8.226285,-4.053201,1696499689969,,-0.04382955,-0.64492047,0.33498296,,,,,,-0.19316034,0.63826656,0.43634313,0.5308254,0.6514154,0.2675401,0.4278604
,,-2.06708,9.332646,-3.118725,1696499690222,,-0.6699659,1.512654,0.37102398,,,,,,-0.2730314,0.6435916,0.1913998,0.5462347,0.5886128,0.32508776,0.47573763
,,-1.1104292,9.951269,-2.7178483,1696499690473,,-0.35048366,0.74724036,0.047265664,,,,,,0.022515098,0.78341854,-0.3391465,0.5521335,0.541337,0.3706412,0.4985079
,,-0.4390031,9.717731,-1.9579673,1696499690723,,1.8742858,0.014202606,-0.47624546,,,,,,0.18441972,0.06058836,-0.61483866,0.5481962,0.51156795,0.4136001,0.50575954
,,-0.6053842,9.677771,-1.8201406,1696499690975,,0.38744098,-0.18249585,-0.45364347,,,,,,-0.10320675,-0.0038723152,-0.50513285,0.5516026,0.5073226,0.4186468,0.5033081
52.54003055,13.35866187,-1.3092728,9.1561365,-2.6880174,1696499691000,6.579583,-1.8709261,2.2811217,0.3514763,,,,,,-0.48351192,-0.30045784,-0.74729025,0.54476494,0.54128706,0.39955205,0.4857453
,,-0.79681003,9.401798,-2.2096922,1696499691225,,-0.5355757,0.30497423,0.20486878,,,,,,-0.14483461,-0.14261696,-0.55270284,0.55350494,0.51950365,0.4040526,0.49706495
,,-1.2206588,9.306086,-2.435734,1696499691729,,-0.583834,0.72952527,0.11995857,,,,,,-0.27896982,-0.13334058,-0.514247,0.5143792,0.5704102,0.42265362,0.46636182
,,-1.2917255,9.297313,-2.3304498,1696499691980,,-0.366977,0.7344122,-0.08040508,,,,,,-0.20160723,-0.12247499,-0.57414985,0.48088378,0.58922666,0.44792333,0.45027485
,,-1.4396819,9.554858,-2.318725,1696499692231,,3.0337071,-1.4799726,-1.5519783,,,,,,-0.18708277,0.20181894,-0.4686626,0.4579991,0.6078871,0.45839453,0.43597353
,,-1.4805989,8.979545,-2.4004796,1696499692482,,-1.0890192,-0.62842715,0.6868411,,,,,,-0.042925995,-0.16967872,-0.18466498,0.45158222,0.6258176,0.445069,0.4262859
,,-1.6296718,9.249775,-2.6331418,1696499692734,,-0.7341067,1.386205,0.020998476,,,,,,-0.16172479,0.20583409,-0.13992576,0.45709786,0.6280358,0.43390477,0.42319912
,,-1.108515,9.292766,-2.1918259,1696499692986,,-1.3345869,0.65988666,0.17127122,,,,,,0.28352168,0.33686006,0.2894035,0.4550366,0.6255408,0.44113544,0.42155176
,,-0.9804989,9.421182,-2.241916,1696499693238,,1.2731949,0.18952079,-0.34307694,,,,,,0.41075602,0.42337492,-0.17779528,0.44807732,0.61487776,0.4512492,0.42956066
,,-1.2351747,9.600802,-2.1429324,1696499693492,,2.8803802,-1.8635957,-0.31497714,,,,,,0.2502984,0.65585285,0.44483966,0.4665736,0.6238288,0.4273952,0.42726296
,,-1.5696915,8.268798,-3.0673592,1696499693743,,-1.1879792,-0.82390386,1.0380883,,,,,,0.17817579,-0.35506555,0.44115907,0.50798845,0.6292141,0.3678523,0.42642203
,,-1.8281163,9.116257,-3.3774693,1696499693997,,-1.6326889,-0.1018617,0.25007278,,,,,,-0.057253066,0.50511545,0.30788213,0.5343821,0.60536295,0.34787387,0.43911308
52.54004358,13.35856393,-1.0556334,9.368856,-2.103371,1696499694000,5.024752,3.491245,-1.2637265,0.91591537,,,,,,0.38757458,0.28760445,0.1788149,0.5148189,0.57020384,0.3937307,0.46339867
,,-1.3307283,8.865488,-2.3930619,1696499694247,,-1.8978041,1.2542582,-0.029092435,,,,,,0.17824589,8.621375E-4,0.63274026,0.5308287,0.5862124,0.37191746,0.4498175
,,-1.5103496,8.885347,-2.1815367,1696499694751,,1.1088723,-1.5318961,0.17066035,,,,,,-0.012568287,0.034607887,0.9303086,0.5451813,0.5779771,0.3601815,0.45384848
,,-1.844308,8.369216,-3.2714674,1696499695001,,1.4259111,-1.7078252,-0.20868668,,,,,,-0.21332493,-0.34887743,0.38316467,0.58018315,0.56819916,0.31865364,0.45561585
,,-1.7180467,9.333922,-2.7393036,1696499695253,,-2.4775147,0.81138116,0.42966703,,,,,,-0.2782976,0.48806083,0.7300961,0.5880609,0.55037946,0.32431367,0.46426427
,,-0.9738789,9.059626,-1.9728025,1696499695503,,-0.8000801,0.8956805,-0.3644572,,,,,,0.059829947,-0.12985706,0.41719472,0.56441563,0.5356169,0.37222606,0.47521862
,,-0.979861,9.997214,-1.7140586,1696499695755,,3.093572,-0.10797035,-0.22823435,,,,,,0.09919046,0.8433515,0.32104298,0.5505385,0.5317243,0.388061,0.4793167
,,-1.3743576,8.895638,-2.2092133,1696499696006,,-1.1085669,-0.5038107,0.520075,,,,,,-0.230446,0.0032395362,0.9032104,0.58718216,0.54375863,0.34545884,0.4607714
,,-1.5637095,9.007063,-3.0860236,1696499696256,,-1.2319615,0.5371029,-0.47868893,,,,,,-0.2822213,0.10529319,0.20369972,0.608878,0.5302627,0.31699783,0.4660307
,,-1.2272788,9.207422,-2.2088149,1696499696506,,-1.921017,1.4845542,0.017333288,,,,,,-0.09127497,0.19097191,0.6182867,0.6032286,0.51909846,0.3314738,0.47690618
,,-0.6120043,9.42126,-1.9878774,1696499696756,,1.4393501,-0.008399391,0.09613484,,,,,,0.39070815,0.13572222,-0.18614057,0.57122976,0.5085177,0.37243375,0.4948874
52.5400799,13.35846907,-1.3863218,9.409216,-3.1843686,1696499697000,5.617056,-2.679711,0.7845031,1.0613012,,,,,,-0.20737672,0.5617363,-0.033565506,0.6400293,0.49574608,0.29515818,0.479469
,,-0.89499545,9.765908,-1.8278772,1696499697008,,2.1088579,-1.5575525,0.19692753,,,,,,0.21093108,0.62875056,0.42979422,0.5836827,0.5164782,0.3574449,0.48483756
,,-1.1988839,8.655079,-3.0506892,1696499697260,,1.1540763,-0.7231112,-0.324751,,,,,,-0.11464516,-0.26172248,0.18384454,0.6256551,0.5143851,0.3103204,0.47121197
,,-0.7615556,9.194422,-2.1962922,1696499697767,,-0.6565269,0.866359,-0.43287405,,,,,,0.1263921,0.11543031,0.18546216,0.6171986,0.48240983,0.3311083,0.4984667
,,-0.79537433,9.999605,-1.7854446,1696499698017,,3.2383468,0.4253146,-0.23128867,,,,,,0.028925141,0.8743984,0.16122511,0.59945256,0.4769491,0.35268384,0.5088509
,,-1.1768699,8.905367,-2.1205196,1696499698270,,-1.681558,-0.47571096,0.7131083,,,,,,-0.29332542,0.027355703,0.8878487,0.6373509,0.48378763,0.3126034,0.48619282
,,-1.6191431,8.814759,-3.1370702,1696499698522,,-0.8874338,1.8846706,0.021609342,,,,,,-0.58931834,0.17555948,0.34952307,0.6643661,0.46941856,0.2751171,0.48658338
,,-1.2398807,9.201678,-2.2215765,1696499698774,,-1.5001311,1.4344633,-0.2514472,,,,,,-0.32114094,0.3659909,0.8007567,0.6547534,0.45976353,0.2923052,0.49923697
,,-0.63401824,9.483714,-1.677209,1696499699025,,2.054491,-0.22098033,0.15966478,,,,,,0.03822462,0.34233138,0.36368364,0.61667484,0.45578623,0.34003928,0.5171866
,,-0.98289186,9.828839,-1.66022,1696499699276,,1.5859576,-1.0908518,0.060704686,,,,,,-0.2605159,0.8112594,0.85042346,0.6228139,0.47184137,0.33332437,0.49978647
,,-1.1401002,8.813005,-2.7961729,1696499699526,,1.7319543,-0.5404626,-0.03886627,,,,,,-0.3243376,-0.030246131,0.544807,0.6505293,0.47907674,0.29927808,0.48200276
,,-1.2887743,9.82182,-2.7599614,1696499699777,,-2.2356124,0.2414443,0.9372957,,,,,,-0.34308058,0.989875,0.5045312,0.6550653,0.47013634,0.28792605,0.48996922
52.54010782,13.35842297,-1.0823536,9.3702135,-2.06365,1696499700000,5.4408636,-0.7805325,-1.090241,0.82795084,,,,,,-0.12119889,0.28764647,0.96200347,0.6634409,0.447789,0.27639025,0.5108302
,,-0.66424763,9.488022,-1.9127426,1696499700028,,-1.0279328,1.0209078,-0.30153814,,,,,,0.07329408,0.29212606,0.52958876,0.63358945,0.4608621,0.3179142,0.5104978
,,-0.6118449,10.090293,-1.6662819,1696499700280,,3.0563092,0.26832235,-0.11155918,,,,,,0.1763472,0.8119507,0.37143606,0.620926,0.4541744,0.32597744,0.5253727
,,-1.30361,9.302656,-2.8064618,1696499700783,,0.0820086,-0.90209454,-0.50923216,,,,,,-0.033761844,0.24282105,0.466432,0.6952936,0.4069949,0.22843619,0.5219602
,,-0.99724865,9.582297,-2.0447466,1696499701034,,-1.0877974,-0.19532402,0.35453063,,,,,,0.3117972,0.404444,0.84353894,0.7063971,0.3620966,0.20325448,0.5449536
,,-0.63792646,9.399725,-1.8218949,1696499701285,,0.18035783,0.052687086,-0.23312128,,,,,,0.4694074,-0.02846845,0.2722214,0.6983734,0.31579402,0.19655475,0.581522
,,-0.6861818,9.956854,-1.5522237,1696499701535,,1.385594,-2.9161158,0.34048074,,,,,,0.50372857,0.57616097,0.739636,0.7195892,0.27523232,0.15245755,0.59018683
,,-1.0886546,9.157172,-2.1673386,1696499701785,,-0.82756907,-1.230129,0.3117701,,,,,,0.28709793,-0.031530205,0.8553009,0.7640794,0.21115191,0.07734261,0.5769471
,,-1.4135996,9.640203,-2.3761523,1696499702037,,-1.2588396,0.59818935,0.84749854,,,,,,0.033725984,0.3423955,0.4323662,0.77682954,0.12940791,0.020799419,0.5851135
,,-0.9702896,9.631191,-1.7564913,1696499702288,,-0.60887945,0.031306818,0.3001637,,,,,,0.27732328,0.28172064,0.76709276,0.7747952,0.06355198,-0.017817229,0.5955518
,,-0.9020145,9.7196455,-1.6714664,1696499702539,,0.07040217,0.006261364,0.17799072,,,,,,0.1796608,0.26966456,0.553661,0.7696837,0.0069486997,-0.051033255,0.6064021
,,-1.1519846,9.786166,-1.5724034,1696499702795,,0.5377137,-0.398742,-0.11155918,,,,,,-0.09712074,0.37299046,0.95753944,0.78256524,-0.041338287,-0.09393324,0.5952955
52.54014104,13.35839085,-0.90440714,9.732648,-1.2663615,1696499703000,4.906087,0.14981459,-0.3339903,-0.09628756,,,,,,-0.0037602107,0.07217096,0.6162756,0.75623065,-0.14049524,-0.1715877,0.61167943
,,-1.3529018,9.493763,-1.9575678,1696499703046,,-0.457385,-0.8373429,0.38079783,,,,,,-0.28007713,0.056747913,0.65970355,0.78741527,-0.08969899,-0.13512349,0.58756745
,,-1.1949756,9.795577,-1.6851852,1696499703298,,-0.25518876,-0.030390523,-0.081015944,,,,,,-0.23471545,0.21302058,0.5114719,0.77084833,-0.12391674,-0.15768488,0.6003269
,,-1.1806186,9.774759,-1.2056634,1696499703801,,0.030695954,-0.07803798,0.014889829,,,,,,-0.20393606,0.06270027,0.46150023,0.74757636,-0.1540473,-0.191473,0.6122185
,,-1.5119447,9.735278,-1.2402799,1696499704052,,-0.028557928,-0.5086976,0.092469655,,,,,,-0.3318958,0.058366586,0.50045484,0.7452046,-0.1733506,-0.22008176,0.6001578
,,-1.6410775,9.7151785,-1.3910278,1696499704303,,-0.0151189035,0.17730351,0.055817768,,,,,,-0.25208265,0.028692754,0.28067875,0.7379597,-0.19560383,-0.25264212,0.5908171
,,-1.7135803,9.712148,-1.2839886,1696499704554,,-0.009010255,0.047189303,-0.04253146,,,,,,-0.19648392,0.019552581,0.21118267,0.72697705,-0.21286783,-0.27808473,0.58849126
,,-1.7965312,9.712548,-1.1813365,1696499704805,,-0.013897174,-1.1342232,0.37530005,,,,,,-0.16167471,-0.0119847935,0.15718617,0.7182983,-0.2256586,-0.2977954,0.5848694
,,-1.8468603,9.7418995,-0.95848495,1696499705056,,0.053908817,-0.2215912,-0.023594651,,,,,,-0.2557184,0.0022411982,0.25738904,0.7044827,-0.25181875,-0.3213943,0.5768604
,,-1.7390237,9.683036,-0.86141616,1696499705307,,-0.17883067,0.08506292,0.14133884,,,,,,-0.2687431,-0.10768293,0.21248177,0.6877244,-0.28073013,-0.34466088,0.56866276
,,-1.3766708,9.840643,-0.8184251,1696499705557,,0.13087778,-0.16478078,0.053985175,,,,,,-0.056279954,0.01181701,0.05032078,0.6679268,-0.30773318,-0.36464313,0.5648528
,,-1.0199807,9.850056,-0.6386443,1696499705807,,0.15347977,-0.35353798,-0.35651594,,,,,,0.120840155,-0.0052192053,0.09207359,0.64820516,-0.33532047,-0.38314068,0.55943906
52.54015439,13.3584056,-1.1934602,9.786006,-0.9875181,1696499706000,4.483026,-0.039553493,0.30436337,-0.13477205,,,,,,0.0536405,-0.005245622,-0.16637675,0.61190987,-0.40877312,-0.44288582,0.5086377
,,-0.8752147,9.885947,-0.5819345,1696499706061,,0.43020153,-0.4506655,-0.26671883,,,,,,0.17667271,0.017438348,0.07762992,0.6300567,-0.3659924,-0.40482786,0.54665226
,,-1.0850652,9.8441515,-0.7485548,1696499706313,,-0.117744185,0.091782436,-0.20929754,,,,,,-0.009786451,0.0039649964,-0.030994661,0.61572576,-0.39589828,-0.42786416,0.5262571
,,-1.3922238,9.777391,-1.2337394,1696499706817,,-0.066431545,0.08933897,-0.033979353,,,,,,0.12196013,0.08263976,-0.23667355,0.6164277,-0.4115432,-0.45115408,0.49361128
,,-1.8603399,9.604392,-1.3155742,1696499707070,,-0.008399391,-0.02489274,-0.021151192,,,,,,-0.035484627,-0.016751353,-0.099752076,0.6263067,-0.40906206,-0.4576274,0.47770736
,,-2.3754349,9.530852,-1.4671193,1696499707321,,0.1339321,0.14920372,-0.06696605,,,,,,-0.20887364,-0.023444971,-0.08062064,0.637499,-0.4019902,-0.46240908,0.46497276
,,-2.6508489,9.442236,-1.6082957,1696499707573,,-0.016340632,0.027030766,0.046043932,,,,,,-0.2253384,-0.04000934,-0.09663694,0.64978635,-0.39067242,-0.46223322,0.45821843
,,-2.6473396,9.478209,-1.5876377,1696499707824,,0.4967858,0.24633121,-0.20685409,,,,,,-0.057667565,0.034100343,-0.021592764,0.6609203,-0.37633955,-0.45809397,0.45927653
,,-2.7345972,9.358648,-2.0078173,1696499708074,,2.193768,-0.17150028,-0.42737627,,,,,,0.07607271,0.09735643,-0.005358028,0.6798516,-0.368601,-0.44746017,0.44521144
,,-3.1759934,8.458787,-2.956173,1696499708325,,2.1662793,-0.2112065,-1.1359794,,,,,,0.06489884,0.11718413,0.05072879,0.6524623,-0.34524712,-0.40736902,0.38656867
,,-3.5680969,6.7476797,-3.9314873,1696499708575,,0.14187334,0.17363831,0.31665704,,,,,,0.18237486,0.014828796,0.10749687,0.39680642,-0.21920328,-0.28627476,0.33267424
,,-4.034697,5.072704,-5.099025,1696499708828,,0.0050396346,0.16875139,0.036270097,,,,,,0.19897677,0.04181756,0.061499905,0.14294039,-0.088456064,-0.16929239,0.28275934
52.54016983,13.35839786,-5.0919266,0.97619176,-7.707921,1696499709000,4.9266777,-2.9552112,0.229227,1.4540873,,,,,,0.23013678,-0.20318614,0.14417478,-0.41323298,0.18517709,0.10010204,0.13309787
,,-4.475934,3.3544185,-6.1876802,1696499709082,,-0.5416843,-0.31322092,0.0692568,,,,,,0.22679965,0.018833922,0.10514112,-0.111893065,0.043274518,-0.054165997,0.23323388
,,-4.887899,1.7518651,-7.1891556,1696499709332,,-0.958905,0.2603811,1.0863466,,,,,,0.2969688,-0.07190571,0.14405605,-0.3675908,0.17187157,0.067168556,0.17702563
,,-4.6483774,1.9054846,-7.092805,1696499709833,,-0.6663008,0.21517712,-0.04619665,,,,,,0.20934653,-0.05406971,0.109856516,-0.37821037,0.15091434,0.06930049,0.17706372
,,-4.1434913,3.671627,-6.174519,1696499710084,,-0.13790272,-0.21609342,0.22258386,,,,,,0.09565609,0.115474455,0.063873686,-0.12379424,0.017488683,-0.04887855,0.22919202
,,-3.5716069,5.366623,-5.0474195,1696499710336,,0.012370012,0.53099424,-0.15065452,,,,,,0.04150875,0.11957674,0.14574356,0.12823334,-0.120976664,-0.1626342,0.27825838
,,-3.1239898,7.0919275,-4.0445085,1696499710586,,0.006261364,1.2988513,-0.3345248,,,,,,-0.09166239,0.14668004,0.12270597,0.38627774,-0.2537496,-0.26899928,0.33010516
,,-2.7665017,8.623095,-3.0850663,1696499710839,,-0.61132294,2.2408047,-0.8580359,,,,,,-0.22645538,0.20221351,0.21230373,0.6526413,-0.36685836,-0.37409866,0.3937113
,,-2.686103,9.412645,-2.4232914,1696499711091,,-0.57955796,0.030695954,0.7057779,,,,,,-0.37414557,0.29266688,0.135089,0.70461327,-0.33382407,-0.38305217,0.46873942
,,-2.2132018,9.254321,-2.0490541,1696499711341,,-0.3914116,3.436878,0.45837766,,,,,,-0.09677934,-0.04637723,0.33124846,0.71610177,-0.26212335,-0.3342157,0.51058686
,,-1.7878376,9.25847,-1.9580468,1696499711594,,-1.473864,0.57864165,0.27084216,,,,,,0.039231703,-0.095766716,0.19695327,0.72525203,-0.17624971,-0.23971537,0.5485391
,,-1.2308681,10.0449095,-1.4834703,1696499711848,,-0.2545779,3.3727372,-0.2984838,,,,,,0.15726055,0.59771335,0.15157728,0.7180903,-0.07843699,-0.12061397,0.59137917
52.54017945,13.35837745,0.5547361,8.942059,2.1310477,1696499712000,5.3795104,-0.5545125,0.54260063,0.65385437,,,,,,0.088969186,0.00456996,0.14051746,0.5746063,0.1335933,0.2560544,0.7138173
,,-0.73052865,9.673941,-0.6447062,1696499712101,,0.031306818,-0.5978839,1.5597669,,,,,,0.438424,0.23827912,0.13311198,0.6871434,0.033345774,0.0048261215,0.6326378
,,-0.27174488,9.544812,0.15154551,1696499712351,,-1.3211478,1.0758855,-0.34796384,,,,,,0.10386856,0.18306889,-0.16067229,0.6462185,0.10338158,0.13315326,0.6718737
,,0.8481758,8.364191,3.4032323,1696499712854,,0.23228133,-0.032833982,0.14683662,,,,,,-0.14439225,0.06721511,-0.31601396,0.49934033,0.14818197,0.35545045,0.7456196
,,0.9734799,7.823173,5.23757,1696499713115,,-1.6015347,1.4179698,-0.6924916,,,,,,-0.3040026,0.12628582,0.10962116,0.43325233,0.1482585,0.42128852,0.7626676
,,0.54891354,6.2311497,6.204749,1696499713365,,-1.0774127,-0.11713332,1.0747402,,,,,,-0.49040428,-0.6124309,-0.11670087,0.36589968,0.14754389,0.4671584,0.7749294
,,0.5463611,5.474619,7.6924458,1696499713617,,0.37705627,0.540768,-0.7963386,,,,,,-0.6439582,-0.4230228,0.3076119,0.3076703,0.11403575,0.50351274,0.7875243
,,0.54548365,4.5115876,8.312346,1696499713870,,0.15897755,0.51388997,0.055817768,,,,,,-0.2766174,-0.4495109,0.032048367,0.24622472,0.10426363,0.5242829,0.80174565
,,0.09204397,4.2678385,8.856794,1696499714123,,-0.23808455,-0.17699806,0.34231335,,,,,,-0.27100977,-0.2173585,0.25376615,0.20923744,0.111050494,0.53772444,0.8034929
,,-0.24303105,3.811288,9.143773,1696499714490,,0.47601637,-0.7677043,-0.41699156,,,,,,-0.28500932,-0.25919887,0.2965145,0.17811587,0.11608076,0.55575335,0.7994961
,,-0.34289142,3.2709882,9.521042,1696499714745,,-0.5050325,-0.32971427,-0.39011353,,,,,,-0.25548312,-0.37394905,0.48434937,0.15428908,0.1134951,0.56140596,0.8033066
,,-0.10719846,2.949074,9.525349,1696499715001,,-0.40973756,0.5743656,0.66301733,,,,,,-0.09329988,-0.4133043,0.28622264,0.14078434,0.10348223,0.5587948,0.80953044
